,frame_num,environment,places,imdb_id
0,0,indoor,"art_gallery, reception, elevator_lobby, artists_loft, desert/sand",23584
1,24,indoor,"art_gallery, lobby, museum/indoor, attic, reception",23584
2,48,indoor,"art_gallery, artists_loft, reception, attic, museum/indoor",23584
3,72,indoor,"art_gallery, shower, skyscraper, museum/indoor, wet_bar",23584
4,96,outdoor,"tower, skyscraper, office_building, crosswalk, oast_house",23584
5,120,outdoor,"crosswalk, parking_lot, runway, landing_deck, highway",23584
6,144,outdoor,"crosswalk, parking_lot, cemetery, runway, landing_deck",23584
7,168,outdoor,"crosswalk, cemetery, parking_lot, courthouse, tower",23584
8,192,outdoor,"cemetery, crosswalk, parking_lot, mausoleum, courthouse",23584
9,216,outdoor,"cemetery, crosswalk, parking_lot, tower, mausoleum",23584
10,240,outdoor,"cemetery, crosswalk, parking_lot, tower, courthouse",23584
11,264,outdoor,"cemetery, parking_lot, crosswalk, tower, courthouse",23584
12,288,outdoor,"sky, lake/natural, pond, airfield, marsh",23584
13,312,outdoor,"desert/sand, lake/natural, beach, marsh, hot_spring",23584
14,336,indoor,"archive, kindergarden_classroom, hospital, nursery, art_gallery",23584
15,360,indoor,"archive, hospital, kindergarden_classroom, pharmacy, nursery",23584
16,384,indoor,"nursery, childs_room, kindergarden_classroom, playroom, gift_shop",23584
17,408,indoor,"nursery, childs_room, gift_shop, playroom, kindergarden_classroom",23584
18,432,indoor,"jewelry_shop, gift_shop, candy_store, pet_shop, nursery",23584
19,456,indoor,"jewelry_shop, gift_shop, beauty_salon, candy_store, pet_shop",23584
20,480,indoor,"jewelry_shop, gift_shop, beauty_salon, candy_store, nursery",23584
21,504,indoor,"jewelry_shop, gift_shop, beauty_salon, nursery, museum/indoor",23584
22,528,indoor,"jewelry_shop, gift_shop, beauty_salon, nursery, clothing_store",23584
23,552,indoor,"jewelry_shop, gift_shop, beauty_salon, nursery, clothing_store",23584
24,576,indoor,"jewelry_shop, gift_shop, beauty_salon, nursery, candy_store",23584
25,600,indoor,"jewelry_shop, pet_shop, nursery, beauty_salon, gift_shop",23584
26,624,indoor,"stage/indoor, discotheque, ice_cream_parlor, booth/indoor, beauty_salon",23584
27,648,indoor,"conference_center, stage/indoor, lecture_room, discotheque, arena/performance",23584
28,672,indoor,"stage/indoor, discotheque, lecture_room, conference_center, booth/indoor",23584
29,696,indoor,"stage/indoor, discotheque, lecture_room, conference_center, classroom",23584
30,720,indoor,"lecture_room, conference_center, stage/indoor, classroom, discotheque",23584
31,744,indoor,"booth/indoor, ice_cream_parlor, lecture_room, kindergarden_classroom, museum/indoor",23584
32,768,indoor,"booth/indoor, drugstore, beauty_salon, pharmacy, ice_cream_parlor",23584
33,792,indoor,"booth/indoor, drugstore, pharmacy, beauty_salon, museum/indoor",23584
34,816,indoor,"booth/indoor, drugstore, museum/indoor, pharmacy, beauty_salon",23584
35,840,indoor,"booth/indoor, drugstore, museum/indoor, pharmacy, beauty_salon",23584
36,864,indoor,"booth/indoor, drugstore, pharmacy, museum/indoor, beauty_salon",23584
37,888,indoor,"booth/indoor, drugstore, pharmacy, museum/indoor, beauty_salon",23584
38,912,indoor,"booth/indoor, drugstore, pharmacy, museum/indoor, beauty_salon",23584
39,936,indoor,"booth/indoor, museum/indoor, drugstore, pharmacy, beauty_salon",23584
40,960,indoor,"booth/indoor, museum/indoor, drugstore, pharmacy, natural_history_museum",23584
41,984,indoor,"booth/indoor, drugstore, pharmacy, museum/indoor, beauty_salon",23584
42,1008,indoor,"drugstore, pharmacy, booth/indoor, beauty_salon, hospital",23584
43,1032,indoor,"drugstore, pharmacy, booth/indoor, beauty_salon, museum/indoor",23584
44,1056,indoor,"booth/indoor, drugstore, pharmacy, beauty_salon, museum/indoor",23584
45,1080,indoor,"booth/indoor, drugstore, pharmacy, beauty_salon, hospital",23584
46,1104,indoor,"booth/indoor, drugstore, pharmacy, beauty_salon, museum/indoor",23584
47,1128,indoor,"booth/indoor, museum/indoor, pharmacy, drugstore, natural_history_museum",23584
48,1152,indoor,"booth/indoor, museum/indoor, pharmacy, drugstore, ice_cream_parlor",23584
49,1176,indoor,"booth/indoor, museum/indoor, drugstore, natural_history_museum, pharmacy",23584
50,1200,indoor,"booth/indoor, drugstore, museum/indoor, pharmacy, natural_history_museum",23584
51,1224,indoor,"booth/indoor, drugstore, museum/indoor, natural_history_museum, pharmacy",23584
52,1248,indoor,"booth/indoor, museum/indoor, drugstore, natural_history_museum, pharmacy",23584
53,1272,indoor,"booth/indoor, drugstore, museum/indoor, pharmacy, natural_history_museum",23584
54,1296,indoor,"booth/indoor, drugstore, pharmacy, beauty_salon, natural_history_museum",23584
55,1320,indoor,"booth/indoor, drugstore, museum/indoor, natural_history_museum, pharmacy",23584
56,1344,indoor,"booth/indoor, museum/indoor, drugstore, pharmacy, natural_history_museum",23584
57,1368,indoor,"booth/indoor, museum/indoor, pharmacy, natural_history_museum, drugstore",23584
58,1392,indoor,"booth/indoor, museum/indoor, natural_history_museum, science_museum, pharmacy",23584
59,1416,indoor,"booth/indoor, museum/indoor, natural_history_museum, science_museum, pharmacy",23584
60,1440,indoor,"booth/indoor, museum/indoor, natural_history_museum, pharmacy, science_museum",23584
61,1464,indoor,"booth/indoor, museum/indoor, natural_history_museum, science_museum, pharmacy",23584
62,1488,indoor,"booth/indoor, museum/indoor, natural_history_museum, science_museum, pharmacy",23584
63,1512,indoor,"booth/indoor, museum/indoor, natural_history_museum, science_museum, pharmacy",23584
64,1536,indoor,"booth/indoor, museum/indoor, natural_history_museum, science_museum, lecture_room",23584
65,1560,indoor,"booth/indoor, natural_history_museum, museum/indoor, science_museum, ice_cream_parlor",23584
66,1584,indoor,"booth/indoor, drugstore, pharmacy, beauty_salon, natural_history_museum",23584
67,1608,indoor,"booth/indoor, drugstore, pharmacy, beauty_salon, ice_cream_parlor",23584
68,1632,indoor,"booth/indoor, drugstore, pharmacy, beauty_salon, natural_history_museum",23584
69,1656,indoor,"booth/indoor, drugstore, pharmacy, beauty_salon, museum/indoor",23584
70,1680,indoor,"booth/indoor, drugstore, pharmacy, beauty_salon, museum/indoor",23584
71,1704,indoor,"booth/indoor, drugstore, pharmacy, beauty_salon, museum/indoor",23584
72,1728,indoor,"booth/indoor, drugstore, pharmacy, beauty_salon, museum/indoor",23584
73,1752,indoor,"booth/indoor, drugstore, pharmacy, museum/indoor, beauty_salon",23584
74,1776,indoor,"booth/indoor, drugstore, pharmacy, beauty_salon, museum/indoor",23584
75,1800,indoor,"booth/indoor, drugstore, pharmacy, beauty_salon, museum/indoor",23584
76,1824,indoor,"booth/indoor, drugstore, pharmacy, beauty_salon, museum/indoor",23584
77,1848,indoor,"booth/indoor, museum/indoor, drugstore, beauty_salon, pharmacy",23584
78,1872,indoor,"booth/indoor, drugstore, museum/indoor, beauty_salon, pharmacy",23584
79,1896,indoor,"booth/indoor, museum/indoor, drugstore, natural_history_museum, pharmacy",23584
80,1920,indoor,"booth/indoor, drugstore, pharmacy, beauty_salon, museum/indoor",23584
81,1944,indoor,"booth/indoor, museum/indoor, drugstore, pharmacy, beauty_salon",23584
82,1968,indoor,"booth/indoor, drugstore, natural_history_museum, pharmacy, museum/indoor",23584
83,1992,indoor,"booth/indoor, drugstore, pharmacy, beauty_salon, museum/indoor",23584
84,2016,indoor,"booth/indoor, drugstore, pharmacy, beauty_salon, museum/indoor",23584
85,2040,indoor,"booth/indoor, drugstore, pharmacy, beauty_salon, museum/indoor",23584
86,2064,indoor,"booth/indoor, drugstore, pharmacy, beauty_salon, museum/indoor",23584
87,2088,indoor,"booth/indoor, drugstore, pharmacy, museum/indoor, beauty_salon",23584
88,2112,indoor,"booth/indoor, drugstore, pharmacy, beauty_salon, hospital",23584
89,2136,indoor,"booth/indoor, drugstore, beauty_salon, pharmacy, museum/indoor",23584
90,2160,indoor,"beauty_salon, booth/indoor, pharmacy, drugstore, conference_center",23584
91,2184,indoor,"lecture_room, office, bathroom, conference_center, conference_room",23584
92,2208,indoor,"shower, atrium/public, beauty_salon, clothing_store, elevator_lobby",23584
93,2232,indoor,"clothing_store, atrium/public, beauty_salon, art_gallery, clean_room",23584
94,2256,indoor,"beauty_salon, conference_room, reception, office, shoe_shop",23584
95,2280,indoor,"reception, office, atrium/public, conference_room, office_cubicles",23584
96,2304,indoor,"office, reception, conference_room, clean_room, office_cubicles",23584
97,2328,indoor,"clean_room, museum/indoor, reception, beauty_salon, office",23584
98,2352,indoor,"beauty_salon, conference_room, office, clean_room, reception",23584
99,2376,indoor,"clean_room, science_museum, museum/indoor, airport_terminal, beauty_salon",23584
100,2400,indoor,"science_museum, discotheque, museum/indoor, clean_room, natural_history_museum",23584
101,2424,indoor,"science_museum, museum/indoor, bank_vault, art_gallery, natural_history_museum",23584
102,2448,indoor,"bank_vault, museum/indoor, science_museum, gift_shop, clothing_store",23584
103,2472,indoor,"bank_vault, museum/indoor, science_museum, gift_shop, shower",23584
104,2496,indoor,"bank_vault, science_museum, museum/indoor, shower, gift_shop",23584
105,2520,indoor,"bank_vault, nursery, museum/indoor, staircase, science_museum",23584
106,2544,indoor,"atrium/public, elevator_lobby, shopping_mall/indoor, elevator/door, airport_terminal",23584
107,2568,indoor,"discotheque, stage/indoor, elevator_lobby, shower, arena/performance",23584
108,2592,indoor,"discotheque, elevator_lobby, stage/indoor, elevator/door, lobby",23584
109,2616,indoor,"discotheque, shower, atrium/public, science_museum, beauty_salon",23584
110,2640,indoor,"art_gallery, artists_loft, museum/indoor, lobby, reception",23584
111,2664,indoor,"lecture_room, classroom, conference_room, locker_room, conference_center",23584
112,2688,indoor,"reception, locker_room, atrium/public, art_gallery, corridor",23584
113,2712,indoor,"conference_room, reception, office, lecture_room, classroom",23584
114,2736,indoor,"lecture_room, reception, conference_room, office, classroom",23584
115,2760,indoor,"lecture_room, conference_room, classroom, conference_center, office",23584
116,2784,indoor,"conference_room, lecture_room, conference_center, classroom, office",23584
117,2808,indoor,"conference_room, lecture_room, office, conference_center, reception",23584
118,2832,indoor,"archive, art_gallery, elevator_lobby, atrium/public, lobby",23584
119,2856,indoor,"lecture_room, classroom, conference_room, atrium/public, art_gallery",23584
120,2880,indoor,"art_gallery, artists_loft, nursery, archive, atrium/public",23584
121,2904,indoor,"pharmacy, nursery, atrium/public, beauty_salon, classroom",23584
122,2928,indoor,"pharmacy, booth/indoor, drugstore, beauty_salon, office",23584
123,2952,indoor,"pharmacy, drugstore, booth/indoor, hospital, beauty_salon",23584
124,2976,indoor,"pharmacy, drugstore, booth/indoor, hospital, bookstore",23584
125,3000,indoor,"booth/indoor, pharmacy, drugstore, beauty_salon, bookstore",23584
126,3024,indoor,"booth/indoor, pharmacy, drugstore, hospital, beauty_salon",23584
127,3048,indoor,"booth/indoor, pharmacy, drugstore, beauty_salon, ice_cream_parlor",23584
128,3072,indoor,"booth/indoor, pharmacy, nursery, kindergarden_classroom, drugstore",23584
129,3096,indoor,"nursery, museum/indoor, art_gallery, art_studio, childs_room",23584
130,3120,indoor,"art_gallery, museum/indoor, art_studio, artists_loft, art_school",23584
131,3144,indoor,"art_gallery, artists_loft, museum/indoor, art_studio, art_school",23584
132,3168,indoor,"art_gallery, artists_loft, art_studio, museum/indoor, art_school",23584
133,3192,indoor,"art_gallery, artists_loft, art_studio, museum/indoor, art_school",23584
134,3216,indoor,"art_gallery, art_studio, artists_loft, art_school, museum/indoor",23584
135,3240,indoor,"art_gallery, aquarium, clean_room, elevator/door, shower",23584
136,3264,indoor,"art_gallery, atrium/public, museum/indoor, artists_loft, shower",23584
137,3288,indoor,"art_gallery, museum/indoor, atrium/public, artists_loft, science_museum",23584
138,3312,indoor,"atrium/public, shower, art_gallery, elevator_lobby, museum/indoor",23584
139,3336,outdoor,"water_tower, shower, aquarium, wind_farm, skyscraper",23584
140,3360,indoor,"museum/indoor, art_gallery, science_museum, aquarium, artists_loft",23584
141,3384,indoor,"science_museum, aquarium, museum/indoor, water_tower, lighthouse",23584
142,3408,indoor,"museum/indoor, clean_room, airport_terminal, corridor, wind_farm",23584
143,3432,indoor,"clean_room, airport_terminal, elevator_lobby, corridor, discotheque",23584
144,3456,indoor,"elevator_lobby, corridor, clean_room, discotheque, wind_farm",23584
145,3480,indoor,"discotheque, elevator_lobby, clean_room, beauty_salon, corridor",23584
146,3504,indoor,"discotheque, airplane_cabin, conference_center, conference_room, elevator_lobby",23584
147,3528,indoor,"elevator_lobby, discotheque, corridor, clean_room, airplane_cabin",23584
148,3552,indoor,"elevator_lobby, corridor, discotheque, clean_room, lobby",23584
149,3576,indoor,"discotheque, playroom, elevator_lobby, science_museum, bowling_alley",23584
150,3600,indoor,"corridor, lobby, clean_room, art_gallery, elevator_lobby",23584
151,3624,indoor,"elevator_lobby, corridor, lobby, airport_terminal, clean_room",23584
152,3648,indoor,"corridor, elevator_lobby, museum/indoor, airport_terminal, science_museum",23584
153,3672,indoor,"clothing_store, clean_room, airport_terminal, elevator_lobby, corridor",23584
154,3696,indoor,"clean_room, clothing_store, lobby, elevator_lobby, airport_terminal",23584
155,3720,indoor,"corridor, lobby, elevator_lobby, art_gallery, science_museum",23584
156,3744,indoor,"elevator_lobby, server_room, discotheque, corridor, bowling_alley",23584
157,3768,indoor,"corridor, lobby, elevator_lobby, science_museum, museum/indoor",23584
158,3792,indoor,"art_gallery, playroom, museum/indoor, science_museum, nursery",23584
159,3816,indoor,"airport_terminal, clothing_store, martial_arts_gym, elevator_lobby, art_gallery",23584
160,3840,indoor,"shoe_shop, drugstore, gift_shop, beauty_salon, museum/indoor",23584
161,3864,indoor,"drugstore, shoe_shop, beauty_salon, gift_shop, pharmacy",23584
162,3888,indoor,"shoe_shop, drugstore, gift_shop, beauty_salon, pharmacy",23584
163,3912,indoor,"martial_arts_gym, clothing_store, elevator_lobby, corridor, beauty_salon",23584
164,3936,indoor,"elevator_lobby, clothing_store, lobby, corridor, airport_terminal",23584
165,3960,indoor,"clothing_store, airport_terminal, museum/indoor, lobby, elevator_lobby",23584
166,3984,indoor,"clean_room, discotheque, clothing_store, art_gallery, museum/indoor",23584
167,4008,indoor,"clean_room, discotheque, stage/indoor, museum/indoor, art_gallery",23584
168,4032,indoor,"clean_room, discotheque, elevator_lobby, dressing_room, clothing_store",23584
169,4056,indoor,"clean_room, discotheque, music_studio, beauty_salon, stage/indoor",23584
170,4080,indoor,"discotheque, music_studio, clean_room, bowling_alley, wind_farm",23584
171,4104,indoor,"discotheque, clean_room, music_studio, wind_farm, elevator_lobby",23584
172,4128,indoor,"discotheque, clean_room, music_studio, science_museum, elevator_lobby",23584
173,4152,indoor,"discotheque, clean_room, science_museum, bowling_alley, music_studio",23584
174,4176,indoor,"clean_room, discotheque, elevator_lobby, corridor, server_room",23584
175,4200,indoor,"museum/indoor, conference_room, corridor, art_gallery, science_museum",23584
176,4224,indoor,"corridor, elevator_lobby, clean_room, lobby, closet",23584
177,4248,indoor,"lobby, airport_terminal, museum/indoor, shower, clean_room",23584
178,4272,indoor,"wind_farm, bowling_alley, science_museum, lobby, museum/indoor",23584
179,4296,indoor,"elevator_lobby, corridor, airplane_cabin, discotheque, bowling_alley",23584
180,4320,indoor,"elevator_lobby, clean_room, discotheque, wind_farm, conference_room",23584
181,4344,indoor,"airport_terminal, clean_room, attic, lobby, elevator_lobby",23584
182,4368,indoor,"aquarium, science_museum, discotheque, art_gallery, elevator_lobby",23584
183,4392,indoor,"clothing_store, gift_shop, bakery/shop, ice_cream_parlor, coffee_shop",23584
184,4416,indoor,"clothing_store, art_gallery, museum/indoor, gift_shop, dressing_room",23584
185,4440,indoor,"clothing_store, art_gallery, art_studio, nursery, clean_room",23584
186,4464,indoor,"clothing_store, art_gallery, dressing_room, artists_loft, museum/indoor",23584
187,4488,indoor,"clothing_store, art_gallery, clean_room, museum/indoor, gift_shop",23584
188,4512,indoor,"museum/indoor, art_gallery, nursery, clean_room, clothing_store",23584
189,4536,indoor,"nursery, clothing_store, dressing_room, gift_shop, coffee_shop",23584
190,4560,indoor,"nursery, clothing_store, art_gallery, dining_room, dressing_room",23584
191,4584,indoor,"elevator_lobby, closet, clean_room, corridor, wind_farm",23584
192,4608,indoor,"clothing_store, elevator_lobby, clean_room, atrium/public, airport_terminal",23584
193,4632,indoor,"clean_room, atrium/public, corridor, elevator_lobby, airport_terminal",23584
194,4656,indoor,"skyscraper, museum/indoor, art_gallery, clean_room, atrium/public",23584
195,4680,indoor,"clothing_store, gift_shop, department_store, jewelry_shop, fabric_store",23584
196,4704,indoor,"clothing_store, gift_shop, department_store, fabric_store, jewelry_shop",23584
197,4728,indoor,"elevator_lobby, aquarium, clean_room, museum/indoor, science_museum",23584
198,4752,indoor,"skyscraper, shower, clean_room, server_room, tower",23584
199,4776,indoor,"aquarium, shower, science_museum, museum/indoor, art_gallery",23584
200,4800,indoor,"elevator/door, airport_terminal, elevator_lobby, locker_room, art_gallery",23584
201,4824,indoor,"locker_room, elevator_lobby, elevator/door, corridor, airport_terminal",23584
202,4848,indoor,"elevator_lobby, server_room, locker_room, elevator/door, reception",23584
203,4872,indoor,"museum/indoor, art_gallery, clean_room, science_museum, natural_history_museum",23584
204,4896,indoor,"museum/indoor, art_gallery, clean_room, science_museum, natural_history_museum",23584
205,4920,indoor,"museum/indoor, art_gallery, clean_room, science_museum, corridor",23584
206,4944,indoor,"museum/indoor, clean_room, attic, art_gallery, science_museum",23584
207,4968,indoor,"museum/indoor, clean_room, art_gallery, science_museum, natural_history_museum",23584
208,4992,indoor,"corridor, attic, basement, museum/indoor, art_gallery",23584
209,5016,indoor,"corridor, elevator_lobby, clean_room, office, server_room",23584
210,5040,indoor,"clean_room, corridor, elevator_lobby, chemistry_lab, locker_room",23584
211,5064,indoor,"clean_room, corridor, elevator_lobby, office, chemistry_lab",23584
212,5088,indoor,"clean_room, lecture_room, science_museum, discotheque, conference_center",23584
213,5112,indoor,"clean_room, science_museum, discotheque, office, stage/indoor",23584
214,5136,indoor,"discotheque, clean_room, science_museum, stage/indoor, lecture_room",23584
215,5160,indoor,"science_museum, discotheque, clean_room, lecture_room, conference_center",23584
216,5184,indoor,"discotheque, science_museum, clean_room, stage/indoor, biology_laboratory",23584
217,5208,indoor,"clean_room, discotheque, science_museum, stage/indoor, television_studio",23584
218,5232,indoor,"discotheque, science_museum, clean_room, beauty_salon, chemistry_lab",23584
219,5256,indoor,"discotheque, stage/indoor, biology_laboratory, clean_room, science_museum",23584
220,5280,indoor,"stage/indoor, discotheque, science_museum, arena/performance, conference_center",23584
221,5304,indoor,"discotheque, shower, bathroom, science_museum, stage/indoor",23584
222,5328,indoor,"shower, skyscraper, discotheque, aquarium, art_gallery",23584
223,5352,indoor,"shower, bow_window/indoor, discotheque, aquarium, hospital_room",23584
224,5376,outdoor,"hot_spring, bamboo_forest, iceberg, bow_window/indoor, waterfall",23584
225,5400,indoor,"bow_window/indoor, clean_room, elevator_lobby, elevator/door, chemistry_lab",23584
226,5424,indoor,"bow_window/indoor, server_room, office, clean_room, elevator_lobby",23584
227,5448,indoor,"elevator/door, locker_room, elevator_lobby, server_room, barndoor",23584
228,5472,indoor,"barndoor, stage/indoor, server_room, bow_window/indoor, art_gallery",23584
229,5496,indoor,"barndoor, stage/indoor, arena/performance, elevator/door, server_room",23584
230,5520,indoor,"stage/indoor, science_museum, shower, barndoor, arena/performance",23584
231,5544,indoor,"aquarium, clean_room, elevator/door, server_room, locker_room",23584
232,5568,indoor,"aquarium, clean_room, elevator/door, barndoor, locker_room",23584
233,5592,indoor,"shower, aquarium, barndoor, closet, elevator/door",23584
234,5616,indoor,"aquarium, elevator/door, barndoor, locker_room, shower",23584
235,5640,indoor,"aquarium, barndoor, shower, closet, elevator/door",23584
236,5664,indoor,"aquarium, barndoor, elevator/door, shower, closet",23584
237,5688,indoor,"aquarium, barndoor, elevator/door, shower, science_museum",23584
238,5712,indoor,"aquarium, barndoor, elevator/door, shower, stage/indoor",23584
239,5736,indoor,"elevator/door, aquarium, locker_room, elevator_lobby, barndoor",23584
240,5760,indoor,"aquarium, shower, closet, stage/indoor, discotheque",23584
241,5784,indoor,"elevator/door, locker_room, discotheque, clean_room, elevator_lobby",23584
242,5808,indoor,"aquarium, shower, closet, barndoor, elevator/door",23584
243,5832,indoor,"shower, aquarium, barndoor, elevator/door, bow_window/indoor",23584
244,5856,indoor,"shower, bathroom, elevator_lobby, clean_room, elevator/door",23584
245,5880,indoor,"shower, staircase, elevator_lobby, bathroom, clean_room",23584
246,5904,indoor,"clean_room, shower, bathroom, elevator_lobby, staircase",23584
247,5928,indoor,"clean_room, shower, bathroom, staircase, elevator_lobby",23584
248,5952,indoor,"shower, clean_room, closet, aquarium, bathroom",23584
249,5976,indoor,"aquarium, locker_room, elevator/door, barndoor, clean_room",23584
250,6000,indoor,"aquarium, shower, closet, clean_room, barndoor",23584
251,6024,indoor,"aquarium, clean_room, elevator/door, beauty_salon, science_museum",23584
252,6048,indoor,"elevator/door, locker_room, clean_room, shower, server_room",23584
253,6072,indoor,"elevator/door, clean_room, elevator_lobby, locker_room, shower",23584
254,6096,indoor,"elevator/door, elevator_lobby, locker_room, barndoor, shower",23584
255,6120,indoor,"closet, barndoor, shower, elevator/door, bow_window/indoor",23584
256,6144,indoor,"clean_room, server_room, beauty_salon, locker_room, hospital_room",23584
257,6168,indoor,"elevator/door, barndoor, server_room, shower, locker_room",23584
258,6192,indoor,"server_room, clean_room, office, locker_room, elevator/door",23584
259,6216,indoor,"server_room, clean_room, locker_room, office, chemistry_lab",23584
260,6240,indoor,"server_room, locker_room, elevator_lobby, clean_room, elevator/door",23584
261,6264,indoor,"hospital, server_room, pharmacy, elevator_lobby, hospital_room",23584
262,6288,indoor,"clean_room, server_room, locker_room, shower, reception",23584
263,6312,indoor,"hospital, pharmacy, elevator_lobby, server_room, hospital_room",23584
264,6336,indoor,"clean_room, shower, server_room, airport_terminal, art_gallery",23584
265,6360,indoor,"clean_room, hospital, elevator_lobby, pharmacy, server_room",23584
266,6384,indoor,"hospital, pharmacy, elevator_lobby, drugstore, hospital_room",23584
267,6408,indoor,"hospital, pharmacy, hospital_room, elevator_lobby, server_room",23584
268,6432,indoor,"server_room, elevator/door, science_museum, elevator_lobby, clean_room",23584
269,6456,indoor,"server_room, clean_room, shower, science_museum, parking_garage/indoor",23584
270,6480,indoor,"shower, science_museum, server_room, clean_room, discotheque",23584
271,6504,indoor,"basement, garage/indoor, corridor, lobby, wet_bar",23584
272,6528,indoor,"science_museum, server_room, discotheque, elevator/door, physics_laboratory",23584
273,6552,indoor,"science_museum, aquarium, natural_history_museum, server_room, elevator/door",23584
274,6576,indoor,"discotheque, stage/indoor, locker_room, shower, server_room",23584
275,6600,indoor,"locker_room, shower, stage/indoor, discotheque, server_room",23584
276,6624,indoor,"discotheque, locker_room, stage/indoor, shower, server_room",23584
277,6648,indoor,"discotheque, stage/indoor, locker_room, chemistry_lab, classroom",23584
278,6672,indoor,"discotheque, stage/indoor, locker_room, bar, conference_center",23584
279,6696,indoor,"discotheque, stage/indoor, server_room, locker_room, aquarium",23584
280,6720,indoor,"discotheque, stage/indoor, arena/performance, server_room, auditorium",23584
281,6744,indoor,"stage/indoor, discotheque, arena/performance, auditorium, server_room",23584
282,6768,indoor,"clean_room, discotheque, stage/indoor, locker_room, conference_center",23584
283,6792,indoor,"elevator_lobby, elevator/door, discotheque, airport_terminal, locker_room",23584
284,6816,indoor,"locker_room, elevator_lobby, server_room, reception, office_cubicles",23584
285,6840,indoor,"locker_room, corridor, elevator_lobby, elevator/door, discotheque",23584
286,6864,indoor,"locker_room, airport_terminal, elevator_lobby, elevator/door, server_room",23584
287,6888,indoor,"elevator/door, elevator_lobby, locker_room, server_room, corridor",23584
288,6912,indoor,"locker_room, elevator_lobby, elevator/door, shower, server_room",23584
289,6936,indoor,"elevator_lobby, elevator/door, locker_room, clean_room, server_room",23584
290,6960,indoor,"locker_room, server_room, clean_room, elevator_lobby, elevator/door",23584
291,6984,indoor,"clean_room, locker_room, shower, bathroom, chemistry_lab",23584
292,7008,indoor,"clean_room, shower, bathroom, locker_room, hospital_room",23584
293,7032,indoor,"locker_room, clean_room, discotheque, shower, dressing_room",23584
294,7056,indoor,"hotel_room, bedroom, shower, bathroom, bow_window/indoor",23584
295,7080,indoor,"hotel_room, conference_center, lecture_room, bedroom, bow_window/indoor",23584
296,7104,indoor,"airport_terminal, elevator_lobby, discotheque, elevator/door, shower",23584
297,7128,indoor,"hotel_room, bedroom, bow_window/indoor, shower, atrium/public",23584
298,7152,indoor,"hotel_room, bedroom, shower, bathroom, bow_window/indoor",23584
299,7176,indoor,"elevator_lobby, elevator/door, airport_terminal, discotheque, server_room",23584
300,7200,indoor,"elevator_lobby, elevator/door, airport_terminal, discotheque, server_room",23584
301,7224,indoor,"server_room, elevator/door, elevator_lobby, lobby, office",23584
302,7248,indoor,"museum/indoor, clean_room, art_gallery, stage/indoor, natural_history_museum",23584
303,7272,indoor,"museum/indoor, clean_room, discotheque, art_gallery, stage/indoor",23584
304,7296,indoor,"server_room, elevator_lobby, elevator/door, clean_room, skyscraper",23584
305,7320,indoor,"server_room, elevator/door, elevator_lobby, discotheque, locker_room",23584
306,7344,indoor,"museum/indoor, art_gallery, stage/indoor, science_museum, discotheque",23584
307,7368,indoor,"museum/indoor, discotheque, science_museum, clean_room, art_gallery",23584
308,7392,indoor,"corridor, staircase, escalator/indoor, elevator_lobby, boardwalk",23584
309,7416,indoor,"corridor, staircase, elevator/door, elevator_shaft, basement",23584
310,7440,indoor,"shower, discotheque, science_museum, bathroom, clean_room",23584
311,7464,indoor,"clean_room, discotheque, museum/indoor, stage/indoor, art_gallery",23584
312,7488,indoor,"discotheque, dressing_room, clean_room, museum/indoor, art_gallery",23584
313,7512,indoor,"dressing_room, discotheque, museum/indoor, clean_room, beauty_salon",23584
314,7536,indoor,"stage/indoor, discotheque, auditorium, arena/performance, ballroom",23584
315,7560,indoor,"science_museum, discotheque, airport_terminal, natural_history_museum, stage/indoor",23584
316,7584,indoor,"science_museum, natural_history_museum, museum/indoor, ice_shelf, aquarium",23584
317,7608,indoor,"science_museum, museum/indoor, natural_history_museum, clean_room, drugstore",23584
318,7632,indoor,"museum/indoor, clothing_store, art_gallery, aquarium, science_museum",23584
319,7656,indoor,"chemistry_lab, clean_room, biology_laboratory, discotheque, aquarium",23584
320,7680,indoor,"discotheque, clean_room, beauty_salon, chemistry_lab, conference_room",23584
321,7704,indoor,"discotheque, dressing_room, stage/indoor, museum/indoor, clean_room",23584
322,7728,indoor,"discotheque, stage/indoor, clean_room, dressing_room, museum/indoor",23584
323,7752,indoor,"museum/indoor, science_museum, art_gallery, natural_history_museum, art_studio",23584
324,7776,indoor,"museum/indoor, art_gallery, science_museum, natural_history_museum, clean_room",23584
325,7800,indoor,"atrium/public, lecture_room, discotheque, stage/indoor, conference_center",23584
326,7824,indoor,"atrium/public, discotheque, science_museum, stage/indoor, arena/performance",23584
327,7848,indoor,"discotheque, stage/indoor, auditorium, arena/performance, shower",23584
328,7872,indoor,"discotheque, clean_room, stage/indoor, shower, server_room",23584
329,7896,indoor,"science_museum, aquarium, art_gallery, natural_history_museum, museum/indoor",23584
330,7920,indoor,"science_museum, aquarium, art_gallery, elevator_lobby, natural_history_museum",23584
331,7944,indoor,"discotheque, server_room, airport_terminal, locker_room, elevator_lobby",23584
332,7968,indoor,"discotheque, airport_terminal, server_room, shower, locker_room",23584
333,7992,indoor,"discotheque, airport_terminal, elevator_lobby, server_room, shower",23584
334,8016,indoor,"discotheque, stage/indoor, airport_terminal, aquarium, auditorium",23584
335,8040,indoor,"discotheque, stage/indoor, aquarium, airport_terminal, arena/performance",23584
336,8064,indoor,"discotheque, server_room, shower, locker_room, elevator_lobby",23584
337,8088,indoor,"locker_room, science_museum, clean_room, elevator/door, stage/indoor",23584
338,8112,indoor,"science_museum, locker_room, lecture_room, clean_room, stage/indoor",23584
339,8136,indoor,"stage/indoor, locker_room, discotheque, shower, clean_room",23584
340,8160,indoor,"stage/indoor, discotheque, clean_room, locker_room, shower",23584
341,8184,indoor,"museum/indoor, science_museum, natural_history_museum, clean_room, discotheque",23584
342,8208,indoor,"museum/indoor, science_museum, natural_history_museum, beauty_salon, art_gallery",23584
343,8232,indoor,"museum/indoor, science_museum, natural_history_museum, iceberg, department_store",23584
344,8256,indoor,"science_museum, natural_history_museum, museum/indoor, drugstore, aquarium",23584
345,8280,indoor,"science_museum, natural_history_museum, museum/indoor, sky, drugstore",23584
346,8304,indoor,"museum/indoor, science_museum, conference_center, lecture_room, natural_history_museum",23584
347,8328,indoor,"museum/indoor, science_museum, natural_history_museum, lecture_room, conference_center",23584
348,8352,indoor,"museum/indoor, science_museum, natural_history_museum, lecture_room, conference_center",23584
349,8376,indoor,"museum/indoor, science_museum, natural_history_museum, lecture_room, conference_center",23584
350,8400,indoor,"museum/indoor, art_gallery, science_museum, natural_history_museum, lecture_room",23584
351,8424,indoor,"science_museum, museum/indoor, natural_history_museum, lecture_room, art_gallery",23584
352,8448,indoor,"museum/indoor, science_museum, natural_history_museum, art_gallery, lecture_room",23584
353,8472,indoor,"museum/indoor, science_museum, natural_history_museum, conference_center, lecture_room",23584
354,8496,indoor,"museum/indoor, science_museum, natural_history_museum, conference_center, lecture_room",23584
355,8520,indoor,"clean_room, stage/indoor, discotheque, science_museum, museum/indoor",23584
356,8544,indoor,"museum/indoor, science_museum, natural_history_museum, iceberg, clean_room",23584
357,8568,indoor,"museum/indoor, science_museum, natural_history_museum, discotheque, clean_room",23584
358,8592,indoor,"science_museum, museum/indoor, natural_history_museum, clean_room, beauty_salon",23584
359,8616,indoor,"science_museum, museum/indoor, natural_history_museum, discotheque, beauty_salon",23584
360,8640,indoor,"science_museum, natural_history_museum, museum/indoor, atrium/public, airport_terminal",23584
361,8664,indoor,"science_museum, museum/indoor, atrium/public, airport_terminal, natural_history_museum",23584
362,8688,indoor,"science_museum, airport_terminal, museum/indoor, natural_history_museum, atrium/public",23584
363,8712,indoor,"discotheque, chemistry_lab, biology_laboratory, science_museum, clean_room",23584
364,8736,indoor,"discotheque, science_museum, stage/indoor, museum/indoor, natural_history_museum",23584
365,8760,indoor,"discotheque, stage/indoor, science_museum, aquarium, arena/performance",23584
366,8784,indoor,"discotheque, science_museum, chemistry_lab, clean_room, stage/indoor",23584
367,8808,indoor,"science_museum, shower, discotheque, aquarium, clean_room",23584
368,8832,indoor,"airport_terminal, shower, clean_room, elevator_lobby, locker_room",23584
369,8856,indoor,"discotheque, airport_terminal, science_museum, locker_room, office",23584
370,8880,indoor,"clean_room, science_museum, office, discotheque, basement",23584
371,8904,indoor,"discotheque, clean_room, shower, beauty_salon, office",23584
372,8928,indoor,"wind_farm, museum/indoor, science_museum, natural_history_museum, discotheque",23584
373,8952,indoor,"wind_farm, science_museum, museum/indoor, natural_history_museum, aquarium",23584
374,8976,indoor,"science_museum, discotheque, clean_room, museum/indoor, natural_history_museum",23584
375,9000,indoor,"science_museum, discotheque, museum/indoor, clean_room, biology_laboratory",23584
376,9024,indoor,"clean_room, discotheque, stage/indoor, science_museum, music_studio",23584
377,9048,indoor,"science_museum, natural_history_museum, museum/indoor, clean_room, lecture_room",23584
378,9072,indoor,"science_museum, natural_history_museum, museum/indoor, airport_terminal, aquarium",23584
379,9096,indoor,"science_museum, natural_history_museum, museum/indoor, airport_terminal, drugstore",23584
380,9120,indoor,"clean_room, airport_terminal, science_museum, clothing_store, discotheque",23584
381,9144,indoor,"science_museum, museum/indoor, natural_history_museum, drugstore, conference_center",23584
382,9168,indoor,"science_museum, natural_history_museum, museum/indoor, beauty_salon, conference_center",23584
383,9192,indoor,"science_museum, museum/indoor, natural_history_museum, conference_center, aquarium",23584
384,9216,indoor,"science_museum, museum/indoor, natural_history_museum, aquarium, art_gallery",23584
385,9240,indoor,"clean_room, science_museum, art_gallery, aquarium, museum/indoor",23584
386,9264,outdoor,"skyscraper, tower, office_building, hospital, church/indoor",23584
387,9288,outdoor,"tower, skyscraper, mosque/outdoor, office_building, chemistry_lab",23584
388,9312,outdoor,"tower, skyscraper, office_building, chemistry_lab, hospital",23584
389,9336,outdoor,"tower, skyscraper, office_building, chemistry_lab, server_room",23584
390,9360,indoor,"airport_terminal, skyscraper, office_building, elevator_lobby, atrium/public",23584
391,9384,indoor,"discotheque, stage/indoor, aquarium, arena/performance, science_museum",23584
392,9408,indoor,"discotheque, science_museum, museum/indoor, natural_history_museum, aquarium",23584
393,9432,indoor,"museum/indoor, science_museum, natural_history_museum, discotheque, stage/indoor",23584
394,9456,indoor,"natural_history_museum, science_museum, museum/indoor, aquarium, discotheque",23584
395,9480,indoor,"science_museum, natural_history_museum, museum/indoor, aquarium, discotheque",23584
396,9504,indoor,"science_museum, aquarium, museum/indoor, natural_history_museum, sky",23584
397,9528,indoor,"aquarium, science_museum, discotheque, museum/indoor, natural_history_museum",23584
398,9552,indoor,"natural_history_museum, science_museum, museum/indoor, art_gallery, lecture_room",23584
399,9576,indoor,"natural_history_museum, science_museum, museum/indoor, art_gallery, lecture_room",23584
400,9600,indoor,"natural_history_museum, science_museum, museum/indoor, art_gallery, archive",23584
401,9624,indoor,"natural_history_museum, science_museum, museum/indoor, archive, art_gallery",23584
402,9648,indoor,"natural_history_museum, science_museum, museum/indoor, archive, art_gallery",23584
403,9672,indoor,"art_gallery, artists_loft, museum/indoor, closet, bow_window/indoor",23584
404,9696,indoor,"museum/indoor, science_museum, natural_history_museum, conference_center, lecture_room",23584
405,9720,indoor,"science_museum, laundromat, drugstore, museum/indoor, bathroom",23584
406,9744,indoor,"science_museum, laundromat, bathroom, museum/indoor, chemistry_lab",23584
407,9768,indoor,"science_museum, laundromat, museum/indoor, bowling_alley, drugstore",23584
408,9792,indoor,"science_museum, drugstore, laundromat, museum/indoor, chemistry_lab",23584
409,9816,indoor,"science_museum, bathroom, chemistry_lab, laundromat, museum/indoor",23584
410,9840,indoor,"dressing_room, nursery, clean_room, childs_room, clothing_store",23584
411,9864,indoor,"dressing_room, clean_room, nursery, clothing_store, childs_room",23584
412,9888,indoor,"nursery, dressing_room, clothing_store, clean_room, museum/indoor",23584
413,9912,indoor,"museum/indoor, beauty_salon, dressing_room, discotheque, clean_room",23584
414,9936,indoor,"beauty_salon, museum/indoor, clean_room, dressing_room, chemistry_lab",23584
415,9960,indoor,"clean_room, dressing_room, museum/indoor, discotheque, clothing_store",23584
416,9984,indoor,"clean_room, discotheque, stage/indoor, museum/indoor, clothing_store",23584
417,10008,indoor,"clean_room, discotheque, stage/indoor, museum/indoor, clothing_store",23584
418,10032,indoor,"clean_room, clothing_store, museum/indoor, dressing_room, art_gallery",23584
419,10056,indoor,"beauty_salon, museum/indoor, science_museum, discotheque, stage/indoor",23584
420,10080,indoor,"science_museum, museum/indoor, beauty_salon, drugstore, natural_history_museum",23584
421,10104,indoor,"beauty_salon, science_museum, museum/indoor, discotheque, stage/indoor",23584
422,10128,indoor,"clean_room, discotheque, nursery, beauty_salon, childs_room",23584
423,10152,indoor,"discotheque, dressing_room, stage/indoor, clean_room, museum/indoor",23584
424,10176,indoor,"dressing_room, museum/indoor, clean_room, nursery, clothing_store",23584
425,10200,indoor,"museum/indoor, discotheque, stage/indoor, clean_room, beauty_salon",23584
426,10224,indoor,"museum/indoor, beauty_salon, science_museum, chemistry_lab, clean_room",23584
427,10248,indoor,"museum/indoor, beauty_salon, clean_room, discotheque, nursery",23584
428,10272,indoor,"discotheque, museum/indoor, stage/indoor, clean_room, beauty_salon",23584
429,10296,indoor,"beauty_salon, clean_room, museum/indoor, dressing_room, discotheque",23584
430,10320,indoor,"museum/indoor, clean_room, stage/indoor, discotheque, science_museum",23584
431,10344,indoor,"museum/indoor, clean_room, discotheque, chemistry_lab, stage/indoor",23584
432,10368,indoor,"museum/indoor, clean_room, art_gallery, chemistry_lab, science_museum",23584
433,10392,indoor,"clean_room, chemistry_lab, museum/indoor, beauty_salon, stage/indoor",23584
434,10416,indoor,"beauty_salon, museum/indoor, science_museum, drugstore, discotheque",23584
435,10440,indoor,"beauty_salon, museum/indoor, science_museum, drugstore, discotheque",23584
436,10464,indoor,"beauty_salon, museum/indoor, science_museum, drugstore, discotheque",23584
437,10488,indoor,"clean_room, museum/indoor, nursery, dressing_room, childs_room",23584
438,10512,indoor,"clean_room, dressing_room, beauty_salon, museum/indoor, chemistry_lab",23584
439,10536,indoor,"museum/indoor, clean_room, dressing_room, discotheque, beauty_salon",23584
440,10560,indoor,"nursery, childs_room, dressing_room, museum/indoor, clean_room",23584
441,10584,indoor,"museum/indoor, science_museum, discotheque, beauty_salon, stage/indoor",23584
442,10608,indoor,"museum/indoor, science_museum, natural_history_museum, beauty_salon, discotheque",23584
443,10632,indoor,"museum/indoor, science_museum, natural_history_museum, beauty_salon, clean_room",23584
444,10656,indoor,"clean_room, museum/indoor, nursery, childs_room, art_gallery",23584
445,10680,indoor,"museum/indoor, clean_room, art_gallery, nursery, discotheque",23584
446,10704,indoor,"museum/indoor, chemistry_lab, clean_room, biology_laboratory, science_museum",23584
447,10728,indoor,"clean_room, museum/indoor, nursery, dressing_room, art_gallery",23584
448,10752,indoor,"clean_room, museum/indoor, beauty_salon, dressing_room, nursery",23584
449,10776,indoor,"science_museum, museum/indoor, beauty_salon, drugstore, natural_history_museum",23584
450,10800,indoor,"science_museum, beauty_salon, museum/indoor, drugstore, natural_history_museum",23584
451,10824,indoor,"science_museum, museum/indoor, beauty_salon, lecture_room, drugstore",23584
452,10848,indoor,"clean_room, museum/indoor, nursery, hospital_room, dressing_room",23584
453,10872,indoor,"museum/indoor, science_museum, chemistry_lab, clean_room, beauty_salon",23584
454,10896,indoor,"museum/indoor, clean_room, science_museum, chemistry_lab, natural_history_museum",23584
455,10920,indoor,"museum/indoor, clean_room, nursery, art_gallery, gift_shop",23584
456,10944,indoor,"museum/indoor, science_museum, beauty_salon, drugstore, chemistry_lab",23584
457,10968,indoor,"museum/indoor, clean_room, nursery, science_museum, art_gallery",23584
458,10992,indoor,"clean_room, museum/indoor, chemistry_lab, biology_laboratory, science_museum",23584
459,11016,indoor,"museum/indoor, chemistry_lab, science_museum, clean_room, biology_laboratory",23584
460,11040,indoor,"museum/indoor, clean_room, beauty_salon, chemistry_lab, science_museum",23584
461,11064,indoor,"museum/indoor, clean_room, beauty_salon, discotheque, chemistry_lab",23584
462,11088,indoor,"clean_room, museum/indoor, stage/indoor, discotheque, art_gallery",23584
463,11112,indoor,"museum/indoor, clean_room, dressing_room, art_gallery, science_museum",23584
464,11136,indoor,"museum/indoor, science_museum, discotheque, beauty_salon, stage/indoor",23584
465,11160,indoor,"discotheque, museum/indoor, science_museum, stage/indoor, beauty_salon",23584
466,11184,indoor,"clean_room, museum/indoor, dressing_room, art_gallery, science_museum",23584
467,11208,indoor,"museum/indoor, science_museum, beauty_salon, drugstore, clean_room",23584
468,11232,indoor,"museum/indoor, beauty_salon, science_museum, drugstore, discotheque",23584
469,11256,indoor,"museum/indoor, science_museum, drugstore, beauty_salon, natural_history_museum",23584
470,11280,indoor,"museum/indoor, science_museum, natural_history_museum, drugstore, discotheque",23584
471,11304,indoor,"museum/indoor, science_museum, beauty_salon, drugstore, natural_history_museum",23584
472,11328,indoor,"museum/indoor, chemistry_lab, science_museum, natural_history_museum, biology_laboratory",23584
473,11352,indoor,"museum/indoor, natural_history_museum, science_museum, art_gallery, discotheque",23584
474,11376,indoor,"museum/indoor, discotheque, chemistry_lab, science_museum, beauty_salon",23584
475,11400,indoor,"museum/indoor, science_museum, chemistry_lab, clean_room, biology_laboratory",23584
476,11424,indoor,"museum/indoor, science_museum, beauty_salon, discotheque, natural_history_museum",23584
477,11448,indoor,"museum/indoor, clean_room, art_gallery, science_museum, dressing_room",23584
478,11472,indoor,"science_museum, museum/indoor, discotheque, chemistry_lab, beauty_salon",23584
479,11496,indoor,"science_museum, museum/indoor, discotheque, chemistry_lab, beauty_salon",23584
480,11520,indoor,"museum/indoor, beauty_salon, chemistry_lab, gift_shop, natural_history_museum",23584
481,11544,indoor,"chemistry_lab, science_museum, museum/indoor, beauty_salon, biology_laboratory",23584
482,11568,indoor,"chemistry_lab, clean_room, museum/indoor, beauty_salon, biology_laboratory",23584
483,11592,indoor,"clean_room, museum/indoor, nursery, gift_shop, dressing_room",23584
484,11616,indoor,"discotheque, chemistry_lab, stage/indoor, museum/indoor, science_museum",23584
485,11640,indoor,"nursery, clean_room, childs_room, gift_shop, museum/indoor",23584
486,11664,indoor,"clean_room, chemistry_lab, museum/indoor, science_museum, biology_laboratory",23584
487,11688,indoor,"chemistry_lab, museum/indoor, clean_room, science_museum, biology_laboratory",23584
488,11712,indoor,"clean_room, museum/indoor, science_museum, art_gallery, chemistry_lab",23584
489,11736,indoor,"clean_room, discotheque, stage/indoor, dressing_room, museum/indoor",23584
490,11760,indoor,"clean_room, science_museum, beauty_salon, clothing_store, museum/indoor",23584
491,11784,indoor,"museum/indoor, art_gallery, clean_room, stage/indoor, discotheque",23584
492,11808,indoor,"clean_room, discotheque, stage/indoor, museum/indoor, art_gallery",23584
493,11832,indoor,"science_museum, beauty_salon, museum/indoor, drugstore, discotheque",23584
494,11856,indoor,"beauty_salon, science_museum, museum/indoor, drugstore, natural_history_museum",23584
495,11880,indoor,"beauty_salon, science_museum, museum/indoor, drugstore, discotheque",23584
496,11904,indoor,"museum/indoor, clean_room, beauty_salon, science_museum, discotheque",23584
497,11928,indoor,"museum/indoor, discotheque, clean_room, stage/indoor, science_museum",23584
498,11952,indoor,"museum/indoor, science_museum, clean_room, natural_history_museum, discotheque",23584
499,11976,indoor,"museum/indoor, science_museum, clean_room, natural_history_museum, discotheque",23584
500,12000,indoor,"museum/indoor, clean_room, science_museum, beauty_salon, discotheque",23584
501,12024,indoor,"clean_room, discotheque, museum/indoor, beauty_salon, stage/indoor",23584
502,12048,indoor,"clean_room, beauty_salon, discotheque, reception, drugstore",23584
503,12072,indoor,"clean_room, museum/indoor, science_museum, art_gallery, nursery",23584
504,12096,indoor,"museum/indoor, clean_room, beauty_salon, science_museum, art_gallery",23584
505,12120,indoor,"museum/indoor, science_museum, art_gallery, natural_history_museum, clean_room",23584
506,12144,indoor,"museum/indoor, science_museum, clean_room, natural_history_museum, art_gallery",23584
507,12168,indoor,"clean_room, discotheque, stage/indoor, museum/indoor, chemistry_lab",23584
508,12192,indoor,"clean_room, discotheque, chemistry_lab, stage/indoor, museum/indoor",23584
509,12216,indoor,"clean_room, museum/indoor, science_museum, discotheque, stage/indoor",23584
510,12240,indoor,"clean_room, beauty_salon, discotheque, drugstore, chemistry_lab",23584
511,12264,indoor,"clean_room, discotheque, beauty_salon, museum/indoor, chemistry_lab",23584
512,12288,indoor,"clean_room, museum/indoor, science_museum, chemistry_lab, discotheque",23584
513,12312,indoor,"clean_room, discotheque, museum/indoor, science_museum, stage/indoor",23584
514,12336,indoor,"clean_room, museum/indoor, art_gallery, stage/indoor, discotheque",23584
515,12360,indoor,"museum/indoor, beauty_salon, clean_room, science_museum, nursery",23584
516,12384,indoor,"museum/indoor, clean_room, science_museum, beauty_salon, drugstore",23584
517,12408,indoor,"clean_room, nursery, museum/indoor, childs_room, art_gallery",23584
518,12432,indoor,"museum/indoor, science_museum, clean_room, aquarium, natural_history_museum",23584
519,12456,indoor,"clean_room, discotheque, science_museum, museum/indoor, stage/indoor",23584
520,12480,indoor,"clean_room, museum/indoor, science_museum, art_gallery, natural_history_museum",23584
521,12504,indoor,"clean_room, museum/indoor, science_museum, art_gallery, stage/indoor",23584
522,12528,indoor,"clean_room, museum/indoor, science_museum, art_gallery, operating_room",23584
523,12552,indoor,"clean_room, museum/indoor, science_museum, discotheque, chemistry_lab",23584
524,12576,indoor,"museum/indoor, science_museum, natural_history_museum, clean_room, chemistry_lab",23584
525,12600,indoor,"museum/indoor, science_museum, natural_history_museum, drugstore, beauty_salon",23584
526,12624,indoor,"museum/indoor, clean_room, science_museum, discotheque, natural_history_museum",23584
527,12648,indoor,"clean_room, museum/indoor, chemistry_lab, beauty_salon, drugstore",23584
528,12672,indoor,"museum/indoor, science_museum, natural_history_museum, lecture_room, beauty_salon",23584
529,12696,indoor,"museum/indoor, science_museum, discotheque, beauty_salon, conference_center",23584
530,12720,indoor,"museum/indoor, science_museum, beauty_salon, stage/indoor, discotheque",23584
531,12744,indoor,"discotheque, beauty_salon, stage/indoor, museum/indoor, clean_room",23584
532,12768,indoor,"clean_room, dressing_room, museum/indoor, martial_arts_gym, discotheque",23584
533,12792,indoor,"clean_room, science_museum, museum/indoor, beauty_salon, chemistry_lab",23584
534,12816,indoor,"museum/indoor, clean_room, beauty_salon, discotheque, science_museum",23584
535,12840,indoor,"nursery, dressing_room, childs_room, clean_room, clothing_store",23584
536,12864,indoor,"clean_room, chemistry_lab, museum/indoor, dressing_room, science_museum",23584
537,12888,indoor,"clean_room, museum/indoor, chemistry_lab, dressing_room, beauty_salon",23584
538,12912,indoor,"museum/indoor, chemistry_lab, science_museum, natural_history_museum, beauty_salon",23584
539,12936,indoor,"clean_room, dressing_room, museum/indoor, nursery, discotheque",23584
540,12960,indoor,"nursery, clean_room, childs_room, playroom, museum/indoor",23584
541,12984,indoor,"nursery, childs_room, clean_room, dressing_room, playroom",23584
542,13008,indoor,"discotheque, stage/indoor, clean_room, museum/indoor, beauty_salon",23584
543,13032,indoor,"nursery, museum/indoor, clean_room, childs_room, dressing_room",23584
544,13056,indoor,"museum/indoor, clean_room, science_museum, stage/indoor, discotheque",23584
545,13080,indoor,"clean_room, stage/indoor, discotheque, museum/indoor, art_gallery",23584
546,13104,indoor,"discotheque, stage/indoor, clean_room, museum/indoor, nursery",23584
547,13128,indoor,"clean_room, discotheque, museum/indoor, stage/indoor, chemistry_lab",23584
548,13152,indoor,"museum/indoor, clean_room, stage/indoor, science_museum, discotheque",23584
549,13176,indoor,"discotheque, stage/indoor, clean_room, chemistry_lab, museum/indoor",23584
550,13200,indoor,"clean_room, museum/indoor, dressing_room, discotheque, art_gallery",23584
551,13224,indoor,"discotheque, stage/indoor, museum/indoor, clean_room, beauty_salon",23584
552,13248,indoor,"discotheque, stage/indoor, museum/indoor, clean_room, beauty_salon",23584
553,13272,indoor,"clean_room, nursery, museum/indoor, childs_room, dressing_room",23584
554,13296,indoor,"museum/indoor, nursery, clean_room, beauty_salon, natural_history_museum",23584
555,13320,indoor,"museum/indoor, discotheque, clean_room, stage/indoor, science_museum",23584
556,13344,indoor,"museum/indoor, discotheque, science_museum, stage/indoor, clean_room",23584
557,13368,indoor,"museum/indoor, stage/indoor, discotheque, clean_room, nursery",23584
558,13392,indoor,"museum/indoor, clean_room, dressing_room, beauty_salon, stage/indoor",23584
559,13416,indoor,"museum/indoor, beauty_salon, clean_room, discotheque, chemistry_lab",23584
560,13440,indoor,"beauty_salon, museum/indoor, discotheque, clean_room, pharmacy",23584
561,13464,indoor,"museum/indoor, clean_room, natural_history_museum, chemistry_lab, science_museum",23584
562,13488,indoor,"museum/indoor, clean_room, science_museum, dressing_room, beauty_salon",23584
563,13512,indoor,"museum/indoor, clean_room, art_gallery, nursery, dressing_room",23584
564,13536,indoor,"clean_room, dressing_room, nursery, museum/indoor, beauty_salon",23584
565,13560,indoor,"clean_room, nursery, museum/indoor, dressing_room, childs_room",23584
566,13584,indoor,"clean_room, dressing_room, beauty_salon, museum/indoor, discotheque",23584
567,13608,indoor,"clothing_store, dressing_room, beauty_salon, clean_room, discotheque",23584
568,13632,indoor,"museum/indoor, shoe_shop, clean_room, biology_laboratory, chemistry_lab",23584
569,13656,indoor,"clean_room, shoe_shop, museum/indoor, clothing_store, nursery",23584
570,13680,indoor,"bowling_alley, clean_room, office, beauty_salon, nursery",23584
571,13704,indoor,"office, pharmacy, office_cubicles, beauty_salon, lecture_room",23584
572,13728,indoor,"museum/indoor, clean_room, art_gallery, dressing_room, iceberg",23584
573,13752,indoor,"clean_room, nursery, art_gallery, office, lecture_room",23584
574,13776,indoor,"discotheque, stage/indoor, beauty_salon, locker_room, art_gallery",23584
575,13800,indoor,"beauty_salon, discotheque, stage/indoor, dressing_room, museum/indoor",23584
576,13824,indoor,"discotheque, beauty_salon, stage/indoor, art_gallery, dressing_room",23584
577,13848,indoor,"dressing_room, discotheque, clothing_store, museum/indoor, art_gallery",23584
578,13872,indoor,"stage/indoor, museum/indoor, discotheque, clean_room, music_studio",23584
579,13896,indoor,"discotheque, clean_room, stage/indoor, science_museum, dressing_room",23584
580,13920,indoor,"playroom, discotheque, stage/indoor, museum/indoor, art_gallery",23584
581,13944,indoor,"playroom, nursery, discotheque, clean_room, art_gallery",23584
582,13968,indoor,"museum/indoor, art_gallery, science_museum, clean_room, reception",23584
583,13992,indoor,"bathroom, laundromat, science_museum, runway, airplane_cabin",23584
584,14016,indoor,"science_museum, bathroom, physics_laboratory, chemistry_lab, clean_room",23584
585,14040,indoor,"bathroom, science_museum, laundromat, airplane_cabin, operating_room",23584
586,14064,indoor,"bathroom, bank_vault, clean_room, operating_room, laundromat",23584
587,14088,indoor,"clean_room, museum/indoor, bank_vault, beauty_salon, art_gallery",23584
588,14112,indoor,"shower, elevator/door, bathroom, clean_room, alcove",23584
589,14136,indoor,"shower, bathroom, alcove, elevator/door, clean_room",23584
590,14160,indoor,"shower, elevator/door, bathroom, clean_room, alcove",23584
591,14184,indoor,"shower, bathroom, elevator/door, alcove, clean_room",23584
592,14208,indoor,"clean_room, shower, chemistry_lab, bathroom, art_gallery",23584
593,14232,indoor,"clean_room, chemistry_lab, operating_room, science_museum, hospital_room",23584
594,14256,indoor,"clean_room, operating_room, shower, hospital_room, chemistry_lab",23584
595,14280,indoor,"clean_room, shower, operating_room, hospital_room, chemistry_lab",23584
596,14304,indoor,"clean_room, shower, operating_room, hospital_room, chemistry_lab",23584
597,14328,indoor,"clean_room, operating_room, shower, hospital_room, chemistry_lab",23584
598,14352,indoor,"clean_room, shower, operating_room, hospital_room, chemistry_lab",23584
599,14376,indoor,"clean_room, shower, operating_room, chemistry_lab, hospital_room",23584
600,14400,indoor,"clean_room, elevator/door, shower, elevator_lobby, operating_room",23584
601,14424,indoor,"elevator/door, shower, clean_room, dressing_room, locker_room",23584
602,14448,indoor,"elevator/door, shower, clean_room, dressing_room, elevator_lobby",23584
603,14472,indoor,"shower, clean_room, elevator/door, dressing_room, basement",23584
604,14496,indoor,"clean_room, museum/indoor, chemistry_lab, shower, dressing_room",23584
605,14520,indoor,"museum/indoor, clean_room, clothing_store, archive, natural_history_museum",23584
606,14544,indoor,"shower, clean_room, museum/indoor, elevator_lobby, elevator/door",23584
607,14568,indoor,"museum/indoor, clothing_store, shower, science_museum, clean_room",23584
608,14592,indoor,"museum/indoor, natural_history_museum, science_museum, clean_room, elevator/door",23584
609,14616,indoor,"museum/indoor, science_museum, clean_room, natural_history_museum, art_gallery",23584
610,14640,indoor,"museum/indoor, clean_room, science_museum, chemistry_lab, natural_history_museum",23584
611,14664,indoor,"museum/indoor, clean_room, science_museum, shower, chemistry_lab",23584
612,14688,indoor,"museum/indoor, clean_room, beauty_salon, science_museum, office",23584
613,14712,indoor,"museum/indoor, clean_room, science_museum, art_gallery, archive",23584
614,14736,indoor,"museum/indoor, clean_room, science_museum, natural_history_museum, shower",23584
615,14760,indoor,"museum/indoor, clean_room, shower, art_gallery, entrance_hall",23584
616,14784,indoor,"museum/indoor, clean_room, beauty_salon, lobby, science_museum",23584
617,14808,indoor,"museum/indoor, waiting_room, clean_room, conference_room, office",23584
618,14832,indoor,"clean_room, beauty_salon, shower, chemistry_lab, museum/indoor",23584
619,14856,indoor,"museum/indoor, clean_room, dressing_room, shower, art_gallery",23584
620,14880,indoor,"clean_room, museum/indoor, locker_room, shower, office",23584
621,14904,indoor,"clean_room, museum/indoor, beauty_salon, locker_room, dressing_room",23584
622,14928,indoor,"museum/indoor, clean_room, dressing_room, lobby, shower",23584
623,14952,indoor,"shower, bathroom, dressing_room, clean_room, beauty_salon",23584
624,14976,indoor,"clean_room, museum/indoor, art_gallery, shower, dressing_room",23584
625,15000,indoor,"museum/indoor, art_gallery, conference_room, office, clean_room",23584
626,15024,indoor,"shower, museum/indoor, natural_history_museum, science_museum, clean_room",23584
627,15048,indoor,"museum/indoor, science_museum, natural_history_museum, shower, art_gallery",23584
628,15072,indoor,"museum/indoor, shower, dressing_room, archive, clean_room",23584
629,15096,indoor,"dressing_room, museum/indoor, clean_room, shower, locker_room",23584
630,15120,indoor,"museum/indoor, shower, dressing_room, clean_room, bathroom",23584
631,15144,indoor,"museum/indoor, natural_history_museum, archive, science_museum, clean_room",23584
632,15168,indoor,"museum/indoor, archive, clean_room, shower, science_museum",23584
633,15192,indoor,"clean_room, museum/indoor, dressing_room, locker_room, science_museum",23584
634,15216,indoor,"clean_room, museum/indoor, shower, science_museum, dressing_room",23584
635,15240,indoor,"museum/indoor, natural_history_museum, science_museum, art_gallery, archive",23584
636,15264,indoor,"museum/indoor, natural_history_museum, science_museum, art_gallery, archive",23584
637,15288,indoor,"museum/indoor, science_museum, archive, art_gallery, clean_room",23584
638,15312,indoor,"museum/indoor, science_museum, natural_history_museum, art_gallery, clean_room",23584
639,15336,indoor,"museum/indoor, art_gallery, clean_room, archive, science_museum",23584
640,15360,indoor,"museum/indoor, art_gallery, science_museum, natural_history_museum, archive",23584
641,15384,indoor,"museum/indoor, science_museum, natural_history_museum, archive, clean_room",23584
642,15408,indoor,"museum/indoor, science_museum, clean_room, music_studio, archive",23584
643,15432,indoor,"museum/indoor, art_gallery, clean_room, dressing_room, archive",23584
644,15456,indoor,"museum/indoor, science_museum, natural_history_museum, clean_room, archive",23584
645,15480,indoor,"museum/indoor, art_gallery, science_museum, shower, natural_history_museum",23584
646,15504,indoor,"stage/indoor, museum/indoor, music_studio, dressing_room, lecture_room",23584
647,15528,indoor,"museum/indoor, stage/indoor, conference_center, lecture_room, music_studio",23584
648,15552,indoor,"museum/indoor, archive, lecture_room, art_gallery, clean_room",23584
649,15576,indoor,"archive, museum/indoor, science_museum, natural_history_museum, music_studio",23584
650,15600,indoor,"museum/indoor, natural_history_museum, science_museum, archive, lecture_room",23584
651,15624,indoor,"natural_history_museum, museum/indoor, science_museum, archive, shower",23584
652,15648,indoor,"museum/indoor, natural_history_museum, science_museum, archive, art_gallery",23584
653,15672,indoor,"museum/indoor, science_museum, natural_history_museum, archive, clean_room",23584
654,15696,indoor,"dressing_room, museum/indoor, archive, clean_room, art_gallery",23584
655,15720,indoor,"dressing_room, museum/indoor, clothing_store, clean_room, archive",23584
656,15744,indoor,"shower, dressing_room, museum/indoor, natural_history_museum, locker_room",23584
657,15768,indoor,"dressing_room, shower, museum/indoor, clean_room, natural_history_museum",23584
658,15792,indoor,"clean_room, dressing_room, museum/indoor, art_gallery, clothing_store",23584
659,15816,indoor,"clean_room, clothing_store, staircase, atrium/public, art_gallery",23584
660,15840,indoor,"shower, clean_room, bathroom, dressing_room, chemistry_lab",23584
661,15864,indoor,"elevator_lobby, corridor, staircase, atrium/public, elevator/door",23584
662,15888,indoor,"corridor, elevator_lobby, lobby, entrance_hall, bow_window/indoor",23584
663,15912,indoor,"corridor, bow_window/indoor, attic, hotel_room, alcove",23584
664,15936,indoor,"wind_farm, stage/indoor, shower, discotheque, airplane_cabin",23584
665,15960,indoor,"corridor, escalator/indoor, airplane_cabin, attic, staircase",23584
666,15984,indoor,"dressing_room, attic, elevator_lobby, corridor, elevator/door",23584
667,16008,indoor,"dressing_room, corridor, elevator_lobby, attic, elevator/door",23584
668,16032,indoor,"hotel_room, attic, bedroom, corridor, elevator_lobby",23584
669,16056,indoor,"corridor, staircase, airplane_cabin, lobby, elevator_lobby",23584
670,16080,indoor,"bathroom, shower, bow_window/indoor, alcove, dining_room",23584
671,16104,indoor,"bow_window/indoor, shower, living_room, clean_room, hotel_room",23584
672,16128,indoor,"bow_window/indoor, artists_loft, clean_room, living_room, shower",23584
673,16152,indoor,"bow_window/indoor, clean_room, artists_loft, living_room, shower",23584
674,16176,indoor,"bow_window/indoor, dining_room, shower, artists_loft, balcony/interior",23584
675,16200,indoor,"shower, clean_room, bathroom, bow_window/indoor, museum/indoor",23584
676,16224,indoor,"booth/indoor, science_museum, museum/indoor, archive, natural_history_museum",23584
677,16248,indoor,"booth/indoor, science_museum, museum/indoor, archive, natural_history_museum",23584
678,16272,indoor,"booth/indoor, science_museum, museum/indoor, archive, natural_history_museum",23584
679,16296,indoor,"booth/indoor, science_museum, museum/indoor, archive, natural_history_museum",23584
680,16320,indoor,"booth/indoor, science_museum, museum/indoor, archive, natural_history_museum",23584
681,16344,indoor,"booth/indoor, science_museum, museum/indoor, archive, natural_history_museum",23584
682,16368,indoor,"booth/indoor, science_museum, museum/indoor, archive, natural_history_museum",23584
683,16392,indoor,"booth/indoor, science_museum, museum/indoor, natural_history_museum, archive",23584
684,16416,indoor,"booth/indoor, science_museum, museum/indoor, natural_history_museum, archive",23584
685,16440,indoor,"booth/indoor, science_museum, museum/indoor, natural_history_museum, archive",23584
686,16464,indoor,"booth/indoor, science_museum, museum/indoor, archive, natural_history_museum",23584
687,16488,indoor,"booth/indoor, science_museum, museum/indoor, natural_history_museum, archive",23584
688,16512,indoor,"booth/indoor, science_museum, museum/indoor, archive, natural_history_museum",23584
689,16536,indoor,"booth/indoor, science_museum, natural_history_museum, museum/indoor, art_gallery",23584
690,16560,indoor,"booth/indoor, science_museum, natural_history_museum, museum/indoor, art_gallery",23584
691,16584,indoor,"booth/indoor, science_museum, natural_history_museum, museum/indoor, art_gallery",23584
692,16608,indoor,"booth/indoor, science_museum, natural_history_museum, museum/indoor, art_gallery",23584
693,16632,indoor,"booth/indoor, science_museum, natural_history_museum, museum/indoor, art_gallery",23584
694,16656,indoor,"booth/indoor, science_museum, museum/indoor, natural_history_museum, art_gallery",23584
695,16680,indoor,"booth/indoor, kindergarden_classroom, museum/indoor, natural_history_museum, science_museum",23584
696,16704,indoor,"booth/indoor, kindergarden_classroom, museum/indoor, natural_history_museum, science_museum",23584
697,16728,indoor,"booth/indoor, kindergarden_classroom, museum/indoor, natural_history_museum, science_museum",23584
698,16752,indoor,"shower, bathroom, clean_room, bow_window/indoor, elevator_lobby",23584
699,16776,indoor,"shower, bow_window/indoor, artists_loft, clean_room, dressing_room",23584
700,16800,indoor,"clean_room, shower, museum/indoor, bathroom, dining_room",23584
701,16824,indoor,"clean_room, shower, museum/indoor, bathroom, dining_room",23584
702,16848,indoor,"clean_room, shower, bow_window/indoor, museum/indoor, bathroom",23584
703,16872,indoor,"shower, bow_window/indoor, bathroom, artists_loft, clean_room",23584
704,16896,indoor,"shower, bow_window/indoor, clean_room, conference_room, artists_loft",23584
705,16920,indoor,"bow_window/indoor, artists_loft, shower, conference_room, dining_room",23584
706,16944,indoor,"bow_window/indoor, shower, artists_loft, conference_room, clean_room",23584
707,16968,indoor,"artists_loft, bow_window/indoor, conference_room, shower, clean_room",23584
708,16992,indoor,"shower, bow_window/indoor, bathroom, dressing_room, conference_room",23584
709,17016,indoor,"clean_room, shower, museum/indoor, science_museum, bathroom",23584
710,17040,indoor,"bow_window/indoor, shower, clean_room, museum/indoor, dining_room",23584
711,17064,indoor,"clean_room, science_museum, museum/indoor, shower, art_gallery",23584
712,17088,indoor,"shower, bathroom, bow_window/indoor, clean_room, artists_loft",23584
713,17112,indoor,"elevator/door, elevator_lobby, locker_room, closet, jail_cell",23584
714,17136,indoor,"elevator/door, elevator_lobby, corridor, locker_room, server_room",23584
715,17160,indoor,"elevator/door, elevator_lobby, closet, shower, locker_room",23584
716,17184,indoor,"corridor, elevator_lobby, elevator/door, art_gallery, clean_room",23584
717,17208,indoor,"locker_room, clean_room, shower, dressing_room, elevator_lobby",23584
718,17232,indoor,"corridor, art_gallery, clean_room, museum/indoor, natural_history_museum",23584
719,17256,indoor,"shower, locker_room, clean_room, art_gallery, museum/indoor",23584
720,17280,indoor,"shower, locker_room, corridor, bathroom, clean_room",23584
721,17304,indoor,"shower, locker_room, bathroom, elevator/door, elevator_lobby",23584
722,17328,indoor,"shower, locker_room, bathroom, elevator/door, elevator_lobby",23584
723,17352,indoor,"shower, locker_room, elevator/door, elevator_lobby, bathroom",23584
724,17376,indoor,"locker_room, corridor, elevator_lobby, clean_room, dressing_room",23584
725,17400,indoor,"shower, locker_room, bathroom, closet, clean_room",23584
726,17424,indoor,"shower, locker_room, natural_history_museum, elevator_lobby, bathroom",23584
727,17448,indoor,"clean_room, locker_room, shower, server_room, elevator/door",23584
728,17472,indoor,"elevator/door, shower, clean_room, elevator_lobby, dressing_room",23584
729,17496,indoor,"clean_room, elevator/door, locker_room, elevator_lobby, clothing_store",23584
730,17520,indoor,"clean_room, locker_room, clothing_store, elevator/door, dressing_room",23584
731,17544,indoor,"clean_room, museum/indoor, locker_room, clothing_store, dressing_room",23584
732,17568,indoor,"clean_room, museum/indoor, operating_room, hospital_room, dressing_room",23584
733,17592,indoor,"clean_room, locker_room, museum/indoor, operating_room, clothing_store",23584
734,17616,indoor,"clean_room, museum/indoor, archive, science_museum, art_gallery",23584
735,17640,indoor,"clean_room, museum/indoor, science_museum, archive, art_gallery",23584
736,17664,indoor,"clean_room, locker_room, clothing_store, dressing_room, closet",23584
737,17688,indoor,"clean_room, locker_room, museum/indoor, archive, clothing_store",23584
738,17712,indoor,"clean_room, museum/indoor, locker_room, archive, clothing_store",23584
739,17736,indoor,"clean_room, museum/indoor, locker_room, science_museum, archive",23584
740,17760,indoor,"clean_room, museum/indoor, science_museum, archive, locker_room",23584
741,17784,indoor,"clean_room, museum/indoor, science_museum, archive, art_gallery",23584
742,17808,indoor,"clean_room, museum/indoor, archive, operating_room, hospital_room",23584
743,17832,indoor,"clean_room, museum/indoor, science_museum, art_gallery, archive",23584
744,17856,indoor,"clean_room, museum/indoor, science_museum, art_gallery, archive",23584
745,17880,indoor,"clean_room, museum/indoor, science_museum, archive, natural_history_museum",23584
746,17904,indoor,"clean_room, museum/indoor, science_museum, archive, natural_history_museum",23584
747,17928,indoor,"clean_room, museum/indoor, science_museum, archive, art_gallery",23584
748,17952,indoor,"clean_room, museum/indoor, archive, science_museum, locker_room",23584
749,17976,indoor,"clean_room, museum/indoor, locker_room, archive, science_museum",23584
750,18000,indoor,"clean_room, museum/indoor, locker_room, chemistry_lab, operating_room",23584
751,18024,indoor,"museum/indoor, clean_room, beauty_salon, dressing_room, office",23584
752,18048,indoor,"museum/indoor, dressing_room, art_gallery, clean_room, beauty_salon",23584
753,18072,indoor,"museum/indoor, dressing_room, office, art_gallery, clean_room",23584
754,18096,indoor,"dressing_room, art_gallery, museum/indoor, clean_room, office",23584
755,18120,indoor,"dressing_room, museum/indoor, art_gallery, clean_room, office",23584
756,18144,indoor,"museum/indoor, clean_room, art_gallery, dressing_room, office",23584
757,18168,indoor,"museum/indoor, dressing_room, clean_room, beauty_salon, art_gallery",23584
758,18192,indoor,"museum/indoor, dressing_room, clean_room, office, beauty_salon",23584
759,18216,indoor,"dressing_room, museum/indoor, clean_room, locker_room, beauty_salon",23584
760,18240,indoor,"museum/indoor, clean_room, beauty_salon, science_museum, archive",23584
761,18264,indoor,"museum/indoor, clean_room, beauty_salon, science_museum, archive",23584
762,18288,indoor,"museum/indoor, beauty_salon, clean_room, science_museum, archive",23584
763,18312,indoor,"dressing_room, clean_room, art_gallery, museum/indoor, beauty_salon",23584
764,18336,indoor,"museum/indoor, clean_room, dressing_room, art_gallery, elevator/door",23584
765,18360,indoor,"museum/indoor, clean_room, dressing_room, beauty_salon, art_gallery",23584
766,18384,indoor,"museum/indoor, art_gallery, clean_room, science_museum, archive",23584
767,18408,indoor,"museum/indoor, clean_room, archive, art_gallery, science_museum",23584
768,18432,indoor,"museum/indoor, clean_room, science_museum, natural_history_museum, archive",23584
769,18456,indoor,"museum/indoor, clean_room, beauty_salon, dressing_room, science_museum",23584
770,18480,indoor,"museum/indoor, clean_room, beauty_salon, office, archive",23584
771,18504,indoor,"clean_room, museum/indoor, dressing_room, beauty_salon, art_gallery",23584
772,18528,indoor,"museum/indoor, clean_room, dressing_room, office, elevator/door",23584
773,18552,indoor,"dressing_room, clean_room, art_gallery, museum/indoor, elevator/door",23584
774,18576,indoor,"clean_room, dressing_room, art_gallery, museum/indoor, elevator/door",23584
775,18600,indoor,"museum/indoor, beauty_salon, clean_room, archive, lecture_room",23584
776,18624,indoor,"museum/indoor, lecture_room, archive, beauty_salon, conference_center",23584
777,18648,indoor,"museum/indoor, lecture_room, conference_center, office, science_museum",23584
778,18672,indoor,"clean_room, art_gallery, dressing_room, museum/indoor, office",23584
779,18696,indoor,"museum/indoor, office, art_gallery, lecture_room, conference_center",23584
780,18720,indoor,"clean_room, dressing_room, art_gallery, museum/indoor, archive",23584
781,18744,indoor,"museum/indoor, office, dressing_room, clean_room, beauty_salon",23584
782,18768,indoor,"art_gallery, museum/indoor, dressing_room, clean_room, office",23584
783,18792,indoor,"museum/indoor, dressing_room, art_gallery, clean_room, office",23584
784,18816,indoor,"museum/indoor, clean_room, conference_center, art_gallery, office",23584
785,18840,indoor,"dressing_room, clean_room, art_gallery, museum/indoor, office",23584
786,18864,indoor,"museum/indoor, art_gallery, office, dressing_room, clean_room",23584
787,18888,indoor,"museum/indoor, dressing_room, clean_room, art_gallery, elevator/door",23584
788,18912,indoor,"dressing_room, clean_room, museum/indoor, locker_room, office",23584
789,18936,indoor,"dressing_room, clean_room, beauty_salon, museum/indoor, archive",23584
790,18960,indoor,"archive, elevator/door, locker_room, museum/indoor, office",23584
791,18984,indoor,"elevator/door, locker_room, corridor, closet, elevator_lobby",23584
792,19008,indoor,"bow_window/indoor, clean_room, closet, doorway/outdoor, artists_loft",23584
793,19032,indoor,"archive, museum/indoor, clean_room, bow_window/indoor, alcove",23584
794,19056,indoor,"archive, museum/indoor, clean_room, nursery, bow_window/indoor",23584
795,19080,indoor,"clean_room, archive, museum/indoor, dressing_room, locker_room",23584
796,19104,indoor,"clean_room, locker_room, archive, bow_window/indoor, museum/indoor",23584
797,19128,indoor,"clean_room, museum/indoor, archive, locker_room, beauty_salon",23584
798,19152,indoor,"museum/indoor, clean_room, archive, natural_history_museum, science_museum",23584
799,19176,indoor,"clean_room, archive, museum/indoor, elevator/door, locker_room",23584
800,19200,indoor,"clean_room, archive, museum/indoor, locker_room, elevator/door",23584
801,19224,indoor,"clean_room, archive, museum/indoor, elevator/door, server_room",23584
802,19248,indoor,"corridor, clean_room, staircase, archive, entrance_hall",23584
803,19272,indoor,"archive, clean_room, corridor, server_room, museum/indoor",23584
804,19296,indoor,"archive, dressing_room, clean_room, locker_room, sauna",23584
805,19320,indoor,"archive, sauna, dressing_room, clean_room, music_studio",23584
806,19344,indoor,"archive, museum/indoor, clean_room, natural_history_museum, science_museum",23584
807,19368,indoor,"museum/indoor, archive, clean_room, natural_history_museum, science_museum",23584
808,19392,indoor,"museum/indoor, archive, natural_history_museum, clean_room, science_museum",23584
809,19416,indoor,"clean_room, archive, corridor, dressing_room, museum/indoor",23584
810,19440,indoor,"clean_room, museum/indoor, archive, corridor, locker_room",23584
811,19464,indoor,"clean_room, corridor, archive, dressing_room, museum/indoor",23584
812,19488,indoor,"clean_room, archive, corridor, dressing_room, museum/indoor",23584
813,19512,indoor,"archive, clean_room, museum/indoor, dressing_room, locker_room",23584
814,19536,indoor,"dressing_room, clean_room, archive, sauna, bow_window/indoor",23584
815,19560,indoor,"clean_room, museum/indoor, archive, dressing_room, locker_room",23584
816,19584,indoor,"museum/indoor, archive, clean_room, natural_history_museum, art_gallery",23584
817,19608,indoor,"clean_room, museum/indoor, dressing_room, art_gallery, clothing_store",23584
818,19632,indoor,"museum/indoor, clean_room, natural_history_museum, science_museum, archive",23584
819,19656,indoor,"museum/indoor, natural_history_museum, science_museum, archive, clean_room",23584
820,19680,indoor,"clean_room, museum/indoor, archive, locker_room, sauna",23584
821,19704,indoor,"museum/indoor, clean_room, art_gallery, archive, science_museum",23584
822,19728,indoor,"museum/indoor, natural_history_museum, science_museum, archive, art_gallery",23584
823,19752,indoor,"museum/indoor, archive, natural_history_museum, clean_room, science_museum",23584
824,19776,indoor,"museum/indoor, natural_history_museum, science_museum, archive, clean_room",23584
825,19800,indoor,"museum/indoor, natural_history_museum, science_museum, clean_room, art_gallery",23584
826,19824,indoor,"museum/indoor, clean_room, natural_history_museum, archive, science_museum",23584
827,19848,indoor,"museum/indoor, clean_room, natural_history_museum, art_gallery, science_museum",23584
828,19872,indoor,"museum/indoor, clean_room, art_gallery, science_museum, archive",23584
829,19896,indoor,"museum/indoor, natural_history_museum, archive, science_museum, clean_room",23584
830,19920,indoor,"museum/indoor, natural_history_museum, science_museum, clean_room, archive",23584
831,19944,indoor,"museum/indoor, natural_history_museum, archive, science_museum, clean_room",23584
832,19968,indoor,"museum/indoor, clean_room, art_gallery, dressing_room, science_museum",23584
833,19992,indoor,"museum/indoor, clean_room, science_museum, art_gallery, archive",23584
834,20016,indoor,"museum/indoor, clean_room, archive, art_gallery, science_museum",23584
835,20040,indoor,"museum/indoor, clean_room, natural_history_museum, science_museum, archive",23584
836,20064,indoor,"museum/indoor, clean_room, archive, locker_room, science_museum",23584
837,20088,indoor,"museum/indoor, clean_room, natural_history_museum, science_museum, art_gallery",23584
838,20112,indoor,"museum/indoor, clean_room, science_museum, natural_history_museum, archive",23584
839,20136,indoor,"museum/indoor, clean_room, archive, natural_history_museum, locker_room",23584
840,20160,indoor,"museum/indoor, clean_room, dressing_room, art_gallery, locker_room",23584
841,20184,indoor,"museum/indoor, clean_room, archive, art_gallery, locker_room",23584
842,20208,indoor,"museum/indoor, clean_room, natural_history_museum, science_museum, archive",23584
843,20232,indoor,"museum/indoor, clean_room, science_museum, natural_history_museum, archive",23584
844,20256,indoor,"museum/indoor, natural_history_museum, clean_room, archive, science_museum",23584
845,20280,indoor,"museum/indoor, clean_room, archive, dressing_room, art_gallery",23584
846,20304,indoor,"museum/indoor, clean_room, archive, art_gallery, science_museum",23584
847,20328,indoor,"museum/indoor, clean_room, archive, art_gallery, science_museum",23584
848,20352,indoor,"museum/indoor, clean_room, archive, locker_room, dressing_room",23584
849,20376,indoor,"museum/indoor, clean_room, archive, natural_history_museum, art_gallery",23584
850,20400,indoor,"museum/indoor, clean_room, archive, natural_history_museum, art_gallery",23584
851,20424,indoor,"museum/indoor, clean_room, archive, natural_history_museum, science_museum",23584
852,20448,indoor,"museum/indoor, clean_room, archive, natural_history_museum, art_gallery",23584
853,20472,indoor,"museum/indoor, clean_room, archive, natural_history_museum, science_museum",23584
854,20496,indoor,"clean_room, museum/indoor, archive, locker_room, dressing_room",23584
855,20520,indoor,"museum/indoor, clean_room, archive, natural_history_museum, science_museum",23584
856,20544,indoor,"museum/indoor, clean_room, archive, natural_history_museum, science_museum",23584
857,20568,indoor,"museum/indoor, clean_room, archive, natural_history_museum, science_museum",23584
858,20592,indoor,"clean_room, museum/indoor, dressing_room, archive, sauna",23584
859,20616,indoor,"museum/indoor, clean_room, archive, natural_history_museum, locker_room",23584
860,20640,indoor,"museum/indoor, clean_room, archive, natural_history_museum, locker_room",23584
861,20664,indoor,"clean_room, museum/indoor, locker_room, dressing_room, art_gallery",23584
862,20688,indoor,"clean_room, museum/indoor, dressing_room, locker_room, sauna",23584
863,20712,indoor,"museum/indoor, clean_room, natural_history_museum, archive, art_gallery",23584
864,20736,indoor,"museum/indoor, dressing_room, stage/indoor, clean_room, shower",23584
865,20760,indoor,"museum/indoor, clean_room, archive, art_gallery, locker_room",23584
866,20784,indoor,"museum/indoor, archive, natural_history_museum, science_museum, clean_room",23584
867,20808,indoor,"museum/indoor, archive, art_gallery, clean_room, science_museum",23584
868,20832,indoor,"museum/indoor, archive, clean_room, science_museum, natural_history_museum",23584
869,20856,indoor,"attic, office, archive, locker_room, elevator_lobby",23584
870,20880,indoor,"dressing_room, sauna, locker_room, clean_room, bow_window/indoor",23584
871,20904,indoor,"museum/indoor, archive, office, science_museum, lecture_room",23584
872,20928,indoor,"sauna, office, archive, dressing_room, staircase",23584
873,20952,indoor,"archive, bookstore, museum/indoor, library/indoor, office",23584
874,20976,indoor,"archive, museum/indoor, library/indoor, bookstore, science_museum",23584
875,21000,indoor,"archive, museum/indoor, library/indoor, science_museum, bookstore",23584
876,21024,indoor,"museum/indoor, archive, art_gallery, clean_room, dressing_room",23584
877,21048,indoor,"museum/indoor, archive, art_gallery, dressing_room, clean_room",23584
878,21072,indoor,"museum/indoor, clean_room, art_gallery, atrium/public, archive",23584
879,21096,indoor,"clean_room, museum/indoor, science_museum, natural_history_museum, art_gallery",23584
880,21120,indoor,"museum/indoor, stage/indoor, clean_room, discotheque, chemistry_lab",23584
881,21144,indoor,"chemistry_lab, clean_room, museum/indoor, biology_laboratory, dressing_room",23584
882,21168,indoor,"museum/indoor, clean_room, beauty_salon, elevator_lobby, chemistry_lab",23584
883,21192,indoor,"clean_room, dressing_room, art_gallery, museum/indoor, clothing_store",23584
884,21216,indoor,"clean_room, dressing_room, clothing_store, locker_room, shower",23584
885,21240,indoor,"clean_room, dressing_room, locker_room, shower, clothing_store",23584
886,21264,indoor,"dressing_room, bow_window/indoor, clean_room, artists_loft, office",23584
887,21288,indoor,"bow_window/indoor, dressing_room, clean_room, artists_loft, office",23584
888,21312,indoor,"clean_room, dressing_room, bow_window/indoor, artists_loft, office",23584
889,21336,indoor,"server_room, shower, jail_cell, locker_room, elevator/door",23584
890,21360,indoor,"doorway/outdoor, alcove, pantry, sauna, bow_window/indoor",23584
891,21384,indoor,"archive, waiting_room, library/indoor, coffee_shop, lobby",23584
892,21408,indoor,"alcove, home_office, bow_window/indoor, dining_room, artists_loft",23584
893,21432,indoor,"bathroom, alcove, shower, home_office, office",23584
894,21456,indoor,"artists_loft, alcove, entrance_hall, bathroom, office",23584
895,21480,indoor,"bathroom, sauna, shower, dressing_room, alcove",23584
896,21504,indoor,"dressing_room, locker_room, artists_loft, clean_room, sauna",23584
897,21528,indoor,"artists_loft, sauna, museum/indoor, dressing_room, clean_room",23584
898,21552,indoor,"museum/indoor, locker_room, clean_room, beauty_salon, sauna",23584
899,21576,indoor,"museum/indoor, clean_room, archive, sauna, art_gallery",23584
900,21600,indoor,"museum/indoor, sauna, locker_room, dressing_room, art_gallery",23584
901,21624,indoor,"museum/indoor, art_gallery, sauna, elevator_lobby, locker_room",23584
902,21648,indoor,"museum/indoor, art_gallery, archive, science_museum, dressing_room",23584
903,21672,indoor,"archive, museum/indoor, martial_arts_gym, boxing_ring, office",23584
904,21696,indoor,"dressing_room, archive, boxing_ring, locker_room, museum/indoor",23584
905,21720,indoor,"clean_room, locker_room, dressing_room, museum/indoor, sauna",23584
906,21744,indoor,"archive, clean_room, museum/indoor, operating_room, dressing_room",23584
907,21768,indoor,"clean_room, museum/indoor, operating_room, archive, hospital_room",23584
908,21792,indoor,"museum/indoor, clean_room, dressing_room, art_gallery, sauna",23584
909,21816,indoor,"clean_room, archive, dressing_room, museum/indoor, sauna",23584
910,21840,indoor,"shower, bathroom, art_gallery, museum/indoor, elevator_lobby",23584
911,21864,indoor,"atrium/public, elevator_lobby, bow_window/indoor, museum/indoor, lobby",23584
912,21888,indoor,"bow_window/indoor, artists_loft, atrium/public, elevator_lobby, lobby",23584
913,21912,indoor,"shower, clean_room, elevator/door, dressing_room, closet",23584
914,21936,indoor,"clean_room, shower, locker_room, museum/indoor, dressing_room",23584
915,21960,indoor,"dressing_room, shower, locker_room, clean_room, bathroom",23584
916,21984,indoor,"dressing_room, clean_room, shower, locker_room, museum/indoor",23584
917,22008,indoor,"clean_room, dressing_room, locker_room, shower, museum/indoor",23584
918,22032,indoor,"elevator/door, shower, elevator_lobby, clean_room, corridor",23584
919,22056,indoor,"elevator_lobby, elevator/door, corridor, clean_room, server_room",23584
920,22080,indoor,"shower, bathroom, elevator/door, dressing_room, locker_room",23584
921,22104,indoor,"clean_room, shower, art_gallery, closet, bathroom",23584
922,22128,indoor,"dressing_room, museum/indoor, clean_room, art_gallery, locker_room",23584
923,22152,indoor,"clean_room, bathroom, elevator_lobby, shower, dressing_room",23584
924,22176,indoor,"shower, clean_room, bathroom, elevator_lobby, museum/indoor",23584
925,22200,indoor,"clean_room, locker_room, shower, dressing_room, museum/indoor",23584
926,22224,indoor,"clean_room, shower, locker_room, dressing_room, museum/indoor",23584
927,22248,indoor,"archive, bow_window/indoor, office, museum/indoor, jail_cell",23584
928,22272,indoor,"archive, office, bow_window/indoor, museum/indoor, jail_cell",23584
929,22296,indoor,"clean_room, shower, dressing_room, clothing_store, locker_room",23584
930,22320,indoor,"clean_room, shower, dressing_room, locker_room, clothing_store",23584
931,22344,indoor,"clean_room, shower, dressing_room, locker_room, museum/indoor",23584
932,22368,indoor,"clean_room, dining_room, living_room, waiting_room, dressing_room",23584
933,22392,indoor,"clean_room, operating_room, hospital_room, beauty_salon, dining_room",23584
934,22416,indoor,"clean_room, hospital_room, operating_room, dressing_room, locker_room",23584
935,22440,indoor,"clean_room, hospital_room, shower, operating_room, bathroom",23584
936,22464,indoor,"clean_room, hospital_room, shower, operating_room, bathroom",23584
937,22488,indoor,"hospital_room, shower, clean_room, operating_room, bathroom",23584
938,22512,indoor,"hospital_room, shower, clean_room, operating_room, bathroom",23584
939,22536,indoor,"hospital_room, clean_room, operating_room, shower, bathroom",23584
940,22560,indoor,"hospital_room, clean_room, shower, operating_room, bathroom",23584
941,22584,indoor,"clean_room, shower, hospital_room, bathroom, beauty_salon",23584
942,22608,indoor,"clean_room, hospital_room, operating_room, shower, locker_room",23584
943,22632,indoor,"hospital_room, clean_room, operating_room, shower, dressing_room",23584
944,22656,indoor,"clean_room, hospital_room, operating_room, shower, dressing_room",23584
945,22680,indoor,"hospital_room, clean_room, operating_room, shower, dressing_room",23584
946,22704,indoor,"hospital_room, clean_room, operating_room, shower, beauty_salon",23584
947,22728,indoor,"hospital_room, operating_room, clean_room, beauty_salon, shower",23584
948,22752,indoor,"hospital_room, clean_room, operating_room, shower, waiting_room",23584
949,22776,indoor,"clean_room, shower, dressing_room, bathroom, museum/indoor",23584
950,22800,indoor,"clean_room, shower, dressing_room, clothing_store, bathroom",23584
951,22824,indoor,"clean_room, shower, dressing_room, locker_room, clothing_store",23584
952,22848,indoor,"clean_room, dressing_room, shower, elevator/door, locker_room",23584
953,22872,indoor,"clean_room, bow_window/indoor, dressing_room, elevator/door, museum/indoor",23584
954,22896,indoor,"clean_room, shower, elevator/door, chemistry_lab, dressing_room",23584
955,22920,indoor,"bow_window/indoor, hotel_room, bedroom, sauna, dorm_room",23584
956,22944,indoor,"clean_room, elevator/door, dressing_room, server_room, music_studio",23584
957,22968,indoor,"clean_room, music_studio, stage/indoor, hospital_room, office",23584
958,22992,indoor,"dressing_room, museum/indoor, locker_room, music_studio, clean_room",23584
959,23016,indoor,"dressing_room, museum/indoor, locker_room, ballroom, office",23584
960,23040,indoor,"dressing_room, museum/indoor, locker_room, clean_room, office",23584
961,23064,indoor,"dressing_room, museum/indoor, locker_room, office, ballroom",23584
962,23088,indoor,"dressing_room, museum/indoor, office, locker_room, ballroom",23584
963,23112,indoor,"clean_room, music_studio, elevator/door, server_room, hospital_room",23584
964,23136,indoor,"clean_room, elevator/door, corridor, staircase, elevator_lobby",23584
965,23160,indoor,"clean_room, staircase, corridor, elevator/door, lobby",23584
966,23184,indoor,"clean_room, elevator/door, staircase, elevator_shaft, stage/indoor",23584
967,23208,indoor,"clean_room, elevator/door, staircase, music_studio, elevator_lobby",23584
968,23232,indoor,"clean_room, music_studio, stage/indoor, dressing_room, museum/indoor",23584
969,23256,indoor,"clean_room, stage/indoor, music_studio, dressing_room, operating_room",23584
970,23280,indoor,"clean_room, museum/indoor, stage/indoor, music_studio, dressing_room",23584
971,23304,indoor,"clean_room, museum/indoor, dressing_room, art_gallery, clothing_store",23584
972,23328,indoor,"clean_room, dressing_room, clothing_store, museum/indoor, operating_room",23584
973,23352,indoor,"clean_room, dressing_room, museum/indoor, clothing_store, art_gallery",23584
974,23376,indoor,"clean_room, museum/indoor, dressing_room, clothing_store, chemistry_lab",23584
975,23400,indoor,"clean_room, dressing_room, clothing_store, museum/indoor, operating_room",23584
976,23424,indoor,"clean_room, dressing_room, clothing_store, museum/indoor, operating_room",23584
977,23448,indoor,"clean_room, museum/indoor, clothing_store, stage/indoor, dressing_room",23584
978,23472,indoor,"clean_room, museum/indoor, stage/indoor, chemistry_lab, clothing_store",23584
979,23496,indoor,"clean_room, museum/indoor, clothing_store, stage/indoor, dressing_room",23584
980,23520,indoor,"clean_room, clothing_store, dressing_room, museum/indoor, operating_room",23584
981,23544,indoor,"clean_room, clothing_store, dressing_room, museum/indoor, stage/indoor",23584
982,23568,indoor,"clean_room, dressing_room, chemistry_lab, clothing_store, operating_room",23584
983,23592,indoor,"clean_room, museum/indoor, clothing_store, dressing_room, science_museum",23584
984,23616,indoor,"clean_room, museum/indoor, dressing_room, clothing_store, science_museum",23584
985,23640,indoor,"museum/indoor, clean_room, dressing_room, beauty_salon, operating_room",23584
986,23664,indoor,"museum/indoor, clean_room, dressing_room, beauty_salon, archive",23584
987,23688,indoor,"museum/indoor, clean_room, archive, science_museum, dressing_room",23584
988,23712,indoor,"museum/indoor, clean_room, archive, dressing_room, art_gallery",23584
989,23736,indoor,"museum/indoor, clean_room, archive, science_museum, natural_history_museum",23584
990,23760,indoor,"museum/indoor, clean_room, archive, science_museum, natural_history_museum",23584
991,23784,indoor,"museum/indoor, clean_room, archive, science_museum, natural_history_museum",23584
992,23808,indoor,"museum/indoor, clean_room, archive, art_gallery, dressing_room",23584
993,23832,indoor,"museum/indoor, clean_room, art_gallery, archive, dressing_room",23584
994,23856,indoor,"museum/indoor, clean_room, dressing_room, archive, art_gallery",23584
995,23880,indoor,"museum/indoor, clean_room, dressing_room, operating_room, beauty_salon",23584
996,23904,indoor,"museum/indoor, clean_room, dressing_room, beauty_salon, operating_room",23584
997,23928,indoor,"museum/indoor, clean_room, dressing_room, beauty_salon, music_studio",23584
998,23952,indoor,"museum/indoor, clean_room, dressing_room, beauty_salon, archive",23584
999,23976,indoor,"museum/indoor, clean_room, dressing_room, beauty_salon, archive",23584
1000,24000,indoor,"clean_room, stage/indoor, dressing_room, museum/indoor, chemistry_lab",23584
1001,24024,indoor,"clean_room, stage/indoor, chemistry_lab, museum/indoor, dressing_room",23584
1002,24048,indoor,"clean_room, museum/indoor, art_gallery, dressing_room, hospital_room",23584
1003,24072,indoor,"clean_room, museum/indoor, dressing_room, stage/indoor, hospital_room",23584
1004,24096,indoor,"museum/indoor, clean_room, lecture_room, archive, science_museum",23584
1005,24120,indoor,"museum/indoor, clean_room, lecture_room, archive, science_museum",23584
1006,24144,indoor,"clean_room, museum/indoor, lecture_room, archive, stage/indoor",23584
1007,24168,indoor,"clean_room, museum/indoor, archive, stage/indoor, lecture_room",23584
1008,24192,indoor,"clean_room, museum/indoor, lecture_room, stage/indoor, archive",23584
1009,24216,indoor,"museum/indoor, clean_room, stage/indoor, lecture_room, conference_center",23584
1010,24240,indoor,"clean_room, museum/indoor, lecture_room, stage/indoor, conference_center",23584
1011,24264,indoor,"clean_room, dressing_room, art_gallery, museum/indoor, music_studio",23584
1012,24288,indoor,"clean_room, museum/indoor, art_gallery, stage/indoor, archive",23584
1013,24312,indoor,"clean_room, museum/indoor, stage/indoor, art_gallery, hospital_room",23584
1014,24336,indoor,"museum/indoor, locker_room, archive, dressing_room, lecture_room",23584
1015,24360,indoor,"museum/indoor, dressing_room, archive, lecture_room, locker_room",23584
1016,24384,indoor,"museum/indoor, locker_room, dressing_room, clean_room, archive",23584
1017,24408,indoor,"museum/indoor, archive, locker_room, clean_room, dressing_room",23584
1018,24432,indoor,"museum/indoor, archive, clean_room, art_gallery, natural_history_museum",23584
1019,24456,indoor,"museum/indoor, archive, clean_room, dressing_room, music_studio",23584
1020,24480,indoor,"museum/indoor, locker_room, dressing_room, clean_room, stage/indoor",23584
1021,24504,indoor,"dressing_room, museum/indoor, locker_room, music_studio, gymnasium/indoor",23584
1022,24528,indoor,"museum/indoor, dressing_room, locker_room, music_studio, stage/indoor",23584
1023,24552,indoor,"museum/indoor, locker_room, dressing_room, archive, music_studio",23584
1024,24576,indoor,"lecture_room, music_studio, locker_room, dressing_room, clean_room",23584
1025,24600,indoor,"clean_room, dressing_room, clothing_store, museum/indoor, operating_room",23584
1026,24624,indoor,"clean_room, dressing_room, clothing_store, museum/indoor, operating_room",23584
1027,24648,indoor,"museum/indoor, archive, locker_room, television_studio, lecture_room",23584
1028,24672,indoor,"archive, museum/indoor, lecture_room, classroom, office",23584
1029,24696,indoor,"archive, museum/indoor, clean_room, lecture_room, classroom",23584
1030,24720,indoor,"museum/indoor, archive, music_studio, locker_room, television_studio",23584
1031,24744,indoor,"museum/indoor, music_studio, archive, television_studio, clean_room",23584
1032,24768,indoor,"music_studio, museum/indoor, clean_room, television_studio, archive",23584
1033,24792,indoor,"museum/indoor, music_studio, archive, television_studio, stage/indoor",23584
1034,24816,indoor,"museum/indoor, locker_room, archive, television_studio, music_studio",23584
1035,24840,indoor,"archive, museum/indoor, lecture_room, television_studio, classroom",23584
1036,24864,indoor,"archive, lecture_room, classroom, television_studio, museum/indoor",23584
1037,24888,indoor,"clean_room, dressing_room, clothing_store, art_gallery, museum/indoor",23584
1038,24912,indoor,"clean_room, dressing_room, clothing_store, museum/indoor, bow_window/indoor",23584
1039,24936,indoor,"clean_room, dressing_room, bow_window/indoor, clothing_store, museum/indoor",23584
1040,24960,indoor,"clean_room, dressing_room, museum/indoor, clothing_store, art_gallery",23584
1041,24984,indoor,"archive, museum/indoor, television_studio, office, music_studio",23584
1042,25008,indoor,"museum/indoor, clean_room, music_studio, gymnasium/indoor, science_museum",23584
1043,25032,indoor,"museum/indoor, clean_room, locker_room, dressing_room, archive",23584
1044,25056,indoor,"museum/indoor, locker_room, archive, music_studio, clean_room",23584
1045,25080,indoor,"museum/indoor, archive, nursery, living_room, clean_room",23584
1046,25104,indoor,"museum/indoor, clean_room, archive, dressing_room, clothing_store",23584
1047,25128,indoor,"museum/indoor, art_gallery, archive, clean_room, clothing_store",23584
1048,25152,indoor,"museum/indoor, clean_room, clothing_store, dressing_room, archive",23584
1049,25176,indoor,"museum/indoor, clean_room, archive, clothing_store, dressing_room",23584
1050,25200,indoor,"museum/indoor, clean_room, archive, art_gallery, dressing_room",23584
1051,25224,indoor,"museum/indoor, clean_room, archive, art_gallery, science_museum",23584
1052,25248,indoor,"clean_room, museum/indoor, archive, art_gallery, science_museum",23584
1053,25272,indoor,"museum/indoor, clean_room, art_gallery, archive, dressing_room",23584
1054,25296,indoor,"museum/indoor, clean_room, archive, art_gallery, clothing_store",23584
1055,25320,indoor,"dressing_room, clean_room, discotheque, music_studio, art_gallery",23584
1056,25344,indoor,"museum/indoor, art_gallery, science_museum, archive, clean_room",23584
1057,25368,indoor,"museum/indoor, art_gallery, science_museum, archive, clean_room",23584
1058,25392,indoor,"museum/indoor, art_gallery, science_museum, archive, natural_history_museum",23584
1059,25416,indoor,"museum/indoor, art_gallery, science_museum, archive, clean_room",23584
1060,25440,indoor,"museum/indoor, clean_room, dressing_room, television_studio, art_gallery",23584
1061,25464,indoor,"museum/indoor, television_studio, clean_room, beauty_salon, dressing_room",23584
1062,25488,indoor,"museum/indoor, clean_room, television_studio, dressing_room, music_studio",23584
1063,25512,indoor,"museum/indoor, art_gallery, dressing_room, clean_room, television_studio",23584
1064,25536,indoor,"museum/indoor, clean_room, dressing_room, television_studio, art_gallery",23584
1065,25560,indoor,"museum/indoor, art_gallery, clean_room, dressing_room, science_museum",23584
1066,25584,indoor,"museum/indoor, dressing_room, art_gallery, clean_room, music_studio",23584
1067,25608,indoor,"museum/indoor, dressing_room, art_gallery, clean_room, television_studio",23584
1068,25632,indoor,"museum/indoor, dressing_room, art_gallery, clean_room, television_studio",23584
1069,25656,indoor,"dressing_room, music_studio, museum/indoor, television_studio, art_gallery",23584
1070,25680,indoor,"dressing_room, television_studio, music_studio, museum/indoor, art_gallery",23584
1071,25704,indoor,"television_studio, dressing_room, museum/indoor, beauty_salon, clean_room",23584
1072,25728,indoor,"dressing_room, museum/indoor, clean_room, boxing_ring, art_gallery",23584
1073,25752,indoor,"dressing_room, discotheque, clean_room, art_gallery, museum/indoor",23584
1074,25776,indoor,"television_studio, dressing_room, clean_room, museum/indoor, office",23584
1075,25800,indoor,"dressing_room, discotheque, clean_room, art_gallery, television_studio",23584
1076,25824,indoor,"clean_room, dressing_room, archive, locker_room, museum/indoor",23584
1077,25848,indoor,"clean_room, archive, dressing_room, museum/indoor, locker_room",23584
1078,25872,indoor,"museum/indoor, clean_room, archive, art_gallery, office",23584
1079,25896,indoor,"clean_room, museum/indoor, dressing_room, art_gallery, archive",23584
1080,25920,indoor,"clean_room, museum/indoor, art_gallery, dressing_room, operating_room",23584
1081,25944,indoor,"clean_room, museum/indoor, dressing_room, art_gallery, archive",23584
1082,25968,indoor,"clean_room, museum/indoor, art_gallery, archive, dressing_room",23584
1083,25992,indoor,"clean_room, museum/indoor, archive, dressing_room, art_gallery",23584
1084,26016,indoor,"clean_room, archive, museum/indoor, office, pharmacy",23584
1085,26040,indoor,"clean_room, archive, hospital_room, dressing_room, art_gallery",23584
1086,26064,indoor,"clean_room, museum/indoor, dressing_room, archive, art_gallery",23584
1087,26088,indoor,"clean_room, dressing_room, locker_room, archive, museum/indoor",23584
1088,26112,indoor,"archive, museum/indoor, clean_room, beauty_salon, martial_arts_gym",23584
1089,26136,indoor,"archive, clean_room, museum/indoor, beauty_salon, pharmacy",23584
1090,26160,indoor,"archive, clean_room, museum/indoor, beauty_salon, pharmacy",23584
1091,26184,indoor,"clean_room, dressing_room, archive, locker_room, museum/indoor",23584
1092,26208,indoor,"clean_room, dressing_room, museum/indoor, archive, locker_room",23584
1093,26232,indoor,"clean_room, dressing_room, museum/indoor, archive, clothing_store",23584
1094,26256,indoor,"dressing_room, clean_room, office, office_cubicles, art_gallery",23584
1095,26280,indoor,"dressing_room, clean_room, office, office_cubicles, art_gallery",23584
1096,26304,indoor,"clean_room, dressing_room, office, office_cubicles, art_gallery",23584
1097,26328,indoor,"clean_room, dressing_room, office, beauty_salon, chemistry_lab",23584
1098,26352,indoor,"clean_room, dressing_room, locker_room, clothing_store, martial_arts_gym",23584
1099,26376,indoor,"clean_room, dressing_room, chemistry_lab, museum/indoor, biology_laboratory",23584
1100,26400,indoor,"museum/indoor, clean_room, dressing_room, chemistry_lab, ballroom",23584
1101,26424,indoor,"museum/indoor, clean_room, dressing_room, art_gallery, stage/indoor",23584
1102,26448,indoor,"martial_arts_gym, locker_room, discotheque, music_studio, elevator_lobby",23584
1103,26472,indoor,"music_studio, martial_arts_gym, office, discotheque, locker_room",23584
1104,26496,indoor,"clean_room, museum/indoor, dressing_room, chemistry_lab, biology_laboratory",23584
1105,26520,indoor,"dressing_room, clean_room, museum/indoor, stage/indoor, ballroom",23584
1106,26544,indoor,"museum/indoor, clean_room, science_museum, stage/indoor, dressing_room",23584
1107,26568,indoor,"museum/indoor, clean_room, dressing_room, stage/indoor, martial_arts_gym",23584
1108,26592,indoor,"museum/indoor, clean_room, biology_laboratory, dressing_room, martial_arts_gym",23584
1109,26616,indoor,"museum/indoor, clean_room, stage/indoor, dressing_room, science_museum",23584
1110,26640,indoor,"dressing_room, clean_room, museum/indoor, stage/indoor, ballroom",23584
1111,26664,indoor,"dressing_room, clean_room, museum/indoor, music_studio, stage/indoor",23584
1112,26688,indoor,"clean_room, dressing_room, museum/indoor, music_studio, stage/indoor",23584
1113,26712,indoor,"dressing_room, clean_room, museum/indoor, stage/indoor, ballroom",23584
1114,26736,indoor,"museum/indoor, stage/indoor, clean_room, dressing_room, ballroom",23584
1115,26760,indoor,"clean_room, museum/indoor, dressing_room, stage/indoor, beauty_salon",23584
1116,26784,indoor,"clean_room, museum/indoor, dressing_room, art_gallery, locker_room",23584
1117,26808,indoor,"museum/indoor, clean_room, dressing_room, science_museum, art_gallery",23584
1118,26832,indoor,"clean_room, museum/indoor, dressing_room, archive, biology_laboratory",23584
1119,26856,indoor,"museum/indoor, clean_room, dressing_room, martial_arts_gym, archive",23584
1120,26880,indoor,"clean_room, dressing_room, museum/indoor, martial_arts_gym, operating_room",23584
1121,26904,indoor,"clean_room, dressing_room, museum/indoor, martial_arts_gym, locker_room",23584
1122,26928,indoor,"clean_room, dressing_room, museum/indoor, locker_room, martial_arts_gym",23584
1123,26952,indoor,"museum/indoor, clean_room, dressing_room, art_gallery, locker_room",23584
1124,26976,indoor,"clean_room, museum/indoor, dressing_room, art_gallery, locker_room",23584
1125,27000,indoor,"clean_room, museum/indoor, dressing_room, martial_arts_gym, operating_room",23584
1126,27024,indoor,"clean_room, dressing_room, museum/indoor, biology_laboratory, chemistry_lab",23584
1127,27048,indoor,"clean_room, dressing_room, museum/indoor, stage/indoor, discotheque",23584
1128,27072,outdoor,"tower, skyscraper, water_tower, mosque/outdoor, bridge",23584
1129,27096,outdoor,"tower, skyscraper, water_tower, mosque/outdoor, museum/indoor",23584
1130,27120,indoor,"drugstore, pharmacy, chemistry_lab, locker_room, bowling_alley",23584
1131,27144,indoor,"martial_arts_gym, clean_room, chemistry_lab, art_gallery, biology_laboratory",23584
1132,27168,indoor,"science_museum, museum/indoor, department_store, airport_terminal, natural_history_museum",23584
1133,27192,indoor,"museum/indoor, science_museum, martial_arts_gym, archive, hospital_room",23584
1134,27216,indoor,"sky, hospital, airport_terminal, drugstore, science_museum",23584
1135,27240,indoor,"clothing_store, museum/indoor, martial_arts_gym, department_store, art_gallery",23584
1136,27264,indoor,"clean_room, museum/indoor, dressing_room, stage/indoor, music_studio",23584
1137,27288,indoor,"clean_room, museum/indoor, dressing_room, stage/indoor, music_studio",23584
1138,27312,indoor,"clean_room, museum/indoor, dressing_room, stage/indoor, art_gallery",23584
1139,27336,indoor,"museum/indoor, dressing_room, clean_room, art_gallery, stage/indoor",23584
1140,27360,indoor,"museum/indoor, dressing_room, clean_room, stage/indoor, art_gallery",23584
1141,27384,indoor,"dressing_room, museum/indoor, clean_room, art_gallery, stage/indoor",23584
1142,27408,indoor,"dressing_room, museum/indoor, music_studio, stage/indoor, clean_room",23584
1143,27432,indoor,"dressing_room, museum/indoor, music_studio, stage/indoor, clean_room",23584
1144,27456,indoor,"dressing_room, martial_arts_gym, locker_room, elevator_lobby, discotheque",23584
1145,27480,indoor,"dressing_room, martial_arts_gym, locker_room, elevator_lobby, elevator/door",23584
1146,27504,indoor,"dressing_room, martial_arts_gym, locker_room, elevator/door, elevator_lobby",23584
1147,27528,indoor,"dressing_room, martial_arts_gym, locker_room, museum/indoor, elevator/door",23584
1148,27552,indoor,"dressing_room, elevator/door, locker_room, elevator_lobby, martial_arts_gym",23584
1149,27576,indoor,"dressing_room, martial_arts_gym, locker_room, discotheque, elevator/door",23584
1150,27600,indoor,"dressing_room, locker_room, martial_arts_gym, discotheque, elevator/door",23584
1151,27624,indoor,"dressing_room, elevator/door, jail_cell, elevator_lobby, locker_room",23584
1152,27648,indoor,"dressing_room, locker_room, elevator/door, elevator_lobby, martial_arts_gym",23584
1153,27672,indoor,"clean_room, locker_room, operating_room, museum/indoor, dressing_room",23584
1154,27696,indoor,"clean_room, locker_room, museum/indoor, operating_room, archive",23584
1155,27720,indoor,"clean_room, museum/indoor, locker_room, operating_room, physics_laboratory",23584
1156,27744,indoor,"clean_room, museum/indoor, locker_room, archive, science_museum",23584
1157,27768,indoor,"clean_room, locker_room, operating_room, archive, museum/indoor",23584
1158,27792,indoor,"clean_room, locker_room, museum/indoor, operating_room, chemistry_lab",23584
1159,27816,indoor,"clean_room, museum/indoor, archive, locker_room, operating_room",23584
1160,27840,indoor,"clean_room, locker_room, museum/indoor, archive, operating_room",23584
1161,27864,indoor,"museum/indoor, clean_room, archive, operating_room, science_museum",23584
1162,27888,indoor,"clean_room, museum/indoor, archive, operating_room, science_museum",23584
1163,27912,indoor,"museum/indoor, clean_room, archive, operating_room, hospital_room",23584
1164,27936,indoor,"museum/indoor, archive, clean_room, science_museum, locker_room",23584
1165,27960,indoor,"archive, museum/indoor, clean_room, operating_room, lecture_room",23584
1166,27984,indoor,"museum/indoor, archive, clean_room, science_museum, locker_room",23584
1167,28008,indoor,"museum/indoor, archive, clean_room, locker_room, science_museum",23584
1168,28032,indoor,"clean_room, archive, museum/indoor, operating_room, locker_room",23584
1169,28056,indoor,"clean_room, locker_room, museum/indoor, archive, operating_room",23584
1170,28080,indoor,"clean_room, locker_room, archive, museum/indoor, operating_room",23584
1171,28104,indoor,"clean_room, locker_room, operating_room, dressing_room, museum/indoor",23584
1172,28128,indoor,"clean_room, locker_room, museum/indoor, archive, operating_room",23584
1173,28152,indoor,"clean_room, museum/indoor, locker_room, archive, operating_room",23584
1174,28176,indoor,"clean_room, locker_room, museum/indoor, archive, dressing_room",23584
1175,28200,indoor,"clean_room, museum/indoor, locker_room, archive, dressing_room",23584
1176,28224,indoor,"clean_room, locker_room, museum/indoor, archive, dressing_room",23584
1177,28248,indoor,"clean_room, locker_room, museum/indoor, operating_room, archive",23584
1178,28272,indoor,"clean_room, museum/indoor, archive, locker_room, operating_room",23584
1179,28296,indoor,"clean_room, locker_room, archive, operating_room, museum/indoor",23584
1180,28320,indoor,"clean_room, operating_room, locker_room, museum/indoor, archive",23584
1181,28344,indoor,"archive, museum/indoor, dressing_room, locker_room, martial_arts_gym",23584
1182,28368,indoor,"museum/indoor, archive, locker_room, dressing_room, stage/indoor",23584
1183,28392,indoor,"archive, locker_room, martial_arts_gym, museum/indoor, dressing_room",23584
1184,28416,indoor,"martial_arts_gym, locker_room, dressing_room, stage/indoor, archive",23584
1185,28440,indoor,"locker_room, martial_arts_gym, dressing_room, elevator/door, elevator_lobby",23584
1186,28464,indoor,"locker_room, elevator/door, elevator_lobby, martial_arts_gym, dressing_room",23584
1187,28488,indoor,"museum/indoor, art_gallery, dressing_room, science_museum, discotheque",23584
1188,28512,indoor,"museum/indoor, dressing_room, art_gallery, discotheque, stage/indoor",23584
1189,28536,indoor,"clean_room, locker_room, operating_room, physics_laboratory, dressing_room",23584
1190,28560,indoor,"clean_room, locker_room, operating_room, physics_laboratory, dressing_room",23584
1191,28584,indoor,"clean_room, locker_room, operating_room, museum/indoor, archive",23584
1192,28608,indoor,"clean_room, operating_room, locker_room, museum/indoor, physics_laboratory",23584
1193,28632,indoor,"clean_room, locker_room, operating_room, museum/indoor, archive",23584
1194,28656,indoor,"clean_room, locker_room, operating_room, museum/indoor, archive",23584
1195,28680,indoor,"clean_room, locker_room, museum/indoor, archive, operating_room",23584
1196,28704,indoor,"clean_room, locker_room, operating_room, museum/indoor, archive",23584
1197,28728,indoor,"clean_room, archive, operating_room, locker_room, museum/indoor",23584
1198,28752,indoor,"clean_room, locker_room, operating_room, archive, museum/indoor",23584
1199,28776,indoor,"clean_room, locker_room, operating_room, archive, museum/indoor",23584
1200,28800,indoor,"clean_room, locker_room, museum/indoor, operating_room, archive",23584
1201,28824,indoor,"clean_room, operating_room, locker_room, dressing_room, museum/indoor",23584
1202,28848,indoor,"clean_room, operating_room, locker_room, archive, museum/indoor",23584
1203,28872,indoor,"clean_room, locker_room, operating_room, archive, museum/indoor",23584
1204,28896,indoor,"clean_room, locker_room, archive, operating_room, museum/indoor",23584
1205,28920,indoor,"clean_room, locker_room, operating_room, museum/indoor, archive",23584
1206,28944,indoor,"clean_room, archive, operating_room, museum/indoor, locker_room",23584
1207,28968,indoor,"clean_room, museum/indoor, operating_room, archive, locker_room",23584
1208,28992,indoor,"clean_room, operating_room, museum/indoor, archive, locker_room",23584
1209,29016,indoor,"clean_room, archive, locker_room, museum/indoor, operating_room",23584
1210,29040,indoor,"clean_room, operating_room, locker_room, physics_laboratory, archive",23584
1211,29064,indoor,"clean_room, operating_room, locker_room, physics_laboratory, hospital_room",23584
1212,29088,indoor,"clean_room, operating_room, locker_room, archive, physics_laboratory",23584
1213,29112,indoor,"clean_room, operating_room, locker_room, archive, hospital_room",23584
1214,29136,indoor,"clean_room, locker_room, operating_room, archive, museum/indoor",23584
1215,29160,indoor,"clean_room, operating_room, museum/indoor, archive, locker_room",23584
1216,29184,indoor,"museum/indoor, discotheque, dressing_room, art_gallery, stage/indoor",23584
1217,29208,indoor,"museum/indoor, art_gallery, science_museum, natural_history_museum, discotheque",23584
1218,29232,indoor,"museum/indoor, art_gallery, science_museum, natural_history_museum, discotheque",23584
1219,29256,indoor,"museum/indoor, art_gallery, science_museum, natural_history_museum, discotheque",23584
1220,29280,indoor,"museum/indoor, dressing_room, art_gallery, discotheque, stage/indoor",23584
1221,29304,indoor,"museum/indoor, science_museum, natural_history_museum, art_gallery, archive",23584
1222,29328,indoor,"museum/indoor, science_museum, natural_history_museum, art_gallery, archive",23584
1223,29352,indoor,"museum/indoor, science_museum, natural_history_museum, art_gallery, archive",23584
1224,29376,indoor,"clean_room, operating_room, hospital_room, locker_room, museum/indoor",23584
1225,29400,indoor,"clean_room, locker_room, archive, operating_room, museum/indoor",23584
1226,29424,indoor,"clean_room, locker_room, archive, operating_room, museum/indoor",23584
1227,29448,indoor,"clean_room, archive, locker_room, museum/indoor, operating_room",23584
1228,29472,indoor,"archive, clean_room, museum/indoor, locker_room, operating_room",23584
1229,29496,indoor,"clean_room, museum/indoor, archive, locker_room, science_museum",23584
1230,29520,indoor,"clean_room, museum/indoor, archive, locker_room, operating_room",23584
1231,29544,indoor,"clean_room, archive, museum/indoor, locker_room, operating_room",23584
1232,29568,indoor,"clean_room, archive, locker_room, museum/indoor, operating_room",23584
1233,29592,indoor,"clean_room, archive, museum/indoor, locker_room, hospital_room",23584
1234,29616,indoor,"clean_room, operating_room, hospital_room, archive, locker_room",23584
1235,29640,indoor,"clean_room, locker_room, operating_room, archive, museum/indoor",23584
1236,29664,indoor,"clean_room, operating_room, locker_room, museum/indoor, archive",23584
1237,29688,indoor,"clean_room, operating_room, locker_room, physics_laboratory, hospital_room",23584
1238,29712,indoor,"locker_room, archive, elevator/door, elevator_lobby, dressing_room",23584
1239,29736,indoor,"locker_room, archive, museum/indoor, elevator/door, office",23584
1240,29760,indoor,"locker_room, dressing_room, martial_arts_gym, archive, office",23584
1241,29784,indoor,"locker_room, archive, museum/indoor, elevator/door, martial_arts_gym",23584
1242,29808,indoor,"elevator/door, locker_room, elevator_lobby, martial_arts_gym, dressing_room",23584
1243,29832,indoor,"locker_room, martial_arts_gym, dressing_room, elevator_lobby, office",23584
1244,29856,indoor,"locker_room, martial_arts_gym, dressing_room, elevator_lobby, elevator/door",23584
1245,29880,indoor,"locker_room, museum/indoor, archive, dressing_room, martial_arts_gym",23584
1246,29904,indoor,"locker_room, archive, museum/indoor, office, martial_arts_gym",23584
1247,29928,indoor,"locker_room, elevator/door, elevator_lobby, dressing_room, martial_arts_gym",23584
1248,29952,indoor,"locker_room, dressing_room, elevator_lobby, elevator/door, clean_room",23584
1249,29976,indoor,"locker_room, elevator_lobby, elevator/door, dressing_room, clean_room",23584
1250,30000,indoor,"museum/indoor, locker_room, dressing_room, archive, office",23584
1251,30024,indoor,"locker_room, museum/indoor, archive, office, elevator_lobby",23584
1252,30048,indoor,"clean_room, elevator_lobby, locker_room, elevator/door, dressing_room",23584
1253,30072,indoor,"locker_room, elevator/door, elevator_lobby, dressing_room, clean_room",23584
1254,30096,indoor,"locker_room, archive, museum/indoor, elevator/door, bookstore",23584
1255,30120,indoor,"clean_room, locker_room, martial_arts_gym, operating_room, hospital_room",23584
1256,30144,indoor,"clean_room, locker_room, martial_arts_gym, operating_room, archive",23584
1257,30168,indoor,"archive, museum/indoor, clean_room, locker_room, office",23584
1258,30192,indoor,"archive, clean_room, museum/indoor, locker_room, operating_room",23584
1259,30216,indoor,"clean_room, archive, museum/indoor, locker_room, operating_room",23584
1260,30240,indoor,"clean_room, archive, museum/indoor, locker_room, operating_room",23584
1261,30264,indoor,"clean_room, locker_room, operating_room, archive, dressing_room",23584
1262,30288,indoor,"clean_room, locker_room, operating_room, archive, physics_laboratory",23584
1263,30312,indoor,"clean_room, locker_room, museum/indoor, operating_room, archive",23584
1264,30336,indoor,"clean_room, locker_room, operating_room, archive, museum/indoor",23584
1265,30360,indoor,"clean_room, operating_room, locker_room, hospital_room, physics_laboratory",23584
1266,30384,indoor,"clean_room, archive, museum/indoor, science_museum, lecture_room",23584
1267,30408,indoor,"clean_room, archive, museum/indoor, locker_room, operating_room",23584
1268,30432,indoor,"clean_room, archive, museum/indoor, locker_room, science_museum",23584
1269,30456,indoor,"museum/indoor, clean_room, dressing_room, clothing_store, science_museum",23584
1270,30480,indoor,"museum/indoor, clean_room, dressing_room, art_gallery, clothing_store",23584
1271,30504,indoor,"clean_room, museum/indoor, art_gallery, dressing_room, operating_room",23584
1272,30528,indoor,"museum/indoor, clean_room, art_gallery, dressing_room, operating_room",23584
1273,30552,indoor,"clean_room, museum/indoor, operating_room, dressing_room, art_gallery",23584
1274,30576,indoor,"clean_room, museum/indoor, dressing_room, operating_room, clothing_store",23584
1275,30600,indoor,"clean_room, museum/indoor, operating_room, dressing_room, clothing_store",23584
1276,30624,indoor,"museum/indoor, clean_room, dressing_room, operating_room, clothing_store",23584
1277,30648,indoor,"museum/indoor, clean_room, operating_room, dressing_room, science_museum",23584
1278,30672,indoor,"museum/indoor, clean_room, operating_room, archive, science_museum",23584
1279,30696,indoor,"museum/indoor, clean_room, operating_room, archive, science_museum",23584
1280,30720,indoor,"museum/indoor, clean_room, dressing_room, stage/indoor, archive",23584
1281,30744,indoor,"museum/indoor, clean_room, dressing_room, locker_room, clothing_store",23584
1282,30768,indoor,"clean_room, museum/indoor, dressing_room, art_gallery, locker_room",23584
1283,30792,indoor,"museum/indoor, clean_room, dressing_room, locker_room, art_gallery",23584
1284,30816,indoor,"museum/indoor, clean_room, operating_room, dressing_room, locker_room",23584
1285,30840,indoor,"clean_room, museum/indoor, dressing_room, operating_room, locker_room",23584
1286,30864,indoor,"clean_room, museum/indoor, dressing_room, locker_room, operating_room",23584
1287,30888,indoor,"museum/indoor, clean_room, operating_room, locker_room, science_museum",23584
1288,30912,indoor,"clean_room, museum/indoor, operating_room, locker_room, science_museum",23584
1289,30936,indoor,"museum/indoor, clean_room, operating_room, locker_room, science_museum",23584
1290,30960,indoor,"clean_room, museum/indoor, dressing_room, locker_room, shower",23584
1291,30984,indoor,"clean_room, dressing_room, museum/indoor, operating_room, locker_room",23584
1292,31008,indoor,"clean_room, dressing_room, museum/indoor, operating_room, locker_room",23584
1293,31032,indoor,"clean_room, museum/indoor, dressing_room, locker_room, clothing_store",23584
1294,31056,indoor,"clean_room, museum/indoor, dressing_room, clothing_store, operating_room",23584
1295,31080,indoor,"clean_room, museum/indoor, dressing_room, clothing_store, operating_room",23584
1296,31104,indoor,"clean_room, museum/indoor, dressing_room, operating_room, clothing_store",23584
1297,31128,indoor,"museum/indoor, clean_room, dressing_room, clothing_store, operating_room",23584
1298,31152,indoor,"museum/indoor, clean_room, dressing_room, art_gallery, shower",23584
1299,31176,indoor,"museum/indoor, dressing_room, locker_room, sauna, stage/indoor",23584
1300,31200,indoor,"clean_room, bow_window/indoor, museum/indoor, art_gallery, dressing_room",23584
1301,31224,indoor,"museum/indoor, dressing_room, art_gallery, clean_room, office",23584
1302,31248,indoor,"museum/indoor, music_studio, dressing_room, stage/indoor, locker_room",23584
1303,31272,indoor,"dressing_room, museum/indoor, locker_room, music_studio, clean_room",23584
1304,31296,indoor,"museum/indoor, clean_room, locker_room, dressing_room, sauna",23584
1305,31320,indoor,"museum/indoor, dressing_room, locker_room, music_studio, art_gallery",23584
1306,31344,indoor,"music_studio, museum/indoor, dressing_room, stage/indoor, locker_room",23584
1307,31368,indoor,"museum/indoor, clean_room, locker_room, stage/indoor, dressing_room",23584
1308,31392,indoor,"museum/indoor, science_museum, natural_history_museum, art_gallery, archive",23584
1309,31416,indoor,"museum/indoor, natural_history_museum, science_museum, art_gallery, archive",23584
1310,31440,indoor,"museum/indoor, science_museum, natural_history_museum, archive, art_gallery",23584
1311,31464,indoor,"museum/indoor, tower, science_museum, mosque/outdoor, art_gallery",23584
1312,31488,indoor,"museum/indoor, art_gallery, elevator/door, elevator_lobby, archive",23584
1313,31512,indoor,"museum/indoor, tower, mosque/outdoor, science_museum, natural_history_museum",23584
1314,31536,indoor,"museum/indoor, archive, natural_history_museum, science_museum, tower",23584
1315,31560,indoor,"museum/indoor, art_gallery, archive, science_museum, clean_room",23584
1316,31584,indoor,"museum/indoor, archive, natural_history_museum, science_museum, art_gallery",23584
1317,31608,indoor,"museum/indoor, science_museum, natural_history_museum, art_gallery, archive",23584
1318,31632,indoor,"museum/indoor, natural_history_museum, science_museum, art_gallery, archive",23584
1319,31656,indoor,"museum/indoor, natural_history_museum, science_museum, art_gallery, archive",23584
1320,31680,indoor,"museum/indoor, natural_history_museum, science_museum, archive, art_gallery",23584
1321,31704,indoor,"museum/indoor, art_gallery, elevator/door, science_museum, archive",23584
1322,31728,indoor,"museum/indoor, science_museum, natural_history_museum, archive, airport_terminal",23584
1323,31752,indoor,"museum/indoor, natural_history_museum, science_museum, archive, art_gallery",23584
1324,31776,indoor,"museum/indoor, science_museum, natural_history_museum, archive, art_gallery",23584
1325,31800,indoor,"museum/indoor, art_gallery, archive, science_museum, natural_history_museum",23584
1326,31824,indoor,"museum/indoor, archive, art_gallery, natural_history_museum, science_museum",23584
1327,31848,indoor,"museum/indoor, natural_history_museum, science_museum, archive, art_gallery",23584
1328,31872,indoor,"museum/indoor, natural_history_museum, art_gallery, science_museum, archive",23584
1329,31896,indoor,"museum/indoor, archive, science_museum, natural_history_museum, art_gallery",23584
1330,31920,indoor,"museum/indoor, art_gallery, archive, lecture_room, jail_cell",23584
1331,31944,indoor,"museum/indoor, archive, locker_room, clean_room, elevator/door",23584
1332,31968,indoor,"museum/indoor, art_gallery, science_museum, natural_history_museum, archive",23584
1333,31992,indoor,"museum/indoor, natural_history_museum, science_museum, art_gallery, mosque/outdoor",23584
1334,32016,indoor,"museum/indoor, art_gallery, natural_history_museum, archive, science_museum",23584
1335,32040,indoor,"natural_history_museum, science_museum, museum/indoor, underwater/ocean_deep, sky",23584
1336,32064,indoor,"museum/indoor, natural_history_museum, science_museum, drugstore, airport_terminal",23584
1337,32088,indoor,"museum/indoor, natural_history_museum, science_museum, sky, underwater/ocean_deep",23584
1338,32112,indoor,"museum/indoor, elevator/door, clean_room, science_museum, locker_room",23584
1339,32136,indoor,"museum/indoor, locker_room, science_museum, airport_terminal, natural_history_museum",23584
1340,32160,indoor,"museum/indoor, locker_room, archive, clean_room, elevator/door",23584
1341,32184,indoor,"museum/indoor, archive, chemistry_lab, locker_room, clean_room",23584
1342,32208,indoor,"locker_room, elevator/door, clean_room, elevator_lobby, museum/indoor",23584
1343,32232,indoor,"locker_room, museum/indoor, elevator/door, airport_terminal, jail_cell",23584
1344,32256,indoor,"museum/indoor, locker_room, science_museum, natural_history_museum, archive",23584
1345,32280,indoor,"science_museum, museum/indoor, natural_history_museum, airport_terminal, archive",23584
1346,32304,indoor,"museum/indoor, science_museum, natural_history_museum, archive, airport_terminal",23584
1347,32328,indoor,"museum/indoor, science_museum, natural_history_museum, archive, bookstore",23584
1348,32352,indoor,"museum/indoor, science_museum, archive, locker_room, natural_history_museum",23584
1349,32376,indoor,"museum/indoor, archive, locker_room, science_museum, natural_history_museum",23584
1350,32400,indoor,"museum/indoor, locker_room, archive, science_museum, natural_history_museum",23584
1351,32424,indoor,"tower, discotheque, skyscraper, museum/indoor, airplane_cabin",23584
1352,32448,indoor,"discotheque, tower, skyscraper, shower, airplane_cabin",23584
1353,32472,indoor,"locker_room, basement, jail_cell, server_room, classroom",23584
1354,32496,indoor,"locker_room, shower, discotheque, classroom, jail_cell",23584
1355,32520,indoor,"locker_room, classroom, discotheque, shower, basement",23584
1356,32544,indoor,"locker_room, basement, shower, elevator/door, jail_cell",23584
1357,32568,indoor,"locker_room, jail_cell, elevator/door, basement, shower",23584
1358,32592,indoor,"locker_room, shower, elevator/door, art_gallery, elevator_lobby",23584
1359,32616,indoor,"art_gallery, staircase, museum/indoor, locker_room, elevator/door",23584
1360,32640,indoor,"stage/indoor, music_studio, natural_history_museum, museum/indoor, locker_room",23584
1361,32664,indoor,"museum/indoor, art_gallery, locker_room, science_museum, natural_history_museum",23584
1362,32688,indoor,"locker_room, museum/indoor, music_studio, discotheque, classroom",23584
1363,32712,indoor,"classroom, lecture_room, discotheque, locker_room, music_studio",23584
1364,32736,indoor,"discotheque, art_gallery, museum/indoor, lecture_room, stage/indoor",23584
1365,32760,indoor,"locker_room, server_room, elevator/door, classroom, art_gallery",23584
1366,32784,indoor,"locker_room, art_gallery, classroom, office, server_room",23584
1367,32808,indoor,"locker_room, server_room, art_gallery, elevator/door, elevator_lobby",23584
1368,32832,indoor,"locker_room, elevator/door, art_gallery, elevator_lobby, airport_terminal",23584
1369,32856,indoor,"locker_room, elevator/door, shower, art_gallery, server_room",23584
1370,32880,indoor,"locker_room, elevator/door, server_room, elevator_lobby, art_gallery",23584
1371,32904,indoor,"museum/indoor, science_museum, natural_history_museum, airport_terminal, elevator/door",23584
1372,32928,indoor,"museum/indoor, science_museum, natural_history_museum, airport_terminal, art_gallery",23584
1373,32952,indoor,"museum/indoor, natural_history_museum, science_museum, airport_terminal, locker_room",23584
1374,32976,indoor,"museum/indoor, natural_history_museum, science_museum, airport_terminal, art_gallery",23584
1375,33000,indoor,"museum/indoor, science_museum, natural_history_museum, airport_terminal, art_gallery",23584
1376,33024,indoor,"museum/indoor, locker_room, natural_history_museum, clean_room, discotheque",23584
1377,33048,indoor,"museum/indoor, natural_history_museum, science_museum, elevator/door, clean_room",23584
1378,33072,indoor,"chemistry_lab, biology_laboratory, museum/indoor, clean_room, locker_room",23584
1379,33096,indoor,"shower, clean_room, locker_room, jail_cell, art_gallery",23584
1380,33120,indoor,"museum/indoor, science_museum, natural_history_museum, archive, airport_terminal",23584
1381,33144,indoor,"museum/indoor, science_museum, natural_history_museum, archive, biology_laboratory",23584
1382,33168,indoor,"natural_history_museum, museum/indoor, science_museum, archive, art_gallery",23584
1383,33192,indoor,"art_gallery, clean_room, museum/indoor, shower, science_museum",23584
1384,33216,indoor,"museum/indoor, clean_room, art_gallery, science_museum, archive",23584
1385,33240,indoor,"museum/indoor, natural_history_museum, science_museum, clean_room, art_gallery",23584
1386,33264,indoor,"museum/indoor, natural_history_museum, science_museum, archive, art_gallery",23584
1387,33288,indoor,"museum/indoor, science_museum, natural_history_museum, archive, art_gallery",23584
1388,33312,indoor,"museum/indoor, natural_history_museum, science_museum, archive, art_gallery",23584
1389,33336,indoor,"locker_room, elevator/door, elevator_lobby, shower, server_room",23584
1390,33360,indoor,"elevator/door, corridor, clean_room, locker_room, art_gallery",23584
1391,33384,indoor,"locker_room, elevator/door, archive, clean_room, jail_cell",23584
1392,33408,indoor,"museum/indoor, natural_history_museum, science_museum, art_gallery, clean_room",23584
1393,33432,indoor,"museum/indoor, natural_history_museum, science_museum, art_gallery, clean_room",23584
1394,33456,indoor,"museum/indoor, natural_history_museum, science_museum, locker_room, clean_room",23584
1395,33480,indoor,"locker_room, clean_room, dressing_room, martial_arts_gym, clothing_store",23584
1396,33504,indoor,"museum/indoor, natural_history_museum, science_museum, archive, art_gallery",23584
1397,33528,indoor,"museum/indoor, natural_history_museum, science_museum, archive, department_store",23584
1398,33552,indoor,"dressing_room, clean_room, locker_room, discotheque, shower",23584
1399,33576,indoor,"dressing_room, clean_room, locker_room, shower, art_gallery",23584
1400,33600,indoor,"museum/indoor, science_museum, art_gallery, natural_history_museum, chemistry_lab",23584
1401,33624,indoor,"museum/indoor, science_museum, art_gallery, natural_history_museum, shower",23584
1402,33648,indoor,"museum/indoor, tower, science_museum, shower, skyscraper",23584
1403,33672,indoor,"locker_room, clean_room, dressing_room, shower, art_gallery",23584
1404,33696,indoor,"dressing_room, clean_room, museum/indoor, locker_room, art_gallery",23584
1405,33720,indoor,"dressing_room, clean_room, locker_room, discotheque, music_studio",23584
1406,33744,indoor,"clean_room, dressing_room, shower, discotheque, music_studio",23584
1407,33768,indoor,"dressing_room, shower, clean_room, locker_room, art_gallery",23584
1408,33792,indoor,"museum/indoor, clean_room, natural_history_museum, science_museum, art_gallery",23584
1409,33816,indoor,"dressing_room, museum/indoor, clean_room, discotheque, music_studio",23584
1410,33840,indoor,"dressing_room, locker_room, museum/indoor, music_studio, art_gallery",23584
1411,33864,indoor,"discotheque, dressing_room, stage/indoor, art_gallery, music_studio",23584
1412,33888,indoor,"discotheque, music_studio, stage/indoor, locker_room, museum/indoor",23584
1413,33912,indoor,"shower, museum/indoor, art_gallery, archive, science_museum",23584
1414,33936,indoor,"art_gallery, museum/indoor, archive, shower, natural_history_museum",23584
1415,33960,indoor,"art_gallery, museum/indoor, archive, shower, natural_history_museum",23584
1416,33984,outdoor,"ice_floe, igloo, ice_shelf, nursery, aquarium",23584
1417,34008,indoor,"nursery, bedroom, hospital_room, childs_room, igloo",23584
1418,34032,indoor,"nursery, bedroom, childs_room, hospital_room, hotel_room",23584
1419,34056,indoor,"nursery, bedroom, hospital_room, childs_room, igloo",23584
1420,34080,indoor,"nursery, bedroom, hospital_room, childs_room, igloo",23584
1421,34104,indoor,"nursery, bedroom, hospital_room, childs_room, hotel_room",23584
1422,34128,indoor,"nursery, hospital_room, bedroom, childs_room, hotel_room",23584
1423,34152,indoor,"nursery, bedroom, hospital_room, childs_room, bedchamber",23584
1424,34176,indoor,"clean_room, hospital_room, bedroom, operating_room, nursery",23584
1425,34200,indoor,"bedroom, hotel_room, clean_room, childs_room, bedchamber",23584
1426,34224,indoor,"clean_room, bedroom, hotel_room, hospital_room, iceberg",23584
1427,34248,indoor,"clean_room, bedroom, hospital_room, nursery, bedchamber",23584
1428,34272,indoor,"nursery, clean_room, childs_room, bedroom, bow_window/indoor",23584
1429,34296,indoor,"bedroom, bedchamber, clean_room, nursery, childs_room",23584
1430,34320,indoor,"clean_room, nursery, childs_room, bedroom, hospital_room",23584
1431,34344,indoor,"clean_room, nursery, chemistry_lab, science_museum, childs_room",23584
1432,34368,indoor,"clean_room, museum/indoor, art_gallery, science_museum, chemistry_lab",23584
1433,34392,indoor,"clean_room, science_museum, museum/indoor, art_gallery, clothing_store",23584
1434,34416,indoor,"clean_room, museum/indoor, natural_history_museum, science_museum, chemistry_lab",23584
1435,34440,indoor,"museum/indoor, clean_room, natural_history_museum, science_museum, chemistry_lab",23584
1436,34464,indoor,"museum/indoor, clean_room, science_museum, natural_history_museum, chemistry_lab",23584
1437,34488,indoor,"clean_room, science_museum, museum/indoor, chemistry_lab, shower",23584
1438,34512,indoor,"clean_room, museum/indoor, science_museum, natural_history_museum, chemistry_lab",23584
1439,34536,indoor,"clean_room, museum/indoor, chemistry_lab, science_museum, natural_history_museum",23584
1440,34560,indoor,"clean_room, museum/indoor, natural_history_museum, science_museum, chemistry_lab",23584
1441,34584,indoor,"clean_room, jewelry_shop, museum/indoor, clothing_store, science_museum",23584
1442,34608,indoor,"clean_room, museum/indoor, science_museum, reception, clothing_store",23584
1443,34632,indoor,"clean_room, museum/indoor, chemistry_lab, science_museum, biology_laboratory",23584
1444,34656,indoor,"clean_room, chemistry_lab, biology_laboratory, museum/indoor, science_museum",23584
1445,34680,indoor,"clean_room, chemistry_lab, biology_laboratory, jewelry_shop, museum/indoor",23584
1446,34704,indoor,"clean_room, jewelry_shop, chemistry_lab, shower, biology_laboratory",23584
1447,34728,indoor,"chemistry_lab, clean_room, jewelry_shop, biology_laboratory, aquarium",23584
1448,34752,indoor,"museum/indoor, science_museum, natural_history_museum, clean_room, chemistry_lab",23584
1449,34776,indoor,"museum/indoor, clean_room, chemistry_lab, science_museum, natural_history_museum",23584
1450,34800,indoor,"clean_room, chemistry_lab, museum/indoor, biology_laboratory, beauty_salon",23584
1451,34824,indoor,"museum/indoor, clean_room, chemistry_lab, biology_laboratory, conference_center",23584
1452,34848,indoor,"clean_room, jewelry_shop, art_gallery, reception, museum/indoor",23584
1453,34872,indoor,"museum/indoor, clean_room, science_museum, natural_history_museum, beauty_salon",23584
1454,34896,indoor,"clean_room, museum/indoor, science_museum, chemistry_lab, drugstore",23584
1455,34920,indoor,"clean_room, museum/indoor, chemistry_lab, archive, science_museum",23584
1456,34944,indoor,"museum/indoor, clean_room, chemistry_lab, biology_laboratory, science_museum",23584
1457,34968,indoor,"clean_room, chemistry_lab, biology_laboratory, jewelry_shop, reception",23584
1458,34992,indoor,"clean_room, museum/indoor, jewelry_shop, art_gallery, chemistry_lab",23584
1459,35016,indoor,"clean_room, museum/indoor, art_gallery, natural_history_museum, science_museum",23584
1460,35040,indoor,"clean_room, museum/indoor, art_gallery, dressing_room, shower",23584
1461,35064,indoor,"clean_room, museum/indoor, clothing_store, locker_room, archive",23584
1462,35088,indoor,"museum/indoor, clean_room, science_museum, dressing_room, archive",23584
1463,35112,indoor,"clean_room, museum/indoor, dressing_room, locker_room, gymnasium/indoor",23584
1464,35136,indoor,"lobby, entrance_hall, museum/indoor, artists_loft, dressing_room",23584
1465,35160,indoor,"museum/indoor, clean_room, art_gallery, classroom, dressing_room",23584
1466,35184,indoor,"museum/indoor, clothing_store, dressing_room, clean_room, art_gallery",23584
1467,35208,indoor,"museum/indoor, clean_room, shower, locker_room, dressing_room",23584
1468,35232,indoor,"museum/indoor, shower, art_gallery, science_museum, elevator_lobby",23584
1469,35256,indoor,"museum/indoor, natural_history_museum, science_museum, archive, art_gallery",23584
1470,35280,indoor,"museum/indoor, science_museum, natural_history_museum, archive, clean_room",23584
1471,35304,indoor,"museum/indoor, science_museum, natural_history_museum, archive, clean_room",23584
1472,35328,indoor,"museum/indoor, science_museum, natural_history_museum, clean_room, archive",23584
1473,35352,indoor,"museum/indoor, clean_room, beauty_salon, science_museum, dressing_room",23584
1474,35376,indoor,"clean_room, museum/indoor, beauty_salon, dressing_room, science_museum",23584
1475,35400,indoor,"museum/indoor, natural_history_museum, science_museum, archive, clean_room",23584
1476,35424,indoor,"museum/indoor, archive, natural_history_museum, science_museum, clean_room",23584
1477,35448,indoor,"dressing_room, art_studio, shower, art_gallery, artists_loft",23584
1478,35472,indoor,"museum/indoor, natural_history_museum, science_museum, clean_room, art_gallery",23584
1479,35496,indoor,"museum/indoor, art_gallery, shower, art_studio, artists_loft",23584
1480,35520,indoor,"museum/indoor, science_museum, natural_history_museum, archive, art_gallery",23584
1481,35544,indoor,"museum/indoor, natural_history_museum, science_museum, archive, art_gallery",23584
1482,35568,indoor,"museum/indoor, science_museum, natural_history_museum, archive, art_gallery",23584
1483,35592,indoor,"clean_room, dressing_room, clothing_store, shower, art_gallery",23584
1484,35616,indoor,"museum/indoor, natural_history_museum, science_museum, art_gallery, archive",23584
1485,35640,indoor,"museum/indoor, natural_history_museum, science_museum, art_gallery, archive",23584
1486,35664,indoor,"museum/indoor, natural_history_museum, science_museum, art_gallery, stage/indoor",23584
1487,35688,indoor,"museum/indoor, natural_history_museum, science_museum, art_gallery, archive",23584
1488,35712,indoor,"museum/indoor, natural_history_museum, science_museum, art_gallery, archive",23584
1489,35736,indoor,"museum/indoor, natural_history_museum, science_museum, art_gallery, stage/indoor",23584
1490,35760,indoor,"museum/indoor, natural_history_museum, science_museum, art_gallery, archive",23584
1491,35784,indoor,"museum/indoor, natural_history_museum, science_museum, art_gallery, archive",23584
1492,35808,indoor,"museum/indoor, natural_history_museum, science_museum, art_gallery, archive",23584
1493,35832,indoor,"museum/indoor, natural_history_museum, science_museum, art_gallery, archive",23584
1494,35856,indoor,"museum/indoor, natural_history_museum, science_museum, art_gallery, archive",23584
1495,35880,indoor,"museum/indoor, art_gallery, science_museum, natural_history_museum, archive",23584
1496,35904,indoor,"museum/indoor, stage/indoor, art_gallery, science_museum, natural_history_museum",23584
1497,35928,indoor,"museum/indoor, stage/indoor, natural_history_museum, music_studio, archive",23584
1498,35952,indoor,"museum/indoor, stage/indoor, art_gallery, music_studio, discotheque",23584
1499,35976,indoor,"museum/indoor, stage/indoor, art_gallery, ballroom, art_studio",23584
1500,36000,indoor,"museum/indoor, natural_history_museum, science_museum, archive, art_gallery",23584
1501,36024,indoor,"museum/indoor, natural_history_museum, science_museum, archive, art_gallery",23584
1502,36048,indoor,"museum/indoor, natural_history_museum, science_museum, archive, art_gallery",23584
1503,36072,indoor,"museum/indoor, natural_history_museum, science_museum, art_gallery, archive",23584
1504,36096,indoor,"dressing_room, art_gallery, clean_room, discotheque, museum/indoor",23584
1505,36120,indoor,"dressing_room, clean_room, locker_room, music_studio, art_gallery",23584
1506,36144,indoor,"dressing_room, clean_room, museum/indoor, art_gallery, locker_room",23584
1507,36168,indoor,"dressing_room, clean_room, museum/indoor, art_gallery, office",23584
1508,36192,indoor,"museum/indoor, art_gallery, natural_history_museum, archive, science_museum",23584
1509,36216,indoor,"museum/indoor, art_gallery, natural_history_museum, archive, science_museum",23584
1510,36240,indoor,"museum/indoor, dressing_room, art_gallery, music_studio, art_studio",23584
1511,36264,indoor,"museum/indoor, art_gallery, dressing_room, art_studio, music_studio",23584
1512,36288,indoor,"museum/indoor, art_gallery, science_museum, natural_history_museum, beauty_salon",23584
1513,36312,indoor,"museum/indoor, television_studio, dressing_room, archive, beauty_salon",23584
1514,36336,indoor,"museum/indoor, archive, science_museum, natural_history_museum, art_gallery",23584
1515,36360,indoor,"museum/indoor, archive, science_museum, natural_history_museum, art_gallery",23584
1516,36384,indoor,"museum/indoor, archive, science_museum, natural_history_museum, art_gallery",23584
1517,36408,indoor,"museum/indoor, archive, natural_history_museum, science_museum, art_gallery",23584
1518,36432,indoor,"museum/indoor, archive, natural_history_museum, science_museum, art_gallery",23584
1519,36456,indoor,"museum/indoor, archive, art_gallery, dressing_room, natural_history_museum",23584
1520,36480,indoor,"museum/indoor, archive, dressing_room, art_gallery, natural_history_museum",23584
1521,36504,indoor,"museum/indoor, archive, art_gallery, dressing_room, natural_history_museum",23584
1522,36528,indoor,"dressing_room, music_studio, discotheque, stage/indoor, television_studio",23584
1523,36552,indoor,"music_studio, art_gallery, museum/indoor, art_studio, dressing_room",23584
1524,36576,indoor,"museum/indoor, science_museum, dressing_room, art_gallery, beauty_salon",23584
1525,36600,indoor,"museum/indoor, natural_history_museum, science_museum, television_studio, archive",23584
1526,36624,indoor,"museum/indoor, archive, dressing_room, television_studio, beauty_salon",23584
1527,36648,indoor,"museum/indoor, dressing_room, art_studio, art_gallery, music_studio",23584
1528,36672,indoor,"museum/indoor, natural_history_museum, science_museum, stage/indoor, music_studio",23584
1529,36696,indoor,"music_studio, dressing_room, television_studio, museum/indoor, stage/indoor",23584
1530,36720,indoor,"museum/indoor, stage/indoor, music_studio, art_gallery, natural_history_museum",23584
1531,36744,indoor,"museum/indoor, art_gallery, music_studio, art_studio, dressing_room",23584
1532,36768,indoor,"art_gallery, museum/indoor, basement, dressing_room, art_studio",23584
1533,36792,indoor,"martial_arts_gym, clean_room, dressing_room, locker_room, art_gallery",23584
1534,36816,indoor,"shower, bathroom, clean_room, bank_vault, elevator/door",23584
1535,36840,indoor,"shower, bathroom, elevator/door, clean_room, bank_vault",23584
1536,36864,indoor,"clean_room, bathroom, shower, elevator/door, bank_vault",23584
1537,36888,indoor,"shower, bathroom, clean_room, elevator/door, bank_vault",23584
1538,36912,indoor,"shower, clean_room, bathroom, bow_window/indoor, bank_vault",23584
1539,36936,indoor,"shower, bow_window/indoor, clean_room, bathroom, sauna",23584
1540,36960,indoor,"bow_window/indoor, sauna, shower, hotel_room, closet",23584
1541,36984,indoor,"bow_window/indoor, sauna, hotel_room, nursery, dorm_room",23584
1542,37008,indoor,"shower, clean_room, locker_room, bank_vault, elevator/door",23584
1543,37032,indoor,"shower, locker_room, clean_room, basement, science_museum",23584
1544,37056,indoor,"locker_room, shower, clean_room, basement, science_museum",23584
1545,37080,indoor,"locker_room, shower, clean_room, server_room, bathroom",23584
1546,37104,indoor,"shower, bank_vault, elevator/door, bathroom, locker_room",23584
1547,37128,indoor,"bow_window/indoor, locker_room, shower, sauna, hotel_room",23584
1548,37152,indoor,"bow_window/indoor, locker_room, jail_cell, shower, bathroom",23584
1549,37176,indoor,"locker_room, shower, bathroom, jail_cell, bow_window/indoor",23584
1550,37200,indoor,"bow_window/indoor, locker_room, shower, jail_cell, bathroom",23584
1551,37224,indoor,"bow_window/indoor, shower, locker_room, sauna, jail_cell",23584
1552,37248,indoor,"dressing_room, museum/indoor, clean_room, locker_room, sauna",23584
1553,37272,indoor,"bank_vault, office, shower, bathroom, clean_room",23584
1554,37296,indoor,"living_room, bow_window/indoor, waiting_room, hotel_room, bedroom",23584
1555,37320,indoor,"bow_window/indoor, living_room, hotel_room, artists_loft, alcove",23584
1556,37344,indoor,"bow_window/indoor, living_room, hotel_room, clean_room, closet",23584
1557,37368,indoor,"shower, bow_window/indoor, bathroom, clean_room, elevator/door",23584
1558,37392,indoor,"shower, bow_window/indoor, museum/indoor, clean_room, art_gallery",23584
1559,37416,indoor,"shower, museum/indoor, bow_window/indoor, art_gallery, clean_room",23584
1560,37440,indoor,"bow_window/indoor, shower, museum/indoor, art_gallery, clean_room",23584
1561,37464,indoor,"shower, museum/indoor, clean_room, art_gallery, bow_window/indoor",23584
1562,37488,indoor,"museum/indoor, clean_room, science_museum, natural_history_museum, shower",23584
1563,37512,indoor,"shower, clean_room, museum/indoor, bow_window/indoor, art_gallery",23584
1564,37536,indoor,"clean_room, shower, museum/indoor, dressing_room, closet",23584
1565,37560,indoor,"closet, dressing_room, shower, clean_room, locker_room",23584
1566,37584,indoor,"clean_room, shower, elevator/door, sauna, bow_window/indoor",23584
1567,37608,indoor,"clean_room, shower, closet, elevator/door, hospital_room",23584
1568,37632,indoor,"clean_room, locker_room, shower, elevator/door, dressing_room",23584
1569,37656,indoor,"dressing_room, clean_room, museum/indoor, locker_room, shower",23584
1570,37680,indoor,"dressing_room, clothing_store, museum/indoor, clean_room, locker_room",23584
1571,37704,indoor,"dressing_room, clothing_store, locker_room, museum/indoor, art_gallery",23584
1572,37728,indoor,"dressing_room, clean_room, museum/indoor, locker_room, elevator/door",23584
1573,37752,indoor,"dressing_room, clean_room, clothing_store, museum/indoor, art_gallery",23584
1574,37776,indoor,"artists_loft, art_gallery, entrance_hall, corridor, bow_window/indoor",23584
1575,37800,indoor,"artists_loft, bow_window/indoor, entrance_hall, corridor, art_gallery",23584
1576,37824,indoor,"artists_loft, bow_window/indoor, shower, bathroom, clean_room",23584
1577,37848,indoor,"artists_loft, bow_window/indoor, entrance_hall, shower, museum/indoor",23584
1578,37872,indoor,"artists_loft, art_gallery, museum/indoor, dressing_room, clean_room",23584
1579,37896,indoor,"artists_loft, museum/indoor, art_gallery, clean_room, dressing_room",23584
1580,37920,indoor,"museum/indoor, clean_room, natural_history_museum, science_museum, archive",23584
1581,37944,indoor,"museum/indoor, clean_room, science_museum, art_gallery, natural_history_museum",23584
1582,37968,indoor,"museum/indoor, clean_room, science_museum, art_gallery, natural_history_museum",23584
1583,37992,indoor,"clean_room, museum/indoor, dressing_room, art_gallery, artists_loft",23584
1584,38016,indoor,"clean_room, museum/indoor, artists_loft, dressing_room, art_gallery",23584
1585,38040,indoor,"museum/indoor, artists_loft, clean_room, dressing_room, art_gallery",23584
1586,38064,indoor,"clean_room, museum/indoor, dressing_room, art_gallery, artists_loft",23584
1587,38088,indoor,"clean_room, museum/indoor, dressing_room, art_gallery, artists_loft",23584
1588,38112,indoor,"clean_room, museum/indoor, art_gallery, dressing_room, artists_loft",23584
1589,38136,indoor,"museum/indoor, science_museum, natural_history_museum, clean_room, art_gallery",23584
1590,38160,indoor,"museum/indoor, shower, clean_room, dressing_room, clothing_store",23584
1591,38184,indoor,"museum/indoor, shower, clean_room, science_museum, art_gallery",23584
1592,38208,indoor,"clean_room, shower, dressing_room, museum/indoor, locker_room",23584
1593,38232,indoor,"clean_room, museum/indoor, bow_window/indoor, shower, dressing_room",23584
1594,38256,indoor,"clean_room, living_room, beauty_salon, lobby, entrance_hall",23584
1595,38280,indoor,"clean_room, museum/indoor, bow_window/indoor, beauty_salon, lobby",23584
1596,38304,indoor,"clean_room, living_room, entrance_hall, bow_window/indoor, dressing_room",23584
1597,38328,indoor,"clean_room, museum/indoor, beauty_salon, lobby, bow_window/indoor",23584
1598,38352,indoor,"clean_room, museum/indoor, beauty_salon, lobby, bow_window/indoor",23584
1599,38376,indoor,"living_room, dressing_room, entrance_hall, clean_room, bow_window/indoor",23584
1600,38400,indoor,"living_room, bow_window/indoor, dressing_room, clean_room, artists_loft",23584
1601,38424,indoor,"clean_room, museum/indoor, beauty_salon, dressing_room, operating_room",23584
1602,38448,indoor,"nursery, bow_window/indoor, museum/indoor, office, clean_room",23584
1603,38472,indoor,"clean_room, dressing_room, museum/indoor, office, art_gallery",23584
1604,38496,indoor,"clean_room, dressing_room, locker_room, bow_window/indoor, archive",23584
1605,38520,indoor,"dressing_room, clean_room, clothing_store, museum/indoor, bow_window/indoor",23584
1606,38544,indoor,"dressing_room, office, clean_room, home_office, dining_room",23584
1607,38568,indoor,"dressing_room, museum/indoor, clean_room, bow_window/indoor, office",23584
1608,38592,indoor,"clean_room, dressing_room, museum/indoor, clothing_store, office",23584
1609,38616,indoor,"clean_room, dressing_room, museum/indoor, office, bow_window/indoor",23584
1610,38640,indoor,"museum/indoor, dressing_room, clean_room, art_gallery, clothing_store",23584
1611,38664,indoor,"dressing_room, clean_room, bow_window/indoor, museum/indoor, bathroom",23584
1612,38688,indoor,"museum/indoor, clean_room, dressing_room, art_gallery, clothing_store",23584
1613,38712,indoor,"museum/indoor, clean_room, dressing_room, archive, art_gallery",23584
1614,38736,indoor,"museum/indoor, clean_room, archive, dressing_room, nursery",23584
1615,38760,indoor,"dressing_room, clean_room, office, bow_window/indoor, museum/indoor",23584
1616,38784,indoor,"closet, bow_window/indoor, shower, nursery, clean_room",23584
1617,38808,indoor,"clean_room, nursery, closet, shower, hospital_room",23584
1618,38832,indoor,"museum/indoor, shower, clean_room, nursery, hospital_room",23584
1619,38856,indoor,"museum/indoor, natural_history_museum, science_museum, archive, shower",23584
1620,38880,indoor,"museum/indoor, natural_history_museum, science_museum, archive, shower",23584
1621,38904,indoor,"museum/indoor, natural_history_museum, science_museum, archive, shower",23584
1622,38928,indoor,"clean_room, clothing_store, dressing_room, closet, bow_window/indoor",23584
1623,38952,indoor,"clean_room, dressing_room, museum/indoor, closet, art_gallery",23584
1624,38976,indoor,"dressing_room, shower, art_gallery, museum/indoor, science_museum",23584
1625,39000,indoor,"dressing_room, shower, art_gallery, museum/indoor, locker_room",23584
1626,39024,indoor,"dressing_room, shower, museum/indoor, art_gallery, locker_room",23584
1627,39048,indoor,"conference_center, television_studio, museum/indoor, stage/indoor, office",23584
1628,39072,indoor,"museum/indoor, conference_center, television_studio, beauty_salon, stage/indoor",23584
1629,39096,indoor,"museum/indoor, clean_room, shower, nursery, hospital_room",23584
1630,39120,indoor,"museum/indoor, shower, natural_history_museum, clean_room, archive",23584
1631,39144,indoor,"museum/indoor, clean_room, nursery, art_gallery, archive",23584
1632,39168,indoor,"museum/indoor, nursery, wind_farm, bow_window/indoor, shower",23584
1633,39192,indoor,"clean_room, shower, locker_room, operating_room, dressing_room",23584
1634,39216,indoor,"museum/indoor, clean_room, natural_history_museum, art_gallery, science_museum",23584
1635,39240,indoor,"clean_room, museum/indoor, art_gallery, bow_window/indoor, clothing_store",23584
1636,39264,indoor,"bow_window/indoor, clothing_store, clean_room, museum/indoor, atrium/public",23584
1637,39288,indoor,"shower, museum/indoor, natural_history_museum, bow_window/indoor, clothing_store",23584
1638,39312,indoor,"shower, bow_window/indoor, wind_farm, clean_room, atrium/public",23584
1639,39336,indoor,"shower, clean_room, nursery, museum/indoor, bow_window/indoor",23584
1640,39360,indoor,"shower, clean_room, museum/indoor, bow_window/indoor, natural_history_museum",23584
1641,39384,indoor,"television_studio, computer_room, lecture_room, office_cubicles, reception",23584
1642,39408,indoor,"television_studio, reception, computer_room, office_cubicles, office",23584
1643,39432,indoor,"television_studio, reception, museum/indoor, office, office_cubicles",23584
1644,39456,indoor,"television_studio, computer_room, reception, office, lecture_room",23584
1645,39480,indoor,"computer_room, lecture_room, office_cubicles, waiting_room, office",23584
1646,39504,indoor,"clean_room, museum/indoor, closet, shower, natural_history_museum",23584
1647,39528,indoor,"shower, museum/indoor, clean_room, nursery, clothing_store",23584
1648,39552,indoor,"clean_room, nursery, closet, natural_history_museum, clothing_store",23584
1649,39576,indoor,"shower, clean_room, natural_history_museum, dressing_room, clothing_store",23584
1650,39600,indoor,"shower, closet, bathroom, clean_room, bow_window/indoor",23584
1651,39624,indoor,"nursery, museum/indoor, shower, bow_window/indoor, natural_history_museum",23584
1652,39648,indoor,"shower, clean_room, nursery, museum/indoor, bow_window/indoor",23584
1653,39672,indoor,"clean_room, locker_room, archive, server_room, jail_cell",23584
1654,39696,indoor,"archive, museum/indoor, clean_room, beauty_salon, dressing_room",23584
1655,39720,indoor,"archive, clean_room, hospital_room, office, pharmacy",23584
1656,39744,indoor,"archive, clean_room, beauty_salon, museum/indoor, library/indoor",23584
1657,39768,indoor,"archive, library/indoor, waiting_room, clean_room, hospital_room",23584
1658,39792,indoor,"clothing_store, dressing_room, closet, museum/indoor, clean_room",23584
1659,39816,indoor,"clean_room, dressing_room, museum/indoor, art_gallery, clothing_store",23584
1660,39840,indoor,"museum/indoor, dressing_room, clean_room, clothing_store, department_store",23584
1661,39864,indoor,"museum/indoor, clean_room, dressing_room, clothing_store, department_store",23584
1662,39888,indoor,"museum/indoor, clean_room, archive, science_museum, music_studio",23584
1663,39912,indoor,"archive, clean_room, museum/indoor, library/indoor, office",23584
1664,39936,indoor,"archive, library/indoor, office, office_cubicles, waiting_room",23584
1665,39960,indoor,"archive, clean_room, office, office_cubicles, computer_room",23584
1666,39984,indoor,"clean_room, archive, office, biology_laboratory, locker_room",23584
1667,40008,indoor,"clean_room, archive, office_cubicles, office, reception",23584
1668,40032,indoor,"clean_room, archive, locker_room, hospital_room, operating_room",23584
1669,40056,indoor,"locker_room, dressing_room, clean_room, archive, office_cubicles",23584
1670,40080,indoor,"clean_room, dressing_room, locker_room, music_studio, television_studio",23584
1671,40104,indoor,"clean_room, martial_arts_gym, dressing_room, locker_room, television_studio",23584
1672,40128,indoor,"dressing_room, clean_room, closet, clothing_store, art_gallery",23584
1673,40152,indoor,"dressing_room, clean_room, clothing_store, closet, museum/indoor",23584
1674,40176,indoor,"clean_room, dressing_room, clothing_store, closet, museum/indoor",23584
1675,40200,indoor,"clean_room, dressing_room, locker_room, martial_arts_gym, television_studio",23584
1676,40224,indoor,"clean_room, dressing_room, locker_room, television_studio, martial_arts_gym",23584
1677,40248,indoor,"locker_room, clean_room, dressing_room, martial_arts_gym, hospital_room",23584
1678,40272,indoor,"locker_room, clean_room, dressing_room, martial_arts_gym, office_cubicles",23584
1679,40296,indoor,"locker_room, dressing_room, clean_room, martial_arts_gym, archive",23584
1680,40320,indoor,"locker_room, clean_room, dressing_room, archive, office",23584
1681,40344,indoor,"locker_room, clean_room, dressing_room, archive, martial_arts_gym",23584
1682,40368,indoor,"locker_room, clean_room, martial_arts_gym, dressing_room, archive",23584
1683,40392,indoor,"clean_room, locker_room, dressing_room, martial_arts_gym, television_studio",23584
1684,40416,indoor,"clean_room, locker_room, dressing_room, martial_arts_gym, archive",23584
1685,40440,indoor,"clean_room, museum/indoor, dressing_room, clothing_store, art_gallery",23584
1686,40464,indoor,"clean_room, museum/indoor, art_gallery, dressing_room, clothing_store",23584
1687,40488,indoor,"clean_room, locker_room, archive, dressing_room, office_cubicles",23584
1688,40512,indoor,"clean_room, dressing_room, locker_room, music_studio, television_studio",23584
1689,40536,indoor,"clean_room, locker_room, dressing_room, music_studio, archive",23584
1690,40560,indoor,"locker_room, clean_room, music_studio, dressing_room, martial_arts_gym",23584
1691,40584,indoor,"locker_room, clean_room, archive, dressing_room, office",23584
1692,40608,indoor,"clean_room, locker_room, archive, office_cubicles, office",23584
1693,40632,indoor,"locker_room, dressing_room, clean_room, office, music_studio",23584
1694,40656,indoor,"locker_room, dressing_room, clean_room, office, television_studio",23584
1695,40680,indoor,"dressing_room, locker_room, clean_room, music_studio, office",23584
1696,40704,indoor,"clean_room, locker_room, music_studio, dressing_room, archive",23584
1697,40728,indoor,"locker_room, music_studio, dressing_room, clean_room, martial_arts_gym",23584
1698,40752,indoor,"locker_room, archive, clean_room, office_cubicles, museum/indoor",23584
1699,40776,indoor,"locker_room, archive, clean_room, museum/indoor, martial_arts_gym",23584
1700,40800,indoor,"locker_room, dressing_room, clean_room, martial_arts_gym, archive",23584
1701,40824,indoor,"archive, clean_room, museum/indoor, locker_room, music_studio",23584
1702,40848,indoor,"clean_room, museum/indoor, archive, science_museum, locker_room",23584
1703,40872,indoor,"clean_room, museum/indoor, locker_room, archive, bow_window/indoor",23584
1704,40896,indoor,"clean_room, museum/indoor, bow_window/indoor, shower, elevator/door",23584
1705,40920,indoor,"dressing_room, clean_room, shower, bathroom, art_studio",23584
1706,40944,indoor,"clean_room, dressing_room, shower, bathroom, sauna",23584
1707,40968,indoor,"dressing_room, clean_room, museum/indoor, locker_room, beauty_salon",23584
1708,40992,indoor,"dressing_room, clean_room, office, beauty_salon, artists_loft",23584
1709,41016,indoor,"clean_room, dressing_room, archive, locker_room, artists_loft",23584
1710,41040,indoor,"clean_room, dressing_room, archive, office, locker_room",23584
1711,41064,indoor,"dressing_room, living_room, clean_room, beauty_salon, bow_window/indoor",23584
1712,41088,indoor,"living_room, dressing_room, clean_room, beauty_salon, artists_loft",23584
1713,41112,indoor,"dressing_room, clean_room, living_room, locker_room, bow_window/indoor",23584
1714,41136,indoor,"clean_room, living_room, beauty_salon, dressing_room, lobby",23584
1715,41160,indoor,"clean_room, archive, museum/indoor, beauty_salon, office",23584
1716,41184,indoor,"clean_room, museum/indoor, archive, beauty_salon, library/indoor",23584
1717,41208,indoor,"clean_room, museum/indoor, archive, library/indoor, beauty_salon",23584
1718,41232,indoor,"museum/indoor, natural_history_museum, science_museum, archive, art_gallery",23584
1719,41256,indoor,"museum/indoor, natural_history_museum, science_museum, archive, dressing_room",23584
1720,41280,indoor,"museum/indoor, natural_history_museum, science_museum, archive, dressing_room",23584
1721,41304,indoor,"museum/indoor, dressing_room, science_museum, natural_history_museum, art_gallery",23584
1722,41328,indoor,"dressing_room, museum/indoor, art_gallery, office, archive",23584
1723,41352,indoor,"museum/indoor, dressing_room, science_museum, art_gallery, stage/indoor",23584
1724,41376,indoor,"dressing_room, museum/indoor, art_gallery, bow_window/indoor, science_museum",23584
1725,41400,indoor,"museum/indoor, dressing_room, natural_history_museum, science_museum, art_gallery",23584
1726,41424,indoor,"museum/indoor, dressing_room, natural_history_museum, science_museum, art_gallery",23584
1727,41448,indoor,"museum/indoor, dressing_room, natural_history_museum, science_museum, art_gallery",23584
1728,41472,indoor,"museum/indoor, natural_history_museum, dressing_room, science_museum, art_gallery",23584
1729,41496,indoor,"dressing_room, museum/indoor, shower, art_gallery, bow_window/indoor",23584
1730,41520,indoor,"dressing_room, museum/indoor, art_gallery, shower, elevator/door",23584
1731,41544,indoor,"dressing_room, museum/indoor, stage/indoor, clean_room, office",23584
1732,41568,indoor,"dressing_room, museum/indoor, stage/indoor, office, music_studio",23584
1733,41592,indoor,"museum/indoor, office, archive, dressing_room, conference_center",23584
1734,41616,indoor,"museum/indoor, office, archive, conference_center, dressing_room",23584
1735,41640,indoor,"bow_window/indoor, shower, dressing_room, jail_cell, bathroom",23584
1736,41664,indoor,"art_gallery, art_studio, music_studio, museum/indoor, science_museum",23584
1737,41688,indoor,"elevator/door, dressing_room, music_studio, art_gallery, nursery",23584
1738,41712,indoor,"bow_window/indoor, shower, elevator/door, bathroom, dorm_room",23584
1739,41736,indoor,"clean_room, dressing_room, office, beauty_salon, chemistry_lab",23584
1740,41760,indoor,"dressing_room, clean_room, office, discotheque, beauty_salon",23584
1741,41784,indoor,"dressing_room, clean_room, beauty_salon, museum/indoor, discotheque",23584
1742,41808,indoor,"dressing_room, clean_room, operating_room, martial_arts_gym, beauty_salon",23584
1743,41832,indoor,"clean_room, dressing_room, martial_arts_gym, hospital_room, discotheque",23584
1744,41856,indoor,"dressing_room, clean_room, beauty_salon, office, hospital_room",23584
1745,41880,indoor,"dressing_room, clean_room, office, hospital_room, beauty_salon",23584
1746,41904,indoor,"dressing_room, clean_room, beauty_salon, office, archive",23584
1747,41928,indoor,"dressing_room, museum/indoor, beauty_salon, clean_room, archive",23584
1748,41952,indoor,"clean_room, dressing_room, beauty_salon, museum/indoor, archive",23584
1749,41976,indoor,"dressing_room, clean_room, office, locker_room, music_studio",23584
1750,42000,indoor,"dressing_room, clean_room, office, music_studio, beauty_salon",23584
1751,42024,indoor,"clean_room, dressing_room, music_studio, office, museum/indoor",23584
1752,42048,indoor,"dressing_room, clean_room, office, music_studio, locker_room",23584
1753,42072,indoor,"dressing_room, clean_room, office, music_studio, stage/indoor",23584
1754,42096,indoor,"dressing_room, clean_room, hospital_room, office, nursing_home",23584
1755,42120,indoor,"dressing_room, clean_room, museum/indoor, beauty_salon, office",23584
1756,42144,indoor,"dressing_room, clean_room, beauty_salon, office, hospital_room",23584
1757,42168,indoor,"dressing_room, clean_room, museum/indoor, beauty_salon, music_studio",23584
1758,42192,indoor,"dressing_room, clean_room, museum/indoor, music_studio, clothing_store",23584
1759,42216,indoor,"clean_room, museum/indoor, dressing_room, operating_room, office",23584
1760,42240,indoor,"clean_room, museum/indoor, dressing_room, office, operating_room",23584
1761,42264,indoor,"clean_room, dressing_room, office, music_studio, discotheque",23584
1762,42288,indoor,"clean_room, beauty_salon, museum/indoor, dressing_room, biology_laboratory",23584
1763,42312,indoor,"museum/indoor, beauty_salon, clean_room, lecture_room, science_museum",23584
1764,42336,indoor,"beauty_salon, clean_room, museum/indoor, science_museum, discotheque",23584
1765,42360,indoor,"clean_room, dressing_room, beauty_salon, hospital_room, chemistry_lab",23584
1766,42384,indoor,"clean_room, beauty_salon, dressing_room, chemistry_lab, biology_laboratory",23584
1767,42408,indoor,"dressing_room, museum/indoor, clean_room, beauty_salon, lecture_room",23584
1768,42432,indoor,"clean_room, beauty_salon, hospital_room, dressing_room, chemistry_lab",23584
1769,42456,indoor,"beauty_salon, clean_room, dressing_room, hospital_room, chemistry_lab",23584
1770,42480,indoor,"clean_room, museum/indoor, beauty_salon, dressing_room, hospital_room",23584
1771,42504,indoor,"clean_room, museum/indoor, dressing_room, beauty_salon, discotheque",23584
1772,42528,indoor,"clean_room, museum/indoor, dressing_room, beauty_salon, stage/indoor",23584
1773,42552,indoor,"clean_room, museum/indoor, dressing_room, stage/indoor, beauty_salon",23584
1774,42576,indoor,"clean_room, dressing_room, stage/indoor, chemistry_lab, museum/indoor",23584
1775,42600,indoor,"dressing_room, clean_room, museum/indoor, discotheque, beauty_salon",23584
1776,42624,indoor,"museum/indoor, clean_room, dressing_room, stage/indoor, discotheque",23584
1777,42648,indoor,"dressing_room, clean_room, museum/indoor, locker_room, nursery",23584
1778,42672,indoor,"museum/indoor, clean_room, natural_history_museum, archive, dressing_room",23584
1779,42696,indoor,"museum/indoor, clean_room, dressing_room, archive, music_studio",23584
1780,42720,indoor,"dressing_room, museum/indoor, clean_room, locker_room, sauna",23584
1781,42744,indoor,"dressing_room, museum/indoor, clean_room, locker_room, nursery",23584
1782,42768,indoor,"dressing_room, museum/indoor, nursery, locker_room, clean_room",23584
1783,42792,indoor,"dressing_room, museum/indoor, nursery, clean_room, art_gallery",23584
1784,42816,indoor,"museum/indoor, dressing_room, art_gallery, clean_room, nursery",23584
1785,42840,indoor,"museum/indoor, archive, dressing_room, clean_room, science_museum",23584
1786,42864,indoor,"dressing_room, museum/indoor, clean_room, art_gallery, nursery",23584
1787,42888,indoor,"dressing_room, museum/indoor, clean_room, locker_room, nursery",23584
1788,42912,indoor,"museum/indoor, dressing_room, clean_room, archive, beauty_salon",23584
1789,42936,indoor,"museum/indoor, dressing_room, clean_room, beauty_salon, archive",23584
1790,42960,indoor,"dressing_room, beauty_salon, office, locker_room, clean_room",23584
1791,42984,indoor,"dressing_room, clean_room, beauty_salon, museum/indoor, office",23584
1792,43008,indoor,"dressing_room, clean_room, music_studio, discotheque, beauty_salon",23584
1793,43032,indoor,"dressing_room, clean_room, museum/indoor, beauty_salon, office",23584
1794,43056,indoor,"museum/indoor, clean_room, dressing_room, archive, television_studio",23584
1795,43080,indoor,"museum/indoor, clean_room, science_museum, archive, natural_history_museum",23584
1796,43104,indoor,"museum/indoor, clean_room, science_museum, archive, natural_history_museum",23584
1797,43128,indoor,"museum/indoor, clean_room, archive, science_museum, dressing_room",23584
1798,43152,indoor,"museum/indoor, archive, clean_room, science_museum, natural_history_museum",23584
1799,43176,indoor,"museum/indoor, clean_room, archive, dressing_room, music_studio",23584
1800,43200,indoor,"museum/indoor, archive, clean_room, science_museum, natural_history_museum",23584
1801,43224,indoor,"museum/indoor, clean_room, archive, science_museum, natural_history_museum",23584
1802,43248,indoor,"museum/indoor, archive, clean_room, natural_history_museum, science_museum",23584
1803,43272,indoor,"dressing_room, clean_room, museum/indoor, locker_room, stage/indoor",23584
1804,43296,indoor,"museum/indoor, clean_room, dressing_room, archive, natural_history_museum",23584
1805,43320,indoor,"museum/indoor, clean_room, archive, dressing_room, science_museum",23584
1806,43344,indoor,"museum/indoor, clean_room, dressing_room, archive, music_studio",23584
1807,43368,indoor,"museum/indoor, clean_room, dressing_room, archive, music_studio",23584
1808,43392,indoor,"museum/indoor, clean_room, dressing_room, archive, natural_history_museum",23584
1809,43416,indoor,"clean_room, museum/indoor, dressing_room, music_studio, archive",23584
1810,43440,indoor,"clean_room, museum/indoor, dressing_room, music_studio, archive",23584
1811,43464,indoor,"clean_room, dressing_room, museum/indoor, music_studio, operating_room",23584
1812,43488,indoor,"clean_room, dressing_room, museum/indoor, music_studio, stage/indoor",23584
1813,43512,indoor,"dressing_room, clean_room, locker_room, sauna, elevator/door",23584
1814,43536,indoor,"museum/indoor, elevator/door, archive, art_gallery, elevator_lobby",23584
1815,43560,indoor,"museum/indoor, art_gallery, archive, elevator/door, elevator_lobby",23584
1816,43584,indoor,"museum/indoor, archive, lecture_room, music_studio, conference_center",23584
1817,43608,indoor,"museum/indoor, archive, office, music_studio, dressing_room",23584
1818,43632,indoor,"locker_room, dressing_room, office, clean_room, archive",23584
1819,43656,indoor,"dressing_room, clean_room, stage/indoor, office, locker_room",23584
1820,43680,indoor,"dressing_room, shower, stage/indoor, locker_room, music_studio",23584
1821,43704,indoor,"dressing_room, office, bow_window/indoor, elevator/door, museum/indoor",23584
1822,43728,indoor,"bathroom, shower, reception, hotel_room, jacuzzi/indoor",23584
1823,43752,indoor,"nursery, clean_room, bathroom, art_gallery, dressing_room",23584
1824,43776,indoor,"hotel_room, bedroom, living_room, bedchamber, hospital_room",23584
1825,43800,indoor,"art_gallery, dressing_room, office, music_studio, museum/indoor",23584
1826,43824,indoor,"office, archive, beauty_salon, reception, office_cubicles",23584
1827,43848,indoor,"archive, museum/indoor, beauty_salon, clean_room, office",23584
1828,43872,indoor,"beauty_salon, museum/indoor, archive, clean_room, office",23584
1829,43896,indoor,"museum/indoor, archive, beauty_salon, clean_room, office",23584
1830,43920,indoor,"museum/indoor, beauty_salon, archive, reception, office",23584
1831,43944,indoor,"dressing_room, office, archive, clean_room, nursery",23584
1832,43968,indoor,"archive, dressing_room, museum/indoor, office, clean_room",23584
1833,43992,indoor,"museum/indoor, archive, dressing_room, office, beauty_salon",23584
1834,44016,indoor,"museum/indoor, dressing_room, archive, office, beauty_salon",23584
1835,44040,indoor,"dressing_room, archive, office, clean_room, nursery",23584
1836,44064,indoor,"dressing_room, clean_room, archive, beauty_salon, office",23584
1837,44088,indoor,"clean_room, archive, office, dressing_room, museum/indoor",23584
1838,44112,indoor,"museum/indoor, dressing_room, archive, office, clean_room",23584
1839,44136,indoor,"museum/indoor, archive, dressing_room, natural_history_museum, clean_room",23584
1840,44160,indoor,"museum/indoor, archive, dressing_room, clean_room, natural_history_museum",23584
1841,44184,indoor,"archive, clean_room, office, dressing_room, music_studio",23584
1842,44208,indoor,"dressing_room, office, clean_room, archive, beauty_salon",23584
1843,44232,indoor,"dressing_room, clean_room, office, archive, nursery",23584
1844,44256,indoor,"clean_room, beauty_salon, office, archive, dressing_room",23584
1845,44280,indoor,"archive, museum/indoor, music_studio, office, dressing_room",23584
1846,44304,indoor,"dressing_room, bathroom, discotheque, beauty_salon, museum/indoor",23584
1847,44328,indoor,"museum/indoor, natural_history_museum, dressing_room, beauty_salon, science_museum",23584
1848,44352,indoor,"museum/indoor, dressing_room, natural_history_museum, beauty_salon, art_gallery",23584
1849,44376,indoor,"museum/indoor, natural_history_museum, dressing_room, beauty_salon, art_gallery",23584
1850,44400,indoor,"museum/indoor, natural_history_museum, dressing_room, science_museum, art_gallery",23584
1851,44424,indoor,"dressing_room, beauty_salon, museum/indoor, music_studio, discotheque",23584
1852,44448,indoor,"dressing_room, beauty_salon, music_studio, discotheque, museum/indoor",23584
1853,44472,indoor,"dressing_room, music_studio, discotheque, beauty_salon, ballroom",23584
1854,44496,indoor,"dressing_room, museum/indoor, beauty_salon, martial_arts_gym, natural_history_museum",23584
1855,44520,indoor,"museum/indoor, natural_history_museum, beauty_salon, dressing_room, archive",23584
1856,44544,indoor,"museum/indoor, natural_history_museum, beauty_salon, archive, science_museum",23584
1857,44568,indoor,"dressing_room, bathroom, museum/indoor, beauty_salon, shower",23584
1858,44592,indoor,"dressing_room, museum/indoor, bathroom, shower, beauty_salon",23584
1859,44616,indoor,"dressing_room, bathroom, shower, nursery, sauna",23584
1860,44640,indoor,"dressing_room, museum/indoor, music_studio, natural_history_museum, archive",23584
1861,44664,indoor,"dressing_room, museum/indoor, music_studio, locker_room, office",23584
1862,44688,indoor,"dressing_room, museum/indoor, music_studio, office, natural_history_museum",23584
1863,44712,indoor,"dressing_room, museum/indoor, music_studio, beauty_salon, office",23584
1864,44736,indoor,"dressing_room, bathroom, hotel_room, beauty_salon, discotheque",23584
1865,44760,indoor,"dressing_room, music_studio, bathroom, nursery, office",23584
1866,44784,indoor,"museum/indoor, natural_history_museum, dressing_room, science_museum, beauty_salon",23584
1867,44808,indoor,"museum/indoor, natural_history_museum, dressing_room, science_museum, beauty_salon",23584
1868,44832,indoor,"museum/indoor, dressing_room, natural_history_museum, beauty_salon, science_museum",23584
1869,44856,indoor,"dressing_room, museum/indoor, natural_history_museum, art_gallery, science_museum",23584
1870,44880,indoor,"dressing_room, museum/indoor, natural_history_museum, art_gallery, beauty_salon",23584
1871,44904,indoor,"museum/indoor, dressing_room, natural_history_museum, art_gallery, beauty_salon",23584
1872,44928,indoor,"dressing_room, museum/indoor, beauty_salon, natural_history_museum, office",23584
1873,44952,indoor,"dressing_room, beauty_salon, museum/indoor, natural_history_museum, office",23584
1874,44976,indoor,"dressing_room, museum/indoor, beauty_salon, music_studio, natural_history_museum",23584
1875,45000,indoor,"dressing_room, museum/indoor, beauty_salon, music_studio, ballroom",23584
1876,45024,indoor,"museum/indoor, natural_history_museum, dressing_room, beauty_salon, archive",23584
1877,45048,indoor,"museum/indoor, dressing_room, natural_history_museum, beauty_salon, science_museum",23584
1878,45072,indoor,"dressing_room, bathroom, hotel_room, music_studio, discotheque",23584
1879,45096,indoor,"dressing_room, beauty_salon, museum/indoor, discotheque, bathroom",23584
1880,45120,indoor,"dressing_room, beauty_salon, museum/indoor, discotheque, bathroom",23584
1881,45144,indoor,"dressing_room, beauty_salon, museum/indoor, office, martial_arts_gym",23584
1882,45168,indoor,"dressing_room, beauty_salon, museum/indoor, martial_arts_gym, office",23584
1883,45192,indoor,"dressing_room, beauty_salon, museum/indoor, music_studio, martial_arts_gym",23584
1884,45216,indoor,"dressing_room, beauty_salon, museum/indoor, music_studio, office",23584
1885,45240,indoor,"dressing_room, museum/indoor, art_gallery, beauty_salon, natural_history_museum",23584
1886,45264,indoor,"museum/indoor, dressing_room, natural_history_museum, beauty_salon, art_gallery",23584
1887,45288,indoor,"dressing_room, bathroom, reception, art_gallery, museum/indoor",23584
1888,45312,indoor,"dressing_room, bathroom, hotel_room, music_studio, shower",23584
1889,45336,indoor,"dressing_room, bathroom, music_studio, reception, martial_arts_gym",23584
1890,45360,indoor,"dressing_room, music_studio, bathroom, museum/indoor, beauty_salon",23584
1891,45384,indoor,"dressing_room, bathroom, music_studio, discotheque, hotel_room",23584
1892,45408,indoor,"museum/indoor, dressing_room, beauty_salon, natural_history_museum, martial_arts_gym",23584
1893,45432,indoor,"museum/indoor, dressing_room, natural_history_museum, beauty_salon, martial_arts_gym",23584
1894,45456,indoor,"museum/indoor, dressing_room, natural_history_museum, beauty_salon, science_museum",23584
1895,45480,indoor,"museum/indoor, dressing_room, beauty_salon, natural_history_museum, science_museum",23584
1896,45504,indoor,"dressing_room, hotel_room, bathroom, beauty_salon, clean_room",23584
1897,45528,indoor,"dressing_room, music_studio, beauty_salon, museum/indoor, discotheque",23584
1898,45552,indoor,"dressing_room, beauty_salon, music_studio, discotheque, martial_arts_gym",23584
1899,45576,indoor,"museum/indoor, natural_history_museum, archive, dressing_room, beauty_salon",23584
1900,45600,indoor,"museum/indoor, natural_history_museum, science_museum, archive, dressing_room",23584
1901,45624,indoor,"museum/indoor, natural_history_museum, science_museum, dressing_room, archive",23584
1902,45648,indoor,"museum/indoor, natural_history_museum, science_museum, beauty_salon, archive",23584
1903,45672,indoor,"dressing_room, bathroom, hotel_room, discotheque, beauty_salon",23584
1904,45696,indoor,"dressing_room, hotel_room, clean_room, discotheque, nursery",23584
1905,45720,indoor,"dressing_room, locker_room, beauty_salon, discotheque, ballroom",23584
1906,45744,indoor,"dressing_room, discotheque, hotel_room, locker_room, bedroom",23584
1907,45768,indoor,"dressing_room, locker_room, discotheque, music_studio, hospital_room",23584
1908,45792,indoor,"dressing_room, television_studio, music_studio, bathroom, living_room",23584
1909,45816,indoor,"dressing_room, museum/indoor, music_studio, natural_history_museum, art_gallery",23584
1910,45840,indoor,"museum/indoor, beauty_salon, science_museum, jewelry_shop, archive",23584
1911,45864,indoor,"beauty_salon, office, chemistry_lab, museum/indoor, biology_laboratory",23584
1912,45888,indoor,"museum/indoor, beauty_salon, clean_room, chemistry_lab, science_museum",23584
1913,45912,indoor,"shower, bathroom, dressing_room, office, locker_room",23584
1914,45936,indoor,"museum/indoor, science_museum, natural_history_museum, archive, art_gallery",23584
1915,45960,indoor,"museum/indoor, science_museum, natural_history_museum, archive, clothing_store",23584
1916,45984,indoor,"dressing_room, shower, museum/indoor, bathroom, office",23584
1917,46008,indoor,"museum/indoor, dressing_room, office, archive, shower",23584
1918,46032,indoor,"museum/indoor, natural_history_museum, archive, science_museum, office",23584
1919,46056,indoor,"natural_history_museum, museum/indoor, science_museum, archive, shoe_shop",23584
1920,46080,indoor,"museum/indoor, natural_history_museum, science_museum, archive, bookstore",23584
1921,46104,indoor,"museum/indoor, natural_history_museum, science_museum, archive, art_gallery",23584
1922,46128,indoor,"museum/indoor, natural_history_museum, science_museum, archive, art_gallery",23584
1923,46152,indoor,"museum/indoor, office, dressing_room, art_gallery, archive",23584
1924,46176,indoor,"museum/indoor, natural_history_museum, science_museum, archive, art_gallery",23584
1925,46200,indoor,"museum/indoor, natural_history_museum, science_museum, archive, art_gallery",23584
1926,46224,indoor,"museum/indoor, natural_history_museum, science_museum, archive, art_gallery",23584
1927,46248,indoor,"museum/indoor, natural_history_museum, science_museum, archive, art_gallery",23584
1928,46272,indoor,"museum/indoor, natural_history_museum, archive, science_museum, art_gallery",23584
1929,46296,indoor,"museum/indoor, archive, natural_history_museum, music_studio, locker_room",23584
1930,46320,indoor,"dressing_room, clean_room, museum/indoor, shower, bathroom",23584
1931,46344,indoor,"museum/indoor, archive, science_museum, natural_history_museum, music_studio",23584
1932,46368,indoor,"dressing_room, clean_room, clothing_store, museum/indoor, art_gallery",23584
1933,46392,indoor,"museum/indoor, dressing_room, clean_room, stage/indoor, music_studio",23584
1934,46416,indoor,"museum/indoor, stage/indoor, clean_room, science_museum, beauty_salon",23584
1935,46440,indoor,"museum/indoor, stage/indoor, science_museum, discotheque, clean_room",23584
1936,46464,indoor,"museum/indoor, science_museum, archive, natural_history_museum, clean_room",23584
1937,46488,indoor,"museum/indoor, office, conference_center, archive, science_museum",23584
1938,46512,indoor,"museum/indoor, archive, office, beauty_salon, conference_center",23584
1939,46536,indoor,"museum/indoor, dressing_room, art_gallery, office, art_studio",23584
1940,46560,indoor,"dressing_room, museum/indoor, music_studio, ballroom, art_gallery",23584
1941,46584,indoor,"museum/indoor, archive, beauty_salon, lecture_room, library/indoor",23584
1942,46608,indoor,"museum/indoor, archive, science_museum, lecture_room, beauty_salon",23584
1943,46632,indoor,"dressing_room, museum/indoor, music_studio, locker_room, art_gallery",23584
1944,46656,indoor,"museum/indoor, archive, natural_history_museum, science_museum, library/indoor",23584
1945,46680,indoor,"museum/indoor, archive, natural_history_museum, science_museum, beauty_salon",23584
1946,46704,indoor,"museum/indoor, science_museum, natural_history_museum, archive, lecture_room",23584
1947,46728,indoor,"museum/indoor, science_museum, natural_history_museum, archive, elevator_lobby",23584
1948,46752,indoor,"museum/indoor, science_museum, archive, natural_history_museum, clean_room",23584
1949,46776,indoor,"museum/indoor, science_museum, archive, natural_history_museum, clean_room",23584
1950,46800,indoor,"museum/indoor, archive, natural_history_museum, science_museum, art_gallery",23584
1951,46824,indoor,"museum/indoor, archive, natural_history_museum, science_museum, art_gallery",23584
1952,46848,indoor,"dressing_room, music_studio, museum/indoor, ballroom, stage/indoor",23584
1953,46872,indoor,"museum/indoor, music_studio, archive, stage/indoor, office",23584
1954,46896,indoor,"museum/indoor, archive, natural_history_museum, lecture_room, library/indoor",23584
1955,46920,indoor,"museum/indoor, archive, lecture_room, conference_center, library/indoor",23584
1956,46944,indoor,"museum/indoor, archive, conference_center, lecture_room, natural_history_museum",23584
1957,46968,indoor,"museum/indoor, archive, stage/indoor, conference_center, music_studio",23584
1958,46992,indoor,"museum/indoor, archive, natural_history_museum, conference_center, lecture_room",23584
1959,47016,indoor,"museum/indoor, archive, lecture_room, conference_center, beauty_salon",23584
1960,47040,indoor,"museum/indoor, archive, conference_center, music_studio, lecture_room",23584
1961,47064,indoor,"archive, dressing_room, locker_room, office, museum/indoor",23584
1962,47088,indoor,"museum/indoor, archive, conference_center, art_gallery, lecture_room",23584
1963,47112,indoor,"museum/indoor, archive, conference_center, lecture_room, office",23584
1964,47136,indoor,"museum/indoor, archive, conference_center, dressing_room, lecture_room",23584
1965,47160,indoor,"museum/indoor, natural_history_museum, science_museum, archive, art_gallery",23584
1966,47184,indoor,"museum/indoor, natural_history_museum, science_museum, archive, beauty_salon",23584
1967,47208,indoor,"museum/indoor, natural_history_museum, science_museum, archive, beauty_salon",23584
1968,47232,indoor,"museum/indoor, science_museum, natural_history_museum, beauty_salon, archive",23584
1969,47256,indoor,"museum/indoor, art_gallery, reception, dressing_room, office",23584
1970,47280,indoor,"museum/indoor, natural_history_museum, science_museum, music_studio, conference_center",23584
1971,47304,indoor,"music_studio, archive, office, lecture_room, museum/indoor",23584
1972,47328,indoor,"dressing_room, music_studio, museum/indoor, art_gallery, office",23584
1973,47352,indoor,"museum/indoor, natural_history_museum, science_museum, archive, art_gallery",23584
1974,47376,indoor,"museum/indoor, natural_history_museum, archive, science_museum, music_studio",23584
1975,47400,indoor,"museum/indoor, natural_history_museum, archive, science_museum, music_studio",23584
1976,47424,indoor,"museum/indoor, archive, lecture_room, natural_history_museum, science_museum",23584
1977,47448,indoor,"museum/indoor, natural_history_museum, archive, science_museum, art_gallery",23584
1978,47472,indoor,"museum/indoor, natural_history_museum, art_gallery, science_museum, archive",23584
1979,47496,indoor,"museum/indoor, archive, natural_history_museum, science_museum, office",23584
1980,47520,indoor,"museum/indoor, natural_history_museum, archive, science_museum, art_gallery",23584
1981,47544,indoor,"museum/indoor, archive, dressing_room, art_gallery, natural_history_museum",23584
1982,47568,indoor,"museum/indoor, art_gallery, dressing_room, natural_history_museum, archive",23584
1983,47592,indoor,"museum/indoor, archive, office, art_gallery, dressing_room",23584
1984,47616,indoor,"dressing_room, museum/indoor, music_studio, office, art_gallery",23584
1985,47640,indoor,"museum/indoor, dressing_room, clean_room, archive, art_gallery",23584
1986,47664,indoor,"museum/indoor, archive, dressing_room, natural_history_museum, beauty_salon",23584
1987,47688,indoor,"museum/indoor, stage/indoor, dressing_room, discotheque, music_studio",23584
1988,47712,indoor,"museum/indoor, stage/indoor, discotheque, dressing_room, conference_center",23584
1989,47736,indoor,"dressing_room, clean_room, music_studio, discotheque, stage/indoor",23584
1990,47760,indoor,"music_studio, stage/indoor, dressing_room, museum/indoor, locker_room",23584
1991,47784,indoor,"museum/indoor, stage/indoor, music_studio, dressing_room, ballroom",23584
1992,47808,indoor,"museum/indoor, stage/indoor, clean_room, music_studio, dressing_room",23584
1993,47832,indoor,"stage/indoor, museum/indoor, music_studio, dressing_room, discotheque",23584
1994,47856,indoor,"stage/indoor, museum/indoor, dressing_room, music_studio, ballroom",23584
1995,47880,indoor,"museum/indoor, stage/indoor, dressing_room, shower, music_studio",23584
1996,47904,indoor,"museum/indoor, stage/indoor, music_studio, dressing_room, elevator/door",23584
1997,47928,indoor,"stage/indoor, museum/indoor, music_studio, dressing_room, discotheque",23584
1998,47952,indoor,"museum/indoor, stage/indoor, dressing_room, elevator/door, music_studio",23584
1999,47976,indoor,"museum/indoor, music_studio, art_gallery, archive, elevator/door",23584
2000,48000,indoor,"museum/indoor, stage/indoor, archive, music_studio, conference_center",23584
2001,48024,indoor,"museum/indoor, art_gallery, stage/indoor, elevator/door, ballroom",23584
2002,48048,indoor,"elevator/door, stage/indoor, museum/indoor, music_studio, elevator_lobby",23584
2003,48072,indoor,"elevator/door, dressing_room, stage/indoor, elevator_lobby, shower",23584
2004,48096,indoor,"elevator/door, clean_room, dressing_room, locker_room, elevator_lobby",23584
2005,48120,indoor,"elevator/door, shower, dressing_room, locker_room, elevator_lobby",23584
2006,48144,indoor,"elevator/door, elevator_lobby, dressing_room, shower, sauna",23584
2007,48168,indoor,"elevator/door, shower, elevator_lobby, bow_window/indoor, alcove",23584
2008,48192,indoor,"museum/indoor, elevator/door, conference_center, archive, stage/indoor",23584
2009,48216,indoor,"museum/indoor, science_museum, natural_history_museum, conference_center, clean_room",23584
2010,48240,indoor,"museum/indoor, science_museum, archive, natural_history_museum, elevator/door",23584
2011,48264,indoor,"museum/indoor, archive, music_studio, science_museum, stage/indoor",23584
2012,48288,indoor,"office, classroom, living_room, dressing_room, office_cubicles",23584
2013,48312,indoor,"living_room, waiting_room, office, dressing_room, museum/indoor",23584
2014,48336,indoor,"dressing_room, living_room, waiting_room, locker_room, office",23584
2015,48360,indoor,"waiting_room, office, museum/indoor, living_room, dressing_room",23584
2016,48384,indoor,"museum/indoor, archive, dressing_room, beauty_salon, office",23584
2017,48408,indoor,"museum/indoor, dressing_room, locker_room, archive, science_museum",23584
2018,48432,indoor,"museum/indoor, dressing_room, science_museum, locker_room, beauty_salon",23584
2019,48456,indoor,"museum/indoor, dressing_room, archive, natural_history_museum, locker_room",23584
2020,48480,indoor,"dressing_room, locker_room, sauna, classroom, ballroom",23584
2021,48504,indoor,"museum/indoor, dressing_room, locker_room, lecture_room, conference_center",23584
2022,48528,indoor,"museum/indoor, dressing_room, locker_room, archive, office",23584
2023,48552,indoor,"dressing_room, locker_room, shower, sauna, bathroom",23584
2024,48576,indoor,"dressing_room, locker_room, sauna, bathroom, reception",23584
2025,48600,indoor,"dressing_room, sauna, shower, museum/indoor, office",23584
2026,48624,indoor,"dressing_room, museum/indoor, office, lecture_room, beauty_salon",23584
2027,48648,indoor,"dressing_room, museum/indoor, locker_room, discotheque, beauty_salon",23584
2028,48672,indoor,"dressing_room, locker_room, nursing_home, discotheque, office",23584
2029,48696,indoor,"dressing_room, museum/indoor, office, office_cubicles, lecture_room",23584
2030,48720,indoor,"dressing_room, museum/indoor, beauty_salon, office, archive",23584
2031,48744,indoor,"dressing_room, museum/indoor, beauty_salon, archive, office",23584
2032,48768,indoor,"dressing_room, museum/indoor, beauty_salon, classroom, locker_room",23584
2033,48792,indoor,"dressing_room, beauty_salon, museum/indoor, television_studio, office",23584
2034,48816,indoor,"dressing_room, beauty_salon, bathroom, museum/indoor, office",23584
2035,48840,indoor,"dressing_room, beauty_salon, museum/indoor, discotheque, office",23584
2036,48864,indoor,"dressing_room, beauty_salon, office, museum/indoor, television_studio",23584
2037,48888,indoor,"dressing_room, museum/indoor, beauty_salon, office, classroom",23584
2038,48912,indoor,"dressing_room, beauty_salon, museum/indoor, office, locker_room",23584
2039,48936,indoor,"dressing_room, museum/indoor, office, locker_room, lecture_room",23584
2040,48960,indoor,"dressing_room, locker_room, waiting_room, recreation_room, bathroom",23584
2041,48984,indoor,"dressing_room, locker_room, clean_room, office, museum/indoor",23584
2042,49008,indoor,"dressing_room, locker_room, elevator_lobby, elevator/door, clean_room",23584
2043,49032,indoor,"dressing_room, locker_room, classroom, recreation_room, elevator_lobby",23584
2044,49056,indoor,"dressing_room, locker_room, clean_room, office, museum/indoor",23584
2045,49080,indoor,"museum/indoor, dressing_room, beauty_salon, archive, locker_room",23584
2046,49104,indoor,"museum/indoor, beauty_salon, natural_history_museum, archive, science_museum",23584
2047,49128,indoor,"museum/indoor, beauty_salon, dressing_room, locker_room, conference_center",23584
2048,49152,indoor,"dressing_room, locker_room, elevator_lobby, elevator/door, clean_room",23584
2049,49176,indoor,"dressing_room, locker_room, elevator_lobby, waiting_room, elevator/door",23584
2050,49200,indoor,"museum/indoor, dressing_room, locker_room, archive, clean_room",23584
2051,49224,indoor,"museum/indoor, dressing_room, locker_room, natural_history_museum, archive",23584
2052,49248,indoor,"museum/indoor, dressing_room, locker_room, office, clean_room",23584
2053,49272,indoor,"museum/indoor, dressing_room, locker_room, beauty_salon, archive",23584
2054,49296,indoor,"dressing_room, locker_room, museum/indoor, office, elevator_lobby",23584
2055,49320,indoor,"dressing_room, locker_room, sauna, clean_room, museum/indoor",23584
2056,49344,indoor,"dressing_room, locker_room, classroom, office_cubicles, office",23584
2057,49368,indoor,"museum/indoor, art_gallery, bow_window/indoor, martial_arts_gym, stage/indoor",23584
2058,49392,indoor,"shower, dressing_room, bathroom, stage/indoor, bow_window/indoor",23584
2059,49416,indoor,"shower, dressing_room, bathroom, museum/indoor, sauna",23584
2060,49440,indoor,"museum/indoor, art_gallery, artists_loft, science_museum, dressing_room",23584
2061,49464,indoor,"museum/indoor, art_gallery, clean_room, stage/indoor, artists_loft",23584
2062,49488,indoor,"museum/indoor, art_gallery, stage/indoor, shower, artists_loft",23584
2063,49512,indoor,"archive, jail_cell, bow_window/indoor, elevator/door, lobby",23584
2064,49536,indoor,"archive, jail_cell, bow_window/indoor, elevator/door, office",23584
2065,49560,indoor,"archive, jail_cell, bow_window/indoor, office, elevator/door",23584
2066,49584,indoor,"bow_window/indoor, clean_room, dorm_room, office, hospital_room",23584
2067,49608,indoor,"clean_room, hospital_room, dressing_room, operating_room, office",23584
2068,49632,indoor,"clean_room, stage/indoor, lecture_room, chemistry_lab, hospital_room",23584
2069,49656,indoor,"stage/indoor, museum/indoor, lecture_room, clean_room, music_studio",23584
2070,49680,indoor,"museum/indoor, dressing_room, lecture_room, classroom, locker_room",23584
2071,49704,indoor,"museum/indoor, dressing_room, stage/indoor, music_studio, art_gallery",23584
2072,49728,indoor,"dressing_room, museum/indoor, locker_room, shower, clothing_store",23584
2073,49752,indoor,"museum/indoor, clean_room, art_gallery, clothing_store, elevator/door",23584
2074,49776,indoor,"shower, bow_window/indoor, bathroom, elevator/door, elevator_lobby",23584
2075,49800,indoor,"shower, bow_window/indoor, bathroom, locker_room, elevator/door",23584
2076,49824,indoor,"bow_window/indoor, shower, bathroom, locker_room, closet",23584
2077,49848,indoor,"bow_window/indoor, shower, wind_farm, closet, alcove",23584
2078,49872,indoor,"shower, closet, bow_window/indoor, wind_farm, barndoor",23584
2079,49896,indoor,"shower, bow_window/indoor, elevator/door, barndoor, closet",23584
2080,49920,indoor,"elevator/door, bow_window/indoor, balcony/interior, office_cubicles, shower",23584
2081,49944,indoor,"shower, bow_window/indoor, elevator/door, bathroom, closet",23584
2082,49968,indoor,"elevator/door, shower, bow_window/indoor, elevator_lobby, bathroom",23584
2083,49992,indoor,"bow_window/indoor, elevator/door, shower, closet, elevator_lobby",23584
2084,50016,indoor,"shower, bow_window/indoor, elevator/door, art_gallery, office",23584
2085,50040,indoor,"jail_cell, archive, bow_window/indoor, elevator/door, staircase",23584
2086,50064,indoor,"bow_window/indoor, archive, jail_cell, entrance_hall, staircase",23584
2087,50088,indoor,"jail_cell, barndoor, bow_window/indoor, locker_room, shower",23584
2088,50112,indoor,"barndoor, bow_window/indoor, shower, jail_cell, closet",23584
2089,50136,indoor,"shower, bow_window/indoor, barndoor, jail_cell, closet",23584
2090,50160,indoor,"barndoor, bow_window/indoor, jail_cell, shower, locker_room",23584
2091,50184,indoor,"bow_window/indoor, shower, barndoor, closet, jail_cell",23584
2092,50208,indoor,"bow_window/indoor, shower, atrium/public, closet, clean_room",23584
2093,50232,indoor,"bow_window/indoor, shower, jail_cell, closet, barndoor",23584
2094,50256,indoor,"bow_window/indoor, shower, jail_cell, barndoor, closet",23584
2095,50280,indoor,"bow_window/indoor, jail_cell, shower, hotel_room, bedroom",23584
2096,50304,indoor,"bow_window/indoor, jail_cell, shower, hotel_room, closet",23584
2097,50328,indoor,"bow_window/indoor, jail_cell, shower, hotel_room, closet",23584
2098,50352,indoor,"bow_window/indoor, jail_cell, shower, hotel_room, bedroom",23584
2099,50376,indoor,"bow_window/indoor, jail_cell, shower, hotel_room, closet",23584
2100,50400,indoor,"jail_cell, sauna, clean_room, shower, bow_window/indoor",23584
2101,50424,indoor,"jail_cell, bow_window/indoor, sauna, locker_room, nursery",23584
2102,50448,indoor,"bow_window/indoor, shower, jail_cell, barndoor, sauna",23584
2103,50472,indoor,"bow_window/indoor, shower, closet, atrium/public, elevator/door",23584
2104,50496,indoor,"archive, bow_window/indoor, elevator/door, elevator_lobby, shower",23584
2105,50520,indoor,"bow_window/indoor, elevator/door, archive, shower, art_gallery",23584
2106,50544,indoor,"bow_window/indoor, shower, locker_room, closet, nursery",23584
2107,50568,indoor,"locker_room, shower, closet, nursery, elevator/door",23584
2108,50592,indoor,"dressing_room, clothing_store, closet, clean_room, bow_window/indoor",23584
2109,50616,indoor,"shower, bathroom, closet, locker_room, clean_room",23584
2110,50640,indoor,"bow_window/indoor, archive, elevator/door, jail_cell, office",23584
2111,50664,indoor,"bow_window/indoor, elevator/door, archive, jail_cell, art_gallery",23584
2112,50688,indoor,"bow_window/indoor, archive, elevator/door, jail_cell, office",23584
2113,50712,indoor,"bow_window/indoor, archive, elevator/door, jail_cell, office",23584
2114,50736,indoor,"locker_room, shower, clean_room, alcove, bow_window/indoor",23584
2115,50760,indoor,"shower, clean_room, bow_window/indoor, dressing_room, mosque/outdoor",23584
2116,50784,indoor,"hotel_room, dressing_room, bow_window/indoor, bedroom, living_room",23584
2117,50808,indoor,"hotel_room, bedroom, living_room, bow_window/indoor, bedchamber",23584
2118,50832,indoor,"dressing_room, bow_window/indoor, hotel_room, bedroom, nursery",23584
2119,50856,indoor,"museum/indoor, dressing_room, ballroom, art_gallery, stage/indoor",23584
2120,50880,indoor,"museum/indoor, ballroom, stage/indoor, dressing_room, art_gallery",23584
2121,50904,indoor,"museum/indoor, stage/indoor, art_gallery, ballroom, dressing_room",23584
2122,50928,indoor,"art_gallery, museum/indoor, dressing_room, stage/indoor, clean_room",23584
2123,50952,indoor,"stage/indoor, museum/indoor, discotheque, music_studio, art_gallery",23584
2124,50976,indoor,"stage/indoor, discotheque, museum/indoor, music_studio, ballroom",23584
2125,51000,indoor,"museum/indoor, stage/indoor, music_studio, discotheque, art_gallery",23584
2126,51024,indoor,"bow_window/indoor, elevator/door, archive, jail_cell, staircase",23584
2127,51048,indoor,"bow_window/indoor, elevator/door, archive, jail_cell, elevator_lobby",23584
2128,51072,indoor,"bow_window/indoor, elevator/door, office, archive, elevator_lobby",23584
2129,51096,indoor,"elevator/door, office, bow_window/indoor, archive, elevator_lobby",23584
2130,51120,indoor,"museum/indoor, clean_room, dressing_room, art_gallery, nursery",23584
2131,51144,indoor,"living_room, museum/indoor, waiting_room, art_gallery, artists_loft",23584
2132,51168,indoor,"living_room, dining_room, waiting_room, clean_room, shower",23584
2133,51192,indoor,"living_room, waiting_room, bedroom, bow_window/indoor, hotel_room",23584
2134,51216,indoor,"living_room, waiting_room, alcove, lobby, bedroom",23584
2135,51240,indoor,"waiting_room, living_room, dining_room, bow_window/indoor, lobby",23584
2136,51264,indoor,"museum/indoor, archive, locker_room, elevator/door, dressing_room",23584
2137,51288,indoor,"museum/indoor, clean_room, archive, locker_room, office",23584
2138,51312,indoor,"locker_room, clean_room, dressing_room, elevator/door, elevator_lobby",23584
2139,51336,indoor,"clean_room, elevator/door, locker_room, dressing_room, archive",23584
2140,51360,indoor,"office, archive, clean_room, conference_center, beauty_salon",23584
2141,51384,indoor,"dressing_room, clothing_store, beauty_salon, clean_room, chemistry_lab",23584
2142,51408,indoor,"shower, tower, server_room, closet, jail_cell",23584
2143,51432,indoor,"bow_window/indoor, shower, jail_cell, elevator/door, locker_room",23584
2144,51456,indoor,"shower, closet, bathroom, clean_room, dressing_room",23584
2145,51480,indoor,"clean_room, archive, museum/indoor, locker_room, jail_cell",23584
2146,51504,indoor,"clean_room, museum/indoor, archive, office, dressing_room",23584
2147,51528,indoor,"clean_room, museum/indoor, dressing_room, archive, locker_room",23584
2148,51552,indoor,"clean_room, dressing_room, archive, museum/indoor, hospital_room",23584
2149,51576,indoor,"clean_room, museum/indoor, archive, locker_room, dressing_room",23584
2150,51600,indoor,"clean_room, museum/indoor, archive, stage/indoor, dressing_room",23584
2151,51624,indoor,"clean_room, dressing_room, hospital_room, locker_room, archive",23584
2152,51648,indoor,"clean_room, dressing_room, archive, locker_room, hospital_room",23584
2153,51672,indoor,"clean_room, dressing_room, archive, museum/indoor, locker_room",23584
2154,51696,indoor,"clean_room, archive, martial_arts_gym, locker_room, museum/indoor",23584
2155,51720,indoor,"museum/indoor, archive, conference_center, science_museum, lecture_room",23584
2156,51744,indoor,"museum/indoor, archive, conference_center, lecture_room, office",23584
2157,51768,indoor,"museum/indoor, archive, conference_center, lecture_room, science_museum",23584
2158,51792,indoor,"museum/indoor, archive, conference_center, lecture_room, science_museum",23584
2159,51816,indoor,"museum/indoor, archive, conference_center, lecture_room, office",23584
2160,51840,indoor,"museum/indoor, archive, conference_center, lecture_room, office",23584
2161,51864,indoor,"clean_room, archive, office, museum/indoor, physics_laboratory",23584
2162,51888,indoor,"archive, museum/indoor, conference_center, office, lecture_room",23584
2163,51912,indoor,"archive, conference_center, museum/indoor, office, lecture_room",23584
2164,51936,indoor,"clean_room, archive, office, museum/indoor, physics_laboratory",23584
2165,51960,indoor,"shower, dressing_room, bow_window/indoor, clean_room, museum/indoor",23584
2166,51984,indoor,"shower, dressing_room, bow_window/indoor, clean_room, nursery",23584
2167,52008,indoor,"museum/indoor, beauty_salon, dressing_room, clean_room, natural_history_museum",23584
2168,52032,indoor,"museum/indoor, beauty_salon, clean_room, dressing_room, art_gallery",23584
2169,52056,indoor,"museum/indoor, beauty_salon, dressing_room, clean_room, science_museum",23584
2170,52080,indoor,"clean_room, archive, museum/indoor, office, physics_laboratory",23584
2171,52104,indoor,"museum/indoor, archive, conference_center, lecture_room, office",23584
2172,52128,indoor,"museum/indoor, clean_room, dressing_room, chemistry_lab, beauty_salon",23584
2173,52152,indoor,"clean_room, dressing_room, shower, museum/indoor, art_gallery",23584
2174,52176,indoor,"dressing_room, shower, clean_room, closet, bathroom",23584
2175,52200,indoor,"clean_room, dressing_room, shower, locker_room, closet",23584
2176,52224,indoor,"clean_room, archive, office, museum/indoor, physics_laboratory",23584
2177,52248,indoor,"museum/indoor, conference_center, archive, office, lecture_room",23584
2178,52272,indoor,"museum/indoor, archive, conference_center, lecture_room, office",23584
2179,52296,indoor,"museum/indoor, archive, clean_room, lecture_room, office",23584
2180,52320,indoor,"museum/indoor, clean_room, archive, beauty_salon, stage/indoor",23584
2181,52344,indoor,"museum/indoor, clean_room, archive, lecture_room, office",23584
2182,52368,indoor,"clean_room, museum/indoor, archive, dressing_room, physics_laboratory",23584
2183,52392,indoor,"clean_room, dressing_room, archive, museum/indoor, office",23584
2184,52416,indoor,"clean_room, dressing_room, museum/indoor, archive, art_gallery",23584
2185,52440,indoor,"museum/indoor, clean_room, archive, dressing_room, stage/indoor",23584
2186,52464,indoor,"clean_room, museum/indoor, archive, dressing_room, locker_room",23584
2187,52488,indoor,"clean_room, dressing_room, museum/indoor, archive, hospital_room",23584
2188,52512,indoor,"archive, clean_room, museum/indoor, office, locker_room",23584
2189,52536,indoor,"museum/indoor, archive, shower, natural_history_museum, science_museum",23584
2190,52560,indoor,"art_gallery, shower, museum/indoor, archive, natural_history_museum",23584
2191,52584,indoor,"art_gallery, shower, museum/indoor, archive, natural_history_museum",23584
2192,52608,indoor,"shower, locker_room, tower, server_room, museum/indoor",23584
2193,52632,indoor,"shower, discotheque, clean_room, bathroom, locker_room",23584
2194,52656,indoor,"server_room, clean_room, clothing_store, locker_room, airport_terminal",23584
2195,52680,indoor,"server_room, clean_room, shower, elevator/door, elevator_lobby",23584
2196,52704,indoor,"shower, bathroom, discotheque, dressing_room, wet_bar",23584
2197,52728,indoor,"museum/indoor, science_museum, natural_history_museum, aquarium, igloo",23584
2198,52752,indoor,"museum/indoor, science_museum, aquarium, natural_history_museum, art_gallery",23584
2199,52776,indoor,"museum/indoor, art_gallery, science_museum, clean_room, natural_history_museum",23584
2200,52800,indoor,"science_museum, museum/indoor, natural_history_museum, hospital_room, shower",23584
2201,52824,indoor,"museum/indoor, science_museum, art_gallery, natural_history_museum, clean_room",23584
2202,52848,indoor,"shower, discotheque, server_room, elevator/door, locker_room",23584
2203,52872,indoor,"shower, bathroom, skyscraper, server_room, discotheque",23584
2204,52896,indoor,"server_room, clean_room, clothing_store, discotheque, airport_terminal",23584
2205,52920,indoor,"clean_room, server_room, shower, elevator/door, discotheque",23584
2206,52944,indoor,"shower, server_room, clean_room, skyscraper, discotheque",23584
2207,52968,indoor,"server_room, clean_room, discotheque, locker_room, clothing_store",23584
2208,52992,indoor,"museum/indoor, dressing_room, art_gallery, stage/indoor, music_studio",23584
2209,53016,indoor,"museum/indoor, clean_room, dressing_room, stage/indoor, art_gallery",23584
2210,53040,indoor,"museum/indoor, art_gallery, music_studio, stage/indoor, dressing_room",23584
2211,53064,indoor,"museum/indoor, dressing_room, stage/indoor, music_studio, clean_room",23584
2212,53088,indoor,"stage/indoor, music_studio, discotheque, dressing_room, museum/indoor",23584
2213,53112,indoor,"museum/indoor, stage/indoor, dressing_room, music_studio, discotheque",23584
2214,53136,indoor,"locker_room, dressing_room, clean_room, archive, discotheque",23584
2215,53160,indoor,"locker_room, clean_room, dressing_room, archive, hospital_room",23584
2216,53184,indoor,"clean_room, dressing_room, locker_room, archive, hospital_room",23584
2217,53208,indoor,"discotheque, archive, clean_room, dressing_room, stage/indoor",23584
2218,53232,indoor,"clean_room, locker_room, archive, dressing_room, museum/indoor",23584
2219,53256,indoor,"dressing_room, locker_room, clean_room, discotheque, archive",23584
2220,53280,indoor,"museum/indoor, clean_room, art_gallery, clothing_store, jewelry_shop",23584
2221,53304,indoor,"museum/indoor, science_museum, art_gallery, archive, gift_shop",23584
2222,53328,indoor,"clean_room, martial_arts_gym, museum/indoor, florist_shop/indoor, office",23584
2223,53352,indoor,"clean_room, dressing_room, locker_room, shower, bathroom",23584
2224,53376,indoor,"museum/indoor, science_museum, shower, natural_history_museum, bathroom",23584
2225,53400,indoor,"dressing_room, clean_room, discotheque, shower, museum/indoor",23584
2226,53424,indoor,"dressing_room, museum/indoor, clean_room, discotheque, shower",23584
2227,53448,indoor,"discotheque, dressing_room, stage/indoor, museum/indoor, music_studio",23584
2228,53472,indoor,"dressing_room, discotheque, museum/indoor, stage/indoor, martial_arts_gym",23584
2229,53496,indoor,"clean_room, discotheque, dressing_room, museum/indoor, stage/indoor",23584
2230,53520,indoor,"dressing_room, discotheque, stage/indoor, museum/indoor, locker_room",23584
2231,53544,indoor,"museum/indoor, dressing_room, clean_room, recreation_room, locker_room",23584
2232,53568,indoor,"dressing_room, locker_room, recreation_room, basement, clean_room",23584
2233,53592,indoor,"dressing_room, elevator/door, locker_room, shower, discotheque",23584
2234,53616,indoor,"clean_room, museum/indoor, dressing_room, science_museum, locker_room",23584
2235,53640,indoor,"clean_room, locker_room, dressing_room, clothing_store, basement",23584
2236,53664,indoor,"dressing_room, discotheque, beauty_salon, shower, art_gallery",23584
2237,53688,indoor,"clean_room, shower, airport_terminal, elevator/door, elevator_lobby",23584
2238,53712,indoor,"clean_room, airport_terminal, biology_laboratory, chemistry_lab, office",23584
2239,53736,indoor,"clean_room, chemistry_lab, airport_terminal, biology_laboratory, lighthouse",23584
2240,53760,indoor,"clean_room, art_gallery, museum/indoor, shower, office",23584
2241,53784,indoor,"dressing_room, shower, clean_room, bathroom, elevator/door",23584
2242,53808,indoor,"elevator/door, dressing_room, shower, airport_terminal, clean_room",23584
2243,53832,indoor,"bathroom, shower, chemistry_lab, clean_room, operating_room",23584
2244,53856,indoor,"clean_room, operating_room, shower, bathroom, chemistry_lab",23584
2245,53880,indoor,"shower, operating_room, clean_room, hospital_room, bathroom",23584
2246,53904,indoor,"museum/indoor, art_gallery, clean_room, boxing_ring, office",23584
2247,53928,indoor,"museum/indoor, boxing_ring, shower, clean_room, art_gallery",23584
2248,53952,indoor,"boxing_ring, clean_room, shower, music_studio, museum/indoor",23584
2249,53976,indoor,"museum/indoor, science_museum, natural_history_museum, airport_terminal, clothing_store",23584
2250,54000,indoor,"museum/indoor, science_museum, archive, natural_history_museum, locker_room",23584
2251,54024,indoor,"dressing_room, locker_room, clean_room, discotheque, archive",23584
2252,54048,indoor,"dressing_room, clean_room, locker_room, archive, shower",23584
2253,54072,indoor,"clean_room, locker_room, operating_room, dressing_room, hospital_room",23584
2254,54096,indoor,"clean_room, locker_room, dressing_room, archive, bathroom",23584
2255,54120,indoor,"locker_room, clean_room, dressing_room, archive, sauna",23584
2256,54144,indoor,"locker_room, dressing_room, shower, clean_room, elevator/door",23584
2257,54168,indoor,"clean_room, locker_room, archive, hospital_room, pharmacy",23584
2258,54192,indoor,"clean_room, locker_room, archive, hospital_room, server_room",23584
2259,54216,indoor,"clean_room, locker_room, hospital_room, archive, music_studio",23584
2260,54240,indoor,"archive, clean_room, hospital_room, locker_room, classroom",23584
2261,54264,indoor,"archive, clean_room, locker_room, museum/indoor, atrium/public",23584
2262,54288,indoor,"elevator_lobby, elevator/door, discotheque, airport_terminal, corridor",23584
2263,54312,indoor,"corridor, clean_room, staircase, shower, museum/indoor",23584
2264,54336,indoor,"sauna, archive, museum/indoor, bathroom, nursery",23584
2265,54360,indoor,"parking_garage/indoor, elevator/door, corridor, subway_station/platform, airport_terminal",23584
2266,54384,indoor,"shower, clothing_store, elevator/door, clean_room, dressing_room",23584
2267,54408,indoor,"museum/indoor, shower, discotheque, art_gallery, chemistry_lab",23584
2268,54432,indoor,"dressing_room, discotheque, clean_room, museum/indoor, locker_room",23584
2269,54456,indoor,"dressing_room, discotheque, shower, museum/indoor, stage/indoor",23584
2270,54480,indoor,"museum/indoor, art_gallery, stage/indoor, music_studio, archive",23584
2271,54504,indoor,"science_museum, museum/indoor, natural_history_museum, shower, art_gallery",23584
2272,54528,indoor,"locker_room, dressing_room, ballroom, classroom, sauna",23584
2273,54552,indoor,"museum/indoor, operating_room, art_gallery, science_museum, clean_room",23584
2274,54576,indoor,"elevator/door, elevator_lobby, laundromat, corridor, museum/indoor",23584
2275,54600,indoor,"locker_room, art_gallery, shower, bathroom, dressing_room",23584
2276,54624,indoor,"shower, jail_cell, bathroom, basement, art_gallery",23584
2277,54648,indoor,"museum/indoor, art_gallery, clean_room, archive, martial_arts_gym",23584
2278,54672,indoor,"science_museum, museum/indoor, clothing_store, natural_history_museum, shower",23584
2279,54696,indoor,"museum/indoor, science_museum, natural_history_museum, clothing_store, airport_terminal",23584
2280,54720,indoor,"clean_room, corridor, elevator_lobby, shower, elevator/door",23584
2281,54744,indoor,"clean_room, shower, elevator/door, closet, clothing_store",23584
2282,54768,indoor,"clean_room, elevator/door, dressing_room, elevator_lobby, closet",23584
2283,54792,indoor,"elevator/door, dressing_room, elevator_lobby, clean_room, shower",23584
2284,54816,indoor,"locker_room, server_room, clean_room, archive, elevator/door",23584
2285,54840,indoor,"locker_room, server_room, clean_room, archive, elevator/door",23584
2286,54864,indoor,"locker_room, server_room, archive, clean_room, elevator/door",23584
2287,54888,indoor,"locker_room, server_room, clean_room, archive, elevator/door",23584
2288,54912,indoor,"stage/indoor, museum/indoor, discotheque, music_studio, arena/performance",23584
2289,54936,indoor,"stage/indoor, museum/indoor, music_studio, discotheque, dressing_room",23584
2290,54960,indoor,"stage/indoor, discotheque, music_studio, museum/indoor, dressing_room",23584
2291,54984,indoor,"clean_room, elevator/door, dressing_room, elevator_lobby, locker_room",23584
2292,55008,indoor,"clean_room, elevator/door, elevator_lobby, dressing_room, corridor",23584
2293,55032,indoor,"clean_room, elevator/door, locker_room, elevator_lobby, dressing_room",23584
2294,55056,indoor,"locker_room, server_room, archive, clean_room, elevator/door",23584
2295,55080,indoor,"locker_room, server_room, archive, elevator/door, clean_room",23584
2296,55104,indoor,"locker_room, server_room, archive, clean_room, elevator/door",23584
2297,55128,indoor,"locker_room, archive, clean_room, server_room, elevator/door",23584
2298,55152,indoor,"sauna, locker_room, clean_room, shower, archive",23584
2299,55176,indoor,"clean_room, shower, locker_room, sauna, archive",23584
2300,55200,indoor,"chemistry_lab, art_gallery, museum/indoor, biology_laboratory, science_museum",23584
2301,55224,indoor,"museum/indoor, art_gallery, science_museum, aquarium, discotheque",23584
2302,55248,indoor,"discotheque, museum/indoor, stage/indoor, dressing_room, boxing_ring",23584
2303,55272,indoor,"dressing_room, bathroom, clothing_store, clean_room, chemistry_lab",23584
2304,55296,indoor,"dressing_room, art_gallery, museum/indoor, clean_room, chemistry_lab",23584
2305,55320,indoor,"dressing_room, clean_room, art_gallery, beauty_salon, chemistry_lab",23584
2306,55344,indoor,"dressing_room, biology_laboratory, clean_room, chemistry_lab, beauty_salon",23584
2307,55368,indoor,"clean_room, dressing_room, museum/indoor, chemistry_lab, biology_laboratory",23584
2308,55392,indoor,"museum/indoor, clean_room, art_gallery, dressing_room, discotheque",23584
2309,55416,indoor,"art_gallery, museum/indoor, clean_room, science_museum, florist_shop/indoor",23584
2310,55440,indoor,"art_gallery, museum/indoor, clean_room, dressing_room, bathroom",23584
2311,55464,indoor,"art_gallery, museum/indoor, martial_arts_gym, science_museum, clean_room",23584
2312,55488,indoor,"museum/indoor, art_gallery, clean_room, bathroom, nursery",23584
2313,55512,indoor,"art_gallery, museum/indoor, bathroom, clean_room, nursery",23584
2314,55536,indoor,"clothing_store, dressing_room, museum/indoor, locker_room, art_gallery",23584
2315,55560,indoor,"clean_room, locker_room, dressing_room, archive, elevator/door",23584
2316,55584,indoor,"clean_room, locker_room, museum/indoor, archive, dressing_room",23584
2317,55608,indoor,"clean_room, locker_room, museum/indoor, elevator/door, science_museum",23584
2318,55632,indoor,"clean_room, locker_room, museum/indoor, dressing_room, elevator/door",23584
2319,55656,indoor,"clean_room, museum/indoor, locker_room, science_museum, natural_history_museum",23584
2320,55680,indoor,"clean_room, museum/indoor, dressing_room, ballroom, locker_room",23584
2321,55704,indoor,"clean_room, corridor, dressing_room, elevator/door, locker_room",23584
2322,55728,indoor,"clean_room, museum/indoor, art_gallery, corridor, dressing_room",23584
2323,55752,indoor,"clean_room, corridor, dressing_room, locker_room, elevator_lobby",23584
2324,55776,indoor,"corridor, clean_room, dressing_room, locker_room, shower",23584
2325,55800,indoor,"dressing_room, clean_room, locker_room, elevator_lobby, corridor",23584
2326,55824,indoor,"dressing_room, clean_room, art_gallery, museum/indoor, shower",23584
2327,55848,indoor,"dressing_room, clean_room, shower, bathroom, chemistry_lab",23584
2328,55872,indoor,"dressing_room, clean_room, chemistry_lab, biology_laboratory, corridor",23584
2329,55896,indoor,"clean_room, dressing_room, chemistry_lab, biology_laboratory, museum/indoor",23584
2330,55920,indoor,"discotheque, dressing_room, music_studio, locker_room, boxing_ring",23584
2331,55944,indoor,"boxing_ring, museum/indoor, discotheque, bowling_alley, martial_arts_gym",23584
2332,55968,indoor,"clean_room, lobby, hospital_room, entrance_hall, corridor",23584
2333,55992,indoor,"clean_room, entrance_hall, hospital_room, lobby, archive",23584
2334,56016,indoor,"atrium/public, clean_room, lobby, shopping_mall/indoor, staircase",23584
2335,56040,indoor,"atrium/public, clean_room, shopping_mall/indoor, archive, elevator_lobby",23584
2336,56064,indoor,"bow_window/indoor, lobby, wet_bar, locker_room, bar",23584
2337,56088,indoor,"clean_room, shower, atrium/public, server_room, airport_terminal",23584
2338,56112,indoor,"locker_room, clean_room, elevator/door, bank_vault, dressing_room",23584
2339,56136,indoor,"locker_room, lecture_room, clean_room, classroom, elevator/door",23584
2340,56160,indoor,"elevator/door, server_room, locker_room, clean_room, bank_vault",23584
2341,56184,indoor,"elevator/door, server_room, locker_room, chemistry_lab, clean_room",23584
2342,56208,indoor,"corridor, elevator/door, elevator_lobby, server_room, locker_room",23584
2343,56232,indoor,"elevator/door, clean_room, elevator_lobby, bank_vault, locker_room",23584
2344,56256,indoor,"clean_room, locker_room, elevator/door, archive, elevator_lobby",23584
2345,56280,indoor,"locker_room, clean_room, elevator/door, elevator_lobby, server_room",23584
2346,56304,indoor,"locker_room, clean_room, elevator/door, elevator_lobby, server_room",23584
2347,56328,indoor,"clean_room, locker_room, elevator/door, elevator_lobby, dressing_room",23584
2348,56352,indoor,"clean_room, locker_room, elevator/door, archive, server_room",23584
2349,56376,indoor,"locker_room, clean_room, elevator/door, elevator_lobby, archive",23584
2350,56400,indoor,"locker_room, clean_room, elevator/door, elevator_lobby, server_room",23584
2351,56424,indoor,"locker_room, clean_room, elevator/door, elevator_lobby, dressing_room",23584
2352,56448,indoor,"locker_room, elevator/door, clean_room, elevator_lobby, server_room",23584
2353,56472,indoor,"locker_room, elevator/door, elevator_lobby, clean_room, bank_vault",23584
2354,56496,indoor,"locker_room, elevator/door, clean_room, elevator_lobby, bank_vault",23584
2355,56520,indoor,"elevator/door, locker_room, clean_room, elevator_lobby, bank_vault",23584
2356,56544,indoor,"clean_room, locker_room, elevator_lobby, elevator/door, server_room",23584
2357,56568,indoor,"clean_room, locker_room, elevator/door, archive, elevator_lobby",23584
2358,56592,indoor,"clean_room, locker_room, dressing_room, elevator/door, archive",23584
2359,56616,indoor,"clean_room, locker_room, shower, elevator/door, operating_room",23584
2360,56640,indoor,"clean_room, locker_room, archive, bank_vault, operating_room",23584
2361,56664,indoor,"clean_room, locker_room, elevator/door, bank_vault, elevator_lobby",23584
2362,56688,indoor,"clean_room, locker_room, archive, dressing_room, biology_laboratory",23584
2363,56712,indoor,"clean_room, locker_room, bank_vault, archive, operating_room",23584
2364,56736,indoor,"elevator/door, clean_room, locker_room, elevator_lobby, shower",23584
2365,56760,indoor,"clean_room, locker_room, elevator/door, elevator_lobby, shower",23584
2366,56784,indoor,"clean_room, locker_room, elevator_lobby, elevator/door, bank_vault",23584
2367,56808,indoor,"clean_room, elevator_lobby, elevator/door, locker_room, corridor",23584
2368,56832,indoor,"clean_room, elevator_lobby, elevator/door, locker_room, corridor",23584
2369,56856,indoor,"dressing_room, locker_room, elevator/door, bathroom, shower",23584
2370,56880,indoor,"dressing_room, music_studio, clean_room, locker_room, museum/indoor",23584
2371,56904,indoor,"dressing_room, music_studio, locker_room, clean_room, museum/indoor",23584
2372,56928,indoor,"dressing_room, music_studio, museum/indoor, office, archive",23584
2373,56952,indoor,"museum/indoor, stage/indoor, music_studio, dressing_room, discotheque",23584
2374,56976,indoor,"dressing_room, museum/indoor, clean_room, shower, discotheque",23584
2375,57000,indoor,"dressing_room, museum/indoor, clean_room, locker_room, shower",23584
2376,57024,indoor,"museum/indoor, dressing_room, archive, office, science_museum",23584
2377,57048,indoor,"museum/indoor, natural_history_museum, science_museum, archive, art_gallery",23584
2378,57072,indoor,"museum/indoor, dressing_room, art_gallery, natural_history_museum, science_museum",23584
2379,57096,indoor,"dressing_room, museum/indoor, clothing_store, art_gallery, science_museum",23584
2380,57120,indoor,"clean_room, museum/indoor, science_museum, jewelry_shop, art_gallery",23584
2381,57144,indoor,"clean_room, museum/indoor, science_museum, art_gallery, physics_laboratory",23584
2382,57168,indoor,"clean_room, museum/indoor, science_museum, biology_laboratory, chemistry_lab",23584
2383,57192,indoor,"clean_room, museum/indoor, dressing_room, archive, locker_room",23584
2384,57216,indoor,"clean_room, museum/indoor, dressing_room, archive, locker_room",23584
2385,57240,indoor,"clean_room, dressing_room, museum/indoor, discotheque, locker_room",23584
2386,57264,indoor,"museum/indoor, natural_history_museum, clean_room, science_museum, archive",23584
2387,57288,indoor,"museum/indoor, natural_history_museum, science_museum, clean_room, archive",23584
2388,57312,indoor,"museum/indoor, natural_history_museum, science_museum, clean_room, archive",23584
2389,57336,indoor,"clean_room, dressing_room, museum/indoor, archive, art_gallery",23584
2390,57360,indoor,"clean_room, dressing_room, museum/indoor, archive, art_gallery",23584
2391,57384,indoor,"museum/indoor, clean_room, natural_history_museum, archive, science_museum",23584
2392,57408,indoor,"museum/indoor, clean_room, natural_history_museum, archive, science_museum",23584
2393,57432,indoor,"clean_room, dressing_room, museum/indoor, archive, nursing_home",23584
2394,57456,indoor,"museum/indoor, natural_history_museum, archive, science_museum, clean_room",23584
2395,57480,indoor,"museum/indoor, natural_history_museum, archive, science_museum, clean_room",23584
2396,57504,indoor,"museum/indoor, archive, natural_history_museum, science_museum, clean_room",23584
2397,57528,indoor,"clean_room, museum/indoor, dressing_room, discotheque, archive",23584
2398,57552,indoor,"museum/indoor, clean_room, natural_history_museum, dressing_room, archive",23584
2399,57576,indoor,"clean_room, museum/indoor, natural_history_museum, dressing_room, science_museum",23584
2400,57600,indoor,"clean_room, dressing_room, museum/indoor, discotheque, archive",23584
2401,57624,indoor,"clean_room, museum/indoor, dressing_room, archive, art_gallery",23584
2402,57648,indoor,"clean_room, operating_room, hospital_room, dressing_room, archive",23584
2403,57672,indoor,"clean_room, dressing_room, operating_room, hospital_room, locker_room",23584
2404,57696,indoor,"clean_room, operating_room, hospital_room, nursing_home, martial_arts_gym",23584
2405,57720,indoor,"museum/indoor, clean_room, archive, dressing_room, locker_room",23584
2406,57744,indoor,"clean_room, museum/indoor, archive, locker_room, dressing_room",23584
2407,57768,indoor,"clean_room, museum/indoor, archive, dressing_room, science_museum",23584
2408,57792,indoor,"museum/indoor, science_museum, art_gallery, biology_laboratory, chemistry_lab",23584
2409,57816,indoor,"water_tower, museum/indoor, natural_history_museum, science_museum, bathroom",23584
2410,57840,indoor,"natural_history_museum, science_museum, museum/indoor, igloo, ice_shelf",23584
2411,57864,indoor,"natural_history_museum, museum/indoor, science_museum, art_gallery, archive",23584
2412,57888,indoor,"natural_history_museum, museum/indoor, science_museum, airport_terminal, archive",23584
2413,57912,indoor,"museum/indoor, clean_room, archive, natural_history_museum, science_museum",23584
2414,57936,indoor,"museum/indoor, natural_history_museum, science_museum, clean_room, archive",23584
2415,57960,indoor,"clean_room, museum/indoor, archive, dressing_room, science_museum",23584
2416,57984,indoor,"museum/indoor, clean_room, dressing_room, science_museum, discotheque",23584
2417,58008,indoor,"clean_room, museum/indoor, dressing_room, clothing_store, discotheque",23584
2418,58032,indoor,"clean_room, dressing_room, museum/indoor, operating_room, discotheque",23584
2419,58056,indoor,"clean_room, museum/indoor, dressing_room, natural_history_museum, discotheque",23584
2420,58080,indoor,"clean_room, dressing_room, museum/indoor, clothing_store, locker_room",23584
2421,58104,indoor,"museum/indoor, clean_room, dressing_room, archive, stage/indoor",23584
2422,58128,indoor,"museum/indoor, clean_room, dressing_room, archive, stage/indoor",23584
2423,58152,indoor,"museum/indoor, clean_room, dressing_room, archive, natural_history_museum",23584
2424,58176,indoor,"clean_room, museum/indoor, dressing_room, archive, natural_history_museum",23584
2425,58200,indoor,"museum/indoor, clean_room, art_gallery, dressing_room, archive",23584
2426,58224,indoor,"museum/indoor, art_gallery, clean_room, dressing_room, archive",23584
2427,58248,indoor,"clean_room, museum/indoor, dressing_room, locker_room, office",23584
2428,58272,indoor,"clean_room, museum/indoor, dressing_room, biology_laboratory, operating_room",23584
2429,58296,indoor,"dressing_room, shower, museum/indoor, clean_room, bathroom",23584
2430,58320,indoor,"dressing_room, museum/indoor, shower, art_gallery, clean_room",23584
2431,58344,indoor,"museum/indoor, clean_room, dressing_room, art_gallery, natural_history_museum",23584
2432,58368,indoor,"dressing_room, clean_room, museum/indoor, clothing_store, science_museum",23584
2433,58392,indoor,"museum/indoor, dressing_room, clean_room, science_museum, shower",23584
2434,58416,indoor,"museum/indoor, clean_room, art_gallery, dressing_room, shower",23584
2435,58440,indoor,"museum/indoor, art_gallery, clean_room, science_museum, archive",23584
2436,58464,indoor,"museum/indoor, clean_room, art_gallery, dressing_room, science_museum",23584
2437,58488,indoor,"museum/indoor, art_gallery, archive, clean_room, artists_loft",23584
2438,58512,indoor,"museum/indoor, art_gallery, archive, natural_history_museum, office",23584
2439,58536,indoor,"museum/indoor, natural_history_museum, archive, clean_room, science_museum",23584
2440,58560,indoor,"museum/indoor, archive, natural_history_museum, clean_room, science_museum",23584
2441,58584,indoor,"museum/indoor, archive, natural_history_museum, clean_room, science_museum",23584
2442,58608,indoor,"museum/indoor, clean_room, dressing_room, archive, natural_history_museum",23584
2443,58632,indoor,"clean_room, museum/indoor, archive, dressing_room, natural_history_museum",23584
2444,58656,indoor,"clean_room, office_cubicles, office, archive, computer_room",23584
2445,58680,indoor,"clean_room, office, biology_laboratory, office_cubicles, lecture_room",23584
2446,58704,indoor,"clean_room, museum/indoor, operating_room, archive, lecture_room",23584
2447,58728,indoor,"museum/indoor, natural_history_museum, science_museum, archive, art_gallery",23584
2448,58752,indoor,"museum/indoor, natural_history_museum, science_museum, archive, clean_room",23584
2449,58776,indoor,"clean_room, museum/indoor, clothing_store, martial_arts_gym, locker_room",23584
2450,58800,indoor,"museum/indoor, clean_room, clothing_store, martial_arts_gym, science_museum",23584
2451,58824,indoor,"museum/indoor, science_museum, natural_history_museum, archive, clean_room",23584
2452,58848,indoor,"museum/indoor, natural_history_museum, science_museum, archive, clean_room",23584
2453,58872,indoor,"museum/indoor, natural_history_museum, science_museum, archive, clean_room",23584
2454,58896,indoor,"clean_room, museum/indoor, clothing_store, operating_room, science_museum",23584
2455,58920,indoor,"clean_room, museum/indoor, martial_arts_gym, clothing_store, science_museum",23584
2456,58944,indoor,"museum/indoor, clean_room, science_museum, archive, natural_history_museum",23584
2457,58968,indoor,"museum/indoor, science_museum, natural_history_museum, chemistry_lab, discotheque",23584
2458,58992,indoor,"museum/indoor, science_museum, discotheque, natural_history_museum, stage/indoor",23584
2459,59016,indoor,"museum/indoor, science_museum, natural_history_museum, discotheque, art_gallery",23584
2460,59040,indoor,"museum/indoor, science_museum, natural_history_museum, art_gallery, discotheque",23584
2461,59064,indoor,"museum/indoor, shower, art_gallery, natural_history_museum, science_museum",23584
2462,59088,indoor,"corridor, locker_room, clean_room, server_room, archive",23584
2463,59112,indoor,"atrium/public, shopping_mall/indoor, clean_room, airport_terminal, escalator/indoor",23584
2464,59136,indoor,"airport_terminal, attic, wind_farm, atrium/public, corridor",23584
2465,59160,indoor,"server_room, archive, locker_room, airport_terminal, clean_room",23584
2466,59184,indoor,"archive, server_room, airport_terminal, locker_room, clean_room",23584
2467,59208,indoor,"server_room, archive, locker_room, airport_terminal, elevator_lobby",23584
2468,59232,indoor,"server_room, airport_terminal, archive, locker_room, classroom",23584
2469,59256,indoor,"server_room, airport_terminal, archive, locker_room, subway_station/platform",23584
2470,59280,indoor,"locker_room, server_room, classroom, airport_terminal, archive",23584
2471,59304,indoor,"server_room, archive, locker_room, classroom, coffee_shop",23584
2472,59328,indoor,"server_room, archive, locker_room, clean_room, coffee_shop",23584
2473,59352,indoor,"locker_room, dressing_room, clean_room, elevator/door, martial_arts_gym",23584
2474,59376,indoor,"locker_room, dressing_room, clean_room, martial_arts_gym, clothing_store",23584
2475,59400,indoor,"locker_room, clean_room, dressing_room, lecture_room, classroom",23584
2476,59424,indoor,"locker_room, clean_room, dressing_room, elevator/door, martial_arts_gym",23584
2477,59448,indoor,"locker_room, dressing_room, clean_room, martial_arts_gym, hospital_room",23584
2478,59472,indoor,"shower, lecture_room, classroom, clean_room, basement",23584
2479,59496,indoor,"locker_room, elevator/door, clean_room, shower, server_room",23584
2480,59520,indoor,"clean_room, airport_terminal, discotheque, atrium/public, museum/indoor",23584
2481,59544,indoor,"elevator/door, office_cubicles, parking_garage/indoor, hospital_room, locker_room",23584
2482,59568,indoor,"locker_room, bowling_alley, elevator/door, basement, airport_terminal",23584
2483,59592,indoor,"clean_room, locker_room, dressing_room, operating_room, hospital_room",23584
2484,59616,indoor,"clean_room, locker_room, museum/indoor, martial_arts_gym, operating_room",23584
2485,59640,indoor,"clean_room, discotheque, museum/indoor, locker_room, martial_arts_gym",23584
2486,59664,indoor,"clean_room, museum/indoor, science_museum, natural_history_museum, art_gallery",23584
2487,59688,indoor,"clean_room, museum/indoor, martial_arts_gym, stage/indoor, bowling_alley",23584
2488,59712,indoor,"martial_arts_gym, boxing_ring, locker_room, clean_room, gymnasium/indoor",23584
2489,59736,indoor,"museum/indoor, natural_history_museum, science_museum, archive, art_gallery",23584
2490,59760,indoor,"museum/indoor, natural_history_museum, science_museum, archive, clean_room",23584
2491,59784,indoor,"museum/indoor, natural_history_museum, science_museum, archive, beauty_salon",23584
2492,59808,indoor,"shower, museum/indoor, dressing_room, bathroom, art_gallery",23584
2493,59832,indoor,"shower, dressing_room, museum/indoor, bathroom, beauty_salon",23584
2494,59856,indoor,"museum/indoor, clothing_store, art_gallery, clean_room, boxing_ring",23584
2495,59880,indoor,"museum/indoor, natural_history_museum, science_museum, archive, art_gallery",23584
2496,59904,indoor,"museum/indoor, clean_room, airport_terminal, clothing_store, jewelry_shop",23584
2497,59928,indoor,"museum/indoor, natural_history_museum, science_museum, atrium/public, archive",23584
2498,59952,indoor,"beauty_salon, museum/indoor, boxing_ring, martial_arts_gym, archive",23584
2499,59976,indoor,"beauty_salon, locker_room, department_store, drugstore, bookstore",23584
2500,60000,indoor,"archive, museum/indoor, airport_terminal, natural_history_museum, science_museum",23584
2501,60024,indoor,"museum/indoor, clean_room, archive, airport_terminal, beauty_salon",23584
2502,60048,indoor,"natural_history_museum, museum/indoor, science_museum, airport_terminal, archive",23584
2503,60072,indoor,"natural_history_museum, museum/indoor, archive, science_museum, airport_terminal",23584
2504,60096,indoor,"elevator/door, locker_room, elevator_lobby, airport_terminal, subway_station/platform",23584
2505,60120,indoor,"clean_room, locker_room, museum/indoor, martial_arts_gym, dressing_room",23584
2506,60144,indoor,"clean_room, martial_arts_gym, locker_room, museum/indoor, archive",23584
2507,60168,indoor,"clean_room, museum/indoor, locker_room, archive, martial_arts_gym",23584
2508,60192,indoor,"clean_room, museum/indoor, archive, dressing_room, operating_room",23584
2509,60216,indoor,"clean_room, museum/indoor, archive, dressing_room, operating_room",23584
2510,60240,indoor,"clean_room, museum/indoor, archive, operating_room, hospital_room",23584
2511,60264,indoor,"clean_room, operating_room, museum/indoor, archive, hospital_room",23584
2512,60288,indoor,"clean_room, museum/indoor, archive, operating_room, stage/indoor",23584
2513,60312,indoor,"clean_room, museum/indoor, operating_room, stage/indoor, locker_room",23584
2514,60336,indoor,"clean_room, museum/indoor, operating_room, archive, stage/indoor",23584
2515,60360,indoor,"clean_room, museum/indoor, archive, dressing_room, operating_room",23584
2516,60384,indoor,"clean_room, museum/indoor, archive, dressing_room, science_museum",23584
2517,60408,indoor,"museum/indoor, clean_room, archive, dressing_room, locker_room",23584
2518,60432,indoor,"clean_room, museum/indoor, archive, dressing_room, operating_room",23584
2519,60456,indoor,"clean_room, museum/indoor, archive, dressing_room, locker_room",23584
2520,60480,indoor,"clean_room, museum/indoor, archive, dressing_room, stage/indoor",23584
2521,60504,indoor,"clean_room, museum/indoor, operating_room, hospital_room, archive",23584
2522,60528,indoor,"clean_room, museum/indoor, operating_room, dressing_room, archive",23584
2523,60552,indoor,"clean_room, museum/indoor, archive, chemistry_lab, dressing_room",23584
2524,60576,indoor,"clean_room, discotheque, museum/indoor, stage/indoor, lecture_room",23584
2525,60600,indoor,"clean_room, stage/indoor, discotheque, martial_arts_gym, dressing_room",23584
2526,60624,indoor,"clean_room, dressing_room, museum/indoor, archive, locker_room",23584
2527,60648,indoor,"museum/indoor, clean_room, archive, operating_room, stage/indoor",23584
2528,60672,indoor,"clean_room, museum/indoor, archive, operating_room, hospital_room",23584
2529,60696,indoor,"clean_room, dressing_room, museum/indoor, operating_room, locker_room",23584
2530,60720,indoor,"clean_room, museum/indoor, archive, martial_arts_gym, locker_room",23584
2531,60744,indoor,"clean_room, museum/indoor, operating_room, dressing_room, hospital_room",23584
2532,60768,indoor,"clean_room, operating_room, dressing_room, locker_room, hospital_room",23584
2533,60792,indoor,"clean_room, museum/indoor, locker_room, archive, dressing_room",23584
2534,60816,indoor,"clean_room, museum/indoor, locker_room, archive, operating_room",23584
2535,60840,indoor,"clean_room, locker_room, clothing_store, museum/indoor, dressing_room",23584
2536,60864,indoor,"clean_room, museum/indoor, archive, operating_room, clothing_store",23584
2537,60888,indoor,"museum/indoor, clean_room, archive, natural_history_museum, locker_room",23584
2538,60912,indoor,"clean_room, museum/indoor, locker_room, clothing_store, martial_arts_gym",23584
2539,60936,indoor,"museum/indoor, clean_room, archive, locker_room, clothing_store",23584
2540,60960,indoor,"clean_room, museum/indoor, archive, locker_room, operating_room",23584
2541,60984,indoor,"clean_room, museum/indoor, archive, locker_room, operating_room",23584
2542,61008,indoor,"clean_room, locker_room, museum/indoor, operating_room, hospital_room",23584
2543,61032,indoor,"clean_room, locker_room, museum/indoor, operating_room, hospital_room",23584
2544,61056,indoor,"clean_room, locker_room, museum/indoor, clothing_store, dressing_room",23584
2545,61080,indoor,"clean_room, museum/indoor, locker_room, dressing_room, operating_room",23584
2546,61104,indoor,"clean_room, museum/indoor, locker_room, dressing_room, clothing_store",23584
2547,61128,indoor,"clean_room, museum/indoor, archive, locker_room, natural_history_museum",23584
2548,61152,indoor,"clean_room, museum/indoor, locker_room, hospital_room, clothing_store",23584
2549,61176,indoor,"museum/indoor, clean_room, natural_history_museum, science_museum, archive",23584
2550,61200,indoor,"museum/indoor, clean_room, archive, natural_history_museum, science_museum",23584
2551,61224,indoor,"clean_room, museum/indoor, archive, locker_room, science_museum",23584
2552,61248,indoor,"clean_room, museum/indoor, locker_room, operating_room, hospital_room",23584
2553,61272,indoor,"clean_room, museum/indoor, archive, operating_room, locker_room",23584
2554,61296,indoor,"museum/indoor, clean_room, archive, natural_history_museum, science_museum",23584
2555,61320,indoor,"clean_room, museum/indoor, archive, operating_room, science_museum",23584
2556,61344,indoor,"museum/indoor, clean_room, archive, dressing_room, locker_room",23584
2557,61368,indoor,"clean_room, locker_room, operating_room, museum/indoor, archive",23584
2558,61392,indoor,"museum/indoor, clean_room, archive, natural_history_museum, science_museum",23584
2559,61416,indoor,"museum/indoor, clean_room, natural_history_museum, science_museum, archive",23584
2560,61440,indoor,"museum/indoor, natural_history_museum, clean_room, archive, science_museum",23584
2561,61464,indoor,"clean_room, dressing_room, museum/indoor, locker_room, science_museum",23584
2562,61488,indoor,"museum/indoor, science_museum, dressing_room, natural_history_museum, beauty_salon",23584
2563,61512,indoor,"museum/indoor, natural_history_museum, archive, science_museum, clean_room",23584
2564,61536,indoor,"museum/indoor, natural_history_museum, science_museum, archive, clean_room",23584
2565,61560,indoor,"dressing_room, museum/indoor, clean_room, natural_history_museum, science_museum",23584
2566,61584,indoor,"dressing_room, museum/indoor, clean_room, natural_history_museum, archive",23584
2567,61608,indoor,"dressing_room, clean_room, museum/indoor, locker_room, beauty_salon",23584
2568,61632,indoor,"dressing_room, clean_room, museum/indoor, locker_room, science_museum",23584
2569,61656,indoor,"museum/indoor, natural_history_museum, science_museum, archive, clean_room",23584
2570,61680,indoor,"museum/indoor, natural_history_museum, science_museum, archive, clean_room",23584
2571,61704,indoor,"museum/indoor, archive, natural_history_museum, science_museum, clean_room",23584
2572,61728,indoor,"dressing_room, clean_room, locker_room, museum/indoor, archive",23584
2573,61752,indoor,"dressing_room, locker_room, clean_room, museum/indoor, archive",23584
2574,61776,indoor,"clean_room, dressing_room, locker_room, hospital_room, archive",23584
2575,61800,indoor,"dressing_room, clean_room, locker_room, closet, elevator/door",23584
2576,61824,indoor,"dressing_room, locker_room, clean_room, elevator/door, shower",23584
2577,61848,indoor,"locker_room, elevator/door, clean_room, elevator_lobby, dressing_room",23584
2578,61872,indoor,"locker_room, elevator/door, dressing_room, clean_room, elevator_lobby",23584
2579,61896,indoor,"museum/indoor, art_gallery, clean_room, natural_history_museum, science_museum",23584
2580,61920,indoor,"museum/indoor, clean_room, natural_history_museum, art_gallery, science_museum",23584
2581,61944,indoor,"museum/indoor, clean_room, art_gallery, natural_history_museum, science_museum",23584
2582,61968,indoor,"museum/indoor, art_gallery, clean_room, natural_history_museum, science_museum",23584
2583,61992,indoor,"museum/indoor, natural_history_museum, clean_room, art_gallery, science_museum",23584
2584,62016,indoor,"museum/indoor, natural_history_museum, art_gallery, clean_room, science_museum",23584
2585,62040,indoor,"museum/indoor, clean_room, dressing_room, art_gallery, natural_history_museum",23584
2586,62064,indoor,"museum/indoor, dressing_room, clean_room, natural_history_museum, art_gallery",23584
2587,62088,indoor,"clean_room, museum/indoor, dressing_room, art_gallery, natural_history_museum",23584
2588,62112,indoor,"clean_room, locker_room, elevator/door, airport_terminal, subway_station/platform",23584
2589,62136,indoor,"locker_room, elevator/door, airport_terminal, elevator_lobby, subway_station/platform",23584
2590,62160,indoor,"locker_room, elevator/door, archive, elevator_lobby, clean_room",23584
2591,62184,indoor,"elevator/door, locker_room, archive, elevator_lobby, clean_room",23584
2592,62208,indoor,"clean_room, dressing_room, locker_room, beauty_salon, museum/indoor",23584
2593,62232,indoor,"clean_room, dressing_room, locker_room, archive, museum/indoor",23584
2594,62256,indoor,"clean_room, archive, museum/indoor, dressing_room, chemistry_lab",23584
2595,62280,indoor,"museum/indoor, archive, natural_history_museum, science_museum, clean_room",23584
2596,62304,indoor,"archive, museum/indoor, natural_history_museum, science_museum, clean_room",23584
2597,62328,indoor,"natural_history_museum, museum/indoor, archive, science_museum, clean_room",23584
2598,62352,indoor,"museum/indoor, archive, natural_history_museum, science_museum, clean_room",23584
2599,62376,indoor,"clean_room, locker_room, archive, dressing_room, elevator/door",23584
2600,62400,indoor,"museum/indoor, natural_history_museum, archive, science_museum, clean_room",23584
2601,62424,indoor,"archive, museum/indoor, natural_history_museum, science_museum, clean_room",23584
2602,62448,indoor,"museum/indoor, archive, natural_history_museum, science_museum, clean_room",23584
2603,62472,indoor,"museum/indoor, natural_history_museum, archive, science_museum, clean_room",23584
2604,62496,indoor,"museum/indoor, natural_history_museum, archive, science_museum, clean_room",23584
2605,62520,indoor,"museum/indoor, archive, clean_room, natural_history_museum, locker_room",23584
2606,62544,indoor,"museum/indoor, clean_room, natural_history_museum, archive, drugstore",23584
2607,62568,indoor,"elevator/door, elevator_lobby, archive, clean_room, locker_room",23584
2608,62592,indoor,"elevator/door, elevator_lobby, locker_room, server_room, closet",23584
2609,62616,indoor,"dressing_room, clean_room, chemistry_lab, dining_room, locker_room",23584
2610,62640,indoor,"dining_room, banquet_hall, dining_hall, restaurant, dressing_room",23584
2611,62664,indoor,"banquet_hall, restaurant, dining_room, dining_hall, cafeteria",23584
2612,62688,indoor,"banquet_hall, dining_room, restaurant, dining_hall, cafeteria",23584
2613,62712,indoor,"dining_room, banquet_hall, restaurant, dining_hall, cafeteria",23584
2614,62736,indoor,"dining_room, banquet_hall, restaurant, dining_hall, cafeteria",23584
2615,62760,indoor,"banquet_hall, dining_room, restaurant, dining_hall, dressing_room",23584
2616,62784,indoor,"dining_room, banquet_hall, restaurant, dining_hall, cafeteria",23584
2617,62808,indoor,"banquet_hall, dining_room, restaurant, dining_hall, bar",23584
2618,62832,indoor,"dining_room, banquet_hall, restaurant, dining_hall, bar",23584
2619,62856,indoor,"bar, banquet_hall, restaurant, dining_hall, dining_room",23584
2620,62880,indoor,"banquet_hall, dining_room, dining_hall, bar, restaurant",23584
2621,62904,indoor,"banquet_hall, dining_room, dining_hall, restaurant, bar",23584
2622,62928,indoor,"banquet_hall, restaurant, dining_room, dining_hall, bar",23584
2623,62952,indoor,"banquet_hall, dining_room, dining_hall, restaurant, nursing_home",23584
2624,62976,indoor,"banquet_hall, dining_room, restaurant, dining_hall, dressing_room",23584
2625,63000,indoor,"banquet_hall, dining_room, restaurant, dining_hall, dressing_room",23584
2626,63024,indoor,"chemistry_lab, bar, office, clean_room, dining_hall",23584
2627,63048,indoor,"banquet_hall, restaurant, dining_hall, dining_room, bar",23584
2628,63072,indoor,"bar, chemistry_lab, banquet_hall, dining_hall, dressing_room",23584
2629,63096,indoor,"banquet_hall, restaurant, dining_room, dining_hall, bar",23584
2630,63120,indoor,"banquet_hall, dining_room, restaurant, dining_hall, bar",23584
2631,63144,indoor,"banquet_hall, dining_room, dining_hall, restaurant, bar",23584
2632,63168,indoor,"banquet_hall, dining_hall, restaurant, dining_room, bar",23584
2633,63192,indoor,"dining_room, restaurant, dining_hall, banquet_hall, cafeteria",23584
2634,63216,indoor,"banquet_hall, restaurant, dining_hall, dining_room, cafeteria",23584
2635,63240,indoor,"banquet_hall, dining_hall, restaurant, dining_room, cafeteria",23584
2636,63264,indoor,"banquet_hall, dining_hall, restaurant, dining_room, cafeteria",23584
2637,63288,indoor,"banquet_hall, dining_hall, restaurant, dining_room, cafeteria",23584
2638,63312,indoor,"museum/indoor, clean_room, chemistry_lab, beauty_salon, archive",23584
2639,63336,indoor,"museum/indoor, clean_room, beauty_salon, science_museum, chemistry_lab",23584
2640,63360,indoor,"banquet_hall, dining_hall, restaurant, dining_room, cafeteria",23584
2641,63384,indoor,"banquet_hall, restaurant, dining_hall, dressing_room, dining_room",23584
2642,63408,indoor,"clean_room, museum/indoor, dressing_room, archive, art_gallery",23584
2643,63432,indoor,"dressing_room, restaurant, banquet_hall, basement, dining_room",23584
2644,63456,indoor,"banquet_hall, restaurant, dining_hall, dining_room, cafeteria",23584
2645,63480,indoor,"banquet_hall, dining_hall, restaurant, dining_room, cafeteria",23584
2646,63504,indoor,"banquet_hall, dining_hall, restaurant, dining_room, cafeteria",23584
2647,63528,indoor,"banquet_hall, restaurant, dining_hall, dining_room, wet_bar",23584
2648,63552,indoor,"clean_room, banquet_hall, utility_room, laundromat, archive",23584
2649,63576,indoor,"dressing_room, museum/indoor, beauty_salon, archive, discotheque",23584
2650,63600,indoor,"museum/indoor, dressing_room, beauty_salon, archive, stage/indoor",23584
2651,63624,indoor,"dressing_room, museum/indoor, beauty_salon, discotheque, chemistry_lab",23584
2652,63648,indoor,"dressing_room, bar, ballroom, chemistry_lab, banquet_hall",23584
2653,63672,indoor,"dressing_room, ballroom, bar, museum/indoor, discotheque",23584
2654,63696,indoor,"dressing_room, museum/indoor, beauty_salon, discotheque, chemistry_lab",23584
2655,63720,indoor,"dressing_room, museum/indoor, beauty_salon, chemistry_lab, discotheque",23584
2656,63744,indoor,"dressing_room, museum/indoor, beauty_salon, chemistry_lab, ballroom",23584
2657,63768,indoor,"chemistry_lab, beauty_salon, biology_laboratory, dressing_room, bar",23584
2658,63792,indoor,"dressing_room, discotheque, restaurant, bar, chemistry_lab",23584
2659,63816,indoor,"dressing_room, museum/indoor, bow_window/indoor, music_studio, classroom",23584
2660,63840,indoor,"dressing_room, music_studio, beauty_salon, classroom, clean_room",23584
2661,63864,indoor,"dressing_room, clean_room, classroom, hospital_room, archive",23584
2662,63888,indoor,"dressing_room, clean_room, office, hospital_room, art_gallery",23584
2663,63912,indoor,"biology_laboratory, office, beauty_salon, chemistry_lab, conference_room",23584
2664,63936,indoor,"beauty_salon, dressing_room, office, biology_laboratory, museum/indoor",23584
2665,63960,indoor,"dressing_room, clean_room, biology_laboratory, office, bathroom",23584
2666,63984,indoor,"dressing_room, bathroom, clean_room, shower, biology_laboratory",23584
2667,64008,indoor,"dressing_room, bathroom, shower, clean_room, locker_room",23584
2668,64032,indoor,"dressing_room, office, bathroom, beauty_salon, biology_laboratory",23584
2669,64056,indoor,"dressing_room, ballroom, museum/indoor, discotheque, shower",23584
2670,64080,indoor,"dressing_room, ballroom, museum/indoor, discotheque, beauty_salon",23584
2671,64104,indoor,"dressing_room, ballroom, discotheque, bar, museum/indoor",23584
2672,64128,indoor,"museum/indoor, dressing_room, beauty_salon, discotheque, ballroom",23584
2673,64152,indoor,"museum/indoor, dressing_room, beauty_salon, discotheque, chemistry_lab",23584
2674,64176,indoor,"bow_window/indoor, office, clean_room, hospital_room, restaurant",23584
2675,64200,indoor,"bow_window/indoor, clean_room, dressing_room, office, hospital_room",23584
2676,64224,indoor,"bow_window/indoor, clean_room, dressing_room, hospital_room, office",23584
2677,64248,indoor,"bow_window/indoor, hospital_room, bedroom, hotel_room, dressing_room",23584
2678,64272,indoor,"dressing_room, bedroom, bow_window/indoor, living_room, hotel_room",23584
2679,64296,indoor,"dressing_room, beauty_salon, bow_window/indoor, music_studio, living_room",23584
2680,64320,indoor,"dressing_room, music_studio, bow_window/indoor, beauty_salon, gymnasium/indoor",23584
2681,64344,indoor,"dressing_room, music_studio, beauty_salon, gymnasium/indoor, clean_room",23584
2682,64368,indoor,"dressing_room, beauty_salon, music_studio, discotheque, bar",23584
2683,64392,indoor,"dressing_room, bow_window/indoor, bar, beauty_salon, restaurant",23584
2684,64416,indoor,"dressing_room, chemistry_lab, bar, restaurant, beauty_salon",23584
2685,64440,indoor,"dressing_room, beauty_salon, bar, office, chemistry_lab",23584
2686,64464,indoor,"bow_window/indoor, office, living_room, dressing_room, hotel_room",23584
2687,64488,indoor,"dressing_room, museum/indoor, ballroom, beauty_salon, shower",23584
2688,64512,indoor,"dressing_room, museum/indoor, beauty_salon, ballroom, shower",23584
2689,64536,indoor,"dressing_room, jail_cell, elevator/door, shower, hospital_room",23584
2690,64560,indoor,"dressing_room, elevator/door, locker_room, jail_cell, elevator_lobby",23584
2691,64584,indoor,"dressing_room, ballroom, museum/indoor, shower, discotheque",23584
2692,64608,indoor,"dressing_room, beauty_salon, museum/indoor, chemistry_lab, ballroom",23584
2693,64632,indoor,"bow_window/indoor, office, dressing_room, hospital_room, clean_room",23584
2694,64656,indoor,"bow_window/indoor, hospital_room, hotel_room, nursing_home, clean_room",23584
2695,64680,indoor,"bow_window/indoor, chemistry_lab, dressing_room, bar, office",23584
2696,64704,indoor,"dressing_room, bow_window/indoor, chemistry_lab, beauty_salon, clean_room",23584
2697,64728,indoor,"dressing_room, bow_window/indoor, chemistry_lab, beauty_salon, hospital_room",23584
2698,64752,indoor,"dressing_room, chemistry_lab, beauty_salon, hospital_room, bow_window/indoor",23584
2699,64776,indoor,"dressing_room, chemistry_lab, hospital_room, beauty_salon, clean_room",23584
2700,64800,indoor,"dressing_room, chemistry_lab, beauty_salon, hospital_room, bar",23584
2701,64824,indoor,"dressing_room, beauty_salon, hospital_room, chemistry_lab, bar",23584
2702,64848,indoor,"office, bow_window/indoor, office_cubicles, dressing_room, airport_terminal",23584
2703,64872,indoor,"bow_window/indoor, office, dressing_room, living_room, archive",23584
2704,64896,indoor,"bow_window/indoor, office, nursing_home, dressing_room, living_room",23584
2705,64920,indoor,"bow_window/indoor, office, dressing_room, clean_room, nursing_home",23584
2706,64944,indoor,"bow_window/indoor, dressing_room, office, living_room, balcony/interior",23584
2707,64968,indoor,"office, clean_room, conference_room, conference_center, lecture_room",23584
2708,64992,indoor,"office, clean_room, conference_center, conference_room, beauty_salon",23584
2709,65016,indoor,"dressing_room, ballroom, sauna, shower, museum/indoor",23584
2710,65040,indoor,"dressing_room, ballroom, museum/indoor, bar, shower",23584
2711,65064,indoor,"dressing_room, museum/indoor, beauty_salon, ballroom, chemistry_lab",23584
2712,65088,indoor,"dressing_room, museum/indoor, beauty_salon, ballroom, discotheque",23584
2713,65112,indoor,"dressing_room, ballroom, museum/indoor, beauty_salon, sauna",23584
2714,65136,indoor,"jail_cell, shower, bathroom, clean_room, chemistry_lab",23584
2715,65160,indoor,"bathroom, clean_room, dressing_room, shower, biology_laboratory",23584
2716,65184,indoor,"dressing_room, museum/indoor, ballroom, beauty_salon, sauna",23584
2717,65208,indoor,"dressing_room, beauty_salon, museum/indoor, music_studio, discotheque",23584
2718,65232,indoor,"dressing_room, museum/indoor, beauty_salon, ballroom, music_studio",23584
2719,65256,indoor,"dressing_room, beauty_salon, museum/indoor, music_studio, discotheque",23584
2720,65280,indoor,"dressing_room, museum/indoor, shower, beauty_salon, ballroom",23584
2721,65304,indoor,"dressing_room, ballroom, museum/indoor, beauty_salon, bar",23584
2722,65328,indoor,"dressing_room, bow_window/indoor, music_studio, elevator/door, office",23584
2723,65352,indoor,"dressing_room, music_studio, elevator/door, bow_window/indoor, office",23584
2724,65376,indoor,"dressing_room, music_studio, bow_window/indoor, elevator/door, discotheque",23584
2725,65400,indoor,"bow_window/indoor, music_studio, dressing_room, elevator/door, discotheque",23584
2726,65424,indoor,"dressing_room, museum/indoor, beauty_salon, ballroom, discotheque",23584
2727,65448,indoor,"dressing_room, museum/indoor, beauty_salon, shower, ballroom",23584
2728,65472,indoor,"dressing_room, museum/indoor, beauty_salon, ballroom, shower",23584
2729,65496,indoor,"dressing_room, beauty_salon, museum/indoor, discotheque, ballroom",23584
2730,65520,indoor,"dressing_room, museum/indoor, ballroom, beauty_salon, discotheque",23584
2731,65544,indoor,"clean_room, nursing_home, beauty_salon, chemistry_lab, museum/indoor",23584
2732,65568,indoor,"clean_room, chemistry_lab, nursing_home, beauty_salon, biology_laboratory",23584
2733,65592,indoor,"clean_room, chemistry_lab, beauty_salon, nursing_home, biology_laboratory",23584
2734,65616,indoor,"clean_room, chemistry_lab, nursing_home, beauty_salon, biology_laboratory",23584
2735,65640,indoor,"nursing_home, clean_room, restaurant, dining_room, banquet_hall",23584
2736,65664,indoor,"dressing_room, beauty_salon, discotheque, bar, chemistry_lab",23584
2737,65688,indoor,"dressing_room, discotheque, clean_room, beauty_salon, bar",23584
2738,65712,indoor,"dressing_room, bar, restaurant, wet_bar, dining_room",23584
2739,65736,indoor,"music_studio, discotheque, dressing_room, stage/indoor, bar",23584
2740,65760,indoor,"restaurant, bar, dressing_room, banquet_hall, dining_room",23584
2741,65784,indoor,"dressing_room, restaurant, bar, banquet_hall, dining_room",23584
2742,65808,indoor,"dressing_room, music_studio, discotheque, stage/indoor, ballroom",23584
2743,65832,indoor,"music_studio, dressing_room, stage/indoor, ballroom, lecture_room",23584
2744,65856,indoor,"bar, restaurant, dressing_room, dining_hall, cafeteria",23584
2745,65880,indoor,"bar, restaurant, dressing_room, dining_room, dining_hall",23584
2746,65904,indoor,"dressing_room, bar, restaurant, wet_bar, pub/indoor",23584
2747,65928,indoor,"dressing_room, office, archive, elevator/door, music_studio",23584
2748,65952,indoor,"dressing_room, ballroom, conference_center, office, beauty_salon",23584
2749,65976,indoor,"dressing_room, ballroom, conference_center, office, conference_room",23584
2750,66000,indoor,"dressing_room, conference_center, office, ballroom, beauty_salon",23584
2751,66024,indoor,"conference_center, dressing_room, office, music_studio, lecture_room",23584
2752,66048,indoor,"office, conference_center, office_cubicles, dressing_room, lecture_room",23584
2753,66072,indoor,"office, conference_center, office_cubicles, dressing_room, music_studio",23584
2754,66096,indoor,"museum/indoor, conference_center, office, archive, music_studio",23584
2755,66120,indoor,"museum/indoor, archive, office, art_gallery, dressing_room",23584
2756,66144,indoor,"museum/indoor, office, archive, conference_center, art_gallery",23584
2757,66168,indoor,"museum/indoor, office, conference_center, archive, art_gallery",23584
2758,66192,indoor,"dressing_room, ballroom, music_studio, bar, discotheque",23584
2759,66216,indoor,"dressing_room, bow_window/indoor, elevator/door, music_studio, shower",23584
2760,66240,indoor,"dressing_room, discotheque, music_studio, nursing_home, hospital_room",23584
2761,66264,indoor,"dressing_room, bow_window/indoor, hotel_room, ballroom, beauty_salon",23584
2762,66288,indoor,"dressing_room, bow_window/indoor, hotel_room, locker_room, beauty_salon",23584
2763,66312,indoor,"museum/indoor, office, conference_center, dressing_room, television_studio",23584
2764,66336,indoor,"museum/indoor, conference_center, office, television_studio, art_gallery",23584
2765,66360,indoor,"dressing_room, museum/indoor, office, art_gallery, stage/indoor",23584
2766,66384,indoor,"museum/indoor, art_gallery, dressing_room, office, stage/indoor",23584
2767,66408,indoor,"museum/indoor, stage/indoor, dressing_room, office, music_studio",23584
2768,66432,indoor,"dressing_room, beauty_salon, hospital_room, music_studio, bedroom",23584
2769,66456,indoor,"dressing_room, shower, discotheque, elevator/door, clean_room",23584
2770,66480,indoor,"dressing_room, discotheque, bar, beauty_salon, banquet_hall",23584
2771,66504,indoor,"dressing_room, discotheque, bar, ballroom, nursing_home",23584
2772,66528,outdoor,"viaduct, dam, ice_shelf, bridge, balcony/interior",23584
2773,66552,outdoor,"dam, ice_shelf, viaduct, balcony/interior, archive",23584
2774,66576,indoor,"ice_cream_parlor, restaurant, cafeteria, bar, dining_hall",23584
2775,66600,indoor,"clean_room, dressing_room, ice_cream_parlor, chemistry_lab, biology_laboratory",23584
2776,66624,indoor,"clean_room, ice_cream_parlor, chemistry_lab, biology_laboratory, restaurant",23584
2777,66648,indoor,"chemistry_lab, archive, clean_room, museum/indoor, locker_room",23584
2778,66672,indoor,"art_gallery, archive, museum/indoor, natural_history_museum, burial_chamber",23584
2779,66696,indoor,"art_gallery, museum/indoor, archive, natural_history_museum, burial_chamber",23584
2780,66720,outdoor,"desert/sand, sky, beach, lake/natural, marsh",23584
2781,66744,outdoor,"desert/sand, sky, beach, lake/natural, marsh",23584
2782,66768,indoor,"clean_room, chemistry_lab, wet_bar, bar, dressing_room",23584
2783,66792,indoor,"chemistry_lab, ice_cream_parlor, clean_room, kitchen, restaurant_kitchen",23584
2784,66816,indoor,"clean_room, dressing_room, ice_cream_parlor, candy_store, restaurant",23584
2785,66840,indoor,"ice_cream_parlor, restaurant, bar, clean_room, airplane_cabin",23584
2786,66864,indoor,"clean_room, ice_cream_parlor, bar, galley, restaurant",23584
2787,66888,indoor,"clean_room, galley, ice_cream_parlor, restaurant, kitchen",23584
2788,66912,indoor,"ice_cream_parlor, clean_room, restaurant, galley, kitchen",23584
2789,66936,indoor,"clean_room, chemistry_lab, biology_laboratory, physics_laboratory, ice_cream_parlor",23584
2790,66960,outdoor,"viaduct, bridge, railroad_track, dam, rope_bridge",23584
2791,66984,outdoor,"railroad_track, train_station/platform, bridge, viaduct, volcano",23584
2792,67008,outdoor,"railroad_track, train_station/platform, valley, mountain_snowy, mountain",23584
2793,67032,outdoor,"ski_resort, stage/indoor, hospital, clean_room, schoolhouse",23584
2794,67056,indoor,"clean_room, art_gallery, museum/indoor, coffee_shop, music_studio",23584
2795,67080,indoor,"bar, beauty_salon, music_studio, chemistry_lab, clothing_store",23584
2796,67104,indoor,"clean_room, discotheque, chemistry_lab, museum/indoor, shower",23584
2797,67128,outdoor,"skyscraper, tower, hospital, office_building, discotheque",23584
2798,67152,outdoor,"sky, shower, skyscraper, bridge, lake/natural",23584
2799,67176,outdoor,"skyscraper, tower, shower, downtown, office_building",23584
2800,67200,outdoor,"sky, skyscraper, tower, shower, office_building",23584
2801,67224,outdoor,"skyscraper, tower, office_building, hospital, clean_room",23584
2802,67248,outdoor,"shower, tower, skyscraper, bridge, stage/indoor",23584
2803,67272,outdoor,"museum/indoor, bridge, tower, corridor, skyscraper",23584
2804,67296,indoor,"airport_terminal, museum/indoor, clean_room, corridor, art_gallery",23584
2805,67320,indoor,"clean_room, museum/indoor, airport_terminal, science_museum, chemistry_lab",23584
2806,67344,indoor,"clean_room, pharmacy, drugstore, chemistry_lab, jewelry_shop",23584
2807,67368,indoor,"clean_room, pharmacy, drugstore, gift_shop, clothing_store",23584
2808,67392,indoor,"clean_room, pharmacy, drugstore, ice_cream_parlor, department_store",23584
2809,67416,indoor,"clean_room, pharmacy, chemistry_lab, gift_shop, ice_cream_parlor",23584
2810,67440,indoor,"clean_room, pharmacy, drugstore, gift_shop, bakery/shop",23584
2811,67464,indoor,"clean_room, pharmacy, discotheque, chemistry_lab, stage/indoor",23584
2812,67488,indoor,"stage/indoor, discotheque, music_studio, museum/indoor, clean_room",23584
2813,67512,indoor,"discotheque, clean_room, music_studio, stage/indoor, chemistry_lab",23584
2814,67536,indoor,"discotheque, stage/indoor, music_studio, pharmacy, bar",23584
2815,67560,indoor,"discotheque, stage/indoor, clean_room, chemistry_lab, pharmacy",23584
2816,67584,indoor,"discotheque, clean_room, stage/indoor, chemistry_lab, music_studio",23584
2817,67608,indoor,"museum/indoor, basement, art_gallery, chemistry_lab, tower",23584
2818,67632,indoor,"basement, shower, jail_cell, burial_chamber, catacomb",23584
2819,67656,indoor,"basement, shower, alcove, attic, art_gallery",23584
2820,67680,indoor,"basement, shower, alcove, art_gallery, burial_chamber",23584
2821,67704,indoor,"museum/indoor, shower, tower, art_gallery, science_museum",23584
2822,67728,indoor,"shower, basement, art_gallery, museum/indoor, wet_bar",23584
2823,67752,indoor,"shower, art_gallery, bathroom, basement, museum/indoor",23584
2824,67776,indoor,"shower, lobby, staircase, elevator_lobby, elevator/door",23584
2825,67800,indoor,"shower, staircase, art_gallery, basement, lobby",23584
2826,67824,indoor,"staircase, shower, art_gallery, wet_bar, bathroom",23584
2827,67848,indoor,"staircase, lobby, auditorium, art_gallery, museum/indoor",23584
2828,67872,indoor,"staircase, museum/indoor, lobby, office_building, shower",23584
2829,67896,outdoor,"arch, mosque/outdoor, bridge, museum/indoor, church/indoor",23584
2830,67920,outdoor,"museum/indoor, arch, bridge, mosque/outdoor, science_museum",23584
2831,67944,outdoor,"arch, bridge, museum/indoor, tower, mosque/outdoor",23584
2832,67968,indoor,"museum/indoor, clean_room, science_museum, art_gallery, tower",23584
2833,67992,indoor,"clean_room, museum/indoor, science_museum, bridge, boat_deck",23584
2834,68016,indoor,"museum/indoor, bridge, arch, science_museum, art_gallery",23584
2835,68040,indoor,"clean_room, dressing_room, discotheque, basement, locker_room",23584
2836,68064,indoor,"clean_room, basement, locker_room, stage/indoor, shower",23584
2837,68088,indoor,"clean_room, corridor, basement, shower, staircase",23584
2838,68112,indoor,"clean_room, corridor, staircase, shower, escalator/indoor",23584
2839,68136,indoor,"corridor, clean_room, entrance_hall, lobby, staircase",23584
2840,68160,indoor,"clean_room, hospital_room, corridor, airplane_cabin, museum/indoor",23584
2841,68184,indoor,"museum/indoor, clean_room, corridor, hospital_room, locker_room",23584
2842,68208,indoor,"museum/indoor, locker_room, elevator_lobby, lobby, corridor",23584
2843,68232,indoor,"corridor, museum/indoor, elevator_lobby, locker_room, art_gallery",23584
2844,68256,indoor,"corridor, museum/indoor, lobby, elevator_lobby, entrance_hall",23584
2845,68280,indoor,"corridor, entrance_hall, museum/indoor, lobby, basement",23584
2846,68304,indoor,"corridor, entrance_hall, basement, jail_cell, museum/indoor",23584
2847,68328,indoor,"basement, museum/indoor, jail_cell, entrance_hall, bow_window/indoor",23584
2848,68352,indoor,"church/indoor, museum/indoor, basement, jail_cell, chemistry_lab",23584
2849,68376,indoor,"church/indoor, museum/indoor, jail_cell, bow_window/indoor, clean_room",23584
2850,68400,indoor,"church/indoor, museum/indoor, entrance_hall, clean_room, corridor",23584
2851,68424,indoor,"church/indoor, corridor, entrance_hall, clean_room, museum/indoor",23584
2852,68448,indoor,"clean_room, corridor, church/indoor, entrance_hall, lobby",23584
2853,68472,indoor,"clean_room, church/indoor, corridor, entrance_hall, museum/indoor",23584
2854,68496,indoor,"church/indoor, entrance_hall, corridor, clean_room, lobby",23584
2855,68520,indoor,"corridor, lobby, entrance_hall, elevator_lobby, clean_room",23584
2856,68544,indoor,"corridor, lobby, entrance_hall, church/indoor, clean_room",23584
2857,68568,indoor,"corridor, church/indoor, entrance_hall, clean_room, lobby",23584
2858,68592,indoor,"corridor, clean_room, church/indoor, construction_site, tower",23584
2859,68616,indoor,"corridor, clean_room, church/indoor, basement, hospital_room",23584
2860,68640,indoor,"shower, clean_room, museum/indoor, lobby, bathroom",23584
2861,68664,indoor,"museum/indoor, clean_room, natural_history_museum, science_museum, art_gallery",23584
2862,68688,indoor,"museum/indoor, natural_history_museum, science_museum, clean_room, art_gallery",23584
2863,68712,indoor,"museum/indoor, natural_history_museum, science_museum, clean_room, atrium/public",23584
2864,68736,indoor,"museum/indoor, clean_room, natural_history_museum, science_museum, archive",23584
2865,68760,indoor,"museum/indoor, clean_room, natural_history_museum, science_museum, art_gallery",23584
2866,68784,indoor,"clean_room, museum/indoor, science_museum, natural_history_museum, archive",23584
2867,68808,indoor,"science_museum, natural_history_museum, museum/indoor, basement, clean_room",23584
2868,68832,indoor,"museum/indoor, stage/indoor, archive, clean_room, music_studio",23584
2869,68856,indoor,"museum/indoor, science_museum, clean_room, natural_history_museum, archive",23584
2870,68880,indoor,"museum/indoor, science_museum, natural_history_museum, clean_room, art_gallery",23584
2871,68904,indoor,"museum/indoor, science_museum, natural_history_museum, archive, art_gallery",23584
2872,68928,indoor,"museum/indoor, science_museum, natural_history_museum, stage/indoor, archive",23584
2873,68952,indoor,"clean_room, archive, dressing_room, stage/indoor, museum/indoor",23584
2874,68976,indoor,"museum/indoor, discotheque, stage/indoor, shower, chemistry_lab",23584
2875,69000,indoor,"clean_room, museum/indoor, dressing_room, chemistry_lab, art_gallery",23584
2876,69024,indoor,"dressing_room, locker_room, shower, museum/indoor, bathroom",23584
2877,69048,indoor,"dressing_room, museum/indoor, lobby, locker_room, shower",23584
2878,69072,indoor,"dressing_room, shower, museum/indoor, locker_room, clean_room",23584
2879,69096,indoor,"dressing_room, clean_room, museum/indoor, shower, clothing_store",23584
2880,69120,indoor,"dressing_room, locker_room, museum/indoor, clean_room, sauna",23584
2881,69144,indoor,"clean_room, dressing_room, locker_room, shower, bathroom",23584
2882,69168,indoor,"museum/indoor, clean_room, elevator/door, locker_room, elevator_lobby",23584
2883,69192,indoor,"locker_room, elevator/door, elevator_lobby, dressing_room, clean_room",23584
2884,69216,indoor,"locker_room, elevator/door, dressing_room, clean_room, elevator_lobby",23584
2885,69240,indoor,"elevator/door, clean_room, locker_room, dressing_room, elevator_lobby",23584
2886,69264,indoor,"locker_room, clean_room, dressing_room, elevator/door, elevator_lobby",23584
2887,69288,indoor,"clean_room, dressing_room, locker_room, shower, museum/indoor",23584
2888,69312,indoor,"dressing_room, clean_room, museum/indoor, locker_room, elevator/door",23584
2889,69336,indoor,"clean_room, dressing_room, locker_room, museum/indoor, elevator/door",23584
2890,69360,indoor,"dressing_room, locker_room, ballroom, museum/indoor, clean_room",23584
2891,69384,indoor,"basement, locker_room, clean_room, jail_cell, shower",23584
2892,69408,indoor,"closet, shower, bow_window/indoor, elevator/door, locker_room",23584
2893,69432,indoor,"closet, locker_room, sauna, shower, bow_window/indoor",23584
2894,69456,indoor,"closet, bow_window/indoor, locker_room, sauna, elevator/door",23584
2895,69480,indoor,"sauna, clean_room, elevator/door, closet, doorway/outdoor",23584
2896,69504,indoor,"clean_room, elevator/door, locker_room, archive, elevator_lobby",23584
2897,69528,indoor,"locker_room, clean_room, server_room, elevator/door, elevator_lobby",23584
2898,69552,indoor,"clean_room, operating_room, archive, hospital_room, museum/indoor",23584
2899,69576,indoor,"clean_room, archive, locker_room, operating_room, classroom",23584
2900,69600,indoor,"clean_room, locker_room, archive, museum/indoor, science_museum",23584
2901,69624,indoor,"clean_room, archive, locker_room, server_room, operating_room",23584
2902,69648,indoor,"clean_room, archive, locker_room, operating_room, hospital_room",23584
2903,69672,indoor,"clean_room, locker_room, archive, science_museum, server_room",23584
2904,69696,indoor,"clean_room, archive, locker_room, operating_room, sauna",23584
2905,69720,indoor,"clean_room, archive, chemistry_lab, museum/indoor, science_museum",23584
2906,69744,indoor,"clean_room, archive, museum/indoor, science_museum, clothing_store",23584
2907,69768,indoor,"clean_room, archive, museum/indoor, science_museum, natural_history_museum",23584
2908,69792,indoor,"clean_room, museum/indoor, archive, science_museum, chemistry_lab",23584
2909,69816,indoor,"clean_room, museum/indoor, archive, science_museum, music_studio",23584
2910,69840,indoor,"clean_room, museum/indoor, shoe_shop, science_museum, archive",23584
2911,69864,indoor,"clean_room, museum/indoor, science_museum, engine_room, toyshop",23584
2912,69888,indoor,"clean_room, museum/indoor, dressing_room, science_museum, clothing_store",23584
2913,69912,indoor,"clean_room, museum/indoor, chemistry_lab, science_museum, physics_laboratory",23584
2914,69936,indoor,"clean_room, dressing_room, locker_room, dining_room, museum/indoor",23584
2915,69960,indoor,"museum/indoor, dressing_room, dining_room, beauty_salon, clean_room",23584
2916,69984,indoor,"museum/indoor, dressing_room, dining_room, clean_room, beauty_salon",23584
2917,70008,indoor,"dressing_room, museum/indoor, clean_room, beauty_salon, bathroom",23584
2918,70032,indoor,"clean_room, dressing_room, chemistry_lab, beauty_salon, bathroom",23584
2919,70056,indoor,"clean_room, dressing_room, chemistry_lab, museum/indoor, beauty_salon",23584
2920,70080,indoor,"clean_room, dressing_room, chemistry_lab, hospital_room, museum/indoor",23584
2921,70104,indoor,"dressing_room, clean_room, chemistry_lab, museum/indoor, archive",23584
2922,70128,indoor,"lecture_room, classroom, archive, dressing_room, clean_room",23584
2923,70152,indoor,"clean_room, museum/indoor, dressing_room, stage/indoor, archive",23584
2924,70176,indoor,"dressing_room, clean_room, archive, lecture_room, classroom",23584
2925,70200,indoor,"clean_room, museum/indoor, stage/indoor, archive, lecture_room",23584
2926,70224,indoor,"clean_room, museum/indoor, stage/indoor, lecture_room, archive",23584
2927,70248,indoor,"clean_room, museum/indoor, archive, dressing_room, music_studio",23584
2928,70272,indoor,"clean_room, archive, museum/indoor, dressing_room, music_studio",23584
2929,70296,indoor,"museum/indoor, archive, lecture_room, clean_room, beauty_salon",23584
2930,70320,indoor,"museum/indoor, archive, clean_room, lecture_room, beauty_salon",23584
2931,70344,indoor,"museum/indoor, archive, clean_room, lecture_room, beauty_salon",23584
2932,70368,indoor,"museum/indoor, archive, lecture_room, clean_room, conference_center",23584
2933,70392,indoor,"clean_room, archive, museum/indoor, music_studio, dressing_room",23584
2934,70416,indoor,"museum/indoor, archive, clean_room, stage/indoor, lecture_room",23584
2935,70440,indoor,"museum/indoor, lecture_room, stage/indoor, archive, conference_center",23584
2936,70464,indoor,"discotheque, dressing_room, stage/indoor, shower, music_studio",23584
2937,70488,indoor,"discotheque, stage/indoor, dressing_room, museum/indoor, music_studio",23584
2938,70512,indoor,"discotheque, stage/indoor, dressing_room, museum/indoor, music_studio",23584
2939,70536,indoor,"discotheque, dressing_room, stage/indoor, art_gallery, museum/indoor",23584
2940,70560,indoor,"discotheque, dressing_room, museum/indoor, shower, stage/indoor",23584
2941,70584,indoor,"discotheque, dressing_room, clean_room, shower, art_gallery",23584
2942,70608,indoor,"clean_room, museum/indoor, science_museum, locker_room, operating_room",23584
2943,70632,indoor,"clean_room, museum/indoor, locker_room, science_museum, archive",23584
2944,70656,indoor,"clean_room, museum/indoor, operating_room, dressing_room, elevator/door",23584
2945,70680,indoor,"clean_room, museum/indoor, operating_room, dressing_room, hospital_room",23584
2946,70704,indoor,"clean_room, museum/indoor, operating_room, archive, dressing_room",23584
2947,70728,indoor,"clean_room, museum/indoor, archive, locker_room, dressing_room",23584
2948,70752,indoor,"clean_room, museum/indoor, science_museum, archive, natural_history_museum",23584
2949,70776,indoor,"museum/indoor, clean_room, science_museum, natural_history_museum, archive",23584
2950,70800,indoor,"clean_room, museum/indoor, archive, elevator/door, locker_room",23584
2951,70824,indoor,"clean_room, museum/indoor, science_museum, operating_room, archive",23584
2952,70848,indoor,"museum/indoor, clean_room, science_museum, archive, natural_history_museum",23584
2953,70872,indoor,"museum/indoor, science_museum, clean_room, natural_history_museum, archive",23584
2954,70896,indoor,"clean_room, museum/indoor, locker_room, elevator/door, bank_vault",23584
2955,70920,indoor,"clean_room, museum/indoor, music_studio, stage/indoor, locker_room",23584
2956,70944,indoor,"clean_room, locker_room, elevator/door, museum/indoor, elevator_lobby",23584
2957,70968,indoor,"clean_room, museum/indoor, elevator/door, locker_room, dressing_room",23584
2958,70992,indoor,"museum/indoor, clean_room, locker_room, elevator/door, stage/indoor",23584
2959,71016,indoor,"clean_room, elevator/door, museum/indoor, locker_room, elevator_lobby",23584
2960,71040,indoor,"museum/indoor, clean_room, archive, locker_room, music_studio",23584
2961,71064,indoor,"elevator/door, clean_room, locker_room, elevator_lobby, museum/indoor",23584
2962,71088,indoor,"museum/indoor, clean_room, operating_room, dining_room, hospital_room",23584
2963,71112,indoor,"clean_room, museum/indoor, chemistry_lab, dining_room, operating_room",23584
2964,71136,indoor,"museum/indoor, clean_room, chemistry_lab, physics_laboratory, operating_room",23584
2965,71160,indoor,"museum/indoor, clean_room, archive, operating_room, chemistry_lab",23584
2966,71184,indoor,"museum/indoor, clean_room, chemistry_lab, archive, physics_laboratory",23584
2967,71208,indoor,"museum/indoor, clean_room, chemistry_lab, operating_room, physics_laboratory",23584
2968,71232,indoor,"museum/indoor, clean_room, operating_room, television_studio, physics_laboratory",23584
2969,71256,indoor,"museum/indoor, clean_room, chemistry_lab, operating_room, archive",23584
2970,71280,indoor,"museum/indoor, clean_room, chemistry_lab, operating_room, physics_laboratory",23584
2971,71304,indoor,"clean_room, museum/indoor, chemistry_lab, operating_room, physics_laboratory",23584
2972,71328,indoor,"clean_room, museum/indoor, chemistry_lab, archive, operating_room",23584
2973,71352,indoor,"museum/indoor, clean_room, operating_room, archive, dressing_room",23584
2974,71376,indoor,"museum/indoor, clean_room, dining_room, living_room, operating_room",23584
2975,71400,indoor,"office, computer_room, bow_window/indoor, science_museum, home_office",23584
2976,71424,indoor,"science_museum, office, computer_room, natural_history_museum, archive",23584
2977,71448,indoor,"computer_room, science_museum, office, natural_history_museum, lecture_room",23584
2978,71472,indoor,"shower, bow_window/indoor, bathroom, server_room, clean_room",23584
2979,71496,indoor,"office, bow_window/indoor, home_office, shower, server_room",23584
2980,71520,indoor,"office, computer_room, science_museum, natural_history_museum, conference_room",23584
2981,71544,indoor,"office, science_museum, natural_history_museum, museum/indoor, computer_room",23584
2982,71568,indoor,"clean_room, bow_window/indoor, attic, shower, living_room",23584
2983,71592,indoor,"clean_room, bow_window/indoor, shower, server_room, living_room",23584
2984,71616,indoor,"clean_room, bow_window/indoor, shower, living_room, operating_room",23584
2985,71640,indoor,"clean_room, stage/indoor, museum/indoor, bow_window/indoor, operating_room",23584
2986,71664,indoor,"clean_room, museum/indoor, stage/indoor, operating_room, music_studio",23584
2987,71688,indoor,"clean_room, museum/indoor, stage/indoor, art_gallery, operating_room",23584
2988,71712,indoor,"clean_room, museum/indoor, stage/indoor, science_museum, art_gallery",23584
2989,71736,indoor,"clean_room, museum/indoor, stage/indoor, art_gallery, science_museum",23584
2990,71760,indoor,"clean_room, museum/indoor, stage/indoor, art_gallery, music_studio",23584
2991,71784,indoor,"discotheque, arena/performance, stage/indoor, clean_room, auditorium",23584
2992,71808,indoor,"arena/performance, discotheque, stage/indoor, auditorium, clean_room",23584
2993,71832,indoor,"arena/performance, discotheque, stage/indoor, auditorium, ballroom",23584
2994,71856,indoor,"arena/performance, discotheque, stage/indoor, auditorium, ballroom",23584
2995,71880,indoor,"arena/performance, discotheque, stage/indoor, auditorium, ballroom",23584
2996,71904,indoor,"arena/performance, stage/indoor, discotheque, auditorium, ballroom",23584
2997,71928,indoor,"arena/performance, discotheque, stage/indoor, auditorium, science_museum",23584
2998,71952,outdoor,"skyscraper, office_building, server_room, downtown, tower",23584
2999,71976,outdoor,"skyscraper, office_building, downtown, tower, hospital",23584
3000,72000,outdoor,"skyscraper, office_building, server_room, downtown, tower",23584
3001,72024,outdoor,"skyscraper, office_building, server_room, downtown, tower",23584
3002,72048,outdoor,"skyscraper, office_building, downtown, server_room, tower",23584
3003,72072,outdoor,"skyscraper, office_building, server_room, downtown, discotheque",23584
3004,72096,outdoor,"skyscraper, office_building, server_room, downtown, hospital",23584
3005,72120,outdoor,"skyscraper, office_building, downtown, discotheque, server_room",23584
3006,72144,indoor,"skyscraper, office_building, server_room, discotheque, stage/indoor",23584
3007,72168,indoor,"museum/indoor, art_gallery, science_museum, stage/indoor, dressing_room",23584
3008,72192,indoor,"museum/indoor, science_museum, art_gallery, stage/indoor, dressing_room",23584
3009,72216,indoor,"museum/indoor, art_gallery, stage/indoor, science_museum, dressing_room",23584
3010,72240,indoor,"museum/indoor, art_gallery, dressing_room, stage/indoor, clean_room",23584
3011,72264,indoor,"museum/indoor, art_gallery, dressing_room, clean_room, science_museum",23584
3012,72288,indoor,"museum/indoor, dressing_room, art_gallery, stage/indoor, clean_room",23584
3013,72312,indoor,"sky, art_gallery, hot_spring, aquarium, shower",23584
3014,72336,indoor,"sky, art_gallery, hot_spring, shower, aquarium",23584
3015,72360,indoor,"art_gallery, hot_spring, sky, aquarium, shower",23584
3016,72384,indoor,"museum/indoor, art_gallery, dressing_room, stage/indoor, science_museum",23584
3017,72408,indoor,"museum/indoor, art_gallery, stage/indoor, science_museum, dressing_room",23584
3018,72432,indoor,"clean_room, martial_arts_gym, museum/indoor, dressing_room, art_gallery",23584
3019,72456,indoor,"museum/indoor, dressing_room, art_gallery, clean_room, science_museum",23584
3020,72480,indoor,"museum/indoor, art_gallery, science_museum, florist_shop/indoor, dressing_room",23584
3021,72504,indoor,"museum/indoor, art_gallery, science_museum, florist_shop/indoor, discotheque",23584
3022,72528,indoor,"museum/indoor, art_gallery, florist_shop/indoor, stage/indoor, clean_room",23584
3023,72552,indoor,"museum/indoor, art_gallery, science_museum, clean_room, aquarium",23584
3024,72576,indoor,"museum/indoor, clean_room, art_gallery, stage/indoor, conference_center",23584
3025,72600,indoor,"museum/indoor, art_gallery, clean_room, stage/indoor, bow_window/indoor",23584
3026,72624,indoor,"museum/indoor, art_gallery, lecture_room, conference_center, stage/indoor",23584
3027,72648,indoor,"museum/indoor, art_gallery, clean_room, stage/indoor, conference_center",23584
3028,72672,indoor,"museum/indoor, clean_room, art_gallery, science_museum, art_studio",23584
3029,72696,indoor,"museum/indoor, science_museum, natural_history_museum, art_gallery, conference_center",23584
3030,72720,indoor,"museum/indoor, clean_room, art_gallery, science_museum, stage/indoor",23584
3031,72744,indoor,"museum/indoor, art_gallery, clean_room, science_museum, art_studio",23584
3032,72768,indoor,"museum/indoor, clean_room, art_gallery, science_museum, stage/indoor",23584
3033,72792,indoor,"museum/indoor, science_museum, natural_history_museum, art_gallery, conference_center",23584
3034,72816,indoor,"museum/indoor, science_museum, natural_history_museum, art_gallery, conference_center",23584
3035,72840,indoor,"museum/indoor, clean_room, art_gallery, science_museum, stage/indoor",23584
3036,72864,indoor,"museum/indoor, science_museum, natural_history_museum, art_gallery, clean_room",23584
3037,72888,indoor,"museum/indoor, clean_room, art_gallery, science_museum, bow_window/indoor",23584
3038,72912,indoor,"museum/indoor, clean_room, art_gallery, science_museum, stage/indoor",23584
3039,72936,indoor,"museum/indoor, clean_room, art_gallery, science_museum, art_studio",23584
3040,72960,indoor,"museum/indoor, clean_room, art_gallery, science_museum, natural_history_museum",23584
3041,72984,indoor,"museum/indoor, science_museum, natural_history_museum, art_gallery, conference_center",23584
3042,73008,indoor,"museum/indoor, science_museum, natural_history_museum, clean_room, art_gallery",23584
3043,73032,indoor,"clean_room, chemistry_lab, biology_laboratory, science_museum, museum/indoor",23584
3044,73056,indoor,"clean_room, chemistry_lab, biology_laboratory, science_museum, museum/indoor",23584
3045,73080,indoor,"clean_room, chemistry_lab, museum/indoor, stage/indoor, art_gallery",23584
3046,73104,indoor,"clean_room, museum/indoor, science_museum, chemistry_lab, biology_laboratory",23584
3047,73128,indoor,"clean_room, museum/indoor, science_museum, chemistry_lab, biology_laboratory",23584
3048,73152,indoor,"clean_room, chemistry_lab, biology_laboratory, science_museum, museum/indoor",23584
3049,73176,indoor,"clean_room, science_museum, museum/indoor, biology_laboratory, drugstore",23584
3050,73200,indoor,"clean_room, museum/indoor, science_museum, biology_laboratory, drugstore",23584
3051,73224,indoor,"clean_room, museum/indoor, science_museum, chemistry_lab, biology_laboratory",23584
3052,73248,indoor,"clean_room, museum/indoor, biology_laboratory, chemistry_lab, science_museum",23584
3053,73272,indoor,"clean_room, chemistry_lab, biology_laboratory, science_museum, museum/indoor",23584
3054,73296,indoor,"clean_room, chemistry_lab, museum/indoor, science_museum, biology_laboratory",23584
3055,73320,indoor,"clean_room, museum/indoor, chemistry_lab, biology_laboratory, science_museum",23584
3056,73344,indoor,"clean_room, chemistry_lab, biology_laboratory, museum/indoor, science_museum",23584
3057,73368,indoor,"clean_room, chemistry_lab, biology_laboratory, operating_room, science_museum",23584
3058,73392,indoor,"clean_room, chemistry_lab, biology_laboratory, operating_room, museum/indoor",23584
3059,73416,indoor,"clean_room, chemistry_lab, biology_laboratory, operating_room, museum/indoor",23584
3060,73440,indoor,"clean_room, museum/indoor, biology_laboratory, chemistry_lab, science_museum",23584
3061,73464,indoor,"clean_room, museum/indoor, biology_laboratory, chemistry_lab, science_museum",23584
3062,73488,indoor,"clean_room, chemistry_lab, biology_laboratory, stage/indoor, museum/indoor",23584
3063,73512,indoor,"clean_room, biology_laboratory, chemistry_lab, museum/indoor, science_museum",23584
3064,73536,indoor,"clean_room, biology_laboratory, museum/indoor, chemistry_lab, science_museum",23584
3065,73560,indoor,"clean_room, chemistry_lab, biology_laboratory, operating_room, science_museum",23584
3066,73584,indoor,"clean_room, chemistry_lab, biology_laboratory, operating_room, science_museum",23584
3067,73608,indoor,"clean_room, chemistry_lab, biology_laboratory, science_museum, operating_room",23584
3068,73632,indoor,"clean_room, museum/indoor, science_museum, chemistry_lab, biology_laboratory",23584
3069,73656,indoor,"clean_room, museum/indoor, science_museum, biology_laboratory, chemistry_lab",23584
3070,73680,indoor,"clean_room, chemistry_lab, biology_laboratory, operating_room, science_museum",23584
3071,73704,indoor,"museum/indoor, clean_room, science_museum, biology_laboratory, chemistry_lab",23584
3072,73728,indoor,"science_museum, museum/indoor, clean_room, biology_laboratory, drugstore",23584
3073,73752,indoor,"clean_room, biology_laboratory, chemistry_lab, science_museum, museum/indoor",23584
3074,73776,indoor,"beauty_salon, dressing_room, science_museum, discotheque, locker_room",23584
3075,73800,indoor,"beauty_salon, science_museum, dressing_room, discotheque, clean_room",23584
3076,73824,indoor,"beauty_salon, dressing_room, discotheque, elevator_lobby, science_museum",23584
3077,73848,indoor,"beauty_salon, dressing_room, discotheque, science_museum, elevator_lobby",23584
3078,73872,indoor,"beauty_salon, dressing_room, discotheque, science_museum, elevator_lobby",23584
3079,73896,indoor,"beauty_salon, science_museum, dressing_room, discotheque, clean_room",23584
3080,73920,indoor,"science_museum, beauty_salon, clean_room, dressing_room, art_gallery",23584
3081,73944,indoor,"dressing_room, beauty_salon, clean_room, discotheque, elevator_lobby",23584
3082,73968,indoor,"dressing_room, discotheque, clean_room, beauty_salon, science_museum",23584
3083,73992,indoor,"beauty_salon, science_museum, conference_center, museum/indoor, bowling_alley",23584
3084,74016,indoor,"beauty_salon, science_museum, conference_center, bowling_alley, museum/indoor",23584
3085,74040,indoor,"beauty_salon, science_museum, conference_center, locker_room, discotheque",23584
3086,74064,indoor,"discotheque, dressing_room, beauty_salon, elevator_lobby, elevator/door",23584
3087,74088,indoor,"discotheque, dressing_room, stage/indoor, beauty_salon, locker_room",23584
3088,74112,indoor,"discotheque, dressing_room, beauty_salon, clean_room, stage/indoor",23584
3089,74136,indoor,"clean_room, museum/indoor, art_gallery, science_museum, clothing_store",23584
3090,74160,indoor,"clean_room, iceberg, art_gallery, museum/indoor, chemistry_lab",23584
3091,74184,indoor,"clean_room, art_gallery, museum/indoor, martial_arts_gym, iceberg",23584
3092,74208,indoor,"clean_room, museum/indoor, art_gallery, iceberg, science_museum",23584
3093,74232,indoor,"clean_room, museum/indoor, science_museum, art_gallery, conference_center",23584
3094,74256,indoor,"clean_room, museum/indoor, art_gallery, conference_center, science_museum",23584
3095,74280,indoor,"clean_room, stage/indoor, museum/indoor, art_gallery, discotheque",23584
3096,74304,indoor,"clean_room, museum/indoor, conference_center, stage/indoor, office",23584
3097,74328,indoor,"clean_room, art_gallery, museum/indoor, stage/indoor, discotheque",23584
3098,74352,indoor,"museum/indoor, clean_room, conference_center, lecture_room, science_museum",23584
3099,74376,indoor,"museum/indoor, clean_room, conference_center, science_museum, lecture_room",23584
3100,74400,indoor,"clean_room, art_gallery, museum/indoor, stage/indoor, discotheque",23584
3101,74424,indoor,"clean_room, museum/indoor, conference_center, iceberg, office",23584
3102,74448,indoor,"clean_room, museum/indoor, conference_center, office, lecture_room",23584
3103,74472,indoor,"clean_room, museum/indoor, art_gallery, hospital_room, martial_arts_gym",23584
3104,74496,indoor,"museum/indoor, conference_center, science_museum, lecture_room, clean_room",23584
3105,74520,indoor,"conference_center, museum/indoor, lecture_room, science_museum, office",23584
3106,74544,indoor,"conference_center, museum/indoor, lecture_room, science_museum, office",23584
3107,74568,indoor,"conference_center, lecture_room, museum/indoor, clean_room, beauty_salon",23584
3108,74592,indoor,"clean_room, art_gallery, iceberg, museum/indoor, chemistry_lab",23584
3109,74616,indoor,"clean_room, iceberg, office, hospital_room, museum/indoor",23584
3110,74640,indoor,"clean_room, museum/indoor, art_gallery, office, conference_center",23584
3111,74664,indoor,"clean_room, museum/indoor, science_museum, hospital_room, biology_laboratory",23584
3112,74688,indoor,"iceberg, clean_room, science_museum, museum/indoor, aquarium",23584
3113,74712,indoor,"clean_room, iceberg, museum/indoor, science_museum, art_gallery",23584
3114,74736,indoor,"clean_room, art_gallery, museum/indoor, science_museum, natural_history_museum",23584
3115,74760,indoor,"clean_room, art_gallery, dressing_room, museum/indoor, office",23584
3116,74784,indoor,"clean_room, dressing_room, art_gallery, museum/indoor, elevator_lobby",23584
3117,74808,indoor,"clean_room, elevator_lobby, dressing_room, museum/indoor, art_gallery",23584
3118,74832,indoor,"entrance_hall, living_room, dining_room, artists_loft, bow_window/indoor",23584
3119,74856,indoor,"entrance_hall, dining_room, living_room, clean_room, bow_window/indoor",23584
3120,74880,indoor,"dining_room, clean_room, entrance_hall, living_room, artists_loft",23584
3121,74904,indoor,"dining_room, living_room, entrance_hall, artists_loft, bow_window/indoor",23584
3122,74928,indoor,"entrance_hall, living_room, clean_room, dining_room, bow_window/indoor",23584
3123,74952,indoor,"clean_room, living_room, entrance_hall, artists_loft, dining_room",23584
3124,74976,indoor,"living_room, entrance_hall, clean_room, artists_loft, dining_room",23584
3125,75000,indoor,"clean_room, dressing_room, locker_room, shower, operating_room",23584
3126,75024,indoor,"clean_room, shower, museum/indoor, dressing_room, office",23584
3127,75048,indoor,"discotheque, stage/indoor, dressing_room, beauty_salon, music_studio",23584
3128,75072,indoor,"locker_room, server_room, clean_room, shower, elevator/door",23584
3129,75096,indoor,"server_room, shower, closet, office, locker_room",23584
3130,75120,indoor,"bedroom, bedchamber, alcove, hotel_room, living_room",23584
3131,75144,indoor,"bedroom, hotel_room, living_room, bedchamber, clean_room",23584
3132,75168,indoor,"dining_room, living_room, home_office, office, dressing_room",23584
3133,75192,indoor,"dining_room, living_room, entrance_hall, alcove, library/indoor",23584
3134,75216,indoor,"dining_room, entrance_hall, living_room, alcove, bow_window/indoor",23584
3135,75240,indoor,"dining_room, living_room, entrance_hall, alcove, bow_window/indoor",23584
3136,75264,indoor,"dining_room, living_room, dressing_room, museum/indoor, alcove",23584
3137,75288,indoor,"museum/indoor, shower, clean_room, sauna, burial_chamber",23584
3138,75312,indoor,"shower, bow_window/indoor, bathroom, sauna, entrance_hall",23584
3139,75336,indoor,"dining_room, bow_window/indoor, entrance_hall, lobby, living_room",23584
3140,75360,indoor,"bow_window/indoor, lobby, living_room, dining_room, shower",23584
3141,75384,indoor,"bow_window/indoor, dining_room, lobby, living_room, shower",23584
3142,75408,indoor,"dining_room, shower, wet_bar, bow_window/indoor, alcove",23584
3143,75432,indoor,"entrance_hall, bow_window/indoor, lobby, dining_room, living_room",23584
3144,75456,indoor,"bow_window/indoor, entrance_hall, lobby, dining_room, living_room",23584
3145,75480,indoor,"bow_window/indoor, entrance_hall, lobby, dining_room, museum/indoor",23584
3146,75504,indoor,"bow_window/indoor, entrance_hall, museum/indoor, lobby, artists_loft",23584
3147,75528,indoor,"bow_window/indoor, entrance_hall, dining_room, museum/indoor, lobby",23584
3148,75552,indoor,"bow_window/indoor, museum/indoor, entrance_hall, artists_loft, dining_room",23584
3149,75576,indoor,"museum/indoor, bow_window/indoor, entrance_hall, clean_room, dining_room",23584
3150,75600,indoor,"museum/indoor, bow_window/indoor, entrance_hall, clean_room, archive",23584
3151,75624,indoor,"bow_window/indoor, museum/indoor, artists_loft, dining_room, entrance_hall",23584
3152,75648,indoor,"bow_window/indoor, museum/indoor, entrance_hall, dining_room, living_room",23584
3153,75672,indoor,"bow_window/indoor, museum/indoor, dining_room, entrance_hall, living_room",23584
3154,75696,indoor,"bow_window/indoor, museum/indoor, entrance_hall, artists_loft, dining_room",23584
3155,75720,indoor,"museum/indoor, bow_window/indoor, entrance_hall, artists_loft, clean_room",23584
3156,75744,indoor,"museum/indoor, bow_window/indoor, entrance_hall, artists_loft, clean_room",23584
3157,75768,indoor,"bow_window/indoor, artists_loft, dining_room, entrance_hall, museum/indoor",23584
3158,75792,indoor,"bow_window/indoor, entrance_hall, lobby, dining_room, living_room",23584
3159,75816,indoor,"elevator/door, shower, elevator_lobby, jail_cell, museum/indoor",23584
3160,75840,indoor,"entrance_hall, living_room, alcove, bow_window/indoor, dining_room",23584
3161,75864,indoor,"entrance_hall, living_room, bow_window/indoor, alcove, dining_room",23584
3162,75888,indoor,"entrance_hall, bow_window/indoor, living_room, alcove, dining_room",23584
3163,75912,indoor,"bow_window/indoor, living_room, entrance_hall, alcove, dining_room",23584
3164,75936,indoor,"dining_room, living_room, entrance_hall, bow_window/indoor, staircase",23584
3165,75960,indoor,"dressing_room, clean_room, bow_window/indoor, living_room, closet",23584
3166,75984,indoor,"clean_room, dressing_room, dining_room, entrance_hall, artists_loft",23584
3167,76008,indoor,"clean_room, dressing_room, living_room, dining_room, entrance_hall",23584
3168,76032,indoor,"clean_room, dressing_room, living_room, entrance_hall, dining_room",23584
3169,76056,indoor,"dressing_room, clean_room, living_room, hotel_room, dining_room",23584
3170,76080,indoor,"clean_room, dressing_room, dining_room, entrance_hall, living_room",23584
3171,76104,indoor,"clean_room, dressing_room, living_room, hotel_room, dining_room",23584
3172,76128,indoor,"clean_room, dressing_room, entrance_hall, dining_room, corridor",23584
3173,76152,indoor,"clean_room, dressing_room, entrance_hall, living_room, dining_room",23584
3174,76176,indoor,"clean_room, dressing_room, entrance_hall, living_room, dining_room",23584
3175,76200,indoor,"clean_room, dressing_room, entrance_hall, living_room, dining_room",23584
3176,76224,indoor,"clean_room, dressing_room, entrance_hall, living_room, dining_room",23584
3177,76248,indoor,"clean_room, dressing_room, entrance_hall, dining_room, shower",23584
3178,76272,indoor,"clean_room, chemistry_lab, art_gallery, locker_room, archive",23584
3179,76296,indoor,"bow_window/indoor, museum/indoor, clean_room, art_gallery, shower",23584
3180,76320,indoor,"museum/indoor, art_gallery, shower, clean_room, bow_window/indoor",23584
3181,76344,indoor,"bow_window/indoor, museum/indoor, art_gallery, clean_room, artists_loft",23584
3182,76368,indoor,"bow_window/indoor, entrance_hall, museum/indoor, clean_room, artists_loft",23584
3183,76392,indoor,"bow_window/indoor, museum/indoor, entrance_hall, artists_loft, elevator/door",23584
3184,76416,indoor,"bow_window/indoor, clean_room, museum/indoor, entrance_hall, dressing_room",23584
3185,76440,indoor,"bow_window/indoor, entrance_hall, clean_room, museum/indoor, doorway/outdoor",23584
3186,76464,indoor,"bow_window/indoor, clean_room, closet, bedroom, elevator/door",23584
3187,76488,indoor,"bow_window/indoor, clean_room, closet, elevator/door, shower",23584
3188,76512,indoor,"bow_window/indoor, dressing_room, bedroom, sauna, closet",23584
3189,76536,indoor,"dressing_room, bow_window/indoor, bedroom, closet, clean_room",23584
3190,76560,indoor,"dressing_room, clean_room, bow_window/indoor, museum/indoor, locker_room",23584
3191,76584,indoor,"sauna, bow_window/indoor, dressing_room, shower, elevator/door",23584
3192,76608,indoor,"clean_room, dressing_room, locker_room, shower, sauna",23584
3193,76632,indoor,"clean_room, dressing_room, locker_room, museum/indoor, shower",23584
3194,76656,indoor,"museum/indoor, archive, science_museum, clean_room, lecture_room",23584
3195,76680,indoor,"museum/indoor, archive, clean_room, science_museum, lecture_room",23584
3196,76704,indoor,"archive, museum/indoor, clean_room, science_museum, beauty_salon",23584
3197,76728,indoor,"clean_room, locker_room, dressing_room, office, archive",23584
3198,76752,indoor,"clean_room, dressing_room, locker_room, bow_window/indoor, elevator/door",23584
3199,76776,indoor,"museum/indoor, clean_room, dressing_room, archive, locker_room",23584
3200,76800,indoor,"museum/indoor, archive, clean_room, dressing_room, beauty_salon",23584
3201,76824,indoor,"clean_room, dressing_room, museum/indoor, archive, locker_room",23584
3202,76848,indoor,"clean_room, dressing_room, bow_window/indoor, elevator/door, archive",23584
3203,76872,indoor,"clean_room, dressing_room, locker_room, archive, elevator/door",23584
3204,76896,indoor,"clean_room, dressing_room, locker_room, archive, elevator/door",23584
3205,76920,indoor,"sauna, bow_window/indoor, elevator/door, barndoor, shower",23584
3206,76944,indoor,"clean_room, locker_room, bow_window/indoor, jail_cell, sauna",23584
3207,76968,indoor,"clean_room, dressing_room, locker_room, closet, archive",23584
3208,76992,indoor,"clean_room, dressing_room, locker_room, closet, archive",23584
3209,77016,indoor,"clean_room, atrium/public, archive, locker_room, bow_window/indoor",23584
3210,77040,indoor,"clean_room, museum/indoor, atrium/public, bow_window/indoor, church/indoor",23584
3211,77064,indoor,"clean_room, locker_room, bow_window/indoor, jail_cell, museum/indoor",23584
3212,77088,indoor,"bow_window/indoor, jail_cell, elevator/door, doorway/outdoor, museum/indoor",23584
3213,77112,indoor,"bow_window/indoor, elevator/door, doorway/outdoor, elevator_lobby, corridor",23584
3214,77136,indoor,"bow_window/indoor, shower, elevator/door, elevator_lobby, clean_room",23584
3215,77160,indoor,"bow_window/indoor, doorway/outdoor, elevator/door, closet, barndoor",23584
3216,77184,indoor,"shower, museum/indoor, wheat_field, art_gallery, fountain",23584
3217,77208,indoor,"shower, natural_history_museum, chemistry_lab, museum/indoor, science_museum",23584
3218,77232,indoor,"natural_history_museum, museum/indoor, shower, chemistry_lab, art_gallery",23584
3219,77256,indoor,"discotheque, museum/indoor, clean_room, science_museum, stage/indoor",23584
3220,77280,indoor,"museum/indoor, clean_room, jewelry_shop, gift_shop, shower",23584
3221,77304,indoor,"clean_room, museum/indoor, jewelry_shop, shower, nursery",23584
3222,77328,indoor,"clean_room, museum/indoor, jewelry_shop, shower, ice_shelf",23584
3223,77352,indoor,"clean_room, museum/indoor, music_studio, ice_cream_parlor, natural_history_museum",23584
3224,77376,indoor,"clean_room, jewelry_shop, museum/indoor, shower, clothing_store",23584
3225,77400,indoor,"discotheque, stage/indoor, music_studio, arena/performance, aquarium",23584
3226,77424,indoor,"museum/indoor, natural_history_museum, science_museum, stage/indoor, discotheque",23584
3227,77448,indoor,"museum/indoor, stage/indoor, natural_history_museum, discotheque, science_museum",23584
3228,77472,indoor,"museum/indoor, hot_spring, discotheque, shower, art_gallery",23584
3229,77496,indoor,"kindergarden_classroom, nursery, archive, classroom, museum/indoor",23584
3230,77520,indoor,"nursery, museum/indoor, archive, kindergarden_classroom, art_gallery",23584
3231,77544,indoor,"nursery, museum/indoor, archive, kindergarden_classroom, classroom",23584
3232,77568,indoor,"museum/indoor, archive, nursery, classroom, kindergarden_classroom",23584
3233,77592,indoor,"art_gallery, museum/indoor, shower, archive, science_museum",23584
3234,77616,indoor,"museum/indoor, art_gallery, shower, natural_history_museum, bathroom",23584
3235,77640,indoor,"shower, bathroom, locker_room, jail_cell, clean_room",23584
3236,77664,indoor,"corridor, basement, clean_room, attic, locker_room",23584
3237,77688,indoor,"corridor, clean_room, closet, locker_room, archive",23584
3238,77712,indoor,"clean_room, staircase, corridor, bow_window/indoor, doorway/outdoor",23584
3239,77736,indoor,"staircase, clean_room, bow_window/indoor, doorway/outdoor, corridor",23584
3240,77760,indoor,"bow_window/indoor, doorway/outdoor, staircase, entrance_hall, clean_room",23584
3241,77784,indoor,"bow_window/indoor, entrance_hall, doorway/outdoor, archive, staircase",23584
3242,77808,indoor,"bow_window/indoor, corridor, entrance_hall, staircase, closet",23584
3243,77832,indoor,"bow_window/indoor, archive, museum/indoor, corridor, doorway/outdoor",23584
3244,77856,indoor,"bow_window/indoor, corridor, staircase, entrance_hall, archive",23584
3245,77880,indoor,"bow_window/indoor, archive, museum/indoor, doorway/outdoor, entrance_hall",23584
3246,77904,indoor,"bow_window/indoor, alcove, entrance_hall, museum/indoor, doorway/outdoor",23584
3247,77928,indoor,"bow_window/indoor, corridor, entrance_hall, staircase, porch",23584
3248,77952,indoor,"bow_window/indoor, alcove, museum/indoor, closet, entrance_hall",23584
3249,77976,indoor,"bow_window/indoor, staircase, corridor, entrance_hall, alcove",23584
3250,78000,indoor,"corridor, staircase, entrance_hall, bow_window/indoor, porch",23584
3251,78024,indoor,"corridor, bow_window/indoor, staircase, entrance_hall, porch",23584
3252,78048,indoor,"bow_window/indoor, corridor, entrance_hall, doorway/outdoor, alcove",23584
3253,78072,indoor,"bow_window/indoor, doorway/outdoor, corridor, entrance_hall, museum/indoor",23584
3254,78096,indoor,"bow_window/indoor, shower, clean_room, museum/indoor, closet",23584
3255,78120,indoor,"museum/indoor, bow_window/indoor, clean_room, dressing_room, archive",23584
3256,78144,indoor,"museum/indoor, bow_window/indoor, archive, shower, alcove",23584
3257,78168,indoor,"bow_window/indoor, museum/indoor, shower, alcove, archive",23584
3258,78192,indoor,"museum/indoor, bow_window/indoor, alcove, church/indoor, art_gallery",23584
3259,78216,indoor,"museum/indoor, bow_window/indoor, alcove, shower, natural_history_museum",23584
3260,78240,indoor,"museum/indoor, bow_window/indoor, alcove, shower, natural_history_museum",23584
3261,78264,indoor,"bow_window/indoor, museum/indoor, shower, alcove, closet",23584
3262,78288,indoor,"bow_window/indoor, shower, museum/indoor, closet, alcove",23584
3263,78312,indoor,"bow_window/indoor, doorway/outdoor, barndoor, elevator/door, sauna",23584
3264,78336,indoor,"bow_window/indoor, closet, clean_room, alcove, corridor",23584
3265,78360,indoor,"bow_window/indoor, clean_room, elevator/door, archive, sauna",23584
3266,78384,indoor,"bow_window/indoor, shower, museum/indoor, alcove, closet",23584
3267,78408,indoor,"bow_window/indoor, shower, museum/indoor, alcove, closet",23584
3268,78432,indoor,"bow_window/indoor, shower, museum/indoor, closet, alcove",23584
3269,78456,indoor,"bow_window/indoor, shower, museum/indoor, alcove, closet",23584
3270,78480,indoor,"museum/indoor, bow_window/indoor, alcove, shower, archive",23584
3271,78504,indoor,"museum/indoor, bow_window/indoor, archive, alcove, shower",23584
3272,78528,indoor,"museum/indoor, bow_window/indoor, archive, shower, alcove",23584
3273,78552,indoor,"museum/indoor, bow_window/indoor, shower, archive, clean_room",23584
3274,78576,indoor,"bow_window/indoor, closet, sauna, barndoor, doorway/outdoor",23584
3275,78600,indoor,"bow_window/indoor, archive, clean_room, office, locker_room",23584
3276,78624,indoor,"archive, museum/indoor, science_museum, clean_room, lecture_room",23584
3277,78648,indoor,"archive, museum/indoor, science_museum, clean_room, natural_history_museum",23584
3278,78672,indoor,"archive, museum/indoor, science_museum, clean_room, natural_history_museum",23584
3279,78696,indoor,"museum/indoor, bow_window/indoor, archive, hospital, doorway/outdoor",23584
3280,78720,indoor,"bow_window/indoor, elevator/door, doorway/outdoor, archive, sauna",23584
3281,78744,indoor,"bow_window/indoor, doorway/outdoor, archive, elevator/door, barndoor",23584
3282,78768,indoor,"bow_window/indoor, doorway/outdoor, elevator/door, museum/indoor, elevator_lobby",23584
3283,78792,indoor,"bow_window/indoor, doorway/outdoor, closet, sauna, elevator/door",23584
3284,78816,indoor,"bow_window/indoor, museum/indoor, clean_room, closet, archive",23584
3285,78840,indoor,"museum/indoor, bow_window/indoor, shower, natural_history_museum, archive",23584
3286,78864,indoor,"museum/indoor, bow_window/indoor, shower, archive, natural_history_museum",23584
3287,78888,indoor,"museum/indoor, bow_window/indoor, shower, archive, natural_history_museum",23584
3288,78912,indoor,"bow_window/indoor, museum/indoor, shower, alcove, dressing_room",23584
3289,78936,indoor,"museum/indoor, bow_window/indoor, shower, clean_room, archive",23584
3290,78960,indoor,"bow_window/indoor, shower, museum/indoor, art_gallery, closet",23584
3291,78984,indoor,"bow_window/indoor, doorway/outdoor, closet, corridor, elevator/door",23584
3292,79008,indoor,"bow_window/indoor, doorway/outdoor, corridor, closet, elevator/door",23584
3293,79032,indoor,"bow_window/indoor, clean_room, archive, museum/indoor, art_gallery",23584
3294,79056,indoor,"bow_window/indoor, clean_room, archive, elevator/door, closet",23584
3295,79080,indoor,"bow_window/indoor, doorway/outdoor, elevator/door, closet, corridor",23584
3296,79104,indoor,"museum/indoor, chemistry_lab, science_museum, wet_bar, church/indoor",23584
3297,79128,indoor,"museum/indoor, chemistry_lab, science_museum, archive, church/indoor",23584
3298,79152,indoor,"museum/indoor, chemistry_lab, science_museum, church/indoor, wet_bar",23584
3299,79176,indoor,"chemistry_lab, museum/indoor, science_museum, wet_bar, archive",23584
3300,79200,indoor,"museum/indoor, chemistry_lab, archive, science_museum, wet_bar",23584
3301,79224,indoor,"museum/indoor, chemistry_lab, wet_bar, archive, science_museum",23584
3302,79248,indoor,"museum/indoor, chemistry_lab, wet_bar, archive, science_museum",23584
3303,79272,indoor,"museum/indoor, chemistry_lab, wet_bar, science_museum, building_facade",23584
3304,79296,indoor,"museum/indoor, chemistry_lab, archive, wet_bar, building_facade",23584
3305,79320,indoor,"wet_bar, chemistry_lab, kitchen, beauty_salon, reception",23584
3306,79344,indoor,"wet_bar, bow_window/indoor, chemistry_lab, bar, restaurant",23584
3307,79368,indoor,"wet_bar, chemistry_lab, bow_window/indoor, kitchen, dining_room",23584
3308,79392,indoor,"wet_bar, chemistry_lab, bow_window/indoor, kitchen, clean_room",23584
3309,79416,indoor,"chemistry_lab, bow_window/indoor, beauty_salon, archive, biology_laboratory",23584
3310,79440,indoor,"archive, conference_room, beauty_salon, office, chemistry_lab",23584
3311,79464,indoor,"chemistry_lab, beauty_salon, biology_laboratory, clean_room, pharmacy",23584
3312,79488,indoor,"chemistry_lab, clean_room, biology_laboratory, beauty_salon, physics_laboratory",23584
3313,79512,indoor,"chemistry_lab, clean_room, biology_laboratory, beauty_salon, archive",23584
3314,79536,indoor,"museum/indoor, dressing_room, clean_room, art_gallery, science_museum",23584
3315,79560,indoor,"museum/indoor, clean_room, art_gallery, stage/indoor, dressing_room",23584
3316,79584,indoor,"museum/indoor, clean_room, stage/indoor, dressing_room, art_gallery",23584
3317,79608,indoor,"museum/indoor, clean_room, dressing_room, stage/indoor, art_gallery",23584
3318,79632,indoor,"museum/indoor, clean_room, art_gallery, stage/indoor, dressing_room",23584
3319,79656,indoor,"museum/indoor, clean_room, dressing_room, art_gallery, stage/indoor",23584
3320,79680,indoor,"museum/indoor, art_gallery, dressing_room, natural_history_museum, clean_room",23584
3321,79704,indoor,"museum/indoor, art_gallery, natural_history_museum, science_museum, dressing_room",23584
3322,79728,indoor,"museum/indoor, natural_history_museum, science_museum, art_gallery, archive",23584
3323,79752,indoor,"museum/indoor, natural_history_museum, science_museum, archive, art_gallery",23584
3324,79776,indoor,"museum/indoor, art_gallery, clean_room, dressing_room, science_museum",23584
3325,79800,indoor,"museum/indoor, art_gallery, clean_room, dressing_room, science_museum",23584
3326,79824,indoor,"museum/indoor, dressing_room, archive, locker_room, classroom",23584
3327,79848,indoor,"staircase, museum/indoor, corridor, entrance_hall, art_gallery",23584
3328,79872,indoor,"chemistry_lab, wet_bar, reception, biology_laboratory, clean_room",23584
3329,79896,indoor,"wet_bar, chemistry_lab, reception, beauty_salon, biology_laboratory",23584
3330,79920,indoor,"wet_bar, chemistry_lab, reception, clean_room, biology_laboratory",23584
3331,79944,indoor,"wet_bar, chemistry_lab, reception, clean_room, biology_laboratory",23584
3332,79968,indoor,"wet_bar, chemistry_lab, reception, kitchen, biology_laboratory",23584
3333,79992,indoor,"wet_bar, chemistry_lab, reception, kitchen, utility_room",23584
3334,80016,indoor,"wet_bar, reception, chemistry_lab, kitchen, utility_room",23584
3335,80040,indoor,"beauty_salon, chemistry_lab, reception, wet_bar, clean_room",23584
3336,80064,indoor,"chemistry_lab, wet_bar, biology_laboratory, clean_room, beauty_salon",23584
3337,80088,indoor,"wet_bar, reception, chemistry_lab, kitchen, clean_room",23584
3338,80112,indoor,"wet_bar, chemistry_lab, reception, kitchen, biology_laboratory",23584
3339,80136,indoor,"bow_window/indoor, shower, museum/indoor, clean_room, bathroom",23584
3340,80160,indoor,"bow_window/indoor, museum/indoor, clean_room, artists_loft, entrance_hall",23584
3341,80184,indoor,"museum/indoor, entrance_hall, bow_window/indoor, artists_loft, lobby",23584
3342,80208,indoor,"museum/indoor, bow_window/indoor, entrance_hall, clean_room, artists_loft",23584
3343,80232,indoor,"museum/indoor, clean_room, entrance_hall, dressing_room, bow_window/indoor",23584
3344,80256,indoor,"museum/indoor, clean_room, dressing_room, science_museum, chemistry_lab",23584
3345,80280,indoor,"museum/indoor, clean_room, science_museum, shower, chemistry_lab",23584
3346,80304,indoor,"museum/indoor, clean_room, shower, dressing_room, science_museum",23584
3347,80328,indoor,"shower, museum/indoor, clean_room, dressing_room, bathroom",23584
3348,80352,indoor,"museum/indoor, clean_room, dressing_room, shower, bathroom",23584
3349,80376,indoor,"clean_room, museum/indoor, dressing_room, entrance_hall, art_gallery",23584
3350,80400,indoor,"museum/indoor, clean_room, dressing_room, shower, science_museum",23584
3351,80424,indoor,"museum/indoor, clean_room, dressing_room, science_museum, shower",23584
3352,80448,indoor,"dressing_room, clean_room, elevator/door, shower, clothing_store",23584
3353,80472,indoor,"dressing_room, shower, clean_room, elevator/door, locker_room",23584
3354,80496,indoor,"dressing_room, clean_room, elevator/door, art_gallery, museum/indoor",23584
3355,80520,indoor,"dressing_room, clean_room, locker_room, elevator/door, closet",23584
3356,80544,indoor,"clean_room, archive, office, locker_room, dressing_room",23584
3357,80568,indoor,"dressing_room, clean_room, locker_room, closet, shower",23584
3358,80592,indoor,"dressing_room, clean_room, locker_room, beauty_salon, clothing_store",23584
3359,80616,indoor,"dressing_room, clean_room, locker_room, beauty_salon, shower",23584
3360,80640,indoor,"dressing_room, clean_room, locker_room, beauty_salon, chemistry_lab",23584
3361,80664,indoor,"clean_room, archive, locker_room, dressing_room, office",23584
3362,80688,indoor,"archive, museum/indoor, office, clean_room, lecture_room",23584
3363,80712,indoor,"museum/indoor, archive, clean_room, office, locker_room",23584
3364,80736,indoor,"museum/indoor, archive, clean_room, office, lecture_room",23584
3365,80760,indoor,"dressing_room, clean_room, museum/indoor, locker_room, shower",23584
3366,80784,indoor,"dressing_room, locker_room, museum/indoor, clean_room, elevator/door",23584
3367,80808,indoor,"dressing_room, locker_room, clean_room, shower, discotheque",23584
3368,80832,indoor,"clean_room, locker_room, archive, office, museum/indoor",23584
3369,80856,indoor,"clean_room, locker_room, dressing_room, archive, museum/indoor",23584
3370,80880,indoor,"dressing_room, elevator/door, shower, clean_room, art_gallery",23584
3371,80904,indoor,"dressing_room, shower, elevator/door, museum/indoor, clean_room",23584
3372,80928,indoor,"dressing_room, clean_room, museum/indoor, art_gallery, locker_room",23584
3373,80952,indoor,"dressing_room, clean_room, shower, museum/indoor, elevator/door",23584
3374,80976,indoor,"dressing_room, museum/indoor, clean_room, shower, art_gallery",23584
3375,81000,indoor,"museum/indoor, clean_room, dressing_room, science_museum, nursery",23584
3376,81024,indoor,"museum/indoor, clean_room, dressing_room, archive, science_museum",23584
3377,81048,indoor,"museum/indoor, clean_room, dressing_room, nursery, bow_window/indoor",23584
3378,81072,indoor,"museum/indoor, clean_room, dressing_room, art_gallery, entrance_hall",23584
3379,81096,indoor,"clean_room, museum/indoor, dressing_room, art_gallery, alcove",23584
3380,81120,indoor,"clean_room, museum/indoor, burial_chamber, art_gallery, dressing_room",23584
3381,81144,indoor,"clean_room, museum/indoor, dressing_room, burial_chamber, alcove",23584
3382,81168,indoor,"discotheque, clean_room, dressing_room, stage/indoor, museum/indoor",23584
3383,81192,indoor,"discotheque, clean_room, stage/indoor, music_studio, dressing_room",23584
3384,81216,indoor,"discotheque, stage/indoor, dressing_room, music_studio, clean_room",23584
3385,81240,indoor,"dressing_room, discotheque, clean_room, beauty_salon, stage/indoor",23584
3386,81264,indoor,"dressing_room, clean_room, discotheque, locker_room, ballroom",23584
3387,81288,indoor,"dressing_room, discotheque, clean_room, locker_room, stage/indoor",23584
3388,81312,indoor,"dressing_room, clean_room, discotheque, beauty_salon, television_studio",23584
3389,81336,indoor,"dressing_room, clean_room, discotheque, beauty_salon, hospital_room",23584
3390,81360,indoor,"dressing_room, clean_room, discotheque, beauty_salon, stage/indoor",23584
3391,81384,indoor,"dressing_room, clean_room, discotheque, hospital_room, clothing_store",23584
3392,81408,indoor,"dressing_room, discotheque, clean_room, stage/indoor, beauty_salon",23584
3393,81432,indoor,"dressing_room, discotheque, clean_room, beauty_salon, stage/indoor",23584
3394,81456,indoor,"dressing_room, discotheque, clean_room, beauty_salon, stage/indoor",23584
3395,81480,indoor,"dressing_room, clean_room, discotheque, stage/indoor, locker_room",23584
3396,81504,indoor,"dressing_room, clean_room, locker_room, discotheque, clothing_store",23584
3397,81528,indoor,"dressing_room, clean_room, discotheque, locker_room, shower",23584
3398,81552,indoor,"clean_room, discotheque, hospital_room, operating_room, dressing_room",23584
3399,81576,indoor,"clean_room, dressing_room, hospital_room, discotheque, operating_room",23584
3400,81600,indoor,"dressing_room, discotheque, clean_room, locker_room, elevator/door",23584
3401,81624,indoor,"dressing_room, shower, clean_room, art_gallery, beauty_salon",23584
3402,81648,indoor,"dressing_room, art_gallery, museum/indoor, clean_room, artists_loft",23584
3403,81672,indoor,"dressing_room, art_gallery, museum/indoor, clean_room, artists_loft",23584
3404,81696,indoor,"art_gallery, dressing_room, museum/indoor, clean_room, artists_loft",23584
3405,81720,indoor,"dressing_room, art_gallery, museum/indoor, clean_room, artists_loft",23584
3406,81744,indoor,"dressing_room, art_gallery, museum/indoor, clean_room, artists_loft",23584
3407,81768,indoor,"dressing_room, shower, bathroom, elevator/door, clean_room",23584
3408,81792,indoor,"dressing_room, clean_room, museum/indoor, dining_room, bow_window/indoor",23584
3409,81816,indoor,"museum/indoor, dressing_room, dining_room, banquet_hall, dining_hall",23584
3410,81840,indoor,"dining_room, dining_hall, bow_window/indoor, archive, restaurant",23584
3411,81864,indoor,"archive, library/indoor, clean_room, chemistry_lab, dining_room",23584
3412,81888,indoor,"archive, dining_room, library/indoor, dressing_room, chemistry_lab",23584
3413,81912,indoor,"archive, dining_room, library/indoor, dressing_room, clean_room",23584
3414,81936,indoor,"clean_room, dressing_room, bow_window/indoor, operating_room, chemistry_lab",23584
3415,81960,indoor,"clean_room, bow_window/indoor, chemistry_lab, jewelry_shop, dressing_room",23584
3416,81984,indoor,"dining_room, wet_bar, clean_room, museum/indoor, bow_window/indoor",23584
3417,82008,indoor,"reception, wet_bar, clean_room, dining_room, bow_window/indoor",23584
3418,82032,indoor,"clean_room, chemistry_lab, banquet_hall, dining_room, biology_laboratory",23584
3419,82056,indoor,"chemistry_lab, reception, wet_bar, clean_room, dining_room",23584
3420,82080,indoor,"wet_bar, reception, chemistry_lab, dining_room, bar",23584
3421,82104,indoor,"chemistry_lab, reception, beauty_salon, bar, biology_laboratory",23584
3422,82128,indoor,"chemistry_lab, biology_laboratory, beauty_salon, reception, bar",23584
3423,82152,indoor,"museum/indoor, dressing_room, stage/indoor, art_gallery, archive",23584
3424,82176,indoor,"museum/indoor, dressing_room, stage/indoor, art_gallery, archive",23584
3425,82200,indoor,"fountain, museum/indoor, dressing_room, alcove, shower",23584
3426,82224,indoor,"fountain, museum/indoor, dressing_room, alcove, banquet_hall",23584
3427,82248,indoor,"clean_room, museum/indoor, chemistry_lab, archive, biology_laboratory",23584
3428,82272,indoor,"clean_room, museum/indoor, chemistry_lab, archive, physics_laboratory",23584
3429,82296,indoor,"clean_room, museum/indoor, archive, chemistry_lab, physics_laboratory",23584
3430,82320,indoor,"clean_room, museum/indoor, archive, chemistry_lab, physics_laboratory",23584
3431,82344,indoor,"clean_room, museum/indoor, archive, pharmacy, chemistry_lab",23584
3432,82368,indoor,"clean_room, museum/indoor, archive, pharmacy, biology_laboratory",23584
3433,82392,indoor,"clean_room, museum/indoor, archive, pharmacy, biology_laboratory",23584
3434,82416,indoor,"dressing_room, museum/indoor, stage/indoor, ballroom, music_studio",23584
3435,82440,indoor,"fountain, museum/indoor, dressing_room, stage/indoor, shower",23584
3436,82464,indoor,"clean_room, museum/indoor, chemistry_lab, archive, physics_laboratory",23584
3437,82488,indoor,"clean_room, museum/indoor, operating_room, chemistry_lab, physics_laboratory",23584
3438,82512,indoor,"clean_room, museum/indoor, operating_room, art_gallery, chemistry_lab",23584
3439,82536,indoor,"clean_room, museum/indoor, art_gallery, operating_room, dressing_room",23584
3440,82560,indoor,"clean_room, museum/indoor, art_gallery, operating_room, archive",23584
3441,82584,indoor,"clean_room, museum/indoor, art_gallery, dressing_room, stage/indoor",23584
3442,82608,indoor,"dressing_room, museum/indoor, clean_room, stage/indoor, sauna",23584
3443,82632,indoor,"dressing_room, clean_room, museum/indoor, bedroom, hotel_room",23584
3444,82656,indoor,"clean_room, dressing_room, museum/indoor, art_gallery, stage/indoor",23584
3445,82680,indoor,"clean_room, dressing_room, museum/indoor, archive, martial_arts_gym",23584
3446,82704,indoor,"clean_room, dressing_room, museum/indoor, archive, operating_room",23584
3447,82728,indoor,"clean_room, museum/indoor, dressing_room, art_gallery, stage/indoor",23584
3448,82752,indoor,"clean_room, museum/indoor, art_gallery, dressing_room, archive",23584
3449,82776,indoor,"clean_room, dressing_room, martial_arts_gym, museum/indoor, archive",23584
3450,82800,indoor,"clean_room, dressing_room, martial_arts_gym, hospital_room, clothing_store",23584
3451,82824,indoor,"clean_room, dressing_room, hospital_room, archive, operating_room",23584
3452,82848,indoor,"clean_room, dressing_room, museum/indoor, art_gallery, nursery",23584
3453,82872,indoor,"clean_room, dressing_room, museum/indoor, archive, nursery",23584
3454,82896,indoor,"clean_room, dressing_room, museum/indoor, hospital_room, archive",23584
3455,82920,indoor,"clean_room, dressing_room, museum/indoor, art_gallery, archive",23584
3456,82944,indoor,"clean_room, dressing_room, clothing_store, museum/indoor, hospital_room",23584
3457,82968,indoor,"clean_room, dressing_room, museum/indoor, clothing_store, archive",23584
3458,82992,indoor,"clean_room, dressing_room, martial_arts_gym, museum/indoor, clothing_store",23584
3459,83016,indoor,"clean_room, dressing_room, archive, martial_arts_gym, museum/indoor",23584
3460,83040,indoor,"reception, clean_room, nursing_home, nursery, hospital_room",23584
3461,83064,indoor,"reception, clean_room, nursery, chemistry_lab, wet_bar",23584
3462,83088,indoor,"clean_room, reception, chemistry_lab, nursery, wet_bar",23584
3463,83112,indoor,"museum/indoor, reception, chemistry_lab, clean_room, conference_center",23584
3464,83136,indoor,"museum/indoor, reception, office, clean_room, conference_room",23584
3465,83160,indoor,"museum/indoor, clean_room, conference_center, bow_window/indoor, conference_room",23584
3466,83184,indoor,"clean_room, museum/indoor, bow_window/indoor, reception, nursery",23584
3467,83208,indoor,"chemistry_lab, clean_room, wet_bar, reception, bow_window/indoor",23584
3468,83232,indoor,"dressing_room, museum/indoor, banquet_hall, dining_hall, alcove",23584
3469,83256,indoor,"dressing_room, museum/indoor, banquet_hall, dining_hall, clean_room",23584
3470,83280,indoor,"dressing_room, museum/indoor, banquet_hall, dining_hall, shower",23584
3471,83304,indoor,"dressing_room, museum/indoor, banquet_hall, shower, dining_hall",23584
3472,83328,indoor,"museum/indoor, dressing_room, beauty_salon, archive, nursing_home",23584
3473,83352,indoor,"dressing_room, beauty_salon, ballroom, nursing_home, banquet_hall",23584
3474,83376,indoor,"dressing_room, beauty_salon, nursing_home, ballroom, clean_room",23584
3475,83400,indoor,"banquet_hall, dressing_room, museum/indoor, dining_hall, nursing_home",23584
3476,83424,indoor,"dressing_room, museum/indoor, clean_room, nursing_home, ballroom",23584
3477,83448,indoor,"dressing_room, museum/indoor, clean_room, nursing_home, ice_cream_parlor",23584
3478,83472,indoor,"museum/indoor, dressing_room, beauty_salon, ballroom, banquet_hall",23584
3479,83496,indoor,"dressing_room, museum/indoor, beauty_salon, ballroom, banquet_hall",23584
3480,83520,indoor,"museum/indoor, dressing_room, beauty_salon, banquet_hall, clean_room",23584
3481,83544,indoor,"banquet_hall, clean_room, dining_hall, chemistry_lab, beauty_salon",23584
3482,83568,indoor,"clean_room, chemistry_lab, biology_laboratory, beauty_salon, pharmacy",23584
3483,83592,indoor,"clean_room, chemistry_lab, beauty_salon, biology_laboratory, pharmacy",23584
3484,83616,indoor,"chemistry_lab, beauty_salon, clean_room, biology_laboratory, pharmacy",23584
3485,83640,indoor,"clean_room, chemistry_lab, beauty_salon, biology_laboratory, pharmacy",23584
3486,83664,indoor,"beauty_salon, chemistry_lab, clean_room, biology_laboratory, pharmacy",23584
3487,83688,indoor,"chemistry_lab, beauty_salon, biology_laboratory, clean_room, pharmacy",23584
3488,83712,indoor,"chemistry_lab, beauty_salon, clean_room, biology_laboratory, pharmacy",23584
3489,83736,indoor,"dressing_room, music_studio, museum/indoor, stage/indoor, ballroom",23584
3490,83760,indoor,"dressing_room, music_studio, stage/indoor, museum/indoor, ballroom",23584
3491,83784,indoor,"dressing_room, music_studio, stage/indoor, museum/indoor, physics_laboratory",23584
3492,83808,indoor,"dressing_room, music_studio, museum/indoor, stage/indoor, archive",23584
3493,83832,indoor,"clean_room, chemistry_lab, banquet_hall, biology_laboratory, operating_room",23584
3494,83856,indoor,"clean_room, chemistry_lab, banquet_hall, biology_laboratory, bar",23584
3495,83880,indoor,"clean_room, banquet_hall, chemistry_lab, dining_hall, restaurant",23584
3496,83904,indoor,"clean_room, banquet_hall, chemistry_lab, restaurant, dining_hall",23584
3497,83928,indoor,"clean_room, chemistry_lab, biology_laboratory, banquet_hall, dining_hall",23584
3498,83952,indoor,"chemistry_lab, clean_room, biology_laboratory, restaurant, bar",23584
3499,83976,indoor,"chemistry_lab, clean_room, biology_laboratory, bar, pharmacy",23584
3500,84000,indoor,"chemistry_lab, clean_room, biology_laboratory, pharmacy, physics_laboratory",23584
3501,84024,indoor,"banquet_hall, restaurant, dining_hall, chemistry_lab, dining_room",23584
3502,84048,indoor,"chemistry_lab, biology_laboratory, clean_room, bar, pharmacy",23584
3503,84072,indoor,"chemistry_lab, biology_laboratory, clean_room, bar, restaurant",23584
3504,84096,indoor,"banquet_hall, chemistry_lab, restaurant, dining_hall, clean_room",23584
3505,84120,indoor,"clean_room, banquet_hall, restaurant, dining_hall, dining_room",23584
3506,84144,indoor,"clean_room, operating_room, chemistry_lab, banquet_hall, nursing_home",23584
3507,84168,indoor,"dressing_room, music_studio, stage/indoor, museum/indoor, ballroom",23584
3508,84192,indoor,"dressing_room, music_studio, stage/indoor, museum/indoor, physics_laboratory",23584
3509,84216,indoor,"clean_room, banquet_hall, operating_room, nursing_home, chemistry_lab",23584
3510,84240,indoor,"clean_room, banquet_hall, operating_room, chemistry_lab, restaurant",23584
3511,84264,indoor,"clean_room, banquet_hall, chemistry_lab, operating_room, restaurant",23584
3512,84288,indoor,"banquet_hall, clean_room, chemistry_lab, restaurant, dining_hall",23584
3513,84312,indoor,"clean_room, chemistry_lab, biology_laboratory, operating_room, physics_laboratory",23584
3514,84336,indoor,"clean_room, chemistry_lab, banquet_hall, operating_room, museum/indoor",23584
3515,84360,indoor,"clean_room, chemistry_lab, banquet_hall, museum/indoor, biology_laboratory",23584
3516,84384,indoor,"clean_room, chemistry_lab, museum/indoor, biology_laboratory, physics_laboratory",23584
3517,84408,indoor,"clean_room, banquet_hall, chemistry_lab, archive, dressing_room",23584
3518,84432,indoor,"clean_room, chemistry_lab, beauty_salon, dressing_room, banquet_hall",23584
3519,84456,indoor,"clean_room, chemistry_lab, bar, beauty_salon, banquet_hall",23584
3520,84480,indoor,"chemistry_lab, bar, clean_room, banquet_hall, restaurant",23584
3521,84504,indoor,"bar, banquet_hall, restaurant, chemistry_lab, dining_hall",23584
3522,84528,indoor,"dressing_room, banquet_hall, dining_hall, music_studio, bar",23584
3523,84552,indoor,"dressing_room, music_studio, bar, banquet_hall, dining_hall",23584
3524,84576,indoor,"dressing_room, music_studio, banquet_hall, bar, dining_hall",23584
3525,84600,indoor,"dressing_room, music_studio, banquet_hall, dining_hall, bar",23584
3526,84624,indoor,"music_studio, dressing_room, banquet_hall, bar, stage/indoor",23584
3527,84648,indoor,"banquet_hall, dining_hall, dressing_room, nursing_home, music_studio",23584
3528,84672,indoor,"dressing_room, music_studio, dining_hall, bar, banquet_hall",23584
3529,84696,indoor,"dressing_room, music_studio, banquet_hall, bar, dining_hall",23584
3530,84720,indoor,"dressing_room, music_studio, physics_laboratory, museum/indoor, stage/indoor",23584
3531,84744,indoor,"dressing_room, music_studio, museum/indoor, banquet_hall, stage/indoor",23584
3532,84768,indoor,"dressing_room, music_studio, bar, banquet_hall, chemistry_lab",23584
3533,84792,indoor,"dressing_room, chemistry_lab, museum/indoor, stage/indoor, banquet_hall",23584
3534,84816,indoor,"dressing_room, bar, banquet_hall, chemistry_lab, museum/indoor",23584
3535,84840,indoor,"dressing_room, stage/indoor, discotheque, museum/indoor, music_studio",23584
3536,84864,indoor,"dressing_room, museum/indoor, banquet_hall, discotheque, stage/indoor",23584
3537,84888,indoor,"bar, banquet_hall, clean_room, chemistry_lab, dressing_room",23584
3538,84912,indoor,"bar, banquet_hall, chemistry_lab, beauty_salon, restaurant",23584
3539,84936,indoor,"chemistry_lab, clean_room, bar, beauty_salon, biology_laboratory",23584
3540,84960,indoor,"chemistry_lab, clean_room, biology_laboratory, bar, beauty_salon",23584
3541,84984,indoor,"chemistry_lab, clean_room, biology_laboratory, bar, beauty_salon",23584
3542,85008,indoor,"chemistry_lab, clean_room, bar, beauty_salon, dressing_room",23584
3543,85032,indoor,"chemistry_lab, clean_room, bar, museum/indoor, biology_laboratory",23584
3544,85056,indoor,"chemistry_lab, clean_room, bar, ice_cream_parlor, beauty_salon",23584
3545,85080,indoor,"chemistry_lab, clean_room, bar, ice_cream_parlor, beauty_salon",23584
3546,85104,indoor,"chemistry_lab, bar, clean_room, beauty_salon, biology_laboratory",23584
3547,85128,indoor,"chemistry_lab, bar, clean_room, biology_laboratory, beauty_salon",23584
3548,85152,indoor,"chemistry_lab, bar, clean_room, beauty_salon, biology_laboratory",23584
3549,85176,indoor,"chemistry_lab, bar, beauty_salon, clean_room, biology_laboratory",23584
3550,85200,indoor,"chemistry_lab, bar, clean_room, beauty_salon, biology_laboratory",23584
3551,85224,indoor,"chemistry_lab, bar, beauty_salon, clean_room, banquet_hall",23584
3552,85248,indoor,"chemistry_lab, clean_room, bar, banquet_hall, beauty_salon",23584
3553,85272,indoor,"chemistry_lab, clean_room, bar, biology_laboratory, ice_cream_parlor",23584
3554,85296,indoor,"dressing_room, museum/indoor, archive, stage/indoor, chemistry_lab",23584
3555,85320,indoor,"dressing_room, stage/indoor, discotheque, museum/indoor, music_studio",23584
3556,85344,indoor,"dressing_room, stage/indoor, banquet_hall, ballroom, bar",23584
3557,85368,indoor,"dressing_room, fountain, stage/indoor, banquet_hall, museum/indoor",23584
3558,85392,indoor,"bar, banquet_hall, chemistry_lab, restaurant, beauty_salon",23584
3559,85416,indoor,"clean_room, chemistry_lab, beauty_salon, banquet_hall, bar",23584
3560,85440,indoor,"chemistry_lab, wet_bar, clean_room, bar, bow_window/indoor",23584
3561,85464,indoor,"clean_room, wet_bar, museum/indoor, chemistry_lab, reception",23584
3562,85488,indoor,"wet_bar, chemistry_lab, clean_room, museum/indoor, jewelry_shop",23584
3563,85512,indoor,"clean_room, chemistry_lab, museum/indoor, wet_bar, reception",23584
3564,85536,indoor,"clean_room, chemistry_lab, museum/indoor, operating_room, biology_laboratory",23584
3565,85560,indoor,"clean_room, chemistry_lab, museum/indoor, operating_room, dressing_room",23584
3566,85584,indoor,"clean_room, chemistry_lab, museum/indoor, operating_room, archive",23584
3567,85608,indoor,"clean_room, museum/indoor, chemistry_lab, operating_room, archive",23584
3568,85632,indoor,"clean_room, chemistry_lab, museum/indoor, biology_laboratory, operating_room",23584
3569,85656,indoor,"clean_room, operating_room, chemistry_lab, museum/indoor, biology_laboratory",23584
3570,85680,indoor,"clean_room, museum/indoor, operating_room, chemistry_lab, biology_laboratory",23584
3571,85704,indoor,"clean_room, museum/indoor, chemistry_lab, archive, stage/indoor",23584
3572,85728,indoor,"clean_room, museum/indoor, chemistry_lab, operating_room, archive",23584
3573,85752,indoor,"museum/indoor, clean_room, archive, stage/indoor, beauty_salon",23584
3574,85776,indoor,"clean_room, museum/indoor, archive, operating_room, hospital_room",23584
3575,85800,indoor,"clean_room, museum/indoor, archive, operating_room, science_museum",23584
3576,85824,indoor,"clean_room, museum/indoor, operating_room, chemistry_lab, hospital_room",23584
3577,85848,indoor,"clean_room, chemistry_lab, museum/indoor, operating_room, biology_laboratory",23584
3578,85872,indoor,"clean_room, operating_room, chemistry_lab, museum/indoor, archive",23584
3579,85896,indoor,"clean_room, museum/indoor, operating_room, chemistry_lab, archive",23584
3580,85920,indoor,"clean_room, museum/indoor, archive, chemistry_lab, stage/indoor",23584
3581,85944,indoor,"clean_room, museum/indoor, chemistry_lab, archive, art_gallery",23584
3582,85968,indoor,"clean_room, museum/indoor, archive, chemistry_lab, science_museum",23584
3583,85992,indoor,"wet_bar, bow_window/indoor, reception, chemistry_lab, dining_room",23584
3584,86016,indoor,"wet_bar, chemistry_lab, reception, kitchen, bar",23584
3585,86040,indoor,"chemistry_lab, biology_laboratory, beauty_salon, clean_room, pharmacy",23584
3586,86064,indoor,"chemistry_lab, biology_laboratory, beauty_salon, clean_room, pharmacy",23584
3587,86088,indoor,"chemistry_lab, biology_laboratory, beauty_salon, clean_room, office",23584
3588,86112,indoor,"chemistry_lab, biology_laboratory, clean_room, beauty_salon, office",23584
3589,86136,indoor,"chemistry_lab, wet_bar, reception, biology_laboratory, clean_room",23584
3590,86160,indoor,"museum/indoor, dressing_room, clean_room, archive, beauty_salon",23584
3591,86184,indoor,"museum/indoor, dressing_room, clean_room, archive, beauty_salon",23584
3592,86208,indoor,"museum/indoor, dressing_room, archive, science_museum, beauty_salon",23584
3593,86232,indoor,"museum/indoor, dressing_room, art_gallery, archive, beauty_salon",23584
3594,86256,indoor,"museum/indoor, dressing_room, art_gallery, archive, clean_room",23584
3595,86280,indoor,"dressing_room, museum/indoor, locker_room, archive, beauty_salon",23584
3596,86304,indoor,"dressing_room, museum/indoor, archive, beauty_salon, sauna",23584
3597,86328,indoor,"museum/indoor, dressing_room, archive, beauty_salon, art_gallery",23584
3598,86352,indoor,"museum/indoor, dressing_room, archive, beauty_salon, science_museum",23584
3599,86376,indoor,"museum/indoor, dressing_room, archive, beauty_salon, sauna",23584
3600,86400,indoor,"dressing_room, museum/indoor, beauty_salon, archive, sauna",23584
3601,86424,indoor,"museum/indoor, dressing_room, science_museum, clean_room, archive",23584
3602,86448,indoor,"museum/indoor, archive, science_museum, dressing_room, clean_room",23584
3603,86472,indoor,"museum/indoor, science_museum, dressing_room, archive, art_gallery",23584
3604,86496,indoor,"museum/indoor, dressing_room, stage/indoor, archive, art_gallery",23584
3605,86520,indoor,"museum/indoor, dressing_room, archive, stage/indoor, clean_room",23584
3606,86544,indoor,"dressing_room, museum/indoor, clean_room, art_gallery, locker_room",23584
3607,86568,indoor,"dressing_room, museum/indoor, art_gallery, locker_room, clean_room",23584
3608,86592,indoor,"museum/indoor, dressing_room, stage/indoor, art_gallery, archive",23584
3609,86616,indoor,"museum/indoor, dressing_room, stage/indoor, archive, clean_room",23584
3610,86640,indoor,"museum/indoor, stage/indoor, dressing_room, archive, clean_room",23584
3611,86664,indoor,"dressing_room, museum/indoor, art_gallery, clean_room, stage/indoor",23584
3612,86688,indoor,"dressing_room, museum/indoor, clean_room, art_gallery, locker_room",23584
3613,86712,indoor,"dressing_room, museum/indoor, art_gallery, clean_room, locker_room",23584
3614,86736,indoor,"wet_bar, reception, beauty_salon, chemistry_lab, clean_room",23584
3615,86760,indoor,"reception, wet_bar, beauty_salon, dressing_room, jewelry_shop",23584
3616,86784,indoor,"wet_bar, reception, office, beauty_salon, home_office",23584
3617,86808,indoor,"wet_bar, reception, museum/indoor, jewelry_shop, chemistry_lab",23584
3618,86832,indoor,"wet_bar, reception, office, bow_window/indoor, jewelry_shop",23584
3619,86856,indoor,"wet_bar, reception, bow_window/indoor, alcove, dressing_room",23584
3620,86880,indoor,"wet_bar, reception, bow_window/indoor, office, alcove",23584
3621,86904,indoor,"wet_bar, reception, beauty_salon, bow_window/indoor, office",23584
3622,86928,indoor,"wet_bar, reception, beauty_salon, bow_window/indoor, office",23584
3623,86952,indoor,"elevator/door, bow_window/indoor, museum/indoor, clean_room, doorway/outdoor",23584
3624,86976,indoor,"bow_window/indoor, elevator/door, museum/indoor, clean_room, doorway/outdoor",23584
3625,87000,indoor,"elevator/door, bow_window/indoor, museum/indoor, doorway/outdoor, elevator_lobby",23584
3626,87024,indoor,"bow_window/indoor, sauna, elevator/door, clean_room, shower",23584
3627,87048,indoor,"museum/indoor, clean_room, art_gallery, elevator/door, dressing_room",23584
3628,87072,indoor,"museum/indoor, clean_room, dressing_room, art_gallery, bow_window/indoor",23584
3629,87096,indoor,"museum/indoor, clean_room, art_gallery, elevator/door, bow_window/indoor",23584
3630,87120,indoor,"clean_room, museum/indoor, elevator/door, art_gallery, dressing_room",23584
3631,87144,indoor,"museum/indoor, clean_room, elevator/door, art_gallery, sauna",23584
3632,87168,indoor,"museum/indoor, clean_room, elevator/door, art_gallery, shower",23584
3633,87192,indoor,"clean_room, museum/indoor, elevator/door, art_gallery, bow_window/indoor",23584
3634,87216,indoor,"clean_room, shower, bow_window/indoor, elevator/door, closet",23584
3635,87240,indoor,"clean_room, bow_window/indoor, shower, closet, elevator/door",23584
3636,87264,indoor,"bow_window/indoor, clean_room, elevator/door, clothing_store, closet",23584
3637,87288,indoor,"clean_room, locker_room, elevator/door, operating_room, hospital_room",23584
3638,87312,indoor,"clean_room, locker_room, elevator/door, closet, dressing_room",23584
3639,87336,indoor,"clean_room, locker_room, server_room, elevator/door, archive",23584
3640,87360,indoor,"clean_room, locker_room, archive, server_room, elevator/door",23584
3641,87384,indoor,"clean_room, locker_room, archive, server_room, elevator/door",23584
3642,87408,indoor,"clean_room, locker_room, sauna, dressing_room, closet",23584
3643,87432,indoor,"clean_room, closet, locker_room, sauna, dressing_room",23584
3644,87456,indoor,"clean_room, museum/indoor, dressing_room, art_gallery, locker_room",23584
3645,87480,indoor,"clean_room, museum/indoor, dressing_room, art_gallery, locker_room",23584
3646,87504,indoor,"clean_room, dressing_room, museum/indoor, art_gallery, chemistry_lab",23584
3647,87528,indoor,"clean_room, dressing_room, operating_room, museum/indoor, clothing_store",23584
3648,87552,indoor,"clean_room, museum/indoor, dressing_room, clothing_store, locker_room",23584
3649,87576,indoor,"clean_room, museum/indoor, dressing_room, art_gallery, locker_room",23584
3650,87600,indoor,"clean_room, museum/indoor, science_museum, dressing_room, art_gallery",23584
3651,87624,indoor,"clean_room, museum/indoor, science_museum, biology_laboratory, dressing_room",23584
3652,87648,indoor,"clean_room, museum/indoor, biology_laboratory, archive, beauty_salon",23584
3653,87672,indoor,"clean_room, museum/indoor, dressing_room, art_gallery, operating_room",23584
3654,87696,indoor,"clean_room, museum/indoor, dressing_room, art_gallery, operating_room",23584
3655,87720,indoor,"clean_room, museum/indoor, dressing_room, clothing_store, chemistry_lab",23584
3656,87744,indoor,"clean_room, museum/indoor, dressing_room, biology_laboratory, chemistry_lab",23584
3657,87768,indoor,"clean_room, museum/indoor, dressing_room, biology_laboratory, chemistry_lab",23584
3658,87792,indoor,"clean_room, museum/indoor, dressing_room, chemistry_lab, biology_laboratory",23584
3659,87816,indoor,"clean_room, museum/indoor, chemistry_lab, biology_laboratory, science_museum",23584
3660,87840,indoor,"clean_room, museum/indoor, chemistry_lab, biology_laboratory, physics_laboratory",23584
3661,87864,indoor,"clean_room, museum/indoor, chemistry_lab, biology_laboratory, science_museum",23584
3662,87888,indoor,"clean_room, museum/indoor, clothing_store, dressing_room, art_gallery",23584
3663,87912,indoor,"clean_room, museum/indoor, art_gallery, science_museum, clothing_store",23584
3664,87936,indoor,"dressing_room, martial_arts_gym, beauty_salon, discotheque, television_studio",23584
3665,87960,indoor,"dressing_room, discotheque, martial_arts_gym, elevator/door, television_studio",23584
3666,87984,indoor,"dressing_room, martial_arts_gym, airport_terminal, elevator/door, office",23584
3667,88008,indoor,"martial_arts_gym, dressing_room, airport_terminal, ballroom, discotheque",23584
3668,88032,indoor,"martial_arts_gym, airport_terminal, dressing_room, ballroom, discotheque",23584
3669,88056,indoor,"martial_arts_gym, airport_terminal, dressing_room, discotheque, television_studio",23584
3670,88080,indoor,"martial_arts_gym, dressing_room, clean_room, airport_terminal, clothing_store",23584
3671,88104,indoor,"martial_arts_gym, dressing_room, airport_terminal, clothing_store, locker_room",23584
3672,88128,indoor,"dressing_room, martial_arts_gym, airport_terminal, clothing_store, music_studio",23584
3673,88152,indoor,"dressing_room, music_studio, television_studio, discotheque, beauty_salon",23584
3674,88176,indoor,"dressing_room, clean_room, shower, art_gallery, bathroom",23584
3675,88200,indoor,"dressing_room, clean_room, art_gallery, shower, bathroom",23584
3676,88224,indoor,"dressing_room, closet, clean_room, elevator/door, shower",23584
3677,88248,indoor,"clean_room, chemistry_lab, biology_laboratory, operating_room, physics_laboratory",23584
3678,88272,indoor,"clean_room, operating_room, chemistry_lab, hospital_room, biology_laboratory",23584
3679,88296,indoor,"clean_room, chemistry_lab, biology_laboratory, operating_room, hospital_room",23584
3680,88320,indoor,"clean_room, chemistry_lab, biology_laboratory, operating_room, hospital_room",23584
3681,88344,indoor,"clean_room, chemistry_lab, biology_laboratory, operating_room, hospital_room",23584
3682,88368,indoor,"clean_room, chemistry_lab, biology_laboratory, operating_room, hospital_room",23584
3683,88392,indoor,"clean_room, chemistry_lab, operating_room, dressing_room, biology_laboratory",23584
3684,88416,indoor,"clean_room, chemistry_lab, dressing_room, operating_room, hospital_room",23584
3685,88440,indoor,"clean_room, operating_room, dressing_room, chemistry_lab, hospital_room",23584
3686,88464,indoor,"clean_room, operating_room, hospital_room, dressing_room, chemistry_lab",23584
3687,88488,indoor,"dressing_room, discotheque, music_studio, stage/indoor, beauty_salon",23584
3688,88512,indoor,"dressing_room, discotheque, stage/indoor, beauty_salon, music_studio",23584
3689,88536,indoor,"dressing_room, discotheque, stage/indoor, beauty_salon, music_studio",23584
3690,88560,indoor,"dressing_room, discotheque, stage/indoor, music_studio, beauty_salon",23584
3691,88584,indoor,"dressing_room, stage/indoor, discotheque, music_studio, beauty_salon",23584
3692,88608,indoor,"clean_room, museum/indoor, dressing_room, art_gallery, science_museum",23584
3693,88632,indoor,"dressing_room, clean_room, hospital_room, operating_room, museum/indoor",23584
3694,88656,indoor,"dressing_room, clean_room, hospital_room, operating_room, nursing_home",23584
3695,88680,indoor,"dressing_room, clean_room, operating_room, hospital_room, clothing_store",23584
3696,88704,indoor,"clean_room, operating_room, hospital_room, dressing_room, clothing_store",23584
3697,88728,indoor,"clean_room, operating_room, hospital_room, dressing_room, nursing_home",23584
3698,88752,indoor,"clean_room, operating_room, hospital_room, dressing_room, nursing_home",23584
3699,88776,indoor,"clean_room, hospital_room, dressing_room, operating_room, nursing_home",23584
3700,88800,indoor,"clean_room, dressing_room, chemistry_lab, discotheque, biology_laboratory",23584
3701,88824,indoor,"clean_room, dressing_room, chemistry_lab, discotheque, hospital_room",23584
3702,88848,indoor,"clean_room, dressing_room, chemistry_lab, biology_laboratory, hospital_room",23584
3703,88872,indoor,"clean_room, dressing_room, discotheque, biology_laboratory, chemistry_lab",23584
3704,88896,indoor,"clean_room, dressing_room, discotheque, biology_laboratory, chemistry_lab",23584
3705,88920,indoor,"clean_room, dressing_room, discotheque, biology_laboratory, chemistry_lab",23584
3706,88944,indoor,"clean_room, dressing_room, chemistry_lab, hospital_room, biology_laboratory",23584
3707,88968,indoor,"clean_room, dressing_room, chemistry_lab, biology_laboratory, discotheque",23584
3708,88992,indoor,"clean_room, dressing_room, chemistry_lab, biology_laboratory, hospital_room",23584
3709,89016,indoor,"clean_room, chemistry_lab, dressing_room, biology_laboratory, discotheque",23584
3710,89040,indoor,"clean_room, discotheque, dressing_room, chemistry_lab, biology_laboratory",23584
3711,89064,indoor,"clean_room, dressing_room, chemistry_lab, biology_laboratory, discotheque",23584
3712,89088,indoor,"discotheque, dressing_room, clean_room, beauty_salon, stage/indoor",23584
3713,89112,indoor,"clean_room, discotheque, dressing_room, stage/indoor, beauty_salon",23584
3714,89136,indoor,"dressing_room, discotheque, clean_room, beauty_salon, music_studio",23584
3715,89160,indoor,"clean_room, dressing_room, discotheque, stage/indoor, chemistry_lab",23584
3716,89184,indoor,"clean_room, dressing_room, discotheque, chemistry_lab, hospital_room",23584
3717,89208,indoor,"clean_room, dressing_room, chemistry_lab, biology_laboratory, discotheque",23584
3718,89232,indoor,"clean_room, dressing_room, discotheque, chemistry_lab, biology_laboratory",23584
3719,89256,indoor,"clean_room, dressing_room, discotheque, martial_arts_gym, chemistry_lab",23584
3720,89280,indoor,"clean_room, biology_laboratory, dressing_room, chemistry_lab, discotheque",23584
3721,89304,indoor,"clean_room, dressing_room, biology_laboratory, chemistry_lab, discotheque",23584
3722,89328,indoor,"clean_room, dressing_room, discotheque, chemistry_lab, biology_laboratory",23584
3723,89352,indoor,"dressing_room, clean_room, chemistry_lab, biology_laboratory, discotheque",23584
3724,89376,indoor,"dressing_room, clean_room, chemistry_lab, biology_laboratory, martial_arts_gym",23584
3725,89400,indoor,"dressing_room, clean_room, martial_arts_gym, chemistry_lab, biology_laboratory",23584
3726,89424,indoor,"clean_room, dressing_room, martial_arts_gym, biology_laboratory, chemistry_lab",23584
3727,89448,indoor,"dressing_room, clean_room, martial_arts_gym, chemistry_lab, biology_laboratory",23584
3728,89472,indoor,"dressing_room, clean_room, chemistry_lab, biology_laboratory, martial_arts_gym",23584
3729,89496,indoor,"clean_room, dressing_room, martial_arts_gym, chemistry_lab, biology_laboratory",23584
3730,89520,indoor,"dressing_room, clean_room, martial_arts_gym, discotheque, chemistry_lab",23584
3731,89544,indoor,"dressing_room, clean_room, martial_arts_gym, discotheque, locker_room",23584
3732,89568,indoor,"clean_room, dressing_room, martial_arts_gym, stage/indoor, museum/indoor",23584
3733,89592,indoor,"clean_room, dressing_room, chemistry_lab, biology_laboratory, discotheque",23584
3734,89616,indoor,"clean_room, discotheque, dressing_room, stage/indoor, chemistry_lab",23584
3735,89640,indoor,"clean_room, discotheque, stage/indoor, chemistry_lab, biology_laboratory",23584
3736,89664,indoor,"clean_room, discotheque, stage/indoor, chemistry_lab, biology_laboratory",23584
3737,89688,indoor,"clean_room, dressing_room, discotheque, stage/indoor, chemistry_lab",23584
3738,89712,indoor,"clean_room, discotheque, dressing_room, stage/indoor, chemistry_lab",23584
3739,89736,indoor,"clean_room, dressing_room, discotheque, stage/indoor, chemistry_lab",23584
3740,89760,indoor,"clean_room, dressing_room, discotheque, stage/indoor, chemistry_lab",23584
3741,89784,indoor,"clean_room, discotheque, dressing_room, stage/indoor, chemistry_lab",23584
3742,89808,indoor,"clean_room, discotheque, dressing_room, stage/indoor, chemistry_lab",23584
3743,89832,indoor,"clean_room, discotheque, dressing_room, stage/indoor, music_studio",23584
3744,89856,indoor,"discotheque, dressing_room, clean_room, stage/indoor, music_studio",23584
3745,89880,indoor,"discotheque, dressing_room, clean_room, stage/indoor, music_studio",23584
3746,89904,indoor,"dressing_room, clean_room, discotheque, stage/indoor, music_studio",23584
3747,89928,indoor,"dressing_room, discotheque, stage/indoor, clean_room, music_studio",23584
3748,89952,indoor,"clean_room, archive, museum/indoor, science_museum, physics_laboratory",23584
3749,89976,indoor,"clean_room, archive, museum/indoor, physics_laboratory, science_museum",23584
3750,90000,indoor,"clean_room, archive, museum/indoor, physics_laboratory, science_museum",23584
3751,90024,indoor,"museum/indoor, clean_room, archive, science_museum, art_gallery",23584
3752,90048,indoor,"museum/indoor, clean_room, archive, science_museum, art_gallery",23584
3753,90072,indoor,"museum/indoor, clean_room, archive, science_museum, physics_laboratory",23584
3754,90096,indoor,"museum/indoor, clean_room, archive, science_museum, natural_history_museum",23584
3755,90120,indoor,"dressing_room, museum/indoor, clean_room, bow_window/indoor, living_room",23584
3756,90144,indoor,"dressing_room, clean_room, museum/indoor, living_room, operating_room",23584
3757,90168,indoor,"clean_room, museum/indoor, dressing_room, archive, art_gallery",23584
3758,90192,indoor,"clean_room, museum/indoor, dressing_room, archive, art_gallery",23584
3759,90216,indoor,"museum/indoor, archive, clean_room, dressing_room, beauty_salon",23584
3760,90240,indoor,"clean_room, dressing_room, museum/indoor, archive, art_gallery",23584
3761,90264,indoor,"museum/indoor, dressing_room, clean_room, nursery, archive",23584
3762,90288,indoor,"bookstore, archive, dressing_room, beauty_salon, discotheque",23584
3763,90312,indoor,"archive, stage/indoor, museum/indoor, discotheque, beauty_salon",23584
3764,90336,indoor,"clean_room, dressing_room, museum/indoor, nursery, art_gallery",23584
3765,90360,indoor,"clean_room, dressing_room, museum/indoor, nursery, discotheque",23584
3766,90384,indoor,"chemistry_lab, beauty_salon, clean_room, office, discotheque",23584
3767,90408,indoor,"office, clean_room, chemistry_lab, music_studio, beauty_salon",23584
3768,90432,indoor,"office, beauty_salon, discotheque, dressing_room, reception",23584
3769,90456,indoor,"music_studio, beauty_salon, discotheque, office, dressing_room",23584
3770,90480,indoor,"clean_room, iceberg, dressing_room, shower, museum/indoor",23584
3771,90504,indoor,"clean_room, dressing_room, art_gallery, clothing_store, locker_room",23584
3772,90528,indoor,"clean_room, dressing_room, museum/indoor, elevator/door, elevator_lobby",23584
3773,90552,indoor,"museum/indoor, clean_room, art_gallery, science_museum, bow_window/indoor",23584
3774,90576,indoor,"museum/indoor, clean_room, art_gallery, archive, science_museum",23584
3775,90600,indoor,"museum/indoor, clean_room, art_gallery, bow_window/indoor, science_museum",23584
3776,90624,indoor,"museum/indoor, clean_room, art_gallery, dressing_room, bow_window/indoor",23584
3777,90648,indoor,"bow_window/indoor, dressing_room, clean_room, elevator/door, shower",23584
3778,90672,indoor,"clean_room, museum/indoor, art_gallery, bow_window/indoor, dressing_room",23584
3779,90696,indoor,"museum/indoor, clean_room, art_gallery, dressing_room, bow_window/indoor",23584
3780,90720,indoor,"clean_room, museum/indoor, art_gallery, clothing_store, bow_window/indoor",23584
3781,90744,indoor,"clean_room, museum/indoor, art_gallery, dressing_room, clothing_store",23584
3782,90768,indoor,"clean_room, museum/indoor, art_gallery, science_museum, archive",23584
3783,90792,indoor,"museum/indoor, clean_room, art_gallery, dressing_room, elevator/door",23584
3784,90816,indoor,"clean_room, museum/indoor, science_museum, art_gallery, atrium/public",23584
3785,90840,indoor,"museum/indoor, clean_room, locker_room, archive, beauty_salon",23584
3786,90864,indoor,"sauna, bow_window/indoor, dressing_room, shower, closet",23584
3787,90888,indoor,"elevator/door, bow_window/indoor, elevator_lobby, locker_room, clean_room",23584
3788,90912,outdoor,"clean_room, wheat_field, iceberg, glacier, ice_shelf",23584
3789,90936,indoor,"dressing_room, clean_room, discotheque, clothing_store, shower",23584
3790,90960,indoor,"dressing_room, discotheque, clean_room, chemistry_lab, hospital_room",23584
3791,90984,indoor,"dressing_room, clean_room, discotheque, locker_room, hospital_room",23584
3792,91008,indoor,"museum/indoor, art_gallery, archive, burial_chamber, shower",23584
3793,91032,indoor,"art_gallery, archive, museum/indoor, classroom, natural_history_museum",23584
3794,91056,indoor,"archive, museum/indoor, shower, art_gallery, natural_history_museum",23584
3795,91080,indoor,"music_studio, museum/indoor, archive, shower, classroom",23584
3796,91104,indoor,"clean_room, operating_room, hospital_room, dressing_room, nursery",23584
3797,91128,indoor,"clean_room, operating_room, hospital_room, museum/indoor, science_museum",23584
3798,91152,indoor,"clean_room, operating_room, hospital_room, nursery, music_studio",23584
3799,91176,indoor,"clean_room, operating_room, hospital_room, science_museum, physics_laboratory",23584
3800,91200,indoor,"classroom, archive, clean_room, coffee_shop, art_studio",23584
3801,91224,indoor,"clean_room, hospital_room, chemistry_lab, operating_room, museum/indoor",23584
3802,91248,indoor,"clean_room, clothing_store, museum/indoor, dressing_room, department_store",23584
3803,91272,indoor,"clean_room, museum/indoor, clothing_store, hospital_room, bar",23584
3804,91296,indoor,"clean_room, hospital_room, museum/indoor, operating_room, jail_cell",23584
3805,91320,indoor,"museum/indoor, bar, clean_room, locker_room, dressing_room",23584
3806,91344,indoor,"clean_room, dressing_room, locker_room, chemistry_lab, bar",23584
3807,91368,indoor,"clean_room, chemistry_lab, operating_room, dressing_room, classroom",23584
3808,91392,indoor,"museum/indoor, clean_room, archive, science_museum, hospital_room",23584
3809,91416,indoor,"museum/indoor, science_museum, clean_room, beauty_salon, television_studio",23584
3810,91440,indoor,"museum/indoor, science_museum, clean_room, natural_history_museum, archive",23584
3811,91464,indoor,"museum/indoor, clean_room, science_museum, archive, natural_history_museum",23584
3812,91488,indoor,"museum/indoor, clean_room, science_museum, archive, department_store",23584
3813,91512,indoor,"clean_room, hospital_room, locker_room, operating_room, archive",23584
3814,91536,indoor,"museum/indoor, clean_room, archive, department_store, science_museum",23584
3815,91560,indoor,"museum/indoor, clean_room, archive, science_museum, locker_room",23584
3816,91584,indoor,"clean_room, locker_room, museum/indoor, archive, nursery",23584
3817,91608,indoor,"museum/indoor, clean_room, locker_room, clothing_store, entrance_hall",23584
3818,91632,indoor,"clean_room, museum/indoor, locker_room, clothing_store, science_museum",23584
3819,91656,indoor,"museum/indoor, archive, science_museum, natural_history_museum, department_store",23584
3820,91680,indoor,"museum/indoor, archive, science_museum, clean_room, beauty_salon",23584
3821,91704,indoor,"clean_room, locker_room, hospital_room, martial_arts_gym, discotheque",23584
3822,91728,indoor,"museum/indoor, clean_room, archive, clothing_store, natural_history_museum",23584
3823,91752,indoor,"clothing_store, museum/indoor, clean_room, dressing_room, archive",23584
3824,91776,indoor,"clean_room, hospital_room, operating_room, locker_room, attic",23584
3825,91800,indoor,"clean_room, jail_cell, archive, nursery, museum/indoor",23584
3826,91824,indoor,"clean_room, dressing_room, clothing_store, locker_room, museum/indoor",23584
3827,91848,indoor,"nursery, museum/indoor, science_museum, clean_room, laundromat",23584
3828,91872,indoor,"music_studio, nursery, dressing_room, clean_room, locker_room",23584
3829,91896,indoor,"bathroom, restaurant, dressing_room, cafeteria, bar",23584
3830,91920,indoor,"bathroom, dressing_room, shower, bar, beauty_salon",23584
3831,91944,indoor,"bathroom, shower, wet_bar, dressing_room, kitchen",23584
3832,91968,indoor,"dressing_room, bathroom, clean_room, chemistry_lab, shower",23584
3833,91992,indoor,"restaurant, cafeteria, coffee_shop, bathroom, food_court",23584
3834,92016,indoor,"restaurant, cafeteria, bathroom, bar, coffee_shop",23584
3835,92040,indoor,"dining_room, banquet_hall, restaurant, bar, dining_hall",23584
3836,92064,indoor,"restaurant, dining_room, bathroom, banquet_hall, cafeteria",23584
3837,92088,indoor,"clean_room, bathroom, operating_room, restaurant, coffee_shop",23584
3838,92112,indoor,"dining_room, restaurant, dining_hall, cafeteria, banquet_hall",23584
3839,92136,indoor,"chemistry_lab, clean_room, bar, museum/indoor, restaurant",23584
3840,92160,indoor,"restaurant, clean_room, cafeteria, ice_cream_parlor, banquet_hall",23584
3841,92184,indoor,"museum/indoor, restaurant, dining_room, bar, banquet_hall",23584
3842,92208,indoor,"dressing_room, beauty_salon, banquet_hall, ballroom, restaurant",23584
3843,92232,indoor,"banquet_hall, restaurant, ballroom, dining_hall, dining_room",23584
3844,92256,indoor,"banquet_hall, ballroom, restaurant, museum/indoor, beauty_salon",23584
3845,92280,indoor,"dressing_room, ballroom, martial_arts_gym, discotheque, museum/indoor",23584
3846,92304,indoor,"dressing_room, discotheque, ballroom, stage/indoor, television_studio",23584
3847,92328,indoor,"museum/indoor, dressing_room, clean_room, nursery, operating_room",23584
3848,92352,indoor,"museum/indoor, clean_room, dressing_room, operating_room, nursery",23584
3849,92376,indoor,"museum/indoor, dressing_room, stage/indoor, music_studio, clean_room",23584
3850,92400,indoor,"dressing_room, museum/indoor, discotheque, stage/indoor, martial_arts_gym",23584
3851,92424,indoor,"museum/indoor, clean_room, hospital_room, operating_room, dressing_room",23584
3852,92448,indoor,"dressing_room, ballroom, museum/indoor, hospital_room, stage/indoor",23584
3853,92472,indoor,"dressing_room, hospital_room, operating_room, clean_room, beauty_salon",23584
3854,92496,indoor,"banquet_hall, dressing_room, restaurant, museum/indoor, television_studio",23584
3855,92520,indoor,"museum/indoor, dressing_room, television_studio, banquet_hall, beauty_salon",23584
3856,92544,indoor,"museum/indoor, television_studio, dressing_room, discotheque, dining_room",23584
3857,92568,indoor,"dressing_room, banquet_hall, television_studio, museum/indoor, discotheque",23584
3858,92592,indoor,"dressing_room, banquet_hall, museum/indoor, dining_room, beauty_salon",23584
3859,92616,indoor,"banquet_hall, dressing_room, museum/indoor, dining_hall, dining_room",23584
3860,92640,indoor,"banquet_hall, dressing_room, ballroom, dining_room, restaurant",23584
3861,92664,indoor,"dressing_room, banquet_hall, television_studio, dining_room, restaurant",23584
3862,92688,indoor,"dressing_room, banquet_hall, ballroom, museum/indoor, beauty_salon",23584
3863,92712,indoor,"dressing_room, banquet_hall, ballroom, museum/indoor, beauty_salon",23584
3864,92736,indoor,"dressing_room, banquet_hall, restaurant, ballroom, dining_room",23584
3865,92760,indoor,"banquet_hall, dressing_room, restaurant, dining_room, ballroom",23584
3866,92784,indoor,"banquet_hall, dressing_room, dining_room, restaurant, dining_hall",23584
3867,92808,indoor,"banquet_hall, ballroom, dressing_room, museum/indoor, beauty_salon",23584
3868,92832,indoor,"banquet_hall, ballroom, museum/indoor, dining_hall, operating_room",23584
3869,92856,indoor,"dressing_room, ballroom, beauty_salon, banquet_hall, museum/indoor",23584
3870,92880,indoor,"ballroom, operating_room, banquet_hall, hospital_room, clean_room",23584
3871,92904,indoor,"museum/indoor, ballroom, operating_room, banquet_hall, clean_room",23584
3872,92928,indoor,"banquet_hall, restaurant, dining_hall, dining_room, dressing_room",23584
3873,92952,indoor,"banquet_hall, dressing_room, hospital_room, operating_room, ballroom",23584
3874,92976,indoor,"ballroom, dressing_room, beauty_salon, banquet_hall, television_studio",23584
3875,93000,indoor,"banquet_hall, dressing_room, ballroom, beauty_salon, television_studio",23584
3876,93024,indoor,"dressing_room, banquet_hall, television_studio, beauty_salon, ballroom",23584
3877,93048,indoor,"banquet_hall, dressing_room, restaurant, dining_room, dining_hall",23584
3878,93072,indoor,"dressing_room, banquet_hall, restaurant, dining_room, dining_hall",23584
3879,93096,indoor,"beauty_salon, ballroom, museum/indoor, boxing_ring, stage/indoor",23584
3880,93120,indoor,"museum/indoor, television_studio, stage/indoor, beauty_salon, discotheque",23584
3881,93144,indoor,"museum/indoor, beauty_salon, department_store, science_museum, clean_room",23584
3882,93168,indoor,"museum/indoor, beauty_salon, clean_room, bar, discotheque",23584
3883,93192,indoor,"museum/indoor, science_museum, clean_room, beauty_salon, chemistry_lab",23584
3884,93216,indoor,"dressing_room, discotheque, beauty_salon, museum/indoor, clothing_store",23584
3885,93240,indoor,"dressing_room, discotheque, stage/indoor, museum/indoor, ballroom",23584
3886,93264,indoor,"dressing_room, boxing_ring, ballroom, museum/indoor, martial_arts_gym",23584
3887,93288,indoor,"museum/indoor, television_studio, ballroom, music_studio, stage/indoor",23584
3888,93312,indoor,"museum/indoor, boxing_ring, clean_room, martial_arts_gym, ballroom",23584
3889,93336,indoor,"museum/indoor, shower, swimming_pool/indoor, bathroom, art_gallery",23584
3890,93360,indoor,"museum/indoor, art_gallery, ballroom, discotheque, iceberg",23584
3891,93384,indoor,"museum/indoor, shower, clean_room, airport_terminal, ballroom",23584
3892,93408,outdoor,"museum/indoor, iceberg, ice_shelf, fountain, ice_floe",23584
3893,93432,indoor,"museum/indoor, dressing_room, art_gallery, locker_room, elevator_lobby",23584
3894,93456,indoor,"dressing_room, museum/indoor, discotheque, art_gallery, locker_room",23584
3895,93480,indoor,"museum/indoor, dressing_room, art_gallery, locker_room, elevator_lobby",23584
3896,93504,indoor,"discotheque, ballroom, martial_arts_gym, bowling_alley, locker_room",23584
3897,93528,indoor,"museum/indoor, beauty_salon, art_gallery, iceberg, dressing_room",23584
3898,93552,indoor,"museum/indoor, beauty_salon, dressing_room, bowling_alley, ballroom",23584
3899,93576,indoor,"discotheque, ballroom, stage/indoor, dressing_room, beauty_salon",23584
3900,93600,indoor,"martial_arts_gym, ballroom, gymnasium/indoor, shower, airport_terminal",23584
3901,93624,indoor,"ballroom, shower, clean_room, airport_terminal, discotheque",23584
3902,93648,indoor,"museum/indoor, ballroom, discotheque, swimming_pool/indoor, fountain",23584
3903,93672,indoor,"boxing_ring, martial_arts_gym, gymnasium/indoor, museum/indoor, ballroom",23584
3904,93696,indoor,"dressing_room, clean_room, operating_room, museum/indoor, hospital_room",23584
3905,93720,indoor,"dressing_room, banquet_hall, beauty_salon, clean_room, restaurant",23584
3906,93744,indoor,"museum/indoor, dressing_room, clean_room, shoe_shop, science_museum",23584
3907,93768,indoor,"museum/indoor, dressing_room, clean_room, science_museum, ballroom",23584
3908,93792,indoor,"dressing_room, museum/indoor, clean_room, science_museum, clothing_store",23584
3909,93816,indoor,"dressing_room, museum/indoor, clean_room, restaurant, science_museum",23584
3910,93840,indoor,"beauty_salon, clean_room, chemistry_lab, office, biology_laboratory",23584
3911,93864,indoor,"beauty_salon, chemistry_lab, biology_laboratory, clean_room, music_studio",23584
3912,93888,indoor,"beauty_salon, music_studio, clean_room, chemistry_lab, biology_laboratory",23584
3913,93912,indoor,"shower, hospital_room, jail_cell, music_studio, operating_room",23584
3914,93936,indoor,"museum/indoor, shower, tower, elevator/door, art_gallery",23584
3915,93960,indoor,"museum/indoor, shoe_shop, dressing_room, science_museum, boxing_ring",23584
3916,93984,indoor,"boxing_ring, dressing_room, museum/indoor, beauty_salon, martial_arts_gym",23584
3917,94008,indoor,"dressing_room, bedroom, museum/indoor, sauna, hospital_room",23584
3918,94032,indoor,"shower, museum/indoor, clean_room, art_gallery, music_studio",23584
3919,94056,indoor,"museum/indoor, art_gallery, church/indoor, stage/indoor, ballroom",23584
3920,94080,indoor,"dressing_room, clean_room, operating_room, hospital_room, beauty_salon",23584
3921,94104,indoor,"clean_room, dressing_room, operating_room, museum/indoor, music_studio",23584
3922,94128,indoor,"museum/indoor, clean_room, dressing_room, stage/indoor, music_studio",23584
3923,94152,indoor,"museum/indoor, science_museum, clean_room, beauty_salon, natural_history_museum",23584
3924,94176,indoor,"museum/indoor, beauty_salon, clean_room, operating_room, science_museum",23584
3925,94200,indoor,"museum/indoor, archive, art_gallery, conference_center, beauty_salon",23584
3926,94224,indoor,"museum/indoor, archive, conference_center, art_gallery, courthouse",23584
3927,94248,indoor,"clean_room, museum/indoor, operating_room, hospital_room, dressing_room",23584
3928,94272,indoor,"museum/indoor, clean_room, beauty_salon, ballroom, stage/indoor",23584
3929,94296,indoor,"museum/indoor, beauty_salon, clean_room, music_studio, ballroom",23584
3930,94320,indoor,"ballroom, banquet_hall, museum/indoor, beauty_salon, dressing_room",23584
3931,94344,indoor,"hospital_room, operating_room, ballroom, clean_room, banquet_hall",23584
3932,94368,indoor,"restaurant, banquet_hall, dressing_room, discotheque, clean_room",23584
3933,94392,indoor,"dressing_room, clean_room, museum/indoor, music_studio, chemistry_lab",23584
3934,94416,indoor,"clean_room, music_studio, discotheque, stage/indoor, museum/indoor",23584
3935,94440,indoor,"museum/indoor, discotheque, stage/indoor, bar, archive",23584
3936,94464,indoor,"museum/indoor, chemistry_lab, bar, clean_room, beauty_salon",23584
3937,94488,indoor,"clean_room, chemistry_lab, discotheque, bar, stage/indoor",23584
3938,94512,indoor,"museum/indoor, beauty_salon, department_store, clean_room, science_museum",23584
3939,94536,indoor,"museum/indoor, beauty_salon, drugstore, department_store, archive",23584
3940,94560,indoor,"museum/indoor, beauty_salon, clean_room, archive, drugstore",23584
3941,94584,indoor,"clean_room, discotheque, chemistry_lab, bar, museum/indoor",23584
3942,94608,indoor,"clean_room, chemistry_lab, museum/indoor, bar, biology_laboratory",23584
3943,94632,indoor,"museum/indoor, clean_room, stage/indoor, chemistry_lab, discotheque",23584
3944,94656,indoor,"clean_room, museum/indoor, nursery, dressing_room, clothing_store",23584
3945,94680,indoor,"clean_room, museum/indoor, nursery, banquet_hall, dressing_room",23584
3946,94704,indoor,"clean_room, museum/indoor, dressing_room, chemistry_lab, archive",23584
3947,94728,indoor,"clean_room, chemistry_lab, dressing_room, museum/indoor, physics_laboratory",23584
3948,94752,indoor,"chemistry_lab, clean_room, museum/indoor, archive, biology_laboratory",23584
3949,94776,indoor,"clean_room, chemistry_lab, museum/indoor, discotheque, stage/indoor",23584
3950,94800,indoor,"locker_room, music_studio, archive, museum/indoor, stage/indoor",23584
3951,94824,indoor,"museum/indoor, archive, science_museum, beauty_salon, conference_center",23584
3952,94848,indoor,"museum/indoor, archive, science_museum, beauty_salon, department_store",23584
3953,94872,indoor,"museum/indoor, beauty_salon, archive, science_museum, drugstore",23584
3954,94896,indoor,"clean_room, archive, music_studio, museum/indoor, stage/indoor",23584
3955,94920,indoor,"museum/indoor, stage/indoor, music_studio, discotheque, clean_room",23584
3956,94944,indoor,"museum/indoor, clean_room, archive, music_studio, science_museum",23584
3957,94968,indoor,"museum/indoor, science_museum, archive, natural_history_museum, beauty_salon",23584
3958,94992,indoor,"museum/indoor, science_museum, archive, natural_history_museum, department_store",23584
3959,95016,indoor,"museum/indoor, science_museum, archive, natural_history_museum, airport_terminal",23584
3960,95040,indoor,"museum/indoor, science_museum, archive, natural_history_museum, beauty_salon",23584
3961,95064,indoor,"museum/indoor, archive, science_museum, natural_history_museum, clean_room",23584
3962,95088,indoor,"museum/indoor, archive, science_museum, natural_history_museum, bookstore",23584
3963,95112,indoor,"museum/indoor, clean_room, archive, science_museum, stage/indoor",23584
3964,95136,indoor,"museum/indoor, archive, clean_room, science_museum, stage/indoor",23584
3965,95160,indoor,"museum/indoor, science_museum, natural_history_museum, department_store, clothing_store",23584
3966,95184,indoor,"museum/indoor, science_museum, archive, natural_history_museum, department_store",23584
3967,95208,indoor,"museum/indoor, science_museum, archive, natural_history_museum, clean_room",23584
3968,95232,indoor,"museum/indoor, clean_room, science_museum, clothing_store, art_gallery",23584
3969,95256,indoor,"museum/indoor, archive, clean_room, beauty_salon, discotheque",23584
3970,95280,indoor,"clean_room, museum/indoor, archive, stage/indoor, discotheque",23584
3971,95304,indoor,"clean_room, museum/indoor, operating_room, hospital_room, archive",23584
3972,95328,indoor,"clean_room, museum/indoor, science_museum, clothing_store, stage/indoor",23584
3973,95352,indoor,"clean_room, museum/indoor, archive, martial_arts_gym, locker_room",23584
3974,95376,indoor,"museum/indoor, stage/indoor, archive, clean_room, music_studio",23584
3975,95400,indoor,"museum/indoor, bow_window/indoor, stage/indoor, science_museum, art_gallery",23584
3976,95424,indoor,"museum/indoor, science_museum, bar, stage/indoor, shower",23584
3977,95448,indoor,"clean_room, museum/indoor, stage/indoor, clothing_store, bar",23584
3978,95472,indoor,"clean_room, museum/indoor, archive, shower, hospital_room",23584
3979,95496,indoor,"clean_room, archive, chemistry_lab, hospital_room, museum/indoor",23584
3980,95520,indoor,"clean_room, clothing_store, dressing_room, museum/indoor, discotheque",23584
3981,95544,indoor,"clean_room, museum/indoor, science_museum, chemistry_lab, bar",23584
3982,95568,indoor,"clean_room, science_museum, museum/indoor, clothing_store, shower",23584
3983,95592,indoor,"jacuzzi/indoor, bathroom, shower, swimming_pool/indoor, museum/indoor",23584
3984,95616,indoor,"banquet_hall, restaurant, dining_room, bathroom, dressing_room",23584
3985,95640,indoor,"shower, bathroom, dressing_room, art_gallery, banquet_hall",23584
3986,95664,indoor,"atrium/public, server_room, lobby, bow_window/indoor, elevator_lobby",23584
3987,95688,indoor,"locker_room, server_room, atrium/public, clean_room, archive",23584
3988,95712,indoor,"museum/indoor, bow_window/indoor, clean_room, locker_room, artists_loft",23584
3989,95736,indoor,"bow_window/indoor, museum/indoor, lobby, atrium/public, archive",23584
3990,95760,indoor,"bow_window/indoor, museum/indoor, clean_room, archive, atrium/public",23584
3991,95784,indoor,"archive, classroom, server_room, coffee_shop, clean_room",23584
3992,95808,indoor,"balcony/interior, staircase, locker_room, patio, jail_cell",23584
3993,95832,indoor,"museum/indoor, archive, clean_room, locker_room, elevator/door",23584
3994,95856,indoor,"museum/indoor, elevator_lobby, archive, clean_room, elevator/door",23584
3995,95880,indoor,"museum/indoor, clean_room, atrium/public, elevator/door, locker_room",23584
3996,95904,indoor,"museum/indoor, archive, locker_room, clean_room, elevator_lobby",23584
3997,95928,indoor,"dressing_room, clothing_store, banquet_hall, jewelry_shop, bar",23584
3998,95952,indoor,"banquet_hall, dressing_room, restaurant, bar, clothing_store",23584
3999,95976,indoor,"bathroom, shower, dressing_room, restaurant, bar",23584
4000,96000,indoor,"museum/indoor, bow_window/indoor, artists_loft, natural_history_museum, elevator_lobby",23584
4001,96024,indoor,"atrium/public, museum/indoor, elevator_lobby, shopping_mall/indoor, lobby",23584
4002,96048,indoor,"restaurant, banquet_hall, cafeteria, dining_hall, dining_room",23584
4003,96072,indoor,"clean_room, clothing_store, dressing_room, department_store, supermarket",23584
4004,96096,indoor,"clean_room, operating_room, clothing_store, museum/indoor, banquet_hall",23584
4005,96120,indoor,"clean_room, hospital_room, operating_room, beauty_salon, chemistry_lab",23584
4006,96144,indoor,"clean_room, museum/indoor, operating_room, hospital_room, department_store",23584
4007,96168,indoor,"clean_room, museum/indoor, banquet_hall, archive, operating_room",23584
4008,96192,indoor,"clean_room, music_studio, beauty_salon, bar, archive",23584
4009,96216,indoor,"clean_room, operating_room, archive, music_studio, bar",23584
4010,96240,indoor,"clean_room, restaurant, bar, cafeteria, banquet_hall",23584
4011,96264,indoor,"bar, music_studio, museum/indoor, television_studio, banquet_hall",23584
4012,96288,indoor,"museum/indoor, music_studio, beauty_salon, dressing_room, clean_room",23584
4013,96312,indoor,"banquet_hall, dining_room, dining_hall, restaurant, dressing_room",23584
4014,96336,indoor,"clean_room, museum/indoor, music_studio, archive, bar",23584
4015,96360,indoor,"clean_room, bar, museum/indoor, beauty_salon, music_studio",23584
4016,96384,indoor,"clean_room, museum/indoor, beauty_salon, shoe_shop, archive",23584
4017,96408,indoor,"clean_room, museum/indoor, clothing_store, beauty_salon, bar",23584
4018,96432,indoor,"clean_room, music_studio, discotheque, beauty_salon, assembly_line",23584
4019,96456,indoor,"clean_room, music_studio, operating_room, discotheque, beauty_salon",23584
4020,96480,indoor,"clean_room, beauty_salon, music_studio, bar, discotheque",23584
4021,96504,indoor,"clean_room, clothing_store, shoe_shop, beauty_salon, discotheque",23584
4022,96528,indoor,"clean_room, music_studio, discotheque, museum/indoor, stage/indoor",23584
4023,96552,indoor,"clean_room, assembly_line, beauty_salon, music_studio, auto_factory",23584
4024,96576,indoor,"clean_room, assembly_line, beauty_salon, operating_room, museum/indoor",23584
4025,96600,indoor,"clean_room, museum/indoor, beauty_salon, clothing_store, shoe_shop",23584
4026,96624,indoor,"clean_room, operating_room, beauty_salon, clothing_store, museum/indoor",23584
4027,96648,indoor,"clean_room, operating_room, discotheque, beauty_salon, bar",23584
4028,96672,indoor,"clean_room, beauty_salon, hospital_room, operating_room, television_studio",23584
4029,96696,indoor,"clean_room, museum/indoor, beauty_salon, archive, drugstore",23584
4030,96720,indoor,"beauty_salon, clean_room, stage/indoor, archive, museum/indoor",23584
4031,96744,indoor,"museum/indoor, archive, clean_room, stage/indoor, beauty_salon",23584
4032,96768,indoor,"clean_room, beauty_salon, bar, chemistry_lab, drugstore",23584
4033,96792,indoor,"beauty_salon, archive, clean_room, museum/indoor, music_studio",23584
4034,96816,indoor,"beauty_salon, bar, dressing_room, chemistry_lab, clean_room",23584
4035,96840,indoor,"clean_room, beauty_salon, bar, dressing_room, chemistry_lab",23584
4036,96864,indoor,"beauty_salon, music_studio, clean_room, shoe_shop, discotheque",23584
4037,96888,indoor,"stage/indoor, discotheque, music_studio, bar, shoe_shop",23584
4038,96912,indoor,"dressing_room, clean_room, nursery, clothing_store, art_studio",23584
4039,96936,indoor,"clean_room, archive, bar, discotheque, music_studio",23584
4040,96960,indoor,"beauty_salon, clean_room, museum/indoor, dressing_room, bar",23584
4041,96984,indoor,"beauty_salon, clean_room, bar, discotheque, drugstore",23584
4042,97008,indoor,"clean_room, nursery, beauty_salon, hospital_room, dressing_room",23584
4043,97032,indoor,"clean_room, dressing_room, nursery, hospital_room, operating_room",23584
4044,97056,indoor,"clean_room, nursery, dressing_room, hospital_room, operating_room",23584
4045,97080,indoor,"clean_room, chemistry_lab, biology_laboratory, pharmacy, drugstore",23584
4046,97104,indoor,"clean_room, chemistry_lab, museum/indoor, science_museum, physics_laboratory",23584
4047,97128,indoor,"clean_room, chemistry_lab, science_museum, museum/indoor, biology_laboratory",23584
4048,97152,indoor,"clean_room, chemistry_lab, biology_laboratory, museum/indoor, physics_laboratory",23584
4049,97176,indoor,"clean_room, chemistry_lab, biology_laboratory, museum/indoor, science_museum",23584
4050,97200,indoor,"clean_room, chemistry_lab, biology_laboratory, museum/indoor, science_museum",23584
4051,97224,indoor,"clean_room, chemistry_lab, biology_laboratory, museum/indoor, science_museum",23584
4052,97248,indoor,"clean_room, chemistry_lab, museum/indoor, science_museum, physics_laboratory",23584
4053,97272,indoor,"clean_room, chemistry_lab, museum/indoor, biology_laboratory, science_museum",23584
4054,97296,indoor,"clean_room, chemistry_lab, biology_laboratory, science_museum, museum/indoor",23584
4055,97320,indoor,"clean_room, chemistry_lab, biology_laboratory, physics_laboratory, science_museum",23584
4056,97344,indoor,"clean_room, museum/indoor, chemistry_lab, science_museum, biology_laboratory",23584
4057,97368,indoor,"clean_room, chemistry_lab, biology_laboratory, museum/indoor, physics_laboratory",23584
4058,97392,indoor,"clean_room, chemistry_lab, museum/indoor, science_museum, biology_laboratory",23584
4059,97416,indoor,"chemistry_lab, clean_room, museum/indoor, biology_laboratory, stage/indoor",23584
4060,97440,indoor,"clean_room, chemistry_lab, biology_laboratory, operating_room, clothing_store",23584
4061,97464,indoor,"dressing_room, clean_room, museum/indoor, stage/indoor, music_studio",23584
4062,97488,indoor,"museum/indoor, clean_room, dressing_room, chemistry_lab, jewelry_shop",23584
4063,97512,indoor,"museum/indoor, music_studio, clean_room, chemistry_lab, dressing_room",23584
4064,97536,indoor,"dressing_room, clean_room, chemistry_lab, music_studio, museum/indoor",23584
4065,97560,indoor,"chemistry_lab, biology_laboratory, bar, clean_room, physics_laboratory",23584
4066,97584,indoor,"chemistry_lab, biology_laboratory, bar, clean_room, physics_laboratory",23584
4067,97608,indoor,"chemistry_lab, biology_laboratory, clean_room, bar, physics_laboratory",23584
4068,97632,indoor,"chemistry_lab, biology_laboratory, clean_room, bar, physics_laboratory",23584
4069,97656,indoor,"chemistry_lab, biology_laboratory, beauty_salon, bar, clean_room",23584
4070,97680,indoor,"chemistry_lab, biology_laboratory, clean_room, physics_laboratory, bar",23584
4071,97704,indoor,"chemistry_lab, clean_room, dressing_room, physics_laboratory, biology_laboratory",23584
4072,97728,indoor,"chemistry_lab, biology_laboratory, bar, clean_room, physics_laboratory",23584
4073,97752,indoor,"chemistry_lab, bar, biology_laboratory, physics_laboratory, clean_room",23584
4074,97776,indoor,"chemistry_lab, biology_laboratory, clean_room, bar, physics_laboratory",23584
4075,97800,indoor,"chemistry_lab, bar, biology_laboratory, physics_laboratory, clean_room",23584
4076,97824,indoor,"chemistry_lab, clean_room, physics_laboratory, biology_laboratory, bar",23584
4077,97848,indoor,"chemistry_lab, museum/indoor, beauty_salon, clean_room, biology_laboratory",23584
4078,97872,indoor,"museum/indoor, clean_room, chemistry_lab, beauty_salon, biology_laboratory",23584
4079,97896,indoor,"museum/indoor, chemistry_lab, beauty_salon, clean_room, science_museum",23584
4080,97920,indoor,"museum/indoor, chemistry_lab, beauty_salon, clean_room, biology_laboratory",23584
4081,97944,indoor,"chemistry_lab, clean_room, beauty_salon, biology_laboratory, museum/indoor",23584
4082,97968,indoor,"chemistry_lab, museum/indoor, beauty_salon, clean_room, biology_laboratory",23584
4083,97992,indoor,"chemistry_lab, clean_room, physics_laboratory, biology_laboratory, jewelry_shop",23584
4084,98016,indoor,"chemistry_lab, dressing_room, physics_laboratory, museum/indoor, bar",23584
4085,98040,indoor,"chemistry_lab, physics_laboratory, biology_laboratory, clean_room, bar",23584
4086,98064,indoor,"chemistry_lab, physics_laboratory, bar, clean_room, biology_laboratory",23584
4087,98088,indoor,"chemistry_lab, physics_laboratory, clean_room, bar, biology_laboratory",23584
4088,98112,indoor,"chemistry_lab, physics_laboratory, bar, clean_room, biology_laboratory",23584
4089,98136,indoor,"chemistry_lab, bar, physics_laboratory, clean_room, biology_laboratory",23584
4090,98160,indoor,"chemistry_lab, physics_laboratory, biology_laboratory, bar, clean_room",23584
4091,98184,indoor,"chemistry_lab, jewelry_shop, bar, clean_room, physics_laboratory",23584
4092,98208,indoor,"chemistry_lab, clean_room, physics_laboratory, biology_laboratory, bar",23584
4093,98232,indoor,"chemistry_lab, bar, physics_laboratory, biology_laboratory, clean_room",23584
4094,98256,indoor,"chemistry_lab, clean_room, biology_laboratory, physics_laboratory, bar",23584
4095,98280,indoor,"chemistry_lab, bar, physics_laboratory, clean_room, biology_laboratory",23584
4096,98304,indoor,"chemistry_lab, bar, biology_laboratory, physics_laboratory, clean_room",23584
4097,98328,indoor,"chemistry_lab, bar, biology_laboratory, physics_laboratory, clean_room",23584
4098,98352,indoor,"chemistry_lab, bar, biology_laboratory, jewelry_shop, restaurant",23584
4099,98376,indoor,"chemistry_lab, biology_laboratory, bar, clean_room, physics_laboratory",23584
4100,98400,indoor,"chemistry_lab, bar, physics_laboratory, biology_laboratory, music_studio",23584
4101,98424,indoor,"chemistry_lab, biology_laboratory, physics_laboratory, bar, clean_room",23584
4102,98448,indoor,"chemistry_lab, clean_room, physics_laboratory, biology_laboratory, museum/indoor",23584
4103,98472,indoor,"chemistry_lab, bar, physics_laboratory, biology_laboratory, clean_room",23584
4104,98496,indoor,"chemistry_lab, bar, biology_laboratory, physics_laboratory, clean_room",23584
4105,98520,indoor,"chemistry_lab, bar, physics_laboratory, biology_laboratory, music_studio",23584
4106,98544,indoor,"chemistry_lab, biology_laboratory, physics_laboratory, bar, clean_room",23584
4107,98568,indoor,"chemistry_lab, music_studio, bar, physics_laboratory, biology_laboratory",23584
4108,98592,indoor,"chemistry_lab, bar, physics_laboratory, music_studio, clean_room",23584
4109,98616,indoor,"chemistry_lab, bar, physics_laboratory, clean_room, museum/indoor",23584
4110,98640,indoor,"chemistry_lab, music_studio, clean_room, physics_laboratory, biology_laboratory",23584
4111,98664,indoor,"chemistry_lab, music_studio, stage/indoor, clean_room, museum/indoor",23584
4112,98688,indoor,"chemistry_lab, biology_laboratory, museum/indoor, beauty_salon, clean_room",23584
4113,98712,indoor,"chemistry_lab, biology_laboratory, beauty_salon, clean_room, museum/indoor",23584
4114,98736,indoor,"chemistry_lab, museum/indoor, biology_laboratory, clean_room, beauty_salon",23584
4115,98760,indoor,"chemistry_lab, clean_room, museum/indoor, biology_laboratory, beauty_salon",23584
4116,98784,indoor,"chemistry_lab, clean_room, biology_laboratory, museum/indoor, beauty_salon",23584
4117,98808,indoor,"chemistry_lab, clean_room, physics_laboratory, biology_laboratory, bar",23584
4118,98832,indoor,"chemistry_lab, physics_laboratory, clean_room, biology_laboratory, bar",23584
4119,98856,indoor,"chemistry_lab, clean_room, museum/indoor, biology_laboratory, music_studio",23584
4120,98880,indoor,"chemistry_lab, museum/indoor, clean_room, biology_laboratory, physics_laboratory",23584
4121,98904,indoor,"chemistry_lab, biology_laboratory, museum/indoor, physics_laboratory, clean_room",23584
4122,98928,indoor,"chemistry_lab, physics_laboratory, bar, museum/indoor, clean_room",23584
4123,98952,indoor,"chemistry_lab, physics_laboratory, bar, clean_room, biology_laboratory",23584
4124,98976,indoor,"chemistry_lab, physics_laboratory, bar, clean_room, biology_laboratory",23584
4125,99000,indoor,"chemistry_lab, bar, clean_room, physics_laboratory, biology_laboratory",23584
4126,99024,indoor,"chemistry_lab, bar, physics_laboratory, clean_room, biology_laboratory",23584
4127,99048,indoor,"chemistry_lab, bar, physics_laboratory, clean_room, biology_laboratory",23584
4128,99072,indoor,"chemistry_lab, bar, physics_laboratory, clean_room, biology_laboratory",23584
4129,99096,indoor,"chemistry_lab, bar, physics_laboratory, clean_room, biology_laboratory",23584
4130,99120,indoor,"chemistry_lab, clean_room, biology_laboratory, physics_laboratory, bar",23584
4131,99144,indoor,"chemistry_lab, clean_room, physics_laboratory, bar, biology_laboratory",23584
4132,99168,indoor,"chemistry_lab, bar, physics_laboratory, clean_room, biology_laboratory",23584
4133,99192,indoor,"chemistry_lab, bar, clean_room, physics_laboratory, biology_laboratory",23584
4134,99216,indoor,"chemistry_lab, bar, physics_laboratory, clean_room, biology_laboratory",23584
4135,99240,indoor,"chemistry_lab, bar, biology_laboratory, physics_laboratory, clean_room",23584
4136,99264,indoor,"chemistry_lab, bar, physics_laboratory, clean_room, biology_laboratory",23584
4137,99288,indoor,"chemistry_lab, bar, physics_laboratory, biology_laboratory, clean_room",23584
4138,99312,indoor,"chemistry_lab, bar, physics_laboratory, biology_laboratory, clean_room",23584
4139,99336,indoor,"chemistry_lab, bar, clean_room, physics_laboratory, biology_laboratory",23584
4140,99360,indoor,"chemistry_lab, bar, physics_laboratory, clean_room, biology_laboratory",23584
4141,99384,indoor,"chemistry_lab, museum/indoor, physics_laboratory, biology_laboratory, bar",23584
4142,99408,indoor,"chemistry_lab, biology_laboratory, physics_laboratory, clean_room, bar",23584
4143,99432,indoor,"chemistry_lab, biology_laboratory, bar, physics_laboratory, clean_room",23584
4144,99456,indoor,"chemistry_lab, biology_laboratory, bar, physics_laboratory, clean_room",23584
4145,99480,indoor,"chemistry_lab, biology_laboratory, bar, physics_laboratory, clean_room",23584
4146,99504,indoor,"chemistry_lab, bar, biology_laboratory, physics_laboratory, clean_room",23584
4147,99528,indoor,"chemistry_lab, bar, biology_laboratory, physics_laboratory, clean_room",23584
4148,99552,indoor,"chemistry_lab, bar, biology_laboratory, physics_laboratory, clean_room",23584
4149,99576,indoor,"chemistry_lab, bar, physics_laboratory, biology_laboratory, clean_room",23584
4150,99600,indoor,"chemistry_lab, museum/indoor, beauty_salon, clean_room, biology_laboratory",23584
4151,99624,indoor,"chemistry_lab, biology_laboratory, beauty_salon, drugstore, bar",23584
4152,99648,indoor,"chemistry_lab, biology_laboratory, beauty_salon, clean_room, drugstore",23584
4153,99672,indoor,"chemistry_lab, biology_laboratory, beauty_salon, clean_room, drugstore",23584
4154,99696,indoor,"chemistry_lab, physics_laboratory, clean_room, biology_laboratory, bar",23584
4155,99720,indoor,"chemistry_lab, clean_room, physics_laboratory, biology_laboratory, bar",23584
4156,99744,indoor,"chemistry_lab, physics_laboratory, bar, biology_laboratory, clean_room",23584
4157,99768,indoor,"chemistry_lab, physics_laboratory, clean_room, biology_laboratory, bar",23584
4158,99792,indoor,"clean_room, museum/indoor, jewelry_shop, chemistry_lab, clothing_store",23584
4159,99816,indoor,"dressing_room, jewelry_shop, clothing_store, museum/indoor, clean_room",23584
4160,99840,indoor,"dressing_room, clean_room, museum/indoor, clothing_store, bow_window/indoor",23584
4161,99864,indoor,"chemistry_lab, clean_room, biology_laboratory, bar, physics_laboratory",23584
4162,99888,indoor,"chemistry_lab, bar, biology_laboratory, clean_room, dressing_room",23584
4163,99912,indoor,"chemistry_lab, dressing_room, bar, biology_laboratory, clean_room",23584
4164,99936,indoor,"chemistry_lab, biology_laboratory, bar, clean_room, physics_laboratory",23584
4165,99960,indoor,"chemistry_lab, bar, biology_laboratory, clean_room, physics_laboratory",23584
4166,99984,indoor,"chemistry_lab, physics_laboratory, bar, clean_room, biology_laboratory",23584
4167,100008,indoor,"chemistry_lab, bar, clean_room, physics_laboratory, biology_laboratory",23584
4168,100032,indoor,"chemistry_lab, biology_laboratory, physics_laboratory, bar, clean_room",23584
4169,100056,indoor,"chemistry_lab, clean_room, biology_laboratory, physics_laboratory, bar",23584
4170,100080,indoor,"chemistry_lab, physics_laboratory, clean_room, biology_laboratory, bar",23584
4171,100104,indoor,"chemistry_lab, beauty_salon, biology_laboratory, clean_room, drugstore",23584
4172,100128,indoor,"chemistry_lab, beauty_salon, clean_room, biology_laboratory, dressing_room",23584
4173,100152,indoor,"chemistry_lab, dressing_room, clean_room, physics_laboratory, bar",23584
4174,100176,indoor,"chemistry_lab, dressing_room, clean_room, bar, physics_laboratory",23584
4175,100200,indoor,"chemistry_lab, clean_room, biology_laboratory, physics_laboratory, bar",23584
4176,100224,indoor,"chemistry_lab, clean_room, physics_laboratory, biology_laboratory, bar",23584
4177,100248,indoor,"chemistry_lab, physics_laboratory, music_studio, clean_room, museum/indoor",23584
4178,100272,indoor,"chemistry_lab, museum/indoor, physics_laboratory, music_studio, bar",23584
4179,100296,indoor,"chemistry_lab, clean_room, physics_laboratory, museum/indoor, biology_laboratory",23584
4180,100320,indoor,"clean_room, music_studio, archive, museum/indoor, stage/indoor",23584
4181,100344,indoor,"archive, clean_room, museum/indoor, bookstore, drugstore",23584
4182,100368,indoor,"clean_room, museum/indoor, archive, music_studio, science_museum",23584
4183,100392,indoor,"archive, museum/indoor, bookstore, science_museum, clean_room",23584
4184,100416,indoor,"archive, clean_room, museum/indoor, bookstore, science_museum",23584
4185,100440,indoor,"clean_room, chemistry_lab, museum/indoor, biology_laboratory, stage/indoor",23584
4186,100464,indoor,"chemistry_lab, clean_room, biology_laboratory, beauty_salon, museum/indoor",23584
4187,100488,indoor,"chemistry_lab, clean_room, biology_laboratory, beauty_salon, drugstore",23584
4188,100512,indoor,"chemistry_lab, clean_room, biology_laboratory, museum/indoor, archive",23584
4189,100536,indoor,"chemistry_lab, clean_room, biology_laboratory, beauty_salon, museum/indoor",23584
4190,100560,indoor,"chemistry_lab, biology_laboratory, bar, clean_room, physics_laboratory",23584
4191,100584,indoor,"chemistry_lab, biology_laboratory, bar, clean_room, physics_laboratory",23584
4192,100608,indoor,"chemistry_lab, bar, biology_laboratory, physics_laboratory, clean_room",23584
4193,100632,indoor,"chemistry_lab, biology_laboratory, bar, clean_room, physics_laboratory",23584
4194,100656,indoor,"chemistry_lab, clean_room, biology_laboratory, bar, physics_laboratory",23584
4195,100680,indoor,"chemistry_lab, bar, physics_laboratory, biology_laboratory, clean_room",23584
4196,100704,indoor,"chemistry_lab, clean_room, biology_laboratory, physics_laboratory, bar",23584
4197,100728,indoor,"chemistry_lab, clean_room, biology_laboratory, physics_laboratory, bar",23584
4198,100752,indoor,"chemistry_lab, biology_laboratory, clean_room, physics_laboratory, bar",23584
4199,100776,indoor,"chemistry_lab, biology_laboratory, clean_room, bar, physics_laboratory",23584
4200,100800,indoor,"chemistry_lab, bar, biology_laboratory, physics_laboratory, restaurant",23584
4201,100824,indoor,"chemistry_lab, clean_room, biology_laboratory, museum/indoor, jewelry_shop",23584
4202,100848,indoor,"chemistry_lab, clean_room, biology_laboratory, jewelry_shop, museum/indoor",23584
4203,100872,indoor,"chemistry_lab, clean_room, biology_laboratory, physics_laboratory, museum/indoor",23584
4204,100896,indoor,"chemistry_lab, clean_room, biology_laboratory, physics_laboratory, bar",23584
4205,100920,indoor,"chemistry_lab, clean_room, biology_laboratory, bar, museum/indoor",23584
4206,100944,indoor,"chemistry_lab, clean_room, biology_laboratory, bar, dressing_room",23584
4207,100968,indoor,"chemistry_lab, bar, biology_laboratory, physics_laboratory, clean_room",23584
4208,100992,indoor,"chemistry_lab, bar, physics_laboratory, restaurant, biology_laboratory",23584
4209,101016,indoor,"chemistry_lab, bar, biology_laboratory, clean_room, physics_laboratory",23584
4210,101040,indoor,"chemistry_lab, bar, physics_laboratory, clean_room, biology_laboratory",23584
4211,101064,indoor,"chemistry_lab, bar, clean_room, biology_laboratory, physics_laboratory",23584
4212,101088,indoor,"chemistry_lab, bar, biology_laboratory, physics_laboratory, clean_room",23584
4213,101112,indoor,"chemistry_lab, bar, biology_laboratory, clean_room, physics_laboratory",23584
4214,101136,indoor,"chemistry_lab, bar, biology_laboratory, clean_room, music_studio",23584
4215,101160,indoor,"chemistry_lab, biology_laboratory, clean_room, bar, music_studio",23584
4216,101184,indoor,"chemistry_lab, clean_room, biology_laboratory, beauty_salon, bar",23584
4217,101208,indoor,"chemistry_lab, clean_room, beauty_salon, biology_laboratory, bar",23584
4218,101232,indoor,"chemistry_lab, clean_room, biology_laboratory, beauty_salon, drugstore",23584
4219,101256,indoor,"chemistry_lab, biology_laboratory, clean_room, bar, physics_laboratory",23584
4220,101280,indoor,"chemistry_lab, biology_laboratory, clean_room, bar, physics_laboratory",23584
4221,101304,indoor,"chemistry_lab, biology_laboratory, clean_room, bar, physics_laboratory",23584
4222,101328,indoor,"chemistry_lab, bar, biology_laboratory, physics_laboratory, dressing_room",23584
4223,101352,indoor,"chemistry_lab, clean_room, biology_laboratory, beauty_salon, bar",23584
4224,101376,indoor,"chemistry_lab, clean_room, biology_laboratory, beauty_salon, bar",23584
4225,101400,indoor,"chemistry_lab, clean_room, biology_laboratory, beauty_salon, bar",23584
4226,101424,indoor,"chemistry_lab, bar, biology_laboratory, clean_room, physics_laboratory",23584
4227,101448,indoor,"chemistry_lab, clean_room, biology_laboratory, dressing_room, music_studio",23584
4228,101472,indoor,"chemistry_lab, clean_room, biology_laboratory, music_studio, museum/indoor",23584
4229,101496,indoor,"chemistry_lab, clean_room, biology_laboratory, music_studio, bar",23584
4230,101520,indoor,"chemistry_lab, bar, biology_laboratory, clean_room, physics_laboratory",23584
4231,101544,indoor,"chemistry_lab, clean_room, biology_laboratory, bar, physics_laboratory",23584
4232,101568,indoor,"chemistry_lab, clean_room, biology_laboratory, bar, physics_laboratory",23584
4233,101592,indoor,"chemistry_lab, clean_room, biology_laboratory, bar, physics_laboratory",23584
4234,101616,indoor,"chemistry_lab, bar, clean_room, biology_laboratory, physics_laboratory",23584
4235,101640,indoor,"chemistry_lab, bar, clean_room, biology_laboratory, physics_laboratory",23584
4236,101664,indoor,"chemistry_lab, biology_laboratory, clean_room, bar, physics_laboratory",23584
4237,101688,indoor,"chemistry_lab, bar, clean_room, biology_laboratory, physics_laboratory",23584
4238,101712,indoor,"chemistry_lab, bar, biology_laboratory, clean_room, physics_laboratory",23584
4239,101736,indoor,"chemistry_lab, clean_room, biology_laboratory, bar, physics_laboratory",23584
4240,101760,indoor,"chemistry_lab, clean_room, biology_laboratory, bar, physics_laboratory",23584
4241,101784,indoor,"chemistry_lab, biology_laboratory, beauty_salon, clean_room, dressing_room",23584
4242,101808,indoor,"chemistry_lab, biology_laboratory, clean_room, beauty_salon, physics_laboratory",23584
4243,101832,indoor,"chemistry_lab, bar, biology_laboratory, dressing_room, physics_laboratory",23584
4244,101856,indoor,"chemistry_lab, bar, clean_room, biology_laboratory, physics_laboratory",23584
4245,101880,indoor,"chemistry_lab, bar, clean_room, biology_laboratory, physics_laboratory",23584
4246,101904,indoor,"chemistry_lab, clean_room, biology_laboratory, museum/indoor, physics_laboratory",23584
4247,101928,indoor,"chemistry_lab, clean_room, biology_laboratory, museum/indoor, bar",23584
4248,101952,indoor,"chemistry_lab, beauty_salon, clean_room, biology_laboratory, bar",23584
4249,101976,indoor,"chemistry_lab, beauty_salon, clean_room, biology_laboratory, bar",23584
4250,102000,indoor,"chemistry_lab, clean_room, biology_laboratory, beauty_salon, bar",23584
4251,102024,indoor,"chemistry_lab, clean_room, biology_laboratory, beauty_salon, bar",23584
4252,102048,indoor,"chemistry_lab, museum/indoor, biology_laboratory, science_museum, clean_room",23584
4253,102072,indoor,"museum/indoor, science_museum, chemistry_lab, beauty_salon, archive",23584
4254,102096,indoor,"museum/indoor, science_museum, chemistry_lab, clean_room, conference_center",23584
4255,102120,indoor,"chemistry_lab, biology_laboratory, bar, clean_room, physics_laboratory",23584
4256,102144,indoor,"chemistry_lab, biology_laboratory, clean_room, bar, physics_laboratory",23584
4257,102168,indoor,"chemistry_lab, clean_room, biology_laboratory, bar, physics_laboratory",23584
4258,102192,indoor,"chemistry_lab, bar, biology_laboratory, clean_room, physics_laboratory",23584
4259,102216,indoor,"chemistry_lab, biology_laboratory, bar, clean_room, physics_laboratory",23584
4260,102240,indoor,"chemistry_lab, bar, biology_laboratory, clean_room, physics_laboratory",23584
4261,102264,indoor,"chemistry_lab, bar, restaurant, biology_laboratory, physics_laboratory",23584
4262,102288,indoor,"chemistry_lab, bar, biology_laboratory, restaurant, physics_laboratory",23584
4263,102312,indoor,"chemistry_lab, bar, biology_laboratory, physics_laboratory, clean_room",23584
4264,102336,indoor,"chemistry_lab, bar, biology_laboratory, physics_laboratory, clean_room",23584
4265,102360,indoor,"chemistry_lab, clean_room, music_studio, museum/indoor, stage/indoor",23584
4266,102384,indoor,"clean_room, chemistry_lab, music_studio, museum/indoor, biology_laboratory",23584
4267,102408,indoor,"chemistry_lab, clean_room, music_studio, museum/indoor, stage/indoor",23584
4268,102432,indoor,"chemistry_lab, clean_room, museum/indoor, music_studio, biology_laboratory",23584
4269,102456,indoor,"chemistry_lab, bar, biology_laboratory, clean_room, physics_laboratory",23584
4270,102480,indoor,"chemistry_lab, bar, biology_laboratory, clean_room, physics_laboratory",23584
4271,102504,indoor,"clean_room, archive, museum/indoor, operating_room, hospital_room",23584
4272,102528,indoor,"clean_room, archive, attic, bookstore, pharmacy",23584
4273,102552,indoor,"archive, museum/indoor, clean_room, bookstore, science_museum",23584
4274,102576,indoor,"archive, bookstore, clean_room, museum/indoor, science_museum",23584
4275,102600,indoor,"clean_room, archive, hospital_room, music_studio, bookstore",23584
4276,102624,indoor,"clean_room, archive, museum/indoor, music_studio, server_room",23584
4277,102648,indoor,"museum/indoor, clean_room, archive, music_studio, science_museum",23584
4278,102672,indoor,"archive, museum/indoor, bookstore, clean_room, science_museum",23584
4279,102696,indoor,"archive, museum/indoor, bookstore, science_museum, clean_room",23584
4280,102720,indoor,"archive, museum/indoor, bookstore, science_museum, department_store",23584
4281,102744,indoor,"archive, museum/indoor, bookstore, science_museum, natural_history_museum",23584
4282,102768,indoor,"museum/indoor, archive, science_museum, bookstore, natural_history_museum",23584
4283,102792,indoor,"clean_room, museum/indoor, archive, science_museum, music_studio",23584
4284,102816,indoor,"clean_room, archive, museum/indoor, science_museum, bookstore",23584
4285,102840,indoor,"museum/indoor, clean_room, archive, music_studio, stage/indoor",23584
4286,102864,indoor,"clean_room, music_studio, archive, locker_room, discotheque",23584
4287,102888,indoor,"server_room, clean_room, music_studio, archive, office",23584
4288,102912,indoor,"clean_room, museum/indoor, music_studio, archive, department_store",23584
4289,102936,indoor,"clean_room, music_studio, museum/indoor, archive, server_room",23584
4290,102960,indoor,"chemistry_lab, biology_laboratory, clean_room, beauty_salon, music_studio",23584
4291,102984,indoor,"chemistry_lab, clean_room, music_studio, biology_laboratory, beauty_salon",23584
4292,103008,indoor,"chemistry_lab, clean_room, biology_laboratory, beauty_salon, drugstore",23584
4293,103032,indoor,"chemistry_lab, clean_room, biology_laboratory, physics_laboratory, museum/indoor",23584
4294,103056,indoor,"archive, museum/indoor, art_gallery, natural_history_museum, science_museum",23584
4295,103080,indoor,"art_gallery, museum/indoor, archive, natural_history_museum, science_museum",23584
4296,103104,indoor,"art_gallery, museum/indoor, archive, natural_history_museum, science_museum",23584
4297,103128,indoor,"basement, art_gallery, shower, museum/indoor, server_room",23584
4298,103152,outdoor,"mosque/outdoor, oast_house, tower, church/outdoor, palace",23584
4299,103176,outdoor,"mosque/outdoor, church/outdoor, oast_house, tower, palace",23584
4300,103200,outdoor,"mosque/outdoor, oast_house, church/outdoor, tower, palace",23584
4301,103224,outdoor,"mosque/outdoor, church/outdoor, oast_house, tower, palace",23584
4302,103248,outdoor,"mosque/outdoor, oast_house, tower, church/outdoor, sky",23584
4303,103272,indoor,"clothing_store, museum/indoor, shower, art_gallery, wind_farm",23584
4304,103296,indoor,"bow_window/indoor, tower, skyscraper, artists_loft, museum/indoor",23584
4305,103320,outdoor,"bow_window/indoor, tower, skyscraper, wind_farm, water_tower",23584
4306,103344,outdoor,"bow_window/indoor, tower, skyscraper, wind_farm, water_tower",23584
4307,103368,outdoor,"tower, skyscraper, wind_farm, water_tower, construction_site",23584
4308,103392,outdoor,"art_gallery, ice_shelf, glacier, art_studio, iceberg",23584
4309,103416,indoor,"art_gallery, ice_shelf, art_studio, glacier, artists_loft",23584
4310,103440,indoor,"art_gallery, art_studio, museum/indoor, art_school, artists_loft",23584
4311,103464,outdoor,"tower, medina, mosque/outdoor, construction_site, church/outdoor",23584
4312,103488,indoor,"ice_shelf, art_gallery, art_studio, igloo, clean_room",23584
4313,103512,indoor,"shower, art_gallery, basement, skyscraper, museum/indoor",23584
4314,103536,outdoor,"tower, industrial_area, server_room, desert/vegetation, elevator/door",23584
4315,103560,outdoor,"tower, server_room, industrial_area, skyscraper, basement",23584
4316,103584,outdoor,"tower, industrial_area, basement, skyscraper, server_room",23584
4317,103608,outdoor,"tower, industrial_area, skyscraper, server_room, construction_site",23584
4318,103632,outdoor,"tower, industrial_area, skyscraper, oilrig, server_room",23584
4319,103656,indoor,"shower, clean_room, bathroom, sauna, museum/indoor",23584
4320,103680,indoor,"clean_room, shower, sauna, bathroom, museum/indoor",23584
4321,103704,indoor,"shower, clean_room, bathroom, sauna, museum/indoor",23584
4322,103728,indoor,"clean_room, shower, museum/indoor, bathroom, sauna",23584
4323,103752,indoor,"clean_room, shower, museum/indoor, bathroom, sauna",23584
4324,103776,indoor,"clean_room, shower, chemistry_lab, museum/indoor, biology_laboratory",23584
4325,103800,indoor,"clean_room, shower, museum/indoor, chemistry_lab, biology_laboratory",23584
4326,103824,indoor,"clean_room, chemistry_lab, martial_arts_gym, hospital_room, dressing_room",23584
4327,103848,indoor,"clean_room, dressing_room, hospital_room, nursing_home, martial_arts_gym",23584
4328,103872,indoor,"clean_room, chemistry_lab, dressing_room, nursing_home, hospital_room",23584
4329,103896,indoor,"clean_room, science_museum, shower, chemistry_lab, museum/indoor",23584
4330,103920,indoor,"clean_room, chemistry_lab, science_museum, aquarium, shower",23584
4331,103944,indoor,"shower, science_museum, clean_room, aquarium, natural_history_museum",23584
4332,103968,indoor,"clean_room, science_museum, aquarium, museum/indoor, natural_history_museum",23584
4333,103992,indoor,"clean_room, dressing_room, chemistry_lab, locker_room, biology_laboratory",23584
4334,104016,indoor,"clean_room, dressing_room, museum/indoor, locker_room, chemistry_lab",23584
4335,104040,indoor,"clean_room, dressing_room, chemistry_lab, museum/indoor, locker_room",23584
4336,104064,indoor,"clean_room, chemistry_lab, dressing_room, locker_room, archive",23584
4337,104088,indoor,"clean_room, dressing_room, locker_room, museum/indoor, chemistry_lab",23584
4338,104112,indoor,"clean_room, chemistry_lab, dressing_room, archive, museum/indoor",23584
4339,104136,indoor,"clean_room, dressing_room, chemistry_lab, archive, locker_room",23584
4340,104160,indoor,"clean_room, shower, bathroom, sauna, museum/indoor",23584
4341,104184,indoor,"clean_room, shower, museum/indoor, bathroom, sauna",23584
4342,104208,indoor,"clean_room, museum/indoor, art_gallery, shower, bow_window/indoor",23584
4343,104232,indoor,"clean_room, shower, museum/indoor, bathroom, bow_window/indoor",23584
4344,104256,indoor,"clean_room, museum/indoor, shower, bow_window/indoor, art_gallery",23584
4345,104280,indoor,"clean_room, shower, chemistry_lab, museum/indoor, bathroom",23584
4346,104304,indoor,"clean_room, shower, museum/indoor, dressing_room, bathroom",23584
4347,104328,indoor,"clean_room, dressing_room, beauty_salon, shower, chemistry_lab",23584
4348,104352,indoor,"dressing_room, ballroom, lobby, museum/indoor, bow_window/indoor",23584
4349,104376,indoor,"clean_room, dressing_room, museum/indoor, locker_room, chemistry_lab",23584
4350,104400,indoor,"clean_room, dressing_room, locker_room, chemistry_lab, museum/indoor",23584
4351,104424,indoor,"clean_room, dressing_room, chemistry_lab, museum/indoor, locker_room",23584
4352,104448,indoor,"clean_room, chemistry_lab, hospital_room, operating_room, martial_arts_gym",23584
4353,104472,indoor,"clean_room, dressing_room, chemistry_lab, museum/indoor, martial_arts_gym",23584
4354,104496,indoor,"clean_room, dressing_room, chemistry_lab, operating_room, martial_arts_gym",23584
4355,104520,indoor,"clean_room, dressing_room, chemistry_lab, biology_laboratory, martial_arts_gym",23584
4356,104544,indoor,"museum/indoor, jewelry_shop, wet_bar, bow_window/indoor, lobby",23584
4357,104568,indoor,"museum/indoor, bow_window/indoor, sauna, dressing_room, shower",23584
4358,104592,indoor,"museum/indoor, bow_window/indoor, art_gallery, natural_history_museum, shower",23584
4359,104616,indoor,"museum/indoor, bow_window/indoor, shower, wet_bar, art_gallery",23584
4360,104640,indoor,"museum/indoor, bow_window/indoor, shower, natural_history_museum, sauna",23584
4361,104664,indoor,"museum/indoor, bow_window/indoor, shower, sauna, stage/indoor",23584
4362,104688,indoor,"museum/indoor, bow_window/indoor, natural_history_museum, science_museum, stage/indoor",23584
4363,104712,indoor,"museum/indoor, bow_window/indoor, natural_history_museum, science_museum, wet_bar",23584
4364,104736,indoor,"museum/indoor, bow_window/indoor, stage/indoor, wet_bar, church/indoor",23584
4365,104760,indoor,"museum/indoor, stage/indoor, bow_window/indoor, wet_bar, jewelry_shop",23584
4366,104784,indoor,"museum/indoor, stage/indoor, science_museum, wet_bar, natural_history_museum",23584
4367,104808,indoor,"museum/indoor, stage/indoor, science_museum, natural_history_museum, bow_window/indoor",23584
4368,104832,indoor,"museum/indoor, science_museum, bow_window/indoor, natural_history_museum, stage/indoor",23584
4369,104856,indoor,"museum/indoor, science_museum, natural_history_museum, stage/indoor, art_gallery",23584
4370,104880,indoor,"museum/indoor, science_museum, natural_history_museum, art_gallery, bow_window/indoor",23584
4371,104904,indoor,"museum/indoor, science_museum, art_gallery, natural_history_museum, chemistry_lab",23584
4372,104928,indoor,"museum/indoor, science_museum, natural_history_museum, art_gallery, stage/indoor",23584
4373,104952,indoor,"museum/indoor, shower, science_museum, natural_history_museum, stage/indoor",23584
4374,104976,indoor,"museum/indoor, science_museum, natural_history_museum, chemistry_lab, stage/indoor",23584
4375,105000,indoor,"museum/indoor, chemistry_lab, stage/indoor, natural_history_museum, science_museum",23584
4376,105024,indoor,"clean_room, museum/indoor, shower, chemistry_lab, stage/indoor",23584
4377,105048,indoor,"clean_room, archive, beauty_salon, museum/indoor, office",23584
4378,105072,indoor,"clean_room, archive, locker_room, dressing_room, museum/indoor",23584
4379,105096,indoor,"clean_room, museum/indoor, sauna, locker_room, elevator/door",23584
4380,105120,indoor,"clean_room, archive, locker_room, museum/indoor, dressing_room",23584
4381,105144,indoor,"clean_room, locker_room, dressing_room, shower, museum/indoor",23584
4382,105168,indoor,"museum/indoor, archive, natural_history_museum, beauty_salon, clean_room",23584
4383,105192,indoor,"clean_room, locker_room, museum/indoor, shower, dressing_room",23584
4384,105216,indoor,"museum/indoor, archive, clean_room, beauty_salon, stage/indoor",23584
4385,105240,indoor,"clean_room, dressing_room, music_studio, archive, chemistry_lab",23584
4386,105264,indoor,"museum/indoor, archive, clean_room, beauty_salon, chemistry_lab",23584
4387,105288,indoor,"science_museum, museum/indoor, natural_history_museum, beauty_salon, archive",23584
4388,105312,indoor,"archive, museum/indoor, science_museum, beauty_salon, clean_room",23584
4389,105336,indoor,"museum/indoor, archive, clean_room, science_museum, beauty_salon",23584
4390,105360,indoor,"dressing_room, clean_room, locker_room, beauty_salon, sauna",23584
4391,105384,indoor,"museum/indoor, archive, science_museum, beauty_salon, clean_room",23584
4392,105408,indoor,"museum/indoor, archive, beauty_salon, clean_room, science_museum",23584
4393,105432,indoor,"archive, museum/indoor, beauty_salon, library/indoor, clean_room",23584
4394,105456,indoor,"museum/indoor, archive, science_museum, library/indoor, natural_history_museum",23584
4395,105480,indoor,"museum/indoor, natural_history_museum, science_museum, aquarium, discotheque",23584
4396,105504,indoor,"museum/indoor, discotheque, natural_history_museum, science_museum, aquarium",23584
4397,105528,indoor,"museum/indoor, discotheque, aquarium, natural_history_museum, science_museum",23584
4398,105552,indoor,"museum/indoor, natural_history_museum, aquarium, science_museum, discotheque",23584
4399,105576,indoor,"museum/indoor, dressing_room, discotheque, beauty_salon, biology_laboratory",23584
4400,105600,indoor,"discotheque, aquarium, museum/indoor, dressing_room, art_gallery",23584
4401,105624,indoor,"museum/indoor, natural_history_museum, science_museum, discotheque, aquarium",23584
4402,105648,indoor,"museum/indoor, natural_history_museum, discotheque, science_museum, aquarium",23584
4403,105672,indoor,"discotheque, dressing_room, stage/indoor, music_studio, bar",23584
4404,105696,indoor,"discotheque, dressing_room, museum/indoor, stage/indoor, beauty_salon",23584
4405,105720,indoor,"discotheque, museum/indoor, aquarium, biology_laboratory, natural_history_museum",23584
4406,105744,indoor,"shower, discotheque, museum/indoor, stage/indoor, dressing_room",23584
4407,105768,indoor,"stage/indoor, discotheque, museum/indoor, shower, dressing_room",23584
4408,105792,indoor,"dressing_room, shower, discotheque, sauna, bathroom",23584
4409,105816,indoor,"museum/indoor, discotheque, stage/indoor, dressing_room, art_gallery",23584
4410,105840,indoor,"museum/indoor, science_museum, art_gallery, natural_history_museum, beauty_salon",23584
4411,105864,indoor,"museum/indoor, science_museum, stage/indoor, discotheque, art_gallery",23584
4412,105888,indoor,"museum/indoor, shower, dressing_room, art_gallery, discotheque",23584
4413,105912,indoor,"shower, museum/indoor, dressing_room, art_gallery, bathroom",23584
4414,105936,indoor,"discotheque, museum/indoor, aquarium, dressing_room, science_museum",23584
4415,105960,indoor,"discotheque, dressing_room, museum/indoor, art_gallery, science_museum",23584
4416,105984,indoor,"museum/indoor, discotheque, science_museum, natural_history_museum, stage/indoor",23584
4417,106008,indoor,"museum/indoor, discotheque, natural_history_museum, science_museum, stage/indoor",23584
4418,106032,indoor,"dressing_room, shower, museum/indoor, bathroom, art_gallery",23584
4419,106056,indoor,"dressing_room, shower, museum/indoor, discotheque, bathroom",23584
4420,106080,indoor,"dressing_room, shower, discotheque, bathroom, museum/indoor",23584
4421,106104,indoor,"museum/indoor, stage/indoor, art_gallery, discotheque, science_museum",23584
4422,106128,indoor,"museum/indoor, art_gallery, science_museum, discotheque, stage/indoor",23584
4423,106152,indoor,"museum/indoor, science_museum, discotheque, art_gallery, stage/indoor",23584
4424,106176,indoor,"discotheque, stage/indoor, music_studio, dressing_room, museum/indoor",23584
4425,106200,indoor,"discotheque, museum/indoor, stage/indoor, chemistry_lab, biology_laboratory",23584
4426,106224,indoor,"dressing_room, discotheque, music_studio, museum/indoor, shower",23584
4427,106248,indoor,"discotheque, shower, dressing_room, bathroom, music_studio",23584
4428,106272,indoor,"museum/indoor, discotheque, dressing_room, science_museum, art_gallery",23584
4429,106296,indoor,"museum/indoor, discotheque, dressing_room, science_museum, art_gallery",23584
4430,106320,indoor,"museum/indoor, discotheque, science_museum, art_gallery, stage/indoor",23584
4431,106344,indoor,"discotheque, dressing_room, shower, bathroom, museum/indoor",23584
4432,106368,indoor,"shower, discotheque, dressing_room, bathroom, museum/indoor",23584
4433,106392,indoor,"discotheque, shower, stage/indoor, chemistry_lab, museum/indoor",23584
4434,106416,indoor,"museum/indoor, science_museum, discotheque, chemistry_lab, dressing_room",23584
4435,106440,indoor,"discotheque, museum/indoor, dressing_room, stage/indoor, ballroom",23584
4436,106464,indoor,"discotheque, boxing_ring, dressing_room, stage/indoor, music_studio",23584
4437,106488,indoor,"museum/indoor, natural_history_museum, science_museum, archive, discotheque",23584
4438,106512,indoor,"natural_history_museum, museum/indoor, science_museum, archive, discotheque",23584
4439,106536,indoor,"discotheque, locker_room, shower, dressing_room, bowling_alley",23584
4440,106560,indoor,"natural_history_museum, museum/indoor, science_museum, archive, discotheque",23584
4441,106584,indoor,"natural_history_museum, museum/indoor, science_museum, archive, discotheque",23584
4442,106608,indoor,"natural_history_museum, museum/indoor, science_museum, archive, bowling_alley",23584
4443,106632,indoor,"natural_history_museum, museum/indoor, science_museum, archive, discotheque",23584
4444,106656,indoor,"discotheque, dressing_room, music_studio, stage/indoor, boxing_ring",23584
4445,106680,indoor,"museum/indoor, discotheque, science_museum, natural_history_museum, stage/indoor",23584
4446,106704,indoor,"museum/indoor, natural_history_museum, discotheque, science_museum, beauty_salon",23584
4447,106728,indoor,"discotheque, museum/indoor, dressing_room, science_museum, stage/indoor",23584
4448,106752,indoor,"discotheque, stage/indoor, dressing_room, boxing_ring, music_studio",23584
4449,106776,indoor,"discotheque, dressing_room, stage/indoor, music_studio, martial_arts_gym",23584
4450,106800,indoor,"discotheque, dressing_room, stage/indoor, music_studio, martial_arts_gym",23584
4451,106824,indoor,"discotheque, dressing_room, martial_arts_gym, stage/indoor, boxing_ring",23584
4452,106848,indoor,"clean_room, museum/indoor, science_museum, archive, natural_history_museum",23584
4453,106872,indoor,"clean_room, museum/indoor, chemistry_lab, science_museum, archive",23584
4454,106896,indoor,"clean_room, museum/indoor, archive, chemistry_lab, physics_laboratory",23584
4455,106920,indoor,"clean_room, museum/indoor, archive, chemistry_lab, physics_laboratory",23584
4456,106944,indoor,"dining_room, clean_room, dressing_room, museum/indoor, throne_room",23584
4457,106968,indoor,"clean_room, dining_room, museum/indoor, jewelry_shop, dressing_room",23584
4458,106992,indoor,"dining_room, dressing_room, clean_room, jewelry_shop, living_room",23584
4459,107016,indoor,"dining_room, clean_room, lobby, throne_room, museum/indoor",23584
4460,107040,indoor,"dining_room, throne_room, clean_room, museum/indoor, lobby",23584
4461,107064,indoor,"locker_room, clean_room, elevator/door, elevator_lobby, closet",23584
4462,107088,indoor,"locker_room, elevator/door, dressing_room, clean_room, archive",23584
4463,107112,indoor,"locker_room, clean_room, elevator/door, closet, nursery",23584
4464,107136,indoor,"clean_room, locker_room, elevator/door, server_room, archive",23584
4465,107160,indoor,"clean_room, elevator/door, locker_room, archive, server_room",23584
4466,107184,indoor,"elevator/door, clean_room, locker_room, archive, server_room",23584
4467,107208,indoor,"elevator/door, clean_room, locker_room, server_room, archive",23584
4468,107232,indoor,"locker_room, clean_room, elevator/door, archive, server_room",23584
4469,107256,indoor,"locker_room, archive, elevator/door, clean_room, elevator_lobby",23584
4470,107280,indoor,"elevator/door, locker_room, clean_room, jail_cell, elevator_lobby",23584
4471,107304,indoor,"museum/indoor, clean_room, shower, stage/indoor, elevator/door",23584
4472,107328,indoor,"museum/indoor, clean_room, natural_history_museum, shower, stage/indoor",23584
4473,107352,indoor,"archive, clean_room, museum/indoor, locker_room, music_studio",23584
4474,107376,indoor,"clean_room, elevator/door, archive, locker_room, elevator_lobby",23584
4475,107400,indoor,"clean_room, locker_room, elevator/door, dressing_room, nursery",23584
4476,107424,indoor,"clean_room, locker_room, archive, elevator/door, museum/indoor",23584
4477,107448,indoor,"locker_room, archive, clean_room, elevator/door, dressing_room",23584
4478,107472,indoor,"locker_room, clean_room, archive, elevator/door, museum/indoor",23584
4479,107496,indoor,"locker_room, archive, clean_room, elevator/door, dressing_room",23584
4480,107520,indoor,"locker_room, archive, clean_room, elevator/door, museum/indoor",23584
4481,107544,indoor,"archive, locker_room, museum/indoor, clean_room, natural_history_museum",23584
4482,107568,indoor,"archive, locker_room, museum/indoor, clean_room, natural_history_museum",23584
4483,107592,indoor,"sauna, locker_room, elevator/door, nursery, clean_room",23584
4484,107616,indoor,"clean_room, locker_room, museum/indoor, archive, science_museum",23584
4485,107640,indoor,"clean_room, archive, museum/indoor, locker_room, science_museum",23584
4486,107664,indoor,"clean_room, archive, locker_room, museum/indoor, science_museum",23584
4487,107688,indoor,"clean_room, archive, locker_room, museum/indoor, music_studio",23584
4488,107712,indoor,"locker_room, sauna, clean_room, archive, elevator/door",23584
4489,107736,indoor,"clean_room, locker_room, archive, staircase, sauna",23584
4490,107760,indoor,"archive, locker_room, clean_room, museum/indoor, science_museum",23584
4491,107784,indoor,"archive, locker_room, clean_room, museum/indoor, science_museum",23584
4492,107808,indoor,"archive, museum/indoor, locker_room, natural_history_museum, science_museum",23584
4493,107832,indoor,"archive, museum/indoor, locker_room, clean_room, natural_history_museum",23584
4494,107856,indoor,"museum/indoor, archive, natural_history_museum, beauty_salon, music_studio",23584
4495,107880,indoor,"museum/indoor, natural_history_museum, science_museum, beauty_salon, atrium/public",23584
4496,107904,indoor,"locker_room, museum/indoor, clean_room, dressing_room, archive",23584
4497,107928,indoor,"museum/indoor, locker_room, archive, clean_room, dressing_room",23584
4498,107952,indoor,"museum/indoor, locker_room, archive, clean_room, science_museum",23584
4499,107976,indoor,"museum/indoor, beauty_salon, archive, airport_terminal, natural_history_museum",23584
4500,108000,indoor,"museum/indoor, locker_room, natural_history_museum, beauty_salon, airport_terminal",23584
4501,108024,indoor,"museum/indoor, airport_terminal, beauty_salon, locker_room, natural_history_museum",23584
4502,108048,indoor,"museum/indoor, beauty_salon, archive, clean_room, discotheque",23584
4503,108072,indoor,"beauty_salon, museum/indoor, chemistry_lab, discotheque, office",23584
4504,108096,indoor,"museum/indoor, dressing_room, stage/indoor, ballroom, discotheque",23584
4505,108120,indoor,"clean_room, elevator/door, museum/indoor, locker_room, elevator_lobby",23584
4506,108144,indoor,"museum/indoor, elevator/door, elevator_lobby, shower, locker_room",23584
4507,108168,indoor,"elevator/door, locker_room, shower, elevator_lobby, museum/indoor",23584
4508,108192,indoor,"locker_room, elevator/door, elevator_lobby, museum/indoor, closet",23584
4509,108216,indoor,"locker_room, closet, sauna, elevator/door, dressing_room",23584
4510,108240,indoor,"dressing_room, discotheque, ballroom, shower, bow_window/indoor",23584
4511,108264,indoor,"dressing_room, ballroom, shower, discotheque, stage/indoor",23584
4512,108288,indoor,"museum/indoor, stage/indoor, discotheque, ballroom, music_studio",23584
4513,108312,indoor,"museum/indoor, stage/indoor, discotheque, ballroom, music_studio",23584
4514,108336,indoor,"stage/indoor, museum/indoor, dressing_room, ballroom, discotheque",23584
4515,108360,indoor,"dressing_room, ballroom, museum/indoor, stage/indoor, discotheque",23584
4516,108384,indoor,"dressing_room, ballroom, stage/indoor, museum/indoor, discotheque",23584
4517,108408,indoor,"museum/indoor, stage/indoor, dressing_room, ballroom, discotheque",23584
4518,108432,indoor,"stage/indoor, ballroom, museum/indoor, dressing_room, discotheque",23584
4519,108456,indoor,"stage/indoor, ballroom, museum/indoor, discotheque, dressing_room",23584
4520,108480,indoor,"stage/indoor, dressing_room, ballroom, museum/indoor, discotheque",23584
4521,108504,indoor,"dressing_room, ballroom, stage/indoor, museum/indoor, discotheque",23584
4522,108528,indoor,"stage/indoor, ballroom, museum/indoor, dressing_room, discotheque",23584
4523,108552,indoor,"stage/indoor, museum/indoor, ballroom, dressing_room, discotheque",23584
4524,108576,indoor,"museum/indoor, dressing_room, ballroom, stage/indoor, discotheque",23584
4525,108600,indoor,"museum/indoor, dressing_room, stage/indoor, ballroom, discotheque",23584
4526,108624,indoor,"museum/indoor, stage/indoor, dressing_room, ballroom, discotheque",23584
4527,108648,indoor,"discotheque, stage/indoor, ballroom, museum/indoor, dressing_room",23584
4528,108672,indoor,"dressing_room, ballroom, museum/indoor, discotheque, stage/indoor",23584
4529,108696,indoor,"dressing_room, ballroom, discotheque, museum/indoor, stage/indoor",23584
4530,108720,indoor,"stage/indoor, discotheque, ballroom, museum/indoor, dressing_room",23584
4531,108744,indoor,"museum/indoor, ballroom, stage/indoor, dressing_room, discotheque",23584
4532,108768,indoor,"dressing_room, discotheque, music_studio, stage/indoor, boxing_ring",23584
4533,108792,indoor,"archive, museum/indoor, office, dressing_room, conference_center",23584
4534,108816,indoor,"museum/indoor, archive, dressing_room, conference_center, office",23584
4535,108840,indoor,"discotheque, dressing_room, music_studio, stage/indoor, shower",23584
4536,108864,indoor,"museum/indoor, discotheque, beauty_salon, natural_history_museum, science_museum",23584
4537,108888,indoor,"museum/indoor, discotheque, beauty_salon, stage/indoor, science_museum",23584
4538,108912,indoor,"museum/indoor, discotheque, beauty_salon, science_museum, natural_history_museum",23584
4539,108936,indoor,"museum/indoor, discotheque, beauty_salon, stage/indoor, lecture_room",23584
4540,108960,indoor,"discotheque, dressing_room, stage/indoor, music_studio, shower",23584
4541,108984,indoor,"discotheque, dressing_room, music_studio, stage/indoor, shower",23584
4542,109008,indoor,"museum/indoor, discotheque, science_museum, natural_history_museum, lecture_room",23584
4543,109032,indoor,"museum/indoor, discotheque, science_museum, natural_history_museum, beauty_salon",23584
4544,109056,indoor,"museum/indoor, discotheque, science_museum, natural_history_museum, beauty_salon",23584
4545,109080,indoor,"discotheque, dressing_room, music_studio, shower, stage/indoor",23584
4546,109104,indoor,"stage/indoor, museum/indoor, discotheque, ballroom, music_studio",23584
4547,109128,indoor,"stage/indoor, discotheque, ballroom, music_studio, dressing_room",23584
4548,109152,indoor,"dressing_room, discotheque, ballroom, shower, nursery",23584
4549,109176,indoor,"dressing_room, museum/indoor, ballroom, stage/indoor, music_studio",23584
4550,109200,indoor,"dressing_room, ballroom, museum/indoor, stage/indoor, music_studio",23584
4551,109224,indoor,"dressing_room, clothing_store, ballroom, museum/indoor, locker_room",23584
4552,109248,indoor,"dressing_room, ballroom, museum/indoor, sauna, discotheque",23584
4553,109272,indoor,"dressing_room, ballroom, stage/indoor, museum/indoor, discotheque",23584
4554,109296,indoor,"museum/indoor, stage/indoor, ballroom, discotheque, dressing_room",23584
4555,109320,indoor,"museum/indoor, stage/indoor, ballroom, beauty_salon, discotheque",23584
4556,109344,indoor,"museum/indoor, dressing_room, stage/indoor, beauty_salon, ballroom",23584
4557,109368,indoor,"dressing_room, museum/indoor, ballroom, stage/indoor, shower",23584
4558,109392,indoor,"museum/indoor, discotheque, stage/indoor, beauty_salon, music_studio",23584
4559,109416,indoor,"museum/indoor, stage/indoor, discotheque, beauty_salon, music_studio",23584
4560,109440,indoor,"museum/indoor, stage/indoor, discotheque, archive, beauty_salon",23584
4561,109464,indoor,"stage/indoor, discotheque, museum/indoor, ballroom, music_studio",23584
4562,109488,indoor,"dressing_room, ballroom, discotheque, stage/indoor, music_studio",23584
4563,109512,indoor,"dressing_room, ballroom, stage/indoor, museum/indoor, discotheque",23584
4564,109536,indoor,"dressing_room, ballroom, stage/indoor, discotheque, museum/indoor",23584
4565,109560,indoor,"dressing_room, ballroom, discotheque, stage/indoor, museum/indoor",23584
4566,109584,indoor,"dressing_room, ballroom, discotheque, stage/indoor, music_studio",23584
4567,109608,indoor,"museum/indoor, stage/indoor, beauty_salon, ballroom, science_museum",23584
4568,109632,indoor,"museum/indoor, stage/indoor, science_museum, beauty_salon, natural_history_museum",23584
4569,109656,indoor,"museum/indoor, dressing_room, ballroom, art_gallery, bow_window/indoor",23584
4570,109680,indoor,"museum/indoor, ballroom, stage/indoor, dressing_room, discotheque",23584
4571,109704,indoor,"museum/indoor, ballroom, dressing_room, art_gallery, stage/indoor",23584
4572,109728,indoor,"stage/indoor, museum/indoor, ballroom, discotheque, dressing_room",23584
4573,109752,indoor,"stage/indoor, ballroom, museum/indoor, discotheque, dressing_room",23584
4574,109776,indoor,"stage/indoor, museum/indoor, ballroom, discotheque, dressing_room",23584
4575,109800,indoor,"dressing_room, ballroom, discotheque, stage/indoor, music_studio",23584
4576,109824,indoor,"ballroom, stage/indoor, discotheque, museum/indoor, dressing_room",23584
4577,109848,indoor,"stage/indoor, ballroom, museum/indoor, discotheque, bar",23584
4578,109872,indoor,"dressing_room, ballroom, discotheque, stage/indoor, museum/indoor",23584
4579,109896,indoor,"dressing_room, discotheque, ballroom, stage/indoor, museum/indoor",23584
4580,109920,indoor,"bow_window/indoor, office, living_room, jail_cell, home_office",23584
4581,109944,indoor,"bow_window/indoor, jail_cell, living_room, office, shower",23584
4582,109968,indoor,"bow_window/indoor, office, jail_cell, living_room, home_office",23584
4583,109992,indoor,"bow_window/indoor, jail_cell, shower, living_room, office",23584
4584,110016,indoor,"bow_window/indoor, jail_cell, office, living_room, shower",23584
4585,110040,indoor,"bow_window/indoor, jail_cell, office, living_room, home_office",23584
4586,110064,indoor,"shower, music_studio, clean_room, stage/indoor, bathroom",23584
4587,110088,indoor,"music_studio, clean_room, shower, stage/indoor, auditorium",23584
4588,110112,indoor,"music_studio, shower, clean_room, auditorium, stage/indoor",23584
4589,110136,indoor,"clean_room, shower, conference_room, music_studio, conference_center",23584
4590,110160,indoor,"shower, conference_center, conference_room, auditorium, music_studio",23584
4591,110184,indoor,"shower, attic, museum/indoor, elevator_lobby, alcove",23584
4592,110208,indoor,"shower, clean_room, elevator/door, stage/indoor, museum/indoor",23584
4593,110232,indoor,"wind_farm, shower, attic, windmill, museum/indoor",23584
4594,110256,indoor,"shower, attic, wind_farm, museum/indoor, art_gallery",23584
4595,110280,indoor,"shower, museum/indoor, attic, bathroom, alcove",23584
4596,110304,indoor,"shower, museum/indoor, science_museum, airport_terminal, natural_history_museum",23584
4597,110328,indoor,"shower, elevator_lobby, clean_room, museum/indoor, locker_room",23584
4598,110352,indoor,"shower, attic, alcove, museum/indoor, clean_room",23584
4599,110376,indoor,"shower, elevator/door, elevator_lobby, attic, museum/indoor",23584
4600,110400,indoor,"shower, bathroom, music_studio, chemistry_lab, alcove",23584
4601,110424,indoor,"shower, bathroom, music_studio, locker_room, chemistry_lab",23584
4602,110448,indoor,"shower, bathroom, music_studio, clean_room, office",23584
4603,110472,indoor,"shower, bathroom, alcove, music_studio, office",23584
4604,110496,indoor,"shower, bathroom, alcove, music_studio, attic",23584
4605,110520,indoor,"shower, alcove, music_studio, attic, bathroom",23584
4606,110544,indoor,"shower, bathroom, alcove, music_studio, attic",23584
4607,110568,indoor,"shower, bathroom, office, alcove, home_office",23584
4608,110592,indoor,"shower, bathroom, alcove, office, conference_room",23584
4609,110616,outdoor,"skyscraper, office_building, downtown, hospital, building_facade",23584
4610,110640,outdoor,"skyscraper, office_building, downtown, tower, hospital",23584
4611,110664,outdoor,"skyscraper, office_building, hospital, downtown, tower",23584
4612,110688,outdoor,"skyscraper, office_building, downtown, hospital, building_facade",23584
4613,110712,outdoor,"skyscraper, office_building, hospital, tower, downtown",23584
4614,110736,outdoor,"skyscraper, office_building, hospital, downtown, building_facade",23584
4615,110760,outdoor,"office_building, skyscraper, hospital, building_facade, downtown",23584
4616,110784,outdoor,"skyscraper, office_building, hospital, tower, downtown",23584
4617,110808,outdoor,"skyscraper, office_building, hospital, tower, downtown",23584
4618,110832,indoor,"museum/indoor, stage/indoor, art_gallery, music_studio, science_museum",23584
4619,110856,indoor,"museum/indoor, stage/indoor, art_gallery, music_studio, clean_room",23584
4620,110880,indoor,"museum/indoor, science_museum, stage/indoor, clean_room, art_gallery",23584
4621,110904,indoor,"museum/indoor, clean_room, art_gallery, stage/indoor, science_museum",23584
4622,110928,indoor,"museum/indoor, art_gallery, clean_room, office, science_museum",23584
4623,110952,indoor,"museum/indoor, office, clean_room, art_gallery, stage/indoor",23584
4624,110976,indoor,"museum/indoor, clean_room, art_gallery, stage/indoor, office",23584
4625,111000,indoor,"museum/indoor, office, art_gallery, clean_room, home_office",23584
4626,111024,indoor,"museum/indoor, office, art_gallery, clean_room, art_studio",23584
4627,111048,indoor,"museum/indoor, art_gallery, office, clean_room, art_studio",23584
4628,111072,indoor,"museum/indoor, art_gallery, office, art_studio, home_office",23584
4629,111096,indoor,"museum/indoor, art_gallery, science_museum, stage/indoor, clean_room",23584
4630,111120,indoor,"museum/indoor, art_gallery, office, physics_laboratory, conference_center",23584
4631,111144,indoor,"museum/indoor, art_gallery, science_museum, natural_history_museum, music_studio",23584
4632,111168,indoor,"museum/indoor, art_gallery, science_museum, natural_history_museum, clean_room",23584
4633,111192,indoor,"museum/indoor, science_museum, art_gallery, natural_history_museum, clean_room",23584
4634,111216,indoor,"clean_room, stage/indoor, art_gallery, discotheque, ballroom",23584
4635,111240,indoor,"stage/indoor, clean_room, arena/performance, discotheque, ballroom",23584
4636,111264,indoor,"clean_room, stage/indoor, discotheque, art_gallery, office",23584
4637,111288,indoor,"clean_room, stage/indoor, arena/performance, discotheque, art_gallery",23584
4638,111312,indoor,"clean_room, stage/indoor, art_gallery, discotheque, arena/performance",23584
4639,111336,indoor,"stage/indoor, clean_room, discotheque, art_gallery, arena/performance",23584
4640,111360,indoor,"stage/indoor, discotheque, clean_room, art_gallery, elevator_lobby",23584
4641,111384,indoor,"stage/indoor, clean_room, art_gallery, discotheque, arena/performance",23584
4642,111408,indoor,"museum/indoor, clean_room, art_gallery, chemistry_lab, science_museum",23584
4643,111432,indoor,"museum/indoor, art_gallery, stage/indoor, conference_center, science_museum",23584
4644,111456,indoor,"museum/indoor, art_gallery, science_museum, clean_room, conference_center",23584
4645,111480,indoor,"museum/indoor, art_gallery, stage/indoor, conference_center, science_museum",23584
4646,111504,indoor,"museum/indoor, conference_center, art_gallery, science_museum, stage/indoor",23584
4647,111528,indoor,"museum/indoor, art_gallery, science_museum, stage/indoor, music_studio",23584
4648,111552,indoor,"stage/indoor, discotheque, arena/performance, auditorium, clean_room",23584
4649,111576,indoor,"discotheque, stage/indoor, clean_room, arena/performance, auditorium",23584
4650,111600,indoor,"discotheque, stage/indoor, clean_room, elevator_lobby, reception",23584
4651,111624,indoor,"discotheque, stage/indoor, clean_room, arena/performance, auditorium",23584
4652,111648,indoor,"corridor, clean_room, museum/indoor, art_gallery, elevator_lobby",23584
4653,111672,indoor,"clean_room, museum/indoor, corridor, art_gallery, artists_loft",23584
4654,111696,indoor,"clean_room, chemistry_lab, science_museum, biology_laboratory, museum/indoor",23584
4655,111720,indoor,"museum/indoor, science_museum, clean_room, chemistry_lab, art_gallery",23584
4656,111744,indoor,"museum/indoor, stage/indoor, clean_room, art_gallery, discotheque",23584
4657,111768,indoor,"museum/indoor, stage/indoor, clean_room, art_gallery, art_studio",23584
4658,111792,indoor,"corridor, art_gallery, museum/indoor, clean_room, art_studio",23584
4659,111816,indoor,"corridor, art_gallery, museum/indoor, clean_room, artists_loft",23584
4660,111840,indoor,"corridor, museum/indoor, art_gallery, clean_room, artists_loft",23584
4661,111864,indoor,"museum/indoor, art_gallery, corridor, clean_room, artists_loft",23584
4662,111888,indoor,"corridor, museum/indoor, art_gallery, artists_loft, elevator_lobby",23584
4663,111912,indoor,"corridor, art_gallery, museum/indoor, artists_loft, elevator_lobby",23584
4664,111936,indoor,"corridor, art_gallery, museum/indoor, clean_room, artists_loft",23584
4665,111960,indoor,"corridor, art_gallery, museum/indoor, artists_loft, staircase",23584
4666,111984,indoor,"corridor, art_gallery, museum/indoor, clean_room, artists_loft",23584
4667,112008,indoor,"corridor, art_gallery, artists_loft, museum/indoor, elevator_lobby",23584
4668,112032,indoor,"corridor, art_gallery, museum/indoor, clean_room, artists_loft",23584
4669,112056,indoor,"corridor, clean_room, art_gallery, museum/indoor, artists_loft",23584
4670,112080,indoor,"corridor, clean_room, art_gallery, elevator/door, elevator_lobby",23584
4671,112104,indoor,"corridor, clean_room, art_gallery, elevator_lobby, elevator/door",23584
4672,112128,indoor,"museum/indoor, clean_room, art_gallery, corridor, elevator_lobby",23584
4673,112152,indoor,"corridor, clean_room, art_gallery, museum/indoor, artists_loft",23584
4674,112176,indoor,"corridor, clean_room, museum/indoor, art_gallery, elevator_lobby",23584
4675,112200,indoor,"museum/indoor, corridor, clean_room, art_gallery, science_museum",23584
4676,112224,indoor,"museum/indoor, art_gallery, stage/indoor, corridor, elevator_lobby",23584
4677,112248,indoor,"museum/indoor, art_gallery, elevator_lobby, corridor, science_museum",23584
4678,112272,indoor,"corridor, museum/indoor, art_gallery, artists_loft, clean_room",23584
4679,112296,indoor,"museum/indoor, art_gallery, science_museum, clean_room, shower",23584
4680,112320,indoor,"museum/indoor, science_museum, natural_history_museum, clean_room, art_gallery",23584
4681,112344,indoor,"museum/indoor, science_museum, natural_history_museum, discotheque, aquarium",23584
4682,112368,indoor,"museum/indoor, science_museum, natural_history_museum, art_gallery, aquarium",23584
4683,112392,indoor,"museum/indoor, science_museum, natural_history_museum, art_gallery, discotheque",23584
4684,112416,indoor,"museum/indoor, science_museum, natural_history_museum, art_gallery, aquarium",23584
4685,112440,indoor,"museum/indoor, science_museum, natural_history_museum, art_gallery, aquarium",23584
4686,112464,indoor,"museum/indoor, art_gallery, science_museum, shower, discotheque",23584
4687,112488,indoor,"museum/indoor, art_gallery, science_museum, discotheque, shower",23584
4688,112512,indoor,"museum/indoor, science_museum, discotheque, stage/indoor, shower",23584
4689,112536,indoor,"art_gallery, shower, museum/indoor, discotheque, stage/indoor",23584
4690,112560,indoor,"museum/indoor, science_museum, natural_history_museum, art_gallery, stage/indoor",23584
4691,112584,indoor,"museum/indoor, natural_history_museum, science_museum, art_gallery, clean_room",23584
4692,112608,indoor,"museum/indoor, science_museum, natural_history_museum, clean_room, art_gallery",23584
4693,112632,indoor,"museum/indoor, science_museum, natural_history_museum, art_gallery, clean_room",23584
4694,112656,indoor,"museum/indoor, art_gallery, science_museum, natural_history_museum, discotheque",23584
4695,112680,indoor,"museum/indoor, science_museum, art_gallery, discotheque, clean_room",23584
4696,112704,indoor,"museum/indoor, science_museum, natural_history_museum, art_gallery, clean_room",23584
4697,112728,indoor,"museum/indoor, art_gallery, science_museum, natural_history_museum, stage/indoor",23584
4698,112752,indoor,"museum/indoor, art_gallery, science_museum, discotheque, stage/indoor",23584
4699,112776,indoor,"museum/indoor, art_gallery, science_museum, natural_history_museum, clean_room",23584
4700,112800,indoor,"museum/indoor, natural_history_museum, science_museum, art_gallery, clean_room",23584
4701,112824,indoor,"museum/indoor, natural_history_museum, science_museum, art_gallery, aquarium",23584
4702,112848,indoor,"museum/indoor, art_gallery, science_museum, natural_history_museum, clean_room",23584
4703,112872,indoor,"museum/indoor, art_gallery, science_museum, natural_history_museum, clean_room",23584
4704,112896,indoor,"museum/indoor, art_gallery, science_museum, clean_room, florist_shop/indoor",23584
4705,112920,indoor,"museum/indoor, science_museum, art_gallery, natural_history_museum, clean_room",23584
4706,112944,indoor,"science_museum, museum/indoor, clean_room, beauty_salon, discotheque",23584
4707,112968,indoor,"science_museum, clean_room, museum/indoor, beauty_salon, ice_cream_parlor",23584
4708,112992,indoor,"clean_room, science_museum, beauty_salon, museum/indoor, discotheque",23584
4709,113016,indoor,"science_museum, museum/indoor, natural_history_museum, beauty_salon, conference_center",23584
4710,113040,indoor,"science_museum, museum/indoor, natural_history_museum, beauty_salon, conference_center",23584
4711,113064,indoor,"science_museum, museum/indoor, natural_history_museum, beauty_salon, conference_center",23584
4712,113088,indoor,"science_museum, beauty_salon, clean_room, chemistry_lab, museum/indoor",23584
4713,113112,indoor,"science_museum, beauty_salon, clean_room, museum/indoor, chemistry_lab",23584
4714,113136,indoor,"science_museum, museum/indoor, natural_history_museum, beauty_salon, drugstore",23584
4715,113160,indoor,"science_museum, museum/indoor, natural_history_museum, beauty_salon, drugstore",23584
4716,113184,indoor,"science_museum, museum/indoor, natural_history_museum, beauty_salon, drugstore",23584
4717,113208,indoor,"museum/indoor, science_museum, natural_history_museum, beauty_salon, drugstore",23584
4718,113232,indoor,"science_museum, museum/indoor, natural_history_museum, beauty_salon, drugstore",23584
4719,113256,indoor,"science_museum, museum/indoor, natural_history_museum, beauty_salon, drugstore",23584
4720,113280,indoor,"science_museum, museum/indoor, clean_room, discotheque, beauty_salon",23584
4721,113304,indoor,"science_museum, museum/indoor, discotheque, natural_history_museum, aquarium",23584
4722,113328,indoor,"science_museum, natural_history_museum, museum/indoor, aquarium, art_gallery",23584
4723,113352,indoor,"science_museum, natural_history_museum, museum/indoor, aquarium, art_gallery",23584
4724,113376,indoor,"science_museum, clean_room, museum/indoor, natural_history_museum, aquarium",23584
4725,113400,indoor,"science_museum, natural_history_museum, museum/indoor, beauty_salon, aquarium",23584
4726,113424,indoor,"science_museum, natural_history_museum, museum/indoor, clean_room, beauty_salon",23584
4727,113448,indoor,"museum/indoor, science_museum, art_gallery, ice_cream_parlor, discotheque",23584
4728,113472,indoor,"museum/indoor, science_museum, discotheque, ice_cream_parlor, aquarium",23584
4729,113496,indoor,"museum/indoor, science_museum, natural_history_museum, aquarium, art_gallery",23584
4730,113520,indoor,"science_museum, museum/indoor, aquarium, ice_cream_parlor, art_gallery",23584
4731,113544,indoor,"museum/indoor, science_museum, art_gallery, aquarium, ice_cream_parlor",23584
4732,113568,indoor,"museum/indoor, science_museum, natural_history_museum, aquarium, art_gallery",23584
4733,113592,indoor,"museum/indoor, science_museum, natural_history_museum, aquarium, art_gallery",23584
4734,113616,indoor,"museum/indoor, science_museum, natural_history_museum, aquarium, art_gallery",23584
4735,113640,indoor,"museum/indoor, science_museum, art_gallery, ice_cream_parlor, aquarium",23584
4736,113664,indoor,"museum/indoor, science_museum, natural_history_museum, art_gallery, beauty_salon",23584
4737,113688,indoor,"museum/indoor, science_museum, art_gallery, ice_cream_parlor, aquarium",23584
4738,113712,indoor,"museum/indoor, science_museum, art_gallery, aquarium, ice_cream_parlor",23584
4739,113736,indoor,"museum/indoor, science_museum, natural_history_museum, beauty_salon, art_gallery",23584
4740,113760,indoor,"museum/indoor, science_museum, natural_history_museum, art_gallery, aquarium",23584
4741,113784,indoor,"museum/indoor, science_museum, art_gallery, discotheque, stage/indoor",23584
4742,113808,indoor,"museum/indoor, science_museum, discotheque, art_gallery, stage/indoor",23584
4743,113832,indoor,"museum/indoor, science_museum, natural_history_museum, art_gallery, aquarium",23584
4744,113856,indoor,"museum/indoor, science_museum, aquarium, natural_history_museum, florist_shop/indoor",23584
4745,113880,outdoor,"skyscraper, office_building, shower, tower, hospital",23584
4746,113904,outdoor,"skyscraper, office_building, tower, art_gallery, hospital",23584
4747,113928,outdoor,"skyscraper, office_building, hospital, tower, downtown",23584
4748,113952,outdoor,"skyscraper, office_building, downtown, tower, discotheque",23584
4749,113976,outdoor,"skyscraper, office_building, tower, shower, downtown",23584
4750,114000,indoor,"museum/indoor, art_gallery, science_museum, natural_history_museum, stage/indoor",23584
4751,114024,indoor,"museum/indoor, art_gallery, science_museum, natural_history_museum, stage/indoor",23584
4752,114048,indoor,"museum/indoor, art_gallery, science_museum, natural_history_museum, art_studio",23584
4753,114072,indoor,"museum/indoor, art_gallery, science_museum, natural_history_museum, art_studio",23584
4754,114096,indoor,"museum/indoor, art_gallery, science_museum, natural_history_museum, art_studio",23584
4755,114120,indoor,"museum/indoor, art_gallery, science_museum, natural_history_museum, aquarium",23584
4756,114144,indoor,"museum/indoor, art_gallery, science_museum, natural_history_museum, aquarium",23584
4757,114168,indoor,"museum/indoor, art_gallery, science_museum, natural_history_museum, aquarium",23584
4758,114192,indoor,"museum/indoor, art_gallery, science_museum, aquarium, natural_history_museum",23584
4759,114216,indoor,"museum/indoor, art_gallery, science_museum, florist_shop/indoor, clean_room",23584
4760,114240,indoor,"museum/indoor, science_museum, art_gallery, aquarium, natural_history_museum",23584
4761,114264,indoor,"chemistry_lab, museum/indoor, science_museum, biology_laboratory, natural_history_museum",23584
4762,114288,indoor,"museum/indoor, art_gallery, science_museum, stage/indoor, florist_shop/indoor",23584
4763,114312,indoor,"museum/indoor, art_gallery, science_museum, florist_shop/indoor, aquarium",23584
4764,114336,indoor,"museum/indoor, science_museum, florist_shop/indoor, art_gallery, natural_history_museum",23584
4765,114360,indoor,"art_gallery, museum/indoor, florist_shop/indoor, science_museum, art_studio",23584
4766,114384,indoor,"museum/indoor, art_gallery, florist_shop/indoor, science_museum, natural_history_museum",23584
4767,114408,indoor,"museum/indoor, art_gallery, florist_shop/indoor, science_museum, natural_history_museum",23584
4768,114432,indoor,"museum/indoor, florist_shop/indoor, art_gallery, science_museum, natural_history_museum",23584
4769,114456,indoor,"florist_shop/indoor, museum/indoor, art_gallery, botanical_garden, science_museum",23584
4770,114480,indoor,"museum/indoor, natural_history_museum, science_museum, art_gallery, florist_shop/indoor",23584
4771,114504,indoor,"museum/indoor, science_museum, natural_history_museum, aquarium, florist_shop/indoor",23584
4772,114528,indoor,"museum/indoor, science_museum, natural_history_museum, art_gallery, aquarium",23584
4773,114552,indoor,"museum/indoor, science_museum, natural_history_museum, aquarium, discotheque",23584
4774,114576,indoor,"aquarium, science_museum, shower, natural_history_museum, underwater/ocean_deep",23584
4775,114600,indoor,"aquarium, science_museum, clean_room, discotheque, shower",23584
4776,114624,indoor,"server_room, elevator_lobby, elevator/door, office, locker_room",23584
4777,114648,indoor,"server_room, elevator_lobby, locker_room, office, elevator/door",23584
4778,114672,indoor,"dressing_room, shower, ballroom, museum/indoor, clean_room",23584
4779,114696,indoor,"museum/indoor, dressing_room, discotheque, stage/indoor, locker_room",23584
4780,114720,indoor,"stage/indoor, museum/indoor, discotheque, dressing_room, music_studio",23584
4781,114744,indoor,"dressing_room, discotheque, stage/indoor, music_studio, museum/indoor",23584
4782,114768,indoor,"discotheque, stage/indoor, museum/indoor, dressing_room, music_studio",23584
4783,114792,indoor,"dressing_room, stage/indoor, museum/indoor, music_studio, clothing_store",23584
4784,114816,indoor,"dressing_room, stage/indoor, music_studio, discotheque, museum/indoor",23584
4785,114840,indoor,"museum/indoor, stage/indoor, discotheque, music_studio, beauty_salon",23584
4786,114864,indoor,"museum/indoor, stage/indoor, discotheque, music_studio, beauty_salon",23584
4787,114888,indoor,"museum/indoor, stage/indoor, discotheque, beauty_salon, music_studio",23584
4788,114912,indoor,"museum/indoor, stage/indoor, discotheque, beauty_salon, music_studio",23584
4789,114936,indoor,"dressing_room, clean_room, discotheque, museum/indoor, art_gallery",23584
4790,114960,indoor,"museum/indoor, clean_room, discotheque, dressing_room, science_museum",23584
4791,114984,indoor,"museum/indoor, clean_room, dressing_room, discotheque, chemistry_lab",23584
4792,115008,indoor,"dressing_room, discotheque, art_gallery, museum/indoor, stage/indoor",23584
4793,115032,indoor,"museum/indoor, clean_room, dressing_room, discotheque, stage/indoor",23584
4794,115056,indoor,"museum/indoor, natural_history_museum, science_museum, discotheque, art_gallery",23584
4795,115080,indoor,"museum/indoor, natural_history_museum, science_museum, discotheque, beauty_salon",23584
4796,115104,indoor,"museum/indoor, natural_history_museum, science_museum, art_gallery, discotheque",23584
4797,115128,indoor,"museum/indoor, natural_history_museum, discotheque, science_museum, beauty_salon",23584
4798,115152,indoor,"dressing_room, clean_room, clothing_store, discotheque, art_gallery",23584
4799,115176,indoor,"dressing_room, clean_room, clothing_store, art_gallery, museum/indoor",23584
4800,115200,indoor,"museum/indoor, beauty_salon, science_museum, conference_center, lecture_room",23584
4801,115224,indoor,"museum/indoor, beauty_salon, science_museum, stage/indoor, conference_center",23584
4802,115248,indoor,"discotheque, shower, museum/indoor, art_gallery, dressing_room",23584
4803,115272,indoor,"discotheque, museum/indoor, dressing_room, chemistry_lab, music_studio",23584
4804,115296,indoor,"museum/indoor, discotheque, beauty_salon, science_museum, natural_history_museum",23584
4805,115320,indoor,"museum/indoor, beauty_salon, discotheque, conference_center, biology_laboratory",23584
4806,115344,indoor,"discotheque, museum/indoor, art_gallery, dressing_room, music_studio",23584
4807,115368,indoor,"museum/indoor, art_gallery, natural_history_museum, discotheque, science_museum",23584
4808,115392,indoor,"museum/indoor, discotheque, natural_history_museum, science_museum, beauty_salon",23584
4809,115416,indoor,"museum/indoor, discotheque, natural_history_museum, beauty_salon, science_museum",23584
4810,115440,indoor,"discotheque, museum/indoor, art_gallery, natural_history_museum, shower",23584
4811,115464,indoor,"discotheque, dressing_room, stage/indoor, music_studio, bar",23584
4812,115488,indoor,"museum/indoor, discotheque, beauty_salon, stage/indoor, natural_history_museum",23584
4813,115512,indoor,"museum/indoor, discotheque, beauty_salon, natural_history_museum, art_gallery",23584
4814,115536,indoor,"discotheque, dressing_room, music_studio, bar, stage/indoor",23584
4815,115560,indoor,"museum/indoor, discotheque, art_gallery, natural_history_museum, science_museum",23584
4816,115584,indoor,"discotheque, museum/indoor, art_gallery, natural_history_museum, science_museum",23584
4817,115608,indoor,"museum/indoor, natural_history_museum, science_museum, art_gallery, discotheque",23584
4818,115632,indoor,"stage/indoor, discotheque, ballroom, shower, dressing_room",23584
4819,115656,indoor,"stage/indoor, chemistry_lab, discotheque, ballroom, bar",23584
4820,115680,indoor,"stage/indoor, ballroom, discotheque, music_studio, chemistry_lab",23584
4821,115704,indoor,"museum/indoor, stage/indoor, ballroom, discotheque, chemistry_lab",23584
4822,115728,indoor,"stage/indoor, museum/indoor, discotheque, ballroom, music_studio",23584
4823,115752,indoor,"discotheque, stage/indoor, museum/indoor, music_studio, ballroom",23584
4824,115776,indoor,"discotheque, stage/indoor, museum/indoor, dressing_room, ballroom",23584
4825,115800,indoor,"discotheque, shower, museum/indoor, stage/indoor, dressing_room",23584
4826,115824,indoor,"discotheque, stage/indoor, ballroom, museum/indoor, music_studio",23584
4827,115848,indoor,"stage/indoor, discotheque, music_studio, museum/indoor, ballroom",23584
4828,115872,indoor,"museum/indoor, stage/indoor, discotheque, ballroom, music_studio",23584
4829,115896,indoor,"museum/indoor, stage/indoor, discotheque, dressing_room, ballroom",23584
4830,115920,indoor,"museum/indoor, stage/indoor, church/indoor, ballroom, discotheque",23584
4831,115944,indoor,"stage/indoor, museum/indoor, dressing_room, discotheque, ballroom",23584
4832,115968,indoor,"stage/indoor, discotheque, dressing_room, music_studio, ballroom",23584
4833,115992,indoor,"museum/indoor, stage/indoor, discotheque, ballroom, church/indoor",23584
4834,116016,indoor,"museum/indoor, stage/indoor, discotheque, church/indoor, ballroom",23584
4835,116040,indoor,"museum/indoor, stage/indoor, art_gallery, science_museum, discotheque",23584
4836,116064,indoor,"museum/indoor, stage/indoor, discotheque, ballroom, church/indoor",23584
4837,116088,indoor,"stage/indoor, discotheque, dressing_room, museum/indoor, ballroom",23584
4838,116112,indoor,"museum/indoor, ballroom, discotheque, bow_window/indoor, stage/indoor",23584
4839,116136,indoor,"museum/indoor, art_gallery, clean_room, science_museum, natural_history_museum",23584
4840,116160,indoor,"museum/indoor, bow_window/indoor, art_gallery, clean_room, shower",23584
4841,116184,indoor,"bow_window/indoor, museum/indoor, shower, art_gallery, clean_room",23584
4842,116208,indoor,"museum/indoor, bow_window/indoor, art_gallery, clean_room, shower",23584
4843,116232,indoor,"museum/indoor, bow_window/indoor, clean_room, shower, art_gallery",23584
4844,116256,indoor,"museum/indoor, art_gallery, bow_window/indoor, clean_room, shower",23584
4845,116280,indoor,"bow_window/indoor, shower, museum/indoor, elevator/door, clean_room",23584
4846,116304,indoor,"bow_window/indoor, museum/indoor, elevator/door, art_gallery, clean_room",23584
4847,116328,indoor,"bow_window/indoor, skyscraper, elevator/door, shower, museum/indoor",23584
4848,116352,indoor,"bow_window/indoor, shower, skyscraper, artists_loft, museum/indoor",23584
4849,116376,indoor,"bow_window/indoor, shower, elevator/door, bathroom, skyscraper",23584
4850,116400,indoor,"bow_window/indoor, shower, bathroom, artists_loft, elevator/door",23584
4851,116424,indoor,"bow_window/indoor, shower, elevator/door, clean_room, skyscraper",23584
4852,116448,indoor,"bow_window/indoor, shower, elevator/door, skyscraper, closet",23584
4853,116472,indoor,"bow_window/indoor, shower, elevator/door, skyscraper, closet",23584
4854,116496,indoor,"bow_window/indoor, shower, elevator/door, skyscraper, bathroom",23584
4855,116520,indoor,"art_gallery, museum/indoor, dressing_room, artists_loft, art_studio",23584
4856,116544,indoor,"bathroom, dressing_room, museum/indoor, art_gallery, shower",23584
4857,116568,indoor,"shower, dressing_room, bathroom, museum/indoor, locker_room",23584
4858,116592,indoor,"dressing_room, shower, music_studio, museum/indoor, locker_room",23584
4859,116616,indoor,"chemistry_lab, museum/indoor, physics_laboratory, clean_room, office",23584
4860,116640,indoor,"museum/indoor, bow_window/indoor, banquet_hall, ballroom, stage/indoor",23584
4861,116664,indoor,"museum/indoor, beauty_salon, chemistry_lab, bow_window/indoor, office",23584
4862,116688,indoor,"museum/indoor, clean_room, chemistry_lab, biology_laboratory, beauty_salon",23584
4863,116712,indoor,"chemistry_lab, clean_room, museum/indoor, dressing_room, biology_laboratory",23584
4864,116736,indoor,"bow_window/indoor, corridor, library/indoor, lobby, jail_cell",23584
4865,116760,indoor,"clean_room, beauty_salon, dining_room, chemistry_lab, dressing_room",23584
4866,116784,indoor,"clean_room, dressing_room, dining_room, office, archive",23584
4867,116808,indoor,"dressing_room, beauty_salon, archive, clean_room, dining_room",23584
4868,116832,indoor,"dressing_room, clean_room, ballroom, chemistry_lab, discotheque",23584
4869,116856,indoor,"dressing_room, ballroom, discotheque, museum/indoor, clean_room",23584
4870,116880,indoor,"dressing_room, ballroom, discotheque, stage/indoor, museum/indoor",23584
4871,116904,indoor,"bow_window/indoor, office, dressing_room, elevator_lobby, museum/indoor",23584
4872,116928,indoor,"dressing_room, elevator_lobby, elevator/door, locker_room, ballroom",23584
4873,116952,indoor,"dressing_room, ballroom, office, bow_window/indoor, elevator_lobby",23584
4874,116976,indoor,"museum/indoor, office, beauty_salon, dressing_room, conference_center",23584
4875,117000,indoor,"museum/indoor, dressing_room, office, conference_center, music_studio",23584
4876,117024,indoor,"office, museum/indoor, conference_center, conference_room, dressing_room",23584
4877,117048,indoor,"museum/indoor, office, conference_center, conference_room, lobby",23584
4878,117072,indoor,"office, museum/indoor, conference_center, dressing_room, conference_room",23584
4879,117096,indoor,"museum/indoor, beauty_salon, chemistry_lab, music_studio, science_museum",23584
4880,117120,indoor,"museum/indoor, stage/indoor, music_studio, discotheque, beauty_salon",23584
4881,117144,indoor,"museum/indoor, chemistry_lab, stage/indoor, discotheque, beauty_salon",23584
4882,117168,indoor,"beauty_salon, chemistry_lab, archive, bar, dressing_room",23584
4883,117192,indoor,"clean_room, museum/indoor, chemistry_lab, dressing_room, archive",23584
4884,117216,indoor,"museum/indoor, clean_room, beauty_salon, dressing_room, archive",23584
4885,117240,indoor,"clean_room, museum/indoor, hospital_room, lecture_room, archive",23584
4886,117264,indoor,"museum/indoor, archive, office, chemistry_lab, conference_center",23584
4887,117288,indoor,"museum/indoor, conference_center, office, archive, beauty_salon",23584
4888,117312,indoor,"museum/indoor, beauty_salon, dressing_room, music_studio, chemistry_lab",23584
4889,117336,indoor,"museum/indoor, dressing_room, discotheque, beauty_salon, music_studio",23584
4890,117360,indoor,"dressing_room, chemistry_lab, bar, biology_laboratory, beauty_salon",23584
4891,117384,indoor,"museum/indoor, dressing_room, archive, clean_room, chemistry_lab",23584
4892,117408,indoor,"museum/indoor, dressing_room, chemistry_lab, music_studio, beauty_salon",23584
4893,117432,indoor,"dressing_room, living_room, beauty_salon, archive, waiting_room",23584
4894,117456,indoor,"dressing_room, beauty_salon, chemistry_lab, music_studio, bar",23584
4895,117480,indoor,"dressing_room, beauty_salon, chemistry_lab, clean_room, bar",23584
4896,117504,indoor,"beauty_salon, museum/indoor, music_studio, dressing_room, stage/indoor",23584
4897,117528,indoor,"beauty_salon, museum/indoor, dressing_room, music_studio, discotheque",23584
4898,117552,indoor,"dressing_room, museum/indoor, clean_room, beauty_salon, chemistry_lab",23584
4899,117576,indoor,"dressing_room, museum/indoor, beauty_salon, chemistry_lab, clean_room",23584
4900,117600,indoor,"museum/indoor, beauty_salon, clean_room, archive, chemistry_lab",23584
4901,117624,indoor,"museum/indoor, beauty_salon, dressing_room, chemistry_lab, clean_room",23584
4902,117648,indoor,"beauty_salon, museum/indoor, dressing_room, chemistry_lab, clean_room",23584
4903,117672,indoor,"beauty_salon, museum/indoor, chemistry_lab, biology_laboratory, conference_center",23584
4904,117696,indoor,"beauty_salon, dressing_room, museum/indoor, chemistry_lab, clean_room",23584
4905,117720,indoor,"beauty_salon, museum/indoor, dressing_room, clean_room, archive",23584
4906,117744,indoor,"beauty_salon, dressing_room, museum/indoor, clean_room, biology_laboratory",23584
4907,117768,indoor,"dressing_room, museum/indoor, beauty_salon, sauna, locker_room",23584
4908,117792,indoor,"beauty_salon, dressing_room, museum/indoor, music_studio, locker_room",23584
4909,117816,indoor,"beauty_salon, museum/indoor, dressing_room, music_studio, television_studio",23584
4910,117840,indoor,"beauty_salon, museum/indoor, archive, music_studio, television_studio",23584
4911,117864,indoor,"beauty_salon, museum/indoor, music_studio, archive, dressing_room",23584
4912,117888,indoor,"beauty_salon, museum/indoor, music_studio, archive, discotheque",23584
4913,117912,indoor,"dressing_room, music_studio, beauty_salon, stage/indoor, discotheque",23584
4914,117936,indoor,"dressing_room, museum/indoor, shower, bow_window/indoor, ballroom",23584
4915,117960,indoor,"bow_window/indoor, office, dressing_room, elevator_lobby, shower",23584
4916,117984,indoor,"museum/indoor, beauty_salon, conference_center, archive, lecture_room",23584
4917,118008,indoor,"conference_center, beauty_salon, museum/indoor, lecture_room, music_studio",23584
4918,118032,indoor,"museum/indoor, beauty_salon, conference_center, music_studio, stage/indoor",23584
4919,118056,indoor,"museum/indoor, conference_center, beauty_salon, music_studio, lecture_room",23584
4920,118080,indoor,"dressing_room, music_studio, stage/indoor, television_studio, beauty_salon",23584
4921,118104,indoor,"dressing_room, music_studio, discotheque, stage/indoor, locker_room",23584
4922,118128,indoor,"dressing_room, music_studio, beauty_salon, discotheque, stage/indoor",23584
4923,118152,indoor,"dressing_room, locker_room, discotheque, shower, music_studio",23584
4924,118176,indoor,"dressing_room, museum/indoor, elevator/door, office, bow_window/indoor",23584
4925,118200,indoor,"elevator/door, closet, elevator_lobby, locker_room, sauna",23584
4926,118224,indoor,"elevator/door, elevator_lobby, closet, locker_room, clean_room",23584
4927,118248,indoor,"clean_room, elevator/door, shower, elevator_lobby, locker_room",23584
4928,118272,indoor,"clean_room, elevator_lobby, shower, elevator/door, locker_room",23584
4929,118296,indoor,"clean_room, elevator_lobby, elevator/door, lobby, atrium/public",23584
4930,118320,indoor,"clean_room, biology_laboratory, chemistry_lab, beauty_salon, dressing_room",23584
4931,118344,indoor,"clean_room, chemistry_lab, biology_laboratory, science_museum, museum/indoor",23584
4932,118368,indoor,"dressing_room, clean_room, discotheque, shower, ballroom",23584
4933,118392,indoor,"clean_room, dressing_room, martial_arts_gym, hospital_room, locker_room",23584
4934,118416,indoor,"clean_room, dressing_room, hospital_room, locker_room, martial_arts_gym",23584
4935,118440,indoor,"clean_room, dressing_room, locker_room, martial_arts_gym, hospital_room",23584
4936,118464,indoor,"dressing_room, clean_room, museum/indoor, locker_room, discotheque",23584
4937,118488,indoor,"clean_room, dressing_room, museum/indoor, locker_room, art_gallery",23584
4938,118512,indoor,"dressing_room, clean_room, museum/indoor, art_gallery, discotheque",23584
4939,118536,indoor,"clean_room, dressing_room, museum/indoor, art_gallery, locker_room",23584
4940,118560,indoor,"clean_room, museum/indoor, dressing_room, art_gallery, locker_room",23584
4941,118584,indoor,"museum/indoor, dressing_room, clean_room, art_gallery, locker_room",23584
4942,118608,indoor,"dressing_room, clean_room, museum/indoor, beauty_salon, office",23584
4943,118632,indoor,"discotheque, dressing_room, stage/indoor, clean_room, ballroom",23584
4944,118656,indoor,"dressing_room, clothing_store, discotheque, museum/indoor, stage/indoor",23584
4945,118680,indoor,"discotheque, museum/indoor, clean_room, stage/indoor, dressing_room",23584
4946,118704,indoor,"museum/indoor, clean_room, discotheque, stage/indoor, archive",23584
4947,118728,indoor,"museum/indoor, clean_room, operating_room, discotheque, stage/indoor",23584
4948,118752,indoor,"museum/indoor, stage/indoor, archive, discotheque, clean_room",23584
4949,118776,indoor,"museum/indoor, clean_room, operating_room, hospital_room, archive",23584
4950,118800,indoor,"museum/indoor, discotheque, stage/indoor, operating_room, clean_room",23584
4951,118824,indoor,"clean_room, museum/indoor, operating_room, archive, discotheque",23584
4952,118848,indoor,"museum/indoor, discotheque, stage/indoor, archive, clean_room",23584
4953,118872,indoor,"museum/indoor, clean_room, operating_room, archive, natural_history_museum",23584
4954,118896,indoor,"museum/indoor, clean_room, operating_room, archive, hospital_room",23584
4955,118920,indoor,"museum/indoor, operating_room, clean_room, clothing_store, hospital_room",23584
4956,118944,indoor,"museum/indoor, natural_history_museum, science_museum, archive, stage/indoor",23584
4957,118968,indoor,"museum/indoor, natural_history_museum, science_museum, archive, stage/indoor",23584
4958,118992,indoor,"museum/indoor, natural_history_museum, science_museum, archive, stage/indoor",23584
4959,119016,indoor,"museum/indoor, natural_history_museum, science_museum, archive, stage/indoor",23584
4960,119040,indoor,"museum/indoor, natural_history_museum, science_museum, archive, stage/indoor",23584
4961,119064,indoor,"museum/indoor, natural_history_museum, stage/indoor, science_museum, discotheque",23584
4962,119088,indoor,"discotheque, stage/indoor, museum/indoor, boxing_ring, ballroom",23584
4963,119112,indoor,"discotheque, dressing_room, museum/indoor, stage/indoor, archive",23584
4964,119136,indoor,"discotheque, stage/indoor, ballroom, dressing_room, boxing_ring",23584
4965,119160,indoor,"discotheque, nursery, boxing_ring, stage/indoor, ballroom",23584
4966,119184,indoor,"discotheque, nursery, stage/indoor, museum/indoor, boxing_ring",23584
4967,119208,indoor,"discotheque, museum/indoor, stage/indoor, ballroom, nursery",23584
4968,119232,indoor,"discotheque, boxing_ring, stage/indoor, museum/indoor, dressing_room",23584
4969,119256,indoor,"museum/indoor, discotheque, stage/indoor, dressing_room, shower",23584
4970,119280,indoor,"discotheque, museum/indoor, stage/indoor, dressing_room, ballroom",23584
4971,119304,indoor,"discotheque, museum/indoor, dressing_room, boxing_ring, stage/indoor",23584
4972,119328,indoor,"discotheque, museum/indoor, dressing_room, boxing_ring, stage/indoor",23584
4973,119352,indoor,"museum/indoor, discotheque, boxing_ring, stage/indoor, natural_history_museum",23584
4974,119376,indoor,"museum/indoor, discotheque, boxing_ring, stage/indoor, natural_history_museum",23584
4975,119400,indoor,"museum/indoor, boxing_ring, discotheque, stage/indoor, natural_history_museum",23584
4976,119424,indoor,"discotheque, stage/indoor, dressing_room, ballroom, boxing_ring",23584
4977,119448,indoor,"discotheque, boxing_ring, dressing_room, museum/indoor, stage/indoor",23584
4978,119472,indoor,"discotheque, museum/indoor, stage/indoor, dressing_room, ballroom",23584
4979,119496,indoor,"discotheque, stage/indoor, dressing_room, boxing_ring, museum/indoor",23584
4980,119520,indoor,"discotheque, museum/indoor, stage/indoor, ballroom, dressing_room",23584
4981,119544,indoor,"discotheque, museum/indoor, stage/indoor, dressing_room, ballroom",23584
4982,119568,indoor,"discotheque, stage/indoor, museum/indoor, nursery, boxing_ring",23584
4983,119592,indoor,"discotheque, stage/indoor, dressing_room, nursery, clean_room",23584
4984,119616,indoor,"discotheque, stage/indoor, nursery, dressing_room, boxing_ring",23584
4985,119640,indoor,"discotheque, stage/indoor, dressing_room, ballroom, museum/indoor",23584
4986,119664,indoor,"discotheque, stage/indoor, boxing_ring, martial_arts_gym, nursery",23584
4987,119688,indoor,"museum/indoor, discotheque, stage/indoor, boxing_ring, ballroom",23584
4988,119712,indoor,"museum/indoor, discotheque, stage/indoor, boxing_ring, ballroom",23584
4989,119736,indoor,"museum/indoor, discotheque, stage/indoor, boxing_ring, ballroom",23584
4990,119760,indoor,"discotheque, dressing_room, stage/indoor, ballroom, clean_room",23584
4991,119784,indoor,"discotheque, ballroom, dressing_room, stage/indoor, nursery",23584
4992,119808,indoor,"discotheque, museum/indoor, stage/indoor, ballroom, boxing_ring",23584
4993,119832,indoor,"discotheque, museum/indoor, ballroom, stage/indoor, boxing_ring",23584
4994,119856,indoor,"discotheque, stage/indoor, dressing_room, ballroom, museum/indoor",23584
4995,119880,indoor,"museum/indoor, boxing_ring, nursery, clean_room, dressing_room",23584
4996,119904,indoor,"boxing_ring, museum/indoor, stage/indoor, martial_arts_gym, discotheque",23584
4997,119928,indoor,"boxing_ring, museum/indoor, stage/indoor, martial_arts_gym, television_studio",23584
4998,119952,indoor,"stage/indoor, discotheque, museum/indoor, dressing_room, boxing_ring",23584
4999,119976,indoor,"museum/indoor, stage/indoor, discotheque, dressing_room, ballroom",23584
5000,120000,indoor,"museum/indoor, dressing_room, stage/indoor, discotheque, boxing_ring",23584
5001,120024,indoor,"museum/indoor, stage/indoor, discotheque, boxing_ring, science_museum",23584
5002,120048,indoor,"boxing_ring, museum/indoor, discotheque, stage/indoor, ballroom",23584
5003,120072,indoor,"museum/indoor, boxing_ring, stage/indoor, discotheque, dressing_room",23584
5004,120096,indoor,"museum/indoor, stage/indoor, discotheque, boxing_ring, dressing_room",23584
5005,120120,indoor,"museum/indoor, dressing_room, stage/indoor, clean_room, discotheque",23584
5006,120144,indoor,"museum/indoor, stage/indoor, discotheque, boxing_ring, dressing_room",23584
5007,120168,indoor,"museum/indoor, stage/indoor, discotheque, television_studio, dressing_room",23584
5008,120192,indoor,"museum/indoor, stage/indoor, discotheque, television_studio, dressing_room",23584
5009,120216,indoor,"museum/indoor, stage/indoor, boxing_ring, discotheque, television_studio",23584
5010,120240,indoor,"museum/indoor, dressing_room, clean_room, art_gallery, locker_room",23584
5011,120264,indoor,"stage/indoor, museum/indoor, discotheque, ballroom, boxing_ring",23584
5012,120288,indoor,"boxing_ring, dressing_room, television_studio, locker_room, stage/indoor",23584
5013,120312,indoor,"discotheque, beauty_salon, dressing_room, boxing_ring, stage/indoor",23584
5014,120336,indoor,"clean_room, dressing_room, operating_room, hospital_room, locker_room",23584
5015,120360,indoor,"clean_room, dressing_room, operating_room, hospital_room, clothing_store",23584
5016,120384,indoor,"dressing_room, clean_room, operating_room, discotheque, locker_room",23584
5017,120408,indoor,"dressing_room, clean_room, boxing_ring, discotheque, beauty_salon",23584
5018,120432,indoor,"dressing_room, beauty_salon, discotheque, clean_room, boxing_ring",23584
5019,120456,indoor,"boxing_ring, dressing_room, discotheque, beauty_salon, clean_room",23584
5020,120480,indoor,"clean_room, dressing_room, beauty_salon, operating_room, clothing_store",23584
5021,120504,indoor,"clean_room, dressing_room, shower, beauty_salon, clothing_store",23584
5022,120528,indoor,"clean_room, dressing_room, beauty_salon, clothing_store, museum/indoor",23584
5023,120552,indoor,"dressing_room, boxing_ring, discotheque, stage/indoor, beauty_salon",23584
5024,120576,indoor,"dressing_room, boxing_ring, discotheque, beauty_salon, stage/indoor",23584
5025,120600,indoor,"dressing_room, discotheque, beauty_salon, clean_room, boxing_ring",23584
5026,120624,indoor,"dressing_room, clean_room, discotheque, operating_room, beauty_salon",23584
5027,120648,indoor,"clean_room, dressing_room, operating_room, hospital_room, beauty_salon",23584
5028,120672,indoor,"dressing_room, clean_room, beauty_salon, discotheque, operating_room",23584
5029,120696,indoor,"clean_room, dressing_room, beauty_salon, operating_room, discotheque",23584
5030,120720,indoor,"clean_room, dressing_room, beauty_salon, operating_room, museum/indoor",23584
5031,120744,indoor,"dressing_room, clean_room, beauty_salon, discotheque, operating_room",23584
5032,120768,indoor,"dressing_room, clean_room, operating_room, beauty_salon, hospital_room",23584
5033,120792,indoor,"dressing_room, clean_room, operating_room, beauty_salon, clothing_store",23584
5034,120816,indoor,"dressing_room, clean_room, discotheque, clothing_store, locker_room",23584
5035,120840,indoor,"dressing_room, boxing_ring, locker_room, clean_room, discotheque",23584
5036,120864,indoor,"dressing_room, clean_room, operating_room, hospital_room, beauty_salon",23584
5037,120888,indoor,"clean_room, dressing_room, operating_room, beauty_salon, museum/indoor",23584
5038,120912,indoor,"clean_room, dressing_room, operating_room, beauty_salon, museum/indoor",23584
5039,120936,indoor,"dressing_room, clean_room, operating_room, hospital_room, beauty_salon",23584
5040,120960,indoor,"dressing_room, clean_room, operating_room, beauty_salon, locker_room",23584
5041,120984,indoor,"dressing_room, clean_room, locker_room, clothing_store, operating_room",23584
5042,121008,indoor,"dressing_room, clean_room, locker_room, clothing_store, beauty_salon",23584
5043,121032,indoor,"dressing_room, locker_room, discotheque, boxing_ring, clean_room",23584
5044,121056,indoor,"dressing_room, clean_room, operating_room, clothing_store, beauty_salon",23584
5045,121080,indoor,"beauty_salon, museum/indoor, archive, stage/indoor, discotheque",23584
5046,121104,indoor,"museum/indoor, archive, beauty_salon, office, library/indoor",23584
5047,121128,indoor,"museum/indoor, archive, office, beauty_salon, music_studio",23584
5048,121152,indoor,"museum/indoor, archive, office, beauty_salon, dressing_room",23584
5049,121176,indoor,"dressing_room, archive, music_studio, office, museum/indoor",23584
5050,121200,indoor,"museum/indoor, beauty_salon, dressing_room, archive, music_studio",23584
5051,121224,indoor,"museum/indoor, beauty_salon, archive, dressing_room, music_studio",23584
5052,121248,indoor,"dressing_room, office, archive, music_studio, clean_room",23584
5053,121272,indoor,"dressing_room, music_studio, office, archive, clean_room",23584
5054,121296,indoor,"museum/indoor, archive, beauty_salon, lecture_room, conference_center",23584
5055,121320,indoor,"museum/indoor, archive, beauty_salon, lecture_room, conference_center",23584
5056,121344,indoor,"museum/indoor, beauty_salon, archive, conference_center, lecture_room",23584
5057,121368,indoor,"museum/indoor, beauty_salon, archive, science_museum, office",23584
5058,121392,indoor,"dressing_room, music_studio, archive, office, clean_room",23584
5059,121416,indoor,"dressing_room, music_studio, office, archive, shower",23584
5060,121440,indoor,"museum/indoor, archive, beauty_salon, dressing_room, library/indoor",23584
5061,121464,indoor,"museum/indoor, archive, beauty_salon, lecture_room, classroom",23584
5062,121488,indoor,"archive, museum/indoor, beauty_salon, library/indoor, classroom",23584
5063,121512,indoor,"dressing_room, archive, music_studio, office, sauna",23584
5064,121536,indoor,"museum/indoor, archive, beauty_salon, dressing_room, music_studio",23584
5065,121560,indoor,"dressing_room, beauty_salon, music_studio, museum/indoor, archive",23584
5066,121584,indoor,"dressing_room, office, music_studio, television_studio, archive",23584
5067,121608,indoor,"dressing_room, music_studio, office, beauty_salon, television_studio",23584
5068,121632,indoor,"dressing_room, beauty_salon, music_studio, stage/indoor, office",23584
5069,121656,indoor,"dressing_room, music_studio, archive, beauty_salon, office",23584
5070,121680,indoor,"dressing_room, music_studio, office, archive, bow_window/indoor",23584
5071,121704,indoor,"dressing_room, music_studio, sauna, shower, office",23584
5072,121728,indoor,"dressing_room, music_studio, beauty_salon, office, archive",23584
5073,121752,indoor,"dressing_room, music_studio, archive, office, beauty_salon",23584
5074,121776,indoor,"dressing_room, music_studio, archive, office, museum/indoor",23584
5075,121800,indoor,"dressing_room, discotheque, ballroom, museum/indoor, beauty_salon",23584
5076,121824,indoor,"dressing_room, ballroom, museum/indoor, archive, office",23584
5077,121848,indoor,"museum/indoor, beauty_salon, dressing_room, discotheque, ballroom",23584
5078,121872,indoor,"dressing_room, discotheque, beauty_salon, ballroom, museum/indoor",23584
5079,121896,indoor,"dressing_room, beauty_salon, ballroom, discotheque, museum/indoor",23584
5080,121920,indoor,"dressing_room, ballroom, sauna, locker_room, museum/indoor",23584
5081,121944,indoor,"dressing_room, discotheque, ballroom, beauty_salon, museum/indoor",23584
5082,121968,indoor,"dressing_room, beauty_salon, discotheque, museum/indoor, ballroom",23584
5083,121992,indoor,"dressing_room, archive, locker_room, museum/indoor, office",23584
5084,122016,indoor,"dressing_room, archive, museum/indoor, music_studio, clean_room",23584
5085,122040,indoor,"dressing_room, archive, museum/indoor, music_studio, clean_room",23584
5086,122064,indoor,"dressing_room, music_studio, museum/indoor, archive, discotheque",23584
5087,122088,indoor,"dressing_room, museum/indoor, music_studio, archive, clean_room",23584
5088,122112,indoor,"dressing_room, museum/indoor, archive, music_studio, office",23584
5089,122136,indoor,"dressing_room, museum/indoor, bow_window/indoor, archive, music_studio",23584
5090,122160,indoor,"dressing_room, museum/indoor, music_studio, office, shower",23584
5091,122184,indoor,"dressing_room, archive, museum/indoor, office, music_studio",23584
5092,122208,indoor,"archive, dressing_room, museum/indoor, office, music_studio",23584
5093,122232,indoor,"dressing_room, museum/indoor, music_studio, bow_window/indoor, shower",23584
5094,122256,indoor,"dressing_room, bow_window/indoor, music_studio, shower, museum/indoor",23584
5095,122280,indoor,"bow_window/indoor, artists_loft, art_gallery, clean_room, office",23584
5096,122304,indoor,"bow_window/indoor, clean_room, artists_loft, office, art_gallery",23584
5097,122328,indoor,"art_gallery, museum/indoor, artists_loft, bow_window/indoor, clean_room",23584
5098,122352,indoor,"bow_window/indoor, artists_loft, art_gallery, clean_room, museum/indoor",23584
5099,122376,indoor,"bow_window/indoor, artists_loft, art_gallery, museum/indoor, clean_room",23584
5100,122400,indoor,"elevator/door, shower, elevator_shaft, server_room, chemistry_lab",23584
5101,122424,outdoor,"tower, wind_farm, elevator/door, skyscraper, shower",23584
5102,122448,indoor,"elevator/door, elevator_lobby, locker_room, server_room, clean_room",23584
5103,122472,indoor,"elevator/door, elevator_lobby, locker_room, clean_room, atrium/public",23584
5104,122496,indoor,"elevator/door, elevator_lobby, office, locker_room, lecture_room",23584
5105,122520,indoor,"bow_window/indoor, clean_room, art_gallery, artists_loft, office",23584
5106,122544,indoor,"bow_window/indoor, clean_room, office, artists_loft, art_gallery",23584
5107,122568,indoor,"clean_room, bow_window/indoor, artists_loft, art_gallery, office",23584
5108,122592,indoor,"clean_room, bow_window/indoor, artists_loft, art_gallery, office",23584
5109,122616,indoor,"bow_window/indoor, clean_room, artists_loft, art_gallery, office",23584
5110,122640,indoor,"bow_window/indoor, clean_room, artists_loft, art_gallery, office",23584
5111,122664,indoor,"bow_window/indoor, clean_room, artists_loft, art_gallery, office",23584
5112,122688,indoor,"bow_window/indoor, clean_room, artists_loft, art_gallery, office",23584
5113,122712,indoor,"bow_window/indoor, clean_room, artists_loft, art_gallery, office",23584
5114,122736,indoor,"bow_window/indoor, clean_room, art_gallery, artists_loft, office",23584
5115,122760,indoor,"bow_window/indoor, clean_room, art_gallery, artists_loft, office",23584
5116,122784,indoor,"clean_room, elevator/door, chemistry_lab, shower, elevator_lobby",23584
5117,122808,indoor,"elevator/door, corridor, elevator_lobby, staircase, clean_room",23584
5118,122832,indoor,"clean_room, server_room, art_gallery, office, corridor",23584
5119,122856,indoor,"reception, clean_room, office, server_room, art_gallery",23584
5120,122880,indoor,"office, server_room, office_cubicles, corridor, reception",23584
5121,122904,indoor,"reception, office, server_room, corridor, office_cubicles",23584
5122,122928,indoor,"reception, office, server_room, office_cubicles, corridor",23584
5123,122952,indoor,"reception, office, server_room, office_cubicles, corridor",23584
5124,122976,indoor,"clean_room, reception, office, server_room, corridor",23584
5125,123000,indoor,"clean_room, office, server_room, reception, office_cubicles",23584
5126,123024,indoor,"clean_room, server_room, reception, office, art_gallery",23584
5127,123048,indoor,"clean_room, art_gallery, reception, office, server_room",23584
5128,123072,indoor,"clean_room, art_gallery, reception, museum/indoor, office",23584
5129,123096,indoor,"clean_room, art_gallery, chemistry_lab, server_room, reception",23584
5130,123120,indoor,"clean_room, server_room, reception, elevator_lobby, art_gallery",23584
5131,123144,indoor,"clean_room, reception, art_gallery, elevator_lobby, office",23584
5132,123168,indoor,"art_gallery, reception, artists_loft, bow_window/indoor, server_room",23584
5133,123192,indoor,"art_gallery, aquarium, science_museum, natural_history_museum, shower",23584
5134,123216,indoor,"lecture_room, office, classroom, conference_center, chemistry_lab",23584
5135,123240,indoor,"clean_room, dressing_room, clothing_store, operating_room, locker_room",23584
5136,123264,indoor,"clean_room, bow_window/indoor, office, art_gallery, office_cubicles",23584
5137,123288,indoor,"bow_window/indoor, office, clean_room, home_office, office_cubicles",23584
5138,123312,indoor,"bow_window/indoor, office, clean_room, art_gallery, server_room",23584
5139,123336,indoor,"shower, art_gallery, museum/indoor, bow_window/indoor, aquarium",23584
5140,123360,indoor,"art_gallery, alcove, home_theater, artists_loft, clean_room",23584
5141,123384,indoor,"alcove, art_gallery, elevator/door, artists_loft, home_theater",23584
5142,123408,indoor,"art_gallery, alcove, bow_window/indoor, shower, home_theater",23584
5143,123432,indoor,"art_gallery, bow_window/indoor, alcove, home_theater, aquarium",23584
5144,123456,indoor,"shower, sky, art_gallery, bow_window/indoor, aquarium",23584
5145,123480,indoor,"aquarium, science_museum, iceberg, art_gallery, sky",23584
5146,123504,indoor,"bow_window/indoor, basement, wet_bar, nursery, alcove",23584
5147,123528,indoor,"bow_window/indoor, nursery, alcove, entrance_hall, museum/indoor",23584
5148,123552,indoor,"clean_room, chemistry_lab, hospital_room, biology_laboratory, office",23584
5149,123576,indoor,"iceberg, clean_room, shoe_shop, office, museum/indoor",23584
5150,123600,outdoor,"iceberg, ice_shelf, stage/indoor, art_gallery, igloo",23584
5151,123624,indoor,"art_gallery, museum/indoor, iceberg, stage/indoor, ice_shelf",23584
5152,123648,indoor,"clean_room, museum/indoor, dressing_room, locker_room, discotheque",23584
5153,123672,indoor,"clean_room, museum/indoor, dressing_room, locker_room, archive",23584
5154,123696,indoor,"clean_room, office, museum/indoor, bow_window/indoor, art_gallery",23584
5155,123720,indoor,"aquarium, clean_room, office, shower, bow_window/indoor",23584
5156,123744,indoor,"clean_room, dressing_room, shower, bathroom, kitchen",23584
5157,123768,indoor,"clean_room, dressing_room, beauty_salon, shower, chemistry_lab",23584
5158,123792,indoor,"clean_room, chemistry_lab, shower, beauty_salon, dressing_room",23584
5159,123816,indoor,"clean_room, dressing_room, locker_room, shower, beauty_salon",23584
5160,123840,indoor,"clean_room, museum/indoor, locker_room, beauty_salon, dressing_room",23584
5161,123864,indoor,"clean_room, museum/indoor, dressing_room, locker_room, beauty_salon",23584
5162,123888,indoor,"clean_room, museum/indoor, dressing_room, locker_room, music_studio",23584
5163,123912,indoor,"museum/indoor, clean_room, stage/indoor, science_museum, natural_history_museum",23584
5164,123936,indoor,"clean_room, museum/indoor, dressing_room, music_studio, art_gallery",23584
5165,123960,indoor,"museum/indoor, clean_room, dressing_room, locker_room, stage/indoor",23584
5166,123984,indoor,"clean_room, museum/indoor, dressing_room, locker_room, stage/indoor",23584
5167,124008,indoor,"clean_room, museum/indoor, dressing_room, locker_room, hospital_room",23584
5168,124032,indoor,"clean_room, locker_room, dressing_room, hospital_room, museum/indoor",23584
5169,124056,indoor,"clean_room, locker_room, museum/indoor, dressing_room, hospital_room",23584
5170,124080,indoor,"clean_room, dressing_room, locker_room, museum/indoor, hospital_room",23584
5171,124104,indoor,"museum/indoor, clean_room, locker_room, dressing_room, archive",23584
5172,124128,indoor,"clean_room, locker_room, museum/indoor, dressing_room, archive",23584
5173,124152,indoor,"dressing_room, museum/indoor, clean_room, ballroom, beauty_salon",23584
5174,124176,indoor,"dressing_room, museum/indoor, clean_room, beauty_salon, ballroom",23584
5175,124200,indoor,"dressing_room, clean_room, locker_room, chemistry_lab, operating_room",23584
5176,124224,indoor,"dressing_room, clean_room, sauna, museum/indoor, locker_room",23584
5177,124248,indoor,"dressing_room, locker_room, clean_room, sauna, beauty_salon",23584
5178,124272,indoor,"locker_room, jail_cell, clean_room, dressing_room, chemistry_lab",23584
5179,124296,indoor,"clean_room, dressing_room, museum/indoor, locker_room, art_gallery",23584
5180,124320,indoor,"clean_room, dressing_room, locker_room, shower, chemistry_lab",23584
5181,124344,indoor,"clean_room, dressing_room, museum/indoor, art_gallery, clothing_store",23584
5182,124368,indoor,"clean_room, museum/indoor, dressing_room, music_studio, clothing_store",23584
5183,124392,indoor,"clean_room, museum/indoor, operating_room, dressing_room, music_studio",23584
5184,124416,indoor,"clean_room, museum/indoor, operating_room, dressing_room, art_gallery",23584
5185,124440,indoor,"clean_room, museum/indoor, dressing_room, operating_room, art_gallery",23584
5186,124464,indoor,"clean_room, museum/indoor, dressing_room, operating_room, art_gallery",23584
5187,124488,indoor,"museum/indoor, clean_room, dressing_room, archive, beauty_salon",23584
5188,124512,indoor,"museum/indoor, clean_room, dressing_room, archive, beauty_salon",23584
5189,124536,indoor,"museum/indoor, clean_room, dressing_room, archive, art_gallery",23584
5190,124560,indoor,"clean_room, museum/indoor, art_gallery, dressing_room, operating_room",23584
5191,124584,indoor,"museum/indoor, clean_room, dressing_room, art_gallery, operating_room",23584
5192,124608,indoor,"museum/indoor, clean_room, dressing_room, art_gallery, science_museum",23584
5193,124632,indoor,"museum/indoor, clean_room, dressing_room, art_gallery, science_museum",23584
5194,124656,indoor,"museum/indoor, clean_room, dressing_room, art_gallery, science_museum",23584
5195,124680,indoor,"clean_room, museum/indoor, dressing_room, operating_room, art_gallery",23584
5196,124704,indoor,"clean_room, museum/indoor, dressing_room, operating_room, hospital_room",23584
5197,124728,indoor,"clean_room, museum/indoor, dressing_room, operating_room, locker_room",23584
5198,124752,indoor,"museum/indoor, clean_room, dressing_room, art_gallery, operating_room",23584
5199,124776,indoor,"museum/indoor, clean_room, operating_room, art_gallery, dressing_room",23584
5200,124800,indoor,"clean_room, museum/indoor, dressing_room, operating_room, art_gallery",23584
5201,124824,indoor,"museum/indoor, clean_room, dressing_room, art_gallery, operating_room",23584
5202,124848,indoor,"museum/indoor, clean_room, art_gallery, dressing_room, operating_room",23584
5203,124872,indoor,"museum/indoor, clean_room, dressing_room, art_gallery, operating_room",23584
5204,124896,indoor,"clean_room, museum/indoor, operating_room, archive, hospital_room",23584
5205,124920,indoor,"museum/indoor, clean_room, dressing_room, locker_room, archive",23584
5206,124944,indoor,"museum/indoor, clean_room, dressing_room, beauty_salon, science_museum",23584
5207,124968,indoor,"clean_room, museum/indoor, dressing_room, art_gallery, archive",23584
5208,124992,indoor,"clean_room, museum/indoor, dressing_room, art_gallery, operating_room",23584
5209,125016,indoor,"clean_room, museum/indoor, operating_room, dressing_room, archive",23584
5210,125040,indoor,"clean_room, museum/indoor, dressing_room, locker_room, operating_room",23584
5211,125064,indoor,"clean_room, museum/indoor, archive, operating_room, dressing_room",23584
5212,125088,indoor,"clean_room, museum/indoor, operating_room, dressing_room, archive",23584
5213,125112,indoor,"clean_room, museum/indoor, dressing_room, art_gallery, locker_room",23584
5214,125136,indoor,"museum/indoor, clean_room, dressing_room, locker_room, archive",23584
5215,125160,indoor,"dressing_room, museum/indoor, clean_room, locker_room, art_gallery",23584
5216,125184,indoor,"dressing_room, clean_room, museum/indoor, art_gallery, clothing_store",23584
5217,125208,indoor,"museum/indoor, clean_room, dressing_room, art_gallery, music_studio",23584
5218,125232,indoor,"staircase, entrance_hall, museum/indoor, clean_room, corridor",23584
5219,125256,indoor,"chemistry_lab, bathroom, shower, clean_room, museum/indoor",23584
5220,125280,indoor,"clean_room, museum/indoor, science_museum, natural_history_museum, archive",23584
5221,125304,indoor,"museum/indoor, science_museum, clean_room, archive, natural_history_museum",23584
5222,125328,indoor,"museum/indoor, science_museum, clean_room, archive, natural_history_museum",23584
5223,125352,indoor,"museum/indoor, science_museum, clean_room, archive, natural_history_museum",23584
5224,125376,indoor,"clean_room, museum/indoor, science_museum, art_gallery, operating_room",23584
5225,125400,indoor,"museum/indoor, clean_room, science_museum, archive, art_gallery",23584
5226,125424,indoor,"dressing_room, shower, bathroom, discotheque, stage/indoor",23584
5227,125448,indoor,"dressing_room, stage/indoor, discotheque, museum/indoor, beauty_salon",23584
5228,125472,indoor,"museum/indoor, clean_room, archive, science_museum, natural_history_museum",23584
5229,125496,indoor,"museum/indoor, archive, clean_room, science_museum, natural_history_museum",23584
5230,125520,indoor,"museum/indoor, archive, clean_room, science_museum, natural_history_museum",23584
5231,125544,indoor,"museum/indoor, clean_room, archive, science_museum, natural_history_museum",23584
5232,125568,indoor,"museum/indoor, clean_room, archive, science_museum, natural_history_museum",23584
5233,125592,indoor,"museum/indoor, science_museum, clean_room, archive, natural_history_museum",23584
5234,125616,indoor,"museum/indoor, clean_room, science_museum, archive, natural_history_museum",23584
5235,125640,indoor,"museum/indoor, clean_room, science_museum, archive, natural_history_museum",23584
5236,125664,indoor,"clean_room, museum/indoor, dressing_room, art_gallery, music_studio",23584
5237,125688,indoor,"museum/indoor, clean_room, archive, science_museum, natural_history_museum",23584
5238,125712,indoor,"clean_room, museum/indoor, science_museum, archive, natural_history_museum",23584
5239,125736,indoor,"clean_room, museum/indoor, science_museum, archive, natural_history_museum",23584
5240,125760,indoor,"museum/indoor, clean_room, science_museum, archive, natural_history_museum",23584
5241,125784,indoor,"museum/indoor, clean_room, science_museum, archive, natural_history_museum",23584
5242,125808,indoor,"clean_room, museum/indoor, archive, science_museum, art_gallery",23584
5243,125832,indoor,"clean_room, museum/indoor, archive, music_studio, science_museum",23584
5244,125856,indoor,"clean_room, museum/indoor, archive, science_museum, music_studio",23584
5245,125880,indoor,"clean_room, museum/indoor, archive, science_museum, music_studio",23584
5246,125904,indoor,"clean_room, museum/indoor, archive, science_museum, music_studio",23584
5247,125928,indoor,"museum/indoor, art_gallery, dressing_room, archive, stage/indoor",23584
5248,125952,indoor,"museum/indoor, dressing_room, art_gallery, stage/indoor, beauty_salon",23584
5249,125976,indoor,"dressing_room, museum/indoor, art_gallery, shower, bathroom",23584
5250,126000,indoor,"dressing_room, museum/indoor, art_gallery, shower, bathroom",23584
5251,126024,indoor,"museum/indoor, art_gallery, natural_history_museum, dressing_room, stage/indoor",23584
5252,126048,indoor,"museum/indoor, art_gallery, natural_history_museum, dressing_room, stage/indoor",23584
5253,126072,indoor,"dressing_room, museum/indoor, shower, art_gallery, bathroom",23584
5254,126096,indoor,"beauty_salon, conference_center, television_studio, museum/indoor, clean_room",23584
5255,126120,indoor,"beauty_salon, museum/indoor, clean_room, conference_center, television_studio",23584
5256,126144,indoor,"beauty_salon, conference_center, office, television_studio, clean_room",23584
5257,126168,indoor,"dressing_room, clean_room, office, beauty_salon, television_studio",23584
5258,126192,indoor,"dressing_room, clean_room, office, beauty_salon, television_studio",23584
5259,126216,indoor,"conference_center, beauty_salon, television_studio, office, music_studio",23584
5260,126240,indoor,"conference_center, television_studio, beauty_salon, office, music_studio",23584
5261,126264,indoor,"beauty_salon, television_studio, conference_center, office, music_studio",23584
5262,126288,indoor,"dressing_room, clean_room, office, beauty_salon, television_studio",23584
5263,126312,indoor,"dressing_room, clean_room, beauty_salon, office, television_studio",23584
5264,126336,indoor,"beauty_salon, television_studio, conference_center, clean_room, music_studio",23584
5265,126360,indoor,"museum/indoor, archive, art_gallery, science_museum, natural_history_museum",23584
5266,126384,indoor,"museum/indoor, archive, art_gallery, science_museum, natural_history_museum",23584
5267,126408,indoor,"museum/indoor, archive, art_gallery, science_museum, lecture_room",23584
5268,126432,indoor,"museum/indoor, archive, science_museum, art_gallery, natural_history_museum",23584
5269,126456,indoor,"museum/indoor, art_gallery, science_museum, archive, music_studio",23584
5270,126480,indoor,"museum/indoor, art_gallery, archive, science_museum, lecture_room",23584
5271,126504,indoor,"dressing_room, television_studio, office, stage/indoor, music_studio",23584
5272,126528,indoor,"dressing_room, music_studio, television_studio, stage/indoor, office",23584
5273,126552,indoor,"museum/indoor, clean_room, archive, science_museum, natural_history_museum",23584
5274,126576,indoor,"museum/indoor, archive, clean_room, science_museum, natural_history_museum",23584
5275,126600,indoor,"museum/indoor, archive, clean_room, science_museum, natural_history_museum",23584
5276,126624,indoor,"museum/indoor, clean_room, archive, science_museum, natural_history_museum",23584
5277,126648,indoor,"museum/indoor, archive, clean_room, science_museum, natural_history_museum",23584
5278,126672,indoor,"museum/indoor, archive, science_museum, natural_history_museum, clean_room",23584
5279,126696,indoor,"clean_room, museum/indoor, archive, science_museum, dressing_room",23584
5280,126720,indoor,"clean_room, museum/indoor, archive, science_museum, dressing_room",23584
5281,126744,indoor,"museum/indoor, clean_room, science_museum, archive, natural_history_museum",23584
5282,126768,indoor,"clean_room, museum/indoor, dressing_room, chemistry_lab, biology_laboratory",23584
5283,126792,indoor,"clean_room, museum/indoor, dressing_room, chemistry_lab, biology_laboratory",23584
5284,126816,indoor,"museum/indoor, clean_room, dressing_room, archive, beauty_salon",23584
5285,126840,indoor,"clean_room, dressing_room, museum/indoor, clothing_store, beauty_salon",23584
5286,126864,indoor,"museum/indoor, clean_room, archive, beauty_salon, science_museum",23584
5287,126888,indoor,"museum/indoor, clean_room, beauty_salon, archive, dressing_room",23584
5288,126912,indoor,"museum/indoor, clean_room, archive, beauty_salon, science_museum",23584
5289,126936,indoor,"museum/indoor, clean_room, archive, beauty_salon, dressing_room",23584
5290,126960,indoor,"clean_room, dressing_room, museum/indoor, hospital_room, operating_room",23584
5291,126984,indoor,"clean_room, dressing_room, museum/indoor, music_studio, operating_room",23584
5292,127008,indoor,"clean_room, dressing_room, beauty_salon, museum/indoor, clothing_store",23584
5293,127032,indoor,"clean_room, dressing_room, museum/indoor, beauty_salon, hospital_room",23584
5294,127056,indoor,"clean_room, dressing_room, museum/indoor, clothing_store, art_gallery",23584
5295,127080,indoor,"clean_room, museum/indoor, dressing_room, chemistry_lab, art_gallery",23584
5296,127104,indoor,"clean_room, museum/indoor, chemistry_lab, biology_laboratory, dressing_room",23584
5297,127128,indoor,"bow_window/indoor, shower, bathroom, elevator/door, utility_room",23584
5298,127152,indoor,"clean_room, bow_window/indoor, elevator/door, shower, locker_room",23584
5299,127176,indoor,"conference_center, lecture_room, office, museum/indoor, conference_room",23584
5300,127200,indoor,"conference_center, lecture_room, museum/indoor, office, archive",23584
5301,127224,indoor,"bow_window/indoor, office, elevator/door, conference_room, conference_center",23584
5302,127248,indoor,"clean_room, museum/indoor, dressing_room, clothing_store, science_museum",23584
5303,127272,indoor,"clean_room, dressing_room, museum/indoor, clothing_store, locker_room",23584
5304,127296,indoor,"clean_room, museum/indoor, dressing_room, clothing_store, archive",23584
5305,127320,indoor,"clean_room, museum/indoor, chemistry_lab, biology_laboratory, dressing_room",23584
5306,127344,indoor,"clean_room, dressing_room, museum/indoor, operating_room, chemistry_lab",23584
5307,127368,indoor,"clean_room, museum/indoor, dressing_room, chemistry_lab, art_gallery",23584
5308,127392,indoor,"clean_room, museum/indoor, dressing_room, chemistry_lab, dining_room",23584
5309,127416,indoor,"dining_room, museum/indoor, archive, library/indoor, bow_window/indoor",23584
5310,127440,indoor,"museum/indoor, dining_room, chemistry_lab, archive, science_museum",23584
5311,127464,indoor,"museum/indoor, science_museum, natural_history_museum, music_studio, archive",23584
5312,127488,indoor,"museum/indoor, archive, chemistry_lab, clean_room, beauty_salon",23584
5313,127512,indoor,"museum/indoor, science_museum, chemistry_lab, stage/indoor, music_studio",23584
5314,127536,indoor,"museum/indoor, clean_room, chemistry_lab, science_museum, music_studio",23584
5315,127560,indoor,"museum/indoor, clean_room, chemistry_lab, science_museum, physics_laboratory",23584
5316,127584,indoor,"museum/indoor, science_museum, clean_room, chemistry_lab, natural_history_museum",23584
5317,127608,indoor,"museum/indoor, science_museum, clean_room, chemistry_lab, dressing_room",23584
5318,127632,indoor,"discotheque, dressing_room, clean_room, art_gallery, stage/indoor",23584
5319,127656,indoor,"discotheque, art_gallery, dressing_room, clean_room, elevator/door",23584
5320,127680,indoor,"dressing_room, discotheque, elevator/door, clean_room, art_gallery",23584
5321,127704,indoor,"museum/indoor, archive, art_gallery, science_museum, beauty_salon",23584
5322,127728,indoor,"museum/indoor, science_museum, archive, art_gallery, beauty_salon",23584
5323,127752,indoor,"museum/indoor, science_museum, archive, natural_history_museum, art_gallery",23584
5324,127776,indoor,"clean_room, office, dressing_room, discotheque, chemistry_lab",23584
5325,127800,indoor,"chemistry_lab, clean_room, biology_laboratory, office, archive",23584
5326,127824,indoor,"discotheque, dressing_room, stage/indoor, locker_room, museum/indoor",23584
5327,127848,indoor,"clean_room, music_studio, chemistry_lab, discotheque, biology_laboratory",23584
5328,127872,indoor,"discotheque, music_studio, stage/indoor, dressing_room, museum/indoor",23584
5329,127896,indoor,"museum/indoor, natural_history_museum, science_museum, music_studio, archive",23584
5330,127920,indoor,"museum/indoor, natural_history_museum, science_museum, music_studio, airport_terminal",23584
5331,127944,indoor,"museum/indoor, natural_history_museum, science_museum, music_studio, stage/indoor",23584
5332,127968,indoor,"discotheque, dressing_room, clean_room, art_gallery, chemistry_lab",23584
5333,127992,indoor,"discotheque, music_studio, chemistry_lab, dressing_room, biology_laboratory",23584
5334,128016,indoor,"museum/indoor, art_gallery, music_studio, archive, discotheque",23584
5335,128040,indoor,"dressing_room, discotheque, museum/indoor, art_gallery, locker_room",23584
5336,128064,indoor,"dressing_room, clean_room, art_gallery, discotheque, elevator/door",23584
5337,128088,indoor,"museum/indoor, conference_center, office, art_gallery, archive",23584
5338,128112,indoor,"museum/indoor, archive, office, conference_center, lecture_room",23584
5339,128136,indoor,"museum/indoor, archive, office, art_gallery, conference_center",23584
5340,128160,indoor,"office, chemistry_lab, dressing_room, clean_room, biology_laboratory",23584
5341,128184,indoor,"dressing_room, discotheque, museum/indoor, art_gallery, music_studio",23584
5342,128208,indoor,"discotheque, chemistry_lab, dressing_room, music_studio, art_gallery",23584
5343,128232,indoor,"chemistry_lab, biology_laboratory, discotheque, music_studio, dressing_room",23584
5344,128256,indoor,"chemistry_lab, discotheque, biology_laboratory, music_studio, dressing_room",23584
5345,128280,indoor,"chemistry_lab, biology_laboratory, museum/indoor, discotheque, music_studio",23584
5346,128304,indoor,"chemistry_lab, discotheque, biology_laboratory, clean_room, dressing_room",23584
5347,128328,indoor,"museum/indoor, discotheque, dressing_room, music_studio, nursing_home",23584
5348,128352,indoor,"discotheque, music_studio, dressing_room, stage/indoor, bar",23584
5349,128376,indoor,"discotheque, music_studio, dressing_room, martial_arts_gym, chemistry_lab",23584
5350,128400,indoor,"martial_arts_gym, chemistry_lab, discotheque, biology_laboratory, clean_room",23584
5351,128424,indoor,"discotheque, stage/indoor, music_studio, dressing_room, martial_arts_gym",23584
5352,128448,indoor,"discotheque, stage/indoor, dressing_room, music_studio, museum/indoor",23584
5353,128472,indoor,"discotheque, biology_laboratory, chemistry_lab, museum/indoor, dressing_room",23584
5354,128496,indoor,"museum/indoor, dressing_room, archive, discotheque, beauty_salon",23584
5355,128520,indoor,"museum/indoor, discotheque, dressing_room, art_gallery, stage/indoor",23584
5356,128544,indoor,"museum/indoor, science_museum, chemistry_lab, clean_room, music_studio",23584
5357,128568,indoor,"museum/indoor, archive, natural_history_museum, music_studio, clean_room",23584
5358,128592,indoor,"museum/indoor, music_studio, clean_room, stage/indoor, archive",23584
5359,128616,indoor,"museum/indoor, archive, science_museum, clean_room, art_gallery",23584
5360,128640,indoor,"music_studio, museum/indoor, dressing_room, clean_room, science_museum",23584
5361,128664,indoor,"museum/indoor, science_museum, music_studio, art_studio, art_gallery",23584
5362,128688,indoor,"museum/indoor, music_studio, science_museum, martial_arts_gym, art_gallery",23584
5363,128712,indoor,"museum/indoor, music_studio, science_museum, clean_room, art_gallery",23584
5364,128736,indoor,"museum/indoor, natural_history_museum, science_museum, art_gallery, archive",23584
5365,128760,indoor,"museum/indoor, music_studio, science_museum, archive, stage/indoor",23584
5366,128784,indoor,"museum/indoor, science_museum, natural_history_museum, art_gallery, music_studio",23584
5367,128808,indoor,"museum/indoor, science_museum, natural_history_museum, art_gallery, clean_room",23584
5368,128832,indoor,"museum/indoor, music_studio, science_museum, natural_history_museum, stage/indoor",23584
5369,128856,indoor,"museum/indoor, science_museum, natural_history_museum, art_gallery, clean_room",23584
5370,128880,indoor,"museum/indoor, science_museum, natural_history_museum, art_gallery, music_studio",23584
5371,128904,indoor,"museum/indoor, science_museum, music_studio, natural_history_museum, clean_room",23584
5372,128928,indoor,"museum/indoor, science_museum, natural_history_museum, music_studio, art_gallery",23584
5373,128952,indoor,"museum/indoor, science_museum, natural_history_museum, art_gallery, music_studio",23584
5374,128976,indoor,"museum/indoor, science_museum, natural_history_museum, art_gallery, clean_room",23584
5375,129000,indoor,"museum/indoor, office, art_gallery, music_studio, science_museum",23584
5376,129024,indoor,"clean_room, music_studio, office, museum/indoor, art_gallery",23584
5377,129048,indoor,"museum/indoor, clean_room, music_studio, art_gallery, office",23584
5378,129072,indoor,"museum/indoor, art_gallery, music_studio, clean_room, science_museum",23584
5379,129096,indoor,"museum/indoor, music_studio, science_museum, art_gallery, natural_history_museum",23584
5380,129120,indoor,"museum/indoor, music_studio, art_gallery, science_museum, stage/indoor",23584
5381,129144,indoor,"museum/indoor, music_studio, martial_arts_gym, stage/indoor, art_gallery",23584
5382,129168,indoor,"museum/indoor, natural_history_museum, science_museum, archive, music_studio",23584
5383,129192,indoor,"museum/indoor, natural_history_museum, science_museum, archive, music_studio",23584
5384,129216,indoor,"clean_room, music_studio, museum/indoor, office, nursery",23584
5385,129240,indoor,"museum/indoor, natural_history_museum, art_gallery, science_museum, nursery",23584
5386,129264,indoor,"archive, museum/indoor, schoolhouse, classroom, clean_room",23584
5387,129288,indoor,"archive, clean_room, museum/indoor, music_studio, locker_room",23584
5388,129312,indoor,"clean_room, archive, museum/indoor, operating_room, hospital_room",23584
5389,129336,indoor,"clean_room, archive, operating_room, schoolhouse, hospital_room",23584
5390,129360,indoor,"clean_room, archive, museum/indoor, music_studio, operating_room",23584
5391,129384,indoor,"clean_room, archive, museum/indoor, music_studio, operating_room",23584
5392,129408,indoor,"clean_room, archive, music_studio, museum/indoor, operating_room",23584
5393,129432,indoor,"clean_room, archive, hospital_room, operating_room, schoolhouse",23584
5394,129456,indoor,"clean_room, operating_room, hospital_room, archive, schoolhouse",23584
5395,129480,indoor,"clean_room, operating_room, hospital_room, archive, schoolhouse",23584
5396,129504,indoor,"clean_room, operating_room, hospital_room, schoolhouse, archive",23584
5397,129528,indoor,"clean_room, operating_room, archive, hospital_room, schoolhouse",23584
5398,129552,indoor,"clean_room, operating_room, archive, schoolhouse, hospital_room",23584
5399,129576,indoor,"clean_room, operating_room, archive, hospital_room, music_studio",23584
5400,129600,indoor,"clean_room, operating_room, archive, music_studio, museum/indoor",23584
5401,129624,indoor,"clean_room, operating_room, archive, music_studio, hospital_room",23584
5402,129648,indoor,"clean_room, operating_room, archive, music_studio, museum/indoor",23584
5403,129672,indoor,"archive, clean_room, operating_room, schoolhouse, museum/indoor",23584
5404,129696,indoor,"clean_room, archive, music_studio, operating_room, museum/indoor",23584
5405,129720,indoor,"archive, clean_room, operating_room, hospital_room, schoolhouse",23584
5406,129744,indoor,"clean_room, archive, operating_room, schoolhouse, hospital_room",23584
5407,129768,indoor,"operating_room, clean_room, archive, hospital_room, music_studio",23584
5408,129792,indoor,"archive, clean_room, operating_room, hospital_room, schoolhouse",23584
5409,129816,indoor,"archive, clean_room, hospital_room, operating_room, schoolhouse",23584
5410,129840,indoor,"clean_room, archive, operating_room, schoolhouse, hospital_room",23584
5411,129864,indoor,"archive, clean_room, hospital_room, operating_room, schoolhouse",23584
5412,129888,indoor,"archive, clean_room, hospital_room, operating_room, schoolhouse",23584
5413,129912,indoor,"museum/indoor, archive, science_museum, lecture_room, natural_history_museum",23584
5414,129936,indoor,"museum/indoor, archive, science_museum, natural_history_museum, lecture_room",23584
5415,129960,indoor,"museum/indoor, archive, science_museum, lecture_room, natural_history_museum",23584
5416,129984,indoor,"museum/indoor, stage/indoor, dressing_room, discotheque, archive",23584
5417,130008,indoor,"museum/indoor, stage/indoor, dressing_room, music_studio, discotheque",23584
5418,130032,indoor,"museum/indoor, dressing_room, stage/indoor, art_gallery, martial_arts_gym",23584
5419,130056,indoor,"museum/indoor, stage/indoor, music_studio, television_studio, discotheque",23584
5420,130080,indoor,"museum/indoor, stage/indoor, dressing_room, music_studio, art_gallery",23584
5421,130104,indoor,"museum/indoor, stage/indoor, discotheque, martial_arts_gym, music_studio",23584
5422,130128,indoor,"museum/indoor, discotheque, stage/indoor, dressing_room, archive",23584
5423,130152,indoor,"clean_room, museum/indoor, dressing_room, hospital_room, martial_arts_gym",23584
5424,130176,indoor,"clean_room, martial_arts_gym, hospital_room, museum/indoor, nursery",23584
5425,130200,indoor,"museum/indoor, clean_room, stage/indoor, martial_arts_gym, discotheque",23584
5426,130224,indoor,"museum/indoor, clean_room, stage/indoor, martial_arts_gym, archive",23584
5427,130248,indoor,"museum/indoor, stage/indoor, clean_room, martial_arts_gym, discotheque",23584
5428,130272,indoor,"clean_room, martial_arts_gym, museum/indoor, dressing_room, stage/indoor",23584
5429,130296,indoor,"museum/indoor, archive, stage/indoor, lecture_room, discotheque",23584
5430,130320,indoor,"music_studio, stage/indoor, discotheque, museum/indoor, ballroom",23584
5431,130344,indoor,"locker_room, museum/indoor, martial_arts_gym, gymnasium/indoor, music_studio",23584
5432,130368,indoor,"discotheque, music_studio, martial_arts_gym, gymnasium/indoor, locker_room",23584
5433,130392,indoor,"discotheque, martial_arts_gym, museum/indoor, dressing_room, stage/indoor",23584
5434,130416,indoor,"clean_room, museum/indoor, art_gallery, discotheque, clothing_store",23584
5435,130440,indoor,"discotheque, music_studio, stage/indoor, dressing_room, clean_room",23584
5436,130464,indoor,"discotheque, ballroom, stage/indoor, martial_arts_gym, art_gallery",23584
5437,130488,indoor,"dressing_room, discotheque, stage/indoor, music_studio, locker_room",23584
5438,130512,indoor,"clean_room, museum/indoor, dressing_room, art_gallery, discotheque",23584
5439,130536,indoor,"museum/indoor, clean_room, stage/indoor, music_studio, art_gallery",23584
5440,130560,indoor,"museum/indoor, clean_room, stage/indoor, discotheque, music_studio",23584
5441,130584,indoor,"museum/indoor, clean_room, music_studio, art_gallery, science_museum",23584
5442,130608,indoor,"museum/indoor, clean_room, art_gallery, dressing_room, natural_history_museum",23584
5443,130632,indoor,"museum/indoor, clean_room, art_gallery, music_studio, art_studio",23584
5444,130656,indoor,"clean_room, museum/indoor, art_gallery, dressing_room, science_museum",23584
5445,130680,indoor,"museum/indoor, science_museum, art_gallery, music_studio, natural_history_museum",23584
5446,130704,indoor,"museum/indoor, music_studio, stage/indoor, locker_room, dressing_room",23584
5447,130728,indoor,"museum/indoor, music_studio, stage/indoor, conference_center, television_studio",23584
5448,130752,indoor,"dressing_room, museum/indoor, music_studio, ballroom, stage/indoor",23584
5449,130776,indoor,"bow_window/indoor, clean_room, living_room, office, dressing_room",23584
5450,130800,indoor,"stage/indoor, music_studio, discotheque, museum/indoor, ballroom",23584
5451,130824,indoor,"museum/indoor, dressing_room, beauty_salon, clean_room, discotheque",23584
5452,130848,indoor,"dressing_room, clean_room, museum/indoor, locker_room, music_studio",23584
5453,130872,indoor,"dressing_room, museum/indoor, clean_room, music_studio, art_gallery",23584
5454,130896,indoor,"ballroom, museum/indoor, discotheque, stage/indoor, clean_room",23584
5455,130920,indoor,"clean_room, museum/indoor, dressing_room, art_gallery, artists_loft",23584
5456,130944,indoor,"museum/indoor, elevator/door, clean_room, art_gallery, elevator_lobby",23584
5457,130968,indoor,"bow_window/indoor, museum/indoor, clean_room, archive, art_gallery",23584
5458,130992,indoor,"museum/indoor, music_studio, clean_room, stage/indoor, archive",23584
5459,131016,indoor,"museum/indoor, music_studio, archive, conference_center, stage/indoor",23584
5460,131040,indoor,"museum/indoor, archive, music_studio, stage/indoor, conference_center",23584
5461,131064,indoor,"museum/indoor, archive, music_studio, stage/indoor, conference_center",23584
5462,131088,indoor,"museum/indoor, archive, music_studio, conference_center, stage/indoor",23584
5463,131112,indoor,"museum/indoor, archive, music_studio, conference_center, office",23584
5464,131136,indoor,"music_studio, beauty_salon, office, stage/indoor, conference_center",23584
5465,131160,indoor,"music_studio, conference_center, archive, office, lecture_room",23584
5466,131184,indoor,"museum/indoor, clean_room, bow_window/indoor, music_studio, ballroom",23584
5467,131208,indoor,"clean_room, dressing_room, museum/indoor, martial_arts_gym, locker_room",23584
5468,131232,indoor,"clean_room, museum/indoor, dressing_room, operating_room, martial_arts_gym",23584
5469,131256,indoor,"clean_room, museum/indoor, dressing_room, operating_room, martial_arts_gym",23584
5470,131280,indoor,"clean_room, museum/indoor, dressing_room, martial_arts_gym, operating_room",23584
5471,131304,indoor,"clean_room, museum/indoor, dressing_room, operating_room, martial_arts_gym",23584
5472,131328,indoor,"clean_room, museum/indoor, dressing_room, operating_room, art_gallery",23584
5473,131352,indoor,"museum/indoor, dressing_room, clean_room, art_gallery, nursery",23584
5474,131376,indoor,"museum/indoor, clean_room, dressing_room, art_gallery, burial_chamber",23584
5475,131400,indoor,"museum/indoor, clean_room, dressing_room, art_gallery, burial_chamber",23584
5476,131424,indoor,"clean_room, museum/indoor, dressing_room, art_gallery, science_museum",23584
5477,131448,indoor,"museum/indoor, clean_room, dressing_room, art_gallery, discotheque",23584
5478,131472,indoor,"museum/indoor, dressing_room, clean_room, art_gallery, discotheque",23584
5479,131496,indoor,"museum/indoor, dressing_room, clean_room, art_gallery, sauna",23584
5480,131520,indoor,"clean_room, dressing_room, museum/indoor, art_gallery, clothing_store",23584
5481,131544,indoor,"clean_room, dressing_room, museum/indoor, art_gallery, hospital_room",23584
5482,131568,indoor,"museum/indoor, clean_room, stage/indoor, art_gallery, discotheque",23584
5483,131592,indoor,"clean_room, discotheque, dressing_room, ballroom, stage/indoor",23584
5484,131616,indoor,"clean_room, dressing_room, locker_room, clothing_store, closet",23584
5485,131640,indoor,"clean_room, museum/indoor, dressing_room, locker_room, closet",23584
5486,131664,indoor,"museum/indoor, clean_room, archive, dressing_room, art_gallery",23584
5487,131688,indoor,"museum/indoor, clean_room, dressing_room, locker_room, clothing_store",23584
5488,131712,indoor,"clean_room, dressing_room, museum/indoor, locker_room, closet",23584
5489,131736,indoor,"clean_room, dressing_room, closet, locker_room, elevator/door",23584
5490,131760,indoor,"locker_room, clean_room, bathroom, server_room, corridor",23584
5491,131784,indoor,"locker_room, server_room, clean_room, bathroom, corridor",23584
5492,131808,indoor,"dressing_room, music_studio, discotheque, bar, museum/indoor",23584
5493,131832,indoor,"clean_room, closet, elevator/door, bow_window/indoor, locker_room",23584
5494,131856,indoor,"clean_room, elevator/door, locker_room, dressing_room, sauna",23584
5495,131880,indoor,"staircase, basement, corridor, stable, alcove",23584
5496,131904,indoor,"clean_room, shower, archive, staircase, kennel/outdoor",23584
5497,131928,indoor,"museum/indoor, natural_history_museum, dressing_room, archive, art_gallery",23584
5498,131952,indoor,"clean_room, art_gallery, dressing_room, museum/indoor, clothing_store",23584
5499,131976,indoor,"shower, closet, dressing_room, bathroom, locker_room",23584
5500,132000,indoor,"clean_room, elevator/door, archive, bow_window/indoor, doorway/outdoor",23584
5501,132024,indoor,"museum/indoor, clean_room, bow_window/indoor, archive, alcove",23584
5502,132048,indoor,"museum/indoor, bow_window/indoor, archive, clean_room, atrium/public",23584
5503,132072,indoor,"clean_room, bathroom, shower, elevator_lobby, dressing_room",23584
5504,132096,indoor,"clean_room, bathroom, airplane_cabin, shower, closet",23584
5505,132120,indoor,"clean_room, bow_window/indoor, archive, closet, elevator/door",23584
5506,132144,indoor,"bow_window/indoor, clean_room, closet, elevator/door, archive",23584
5507,132168,indoor,"clean_room, elevator/door, bow_window/indoor, archive, closet",23584
5508,132192,indoor,"clean_room, elevator/door, bow_window/indoor, corridor, elevator_lobby",23584
5509,132216,indoor,"bow_window/indoor, clean_room, archive, closet, museum/indoor",23584
5510,132240,indoor,"shower, museum/indoor, clean_room, dressing_room, music_studio",23584
5511,132264,indoor,"museum/indoor, clean_room, shower, chemistry_lab, discotheque",23584
5512,132288,indoor,"stage/indoor, music_studio, discotheque, ballroom, clean_room",23584
5513,132312,indoor,"discotheque, music_studio, stage/indoor, ballroom, dressing_room",23584
5514,132336,indoor,"discotheque, music_studio, stage/indoor, dressing_room, ballroom",23584
5515,132360,indoor,"music_studio, discotheque, stage/indoor, ballroom, conference_center",23584
5516,132384,indoor,"discotheque, music_studio, stage/indoor, television_studio, museum/indoor",23584
5517,132408,indoor,"discotheque, music_studio, stage/indoor, television_studio, ballroom",23584
5518,132432,indoor,"discotheque, music_studio, stage/indoor, television_studio, museum/indoor",23584
5519,132456,indoor,"music_studio, stage/indoor, discotheque, museum/indoor, television_studio",23584
5520,132480,indoor,"music_studio, discotheque, stage/indoor, television_studio, museum/indoor",23584
5521,132504,indoor,"music_studio, stage/indoor, discotheque, television_studio, conference_center",23584
5522,132528,indoor,"music_studio, stage/indoor, discotheque, museum/indoor, television_studio",23584
5523,132552,indoor,"discotheque, music_studio, dressing_room, stage/indoor, ballroom",23584
5524,132576,indoor,"discotheque, dressing_room, stage/indoor, music_studio, museum/indoor",23584
5525,132600,indoor,"discotheque, music_studio, stage/indoor, television_studio, ballroom",23584
5526,132624,indoor,"discotheque, music_studio, stage/indoor, museum/indoor, ballroom",23584
5527,132648,indoor,"discotheque, dressing_room, music_studio, shower, clean_room",23584
5528,132672,indoor,"music_studio, discotheque, stage/indoor, museum/indoor, television_studio",23584
5529,132696,indoor,"discotheque, stage/indoor, music_studio, museum/indoor, television_studio",23584
5530,132720,indoor,"museum/indoor, science_museum, music_studio, stage/indoor, conference_center",23584
5531,132744,indoor,"museum/indoor, music_studio, stage/indoor, science_museum, conference_center",23584
5532,132768,indoor,"museum/indoor, music_studio, science_museum, stage/indoor, conference_center",23584
5533,132792,indoor,"discotheque, music_studio, stage/indoor, dressing_room, shower",23584
5534,132816,indoor,"museum/indoor, music_studio, stage/indoor, science_museum, television_studio",23584
5535,132840,indoor,"museum/indoor, music_studio, science_museum, television_studio, stage/indoor",23584
5536,132864,indoor,"stage/indoor, discotheque, music_studio, museum/indoor, television_studio",23584
5537,132888,indoor,"music_studio, discotheque, stage/indoor, conference_center, television_studio",23584
5538,132912,indoor,"music_studio, discotheque, stage/indoor, museum/indoor, conference_center",23584
5539,132936,indoor,"music_studio, museum/indoor, science_museum, television_studio, discotheque",23584
5540,132960,indoor,"music_studio, museum/indoor, television_studio, science_museum, beauty_salon",23584
5541,132984,indoor,"music_studio, museum/indoor, discotheque, beauty_salon, television_studio",23584
5542,133008,indoor,"music_studio, museum/indoor, science_museum, television_studio, conference_center",23584
5543,133032,indoor,"museum/indoor, music_studio, science_museum, archive, television_studio",23584
5544,133056,indoor,"museum/indoor, music_studio, discotheque, stage/indoor, science_museum",23584
5545,133080,indoor,"discotheque, music_studio, stage/indoor, dressing_room, television_studio",23584
5546,133104,indoor,"discotheque, music_studio, stage/indoor, dressing_room, shower",23584
5547,133128,indoor,"museum/indoor, music_studio, stage/indoor, discotheque, television_studio",23584
5548,133152,indoor,"museum/indoor, stage/indoor, music_studio, discotheque, television_studio",23584
5549,133176,indoor,"music_studio, stage/indoor, discotheque, museum/indoor, television_studio",23584
5550,133200,indoor,"discotheque, music_studio, stage/indoor, dressing_room, museum/indoor",23584
5551,133224,indoor,"discotheque, music_studio, stage/indoor, dressing_room, ballroom",23584
5552,133248,indoor,"discotheque, music_studio, stage/indoor, conference_center, television_studio",23584
5553,133272,indoor,"discotheque, stage/indoor, music_studio, television_studio, museum/indoor",23584
5554,133296,indoor,"stage/indoor, museum/indoor, music_studio, discotheque, television_studio",23584
5555,133320,indoor,"music_studio, discotheque, stage/indoor, television_studio, dressing_room",23584
5556,133344,indoor,"museum/indoor, music_studio, stage/indoor, discotheque, archive",23584
5557,133368,indoor,"music_studio, museum/indoor, discotheque, stage/indoor, television_studio",23584
5558,133392,indoor,"museum/indoor, music_studio, discotheque, stage/indoor, science_museum",23584
5559,133416,indoor,"music_studio, stage/indoor, discotheque, museum/indoor, television_studio",23584
5560,133440,indoor,"music_studio, stage/indoor, discotheque, television_studio, museum/indoor",23584
5561,133464,indoor,"entrance_hall, sauna, clean_room, bow_window/indoor, elevator/door",23584
5562,133488,indoor,"archive, clean_room, museum/indoor, entrance_hall, natural_history_museum",23584
5563,133512,indoor,"archive, museum/indoor, entrance_hall, natural_history_museum, schoolhouse",23584
5564,133536,indoor,"archive, sauna, clean_room, museum/indoor, doorway/outdoor",23584
5565,133560,indoor,"museum/indoor, natural_history_museum, science_museum, shower, sauna",23584
5566,133584,indoor,"bow_window/indoor, sauna, staircase, entrance_hall, closet",23584
5567,133608,indoor,"museum/indoor, archive, natural_history_museum, clean_room, elevator/door",23584
5568,133632,indoor,"museum/indoor, archive, natural_history_museum, science_museum, elevator/door",23584
5569,133656,indoor,"sauna, shower, clean_room, locker_room, elevator/door",23584
5570,133680,indoor,"clean_room, archive, museum/indoor, science_museum, natural_history_museum",23584
5571,133704,indoor,"discotheque, music_studio, museum/indoor, stage/indoor, dressing_room",23584
5572,133728,indoor,"discotheque, dressing_room, music_studio, stage/indoor, ballroom",23584
5573,133752,indoor,"discotheque, dressing_room, stage/indoor, music_studio, ballroom",23584
5574,133776,indoor,"discotheque, stage/indoor, music_studio, ballroom, dressing_room",23584
5575,133800,indoor,"discotheque, dressing_room, stage/indoor, music_studio, ballroom",23584
5576,133824,indoor,"dressing_room, music_studio, discotheque, shower, stage/indoor",23584
5577,133848,indoor,"beauty_salon, bedroom, dressing_room, hospital_room, hotel_room",23584
5578,133872,indoor,"bedroom, hospital_room, dressing_room, bedchamber, beauty_salon",23584
5579,133896,indoor,"bedroom, hospital_room, bedchamber, dressing_room, beauty_salon",23584
5580,133920,indoor,"bedroom, beauty_salon, bedchamber, hospital_room, hotel_room",23584
5581,133944,indoor,"beauty_salon, bedroom, dressing_room, bedchamber, clothing_store",23584
5582,133968,indoor,"beauty_salon, dressing_room, hospital_room, bedroom, clothing_store",23584
5583,133992,indoor,"beauty_salon, hospital_room, dressing_room, bedroom, hotel_room",23584
5584,134016,indoor,"beauty_salon, dressing_room, bedroom, hotel_room, bedchamber",23584
5585,134040,indoor,"dressing_room, beauty_salon, bedroom, hotel_room, bedchamber",23584
5586,134064,indoor,"beauty_salon, clean_room, bedroom, operating_room, hospital_room",23584
5587,134088,indoor,"beauty_salon, dressing_room, bedroom, bedchamber, hotel_room",23584
5588,134112,indoor,"bedroom, beauty_salon, dressing_room, hotel_room, bedchamber",23584
5589,134136,indoor,"bedroom, beauty_salon, hotel_room, bedchamber, dressing_room",23584
5590,134160,indoor,"bedroom, beauty_salon, hospital_room, operating_room, hotel_room",23584
5591,134184,indoor,"bedroom, beauty_salon, bedchamber, clothing_store, dressing_room",23584
5592,134208,indoor,"beauty_salon, dressing_room, jewelry_shop, hospital_room, hotel_room",23584
5593,134232,indoor,"jewelry_shop, gift_shop, museum/indoor, bakery/shop, candy_store",23584
5594,134256,indoor,"jewelry_shop, gift_shop, museum/indoor, bakery/shop, candy_store",23584
5595,134280,indoor,"jewelry_shop, gift_shop, museum/indoor, candy_store, bakery/shop",23584
5596,134304,indoor,"beauty_salon, bedroom, dressing_room, hotel_room, hospital_room",23584
5597,134328,indoor,"beauty_salon, clothing_store, clean_room, jewelry_shop, dressing_room",23584
5598,134352,indoor,"beauty_salon, bedroom, hotel_room, dressing_room, hospital_room",23584
5599,134376,indoor,"clean_room, science_museum, museum/indoor, natural_history_museum, art_gallery",23584
5600,134400,indoor,"clean_room, science_museum, natural_history_museum, museum/indoor, art_gallery",23584
5601,134424,indoor,"science_museum, museum/indoor, natural_history_museum, clean_room, stage/indoor",23584
5602,134448,indoor,"corridor, bow_window/indoor, artists_loft, museum/indoor, atrium/public",23584
5603,134472,indoor,"clean_room, museum/indoor, corridor, artists_loft, art_gallery",23584
5604,134496,indoor,"museum/indoor, art_gallery, corridor, artists_loft, clean_room",23584
5605,134520,indoor,"art_gallery, artists_loft, bow_window/indoor, clean_room, atrium/public",23584
5606,134544,indoor,"clean_room, art_gallery, corridor, artists_loft, bow_window/indoor",23584
5607,134568,indoor,"corridor, artists_loft, art_gallery, clean_room, elevator_lobby",23584
5608,134592,indoor,"clean_room, art_gallery, corridor, artists_loft, elevator_lobby",23584
5609,134616,indoor,"clean_room, corridor, art_gallery, elevator_lobby, artists_loft",23584
5610,134640,indoor,"clean_room, corridor, art_gallery, elevator_lobby, artists_loft",23584
5611,134664,indoor,"clean_room, corridor, art_gallery, elevator_lobby, artists_loft",23584
5612,134688,indoor,"clean_room, corridor, elevator_lobby, artists_loft, art_gallery",23584
5613,134712,indoor,"clean_room, corridor, art_gallery, bow_window/indoor, elevator_lobby",23584
5614,134736,indoor,"clean_room, chemistry_lab, elevator_lobby, biology_laboratory, art_gallery",23584
5615,134760,indoor,"clean_room, corridor, art_gallery, artists_loft, elevator_lobby",23584
5616,134784,indoor,"clean_room, elevator_lobby, art_gallery, atrium/public, bow_window/indoor",23584
5617,134808,indoor,"art_gallery, clean_room, museum/indoor, elevator_lobby, shower",23584
5618,134832,indoor,"elevator_lobby, art_gallery, clean_room, artists_loft, corridor",23584
5619,134856,indoor,"corridor, elevator_lobby, artists_loft, clean_room, art_gallery",23584
5620,134880,indoor,"science_museum, natural_history_museum, aquarium, clean_room, discotheque",23584
5621,134904,indoor,"natural_history_museum, science_museum, aquarium, clean_room, operating_room",23584
5622,134928,indoor,"natural_history_museum, aquarium, science_museum, museum/indoor, clean_room",23584
5623,134952,indoor,"aquarium, natural_history_museum, science_museum, conference_room, museum/indoor",23584
5624,134976,indoor,"clean_room, server_room, discotheque, locker_room, airport_terminal",23584
5625,135000,indoor,"clean_room, airport_terminal, chemistry_lab, server_room, biology_laboratory",23584
5626,135024,indoor,"clean_room, chemistry_lab, discotheque, biology_laboratory, museum/indoor",23584
5627,135048,indoor,"clean_room, server_room, discotheque, airport_terminal, chemistry_lab",23584
5628,135072,indoor,"clean_room, discotheque, server_room, chemistry_lab, airport_terminal",23584
5629,135096,indoor,"clean_room, server_room, discotheque, chemistry_lab, airport_terminal",23584
5630,135120,indoor,"clean_room, discotheque, airport_terminal, server_room, museum/indoor",23584
5631,135144,indoor,"science_museum, museum/indoor, natural_history_museum, clean_room, biology_laboratory",23584
5632,135168,indoor,"natural_history_museum, science_museum, museum/indoor, clean_room, art_gallery",23584
5633,135192,indoor,"museum/indoor, science_museum, natural_history_museum, art_gallery, locker_room",23584
5634,135216,indoor,"museum/indoor, science_museum, natural_history_museum, art_gallery, locker_room",23584
5635,135240,indoor,"museum/indoor, science_museum, natural_history_museum, art_gallery, locker_room",23584
5636,135264,indoor,"museum/indoor, science_museum, art_gallery, clean_room, locker_room",23584
5637,135288,indoor,"museum/indoor, shower, science_museum, locker_room, art_gallery",23584
5638,135312,indoor,"conference_center, lecture_room, discotheque, museum/indoor, stage/indoor",23584
5639,135336,indoor,"discotheque, stage/indoor, conference_center, classroom, lecture_room",23584
5640,135360,indoor,"lecture_room, classroom, conference_center, museum/indoor, stage/indoor",23584
5641,135384,indoor,"lecture_room, museum/indoor, conference_center, classroom, discotheque",23584
5642,135408,indoor,"lecture_room, classroom, conference_center, discotheque, movie_theater/indoor",23584
5643,135432,indoor,"discotheque, lecture_room, conference_center, stage/indoor, movie_theater/indoor",23584
5644,135456,indoor,"discotheque, clean_room, stage/indoor, conference_center, chemistry_lab",23584
5645,135480,indoor,"discotheque, lecture_room, chemistry_lab, stage/indoor, computer_room",23584
5646,135504,indoor,"lecture_room, science_museum, discotheque, clean_room, office",23584
5647,135528,indoor,"wind_farm, lecture_room, office, clean_room, classroom",23584
5648,135552,indoor,"museum/indoor, science_museum, art_gallery, clean_room, natural_history_museum",23584
5649,135576,indoor,"museum/indoor, art_gallery, science_museum, clean_room, airport_terminal",23584
5650,135600,indoor,"clean_room, locker_room, museum/indoor, office, art_gallery",23584
5651,135624,indoor,"museum/indoor, lecture_room, office, conference_center, clean_room",23584
5652,135648,indoor,"museum/indoor, science_museum, natural_history_museum, lecture_room, art_gallery",23584
5653,135672,indoor,"museum/indoor, art_gallery, science_museum, natural_history_museum, lecture_room",23584
5654,135696,indoor,"lecture_room, science_museum, clean_room, museum/indoor, office",23584
5655,135720,indoor,"science_museum, museum/indoor, lecture_room, natural_history_museum, clean_room",23584
5656,135744,indoor,"science_museum, clean_room, museum/indoor, lecture_room, office",23584
5657,135768,indoor,"science_museum, clean_room, museum/indoor, office, lecture_room",23584
5658,135792,indoor,"office, lecture_room, clean_room, science_museum, museum/indoor",23584
5659,135816,indoor,"science_museum, lecture_room, museum/indoor, clean_room, art_gallery",23584
5660,135840,indoor,"lecture_room, office, science_museum, clean_room, classroom",23584
5661,135864,indoor,"lecture_room, science_museum, classroom, office, art_gallery",23584
5662,135888,indoor,"lecture_room, science_museum, art_gallery, classroom, office",23584
5663,135912,indoor,"lecture_room, science_museum, museum/indoor, classroom, art_gallery",23584
5664,135936,indoor,"science_museum, museum/indoor, natural_history_museum, clean_room, art_gallery",23584
5665,135960,indoor,"science_museum, museum/indoor, natural_history_museum, discotheque, clean_room",23584
5666,135984,indoor,"science_museum, clean_room, aquarium, art_gallery, discotheque",23584
5667,136008,indoor,"science_museum, aquarium, art_gallery, museum/indoor, clean_room",23584
5668,136032,indoor,"science_museum, museum/indoor, natural_history_museum, aquarium, drugstore",23584
5669,136056,indoor,"science_museum, museum/indoor, natural_history_museum, drugstore, booth/indoor",23584
5670,136080,indoor,"science_museum, museum/indoor, natural_history_museum, drugstore, booth/indoor",23584
5671,136104,indoor,"science_museum, natural_history_museum, museum/indoor, aquarium, art_gallery",23584
5672,136128,indoor,"science_museum, museum/indoor, aquarium, natural_history_museum, clean_room",23584
5673,136152,indoor,"science_museum, natural_history_museum, museum/indoor, aquarium, drugstore",23584
5674,136176,indoor,"science_museum, museum/indoor, natural_history_museum, art_gallery, clean_room",23584
5675,136200,indoor,"art_gallery, museum/indoor, stage/indoor, arena/performance, discotheque",23584
5676,136224,indoor,"stage/indoor, art_gallery, arena/performance, museum/indoor, discotheque",23584
5677,136248,indoor,"stage/indoor, arena/performance, discotheque, art_gallery, auditorium",23584
5678,136272,indoor,"stage/indoor, arena/performance, art_gallery, museum/indoor, discotheque",23584
5679,136296,indoor,"discotheque, stage/indoor, clean_room, aquarium, home_theater",23584
5680,136320,indoor,"clean_room, chemistry_lab, science_museum, aquarium, biology_laboratory",23584
5681,136344,indoor,"clean_room, home_theater, aquarium, discotheque, science_museum",23584
5682,136368,indoor,"aquarium, clean_room, science_museum, discotheque, chemistry_lab",23584
5683,136392,indoor,"clean_room, aquarium, science_museum, discotheque, chemistry_lab",23584
5684,136416,indoor,"lecture_room, discotheque, classroom, beauty_salon, movie_theater/indoor",23584
5685,136440,indoor,"beauty_salon, discotheque, clothing_store, stage/indoor, reception",23584
5686,136464,indoor,"discotheque, stage/indoor, beauty_salon, arena/performance, auditorium",23584
5687,136488,indoor,"discotheque, lecture_room, stage/indoor, movie_theater/indoor, conference_center",23584
5688,136512,indoor,"living_room, dressing_room, bow_window/indoor, entrance_hall, museum/indoor",23584
5689,136536,indoor,"museum/indoor, stage/indoor, ballroom, music_studio, dressing_room",23584
5690,136560,indoor,"museum/indoor, stage/indoor, science_museum, art_gallery, natural_history_museum",23584
5691,136584,indoor,"museum/indoor, stage/indoor, science_museum, archive, art_gallery",23584
5692,136608,indoor,"museum/indoor, stage/indoor, natural_history_museum, art_gallery, science_museum",23584
5693,136632,indoor,"museum/indoor, stage/indoor, art_gallery, science_museum, natural_history_museum",23584
5694,136656,indoor,"museum/indoor, natural_history_museum, science_museum, stage/indoor, art_gallery",23584
5695,136680,indoor,"museum/indoor, stage/indoor, clean_room, art_gallery, science_museum",23584
5696,136704,indoor,"museum/indoor, stage/indoor, art_gallery, science_museum, natural_history_museum",23584
5697,136728,indoor,"museum/indoor, stage/indoor, art_gallery, science_museum, natural_history_museum",23584
5698,136752,indoor,"museum/indoor, art_gallery, stage/indoor, science_museum, clean_room",23584
5699,136776,indoor,"museum/indoor, art_gallery, stage/indoor, music_studio, clean_room",23584
5700,136800,indoor,"museum/indoor, stage/indoor, music_studio, dressing_room, ballroom",23584
5701,136824,indoor,"stage/indoor, discotheque, arena/performance, aquarium, clean_room",23584
5702,136848,indoor,"stage/indoor, discotheque, aquarium, shower, arena/performance",23584
5703,136872,indoor,"discotheque, stage/indoor, clean_room, science_museum, aquarium",23584
5704,136896,indoor,"science_museum, stage/indoor, clean_room, aquarium, natural_history_museum",23584
5705,136920,indoor,"clean_room, aquarium, science_museum, museum/indoor, art_gallery",23584
5706,136944,indoor,"clean_room, art_gallery, science_museum, stage/indoor, conference_center",23584
5707,136968,indoor,"discotheque, stage/indoor, clean_room, conference_center, science_museum",23584
5708,136992,indoor,"wind_farm, art_gallery, conference_center, discotheque, clean_room",23584
5709,137016,indoor,"art_gallery, museum/indoor, art_studio, corridor, discotheque",23584
5710,137040,indoor,"clean_room, art_gallery, discotheque, clothing_store, museum/indoor",23584
5711,137064,indoor,"art_gallery, museum/indoor, science_museum, shower, stage/indoor",23584
5712,137088,indoor,"stage/indoor, art_gallery, museum/indoor, discotheque, arena/performance",23584
5713,137112,indoor,"shoe_shop, clean_room, aquarium, natural_history_museum, science_museum",23584
5714,137136,indoor,"science_museum, clean_room, office, natural_history_museum, shoe_shop",23584
5715,137160,indoor,"office, server_room, science_museum, art_gallery, locker_room",23584
5716,137184,indoor,"locker_room, clean_room, server_room, basement, office",23584
5717,137208,indoor,"corridor, attic, museum/indoor, elevator_lobby, atrium/public",23584
5718,137232,indoor,"arena/performance, stage/indoor, science_museum, museum/indoor, natural_history_museum",23584
5719,137256,indoor,"stage/indoor, arena/performance, discotheque, science_museum, elevator_lobby",23584
5720,137280,indoor,"science_museum, elevator_lobby, natural_history_museum, museum/indoor, stage/indoor",23584
5721,137304,indoor,"elevator_lobby, discotheque, science_museum, stage/indoor, corridor",23584
5722,137328,indoor,"science_museum, clean_room, elevator_lobby, art_gallery, natural_history_museum",23584
5723,137352,indoor,"clean_room, auditorium, home_theater, movie_theater/indoor, stage/indoor",23584
5724,137376,indoor,"auditorium, clean_room, movie_theater/indoor, home_theater, art_gallery",23584
5725,137400,indoor,"clean_room, server_room, art_gallery, auditorium, locker_room",23584
5726,137424,indoor,"clean_room, art_gallery, server_room, elevator/door, stage/indoor",23584
5727,137448,indoor,"clean_room, server_room, locker_room, basement, elevator/door",23584
5728,137472,indoor,"clean_room, stage/indoor, discotheque, hospital_room, auditorium",23584
5729,137496,indoor,"clean_room, attic, auditorium, hospital_room, operating_room",23584
5730,137520,indoor,"clean_room, staircase, airport_terminal, lobby, art_gallery",23584
5731,137544,indoor,"clean_room, conference_room, reception, corridor, office",23584
5732,137568,indoor,"clean_room, chemistry_lab, bathroom, biology_laboratory, corridor",23584
5733,137592,indoor,"discotheque, aquarium, clean_room, beauty_salon, science_museum",23584
5734,137616,indoor,"corridor, server_room, clean_room, closet, locker_room",23584
5735,137640,indoor,"staircase, elevator/door, server_room, elevator_lobby, corridor",23584
5736,137664,indoor,"corridor, server_room, elevator/door, basement, elevator_lobby",23584
5737,137688,indoor,"basement, jail_cell, locker_room, corridor, attic",23584
5738,137712,indoor,"attic, basement, jail_cell, youth_hostel, staircase",23584
5739,137736,indoor,"attic, basement, bedroom, sauna, youth_hostel",23584
5740,137760,indoor,"attic, basement, sauna, alcove, bedroom",23584
5741,137784,indoor,"attic, basement, bedroom, alcove, sauna",23584
5742,137808,indoor,"attic, basement, alcove, bedroom, bow_window/indoor",23584
5743,137832,indoor,"attic, basement, bow_window/indoor, alcove, lecture_room",23584
5744,137856,indoor,"attic, basement, bow_window/indoor, alcove, lecture_room",23584
5745,137880,indoor,"attic, basement, museum/indoor, bow_window/indoor, stage/indoor",23584
5746,137904,indoor,"museum/indoor, attic, artists_loft, basement, bow_window/indoor",23584
5747,137928,indoor,"museum/indoor, attic, artists_loft, art_gallery, clean_room",23584
5748,137952,indoor,"museum/indoor, attic, clean_room, artists_loft, art_gallery",23584
5749,137976,indoor,"attic, museum/indoor, clean_room, art_gallery, artists_loft",23584
5750,138000,indoor,"museum/indoor, clean_room, art_gallery, attic, alcove",23584
5751,138024,indoor,"museum/indoor, clean_room, art_gallery, alcove, attic",23584
5752,138048,indoor,"museum/indoor, attic, alcove, clean_room, art_gallery",23584
5753,138072,indoor,"museum/indoor, alcove, art_gallery, clean_room, attic",23584
5754,138096,indoor,"corridor, discotheque, elevator_lobby, basement, server_room",23584
5755,138120,indoor,"corridor, discotheque, basement, elevator_lobby, jail_cell",23584
5756,138144,indoor,"corridor, discotheque, basement, jail_cell, elevator_shaft",23584
5757,138168,indoor,"corridor, discotheque, elevator_lobby, jail_cell, server_room",23584
5758,138192,indoor,"stage/indoor, arena/performance, science_museum, conference_center, discotheque",23584
5759,138216,indoor,"stage/indoor, science_museum, clean_room, natural_history_museum, discotheque",23584
5760,138240,indoor,"arena/performance, stage/indoor, discotheque, science_museum, museum/indoor",23584
5761,138264,indoor,"museum/indoor, science_museum, clean_room, natural_history_museum, art_gallery",23584
5762,138288,indoor,"arena/performance, science_museum, clean_room, museum/indoor, natural_history_museum",23584
5763,138312,indoor,"clean_room, science_museum, arena/performance, museum/indoor, natural_history_museum",23584
5764,138336,indoor,"arena/performance, stage/indoor, science_museum, museum/indoor, natural_history_museum",23584
5765,138360,indoor,"clean_room, science_museum, arena/performance, discotheque, museum/indoor",23584
5766,138384,indoor,"science_museum, natural_history_museum, museum/indoor, clean_room, chemistry_lab",23584
5767,138408,indoor,"science_museum, natural_history_museum, aquarium, clean_room, museum/indoor",23584
5768,138432,indoor,"aquarium, science_museum, natural_history_museum, discotheque, underwater/ocean_deep",23584
5769,138456,indoor,"science_museum, natural_history_museum, aquarium, museum/indoor, underwater/ocean_deep",23584
5770,138480,indoor,"science_museum, natural_history_museum, museum/indoor, aquarium, beauty_salon",23584
5771,138504,indoor,"science_museum, natural_history_museum, museum/indoor, aquarium, shoe_shop",23584
5772,138528,indoor,"science_museum, stage/indoor, natural_history_museum, museum/indoor, discotheque",23584
5773,138552,indoor,"science_museum, natural_history_museum, museum/indoor, aquarium, shoe_shop",23584
5774,138576,indoor,"science_museum, natural_history_museum, museum/indoor, aquarium, shoe_shop",23584
5775,138600,indoor,"science_museum, natural_history_museum, museum/indoor, shoe_shop, aquarium",23584
5776,138624,indoor,"science_museum, natural_history_museum, aquarium, museum/indoor, stage/indoor",23584
5777,138648,indoor,"natural_history_museum, science_museum, aquarium, museum/indoor, stage/indoor",23584
5778,138672,indoor,"science_museum, aquarium, natural_history_museum, discotheque, biology_laboratory",23584
5779,138696,indoor,"discotheque, stage/indoor, arena/performance, aquarium, science_museum",23584
5780,138720,indoor,"stage/indoor, discotheque, arena/performance, aquarium, science_museum",23584
5781,138744,indoor,"stage/indoor, discotheque, aquarium, science_museum, arena/performance",23584
5782,138768,indoor,"science_museum, aquarium, natural_history_museum, stage/indoor, discotheque",23584
5783,138792,indoor,"science_museum, aquarium, natural_history_museum, clean_room, museum/indoor",23584
5784,138816,indoor,"science_museum, aquarium, natural_history_museum, biology_laboratory, chemistry_lab",23584
5785,138840,indoor,"science_museum, natural_history_museum, aquarium, museum/indoor, clean_room",23584
5786,138864,indoor,"natural_history_museum, science_museum, aquarium, museum/indoor, clean_room",23584
5787,138888,indoor,"science_museum, natural_history_museum, clean_room, museum/indoor, biology_laboratory",23584
5788,138912,indoor,"science_museum, aquarium, natural_history_museum, museum/indoor, underwater/ocean_deep",23584
5789,138936,indoor,"science_museum, aquarium, biology_laboratory, discotheque, chemistry_lab",23584
5790,138960,indoor,"science_museum, stage/indoor, discotheque, arena/performance, natural_history_museum",23584
5791,138984,indoor,"aquarium, science_museum, conference_center, discotheque, museum/indoor",23584
5792,139008,indoor,"airport_terminal, elevator_lobby, elevator/door, auditorium, hospital",23584
5793,139032,indoor,"attic, elevator_lobby, airport_terminal, basement, lobby",23584
5794,139056,indoor,"elevator_lobby, airport_terminal, elevator/door, basement, movie_theater/indoor",23584
5795,139080,indoor,"attic, basement, elevator_lobby, elevator/door, lobby",23584
5796,139104,indoor,"basement, corridor, attic, lobby, elevator_lobby",23584
5797,139128,indoor,"basement, lobby, elevator_lobby, corridor, attic",23584
5798,139152,indoor,"basement, stage/indoor, lobby, aquarium, auditorium",23584
5799,139176,indoor,"basement, attic, art_gallery, elevator_lobby, reception",23584
5800,139200,indoor,"basement, attic, art_gallery, playroom, elevator_lobby",23584
5801,139224,outdoor,"lake/natural, sky, moat/water, ocean, coast",23584
5802,139248,outdoor,"sky, ocean, lake/natural, moat/water, coast",23584
5803,139272,outdoor,"ocean, sky, lake/natural, coast, islet",23584
5804,139296,outdoor,"ocean, lake/natural, coast, sky, islet",23584
5805,139320,outdoor,"ocean, islet, oilrig, coast, lighthouse",23584
5806,139344,outdoor,"islet, ocean, oilrig, coast, wet_bar",23584
5807,139368,outdoor,"islet, ocean, coast, sky, lake/natural",23584
5808,139392,outdoor,"ocean, islet, lake/natural, sky, tower",23584
5809,139416,outdoor,"oilrig, ocean, lake/natural, islet, alcove",23584
5810,139440,outdoor,"lake/natural, ocean, sky, islet, moat/water",23584
5811,139464,outdoor,"ocean, lake/natural, sky, coast, lighthouse",23584
5812,139488,outdoor,"ocean, coast, lighthouse, sky, tower",23584
5813,139512,indoor,"shower, art_gallery, aquarium, museum/indoor, bathroom",23584
5814,139536,indoor,"reception, conference_center, lobby, drugstore, atrium/public",23584
5815,139560,indoor,"clean_room, discotheque, aquarium, science_museum, chemistry_lab",23584
5816,139584,indoor,"atrium/public, clean_room, science_museum, reception, office",23584
5817,139608,indoor,"atrium/public, clean_room, conference_center, office, reception",23584
5818,139632,indoor,"clean_room, science_museum, beauty_salon, aquarium, elevator_lobby",23584
5819,139656,indoor,"clean_room, discotheque, science_museum, conference_center, beauty_salon",23584
5820,139680,indoor,"discotheque, conference_center, science_museum, aquarium, beauty_salon",23584
5821,139704,indoor,"conference_center, reception, conference_room, atrium/public, lecture_room",23584
5822,139728,indoor,"discotheque, stage/indoor, conference_center, clean_room, science_museum",23584
5823,139752,indoor,"discotheque, stage/indoor, clean_room, conference_center, arena/performance",23584
5824,139776,indoor,"lecture_room, science_museum, conference_room, conference_center, office",23584
5825,139800,indoor,"lecture_room, conference_room, conference_center, office, classroom",23584
5826,139824,indoor,"conference_center, atrium/public, conference_room, office, lobby",23584
5827,139848,indoor,"atrium/public, shower, beauty_salon, office, clean_room",23584
5828,139872,indoor,"discotheque, science_museum, airplane_cabin, aquarium, clean_room",23584
5829,139896,indoor,"science_museum, aquarium, shower, nursery, hospital_room",23584
5830,139920,indoor,"art_gallery, shower, nursery, basement, museum/indoor",23584
5831,139944,indoor,"art_gallery, shower, nursery, basement, museum/indoor",23584
5832,139968,indoor,"nursery, ice_cream_parlor, pharmacy, kindergarden_classroom, candy_store",23584
5833,139992,indoor,"nursery, beauty_salon, ice_cream_parlor, pharmacy, candy_store",23584
5834,140016,indoor,"nursery, beauty_salon, hospital, ice_cream_parlor, coffee_shop",23584
5835,140040,indoor,"beauty_salon, ice_cream_parlor, nursery, pharmacy, coffee_shop",23584
5836,140064,indoor,"beauty_salon, nursery, ice_cream_parlor, pharmacy, coffee_shop",23584
5837,140088,indoor,"beauty_salon, nursery, ice_cream_parlor, pharmacy, coffee_shop",23584
5838,140112,indoor,"beauty_salon, nursery, ice_cream_parlor, pharmacy, coffee_shop",23584
5839,140136,indoor,"nursery, ice_cream_parlor, beauty_salon, candy_store, coffee_shop",23584
5840,140160,indoor,"jewelry_shop, gift_shop, nursery, museum/indoor, beauty_salon",23584
5841,140184,indoor,"jewelry_shop, gift_shop, museum/indoor, nursery, beauty_salon",23584
5842,140208,indoor,"jewelry_shop, gift_shop, museum/indoor, nursery, beauty_salon",23584
5843,140232,indoor,"jewelry_shop, gift_shop, nursery, museum/indoor, flea_market/indoor",23584
5844,140256,indoor,"jewelry_shop, gift_shop, nursery, museum/indoor, flea_market/indoor",23584
5845,140280,indoor,"jewelry_shop, gift_shop, nursery, museum/indoor, flea_market/indoor",23584
5846,140304,indoor,"jewelry_shop, nursery, gift_shop, bakery/shop, beauty_salon",23584
5847,140328,indoor,"booth/indoor, museum/indoor, kindergarden_classroom, lecture_room, natural_history_museum",23584
5848,140352,indoor,"booth/indoor, drugstore, museum/indoor, pharmacy, hospital",23584
5849,140376,indoor,"booth/indoor, museum/indoor, drugstore, pharmacy, conference_center",23584
5850,140400,indoor,"booth/indoor, drugstore, museum/indoor, pharmacy, conference_center",23584
5851,140424,indoor,"booth/indoor, museum/indoor, drugstore, pharmacy, conference_center",23584
5852,140448,indoor,"booth/indoor, drugstore, pharmacy, museum/indoor, conference_center",23584
5853,140472,indoor,"booth/indoor, drugstore, museum/indoor, pharmacy, conference_center",23584
5854,140496,indoor,"booth/indoor, drugstore, museum/indoor, pharmacy, conference_center",23584
5855,140520,indoor,"booth/indoor, drugstore, museum/indoor, pharmacy, conference_center",23584
5856,140544,indoor,"booth/indoor, drugstore, museum/indoor, pharmacy, conference_center",23584
5857,140568,indoor,"booth/indoor, drugstore, museum/indoor, pharmacy, conference_center",23584
5858,140592,indoor,"booth/indoor, drugstore, museum/indoor, pharmacy, conference_center",23584
5859,140616,indoor,"booth/indoor, drugstore, museum/indoor, pharmacy, conference_center",23584
5860,140640,indoor,"booth/indoor, drugstore, museum/indoor, pharmacy, conference_center",23584
5861,140664,indoor,"booth/indoor, drugstore, pharmacy, museum/indoor, hospital",23584
5862,140688,indoor,"booth/indoor, drugstore, museum/indoor, pharmacy, conference_center",23584
5863,140712,indoor,"booth/indoor, museum/indoor, drugstore, pharmacy, conference_center",23584
5864,140736,indoor,"booth/indoor, drugstore, pharmacy, museum/indoor, conference_center",23584
5865,140760,indoor,"booth/indoor, drugstore, museum/indoor, pharmacy, conference_center",23584
5866,140784,indoor,"booth/indoor, museum/indoor, drugstore, pharmacy, conference_center",23584
5867,140808,indoor,"museum/indoor, booth/indoor, natural_history_museum, drugstore, pharmacy",23584
5868,140832,indoor,"classroom, kindergarden_classroom, museum/indoor, lecture_room, archive",23584
5869,140856,outdoor,"ice_shelf, wave, hot_spring, ocean, fountain",23584
5870,140880,indoor,"gas_station, drugstore, pharmacy, reception, airport_terminal",23584
5871,140904,indoor,"gas_station, airport_terminal, drugstore, pharmacy, auto_showroom",23584
5872,140928,indoor,"gas_station, drugstore, pharmacy, airport_terminal, reception",23584
5873,140952,indoor,"gas_station, airport_terminal, drugstore, bowling_alley, movie_theater/indoor",23584
5874,140976,indoor,"gas_station, airport_terminal, fastfood_restaurant, auto_showroom, drugstore",23584
5875,141000,indoor,"airport_terminal, auto_showroom, reception, gas_station, parking_garage/indoor",23584
5876,141024,indoor,"drugstore, reception, gas_station, pharmacy, airport_terminal",23584
5877,141048,outdoor,"desert/sand, ocean, islet, coast, beach",23584
5878,141072,outdoor,"desert/sand, lake/natural, beach, marsh, sky",23584
