,imdb_id,frame_num,place,confidence
0,50096,0,desert/sand ,0.5645334
1,50096,0,sky ,0.044165455
2,50096,0,beach ,0.034353327
3,50096,0,lake/natural ,0.019857943
4,50096,0,marsh ,0.018134069
5,50096,24,cemetery ,0.08423958
6,50096,24,drugstore ,0.07781486
7,50096,24,pharmacy ,0.07005956
8,50096,24,elevator/door ,0.04690682
9,50096,24,archive ,0.039848767
10,50096,48,drugstore ,0.09849235
11,50096,48,pharmacy ,0.07593639
12,50096,48,elevator/door ,0.05810284
13,50096,48,cemetery ,0.0562285
14,50096,48,hospital ,0.044224445
15,50096,72,drugstore ,0.10487212
16,50096,72,pharmacy ,0.08049107
17,50096,72,elevator/door ,0.06438996
18,50096,72,cemetery ,0.04771174
19,50096,72,hospital ,0.043153424
20,50096,96,drugstore ,0.11850891
21,50096,96,pharmacy ,0.0878172
22,50096,96,elevator/door ,0.055715423
23,50096,96,cemetery ,0.047009755
24,50096,96,hospital ,0.04478094
25,50096,120,drugstore ,0.12269946
26,50096,120,pharmacy ,0.0920067
27,50096,120,elevator/door ,0.05802516
28,50096,120,hospital ,0.045479603
29,50096,120,cemetery ,0.04261625
30,50096,144,cemetery ,0.10299733
31,50096,144,pharmacy ,0.085501745
32,50096,144,drugstore ,0.064207725
33,50096,144,elevator/door ,0.059914656
34,50096,144,archive ,0.058292586
35,50096,168,pharmacy ,0.31902412
36,50096,168,drugstore ,0.17367445
37,50096,168,hospital ,0.15031008
38,50096,168,elevator_lobby ,0.033690136
39,50096,168,elevator/door ,0.032789372
40,50096,192,pharmacy ,0.32080844
41,50096,192,drugstore ,0.18005
42,50096,192,hospital ,0.16357304
43,50096,192,elevator/door ,0.034438647
44,50096,192,elevator_lobby ,0.032050155
45,50096,216,pharmacy ,0.31746852
46,50096,216,drugstore ,0.17442611
47,50096,216,hospital ,0.16739845
48,50096,216,elevator_lobby ,0.03491606
49,50096,216,elevator/door ,0.03483949
50,50096,240,pharmacy ,0.33480078
51,50096,240,drugstore ,0.18887457
52,50096,240,hospital ,0.15769778
53,50096,240,elevator_lobby ,0.03163939
54,50096,240,elevator/door ,0.03022058
55,50096,264,pharmacy ,0.29334095
56,50096,264,drugstore ,0.1705062
57,50096,264,hospital ,0.12477463
58,50096,264,booth/indoor ,0.04797671
59,50096,264,elevator/door ,0.046990648
60,50096,288,cemetery ,0.19845042
61,50096,288,archive ,0.06725599
62,50096,288,campus ,0.06301087
63,50096,288,elevator/door ,0.048836537
64,50096,288,museum/indoor ,0.046276897
65,50096,312,cemetery ,0.087544985
66,50096,312,drugstore ,0.08212839
67,50096,312,pharmacy ,0.08151977
68,50096,312,beauty_salon ,0.055231784
69,50096,312,campus ,0.045233443
70,50096,336,cemetery ,0.089918114
71,50096,336,drugstore ,0.0819636
72,50096,336,pharmacy ,0.081565715
73,50096,336,beauty_salon ,0.05641111
74,50096,336,elevator/door ,0.048922047
75,50096,360,cemetery ,0.0941788
76,50096,360,pharmacy ,0.07651544
77,50096,360,drugstore ,0.07616347
78,50096,360,beauty_salon ,0.052619718
79,50096,360,elevator/door ,0.04939454
80,50096,384,drugstore ,0.105130434
81,50096,384,pharmacy ,0.101260096
82,50096,384,cemetery ,0.0698582
83,50096,384,beauty_salon ,0.0633022
84,50096,384,elevator/door ,0.043603975
85,50096,408,drugstore ,0.099345684
86,50096,408,pharmacy ,0.09606341
87,50096,408,cemetery ,0.07586374
88,50096,408,beauty_salon ,0.066060446
89,50096,408,elevator/door ,0.050149377
90,50096,432,cemetery ,0.09340203
91,50096,432,drugstore ,0.08939234
92,50096,432,pharmacy ,0.08788667
93,50096,432,beauty_salon ,0.057377826
94,50096,432,elevator/door ,0.051706128
95,50096,456,drugstore ,0.098903686
96,50096,456,pharmacy ,0.0961794
97,50096,456,cemetery ,0.08227771
98,50096,456,beauty_salon ,0.0597214
99,50096,456,elevator/door ,0.048203897
100,50096,480,pharmacy ,0.11639531
101,50096,480,drugstore ,0.11434966
102,50096,480,cemetery ,0.06709768
103,50096,480,beauty_salon ,0.062067226
104,50096,480,elevator/door ,0.0422622
105,50096,504,cemetery ,0.24102794
106,50096,504,booth/indoor ,0.1158081
107,50096,504,museum/indoor ,0.08980983
108,50096,504,archive ,0.07747645
109,50096,504,burial_chamber ,0.03232249
110,50096,528,pharmacy ,0.12769969
111,50096,528,elevator/door ,0.10130743
112,50096,528,drugstore ,0.09757754
113,50096,528,elevator_lobby ,0.08919599
114,50096,528,hospital ,0.06929917
115,50096,552,pharmacy ,0.13013703
116,50096,552,elevator/door ,0.105921246
117,50096,552,drugstore ,0.102764115
118,50096,552,elevator_lobby ,0.087183006
119,50096,552,hospital ,0.073119335
120,50096,576,pharmacy ,0.13074939
121,50096,576,elevator/door ,0.11170056
122,50096,576,drugstore ,0.10282617
123,50096,576,elevator_lobby ,0.09058007
124,50096,576,hospital ,0.07325337
125,50096,600,pharmacy ,0.1409182
126,50096,600,elevator/door ,0.10672817
127,50096,600,drugstore ,0.10512622
128,50096,600,elevator_lobby ,0.08963505
129,50096,600,hospital ,0.07269935
130,50096,624,pharmacy ,0.14128627
131,50096,624,drugstore ,0.10981349
132,50096,624,elevator/door ,0.10256341
133,50096,624,elevator_lobby ,0.08667587
134,50096,624,hospital ,0.07484317
135,50096,648,pharmacy ,0.13530163
136,50096,648,drugstore ,0.106719695
137,50096,648,elevator/door ,0.08841098
138,50096,648,elevator_lobby ,0.08182057
139,50096,648,hospital ,0.08065337
140,50096,672,pharmacy ,0.13298231
141,50096,672,drugstore ,0.103836626
142,50096,672,elevator/door ,0.08707476
143,50096,672,elevator_lobby ,0.084329985
144,50096,672,hospital ,0.07458266
145,50096,696,pharmacy ,0.12137468
146,50096,696,elevator/door ,0.10525155
147,50096,696,drugstore ,0.093773015
148,50096,696,elevator_lobby ,0.093010716
149,50096,696,hospital ,0.074622035
150,50096,720,pharmacy ,0.13125052
151,50096,720,drugstore ,0.1005507
152,50096,720,elevator/door ,0.090856016
153,50096,720,elevator_lobby ,0.086275846
154,50096,720,archive ,0.07025136
155,50096,744,pharmacy ,0.12601882
156,50096,744,drugstore ,0.09302787
157,50096,744,elevator_lobby ,0.07262322
158,50096,744,hospital ,0.072434604
159,50096,744,booth/indoor ,0.062324733
160,50096,768,archive ,0.17483814
161,50096,768,cemetery ,0.1303033
162,50096,768,museum/indoor ,0.09823004
163,50096,768,pharmacy ,0.039325286
164,50096,768,elevator_lobby ,0.03504436
165,50096,792,archive ,0.1366442
166,50096,792,museum/indoor ,0.09554602
167,50096,792,cemetery ,0.09352917
168,50096,792,booth/indoor ,0.05124006
169,50096,792,pharmacy ,0.047446713
170,50096,816,archive ,0.16929337
171,50096,816,museum/indoor ,0.0948654
172,50096,816,cemetery ,0.08822255
173,50096,816,pharmacy ,0.04822397
174,50096,816,elevator_lobby ,0.04688792
175,50096,840,archive ,0.16385238
176,50096,840,museum/indoor ,0.09838087
177,50096,840,cemetery ,0.09073956
178,50096,840,booth/indoor ,0.049837794
179,50096,840,elevator_lobby ,0.04826154
180,50096,864,archive ,0.13917147
181,50096,864,cemetery ,0.096105635
182,50096,864,museum/indoor ,0.08976952
183,50096,864,booth/indoor ,0.053670526
184,50096,864,elevator_lobby ,0.04665763
185,50096,888,archive ,0.13092019
186,50096,888,cemetery ,0.10177374
187,50096,888,museum/indoor ,0.08888337
188,50096,888,booth/indoor ,0.0502266
189,50096,888,elevator_lobby ,0.047162518
190,50096,912,archive ,0.13755453
191,50096,912,cemetery ,0.085892946
192,50096,912,museum/indoor ,0.08216017
193,50096,912,elevator_lobby ,0.05295038
194,50096,912,booth/indoor ,0.051178966
195,50096,936,archive ,0.13034748
196,50096,936,cemetery ,0.086412586
197,50096,936,museum/indoor ,0.08487693
198,50096,936,booth/indoor ,0.054148328
199,50096,936,elevator_lobby ,0.052583985
200,50096,960,cemetery ,0.17772183
201,50096,960,archive ,0.15367265
202,50096,960,museum/indoor ,0.0896794
203,50096,960,pharmacy ,0.04088687
204,50096,960,booth/indoor ,0.035053704
205,50096,984,pharmacy ,0.21603525
206,50096,984,drugstore ,0.16021666
207,50096,984,hospital ,0.086343296
208,50096,984,cemetery ,0.051706396
209,50096,984,beauty_salon ,0.04719485
210,50096,1008,pharmacy ,0.22148344
211,50096,1008,drugstore ,0.17498155
212,50096,1008,hospital ,0.09693045
213,50096,1008,beauty_salon ,0.053846527
214,50096,1008,cemetery ,0.039427906
215,50096,1032,pharmacy ,0.24557643
216,50096,1032,drugstore ,0.18494235
217,50096,1032,hospital ,0.10912483
218,50096,1032,beauty_salon ,0.06076724
219,50096,1032,elevator/door ,0.02816168
220,50096,1056,cemetery ,0.13703814
221,50096,1056,pharmacy ,0.11625907
222,50096,1056,drugstore ,0.081073985
223,50096,1056,hospital ,0.074088514
224,50096,1056,museum/indoor ,0.042088017
225,50096,1080,pharmacy ,0.20894857
226,50096,1080,hospital ,0.17237625
227,50096,1080,drugstore ,0.11911067
228,50096,1080,cemetery ,0.07638113
229,50096,1080,elevator/door ,0.052619465
230,50096,1104,pharmacy ,0.2244043
231,50096,1104,hospital ,0.16052938
232,50096,1104,drugstore ,0.12593207
233,50096,1104,cemetery ,0.06389103
234,50096,1104,elevator/door ,0.062910296
235,50096,1128,pharmacy ,0.23159978
236,50096,1128,hospital ,0.1560269
237,50096,1128,drugstore ,0.13434099
238,50096,1128,cemetery ,0.061674744
239,50096,1128,elevator/door ,0.06055442
240,50096,1152,hospital ,0.21666378
241,50096,1152,pharmacy ,0.19334094
242,50096,1152,drugstore ,0.1335441
243,50096,1152,cemetery ,0.08103666
244,50096,1152,beauty_salon ,0.03347386
245,50096,1176,pharmacy ,0.21389328
246,50096,1176,hospital ,0.13400108
247,50096,1176,drugstore ,0.12381756
248,50096,1176,beauty_salon ,0.07119211
249,50096,1176,cemetery ,0.06333802
250,50096,1200,pharmacy ,0.20174457
251,50096,1200,hospital ,0.123480156
252,50096,1200,drugstore ,0.10756729
253,50096,1200,elevator/door ,0.07430124
254,50096,1200,cemetery ,0.06550624
255,50096,1224,pharmacy ,0.22524944
256,50096,1224,drugstore ,0.12003969
257,50096,1224,hospital ,0.10856847
258,50096,1224,elevator/door ,0.07574448
259,50096,1224,beauty_salon ,0.06757016
260,50096,1248,pharmacy ,0.17891969
261,50096,1248,hospital ,0.1048324
262,50096,1248,drugstore ,0.094103806
263,50096,1248,elevator/door ,0.08110104
264,50096,1248,cemetery ,0.07639095
265,50096,1272,burial_chamber ,0.20975325
266,50096,1272,cemetery ,0.17565289
267,50096,1272,archive ,0.07363762
268,50096,1272,jail_cell ,0.05078772
269,50096,1272,museum/indoor ,0.04451494
270,50096,1296,clean_room ,0.109788254
271,50096,1296,igloo ,0.07582733
272,50096,1296,childs_room ,0.057310198
273,50096,1296,living_room ,0.05406934
274,50096,1296,bedroom ,0.051115666
275,50096,1320,bedroom ,0.25282204
276,50096,1320,dorm_room ,0.15740262
277,50096,1320,childs_room ,0.11675983
278,50096,1320,operating_room ,0.06870155
279,50096,1320,hospital_room ,0.059583697
280,50096,1344,bedroom ,0.27621123
281,50096,1344,dorm_room ,0.1385743
282,50096,1344,childs_room ,0.13772207
283,50096,1344,operating_room ,0.08110251
284,50096,1344,hospital_room ,0.055397905
285,50096,1368,dorm_room ,0.16328734
286,50096,1368,bedroom ,0.09960303
287,50096,1368,dressing_room ,0.0953661
288,50096,1368,hospital_room ,0.09204915
289,50096,1368,clean_room ,0.09021162
290,50096,1392,dorm_room ,0.21095936
291,50096,1392,childs_room ,0.18064395
292,50096,1392,clean_room ,0.09949593
293,50096,1392,bedroom ,0.095055595
294,50096,1392,hospital_room ,0.0492371
295,50096,1416,hospital_room ,0.2624957
296,50096,1416,bedroom ,0.25382435
297,50096,1416,dorm_room ,0.14460088
298,50096,1416,operating_room ,0.10562029
299,50096,1416,childs_room ,0.05468707
300,50096,1440,bedroom ,0.39278397
301,50096,1440,childs_room ,0.21930818
302,50096,1440,dorm_room ,0.0877824
303,50096,1440,hospital_room ,0.075191036
304,50096,1440,bedchamber ,0.058970522
305,50096,1464,bedroom ,0.42943192
306,50096,1464,hospital_room ,0.12235598
307,50096,1464,hotel_room ,0.098567866
308,50096,1464,childs_room ,0.09797595
309,50096,1464,bedchamber ,0.0706697
310,50096,1488,hospital_room ,0.45974195
311,50096,1488,bedroom ,0.12388866
312,50096,1488,operating_room ,0.11326078
313,50096,1488,hotel_room ,0.089950755
314,50096,1488,beauty_salon ,0.050407782
315,50096,1512,bedroom ,0.19716956
316,50096,1512,hospital_room ,0.19034843
317,50096,1512,clean_room ,0.112722985
318,50096,1512,hotel_room ,0.11198536
319,50096,1512,dressing_room ,0.087199494
320,50096,1536,hospital_room ,0.22627385
321,50096,1536,bedroom ,0.19616707
322,50096,1536,clean_room ,0.13576955
323,50096,1536,bedchamber ,0.114738695
324,50096,1536,hotel_room ,0.083780274
325,50096,1560,bedroom ,0.3468365
326,50096,1560,clean_room ,0.17315327
327,50096,1560,bedchamber ,0.0968924
328,50096,1560,hotel_room ,0.088268496
329,50096,1560,hospital_room ,0.086937904
330,50096,1584,clean_room ,0.28480884
331,50096,1584,hospital_room ,0.20303053
332,50096,1584,bedroom ,0.16287097
333,50096,1584,hotel_room ,0.08031013
334,50096,1584,dressing_room ,0.063405246
335,50096,1608,clean_room ,0.75569975
336,50096,1608,dressing_room ,0.039007485
337,50096,1608,beauty_salon ,0.03268958
338,50096,1608,operating_room ,0.025262704
339,50096,1608,art_gallery ,0.019374963
340,50096,1632,hospital_room ,0.5166986
341,50096,1632,bedroom ,0.06787187
342,50096,1632,operating_room ,0.06678546
343,50096,1632,hotel_room ,0.0534109
344,50096,1632,clean_room ,0.04709469
345,50096,1656,hospital_room ,0.26806048
346,50096,1656,clean_room ,0.1823302
347,50096,1656,beauty_salon ,0.16689838
348,50096,1656,dressing_room ,0.071182385
349,50096,1656,hotel_room ,0.056869376
350,50096,1680,bedroom ,0.23617044
351,50096,1680,hospital_room ,0.11273881
352,50096,1680,hotel_room ,0.103543386
353,50096,1680,clean_room ,0.10116091
354,50096,1680,nursery ,0.07130519
355,50096,1704,hospital_room ,0.4951543
356,50096,1704,beauty_salon ,0.22698131
357,50096,1704,hotel_room ,0.06724071
358,50096,1704,clean_room ,0.04302904
359,50096,1704,bedroom ,0.033014722
360,50096,1728,clean_room ,0.23409192
361,50096,1728,hospital_room ,0.18530667
362,50096,1728,bedroom ,0.067479774
363,50096,1728,operating_room ,0.049466573
364,50096,1728,veterinarians_office ,0.035324983
365,50096,1752,discotheque ,0.30081058
366,50096,1752,stage/indoor ,0.118654706
367,50096,1752,dressing_room ,0.11571953
368,50096,1752,chemistry_lab ,0.05233601
369,50096,1752,shower ,0.034914523
370,50096,1776,dressing_room ,0.6375216
371,50096,1776,discotheque ,0.08479383
372,50096,1776,clean_room ,0.05032269
373,50096,1776,beauty_salon ,0.044385992
374,50096,1776,martial_arts_gym ,0.01958834
375,50096,1800,bedroom ,0.14049509
376,50096,1800,hospital_room ,0.08185672
377,50096,1800,discotheque ,0.06656142
378,50096,1800,hotel_room ,0.064627
379,50096,1800,clean_room ,0.06239604
380,50096,1824,dressing_room ,0.3974819
381,50096,1824,clean_room ,0.26319218
382,50096,1824,shower ,0.07749209
383,50096,1824,sauna ,0.032659866
384,50096,1824,hospital_room ,0.031121
385,50096,1848,dressing_room ,0.4444661
386,50096,1848,discotheque ,0.20682114
387,50096,1848,martial_arts_gym ,0.07570808
388,50096,1848,clean_room ,0.049003888
389,50096,1848,stage/indoor ,0.04269231
390,50096,1872,museum/indoor ,0.45087934
391,50096,1872,dressing_room ,0.09458992
392,50096,1872,art_gallery ,0.086563915
393,50096,1872,discotheque ,0.071301855
394,50096,1872,science_museum ,0.049667414
395,50096,1896,museum/indoor ,0.34619892
396,50096,1896,art_gallery ,0.13290812
397,50096,1896,discotheque ,0.10712956
398,50096,1896,stage/indoor ,0.058443166
399,50096,1896,dressing_room ,0.039134376
400,50096,1920,clean_room ,0.35048276
401,50096,1920,elevator/door ,0.21487135
402,50096,1920,dressing_room ,0.1834799
403,50096,1920,elevator_lobby ,0.034570463
404,50096,1920,beauty_salon ,0.03411714
405,50096,1944,dressing_room ,0.51754105
406,50096,1944,discotheque ,0.15444049
407,50096,1944,shower ,0.07668818
408,50096,1944,clean_room ,0.03217587
409,50096,1944,locker_room ,0.023929954
410,50096,1968,discotheque ,0.27748895
411,50096,1968,dressing_room ,0.2677561
412,50096,1968,music_studio ,0.03992388
413,50096,1968,shower ,0.03988181
414,50096,1968,beauty_salon ,0.035746105
415,50096,1992,museum/indoor ,0.33162504
416,50096,1992,art_gallery ,0.118124075
417,50096,1992,science_museum ,0.094857305
418,50096,1992,natural_history_museum ,0.068442464
419,50096,1992,clean_room ,0.04938381
420,50096,2016,discotheque ,0.15201232
421,50096,2016,museum/indoor ,0.10878823
422,50096,2016,art_gallery ,0.09717457
423,50096,2016,clean_room ,0.07869372
424,50096,2016,science_museum ,0.07618297
425,50096,2040,dressing_room ,0.44033846
426,50096,2040,bathroom ,0.09581544
427,50096,2040,shower ,0.08029134
428,50096,2040,locker_room ,0.07655361
429,50096,2040,clean_room ,0.06232247
430,50096,2064,bathroom ,0.45213208
431,50096,2064,shower ,0.15415202
432,50096,2064,dressing_room ,0.080689736
433,50096,2064,hotel_room ,0.05459486
434,50096,2064,clean_room ,0.028018096
435,50096,2088,hotel_room ,0.12833713
436,50096,2088,elevator/door ,0.11849859
437,50096,2088,locker_room ,0.10023943
438,50096,2088,jail_cell ,0.08929997
439,50096,2088,elevator_lobby ,0.075686924
440,50096,2112,clean_room ,0.3150562
441,50096,2112,dressing_room ,0.26554263
442,50096,2112,hospital_room ,0.12311825
443,50096,2112,locker_room ,0.029383808
444,50096,2112,hotel_room ,0.02322968
445,50096,2136,clean_room ,0.19971131
446,50096,2136,shower ,0.15453362
447,50096,2136,museum/indoor ,0.098198935
448,50096,2136,hospital_room ,0.073758714
449,50096,2136,dressing_room ,0.058299825
450,50096,2160,hospital_room ,0.33744
451,50096,2160,clean_room ,0.27014902
452,50096,2160,operating_room ,0.07421393
453,50096,2160,hotel_room ,0.07335267
454,50096,2160,bedroom ,0.048247572
455,50096,2184,discotheque ,0.2488118
456,50096,2184,dressing_room ,0.15081249
457,50096,2184,music_studio ,0.076453276
458,50096,2184,chemistry_lab ,0.05642504
459,50096,2184,clean_room ,0.040769204
460,50096,2208,bow_window/indoor ,0.42925397
461,50096,2208,clean_room ,0.16164234
462,50096,2208,jail_cell ,0.067107596
463,50096,2208,clothing_store ,0.051113393
464,50096,2208,nursery ,0.05109414
465,50096,2232,dressing_room ,0.54850405
466,50096,2232,art_gallery ,0.060070965
467,50096,2232,museum/indoor ,0.0594034
468,50096,2232,discotheque ,0.05067821
469,50096,2232,shower ,0.047913145
470,50096,2256,dressing_room ,0.41145766
471,50096,2256,museum/indoor ,0.071175694
472,50096,2256,art_gallery ,0.059438135
473,50096,2256,hospital_room ,0.05934975
474,50096,2256,shower ,0.056020655
475,50096,2280,hospital_room ,0.37539822
476,50096,2280,beauty_salon ,0.14836748
477,50096,2280,clean_room ,0.08650762
478,50096,2280,hotel_room ,0.08434965
479,50096,2280,operating_room ,0.04382927
480,50096,2304,hospital_room ,0.47699723
481,50096,2304,beauty_salon ,0.1329896
482,50096,2304,hotel_room ,0.06948689
483,50096,2304,operating_room ,0.06910275
484,50096,2304,bedroom ,0.067453265
485,50096,2328,clean_room ,0.5950513
486,50096,2328,operating_room ,0.13641846
487,50096,2328,hospital_room ,0.115417466
488,50096,2328,bedroom ,0.029739328
489,50096,2328,bedchamber ,0.021327771
490,50096,2352,clean_room ,0.84291744
491,50096,2352,hospital_room ,0.058902133
492,50096,2352,operating_room ,0.055501707
493,50096,2352,hospital ,0.0102006085
494,50096,2352,dressing_room ,0.0036151593
495,50096,2376,clean_room ,0.51127154
496,50096,2376,hospital_room ,0.16515154
497,50096,2376,operating_room ,0.10704422
498,50096,2376,dressing_room ,0.039967034
499,50096,2376,shower ,0.023344602
500,50096,2400,clean_room ,0.51123095
501,50096,2400,hospital_room ,0.19185133
502,50096,2400,operating_room ,0.10710333
503,50096,2400,beauty_salon ,0.03280487
504,50096,2400,chemistry_lab ,0.032755602
505,50096,2424,clean_room ,0.54727286
506,50096,2424,dressing_room ,0.27314276
507,50096,2424,hospital_room ,0.04934403
508,50096,2424,operating_room ,0.03339755
509,50096,2424,beauty_salon ,0.025679644
510,50096,2448,dressing_room ,0.65944254
511,50096,2448,bedroom ,0.10266953
512,50096,2448,childs_room ,0.07723076
513,50096,2448,bedchamber ,0.06617493
514,50096,2448,clean_room ,0.017589092
515,50096,2472,dressing_room ,0.39721194
516,50096,2472,childs_room ,0.22284015
517,50096,2472,bedroom ,0.17000431
518,50096,2472,bedchamber ,0.0976763
519,50096,2472,dorm_room ,0.03340717
520,50096,2496,dressing_room ,0.7279603
521,50096,2496,clean_room ,0.061155736
522,50096,2496,bedroom ,0.047404956
523,50096,2496,childs_room ,0.03907276
524,50096,2496,hospital_room ,0.01932422
525,50096,2520,clean_room ,0.40311116
526,50096,2520,dressing_room ,0.38911316
527,50096,2520,hospital_room ,0.07458407
528,50096,2520,beauty_salon ,0.026450811
529,50096,2520,operating_room ,0.017283123
530,50096,2544,clean_room ,0.7138108
531,50096,2544,dressing_room ,0.2316355
532,50096,2544,hospital_room ,0.012936468
533,50096,2544,operating_room ,0.0056040687
534,50096,2544,archive ,0.0052839406
535,50096,2568,clean_room ,0.6807931
536,50096,2568,dressing_room ,0.2789241
537,50096,2568,hospital_room ,0.011614014
538,50096,2568,operating_room ,0.0065150955
539,50096,2568,beauty_salon ,0.0047030053
540,50096,2592,dressing_room ,0.69019717
541,50096,2592,clean_room ,0.21584219
542,50096,2592,beauty_salon ,0.011628437
543,50096,2592,museum/indoor ,0.011360083
544,50096,2592,dorm_room ,0.0063497466
545,50096,2616,dressing_room ,0.9323249
546,50096,2616,clean_room ,0.025935555
547,50096,2616,dorm_room ,0.0065745423
548,50096,2616,bedroom ,0.005107082
549,50096,2616,beauty_salon ,0.0050682654
550,50096,2640,dressing_room ,0.87085867
551,50096,2640,clean_room ,0.07467665
552,50096,2640,hospital_room ,0.0074405484
553,50096,2640,beauty_salon ,0.005416662
554,50096,2640,dorm_room ,0.0049326513
555,50096,2664,dressing_room ,0.91120094
556,50096,2664,clean_room ,0.04935583
557,50096,2664,beauty_salon ,0.0065546646
558,50096,2664,hospital_room ,0.006002126
559,50096,2664,operating_room ,0.0033757803
560,50096,2688,dressing_room ,0.8493053
561,50096,2688,clean_room ,0.04692441
562,50096,2688,hospital_room ,0.01762465
563,50096,2688,dorm_room ,0.016671589
564,50096,2688,bedroom ,0.013402426
565,50096,2712,dressing_room ,0.8850198
566,50096,2712,clean_room ,0.036464702
567,50096,2712,hospital_room ,0.014097654
568,50096,2712,dorm_room ,0.01249843
569,50096,2712,bedroom ,0.010504669
570,50096,2736,dressing_room ,0.79475063
571,50096,2736,clean_room ,0.070366055
572,50096,2736,hospital_room ,0.034072068
573,50096,2736,dorm_room ,0.021571217
574,50096,2736,beauty_salon ,0.016477777
575,50096,2760,dressing_room ,0.8406453
576,50096,2760,clean_room ,0.09359068
577,50096,2760,hospital_room ,0.015564446
578,50096,2760,dorm_room ,0.008849861
579,50096,2760,operating_room ,0.00661248
580,50096,2784,dressing_room ,0.828931
581,50096,2784,clean_room ,0.05227142
582,50096,2784,dorm_room ,0.028013637
583,50096,2784,hospital_room ,0.023292147
584,50096,2784,bedroom ,0.011029305
585,50096,2808,dressing_room ,0.7411497
586,50096,2808,clean_room ,0.08093875
587,50096,2808,hospital_room ,0.04418962
588,50096,2808,dorm_room ,0.03368255
589,50096,2808,operating_room ,0.02181441
590,50096,2832,dressing_room ,0.59950376
591,50096,2832,clean_room ,0.11488977
592,50096,2832,hospital_room ,0.09643322
593,50096,2832,operating_room ,0.045041796
594,50096,2832,dorm_room ,0.04282248
595,50096,2856,dressing_room ,0.6363569
596,50096,2856,clean_room ,0.17645681
597,50096,2856,dorm_room ,0.0325539
598,50096,2856,hospital_room ,0.02937034
599,50096,2856,bedroom ,0.020010468
600,50096,2880,dressing_room ,0.6065085
601,50096,2880,clean_room ,0.18170197
602,50096,2880,hospital_room ,0.047842447
603,50096,2880,dorm_room ,0.03669415
604,50096,2880,operating_room ,0.023313144
605,50096,2904,dressing_room ,0.6305441
606,50096,2904,clean_room ,0.22522423
607,50096,2904,hospital_room ,0.049652636
608,50096,2904,operating_room ,0.039866738
609,50096,2904,beauty_salon ,0.013484499
610,50096,2928,dressing_room ,0.6671221
611,50096,2928,clean_room ,0.17530751
612,50096,2928,hospital_room ,0.061029673
613,50096,2928,operating_room ,0.038218897
614,50096,2928,beauty_salon ,0.019549591
615,50096,2952,clean_room ,0.64762074
616,50096,2952,dressing_room ,0.26071265
617,50096,2952,hospital_room ,0.03316806
618,50096,2952,operating_room ,0.009909054
619,50096,2952,nursing_home ,0.009002717
620,50096,2976,dressing_room ,0.6504996
621,50096,2976,clean_room ,0.20637721
622,50096,2976,beauty_salon ,0.038221847
623,50096,2976,hospital_room ,0.02242252
624,50096,2976,dorm_room ,0.01740354
625,50096,3000,dressing_room ,0.9246621
626,50096,3000,clean_room ,0.025649637
627,50096,3000,beauty_salon ,0.017271139
628,50096,3000,dorm_room ,0.008981957
629,50096,3000,childs_room ,0.0021045993
630,50096,3024,dressing_room ,0.91363585
631,50096,3024,clean_room ,0.06228088
632,50096,3024,beauty_salon ,0.010283281
633,50096,3024,closet ,0.0015203408
634,50096,3024,hospital_room ,0.001222086
635,50096,3048,dressing_room ,0.92545855
636,50096,3048,clean_room ,0.049648006
637,50096,3048,beauty_salon ,0.01378745
638,50096,3048,closet ,0.0011573621
639,50096,3048,hospital_room ,0.0008522028
640,50096,3072,dressing_room ,0.7655096
641,50096,3072,clean_room ,0.2026125
642,50096,3072,beauty_salon ,0.015249317
643,50096,3072,hospital_room ,0.0024529137
644,50096,3072,biology_laboratory ,0.0021583808
645,50096,3096,dressing_room ,0.9284089
646,50096,3096,clean_room ,0.036741246
647,50096,3096,beauty_salon ,0.018598208
648,50096,3096,hospital_room ,0.0024432815
649,50096,3096,bedroom ,0.0015181723
650,50096,3120,dressing_room ,0.93977916
651,50096,3120,beauty_salon ,0.03733019
652,50096,3120,clean_room ,0.015021396
653,50096,3120,hospital_room ,0.0027427883
654,50096,3120,operating_room ,0.0007595079
655,50096,3144,dressing_room ,0.6661497
656,50096,3144,clean_room ,0.25044638
657,50096,3144,beauty_salon ,0.023835154
658,50096,3144,hospital_room ,0.0068316353
659,50096,3144,closet ,0.0052441843
660,50096,3168,dressing_room ,0.9111178
661,50096,3168,clean_room ,0.05453824
662,50096,3168,beauty_salon ,0.00895008
663,50096,3168,hospital_room ,0.0038369792
664,50096,3168,closet ,0.0020688805
665,50096,3192,clean_room ,0.74219275
666,50096,3192,dressing_room ,0.12785773
667,50096,3192,hospital_room ,0.028567275
668,50096,3192,operating_room ,0.011935
669,50096,3192,office ,0.0112427
670,50096,3216,clean_room ,0.72838414
671,50096,3216,dressing_room ,0.08445307
672,50096,3216,hospital_room ,0.03243553
673,50096,3216,archive ,0.019906202
674,50096,3216,operating_room ,0.01900958
675,50096,3240,dressing_room ,0.90532094
676,50096,3240,clean_room ,0.040458255
677,50096,3240,beauty_salon ,0.01159123
678,50096,3240,hospital_room ,0.0058373143
679,50096,3240,bedroom ,0.00534827
680,50096,3264,dressing_room ,0.67102337
681,50096,3264,clean_room ,0.24493861
682,50096,3264,beauty_salon ,0.028346324
683,50096,3264,chemistry_lab ,0.0064596455
684,50096,3264,biology_laboratory ,0.006438826
685,50096,3288,dressing_room ,0.9159153
686,50096,3288,clean_room ,0.043970477
687,50096,3288,beauty_salon ,0.0066158995
688,50096,3288,museum/indoor ,0.0056091896
689,50096,3288,clothing_store ,0.0046801837
690,50096,3312,dressing_room ,0.63722926
691,50096,3312,museum/indoor ,0.1927477
692,50096,3312,clean_room ,0.07985686
693,50096,3312,art_gallery ,0.015470093
694,50096,3312,beauty_salon ,0.010034142
695,50096,3336,museum/indoor ,0.5663271
696,50096,3336,dressing_room ,0.19134869
697,50096,3336,clean_room ,0.0729642
698,50096,3336,art_gallery ,0.021500548
699,50096,3336,art_studio ,0.021477165
700,50096,3360,museum/indoor ,0.5255164
701,50096,3360,dressing_room ,0.19909313
702,50096,3360,clean_room ,0.13948855
703,50096,3360,archive ,0.016217405
704,50096,3360,music_studio ,0.013533915
705,50096,3384,clean_room ,0.5736564
706,50096,3384,museum/indoor ,0.14083375
707,50096,3384,dressing_room ,0.09493305
708,50096,3384,archive ,0.048432805
709,50096,3384,physics_laboratory ,0.022144714
710,50096,3408,clean_room ,0.8082171
711,50096,3408,dressing_room ,0.04564195
712,50096,3408,museum/indoor ,0.044888124
713,50096,3408,archive ,0.015286419
714,50096,3408,operating_room ,0.01412093
715,50096,3432,dressing_room ,0.50158775
716,50096,3432,clean_room ,0.24979813
717,50096,3432,museum/indoor ,0.09148863
718,50096,3432,art_studio ,0.025607418
719,50096,3432,archive ,0.014742835
720,50096,3456,museum/indoor ,0.7022846
721,50096,3456,art_studio ,0.09500718
722,50096,3456,clean_room ,0.06716387
723,50096,3456,art_gallery ,0.045878984
724,50096,3456,archive ,0.014539244
725,50096,3480,museum/indoor ,0.8515309
726,50096,3480,clean_room ,0.068810575
727,50096,3480,art_gallery ,0.02712614
728,50096,3480,science_museum ,0.008219356
729,50096,3480,dressing_room ,0.006773494
730,50096,3504,museum/indoor ,0.6883531
731,50096,3504,clean_room ,0.09706507
732,50096,3504,archive ,0.03625877
733,50096,3504,art_gallery ,0.029076576
734,50096,3504,art_studio ,0.020082697
735,50096,3528,museum/indoor ,0.6311605
736,50096,3528,clean_room ,0.22090203
737,50096,3528,dressing_room ,0.025666637
738,50096,3528,nursery ,0.01759859
739,50096,3528,operating_room ,0.012914244
740,50096,3552,clean_room ,0.5359221
741,50096,3552,museum/indoor ,0.3113973
742,50096,3552,dressing_room ,0.022965256
743,50096,3552,art_gallery ,0.020999392
744,50096,3552,archive ,0.019292304
745,50096,3576,clean_room ,0.90968996
746,50096,3576,museum/indoor ,0.036007255
747,50096,3576,art_gallery ,0.013387845
748,50096,3576,operating_room ,0.010966354
749,50096,3576,dressing_room ,0.008205669
750,50096,3600,dressing_room ,0.2562489
751,50096,3600,clean_room ,0.2191698
752,50096,3600,art_gallery ,0.15070754
753,50096,3600,museum/indoor ,0.10913467
754,50096,3600,art_studio ,0.039392687
755,50096,3624,clean_room ,0.18695341
756,50096,3624,hospital_room ,0.16324198
757,50096,3624,bedroom ,0.1311915
758,50096,3624,dressing_room ,0.12871835
759,50096,3624,operating_room ,0.111979924
760,50096,3648,hospital_room ,0.3210844
761,50096,3648,beauty_salon ,0.117973335
762,50096,3648,operating_room ,0.11767994
763,50096,3648,bedroom ,0.10252848
764,50096,3648,dressing_room ,0.08282361
765,50096,3672,hospital_room ,0.27260187
766,50096,3672,operating_room ,0.20678814
767,50096,3672,beauty_salon ,0.114158094
768,50096,3672,dressing_room ,0.073124506
769,50096,3672,bedroom ,0.06557258
770,50096,3696,hospital_room ,0.3278582
771,50096,3696,operating_room ,0.23859654
772,50096,3696,beauty_salon ,0.06931467
773,50096,3696,clean_room ,0.06626876
774,50096,3696,bedroom ,0.057224922
775,50096,3720,dorm_room ,0.23426257
776,50096,3720,bedroom ,0.21302038
777,50096,3720,hospital_room ,0.089924954
778,50096,3720,hotel_room ,0.07956803
779,50096,3720,youth_hostel ,0.06478522
780,50096,3744,hospital_room ,0.22388528
781,50096,3744,dorm_room ,0.13158046
782,50096,3744,bedroom ,0.108415104
783,50096,3744,operating_room ,0.10674721
784,50096,3744,hotel_room ,0.0785828
785,50096,3768,museum/indoor ,0.2579172
786,50096,3768,art_gallery ,0.1930333
787,50096,3768,artists_loft ,0.17178334
788,50096,3768,burial_chamber ,0.11793487
789,50096,3768,alcove ,0.06913988
790,50096,3792,dressing_room ,0.7611035
791,50096,3792,art_gallery ,0.084250934
792,50096,3792,museum/indoor ,0.07513133
793,50096,3792,art_studio ,0.02788252
794,50096,3792,artists_loft ,0.016588552
795,50096,3816,clean_room ,0.9582316
796,50096,3816,operating_room ,0.016249394
797,50096,3816,dressing_room ,0.008619822
798,50096,3816,hospital_room ,0.003406399
799,50096,3816,museum/indoor ,0.003031393
800,50096,3840,clean_room ,0.7973825
801,50096,3840,operating_room ,0.042181827
802,50096,3840,archive ,0.022861551
803,50096,3840,museum/indoor ,0.020621786
804,50096,3840,hospital_room ,0.017424092
805,50096,3864,clean_room ,0.49514037
806,50096,3864,museum/indoor ,0.21781513
807,50096,3864,archive ,0.07857409
808,50096,3864,art_studio ,0.034992676
809,50096,3864,operating_room ,0.027721958
810,50096,3888,clean_room ,0.54661363
811,50096,3888,museum/indoor ,0.071806654
812,50096,3888,archive ,0.05171679
813,50096,3888,operating_room ,0.04766203
814,50096,3888,art_studio ,0.030669952
815,50096,3912,clean_room ,0.80728865
816,50096,3912,operating_room ,0.066591345
817,50096,3912,hospital_room ,0.025211425
818,50096,3912,museum/indoor ,0.02147552
819,50096,3912,archive ,0.010619738
820,50096,3936,clean_room ,0.8365759
821,50096,3936,operating_room ,0.118203774
822,50096,3936,hospital_room ,0.033352353
823,50096,3936,physics_laboratory ,0.0017405577
824,50096,3936,chemistry_lab ,0.0010685243
825,50096,3960,clean_room ,0.936248
826,50096,3960,operating_room ,0.04233607
827,50096,3960,hospital_room ,0.008629983
828,50096,3960,museum/indoor ,0.002615292
829,50096,3960,physics_laboratory ,0.0013611483
830,50096,3984,clean_room ,0.65582216
831,50096,3984,museum/indoor ,0.12323791
832,50096,3984,archive ,0.071221314
833,50096,3984,art_studio ,0.03365107
834,50096,3984,operating_room ,0.012442878
835,50096,4008,clean_room ,0.78419876
836,50096,4008,museum/indoor ,0.0662784
837,50096,4008,archive ,0.025385149
838,50096,4008,art_studio ,0.020899404
839,50096,4008,art_gallery ,0.018694663
840,50096,4032,museum/indoor ,0.55432075
841,50096,4032,clean_room ,0.22666594
842,50096,4032,art_studio ,0.047822975
843,50096,4032,art_gallery ,0.041667216
844,50096,4032,archive ,0.03086597
845,50096,4056,museum/indoor ,0.58073545
846,50096,4056,clean_room ,0.18754782
847,50096,4056,art_studio ,0.07992011
848,50096,4056,archive ,0.03819029
849,50096,4056,art_gallery ,0.028604051
850,50096,4080,clean_room ,0.45829952
851,50096,4080,museum/indoor ,0.14368813
852,50096,4080,art_studio ,0.091581345
853,50096,4080,operating_room ,0.05768975
854,50096,4080,archive ,0.038281273
855,50096,4104,clean_room ,0.35806122
856,50096,4104,museum/indoor ,0.274873
857,50096,4104,archive ,0.13614833
858,50096,4104,operating_room ,0.038233735
859,50096,4104,burial_chamber ,0.032741852
860,50096,4128,clean_room ,0.7057076
861,50096,4128,archive ,0.08734989
862,50096,4128,museum/indoor ,0.06822529
863,50096,4128,operating_room ,0.023409754
864,50096,4128,art_studio ,0.017206054
865,50096,4152,clean_room ,0.58447963
866,50096,4152,museum/indoor ,0.21759722
867,50096,4152,operating_room ,0.04657805
868,50096,4152,art_gallery ,0.03025471
869,50096,4152,burial_chamber ,0.021137755
870,50096,4176,museum/indoor ,0.60682875
871,50096,4176,art_gallery ,0.23625576
872,50096,4176,art_studio ,0.048624583
873,50096,4176,clean_room ,0.045666285
874,50096,4176,dressing_room ,0.0154710775
875,50096,4200,clean_room ,0.42000952
876,50096,4200,art_gallery ,0.25113013
877,50096,4200,dressing_room ,0.11499373
878,50096,4200,museum/indoor ,0.07773893
879,50096,4200,art_studio ,0.03002046
880,50096,4224,art_studio ,0.26986927
881,50096,4224,clean_room ,0.23115988
882,50096,4224,dressing_room ,0.10132923
883,50096,4224,art_gallery ,0.06886548
884,50096,4224,museum/indoor ,0.053396728
885,50096,4248,dressing_room ,0.28062063
886,50096,4248,music_studio ,0.15316164
887,50096,4248,museum/indoor ,0.13952723
888,50096,4248,clean_room ,0.11293044
889,50096,4248,discotheque ,0.064262174
890,50096,4272,dressing_room ,0.6901824
891,50096,4272,museum/indoor ,0.121717595
892,50096,4272,locker_room ,0.07080636
893,50096,4272,clean_room ,0.040457137
894,50096,4272,science_museum ,0.016224446
895,50096,4296,dressing_room ,0.8627487
896,50096,4296,museum/indoor ,0.07950943
897,50096,4296,clean_room ,0.013926269
898,50096,4296,locker_room ,0.010317294
899,50096,4296,science_museum ,0.008684098
900,50096,4320,museum/indoor ,0.5219938
901,50096,4320,clean_room ,0.19531581
902,50096,4320,dressing_room ,0.13588017
903,50096,4320,science_museum ,0.044337872
904,50096,4320,physics_laboratory ,0.023953484
905,50096,4344,museum/indoor ,0.40691411
906,50096,4344,clean_room ,0.28770807
907,50096,4344,dressing_room ,0.09462115
908,50096,4344,science_museum ,0.07150264
909,50096,4344,physics_laboratory ,0.026899165
910,50096,4368,museum/indoor ,0.4785248
911,50096,4368,dressing_room ,0.2140575
912,50096,4368,clean_room ,0.117664106
913,50096,4368,science_museum ,0.059684798
914,50096,4368,art_gallery ,0.021791842
915,50096,4392,dressing_room ,0.8931175
916,50096,4392,clean_room ,0.062541254
917,50096,4392,music_studio ,0.012648479
918,50096,4392,museum/indoor ,0.0076194913
919,50096,4392,locker_room ,0.004806204
920,50096,4416,museum/indoor ,0.8927273
921,50096,4416,art_gallery ,0.0854329
922,50096,4416,art_studio ,0.0051771654
923,50096,4416,dressing_room ,0.0046053515
924,50096,4416,clean_room ,0.0039043643
925,50096,4440,museum/indoor ,0.4383968
926,50096,4440,archive ,0.2580168
927,50096,4440,clean_room ,0.13564266
928,50096,4440,art_gallery ,0.060881477
929,50096,4440,bow_window/indoor ,0.02231498
930,50096,4464,dressing_room ,0.9546636
931,50096,4464,clean_room ,0.015720554
932,50096,4464,beauty_salon ,0.0051204045
933,50096,4464,sauna ,0.0025864916
934,50096,4464,dorm_room ,0.0020469404
935,50096,4488,dressing_room ,0.8635537
936,50096,4488,museum/indoor ,0.09335429
937,50096,4488,clean_room ,0.034086816
938,50096,4488,art_gallery ,0.001542726
939,50096,4488,chemistry_lab ,0.0012048531
940,50096,4512,dressing_room ,0.8394288
941,50096,4512,clean_room ,0.11262463
942,50096,4512,museum/indoor ,0.032017272
943,50096,4512,clothing_store ,0.0046147867
944,50096,4512,locker_room ,0.0034175115
945,50096,4536,dressing_room ,0.586175
946,50096,4536,clean_room ,0.27052513
947,50096,4536,museum/indoor ,0.105985045
948,50096,4536,clothing_store ,0.013640692
949,50096,4536,locker_room ,0.0052627083
950,50096,4560,dressing_room ,0.9602522
951,50096,4560,clean_room ,0.02820078
952,50096,4560,museum/indoor ,0.004055562
953,50096,4560,locker_room ,0.0016999932
954,50096,4560,music_studio ,0.0014795074
955,50096,4584,dressing_room ,0.95461655
956,50096,4584,clean_room ,0.026354915
957,50096,4584,museum/indoor ,0.00931414
958,50096,4584,clothing_store ,0.0027198498
959,50096,4584,locker_room ,0.0012951057
960,50096,4608,dressing_room ,0.8644388
961,50096,4608,clean_room ,0.057623234
962,50096,4608,discotheque ,0.019592177
963,50096,4608,locker_room ,0.01571201
964,50096,4608,shower ,0.0087848045
965,50096,4632,dressing_room ,0.91832674
966,50096,4632,clean_room ,0.030942079
967,50096,4632,clothing_store ,0.0077875485
968,50096,4632,museum/indoor ,0.0065762857
969,50096,4632,beauty_salon ,0.0051461905
970,50096,4656,dressing_room ,0.66241777
971,50096,4656,clean_room ,0.234726
972,50096,4656,operating_room ,0.030252514
973,50096,4656,hospital_room ,0.01714068
974,50096,4656,museum/indoor ,0.016087566
975,50096,4680,dressing_room ,0.7353288
976,50096,4680,clean_room ,0.080525845
977,50096,4680,clothing_store ,0.028361037
978,50096,4680,museum/indoor ,0.02410434
979,50096,4680,hospital_room ,0.017404193
980,50096,4704,dressing_room ,0.6489012
981,50096,4704,clean_room ,0.13202111
982,50096,4704,museum/indoor ,0.06744786
983,50096,4704,clothing_store ,0.020210916
984,50096,4704,closet ,0.013547684
985,50096,4728,dressing_room ,0.8456153
986,50096,4728,clean_room ,0.041674037
987,50096,4728,museum/indoor ,0.040361248
988,50096,4728,clothing_store ,0.0173826
989,50096,4728,locker_room ,0.0070280326
990,50096,4752,dressing_room ,0.64631784
991,50096,4752,clean_room ,0.19517006
992,50096,4752,museum/indoor ,0.045118853
993,50096,4752,locker_room ,0.0342385
994,50096,4752,operating_room ,0.023518115
995,50096,4776,dressing_room ,0.46572098
996,50096,4776,museum/indoor ,0.2495548
997,50096,4776,clean_room ,0.22411376
998,50096,4776,operating_room ,0.014997798
999,50096,4776,science_museum ,0.00589305
1000,50096,4800,dressing_room ,0.5110395
1001,50096,4800,clean_room ,0.2952766
1002,50096,4800,operating_room ,0.09369139
1003,50096,4800,hospital_room ,0.036685143
1004,50096,4800,museum/indoor ,0.021657694
1005,50096,4824,dressing_room ,0.6801735
1006,50096,4824,clean_room ,0.15679927
1007,50096,4824,museum/indoor ,0.06069789
1008,50096,4824,operating_room ,0.02142447
1009,50096,4824,music_studio ,0.010908935
1010,50096,4848,dressing_room ,0.55269015
1011,50096,4848,clean_room ,0.2575425
1012,50096,4848,museum/indoor ,0.06753387
1013,50096,4848,chemistry_lab ,0.018566418
1014,50096,4848,operating_room ,0.014659286
1015,50096,4872,dressing_room ,0.88203984
1016,50096,4872,museum/indoor ,0.03412302
1017,50096,4872,clean_room ,0.0336425
1018,50096,4872,chemistry_lab ,0.0048284847
1019,50096,4872,music_studio ,0.0046758186
1020,50096,4896,dressing_room ,0.9112246
1021,50096,4896,museum/indoor ,0.023289092
1022,50096,4896,locker_room ,0.010041468
1023,50096,4896,sauna ,0.0080042295
1024,50096,4896,bar ,0.006193216
1025,50096,4920,dressing_room ,0.78130156
1026,50096,4920,museum/indoor ,0.06812517
1027,50096,4920,locker_room ,0.031208545
1028,50096,4920,sauna ,0.012441363
1029,50096,4920,art_gallery ,0.010001656
1030,50096,4944,dressing_room ,0.8233213
1031,50096,4944,locker_room ,0.035546537
1032,50096,4944,sauna ,0.019941323
1033,50096,4944,discotheque ,0.014570917
1034,50096,4944,museum/indoor ,0.010383723
1035,50096,4968,dressing_room ,0.69822276
1036,50096,4968,discotheque ,0.04202293
1037,50096,4968,locker_room ,0.037180576
1038,50096,4968,sauna ,0.025694741
1039,50096,4968,bar ,0.02421808
1040,50096,4992,dressing_room ,0.7914359
1041,50096,4992,clean_room ,0.11024795
1042,50096,4992,hospital_room ,0.04082264
1043,50096,4992,operating_room ,0.011261913
1044,50096,4992,bedroom ,0.005676799
1045,50096,5016,clean_room ,0.44231078
1046,50096,5016,archive ,0.104853526
1047,50096,5016,bow_window/indoor ,0.08161524
1048,50096,5016,museum/indoor ,0.068105906
1049,50096,5016,physics_laboratory ,0.06182601
1050,50096,5040,clean_room ,0.42364997
1051,50096,5040,museum/indoor ,0.4067404
1052,50096,5040,art_gallery ,0.07322302
1053,50096,5040,operating_room ,0.021389656
1054,50096,5040,science_museum ,0.021248091
1055,50096,5064,dressing_room ,0.6343904
1056,50096,5064,museum/indoor ,0.09588692
1057,50096,5064,clean_room ,0.0687359
1058,50096,5064,art_gallery ,0.06626513
1059,50096,5064,discotheque ,0.024157047
1060,50096,5088,dressing_room ,0.75932807
1061,50096,5088,clean_room ,0.09909149
1062,50096,5088,museum/indoor ,0.076872036
1063,50096,5088,chemistry_lab ,0.008211515
1064,50096,5088,beauty_salon ,0.0060392153
1065,50096,5112,museum/indoor ,0.5406996
1066,50096,5112,dressing_room ,0.19128603
1067,50096,5112,clean_room ,0.11982092
1068,50096,5112,science_museum ,0.03541852
1069,50096,5112,art_gallery ,0.024616988
1070,50096,5136,dressing_room ,0.8927111
1071,50096,5136,museum/indoor ,0.048740488
1072,50096,5136,art_gallery ,0.01169166
1073,50096,5136,clean_room ,0.011603939
1074,50096,5136,science_museum ,0.00508295
1075,50096,5160,dressing_room ,0.8735367
1076,50096,5160,museum/indoor ,0.038537096
1077,50096,5160,clean_room ,0.0327033
1078,50096,5160,beauty_salon ,0.008774148
1079,50096,5160,art_gallery ,0.008293542
1080,50096,5184,dressing_room ,0.93416363
1081,50096,5184,clean_room ,0.015373929
1082,50096,5184,beauty_salon ,0.013966959
1083,50096,5184,museum/indoor ,0.013394489
1084,50096,5184,locker_room ,0.0040342896
1085,50096,5208,dressing_room ,0.99576193
1086,50096,5208,locker_room ,0.0011811568
1087,50096,5208,beauty_salon ,0.0008023012
1088,50096,5208,clean_room ,0.0004517117
1089,50096,5208,museum/indoor ,0.00027824985
1090,50096,5232,museum/indoor ,0.54457444
1091,50096,5232,dressing_room ,0.14877503
1092,50096,5232,shower ,0.059644252
1093,50096,5232,stage/indoor ,0.045852717
1094,50096,5232,clean_room ,0.038352102
1095,50096,5256,clean_room ,0.7554458
1096,50096,5256,museum/indoor ,0.106738366
1097,50096,5256,dressing_room ,0.09139416
1098,50096,5256,art_gallery ,0.0142989205
1099,50096,5256,science_museum ,0.012447927
1100,50096,5280,clean_room ,0.8777215
1101,50096,5280,museum/indoor ,0.072615266
1102,50096,5280,dressing_room ,0.03671371
1103,50096,5280,art_gallery ,0.0059216316
1104,50096,5280,archive ,0.0022463205
1105,50096,5304,clean_room ,0.6204511
1106,50096,5304,museum/indoor ,0.32834995
1107,50096,5304,dressing_room ,0.02659897
1108,50096,5304,art_gallery ,0.0095361415
1109,50096,5304,archive ,0.00725129
1110,50096,5328,clean_room ,0.72258997
1111,50096,5328,museum/indoor ,0.25648436
1112,50096,5328,dressing_room ,0.009716344
1113,50096,5328,art_gallery ,0.0046277563
1114,50096,5328,archive ,0.0021591743
1115,50096,5352,clean_room ,0.9449837
1116,50096,5352,museum/indoor ,0.037655964
1117,50096,5352,dressing_room ,0.009739751
1118,50096,5352,operating_room ,0.0026315907
1119,50096,5352,art_gallery ,0.0016718635
1120,50096,5376,clean_room ,0.9355031
1121,50096,5376,museum/indoor ,0.052181955
1122,50096,5376,dressing_room ,0.007255287
1123,50096,5376,art_gallery ,0.0020745296
1124,50096,5376,operating_room ,0.0013288896
1125,50096,5400,clean_room ,0.9726732
1126,50096,5400,museum/indoor ,0.018666305
1127,50096,5400,art_gallery ,0.0027509835
1128,50096,5400,operating_room ,0.0018220766
1129,50096,5400,dressing_room ,0.0008304898
1130,50096,5424,dressing_room ,0.39890927
1131,50096,5424,clean_room ,0.3603656
1132,50096,5424,museum/indoor ,0.069184445
1133,50096,5424,beauty_salon ,0.03205615
1134,50096,5424,science_museum ,0.0114159295
1135,50096,5448,hospital_room ,0.46936333
1136,50096,5448,clean_room ,0.21906771
1137,50096,5448,operating_room ,0.108118206
1138,50096,5448,dressing_room ,0.094983466
1139,50096,5448,bedroom ,0.023512589
1140,50096,5472,sauna ,0.24061349
1141,50096,5472,clean_room ,0.14391494
1142,50096,5472,dressing_room ,0.14085437
1143,50096,5472,shower ,0.09996152
1144,50096,5472,bathroom ,0.04275813
1145,50096,5496,elevator/door ,0.20129916
1146,50096,5496,dressing_room ,0.17637609
1147,50096,5496,shower ,0.148994
1148,50096,5496,sauna ,0.10527831
1149,50096,5496,clean_room ,0.09224852
1150,50096,5520,clean_room ,0.23264474
1151,50096,5520,shower ,0.13960406
1152,50096,5520,elevator/door ,0.104050815
1153,50096,5520,dressing_room ,0.09920254
1154,50096,5520,museum/indoor ,0.074885555
1155,50096,5544,clean_room ,0.66366166
1156,50096,5544,elevator/door ,0.054859657
1157,50096,5544,elevator_lobby ,0.032776963
1158,50096,5544,shower ,0.031994976
1159,50096,5544,closet ,0.022906624
1160,50096,5568,clean_room ,0.7664491
1161,50096,5568,dressing_room ,0.048975866
1162,50096,5568,shower ,0.026699996
1163,50096,5568,closet ,0.02245135
1164,50096,5568,operating_room ,0.015482149
1165,50096,5592,clean_room ,0.753589
1166,50096,5592,dressing_room ,0.08652436
1167,50096,5592,clothing_store ,0.030840473
1168,50096,5592,closet ,0.02625084
1169,50096,5592,museum/indoor ,0.02078754
1170,50096,5616,clean_room ,0.5464067
1171,50096,5616,closet ,0.10980839
1172,50096,5616,dressing_room ,0.06207583
1173,50096,5616,utility_room ,0.028750652
1174,50096,5616,locker_room ,0.026157966
1175,50096,5640,clean_room ,0.8020562
1176,50096,5640,dressing_room ,0.10530886
1177,50096,5640,operating_room ,0.01842007
1178,50096,5640,museum/indoor ,0.01698024
1179,50096,5640,clothing_store ,0.01142178
1180,50096,5664,clean_room ,0.79990757
1181,50096,5664,dressing_room ,0.14167736
1182,50096,5664,museum/indoor ,0.030203542
1183,50096,5664,operating_room ,0.0078054494
1184,50096,5664,clothing_store ,0.006580744
1185,50096,5688,museum/indoor ,0.6700859
1186,50096,5688,clean_room ,0.25207788
1187,50096,5688,art_gallery ,0.040129572
1188,50096,5688,dressing_room ,0.02327291
1189,50096,5688,archive ,0.0058399853
1190,50096,5712,clean_room ,0.90315884
1191,50096,5712,museum/indoor ,0.042377237
1192,50096,5712,dressing_room ,0.025064165
1193,50096,5712,art_gallery ,0.012034408
1194,50096,5712,operating_room ,0.0051617576
1195,50096,5736,clean_room ,0.98091424
1196,50096,5736,operating_room ,0.009683044
1197,50096,5736,dressing_room ,0.004415908
1198,50096,5736,museum/indoor ,0.0015738438
1199,50096,5736,hospital_room ,0.0006436781
1200,50096,5760,dressing_room ,0.73547226
1201,50096,5760,clean_room ,0.12435714
1202,50096,5760,museum/indoor ,0.0340087
1203,50096,5760,beauty_salon ,0.02257841
1204,50096,5760,art_gallery ,0.016781267
1205,50096,5784,clean_room ,0.20933113
1206,50096,5784,dressing_room ,0.1304881
1207,50096,5784,art_gallery ,0.10941098
1208,50096,5784,museum/indoor ,0.09808911
1209,50096,5784,archive ,0.054072786
1210,50096,5808,dressing_room ,0.30173728
1211,50096,5808,clean_room ,0.09276044
1212,50096,5808,living_room ,0.06534182
1213,50096,5808,clothing_store ,0.0619482
1214,50096,5808,museum/indoor ,0.050109677
1215,50096,5832,dressing_room ,0.41953057
1216,50096,5832,clean_room ,0.09880651
1217,50096,5832,museum/indoor ,0.08028187
1218,50096,5832,art_gallery ,0.049600635
1219,50096,5832,artists_loft ,0.045489043
1220,50096,5856,dressing_room ,0.33526066
1221,50096,5856,museum/indoor ,0.28497764
1222,50096,5856,art_gallery ,0.115136
1223,50096,5856,clean_room ,0.10172817
1224,50096,5856,artists_loft ,0.035110176
1225,50096,5880,dressing_room ,0.38670224
1226,50096,5880,clean_room ,0.3419369
1227,50096,5880,museum/indoor ,0.103864126
1228,50096,5880,art_gallery ,0.047701035
1229,50096,5880,artists_loft ,0.010249179
1230,50096,5904,museum/indoor ,0.31838748
1231,50096,5904,dressing_room ,0.29213506
1232,50096,5904,clean_room ,0.17787184
1233,50096,5904,art_gallery ,0.102235205
1234,50096,5904,artists_loft ,0.03206269
1235,50096,5928,dressing_room ,0.81957304
1236,50096,5928,clean_room ,0.03560956
1237,50096,5928,artists_loft ,0.017921232
1238,50096,5928,hotel_room ,0.015450903
1239,50096,5928,living_room ,0.01529606
1240,50096,5952,dressing_room ,0.14247964
1241,50096,5952,clean_room ,0.12646794
1242,50096,5952,artists_loft ,0.10325641
1243,50096,5952,reception ,0.076240115
1244,50096,5952,living_room ,0.052503407
1245,50096,5976,entrance_hall ,0.12686689
1246,50096,5976,clean_room ,0.12120481
1247,50096,5976,dining_room ,0.062139235
1248,50096,5976,museum/indoor ,0.055264484
1249,50096,5976,dressing_room ,0.042831626
1250,50096,6000,elevator/door ,0.5169842
1251,50096,6000,elevator_lobby ,0.2561062
1252,50096,6000,art_gallery ,0.046321556
1253,50096,6000,museum/indoor ,0.038877755
1254,50096,6000,archive ,0.038583886
1255,50096,6024,elevator/door ,0.3062456
1256,50096,6024,art_gallery ,0.18337491
1257,50096,6024,museum/indoor ,0.1772679
1258,50096,6024,elevator_lobby ,0.12663329
1259,50096,6024,archive ,0.055528447
1260,50096,6048,museum/indoor ,0.3330093
1261,50096,6048,art_gallery ,0.32577446
1262,50096,6048,clean_room ,0.13343467
1263,50096,6048,dressing_room ,0.1048646
1264,50096,6048,alcove ,0.039604574
1265,50096,6072,dressing_room ,0.9765158
1266,50096,6072,clean_room ,0.0047445926
1267,50096,6072,music_studio ,0.0021626048
1268,50096,6072,archive ,0.0017287972
1269,50096,6072,office ,0.0016476001
1270,50096,6096,dressing_room ,0.98180366
1271,50096,6096,clean_room ,0.00224821
1272,50096,6096,locker_room ,0.0017275754
1273,50096,6096,elevator/door ,0.001585822
1274,50096,6096,beauty_salon ,0.0013859011
1275,50096,6120,museum/indoor ,0.6404029
1276,50096,6120,art_gallery ,0.22674339
1277,50096,6120,dressing_room ,0.040528744
1278,50096,6120,clean_room ,0.03130657
1279,50096,6120,elevator/door ,0.016900277
1280,50096,6144,dressing_room ,0.6921604
1281,50096,6144,nursing_home ,0.23932974
1282,50096,6144,clean_room ,0.030954104
1283,50096,6144,office ,0.007346931
1284,50096,6144,elevator/door ,0.006476284
1285,50096,6168,dressing_room ,0.97453314
1286,50096,6168,clean_room ,0.0073717246
1287,50096,6168,locker_room ,0.0017443378
1288,50096,6168,archive ,0.0016389305
1289,50096,6168,nursery ,0.00137916
1290,50096,6192,clean_room ,0.8365156
1291,50096,6192,dressing_room ,0.08082947
1292,50096,6192,museum/indoor ,0.04380387
1293,50096,6192,locker_room ,0.005165639
1294,50096,6192,art_gallery ,0.004967931
1295,50096,6216,dressing_room ,0.4348194
1296,50096,6216,clean_room ,0.33807656
1297,50096,6216,museum/indoor ,0.044858374
1298,50096,6216,entrance_hall ,0.025364809
1299,50096,6216,locker_room ,0.01566584
1300,50096,6240,clean_room ,0.5295339
1301,50096,6240,dressing_room ,0.3548138
1302,50096,6240,operating_room ,0.013558677
1303,50096,6240,dining_room ,0.01174335
1304,50096,6240,museum/indoor ,0.009617166
1305,50096,6264,clean_room ,0.8389923
1306,50096,6264,dressing_room ,0.10390732
1307,50096,6264,operating_room ,0.014647446
1308,50096,6264,museum/indoor ,0.0127783
1309,50096,6264,art_gallery ,0.008627755
1310,50096,6288,clean_room ,0.44247848
1311,50096,6288,dressing_room ,0.386593
1312,50096,6288,art_gallery ,0.017017363
1313,50096,6288,museum/indoor ,0.016150327
1314,50096,6288,music_studio ,0.015772386
1315,50096,6312,dressing_room ,0.32185963
1316,50096,6312,clean_room ,0.19777241
1317,50096,6312,art_gallery ,0.118957646
1318,50096,6312,office ,0.0369302
1319,50096,6312,elevator_lobby ,0.036911666
1320,50096,6336,dressing_room ,0.4141953
1321,50096,6336,clean_room ,0.1636654
1322,50096,6336,beauty_salon ,0.05390805
1323,50096,6336,office ,0.049518276
1324,50096,6336,art_gallery ,0.035117596
1325,50096,6360,dressing_room ,0.47270778
1326,50096,6360,clean_room ,0.10925256
1327,50096,6360,beauty_salon ,0.05820022
1328,50096,6360,art_gallery ,0.046650577
1329,50096,6360,office ,0.045243543
1330,50096,6384,art_gallery ,0.41025618
1331,50096,6384,museum/indoor ,0.12731634
1332,50096,6384,clean_room ,0.11792402
1333,50096,6384,artists_loft ,0.07807938
1334,50096,6384,dressing_room ,0.05288661
1335,50096,6408,art_gallery ,0.44613957
1336,50096,6408,museum/indoor ,0.1853536
1337,50096,6408,artists_loft ,0.08186952
1338,50096,6408,clean_room ,0.07899879
1339,50096,6408,dressing_room ,0.05317859
1340,50096,6432,art_gallery ,0.38231042
1341,50096,6432,museum/indoor ,0.1366872
1342,50096,6432,clean_room ,0.13089725
1343,50096,6432,artists_loft ,0.06262313
1344,50096,6432,dressing_room ,0.06165289
1345,50096,6456,dressing_room ,0.25918028
1346,50096,6456,art_gallery ,0.24815497
1347,50096,6456,museum/indoor ,0.11578322
1348,50096,6456,clean_room ,0.10852891
1349,50096,6456,artists_loft ,0.081251465
1350,50096,6480,dressing_room ,0.9730935
1351,50096,6480,artists_loft ,0.004312508
1352,50096,6480,beauty_salon ,0.0035862005
1353,50096,6480,art_gallery ,0.0032830897
1354,50096,6480,bathroom ,0.002983039
1355,50096,6504,dressing_room ,0.4465696
1356,50096,6504,clean_room ,0.21477114
1357,50096,6504,beauty_salon ,0.036320534
1358,50096,6504,bank_vault ,0.03524602
1359,50096,6504,elevator_lobby ,0.03329733
1360,50096,6528,clean_room ,0.39159438
1361,50096,6528,dressing_room ,0.28223485
1362,50096,6528,beauty_salon ,0.03578928
1363,50096,6528,art_gallery ,0.031596825
1364,50096,6528,elevator_lobby ,0.02404091
1365,50096,6552,dressing_room ,0.367214
1366,50096,6552,clean_room ,0.29540542
1367,50096,6552,beauty_salon ,0.042800132
1368,50096,6552,art_gallery ,0.036877237
1369,50096,6552,elevator_lobby ,0.02420666
1370,50096,6576,dressing_room ,0.5862708
1371,50096,6576,clean_room ,0.19183657
1372,50096,6576,museum/indoor ,0.11508521
1373,50096,6576,archive ,0.022545883
1374,50096,6576,nursing_home ,0.017664295
1375,50096,6600,museum/indoor ,0.39760065
1376,50096,6600,clean_room ,0.2831488
1377,50096,6600,dressing_room ,0.18937385
1378,50096,6600,music_studio ,0.03596199
1379,50096,6600,nursing_home ,0.020352948
1380,50096,6624,clean_room ,0.3921583
1381,50096,6624,dressing_room ,0.22872384
1382,50096,6624,museum/indoor ,0.1380003
1383,50096,6624,physics_laboratory ,0.07676611
1384,50096,6624,music_studio ,0.0673387
1385,50096,6648,clean_room ,0.4621956
1386,50096,6648,museum/indoor ,0.28562376
1387,50096,6648,dressing_room ,0.0637874
1388,50096,6648,physics_laboratory ,0.049348272
1389,50096,6648,music_studio ,0.039773498
1390,50096,6672,museum/indoor ,0.44253582
1391,50096,6672,clean_room ,0.23341292
1392,50096,6672,dressing_room ,0.16912061
1393,50096,6672,physics_laboratory ,0.044725105
1394,50096,6672,music_studio ,0.034033336
1395,50096,6696,museum/indoor ,0.3711957
1396,50096,6696,dressing_room ,0.28729743
1397,50096,6696,clean_room ,0.20200758
1398,50096,6696,physics_laboratory ,0.037195172
1399,50096,6696,music_studio ,0.0317663
1400,50096,6720,museum/indoor ,0.64416134
1401,50096,6720,dressing_room ,0.07793345
1402,50096,6720,physics_laboratory ,0.07657295
1403,50096,6720,clean_room ,0.07472776
1404,50096,6720,music_studio ,0.06614177
1405,50096,6744,museum/indoor ,0.504334
1406,50096,6744,dressing_room ,0.25530604
1407,50096,6744,clean_room ,0.15887289
1408,50096,6744,physics_laboratory ,0.01830281
1409,50096,6744,music_studio ,0.0146693345
1410,50096,6768,dressing_room ,0.3977893
1411,50096,6768,museum/indoor ,0.38976663
1412,50096,6768,clean_room ,0.119366616
1413,50096,6768,physics_laboratory ,0.017577132
1414,50096,6768,music_studio ,0.014002477
1415,50096,6792,museum/indoor ,0.42538
1416,50096,6792,dressing_room ,0.28351715
1417,50096,6792,clean_room ,0.15524794
1418,50096,6792,music_studio ,0.030046254
1419,50096,6792,physics_laboratory ,0.029905295
1420,50096,6816,dressing_room ,0.32175454
1421,50096,6816,museum/indoor ,0.3105301
1422,50096,6816,clean_room ,0.2585987
1423,50096,6816,physics_laboratory ,0.026688725
1424,50096,6816,music_studio ,0.016535351
1425,50096,6840,museum/indoor ,0.34209982
1426,50096,6840,clean_room ,0.28320637
1427,50096,6840,dressing_room ,0.22304957
1428,50096,6840,physics_laboratory ,0.05693681
1429,50096,6840,music_studio ,0.022746975
1430,50096,6864,museum/indoor ,0.547652
1431,50096,6864,dressing_room ,0.3559404
1432,50096,6864,clean_room ,0.050201222
1433,50096,6864,music_studio ,0.0154291615
1434,50096,6864,physics_laboratory ,0.010162616
1435,50096,6888,museum/indoor ,0.7892391
1436,50096,6888,clean_room ,0.08428897
1437,50096,6888,dressing_room ,0.080577806
1438,50096,6888,physics_laboratory ,0.010977319
1439,50096,6888,music_studio ,0.0071153725
1440,50096,6912,museum/indoor ,0.93893796
1441,50096,6912,clean_room ,0.029049171
1442,50096,6912,dressing_room ,0.020774687
1443,50096,6912,physics_laboratory ,0.004412632
1444,50096,6912,art_gallery ,0.0022595257
1445,50096,6936,museum/indoor ,0.90470505
1446,50096,6936,clean_room ,0.07164177
1447,50096,6936,dressing_room ,0.01446433
1448,50096,6936,art_gallery ,0.005820989
1449,50096,6936,physics_laboratory ,0.0010121026
1450,50096,6960,museum/indoor ,0.62649584
1451,50096,6960,clean_room ,0.26236734
1452,50096,6960,dressing_room ,0.09325929
1453,50096,6960,art_gallery ,0.008159941
1454,50096,6960,physics_laboratory ,0.002419827
1455,50096,6984,clean_room ,0.6719004
1456,50096,6984,museum/indoor ,0.23532023
1457,50096,6984,dressing_room ,0.07066356
1458,50096,6984,physics_laboratory ,0.009150585
1459,50096,6984,chemistry_lab ,0.0021832767
1460,50096,7008,museum/indoor ,0.89927864
1461,50096,7008,clean_room ,0.047219772
1462,50096,7008,dressing_room ,0.016702821
1463,50096,7008,art_gallery ,0.01393869
1464,50096,7008,music_studio ,0.0077940384
1465,50096,7032,clean_room ,0.47561133
1466,50096,7032,museum/indoor ,0.4648544
1467,50096,7032,dressing_room ,0.011205614
1468,50096,7032,archive ,0.009366481
1469,50096,7032,music_studio ,0.0093220575
1470,50096,7056,clean_room ,0.6946615
1471,50096,7056,museum/indoor ,0.114027515
1472,50096,7056,dressing_room ,0.052275598
1473,50096,7056,music_studio ,0.040920842
1474,50096,7056,operating_room ,0.020830195
1475,50096,7080,dressing_room ,0.9202257
1476,50096,7080,clean_room ,0.04634885
1477,50096,7080,music_studio ,0.01167561
1478,50096,7080,museum/indoor ,0.0076272218
1479,50096,7080,beauty_salon ,0.0032350805
1480,50096,7104,dressing_room ,0.8243863
1481,50096,7104,clean_room ,0.12620667
1482,50096,7104,beauty_salon ,0.0077370177
1483,50096,7104,hotel_room ,0.005005385
1484,50096,7104,nursing_home ,0.0047059543
1485,50096,7128,clean_room ,0.55006015
1486,50096,7128,dressing_room ,0.42256144
1487,50096,7128,nursing_home ,0.008988417
1488,50096,7128,hospital_room ,0.0036211351
1489,50096,7128,beauty_salon ,0.002672024
1490,50096,7152,clean_room ,0.77075547
1491,50096,7152,dressing_room ,0.19527785
1492,50096,7152,museum/indoor ,0.0127500715
1493,50096,7152,nursing_home ,0.01093648
1494,50096,7152,hospital_room ,0.002089255
1495,50096,7176,dressing_room ,0.70334846
1496,50096,7176,clean_room ,0.13255703
1497,50096,7176,museum/indoor ,0.11268502
1498,50096,7176,nursing_home ,0.01896111
1499,50096,7176,archive ,0.0047521545
1500,50096,7200,dressing_room ,0.72914064
1501,50096,7200,museum/indoor ,0.17362182
1502,50096,7200,clean_room ,0.040586483
1503,50096,7200,nursing_home ,0.022540953
1504,50096,7200,art_gallery ,0.0063284403
1505,50096,7224,dressing_room ,0.6715385
1506,50096,7224,museum/indoor ,0.21035811
1507,50096,7224,clean_room ,0.051202837
1508,50096,7224,nursing_home ,0.031251322
1509,50096,7224,art_gallery ,0.0057629845
1510,50096,7248,dressing_room ,0.9603414
1511,50096,7248,museum/indoor ,0.017343758
1512,50096,7248,clean_room ,0.009269404
1513,50096,7248,nursing_home ,0.0062698275
1514,50096,7248,music_studio ,0.0013166196
1515,50096,7272,dressing_room ,0.83771324
1516,50096,7272,clean_room ,0.1308356
1517,50096,7272,nursing_home ,0.009532495
1518,50096,7272,hospital_room ,0.0028889722
1519,50096,7272,locker_room ,0.0016141693
1520,50096,7296,locker_room ,0.2105957
1521,50096,7296,clean_room ,0.18280198
1522,50096,7296,shower ,0.13303973
1523,50096,7296,bathroom ,0.07952245
1524,50096,7296,dressing_room ,0.06827785
1525,50096,7320,bank_vault ,0.2818508
1526,50096,7320,shower ,0.20495619
1527,50096,7320,bathroom ,0.10651622
1528,50096,7320,server_room ,0.05902395
1529,50096,7320,elevator/door ,0.043769818
1530,50096,7344,clean_room ,0.85619515
1531,50096,7344,bank_vault ,0.022536319
1532,50096,7344,operating_room ,0.021680843
1533,50096,7344,locker_room ,0.020357635
1534,50096,7344,dressing_room ,0.019128717
1535,50096,7368,clean_room ,0.9210418
1536,50096,7368,operating_room ,0.049540196
1537,50096,7368,hospital_room ,0.007363382
1538,50096,7368,locker_room ,0.0052243476
1539,50096,7368,dressing_room ,0.0043759136
1540,50096,7392,clean_room ,0.5501924
1541,50096,7392,museum/indoor ,0.32415378
1542,50096,7392,dressing_room ,0.052439906
1543,50096,7392,locker_room ,0.0122348135
1544,50096,7392,art_gallery ,0.012209892
1545,50096,7416,museum/indoor ,0.39118096
1546,50096,7416,clean_room ,0.3582988
1547,50096,7416,dressing_room ,0.21716675
1548,50096,7416,art_gallery ,0.012731198
1549,50096,7416,locker_room ,0.006033468
1550,50096,7440,museum/indoor ,0.7446567
1551,50096,7440,art_gallery ,0.09835136
1552,50096,7440,clean_room ,0.08042161
1553,50096,7440,dressing_room ,0.052628778
1554,50096,7440,archive ,0.010457398
1555,50096,7464,museum/indoor ,0.7657326
1556,50096,7464,art_gallery ,0.1392302
1557,50096,7464,dressing_room ,0.027122654
1558,50096,7464,clean_room ,0.02440307
1559,50096,7464,archive ,0.011874213
1560,50096,7488,museum/indoor ,0.6382436
1561,50096,7488,art_gallery ,0.23317021
1562,50096,7488,clean_room ,0.05140347
1563,50096,7488,dressing_room ,0.04464618
1564,50096,7488,art_studio ,0.007163822
1565,50096,7512,museum/indoor ,0.8142121
1566,50096,7512,art_gallery ,0.13035557
1567,50096,7512,clean_room ,0.02244842
1568,50096,7512,dressing_room ,0.016749699
1569,50096,7512,artists_loft ,0.0035162556
1570,50096,7536,museum/indoor ,0.8019065
1571,50096,7536,art_gallery ,0.11579871
1572,50096,7536,clean_room ,0.06486223
1573,50096,7536,dressing_room ,0.005210949
1574,50096,7536,artists_loft ,0.0030243478
1575,50096,7560,museum/indoor ,0.61297274
1576,50096,7560,art_gallery ,0.18331644
1577,50096,7560,clean_room ,0.13598959
1578,50096,7560,dressing_room ,0.03170082
1579,50096,7560,art_studio ,0.007979376
1580,50096,7584,museum/indoor ,0.5206996
1581,50096,7584,clean_room ,0.3908043
1582,50096,7584,art_gallery ,0.053395703
1583,50096,7584,dressing_room ,0.014947037
1584,50096,7584,archive ,0.0055371695
1585,50096,7608,museum/indoor ,0.8942688
1586,50096,7608,art_gallery ,0.07374932
1587,50096,7608,clean_room ,0.013087359
1588,50096,7608,dressing_room ,0.0049629696
1589,50096,7608,science_museum ,0.0032697064
1590,50096,7632,museum/indoor ,0.82773334
1591,50096,7632,art_gallery ,0.100720055
1592,50096,7632,clean_room ,0.03750398
1593,50096,7632,dressing_room ,0.017203845
1594,50096,7632,science_museum ,0.0032815677
1595,50096,7656,museum/indoor ,0.6054612
1596,50096,7656,clean_room ,0.24150696
1597,50096,7656,art_gallery ,0.0765916
1598,50096,7656,dressing_room ,0.046003133
1599,50096,7656,archive ,0.011434912
1600,50096,7680,clean_room ,0.73617023
1601,50096,7680,museum/indoor ,0.13144226
1602,50096,7680,dressing_room ,0.050147723
1603,50096,7680,art_gallery ,0.02910535
1604,50096,7680,nursing_home ,0.015197085
1605,50096,7704,clean_room ,0.6740732
1606,50096,7704,museum/indoor ,0.20602821
1607,50096,7704,art_gallery ,0.037921082
1608,50096,7704,dressing_room ,0.037914537
1609,50096,7704,archive ,0.012816878
1610,50096,7728,clean_room ,0.80346555
1611,50096,7728,museum/indoor ,0.09744615
1612,50096,7728,dressing_room ,0.041039683
1613,50096,7728,art_gallery ,0.023983024
1614,50096,7728,archive ,0.011897926
1615,50096,7752,clean_room ,0.42681873
1616,50096,7752,museum/indoor ,0.34989586
1617,50096,7752,art_gallery ,0.11786725
1618,50096,7752,dressing_room ,0.06972723
1619,50096,7752,archive ,0.0073160906
1620,50096,7776,clean_room ,0.61469716
1621,50096,7776,museum/indoor ,0.2575841
1622,50096,7776,art_gallery ,0.055139553
1623,50096,7776,dressing_room ,0.044565048
1624,50096,7776,archive ,0.0095787
1625,50096,7800,museum/indoor ,0.46779013
1626,50096,7800,clean_room ,0.32919487
1627,50096,7800,art_gallery ,0.115235925
1628,50096,7800,dressing_room ,0.055330623
1629,50096,7800,archive ,0.012440507
1630,50096,7824,museum/indoor ,0.41068852
1631,50096,7824,clean_room ,0.39982474
1632,50096,7824,art_gallery ,0.08027937
1633,50096,7824,dressing_room ,0.0764027
1634,50096,7824,archive ,0.008130051
1635,50096,7848,clean_room ,0.37433913
1636,50096,7848,museum/indoor ,0.29024202
1637,50096,7848,dressing_room ,0.23643655
1638,50096,7848,art_gallery ,0.06457291
1639,50096,7848,clothing_store ,0.009420599
1640,50096,7872,clean_room ,0.45593223
1641,50096,7872,dressing_room ,0.24149668
1642,50096,7872,museum/indoor ,0.18004812
1643,50096,7872,art_gallery ,0.052174453
1644,50096,7872,locker_room ,0.013041025
1645,50096,7896,clean_room ,0.45859706
1646,50096,7896,dressing_room ,0.3757079
1647,50096,7896,museum/indoor ,0.061638486
1648,50096,7896,locker_room ,0.013538022
1649,50096,7896,nursing_home ,0.01348631
1650,50096,7920,museum/indoor ,0.48947707
1651,50096,7920,clean_room ,0.2794638
1652,50096,7920,dressing_room ,0.12264102
1653,50096,7920,stage/indoor ,0.022809507
1654,50096,7920,music_studio ,0.019185578
1655,50096,7944,museum/indoor ,0.42388228
1656,50096,7944,clean_room ,0.22414552
1657,50096,7944,dressing_room ,0.11911887
1658,50096,7944,music_studio ,0.074115105
1659,50096,7944,stage/indoor ,0.0405205
1660,50096,7968,clean_room ,0.5732305
1661,50096,7968,dressing_room ,0.27964666
1662,50096,7968,museum/indoor ,0.071195364
1663,50096,7968,music_studio ,0.010915831
1664,50096,7968,stage/indoor ,0.008726986
1665,50096,7992,dressing_room ,0.70095015
1666,50096,7992,clean_room ,0.1670074
1667,50096,7992,museum/indoor ,0.06575545
1668,50096,7992,nursing_home ,0.014141053
1669,50096,7992,music_studio ,0.0060560377
1670,50096,8016,clean_room ,0.34303656
1671,50096,8016,dressing_room ,0.25611815
1672,50096,8016,museum/indoor ,0.23730266
1673,50096,8016,nursing_home ,0.058302667
1674,50096,8016,music_studio ,0.023000984
1675,50096,8040,museum/indoor ,0.35542944
1676,50096,8040,dressing_room ,0.35517868
1677,50096,8040,clean_room ,0.1527332
1678,50096,8040,nursing_home ,0.041633658
1679,50096,8040,stage/indoor ,0.0151693765
1680,50096,8064,museum/indoor ,0.39685357
1681,50096,8064,dressing_room ,0.20041272
1682,50096,8064,clean_room ,0.1466269
1683,50096,8064,nursing_home ,0.11793392
1684,50096,8064,stage/indoor ,0.042213567
1685,50096,8088,museum/indoor ,0.41359448
1686,50096,8088,dressing_room ,0.18951488
1687,50096,8088,clean_room ,0.18402903
1688,50096,8088,stage/indoor ,0.071279794
1689,50096,8088,music_studio ,0.051583942
1690,50096,8112,museum/indoor ,0.7807217
1691,50096,8112,clean_room ,0.108961105
1692,50096,8112,dressing_room ,0.059253946
1693,50096,8112,stage/indoor ,0.009363033
1694,50096,8112,music_studio ,0.008701327
1695,50096,8136,museum/indoor ,0.7112901
1696,50096,8136,dressing_room ,0.20921844
1697,50096,8136,clean_room ,0.029600592
1698,50096,8136,stage/indoor ,0.014062943
1699,50096,8136,ballroom ,0.007866472
1700,50096,8160,museum/indoor ,0.6569429
1701,50096,8160,dressing_room ,0.19783707
1702,50096,8160,clean_room ,0.055868857
1703,50096,8160,stage/indoor ,0.022000706
1704,50096,8160,ballroom ,0.012350403
1705,50096,8184,clean_room ,0.46830505
1706,50096,8184,museum/indoor ,0.31396198
1707,50096,8184,dressing_room ,0.092024535
1708,50096,8184,stage/indoor ,0.024670023
1709,50096,8184,music_studio ,0.018055947
1710,50096,8208,clean_room ,0.38630864
1711,50096,8208,museum/indoor ,0.2158907
1712,50096,8208,dressing_room ,0.19255666
1713,50096,8208,stage/indoor ,0.046271633
1714,50096,8208,music_studio ,0.038282216
1715,50096,8232,dressing_room ,0.520459
1716,50096,8232,museum/indoor ,0.18529896
1717,50096,8232,clean_room ,0.0707259
1718,50096,8232,locker_room ,0.0590724
1719,50096,8232,music_studio ,0.023991922
1720,50096,8256,stage/indoor ,0.25838673
1721,50096,8256,music_studio ,0.2033477
1722,50096,8256,dressing_room ,0.15614928
1723,50096,8256,museum/indoor ,0.12367218
1724,50096,8256,clean_room ,0.08281708
1725,50096,8280,museum/indoor ,0.45989832
1726,50096,8280,clean_room ,0.29176125
1727,50096,8280,dressing_room ,0.097568445
1728,50096,8280,nursing_home ,0.071461886
1729,50096,8280,music_studio ,0.014648135
1730,50096,8304,dressing_room ,0.36977383
1731,50096,8304,music_studio ,0.14780158
1732,50096,8304,museum/indoor ,0.13018951
1733,50096,8304,clean_room ,0.12840857
1734,50096,8304,stage/indoor ,0.08162527
1735,50096,8328,museum/indoor ,0.5553291
1736,50096,8328,dressing_room ,0.14421093
1737,50096,8328,ballroom ,0.096861675
1738,50096,8328,stage/indoor ,0.08474457
1739,50096,8328,clean_room ,0.03094067
1740,50096,8352,museum/indoor ,0.40663671
1741,50096,8352,stage/indoor ,0.155361
1742,50096,8352,dressing_room ,0.09292614
1743,50096,8352,music_studio ,0.08116664
1744,50096,8352,ballroom ,0.0781594
1745,50096,8376,museum/indoor ,0.4989785
1746,50096,8376,stage/indoor ,0.15735202
1747,50096,8376,music_studio ,0.06579865
1748,50096,8376,dressing_room ,0.0425168
1749,50096,8376,clean_room ,0.041367777
1750,50096,8400,museum/indoor ,0.5386047
1751,50096,8400,clean_room ,0.17779805
1752,50096,8400,art_gallery ,0.0787753
1753,50096,8400,art_studio ,0.039173428
1754,50096,8400,dressing_room ,0.034975935
1755,50096,8424,museum/indoor ,0.40213752
1756,50096,8424,art_gallery ,0.38548765
1757,50096,8424,art_studio ,0.09192181
1758,50096,8424,artists_loft ,0.033954747
1759,50096,8424,jewelry_shop ,0.021096395
1760,50096,8448,museum/indoor ,0.38369632
1761,50096,8448,music_studio ,0.13409486
1762,50096,8448,art_gallery ,0.11714369
1763,50096,8448,dressing_room ,0.07059897
1764,50096,8448,art_studio ,0.063160606
1765,50096,8472,museum/indoor ,0.3945886
1766,50096,8472,music_studio ,0.2525921
1767,50096,8472,television_studio ,0.13989748
1768,50096,8472,dressing_room ,0.06297158
1769,50096,8472,clean_room ,0.04053702
1770,50096,8496,dressing_room ,0.47022504
1771,50096,8496,museum/indoor ,0.18103755
1772,50096,8496,music_studio ,0.13549547
1773,50096,8496,clean_room ,0.06454632
1774,50096,8496,physics_laboratory ,0.03624724
1775,50096,8520,dressing_room ,0.6278547
1776,50096,8520,museum/indoor ,0.07511954
1777,50096,8520,dining_room ,0.04930445
1778,50096,8520,jewelry_shop ,0.028349884
1779,50096,8520,dining_hall ,0.025608715
1780,50096,8544,dressing_room ,0.5303702
1781,50096,8544,dining_room ,0.16196322
1782,50096,8544,dining_hall ,0.082296714
1783,50096,8544,banquet_hall ,0.06518282
1784,50096,8544,jewelry_shop ,0.029370924
1785,50096,8568,dressing_room ,0.36438888
1786,50096,8568,dining_room ,0.2308454
1787,50096,8568,dining_hall ,0.08948676
1788,50096,8568,banquet_hall ,0.07090201
1789,50096,8568,restaurant ,0.03857056
1790,50096,8592,dining_room ,0.2090018
1791,50096,8592,chemistry_lab ,0.17886539
1792,50096,8592,dining_hall ,0.16328725
1793,50096,8592,banquet_hall ,0.15919271
1794,50096,8592,restaurant ,0.067446955
1795,50096,8616,dining_hall ,0.2536521
1796,50096,8616,dining_room ,0.24052888
1797,50096,8616,banquet_hall ,0.21322832
1798,50096,8616,restaurant ,0.13167508
1799,50096,8616,chemistry_lab ,0.04066127
1800,50096,8640,dining_room ,0.5165933
1801,50096,8640,dining_hall ,0.21886769
1802,50096,8640,banquet_hall ,0.1530886
1803,50096,8640,restaurant ,0.033291813
1804,50096,8640,chemistry_lab ,0.018740725
1805,50096,8664,dining_room ,0.5131793
1806,50096,8664,dining_hall ,0.16678329
1807,50096,8664,banquet_hall ,0.13476416
1808,50096,8664,chemistry_lab ,0.032404434
1809,50096,8664,physics_laboratory ,0.024999974
1810,50096,8688,dining_room ,0.26952282
1811,50096,8688,dining_hall ,0.14768434
1812,50096,8688,chemistry_lab ,0.14353454
1813,50096,8688,banquet_hall ,0.08938486
1814,50096,8688,physics_laboratory ,0.074969366
1815,50096,8712,dining_room ,0.34978837
1816,50096,8712,dining_hall ,0.26881996
1817,50096,8712,banquet_hall ,0.24850258
1818,50096,8712,restaurant ,0.052030243
1819,50096,8712,cafeteria ,0.03228592
1820,50096,8736,dining_room ,0.41145864
1821,50096,8736,banquet_hall ,0.26537457
1822,50096,8736,dining_hall ,0.21254659
1823,50096,8736,restaurant ,0.04381151
1824,50096,8736,cafeteria ,0.016994447
1825,50096,8760,banquet_hall ,0.41248798
1826,50096,8760,dining_hall ,0.23319599
1827,50096,8760,dining_room ,0.22634919
1828,50096,8760,conference_room ,0.03282535
1829,50096,8760,restaurant ,0.017941562
1830,50096,8784,banquet_hall ,0.28961492
1831,50096,8784,dining_hall ,0.15726611
1832,50096,8784,dining_room ,0.13806513
1833,50096,8784,museum/indoor ,0.13336109
1834,50096,8784,dressing_room ,0.07018721
1835,50096,8808,banquet_hall ,0.26374516
1836,50096,8808,dressing_room ,0.20398319
1837,50096,8808,dining_hall ,0.160175
1838,50096,8808,dining_room ,0.12192805
1839,50096,8808,museum/indoor ,0.07917978
1840,50096,8832,dressing_room ,0.33100578
1841,50096,8832,banquet_hall ,0.1558649
1842,50096,8832,dining_hall ,0.13168748
1843,50096,8832,dining_room ,0.07976128
1844,50096,8832,conference_room ,0.045576386
1845,50096,8856,banquet_hall ,0.2594604
1846,50096,8856,dressing_room ,0.17593327
1847,50096,8856,dining_hall ,0.17576255
1848,50096,8856,dining_room ,0.14459583
1849,50096,8856,conference_room ,0.039631203
1850,50096,8880,dining_room ,0.2168055
1851,50096,8880,banquet_hall ,0.18939422
1852,50096,8880,dressing_room ,0.16021216
1853,50096,8880,dining_hall ,0.14529406
1854,50096,8880,conference_room ,0.0500139
1855,50096,8904,banquet_hall ,0.1604329
1856,50096,8904,dressing_room ,0.1512458
1857,50096,8904,dining_room ,0.13351735
1858,50096,8904,dining_hall ,0.13155034
1859,50096,8904,conference_room ,0.08131716
1860,50096,8928,museum/indoor ,0.6852429
1861,50096,8928,dressing_room ,0.22741175
1862,50096,8928,art_gallery ,0.02580625
1863,50096,8928,science_museum ,0.0084083425
1864,50096,8928,chemistry_lab ,0.0082756635
1865,50096,8952,dressing_room ,0.5858503
1866,50096,8952,museum/indoor ,0.29642287
1867,50096,8952,beauty_salon ,0.022363216
1868,50096,8952,jewelry_shop ,0.01752243
1869,50096,8952,chemistry_lab ,0.012747827
1870,50096,8976,dressing_room ,0.7525642
1871,50096,8976,museum/indoor ,0.15735371
1872,50096,8976,beauty_salon ,0.021991752
1873,50096,8976,jewelry_shop ,0.011237334
1874,50096,8976,art_gallery ,0.009415201
1875,50096,9000,dressing_room ,0.6643303
1876,50096,9000,museum/indoor ,0.25614682
1877,50096,9000,beauty_salon ,0.01622796
1878,50096,9000,art_gallery ,0.012054468
1879,50096,9000,jewelry_shop ,0.009795391
1880,50096,9024,dressing_room ,0.49904707
1881,50096,9024,museum/indoor ,0.43278438
1882,50096,9024,art_gallery ,0.01235297
1883,50096,9024,beauty_salon ,0.01211789
1884,50096,9024,jewelry_shop ,0.008855371
1885,50096,9048,museum/indoor ,0.7639667
1886,50096,9048,dressing_room ,0.17461714
1887,50096,9048,art_gallery ,0.01616693
1888,50096,9048,science_museum ,0.0077640596
1889,50096,9048,chemistry_lab ,0.005703486
1890,50096,9072,dressing_room ,0.22239082
1891,50096,9072,art_gallery ,0.18811814
1892,50096,9072,jail_cell ,0.07620365
1893,50096,9072,elevator/door ,0.052038833
1894,50096,9072,office_cubicles ,0.045587156
1895,50096,9096,museum/indoor ,0.59275323
1896,50096,9096,dressing_room ,0.30047837
1897,50096,9096,art_gallery ,0.026239788
1898,50096,9096,beauty_salon ,0.010421761
1899,50096,9096,jewelry_shop ,0.0093243215
1900,50096,9120,dressing_room ,0.82998604
1901,50096,9120,museum/indoor ,0.06545233
1902,50096,9120,beauty_salon ,0.024930859
1903,50096,9120,chemistry_lab ,0.020067291
1904,50096,9120,bar ,0.011768342
1905,50096,9144,dressing_room ,0.9617409
1906,50096,9144,museum/indoor ,0.01298274
1907,50096,9144,beauty_salon ,0.0065618437
1908,50096,9144,music_studio ,0.0029773628
1909,50096,9144,art_gallery ,0.0019531758
1910,50096,9168,dressing_room ,0.88727057
1911,50096,9168,museum/indoor ,0.041279525
1912,50096,9168,beauty_salon ,0.009918032
1913,50096,9168,music_studio ,0.009165379
1914,50096,9168,chemistry_lab ,0.007148325
1915,50096,9192,dressing_room ,0.69192225
1916,50096,9192,music_studio ,0.07886788
1917,50096,9192,museum/indoor ,0.06581902
1918,50096,9192,beauty_salon ,0.030107224
1919,50096,9192,discotheque ,0.019934135
1920,50096,9216,art_gallery ,0.36466873
1921,50096,9216,dressing_room ,0.18931288
1922,50096,9216,art_studio ,0.061352674
1923,50096,9216,martial_arts_gym ,0.038144022
1924,50096,9216,beauty_salon ,0.032429066
1925,50096,9240,art_gallery ,0.3950586
1926,50096,9240,dressing_room ,0.1710267
1927,50096,9240,art_studio ,0.0643468
1928,50096,9240,jail_cell ,0.038410757
1929,50096,9240,office_cubicles ,0.0369421
1930,50096,9264,dressing_room ,0.7653554
1931,50096,9264,museum/indoor ,0.15129596
1932,50096,9264,music_studio ,0.013763803
1933,50096,9264,art_gallery ,0.012242596
1934,50096,9264,clean_room ,0.009151267
1935,50096,9288,art_gallery ,0.42654768
1936,50096,9288,museum/indoor ,0.14515045
1937,50096,9288,art_studio ,0.095935024
1938,50096,9288,dressing_room ,0.09052455
1939,50096,9288,artists_loft ,0.03336
1940,50096,9312,dressing_room ,0.81192636
1941,50096,9312,clean_room ,0.046011478
1942,50096,9312,discotheque ,0.02084395
1943,50096,9312,music_studio ,0.016535873
1944,50096,9312,art_gallery ,0.010728226
1945,50096,9336,museum/indoor ,0.86755633
1946,50096,9336,art_gallery ,0.03234436
1947,50096,9336,dressing_room ,0.026850676
1948,50096,9336,science_museum ,0.01323216
1949,50096,9336,chemistry_lab ,0.01027028
1950,50096,9360,museum/indoor ,0.79714036
1951,50096,9360,dressing_room ,0.11900786
1952,50096,9360,chemistry_lab ,0.019819632
1953,50096,9360,art_gallery ,0.016470177
1954,50096,9360,science_museum ,0.00822271
1955,50096,9384,museum/indoor ,0.9245363
1956,50096,9384,dressing_room ,0.031922046
1957,50096,9384,art_gallery ,0.015009596
1958,50096,9384,science_museum ,0.00931943
1959,50096,9384,chemistry_lab ,0.0033593264
1960,50096,9408,museum/indoor ,0.912839
1961,50096,9408,dressing_room ,0.036168545
1962,50096,9408,art_gallery ,0.013415662
1963,50096,9408,science_museum ,0.011543153
1964,50096,9408,chemistry_lab ,0.0043014684
1965,50096,9432,museum/indoor ,0.9195612
1966,50096,9432,dressing_room ,0.04186262
1967,50096,9432,art_gallery ,0.011174906
1968,50096,9432,science_museum ,0.008079862
1969,50096,9432,jewelry_shop ,0.004003321
1970,50096,9456,art_gallery ,0.4604894
1971,50096,9456,museum/indoor ,0.19019823
1972,50096,9456,art_studio ,0.082446165
1973,50096,9456,dressing_room ,0.06485329
1974,50096,9456,clean_room ,0.036574725
1975,50096,9480,dressing_room ,0.47211295
1976,50096,9480,music_studio ,0.14808069
1977,50096,9480,beauty_salon ,0.13607995
1978,50096,9480,museum/indoor ,0.047958307
1979,50096,9480,discotheque ,0.03238208
1980,50096,9504,art_gallery ,0.4005548
1981,50096,9504,museum/indoor ,0.34068382
1982,50096,9504,art_studio ,0.057860684
1983,50096,9504,dressing_room ,0.050427392
1984,50096,9504,clean_room ,0.03264767
1985,50096,9528,museum/indoor ,0.4741125
1986,50096,9528,art_gallery ,0.21808122
1987,50096,9528,dressing_room ,0.08861393
1988,50096,9528,art_studio ,0.06058399
1989,50096,9528,music_studio ,0.031145215
1990,50096,9552,museum/indoor ,0.49304706
1991,50096,9552,art_gallery ,0.24259773
1992,50096,9552,dressing_room ,0.06228483
1993,50096,9552,art_studio ,0.058252506
1994,50096,9552,music_studio ,0.031188231
1995,50096,9576,museum/indoor ,0.39476717
1996,50096,9576,art_gallery ,0.2992489
1997,50096,9576,art_studio ,0.07655239
1998,50096,9576,dressing_room ,0.05175942
1999,50096,9576,music_studio ,0.027219016
2000,50096,9600,dressing_room ,0.39086887
2001,50096,9600,beauty_salon ,0.17233324
2002,50096,9600,museum/indoor ,0.17043875
2003,50096,9600,music_studio ,0.056194343
2004,50096,9600,art_gallery ,0.035346378
2005,50096,9624,dressing_room ,0.30610496
2006,50096,9624,museum/indoor ,0.19325048
2007,50096,9624,beauty_salon ,0.15687047
2008,50096,9624,music_studio ,0.07184952
2009,50096,9624,discotheque ,0.059290018
2010,50096,9648,museum/indoor ,0.7206396
2011,50096,9648,dressing_room ,0.09434245
2012,50096,9648,art_gallery ,0.058899425
2013,50096,9648,music_studio ,0.02749384
2014,50096,9648,beauty_salon ,0.016979462
2015,50096,9672,dressing_room ,0.42359084
2016,50096,9672,museum/indoor ,0.3249181
2017,50096,9672,music_studio ,0.054049663
2018,50096,9672,beauty_salon ,0.032766026
2019,50096,9672,art_gallery ,0.03135825
2020,50096,9696,dressing_room ,0.2957463
2021,50096,9696,chemistry_lab ,0.118874095
2022,50096,9696,clean_room ,0.07374946
2023,50096,9696,dining_room ,0.061166987
2024,50096,9696,archive ,0.056992806
2025,50096,9720,dressing_room ,0.1799146
2026,50096,9720,clean_room ,0.17907785
2027,50096,9720,chemistry_lab ,0.17685539
2028,50096,9720,archive ,0.056256834
2029,50096,9720,biology_laboratory ,0.05512045
2030,50096,9744,clean_room ,0.19378781
2031,50096,9744,chemistry_lab ,0.16439392
2032,50096,9744,dressing_room ,0.14090648
2033,50096,9744,banquet_hall ,0.064743735
2034,50096,9744,archive ,0.049508136
2035,50096,9768,chemistry_lab ,0.17351076
2036,50096,9768,clean_room ,0.15580912
2037,50096,9768,banquet_hall ,0.1271876
2038,50096,9768,dining_hall ,0.09016931
2039,50096,9768,dressing_room ,0.0708073
2040,50096,9792,banquet_hall ,0.50575364
2041,50096,9792,dressing_room ,0.09749897
2042,50096,9792,dining_hall ,0.07474936
2043,50096,9792,chemistry_lab ,0.051379383
2044,50096,9792,restaurant ,0.046220783
2045,50096,9816,dressing_room ,0.4864881
2046,50096,9816,shower ,0.22031349
2047,50096,9816,clean_room ,0.082658224
2048,50096,9816,elevator/door ,0.031928215
2049,50096,9816,sauna ,0.027866745
2050,50096,9840,dressing_room ,0.6494196
2051,50096,9840,shower ,0.24307361
2052,50096,9840,sauna ,0.028388156
2053,50096,9840,bathroom ,0.01981293
2054,50096,9840,clean_room ,0.016869498
2055,50096,9864,shower ,0.33712032
2056,50096,9864,dressing_room ,0.16884452
2057,50096,9864,clean_room ,0.06913919
2058,50096,9864,jewelry_shop ,0.04967728
2059,50096,9864,music_studio ,0.03903387
2060,50096,9888,shower ,0.32167253
2061,50096,9888,jewelry_shop ,0.12396236
2062,50096,9888,dressing_room ,0.11739688
2063,50096,9888,clean_room ,0.06843619
2064,50096,9888,chemistry_lab ,0.060794502
2065,50096,9912,dressing_room ,0.76817334
2066,50096,9912,clean_room ,0.06567944
2067,50096,9912,shower ,0.04767284
2068,50096,9912,chemistry_lab ,0.031031903
2069,50096,9912,music_studio ,0.008418585
2070,50096,9936,dressing_room ,0.7816242
2071,50096,9936,shower ,0.07958558
2072,50096,9936,clean_room ,0.043351628
2073,50096,9936,museum/indoor ,0.016652318
2074,50096,9936,chemistry_lab ,0.009307155
2075,50096,9960,shower ,0.3961796
2076,50096,9960,dressing_room ,0.36808345
2077,50096,9960,clean_room ,0.08578482
2078,50096,9960,sauna ,0.03798175
2079,50096,9960,elevator/door ,0.017798224
2080,50096,9984,dressing_room ,0.7503153
2081,50096,9984,clean_room ,0.06418298
2082,50096,9984,chemistry_lab ,0.05329066
2083,50096,9984,shower ,0.051805336
2084,50096,9984,discotheque ,0.011160373
2085,50096,10008,dressing_room ,0.69666135
2086,50096,10008,clean_room ,0.085032344
2087,50096,10008,chemistry_lab ,0.05691792
2088,50096,10008,jewelry_shop ,0.05396502
2089,50096,10008,shower ,0.017967481
2090,50096,10032,dressing_room ,0.4749813
2091,50096,10032,clean_room ,0.11123402
2092,50096,10032,shower ,0.075348005
2093,50096,10032,jewelry_shop ,0.06439518
2094,50096,10032,chemistry_lab ,0.054210514
2095,50096,10056,dressing_room ,0.86383903
2096,50096,10056,clean_room ,0.053993236
2097,50096,10056,shower ,0.02214813
2098,50096,10056,jewelry_shop ,0.014666283
2099,50096,10056,chemistry_lab ,0.006246005
2100,50096,10080,dressing_room ,0.8981734
2101,50096,10080,jewelry_shop ,0.018683048
2102,50096,10080,clean_room ,0.016285392
2103,50096,10080,shower ,0.013908514
2104,50096,10080,clothing_store ,0.009732207
2105,50096,10104,dressing_room ,0.7727367
2106,50096,10104,shower ,0.05519786
2107,50096,10104,clean_room ,0.028651953
2108,50096,10104,museum/indoor ,0.022484478
2109,50096,10104,jewelry_shop ,0.01647576
2110,50096,10128,dressing_room ,0.83896273
2111,50096,10128,jewelry_shop ,0.025830314
2112,50096,10128,clean_room ,0.022999188
2113,50096,10128,shower ,0.019085754
2114,50096,10128,chemistry_lab ,0.014766286
2115,50096,10152,dressing_room ,0.90093243
2116,50096,10152,shower ,0.044040855
2117,50096,10152,jewelry_shop ,0.012672643
2118,50096,10152,bathroom ,0.009501903
2119,50096,10152,clean_room ,0.003917402
2120,50096,10176,dressing_room ,0.53226966
2121,50096,10176,jewelry_shop ,0.13478422
2122,50096,10176,shower ,0.104768336
2123,50096,10176,chemistry_lab ,0.07466627
2124,50096,10176,clean_room ,0.03350923
2125,50096,10200,dressing_room ,0.86087507
2126,50096,10200,shower ,0.036249828
2127,50096,10200,jewelry_shop ,0.014848595
2128,50096,10200,discotheque ,0.011760092
2129,50096,10200,bathroom ,0.011216829
2130,50096,10224,dressing_room ,0.9030005
2131,50096,10224,jewelry_shop ,0.026498573
2132,50096,10224,shower ,0.014867868
2133,50096,10224,discotheque ,0.00731104
2134,50096,10224,clothing_store ,0.0065526986
2135,50096,10248,dressing_room ,0.919647
2136,50096,10248,jewelry_shop ,0.014773343
2137,50096,10248,shower ,0.013634809
2138,50096,10248,discotheque ,0.007257716
2139,50096,10248,clothing_store ,0.005567471
2140,50096,10272,dressing_room ,0.82026625
2141,50096,10272,jewelry_shop ,0.052557725
2142,50096,10272,shower ,0.020410964
2143,50096,10272,clothing_store ,0.009851853
2144,50096,10272,music_studio ,0.009753572
2145,50096,10296,dressing_room ,0.92245346
2146,50096,10296,shower ,0.023164414
2147,50096,10296,jewelry_shop ,0.006358676
2148,50096,10296,beauty_salon ,0.005918053
2149,50096,10296,bathroom ,0.0051565683
2150,50096,10320,dressing_room ,0.89064664
2151,50096,10320,shower ,0.02308743
2152,50096,10320,jewelry_shop ,0.011205995
2153,50096,10320,beauty_salon ,0.009459073
2154,50096,10320,bathroom ,0.0061580483
2155,50096,10344,dressing_room ,0.8973587
2156,50096,10344,shower ,0.027346095
2157,50096,10344,discotheque ,0.009302231
2158,50096,10344,beauty_salon ,0.00586096
2159,50096,10344,bathroom ,0.0056670317
2160,50096,10368,dressing_room ,0.8000332
2161,50096,10368,shower ,0.08765867
2162,50096,10368,discotheque ,0.016321003
2163,50096,10368,bathroom ,0.010568447
2164,50096,10368,jewelry_shop ,0.008632566
2165,50096,10392,dressing_room ,0.8133634
2166,50096,10392,shower ,0.046855714
2167,50096,10392,jewelry_shop ,0.02073475
2168,50096,10392,beauty_salon ,0.011494846
2169,50096,10392,discotheque ,0.0102772685
2170,50096,10416,dressing_room ,0.8537177
2171,50096,10416,shower ,0.036740374
2172,50096,10416,jewelry_shop ,0.017251195
2173,50096,10416,beauty_salon ,0.012411015
2174,50096,10416,clothing_store ,0.009322071
2175,50096,10440,dressing_room ,0.74758506
2176,50096,10440,music_studio ,0.049728643
2177,50096,10440,museum/indoor ,0.031372316
2178,50096,10440,shower ,0.017289918
2179,50096,10440,stage/indoor ,0.016284235
2180,50096,10464,dressing_room ,0.24176346
2181,50096,10464,music_studio ,0.17200488
2182,50096,10464,museum/indoor ,0.15738721
2183,50096,10464,stage/indoor ,0.056964323
2184,50096,10464,art_studio ,0.046913866
2185,50096,10488,dressing_room ,0.4200842
2186,50096,10488,music_studio ,0.103583336
2187,50096,10488,museum/indoor ,0.08303627
2188,50096,10488,art_studio ,0.0535255
2189,50096,10488,art_gallery ,0.041140683
2190,50096,10512,museum/indoor ,0.24095406
2191,50096,10512,music_studio ,0.18218008
2192,50096,10512,dressing_room ,0.11251525
2193,50096,10512,art_studio ,0.080765165
2194,50096,10512,art_gallery ,0.07484431
2195,50096,10536,dressing_room ,0.46303752
2196,50096,10536,museum/indoor ,0.061037622
2197,50096,10536,art_gallery ,0.046682917
2198,50096,10536,shower ,0.041541122
2199,50096,10536,music_studio ,0.040125884
2200,50096,10560,museum/indoor ,0.28266403
2201,50096,10560,dressing_room ,0.18087047
2202,50096,10560,science_museum ,0.0529582
2203,50096,10560,shower ,0.05011307
2204,50096,10560,jewelry_shop ,0.049584888
2205,50096,10584,museum/indoor ,0.61437035
2206,50096,10584,art_gallery ,0.09232846
2207,50096,10584,art_studio ,0.035647526
2208,50096,10584,office ,0.02183752
2209,50096,10584,basement ,0.021264177
2210,50096,10608,museum/indoor ,0.5417555
2211,50096,10608,dressing_room ,0.19976388
2212,50096,10608,clean_room ,0.084521405
2213,50096,10608,archive ,0.06152019
2214,50096,10608,art_gallery ,0.032761678
2215,50096,10632,dressing_room ,0.6871013
2216,50096,10632,museum/indoor ,0.16920833
2217,50096,10632,clean_room ,0.041193966
2218,50096,10632,art_gallery ,0.024573117
2219,50096,10632,archive ,0.013296947
2220,50096,10656,dressing_room ,0.5379765
2221,50096,10656,museum/indoor ,0.32286143
2222,50096,10656,clean_room ,0.027688904
2223,50096,10656,art_gallery ,0.02708745
2224,50096,10656,archive ,0.013559712
2225,50096,10680,dressing_room ,0.44265097
2226,50096,10680,museum/indoor ,0.39089003
2227,50096,10680,clean_room ,0.037369557
2228,50096,10680,art_gallery ,0.030574126
2229,50096,10680,archive ,0.015883803
2230,50096,10704,dressing_room ,0.75580937
2231,50096,10704,museum/indoor ,0.12319695
2232,50096,10704,art_gallery ,0.023509746
2233,50096,10704,clean_room ,0.017135458
2234,50096,10704,archive ,0.011867303
2235,50096,10728,dressing_room ,0.5619923
2236,50096,10728,museum/indoor ,0.23755482
2237,50096,10728,art_gallery ,0.04794311
2238,50096,10728,clean_room ,0.0271433
2239,50096,10728,archive ,0.023818554
2240,50096,10752,museum/indoor ,0.5956144
2241,50096,10752,dressing_room ,0.17906012
2242,50096,10752,clean_room ,0.10297552
2243,50096,10752,art_gallery ,0.02621768
2244,50096,10752,archive ,0.020487498
2245,50096,10776,dressing_room ,0.68174756
2246,50096,10776,museum/indoor ,0.23238002
2247,50096,10776,clean_room ,0.023567203
2248,50096,10776,art_gallery ,0.012555099
2249,50096,10776,beauty_salon ,0.008668245
2250,50096,10800,museum/indoor ,0.5336367
2251,50096,10800,dressing_room ,0.284527
2252,50096,10800,clean_room ,0.079143696
2253,50096,10800,art_gallery ,0.025097018
2254,50096,10800,archive ,0.023465129
2255,50096,10824,dressing_room ,0.5037219
2256,50096,10824,museum/indoor ,0.34480524
2257,50096,10824,clean_room ,0.061417524
2258,50096,10824,art_gallery ,0.020224804
2259,50096,10824,archive ,0.016879356
2260,50096,10848,dressing_room ,0.6146258
2261,50096,10848,museum/indoor ,0.26071894
2262,50096,10848,clean_room ,0.032428127
2263,50096,10848,art_gallery ,0.01835963
2264,50096,10848,beauty_salon ,0.009556454
2265,50096,10872,museum/indoor ,0.5224126
2266,50096,10872,dressing_room ,0.16111654
2267,50096,10872,clean_room ,0.07291996
2268,50096,10872,archive ,0.06547253
2269,50096,10872,art_gallery ,0.06485827
2270,50096,10896,museum/indoor ,0.6690333
2271,50096,10896,clean_room ,0.102060884
2272,50096,10896,dressing_room ,0.07483851
2273,50096,10896,archive ,0.055430513
2274,50096,10896,art_gallery ,0.038054816
2275,50096,10920,museum/indoor ,0.78668356
2276,50096,10920,archive ,0.05444431
2277,50096,10920,clean_room ,0.047339093
2278,50096,10920,art_gallery ,0.034482054
2279,50096,10920,dressing_room ,0.028915405
2280,50096,10944,museum/indoor ,0.8067213
2281,50096,10944,art_gallery ,0.04809063
2282,50096,10944,dressing_room ,0.046167705
2283,50096,10944,archive ,0.031455815
2284,50096,10944,clean_room ,0.030793767
2285,50096,10968,dressing_room ,0.6923548
2286,50096,10968,museum/indoor ,0.13122563
2287,50096,10968,art_gallery ,0.03662167
2288,50096,10968,clean_room ,0.029727994
2289,50096,10968,archive ,0.025789402
2290,50096,10992,dressing_room ,0.27598345
2291,50096,10992,museum/indoor ,0.2416827
2292,50096,10992,clean_room ,0.14995025
2293,50096,10992,archive ,0.04677531
2294,50096,10992,music_studio ,0.037812937
2295,50096,11016,museum/indoor ,0.5170927
2296,50096,11016,dressing_room ,0.17117275
2297,50096,11016,clean_room ,0.1159476
2298,50096,11016,archive ,0.049358718
2299,50096,11016,art_gallery ,0.03826386
2300,50096,11040,museum/indoor ,0.4166433
2301,50096,11040,dressing_room ,0.24526551
2302,50096,11040,clean_room ,0.12612164
2303,50096,11040,art_gallery ,0.05528335
2304,50096,11040,archive ,0.02275728
2305,50096,11064,museum/indoor ,0.43507364
2306,50096,11064,dressing_room ,0.22174138
2307,50096,11064,clean_room ,0.14251909
2308,50096,11064,art_gallery ,0.056132246
2309,50096,11064,archive ,0.025148897
2310,50096,11088,dressing_room ,0.7668437
2311,50096,11088,museum/indoor ,0.11416401
2312,50096,11088,clean_room ,0.018785985
2313,50096,11088,art_gallery ,0.017741812
2314,50096,11088,beauty_salon ,0.015228431
2315,50096,11112,dressing_room ,0.79376686
2316,50096,11112,museum/indoor ,0.13898987
2317,50096,11112,art_gallery ,0.029524403
2318,50096,11112,shower ,0.0063810977
2319,50096,11112,beauty_salon ,0.0047997413
2320,50096,11136,dressing_room ,0.73852223
2321,50096,11136,museum/indoor ,0.13779323
2322,50096,11136,clean_room ,0.03045832
2323,50096,11136,art_gallery ,0.017422376
2324,50096,11136,archive ,0.01176628
2325,50096,11160,museum/indoor ,0.58811665
2326,50096,11160,dressing_room ,0.24572502
2327,50096,11160,clean_room ,0.072378606
2328,50096,11160,art_gallery ,0.022945093
2329,50096,11160,archive ,0.014494328
2330,50096,11184,museum/indoor ,0.92895424
2331,50096,11184,art_gallery ,0.027119644
2332,50096,11184,natural_history_museum ,0.0077493065
2333,50096,11184,dressing_room ,0.007346018
2334,50096,11184,clean_room ,0.0066834292
2335,50096,11208,clean_room ,0.38202104
2336,50096,11208,dressing_room ,0.32821593
2337,50096,11208,museum/indoor ,0.08510274
2338,50096,11208,operating_room ,0.04180309
2339,50096,11208,hospital_room ,0.017752672
2340,50096,11232,clean_room ,0.41741833
2341,50096,11232,dressing_room ,0.22252546
2342,50096,11232,museum/indoor ,0.058362022
2343,50096,11232,operating_room ,0.047117755
2344,50096,11232,hospital_room ,0.038947795
2345,50096,11256,clean_room ,0.32168904
2346,50096,11256,operating_room ,0.15519902
2347,50096,11256,dressing_room ,0.1285594
2348,50096,11256,hospital_room ,0.09772349
2349,50096,11256,physics_laboratory ,0.06285425
2350,50096,11280,dressing_room ,0.678118
2351,50096,11280,clean_room ,0.043546624
2352,50096,11280,dorm_room ,0.04002005
2353,50096,11280,hospital_room ,0.023780117
2354,50096,11280,office ,0.022114493
2355,50096,11304,dressing_room ,0.83122194
2356,50096,11304,clean_room ,0.07726777
2357,50096,11304,hospital_room ,0.01912174
2358,50096,11304,beauty_salon ,0.010703976
2359,50096,11304,shower ,0.0087478105
2360,50096,11328,dressing_room ,0.6506365
2361,50096,11328,clean_room ,0.19574532
2362,50096,11328,hospital_room ,0.0868261
2363,50096,11328,operating_room ,0.020137362
2364,50096,11328,beauty_salon ,0.008150939
2365,50096,11352,dressing_room ,0.56856555
2366,50096,11352,clean_room ,0.3248115
2367,50096,11352,hospital_room ,0.0447179
2368,50096,11352,operating_room ,0.0256402
2369,50096,11352,bedroom ,0.007880151
2370,50096,11376,clean_room ,0.6874781
2371,50096,11376,hospital_room ,0.111285985
2372,50096,11376,dressing_room ,0.083525844
2373,50096,11376,operating_room ,0.075491704
2374,50096,11376,nursing_home ,0.02474455
2375,50096,11400,dressing_room ,0.558511
2376,50096,11400,bedroom ,0.1880322
2377,50096,11400,nursery ,0.064317
2378,50096,11400,clean_room ,0.062389683
2379,50096,11400,bedchamber ,0.020409193
2380,50096,11424,clean_room ,0.32286945
2381,50096,11424,dressing_room ,0.319701
2382,50096,11424,operating_room ,0.14691196
2383,50096,11424,hospital_room ,0.1071378
2384,50096,11424,locker_room ,0.03255403
2385,50096,11448,bedroom ,0.41230866
2386,50096,11448,hospital_room ,0.1461635
2387,50096,11448,hotel_room ,0.088291444
2388,50096,11448,operating_room ,0.084320135
2389,50096,11448,dressing_room ,0.05572243
2390,50096,11472,museum/indoor ,0.6038964
2391,50096,11472,art_gallery ,0.19245847
2392,50096,11472,science_museum ,0.11605098
2393,50096,11472,natural_history_museum ,0.03113768
2394,50096,11472,clean_room ,0.028803797
2395,50096,11496,museum/indoor ,0.61832744
2396,50096,11496,art_gallery ,0.28481728
2397,50096,11496,science_museum ,0.055182394
2398,50096,11496,natural_history_museum ,0.022886552
2399,50096,11496,clean_room ,0.008234861
2400,50096,11520,museum/indoor ,0.73116887
2401,50096,11520,art_gallery ,0.22608557
2402,50096,11520,science_museum ,0.018990323
2403,50096,11520,clean_room ,0.006771357
2404,50096,11520,natural_history_museum ,0.0061077396
2405,50096,11544,museum/indoor ,0.85347337
2406,50096,11544,art_gallery ,0.11038421
2407,50096,11544,science_museum ,0.017465835
2408,50096,11544,natural_history_museum ,0.006884212
2409,50096,11544,dressing_room ,0.0025194564
2410,50096,11568,museum/indoor ,0.8402803
2411,50096,11568,art_gallery ,0.1269477
2412,50096,11568,science_museum ,0.017567158
2413,50096,11568,natural_history_museum ,0.0061100326
2414,50096,11568,clean_room ,0.0040672296
2415,50096,11592,museum/indoor ,0.8386927
2416,50096,11592,art_gallery ,0.12882233
2417,50096,11592,science_museum ,0.01708862
2418,50096,11592,natural_history_museum ,0.0059274035
2419,50096,11592,clean_room ,0.004675107
2420,50096,11616,museum/indoor ,0.7875135
2421,50096,11616,art_gallery ,0.16761085
2422,50096,11616,science_museum ,0.022725735
2423,50096,11616,natural_history_museum ,0.009132006
2424,50096,11616,clean_room ,0.005947202
2425,50096,11640,museum/indoor ,0.78532577
2426,50096,11640,art_gallery ,0.16865085
2427,50096,11640,science_museum ,0.02338393
2428,50096,11640,natural_history_museum ,0.008078296
2429,50096,11640,clean_room ,0.0077886656
2430,50096,11664,museum/indoor ,0.55899
2431,50096,11664,art_gallery ,0.15182142
2432,50096,11664,stage/indoor ,0.06853511
2433,50096,11664,dressing_room ,0.045960307
2434,50096,11664,science_museum ,0.042738415
2435,50096,11688,dressing_room ,0.59283096
2436,50096,11688,museum/indoor ,0.13143493
2437,50096,11688,art_gallery ,0.10752327
2438,50096,11688,clean_room ,0.033364475
2439,50096,11688,stage/indoor ,0.020060722
2440,50096,11712,dressing_room ,0.8960549
2441,50096,11712,museum/indoor ,0.034015875
2442,50096,11712,clean_room ,0.011098344
2443,50096,11712,nursery ,0.007192632
2444,50096,11712,bathroom ,0.0048254705
2445,50096,11736,dressing_room ,0.9867927
2446,50096,11736,beauty_salon ,0.0063078995
2447,50096,11736,dorm_room ,0.0010531963
2448,50096,11736,music_studio ,0.0007636946
2449,50096,11736,clean_room ,0.0007582792
2450,50096,11760,dressing_room ,0.9811942
2451,50096,11760,stage/indoor ,0.005123447
2452,50096,11760,discotheque ,0.0021813475
2453,50096,11760,music_studio ,0.002134836
2454,50096,11760,shower ,0.0016628149
2455,50096,11784,dressing_room ,0.9922943
2456,50096,11784,stage/indoor ,0.0021900581
2457,50096,11784,beauty_salon ,0.0014843072
2458,50096,11784,music_studio ,0.00085296517
2459,50096,11784,discotheque ,0.0007061106
2460,50096,11808,dressing_room ,0.9897739
2461,50096,11808,beauty_salon ,0.0043947594
2462,50096,11808,music_studio ,0.0016974958
2463,50096,11808,stage/indoor ,0.0011382123
2464,50096,11808,discotheque ,0.0007938458
2465,50096,11832,dressing_room ,0.9898605
2466,50096,11832,beauty_salon ,0.0041930997
2467,50096,11832,music_studio ,0.0013300473
2468,50096,11832,discotheque ,0.00044859413
2469,50096,11832,clean_room ,0.00044258803
2470,50096,11856,dressing_room ,0.5510117
2471,50096,11856,museum/indoor ,0.21517654
2472,50096,11856,clean_room ,0.037062224
2473,50096,11856,nursery ,0.025659401
2474,50096,11856,office ,0.017666288
2475,50096,11880,dressing_room ,0.7342153
2476,50096,11880,museum/indoor ,0.11956246
2477,50096,11880,clean_room ,0.0238427
2478,50096,11880,nursery ,0.0194898
2479,50096,11880,art_studio ,0.008942453
2480,50096,11904,dressing_room ,0.67766017
2481,50096,11904,museum/indoor ,0.13077216
2482,50096,11904,clean_room ,0.030607682
2483,50096,11904,nursery ,0.023610562
2484,50096,11904,office ,0.013048837
2485,50096,11928,dressing_room ,0.6394332
2486,50096,11928,museum/indoor ,0.084377855
2487,50096,11928,nursery ,0.05043259
2488,50096,11928,clean_room ,0.026634907
2489,50096,11928,office ,0.023714181
2490,50096,11952,dressing_room ,0.5082391
2491,50096,11952,museum/indoor ,0.15659532
2492,50096,11952,nursery ,0.11218782
2493,50096,11952,office ,0.021758124
2494,50096,11952,art_gallery ,0.019852342
2495,50096,11976,dressing_room ,0.45581493
2496,50096,11976,nursery ,0.11947008
2497,50096,11976,museum/indoor ,0.1144579
2498,50096,11976,clean_room ,0.02924653
2499,50096,11976,office ,0.027518218
2500,50096,12000,dressing_room ,0.68783593
2501,50096,12000,museum/indoor ,0.099930696
2502,50096,12000,nursery ,0.025651945
2503,50096,12000,art_gallery ,0.021191524
2504,50096,12000,bathroom ,0.020874064
2505,50096,12024,dressing_room ,0.995741
2506,50096,12024,beauty_salon ,0.0018825503
2507,50096,12024,clean_room ,0.00031504678
2508,50096,12024,hospital_room ,0.00029821345
2509,50096,12024,music_studio ,0.00017537337
2510,50096,12048,dressing_room ,0.9943123
2511,50096,12048,beauty_salon ,0.0016501863
2512,50096,12048,music_studio ,0.0005253234
2513,50096,12048,hospital_room ,0.0005098946
2514,50096,12048,bedroom ,0.0003372551
2515,50096,12072,museum/indoor ,0.46772388
2516,50096,12072,dressing_room ,0.26410928
2517,50096,12072,art_gallery ,0.032791454
2518,50096,12072,science_museum ,0.029866347
2519,50096,12072,clean_room ,0.021638451
2520,50096,12096,dressing_room ,0.52431023
2521,50096,12096,museum/indoor ,0.25298122
2522,50096,12096,art_gallery ,0.02372321
2523,50096,12096,clean_room ,0.023502324
2524,50096,12096,science_museum ,0.022852995
2525,50096,12120,dressing_room ,0.5126795
2526,50096,12120,museum/indoor ,0.22461139
2527,50096,12120,clean_room ,0.02679596
2528,50096,12120,art_gallery ,0.022188336
2529,50096,12120,nursery ,0.022001915
2530,50096,12144,dressing_room ,0.49181932
2531,50096,12144,museum/indoor ,0.32198516
2532,50096,12144,art_gallery ,0.028393757
2533,50096,12144,clean_room ,0.028292691
2534,50096,12144,nursery ,0.0134183895
2535,50096,12168,bedroom ,0.5006055
2536,50096,12168,hotel_room ,0.123998635
2537,50096,12168,dorm_room ,0.09455575
2538,50096,12168,dressing_room ,0.06405087
2539,50096,12168,hospital_room ,0.060719628
2540,50096,12192,hospital_room ,0.31565708
2541,50096,12192,bedroom ,0.24525069
2542,50096,12192,operating_room ,0.21190578
2543,50096,12192,hotel_room ,0.05965795
2544,50096,12192,dorm_room ,0.040907048
2545,50096,12216,bedroom ,0.45780742
2546,50096,12216,hospital_room ,0.14150329
2547,50096,12216,operating_room ,0.09603031
2548,50096,12216,hotel_room ,0.076930635
2549,50096,12216,dressing_room ,0.060047433
2550,50096,12240,bedroom ,0.56810874
2551,50096,12240,hospital_room ,0.13358696
2552,50096,12240,hotel_room ,0.076278396
2553,50096,12240,bedchamber ,0.059614584
2554,50096,12240,dorm_room ,0.045749865
2555,50096,12264,bedroom ,0.48478982
2556,50096,12264,hospital_room ,0.15510869
2557,50096,12264,dorm_room ,0.09238268
2558,50096,12264,hotel_room ,0.084655695
2559,50096,12264,bedchamber ,0.056925908
2560,50096,12288,bedroom ,0.5022919
2561,50096,12288,hospital_room ,0.15114395
2562,50096,12288,hotel_room ,0.106739216
2563,50096,12288,dorm_room ,0.08993368
2564,50096,12288,operating_room ,0.04869181
2565,50096,12312,bedroom ,0.5157896
2566,50096,12312,hospital_room ,0.19369246
2567,50096,12312,operating_room ,0.08047382
2568,50096,12312,hotel_room ,0.07247429
2569,50096,12312,dorm_room ,0.049807616
2570,50096,12336,bedroom ,0.61195624
2571,50096,12336,hospital_room ,0.10908285
2572,50096,12336,bedchamber ,0.08372609
2573,50096,12336,hotel_room ,0.057227563
2574,50096,12336,dorm_room ,0.04187221
2575,50096,12360,bedroom ,0.6307019
2576,50096,12360,dorm_room ,0.0876605
2577,50096,12360,hotel_room ,0.08695452
2578,50096,12360,bedchamber ,0.054321572
2579,50096,12360,hospital_room ,0.040498927
2580,50096,12384,museum/indoor ,0.42144307
2581,50096,12384,art_gallery ,0.17525002
2582,50096,12384,art_studio ,0.10268533
2583,50096,12384,clean_room ,0.04545356
2584,50096,12384,dressing_room ,0.031298734
2585,50096,12408,desert/sand ,0.5645334
2586,50096,12408,sky ,0.044165455
2587,50096,12408,beach ,0.034353327
2588,50096,12408,lake/natural ,0.019857943
2589,50096,12408,marsh ,0.018134069
2590,50096,12432,archive ,0.3795288
2591,50096,12432,library/indoor ,0.1664424
2592,50096,12432,hospital_room ,0.06931277
2593,50096,12432,server_room ,0.03468603
2594,50096,12432,clean_room ,0.027096253
2595,50096,12456,archive ,0.41195628
2596,50096,12456,library/indoor ,0.16196382
2597,50096,12456,atrium/public ,0.15781005
2598,50096,12456,hospital_room ,0.03255045
2599,50096,12456,shopping_mall/indoor ,0.027256016
2600,50096,12480,atrium/public ,0.2651572
2601,50096,12480,office_building ,0.105299875
2602,50096,12480,building_facade ,0.096121624
2603,50096,12480,hospital ,0.085174344
2604,50096,12480,archive ,0.07536334
2605,50096,12504,apartment_building/outdoor ,0.31235802
2606,50096,12504,building_facade ,0.25835696
2607,50096,12504,office_building ,0.14627127
2608,50096,12504,hospital ,0.08960189
2609,50096,12504,courthouse ,0.060053144
2610,50096,12528,building_facade ,0.28498605
2611,50096,12528,courthouse ,0.1815603
2612,50096,12528,apartment_building/outdoor ,0.15992184
2613,50096,12528,mansion ,0.09408873
2614,50096,12528,office_building ,0.09132403
2615,50096,12552,clean_room ,0.19433336
2616,50096,12552,entrance_hall ,0.1842329
2617,50096,12552,artists_loft ,0.18255877
2618,50096,12552,museum/indoor ,0.12892304
2619,50096,12552,science_museum ,0.0777041
2620,50096,12576,clean_room ,0.2192465
2621,50096,12576,entrance_hall ,0.20129322
2622,50096,12576,artists_loft ,0.1662448
2623,50096,12576,shower ,0.092926934
2624,50096,12576,museum/indoor ,0.04374534
2625,50096,12600,artists_loft ,0.40832454
2626,50096,12600,museum/indoor ,0.23839764
2627,50096,12600,entrance_hall ,0.110163495
2628,50096,12600,clean_room ,0.0894694
2629,50096,12600,art_gallery ,0.042853527
2630,50096,12624,clean_room ,0.7783719
2631,50096,12624,artists_loft ,0.042504776
2632,50096,12624,museum/indoor ,0.038009938
2633,50096,12624,entrance_hall ,0.03233232
2634,50096,12624,clothing_store ,0.026227621
2635,50096,12648,apartment_building/outdoor ,0.2378826
2636,50096,12648,building_facade ,0.13244554
2637,50096,12648,alley ,0.09957702
2638,50096,12648,office_building ,0.08076518
2639,50096,12648,archive ,0.06793127
2640,50096,12672,apartment_building/outdoor ,0.14665492
2641,50096,12672,building_facade ,0.1454983
2642,50096,12672,archive ,0.13842706
2643,50096,12672,office_building ,0.12354182
2644,50096,12672,fire_escape ,0.04611679
2645,50096,12696,archive ,0.32154876
2646,50096,12696,fire_escape ,0.10849927
2647,50096,12696,atrium/public ,0.088385865
2648,50096,12696,alley ,0.053787794
2649,50096,12696,building_facade ,0.052804165
2650,50096,12720,archive ,0.45792285
2651,50096,12720,atrium/public ,0.14923468
2652,50096,12720,library/indoor ,0.05857266
2653,50096,12720,shopping_mall/indoor ,0.048050668
2654,50096,12720,building_facade ,0.041285362
2655,50096,12744,archive ,0.3033606
2656,50096,12744,library/indoor ,0.30299285
2657,50096,12744,atrium/public ,0.1066397
2658,50096,12744,shopping_mall/indoor ,0.0367236
2659,50096,12744,hospital_room ,0.031334884
2660,50096,12768,archive ,0.33773306
2661,50096,12768,atrium/public ,0.1793651
2662,50096,12768,library/indoor ,0.069025226
2663,50096,12768,hospital_room ,0.059458766
2664,50096,12768,shopping_mall/indoor ,0.052032962
2665,50096,12792,archive ,0.27129474
2666,50096,12792,atrium/public ,0.21422717
2667,50096,12792,library/indoor ,0.1296687
2668,50096,12792,hospital_room ,0.0594722
2669,50096,12792,shopping_mall/indoor ,0.044499796
2670,50096,12816,atrium/public ,0.41369054
2671,50096,12816,archive ,0.17259435
2672,50096,12816,library/indoor ,0.099949315
2673,50096,12816,shopping_mall/indoor ,0.06848327
2674,50096,12816,hospital ,0.033679757
2675,50096,12840,atrium/public ,0.27049556
2676,50096,12840,archive ,0.26118928
2677,50096,12840,library/indoor ,0.119510934
2678,50096,12840,shopping_mall/indoor ,0.054520294
2679,50096,12840,hospital ,0.034830865
2680,50096,12864,atrium/public ,0.28721136
2681,50096,12864,archive ,0.18804711
2682,50096,12864,library/indoor ,0.094498016
2683,50096,12864,hospital_room ,0.06564957
2684,50096,12864,shopping_mall/indoor ,0.04970261
2685,50096,12888,atrium/public ,0.49176055
2686,50096,12888,archive ,0.07439294
2687,50096,12888,shopping_mall/indoor ,0.07083084
2688,50096,12888,hospital_room ,0.06287048
2689,50096,12888,hospital ,0.04890284
2690,50096,12912,street ,0.3483559
2691,50096,12912,alley ,0.25027636
2692,50096,12912,apartment_building/outdoor ,0.097500704
2693,50096,12912,fire_escape ,0.09409993
2694,50096,12912,residential_neighborhood ,0.0502874
2695,50096,12936,street ,0.20799139
2696,50096,12936,alley ,0.18209052
2697,50096,12936,apartment_building/outdoor ,0.16370659
2698,50096,12936,fire_escape ,0.1535201
2699,50096,12936,residential_neighborhood ,0.07114495
2700,50096,12960,street ,0.23590648
2701,50096,12960,alley ,0.22674835
2702,50096,12960,apartment_building/outdoor ,0.21427336
2703,50096,12960,building_facade ,0.054035846
2704,50096,12960,fire_escape ,0.041888565
2705,50096,12984,apartment_building/outdoor ,0.22133252
2706,50096,12984,street ,0.15216257
2707,50096,12984,building_facade ,0.10792046
2708,50096,12984,office_building ,0.08760264
2709,50096,12984,alley ,0.073594265
2710,50096,13008,archive ,0.36170745
2711,50096,13008,apartment_building/outdoor ,0.05081706
2712,50096,13008,hospital ,0.04868666
2713,50096,13008,office_building ,0.04650197
2714,50096,13008,building_facade ,0.041438747
2715,50096,13032,alley ,0.2158541
2716,50096,13032,street ,0.096740246
2717,50096,13032,office_building ,0.075224414
2718,50096,13032,server_room ,0.07030334
2719,50096,13032,fire_escape ,0.0670287
2720,50096,13056,art_gallery ,0.25580847
2721,50096,13056,museum/indoor ,0.23449267
2722,50096,13056,office ,0.0677837
2723,50096,13056,office_cubicles ,0.049126096
2724,50096,13056,science_museum ,0.047390986
2725,50096,13080,museum/indoor ,0.325834
2726,50096,13080,art_gallery ,0.12410636
2727,50096,13080,shower ,0.1162774
2728,50096,13080,attic ,0.046579365
2729,50096,13080,science_museum ,0.034196336
2730,50096,13104,building_facade ,0.25326544
2731,50096,13104,apartment_building/outdoor ,0.21705416
2732,50096,13104,courthouse ,0.13991529
2733,50096,13104,mansion ,0.10161876
2734,50096,13104,office_building ,0.088330604
2735,50096,13128,artists_loft ,0.21893202
2736,50096,13128,clean_room ,0.11805851
2737,50096,13128,alcove ,0.10165111
2738,50096,13128,dressing_room ,0.049900457
2739,50096,13128,art_gallery ,0.038411144
2740,50096,13152,clean_room ,0.2473333
2741,50096,13152,dressing_room ,0.13622695
2742,50096,13152,artists_loft ,0.1077665
2743,50096,13152,museum/indoor ,0.077930704
2744,50096,13152,art_gallery ,0.0527208
2745,50096,13176,clean_room ,0.4907231
2746,50096,13176,dressing_room ,0.27964985
2747,50096,13176,museum/indoor ,0.05995565
2748,50096,13176,art_gallery ,0.033402596
2749,50096,13176,beauty_salon ,0.020008758
2750,50096,13200,dressing_room ,0.62598467
2751,50096,13200,clean_room ,0.11573668
2752,50096,13200,museum/indoor ,0.10718255
2753,50096,13200,clothing_store ,0.025676826
2754,50096,13200,art_gallery ,0.019267954
2755,50096,13224,dressing_room ,0.7590245
2756,50096,13224,artists_loft ,0.03748905
2757,50096,13224,clean_room ,0.035392784
2758,50096,13224,clothing_store ,0.025812184
2759,50096,13224,museum/indoor ,0.024261165
2760,50096,13248,museum/indoor ,0.688828
2761,50096,13248,dressing_room ,0.1543577
2762,50096,13248,art_gallery ,0.053983495
2763,50096,13248,clean_room ,0.028941117
2764,50096,13248,clothing_store ,0.019359656
2765,50096,13272,clean_room ,0.47661918
2766,50096,13272,museum/indoor ,0.21742694
2767,50096,13272,music_studio ,0.060500972
2768,50096,13272,television_studio ,0.04460275
2769,50096,13272,art_studio ,0.043053925
2770,50096,13296,clean_room ,0.65147144
2771,50096,13296,museum/indoor ,0.11998202
2772,50096,13296,dressing_room ,0.041992474
2773,50096,13296,art_gallery ,0.03400586
2774,50096,13296,locker_room ,0.028228868
2775,50096,13320,clean_room ,0.92267126
2776,50096,13320,archive ,0.020409282
2777,50096,13320,dressing_room ,0.00814949
2778,50096,13320,museum/indoor ,0.0052609686
2779,50096,13320,corridor ,0.0041161748
2780,50096,13344,dressing_room ,0.35551614
2781,50096,13344,clothing_store ,0.17569341
2782,50096,13344,clean_room ,0.13135532
2783,50096,13344,art_studio ,0.06341149
2784,50096,13344,artists_loft ,0.0526628
2785,50096,13368,clean_room ,0.4369683
2786,50096,13368,dressing_room ,0.23003301
2787,50096,13368,archive ,0.15193483
2788,50096,13368,museum/indoor ,0.049568076
2789,50096,13368,locker_room ,0.03132379
2790,50096,13392,museum/indoor ,0.52161866
2791,50096,13392,clean_room ,0.23886909
2792,50096,13392,dressing_room ,0.14014415
2793,50096,13392,clothing_store ,0.019548511
2794,50096,13392,art_gallery ,0.009012822
2795,50096,13416,museum/indoor ,0.39490598
2796,50096,13416,dressing_room ,0.15312219
2797,50096,13416,clean_room ,0.085850276
2798,50096,13416,music_studio ,0.054172333
2799,50096,13416,archive ,0.03915039
2800,50096,13440,clean_room ,0.29411146
2801,50096,13440,dressing_room ,0.2513961
2802,50096,13440,locker_room ,0.10914041
2803,50096,13440,art_gallery ,0.046551526
2804,50096,13440,museum/indoor ,0.03313446
2805,50096,13464,hospital ,0.19705701
2806,50096,13464,hospital_room ,0.079028435
2807,50096,13464,fire_station ,0.058854036
2808,50096,13464,office_building ,0.036273222
2809,50096,13464,plaza ,0.035367187
2810,50096,13488,hospital ,0.1648606
2811,50096,13488,hospital_room ,0.063623495
2812,50096,13488,fire_station ,0.04344486
2813,50096,13488,pharmacy ,0.040315922
2814,50096,13488,office_building ,0.03623075
2815,50096,13512,clean_room ,0.48032212
2816,50096,13512,museum/indoor ,0.18166547
2817,50096,13512,music_studio ,0.06185344
2818,50096,13512,nursing_home ,0.040142424
2819,50096,13512,archive ,0.03146431
2820,50096,13536,clean_room ,0.3926263
2821,50096,13536,museum/indoor ,0.37652817
2822,50096,13536,stage/indoor ,0.062279098
2823,50096,13536,music_studio ,0.049464557
2824,50096,13536,television_studio ,0.020761373
2825,50096,13560,museum/indoor ,0.92350495
2826,50096,13560,art_gallery ,0.026989628
2827,50096,13560,stage/indoor ,0.013877128
2828,50096,13560,clean_room ,0.005333565
2829,50096,13560,science_museum ,0.0040311324
2830,50096,13584,museum/indoor ,0.90334123
2831,50096,13584,art_gallery ,0.021439083
2832,50096,13584,stage/indoor ,0.01970816
2833,50096,13584,clean_room ,0.009598214
2834,50096,13584,archive ,0.006401605
2835,50096,13608,museum/indoor ,0.8196463
2836,50096,13608,clean_room ,0.06835694
2837,50096,13608,archive ,0.035621297
2838,50096,13608,art_gallery ,0.03446975
2839,50096,13608,dressing_room ,0.007931593
2840,50096,13632,museum/indoor ,0.81547475
2841,50096,13632,art_gallery ,0.043462563
2842,50096,13632,dressing_room ,0.043188173
2843,50096,13632,clean_room ,0.03409162
2844,50096,13632,stage/indoor ,0.013700619
2845,50096,13656,museum/indoor ,0.6748531
2846,50096,13656,clean_room ,0.12232702
2847,50096,13656,dressing_room ,0.09933874
2848,50096,13656,art_gallery ,0.020812167
2849,50096,13656,music_studio ,0.014364485
2850,50096,13680,street ,0.31245837
2851,50096,13680,building_facade ,0.05276191
2852,50096,13680,residential_neighborhood ,0.041639287
2853,50096,13680,apartment_building/outdoor ,0.037930235
2854,50096,13680,office_building ,0.03729828
2855,50096,13704,street ,0.43165255
2856,50096,13704,phone_booth ,0.05427275
2857,50096,13704,crosswalk ,0.05203782
2858,50096,13704,train_station/platform ,0.035769608
2859,50096,13704,parking_lot ,0.0335326
2860,50096,13728,street ,0.6653812
2861,50096,13728,phone_booth ,0.053095452
2862,50096,13728,crosswalk ,0.042532526
2863,50096,13728,highway ,0.040226955
2864,50096,13728,train_station/platform ,0.023475746
2865,50096,13752,street ,0.45218217
2866,50096,13752,phone_booth ,0.24900363
2867,50096,13752,crosswalk ,0.04215605
2868,50096,13752,train_station/platform ,0.036794994
2869,50096,13752,highway ,0.021082297
2870,50096,13776,train_station/platform ,0.34879324
2871,50096,13776,railroad_track ,0.21898334
2872,50096,13776,street ,0.08422624
2873,50096,13776,subway_station/platform ,0.051663686
2874,50096,13776,phone_booth ,0.041999154
2875,50096,13800,railroad_track ,0.41166636
2876,50096,13800,train_station/platform ,0.20247927
2877,50096,13800,highway ,0.06698395
2878,50096,13800,phone_booth ,0.047573786
2879,50096,13800,subway_station/platform ,0.046485614
2880,50096,13824,museum/indoor ,0.31294453
2881,50096,13824,art_gallery ,0.28526005
2882,50096,13824,clean_room ,0.034653377
2883,50096,13824,dressing_room ,0.029210363
2884,50096,13824,martial_arts_gym ,0.023100985
2885,50096,13848,museum/indoor ,0.3435665
2886,50096,13848,art_gallery ,0.16856407
2887,50096,13848,clean_room ,0.10239409
2888,50096,13848,attic ,0.023443472
2889,50096,13848,science_museum ,0.022784231
2890,50096,13872,building_facade ,0.23439544
2891,50096,13872,courthouse ,0.19137788
2892,50096,13872,apartment_building/outdoor ,0.16668731
2893,50096,13872,mansion ,0.1043629
2894,50096,13872,office_building ,0.09710127
2895,50096,13896,museum/indoor ,0.40479815
2896,50096,13896,dressing_room ,0.28467828
2897,50096,13896,clean_room ,0.16209038
2898,50096,13896,art_gallery ,0.040909138
2899,50096,13896,archive ,0.03607249
2900,50096,13920,clean_room ,0.49825403
2901,50096,13920,museum/indoor ,0.1717808
2902,50096,13920,dressing_room ,0.17117669
2903,50096,13920,operating_room ,0.07493869
2904,50096,13920,hospital_room ,0.013101555
2905,50096,13944,clean_room ,0.54169106
2906,50096,13944,dressing_room ,0.16581874
2907,50096,13944,museum/indoor ,0.1658075
2908,50096,13944,operating_room ,0.020786975
2909,50096,13944,art_gallery ,0.019392652
2910,50096,13968,clean_room ,0.39109072
2911,50096,13968,dressing_room ,0.33090016
2912,50096,13968,museum/indoor ,0.18702476
2913,50096,13968,art_gallery ,0.023843221
2914,50096,13968,operating_room ,0.015305528
2915,50096,13992,clean_room ,0.69963443
2916,50096,13992,dressing_room ,0.100528486
2917,50096,13992,museum/indoor ,0.09100476
2918,50096,13992,operating_room ,0.032451533
2919,50096,13992,art_gallery ,0.011896565
2920,50096,14016,clean_room ,0.7096396
2921,50096,14016,dressing_room ,0.11087596
2922,50096,14016,museum/indoor ,0.0642228
2923,50096,14016,operating_room ,0.03569073
2924,50096,14016,music_studio ,0.0119944215
2925,50096,14040,clean_room ,0.6398831
2926,50096,14040,dressing_room ,0.18788467
2927,50096,14040,operating_room ,0.0556742
2928,50096,14040,museum/indoor ,0.043007825
2929,50096,14040,hospital_room ,0.011678598
2930,50096,14064,dressing_room ,0.4998509
2931,50096,14064,clean_room ,0.27136695
2932,50096,14064,locker_room ,0.035967544
2933,50096,14064,museum/indoor ,0.032984246
2934,50096,14064,music_studio ,0.032593843
2935,50096,14088,clean_room ,0.7167992
2936,50096,14088,archive ,0.08731984
2937,50096,14088,dressing_room ,0.078714594
2938,50096,14088,museum/indoor ,0.07035081
2939,50096,14088,art_gallery ,0.00608216
2940,50096,14112,dressing_room ,0.42231333
2941,50096,14112,clean_room ,0.39519316
2942,50096,14112,nursing_home ,0.049507923
2943,50096,14112,music_studio ,0.043225914
2944,50096,14112,hospital_room ,0.016652903
2945,50096,14136,clean_room ,0.92095035
2946,50096,14136,dressing_room ,0.021061914
2947,50096,14136,museum/indoor ,0.010411017
2948,50096,14136,music_studio ,0.005445837
2949,50096,14136,archive ,0.005279892
2950,50096,14160,music_studio ,0.28177953
2951,50096,14160,stage/indoor ,0.2193045
2952,50096,14160,clean_room ,0.20860626
2953,50096,14160,discotheque ,0.1438001
2954,50096,14160,dressing_room ,0.028766558
2955,50096,14184,museum/indoor ,0.4909687
2956,50096,14184,clean_room ,0.44769806
2957,50096,14184,art_gallery ,0.02210979
2958,50096,14184,dressing_room ,0.021463739
2959,50096,14184,archive ,0.00625233
2960,50096,14208,museum/indoor ,0.9341769
2961,50096,14208,art_gallery ,0.04146826
2962,50096,14208,clean_room ,0.01286705
2963,50096,14208,dressing_room ,0.0055079027
2964,50096,14208,art_studio ,0.0021128359
2965,50096,14232,museum/indoor ,0.9433758
2966,50096,14232,art_gallery ,0.03235698
2967,50096,14232,clean_room ,0.017546277
2968,50096,14232,dressing_room ,0.0025534101
2969,50096,14232,art_studio ,0.0012972053
2970,50096,14256,museum/indoor ,0.88382655
2971,50096,14256,clean_room ,0.069112524
2972,50096,14256,art_gallery ,0.034073945
2973,50096,14256,dressing_room ,0.0060861637
2974,50096,14256,art_studio ,0.0027340031
2975,50096,14280,museum/indoor ,0.81917405
2976,50096,14280,clean_room ,0.09339959
2977,50096,14280,art_gallery ,0.06656368
2978,50096,14280,dressing_room ,0.008615512
2979,50096,14280,art_studio ,0.0050521153
2980,50096,14304,museum/indoor ,0.59542173
2981,50096,14304,clean_room ,0.32359862
2982,50096,14304,art_gallery ,0.055948693
2983,50096,14304,art_studio ,0.006767046
2984,50096,14304,dressing_room ,0.006323294
2985,50096,14328,museum/indoor ,0.8245819
2986,50096,14328,clean_room ,0.10940633
2987,50096,14328,art_gallery ,0.04092713
2988,50096,14328,dressing_room ,0.008896423
2989,50096,14328,art_studio ,0.0071746823
2990,50096,14352,museum/indoor ,0.78246784
2991,50096,14352,clean_room ,0.16489528
2992,50096,14352,art_gallery ,0.033892363
2993,50096,14352,dressing_room ,0.006387334
2994,50096,14352,art_studio ,0.0047539165
2995,50096,14376,museum/indoor ,0.8782538
2996,50096,14376,clean_room ,0.06887366
2997,50096,14376,art_gallery ,0.039694782
2998,50096,14376,archive ,0.004717071
2999,50096,14376,dressing_room ,0.0032513558
3000,50096,14400,museum/indoor ,0.6059332
3001,50096,14400,clean_room ,0.23240566
3002,50096,14400,art_gallery ,0.08317509
3003,50096,14400,dressing_room ,0.041854903
3004,50096,14400,archive ,0.018972963
3005,50096,14424,clean_room ,0.7917295
3006,50096,14424,dressing_room ,0.15446952
3007,50096,14424,museum/indoor ,0.018010048
3008,50096,14424,operating_room ,0.006418962
3009,50096,14424,art_gallery ,0.005896295
3010,50096,14448,museum/indoor ,0.7950271
3011,50096,14448,clean_room ,0.10792685
3012,50096,14448,art_gallery ,0.039062127
3013,50096,14448,archive ,0.022484116
3014,50096,14448,dressing_room ,0.018534588
3015,50096,14472,dressing_room ,0.409984
3016,50096,14472,clean_room ,0.39722234
3017,50096,14472,museum/indoor ,0.06628067
3018,50096,14472,archive ,0.055686478
3019,50096,14472,nursing_home ,0.009683543
3020,50096,14496,museum/indoor ,0.95624495
3021,50096,14496,art_gallery ,0.013667615
3022,50096,14496,archive ,0.009419845
3023,50096,14496,dressing_room ,0.008838743
3024,50096,14496,clean_room ,0.00556176
3025,50096,14520,museum/indoor ,0.97354454
3026,50096,14520,archive ,0.008789767
3027,50096,14520,dressing_room ,0.005954456
3028,50096,14520,art_gallery ,0.0045351377
3029,50096,14520,clothing_store ,0.0011973825
3030,50096,14544,museum/indoor ,0.9248439
3031,50096,14544,dressing_room ,0.022924753
3032,50096,14544,art_gallery ,0.015371942
3033,50096,14544,archive ,0.010948898
3034,50096,14544,clean_room ,0.009408354
3035,50096,14568,museum/indoor ,0.9501753
3036,50096,14568,dressing_room ,0.017583808
3037,50096,14568,art_gallery ,0.006452364
3038,50096,14568,clean_room ,0.0061730687
3039,50096,14568,archive ,0.0059350645
3040,50096,14592,museum/indoor ,0.9432186
3041,50096,14592,dressing_room ,0.01682473
3042,50096,14592,archive ,0.010624408
3043,50096,14592,clean_room ,0.008604851
3044,50096,14592,art_gallery ,0.004880304
3045,50096,14616,museum/indoor ,0.9783956
3046,50096,14616,art_gallery ,0.006013687
3047,50096,14616,dressing_room ,0.005059475
3048,50096,14616,archive ,0.0042365068
3049,50096,14616,clean_room ,0.001330211
3050,50096,14640,museum/indoor ,0.968841
3051,50096,14640,dressing_room ,0.009939914
3052,50096,14640,art_gallery ,0.0060133757
3053,50096,14640,archive ,0.005853815
3054,50096,14640,clean_room ,0.0027016741
3055,50096,14664,museum/indoor ,0.94511306
3056,50096,14664,dressing_room ,0.022029301
3057,50096,14664,archive ,0.01073564
3058,50096,14664,art_gallery ,0.0070474027
3059,50096,14664,clean_room ,0.0050250995
3060,50096,14688,museum/indoor ,0.98315907
3061,50096,14688,art_gallery ,0.0061711385
3062,50096,14688,archive ,0.0038833013
3063,50096,14688,dressing_room ,0.0021813447
3064,50096,14688,clean_room ,0.0013543348
3065,50096,14712,museum/indoor ,0.9785406
3066,50096,14712,archive ,0.0062750885
3067,50096,14712,art_gallery ,0.0046420004
3068,50096,14712,dressing_room ,0.0042878664
3069,50096,14712,clean_room ,0.0025185705
3070,50096,14736,museum/indoor ,0.93069065
3071,50096,14736,dressing_room ,0.022920493
3072,50096,14736,archive ,0.016077777
3073,50096,14736,art_gallery ,0.010934572
3074,50096,14736,clean_room ,0.0053573665
3075,50096,14760,museum/indoor ,0.86643046
3076,50096,14760,clean_room ,0.04568056
3077,50096,14760,art_gallery ,0.030141596
3078,50096,14760,archive ,0.012758605
3079,50096,14760,dressing_room ,0.010693111
3080,50096,14784,dressing_room ,0.42849854
3081,50096,14784,clean_room ,0.19298366
3082,50096,14784,museum/indoor ,0.16799426
3083,50096,14784,nursing_home ,0.031867992
3084,50096,14784,music_studio ,0.030359013
3085,50096,14808,clean_room ,0.8696124
3086,50096,14808,museum/indoor ,0.05716597
3087,50096,14808,dressing_room ,0.022285696
3088,50096,14808,archive ,0.015413828
3089,50096,14808,art_gallery ,0.007899326
3090,50096,14832,clean_room ,0.47443798
3091,50096,14832,museum/indoor ,0.39693588
3092,50096,14832,art_gallery ,0.06540176
3093,50096,14832,dressing_room ,0.025619198
3094,50096,14832,archive ,0.00927888
3095,50096,14856,museum/indoor ,0.8443625
3096,50096,14856,art_gallery ,0.043939397
3097,50096,14856,dressing_room ,0.04321703
3098,50096,14856,clean_room ,0.0401518
3099,50096,14856,archive ,0.009416751
3100,50096,14880,museum/indoor ,0.83352816
3101,50096,14880,dressing_room ,0.074804775
3102,50096,14880,clean_room ,0.04494247
3103,50096,14880,art_gallery ,0.035105597
3104,50096,14880,archive ,0.0038293817
3105,50096,14904,museum/indoor ,0.6420545
3106,50096,14904,dressing_room ,0.1404194
3107,50096,14904,clean_room ,0.11600615
3108,50096,14904,stage/indoor ,0.027653644
3109,50096,14904,nursing_home ,0.01932667
3110,50096,14928,museum/indoor ,0.6453961
3111,50096,14928,clean_room ,0.18528013
3112,50096,14928,dressing_room ,0.110198185
3113,50096,14928,art_gallery ,0.019801432
3114,50096,14928,archive ,0.006798673
3115,50096,14952,museum/indoor ,0.49099407
3116,50096,14952,dressing_room ,0.32737246
3117,50096,14952,clean_room ,0.10944364
3118,50096,14952,nursing_home ,0.018827954
3119,50096,14952,art_gallery ,0.009347262
3120,50096,14976,dressing_room ,0.3910376
3121,50096,14976,museum/indoor ,0.29020733
3122,50096,14976,clean_room ,0.23957945
3123,50096,14976,nursing_home ,0.015492143
3124,50096,14976,stage/indoor ,0.010471467
3125,50096,15000,museum/indoor ,0.64747995
3126,50096,15000,dressing_room ,0.14496917
3127,50096,15000,clean_room ,0.09233741
3128,50096,15000,archive ,0.03325935
3129,50096,15000,nursing_home ,0.03255257
3130,50096,15024,dressing_room ,0.50761247
3131,50096,15024,museum/indoor ,0.30349308
3132,50096,15024,clean_room ,0.14307235
3133,50096,15024,art_gallery ,0.009471934
3134,50096,15024,archive ,0.008142122
3135,50096,15048,museum/indoor ,0.5386709
3136,50096,15048,dressing_room ,0.22952251
3137,50096,15048,clean_room ,0.15990357
3138,50096,15048,archive ,0.02511579
3139,50096,15048,art_gallery ,0.024704535
3140,50096,15072,dressing_room ,0.72476596
3141,50096,15072,museum/indoor ,0.1365281
3142,50096,15072,clean_room ,0.09323212
3143,50096,15072,archive ,0.016183943
3144,50096,15072,art_gallery ,0.0076911077
3145,50096,15096,dressing_room ,0.79273623
3146,50096,15096,clean_room ,0.123184085
3147,50096,15096,museum/indoor ,0.03432456
3148,50096,15096,archive ,0.016969802
3149,50096,15096,nursing_home ,0.013454389
3150,50096,15120,dressing_room ,0.8267278
3151,50096,15120,clean_room ,0.1198937
3152,50096,15120,nursing_home ,0.017438967
3153,50096,15120,museum/indoor ,0.008966448
3154,50096,15120,archive ,0.008724419
3155,50096,15144,dressing_room ,0.7687771
3156,50096,15144,clean_room ,0.1356905
3157,50096,15144,museum/indoor ,0.043438286
3158,50096,15144,archive ,0.017444426
3159,50096,15144,nursing_home ,0.01357585
3160,50096,15168,dressing_room ,0.9158175
3161,50096,15168,clean_room ,0.03395041
3162,50096,15168,museum/indoor ,0.019281426
3163,50096,15168,nursing_home ,0.009349683
3164,50096,15168,archive ,0.008254719
3165,50096,15192,dressing_room ,0.5695502
3166,50096,15192,museum/indoor ,0.38441563
3167,50096,15192,clean_room ,0.019013599
3168,50096,15192,stage/indoor ,0.009163911
3169,50096,15192,music_studio ,0.0045268713
3170,50096,15216,clean_room ,0.7763322
3171,50096,15216,museum/indoor ,0.09638736
3172,50096,15216,dressing_room ,0.025653863
3173,50096,15216,art_gallery ,0.025507465
3174,50096,15216,nursing_home ,0.012379916
3175,50096,15240,clean_room ,0.5946005
3176,50096,15240,museum/indoor ,0.24493776
3177,50096,15240,dressing_room ,0.034638364
3178,50096,15240,music_studio ,0.034134693
3179,50096,15240,art_gallery ,0.016823884
3180,50096,15264,clean_room ,0.64323205
3181,50096,15264,museum/indoor ,0.22572637
3182,50096,15264,music_studio ,0.027431183
3183,50096,15264,dressing_room ,0.025613677
3184,50096,15264,art_gallery ,0.019866599
3185,50096,15288,clean_room ,0.96257323
3186,50096,15288,museum/indoor ,0.025193177
3187,50096,15288,nursery ,0.0047230655
3188,50096,15288,art_gallery ,0.0013842988
3189,50096,15288,archive ,0.0013395437
3190,50096,15312,museum/indoor ,0.4824251
3191,50096,15312,clean_room ,0.47189772
3192,50096,15312,art_gallery ,0.021316387
3193,50096,15312,dressing_room ,0.007870931
3194,50096,15312,archive ,0.005623883
3195,50096,15336,museum/indoor ,0.6300047
3196,50096,15336,clean_room ,0.24449691
3197,50096,15336,art_gallery ,0.062706664
3198,50096,15336,archive ,0.028762862
3199,50096,15336,dressing_room ,0.012035478
3200,50096,15360,museum/indoor ,0.38003248
3201,50096,15360,clean_room ,0.256164
3202,50096,15360,archive ,0.11201025
3203,50096,15360,art_gallery ,0.06268991
3204,50096,15360,dressing_room ,0.051591016
3205,50096,15384,clean_room ,0.46540898
3206,50096,15384,museum/indoor ,0.33259887
3207,50096,15384,archive ,0.03993373
3208,50096,15384,music_studio ,0.032651015
3209,50096,15384,art_gallery ,0.026849695
3210,50096,15408,clean_room ,0.6712941
3211,50096,15408,museum/indoor ,0.22496712
3212,50096,15408,art_gallery ,0.019602686
3213,50096,15408,archive ,0.018366069
3214,50096,15408,music_studio ,0.016245697
3215,50096,15432,clean_room ,0.55113584
3216,50096,15432,museum/indoor ,0.29653195
3217,50096,15432,archive ,0.03431199
3218,50096,15432,music_studio ,0.02665509
3219,50096,15432,art_gallery ,0.021748941
3220,50096,15456,clean_room ,0.628256
3221,50096,15456,museum/indoor ,0.22860134
3222,50096,15456,music_studio ,0.036630355
3223,50096,15456,archive ,0.020123027
3224,50096,15456,art_gallery ,0.019587137
3225,50096,15480,clean_room ,0.88645744
3226,50096,15480,museum/indoor ,0.07189374
3227,50096,15480,art_gallery ,0.0070921388
3228,50096,15480,operating_room ,0.006925624
3229,50096,15480,music_studio ,0.0044019045
3230,50096,15504,museum/indoor ,0.498283
3231,50096,15504,clean_room ,0.30962443
3232,50096,15504,archive ,0.036618147
3233,50096,15504,art_gallery ,0.031906582
3234,50096,15504,dressing_room ,0.020464592
3235,50096,15528,clean_room ,0.622745
3236,50096,15528,museum/indoor ,0.245156
3237,50096,15528,archive ,0.05704156
3238,50096,15528,art_gallery ,0.014466376
3239,50096,15528,dressing_room ,0.008270839
3240,50096,15552,museum/indoor ,0.7925197
3241,50096,15552,clean_room ,0.15501304
3242,50096,15552,dressing_room ,0.0112639535
3243,50096,15552,art_gallery ,0.010779695
3244,50096,15552,archive ,0.007061842
3245,50096,15576,museum/indoor ,0.5049924
3246,50096,15576,clean_room ,0.3032708
3247,50096,15576,archive ,0.06769275
3248,50096,15576,nursing_home ,0.033645663
3249,50096,15576,operating_room ,0.027928183
3250,50096,15600,museum/indoor ,0.55018526
3251,50096,15600,clean_room ,0.3871225
3252,50096,15600,art_gallery ,0.020846194
3253,50096,15600,dressing_room ,0.013045799
3254,50096,15600,archive ,0.0093165245
3255,50096,15624,museum/indoor ,0.8241201
3256,50096,15624,clean_room ,0.12708972
3257,50096,15624,dressing_room ,0.029154798
3258,50096,15624,art_gallery ,0.009270082
3259,50096,15624,operating_room ,0.0030453384
3260,50096,15648,museum/indoor ,0.8380288
3261,50096,15648,clean_room ,0.11372571
3262,50096,15648,dressing_room ,0.032513183
3263,50096,15648,art_gallery ,0.011804706
3264,50096,15648,operating_room ,0.0012312969
3265,50096,15672,museum/indoor ,0.80671823
3266,50096,15672,clean_room ,0.10528349
3267,50096,15672,dressing_room ,0.07599038
3268,50096,15672,art_gallery ,0.0068464307
3269,50096,15672,operating_room ,0.001468738
3270,50096,15696,museum/indoor ,0.66444
3271,50096,15696,clean_room ,0.26090214
3272,50096,15696,dressing_room ,0.06329289
3273,50096,15696,art_gallery ,0.0077756424
3274,50096,15696,operating_room ,0.0011734965
3275,50096,15720,museum/indoor ,0.58147776
3276,50096,15720,dressing_room ,0.3029716
3277,50096,15720,clean_room ,0.103334434
3278,50096,15720,art_gallery ,0.008962979
3279,50096,15720,operating_room ,0.00078881014
3280,50096,15744,museum/indoor ,0.658952
3281,50096,15744,clean_room ,0.16883825
3282,50096,15744,dressing_room ,0.15623207
3283,50096,15744,art_gallery ,0.011504991
3284,50096,15744,operating_room ,0.0011717489
3285,50096,15768,clean_room ,0.960162
3286,50096,15768,museum/indoor ,0.016148595
3287,50096,15768,operating_room ,0.0050033885
3288,50096,15768,science_museum ,0.004355742
3289,50096,15768,art_gallery ,0.00194081
3290,50096,15792,clean_room ,0.824492
3291,50096,15792,museum/indoor ,0.07456976
3292,50096,15792,art_gallery ,0.029350277
3293,50096,15792,artists_loft ,0.0138990525
3294,50096,15792,dressing_room ,0.009014667
3295,50096,15816,clean_room ,0.72116286
3296,50096,15816,museum/indoor ,0.14555094
3297,50096,15816,art_gallery ,0.056265354
3298,50096,15816,artists_loft ,0.017828757
3299,50096,15816,dressing_room ,0.010628882
3300,50096,15840,clean_room ,0.6253384
3301,50096,15840,museum/indoor ,0.1604119
3302,50096,15840,art_gallery ,0.04621308
3303,50096,15840,dressing_room ,0.030026691
3304,50096,15840,physics_laboratory ,0.016317056
3305,50096,15864,clean_room ,0.5336886
3306,50096,15864,museum/indoor ,0.3257712
3307,50096,15864,art_gallery ,0.030192897
3308,50096,15864,dressing_room ,0.029139366
3309,50096,15864,archive ,0.009007675
3310,50096,15888,clean_room ,0.7116246
3311,50096,15888,museum/indoor ,0.08490702
3312,50096,15888,dressing_room ,0.041885287
3313,50096,15888,chemistry_lab ,0.024965499
3314,50096,15888,archive ,0.023805847
3315,50096,15912,clean_room ,0.5844153
3316,50096,15912,dressing_room ,0.18358515
3317,50096,15912,chemistry_lab ,0.07187625
3318,50096,15912,biology_laboratory ,0.02314065
3319,50096,15912,archive ,0.019623658
3320,50096,15936,dressing_room ,0.8749987
3321,50096,15936,clean_room ,0.05897632
3322,50096,15936,beauty_salon ,0.010026801
3323,50096,15936,chemistry_lab ,0.008117984
3324,50096,15936,museum/indoor ,0.006281755
3325,50096,15960,dressing_room ,0.7938527
3326,50096,15960,clean_room ,0.07157529
3327,50096,15960,museum/indoor ,0.02984738
3328,50096,15960,art_gallery ,0.015293142
3329,50096,15960,shower ,0.008441568
3330,50096,15984,dressing_room ,0.9272792
3331,50096,15984,clean_room ,0.019269546
3332,50096,15984,beauty_salon ,0.014935607
3333,50096,15984,office ,0.003440333
3334,50096,15984,art_gallery ,0.002994737
3335,50096,16008,dressing_room ,0.8664314
3336,50096,16008,clean_room ,0.048294008
3337,50096,16008,beauty_salon ,0.017718708
3338,50096,16008,art_gallery ,0.008694435
3339,50096,16008,museum/indoor ,0.0075529832
3340,50096,16032,dressing_room ,0.75471616
3341,50096,16032,clean_room ,0.14060791
3342,50096,16032,beauty_salon ,0.027466765
3343,50096,16032,hospital_room ,0.010288354
3344,50096,16032,museum/indoor ,0.008826959
3345,50096,16056,dressing_room ,0.8358241
3346,50096,16056,clean_room ,0.08198903
3347,50096,16056,beauty_salon ,0.024856737
3348,50096,16056,art_gallery ,0.0076466464
3349,50096,16056,archive ,0.006650463
3350,50096,16080,dressing_room ,0.8206863
3351,50096,16080,clean_room ,0.09433478
3352,50096,16080,beauty_salon ,0.039780963
3353,50096,16080,chemistry_lab ,0.004426603
3354,50096,16080,office ,0.004266993
3355,50096,16104,dressing_room ,0.93250793
3356,50096,16104,clean_room ,0.02609814
3357,50096,16104,beauty_salon ,0.01623058
3358,50096,16104,office ,0.0021126466
3359,50096,16104,art_gallery ,0.0017533422
3360,50096,16128,dressing_room ,0.7780478
3361,50096,16128,clean_room ,0.14034869
3362,50096,16128,beauty_salon ,0.028191483
3363,50096,16128,shower ,0.005725383
3364,50096,16128,hospital_room ,0.0051795207
3365,50096,16152,clean_room ,0.4458085
3366,50096,16152,dressing_room ,0.42400864
3367,50096,16152,art_gallery ,0.018726131
3368,50096,16152,beauty_salon ,0.01734474
3369,50096,16152,hospital_room ,0.010654961
3370,50096,16176,dressing_room ,0.9130233
3371,50096,16176,clean_room ,0.04703502
3372,50096,16176,beauty_salon ,0.013087562
3373,50096,16176,nursing_home ,0.0036613888
3374,50096,16176,hospital_room ,0.0033974259
3375,50096,16200,dressing_room ,0.8002637
3376,50096,16200,clean_room ,0.11811051
3377,50096,16200,beauty_salon ,0.023628343
3378,50096,16200,art_gallery ,0.008299613
3379,50096,16200,operating_room ,0.005912287
3380,50096,16224,dressing_room ,0.81727487
3381,50096,16224,clean_room ,0.10552984
3382,50096,16224,beauty_salon ,0.020227341
3383,50096,16224,art_gallery ,0.013267413
3384,50096,16224,museum/indoor ,0.007325906
3385,50096,16248,dressing_room ,0.94695914
3386,50096,16248,clean_room ,0.021347033
3387,50096,16248,beauty_salon ,0.018109063
3388,50096,16248,art_gallery ,0.002724289
3389,50096,16248,shower ,0.0015201856
3390,50096,16272,dressing_room ,0.6955427
3391,50096,16272,clean_room ,0.17083558
3392,50096,16272,beauty_salon ,0.042744264
3393,50096,16272,shower ,0.01817489
3394,50096,16272,art_gallery ,0.011443033
3395,50096,16296,dressing_room ,0.8289757
3396,50096,16296,clean_room ,0.049822666
3397,50096,16296,beauty_salon ,0.048414975
3398,50096,16296,archive ,0.00882047
3399,50096,16296,museum/indoor ,0.007889113
3400,50096,16320,dressing_room ,0.78418
3401,50096,16320,clean_room ,0.058126193
3402,50096,16320,beauty_salon ,0.04044367
3403,50096,16320,museum/indoor ,0.013962477
3404,50096,16320,art_gallery ,0.009830305
3405,50096,16344,dressing_room ,0.8141199
3406,50096,16344,clean_room ,0.15300244
3407,50096,16344,beauty_salon ,0.0054448894
3408,50096,16344,museum/indoor ,0.0038657654
3409,50096,16344,art_gallery ,0.003113196
3410,50096,16368,clean_room ,0.949578
3411,50096,16368,dressing_room ,0.036044475
3412,50096,16368,museum/indoor ,0.0034892797
3413,50096,16368,operating_room ,0.0026487007
3414,50096,16368,archive ,0.0012432017
3415,50096,16392,clean_room ,0.8105074
3416,50096,16392,dressing_room ,0.12707314
3417,50096,16392,museum/indoor ,0.02557083
3418,50096,16392,archive ,0.0071957097
3419,50096,16392,art_gallery ,0.0065363036
3420,50096,16416,clean_room ,0.60740197
3421,50096,16416,dressing_room ,0.3589798
3422,50096,16416,chemistry_lab ,0.0037711132
3423,50096,16416,beauty_salon ,0.0034872242
3424,50096,16416,operating_room ,0.003427389
3425,50096,16440,dressing_room ,0.6960414
3426,50096,16440,clean_room ,0.23593608
3427,50096,16440,museum/indoor ,0.008156754
3428,50096,16440,beauty_salon ,0.0067291786
3429,50096,16440,art_gallery ,0.0051979795
3430,50096,16464,clean_room ,0.6781517
3431,50096,16464,dressing_room ,0.26512215
3432,50096,16464,museum/indoor ,0.012807302
3433,50096,16464,archive ,0.007607552
3434,50096,16464,art_gallery ,0.00503531
3435,50096,16488,clean_room ,0.6586379
3436,50096,16488,dressing_room ,0.30963466
3437,50096,16488,operating_room ,0.0034788828
3438,50096,16488,beauty_salon ,0.0028208205
3439,50096,16488,hospital_room ,0.0024621943
3440,50096,16512,clean_room ,0.697846
3441,50096,16512,dressing_room ,0.26384637
3442,50096,16512,archive ,0.0055058524
3443,50096,16512,museum/indoor ,0.004466597
3444,50096,16512,art_gallery ,0.002975265
3445,50096,16536,clean_room ,0.7863782
3446,50096,16536,dressing_room ,0.18731973
3447,50096,16536,museum/indoor ,0.0035931943
3448,50096,16536,archive ,0.0035082146
3449,50096,16536,operating_room ,0.0021705918
3450,50096,16560,clean_room ,0.8082556
3451,50096,16560,dressing_room ,0.15702872
3452,50096,16560,museum/indoor ,0.008985393
3453,50096,16560,archive ,0.0034392949
3454,50096,16560,art_gallery ,0.0033124238
3455,50096,16584,clean_room ,0.7381964
3456,50096,16584,dressing_room ,0.18784222
3457,50096,16584,museum/indoor ,0.021352457
3458,50096,16584,archive ,0.013940936
3459,50096,16584,art_gallery ,0.0074866647
3460,50096,16608,dressing_room ,0.9102099
3461,50096,16608,clean_room ,0.07910073
3462,50096,16608,museum/indoor ,0.0013480248
3463,50096,16608,beauty_salon ,0.0013044265
3464,50096,16608,art_gallery ,0.0012999397
3465,50096,16632,dressing_room ,0.66914105
3466,50096,16632,clean_room ,0.112134285
3467,50096,16632,beauty_salon ,0.031246996
3468,50096,16632,archive ,0.026730414
3469,50096,16632,museum/indoor ,0.017339801
3470,50096,16656,dressing_room ,0.8992563
3471,50096,16656,clean_room ,0.037005123
3472,50096,16656,beauty_salon ,0.011423272
3473,50096,16656,archive ,0.0063902023
3474,50096,16656,museum/indoor ,0.006231479
3475,50096,16680,dressing_room ,0.9201445
3476,50096,16680,clean_room ,0.02241625
3477,50096,16680,archive ,0.010333739
3478,50096,16680,beauty_salon ,0.008045567
3479,50096,16680,museum/indoor ,0.003985284
3480,50096,16704,dressing_room ,0.876762
3481,50096,16704,clean_room ,0.030035183
3482,50096,16704,archive ,0.025136773
3483,50096,16704,beauty_salon ,0.010921442
3484,50096,16704,museum/indoor ,0.008777441
3485,50096,16728,dressing_room ,0.8797227
3486,50096,16728,clean_room ,0.024352731
3487,50096,16728,archive ,0.016389303
3488,50096,16728,beauty_salon ,0.015650598
3489,50096,16728,art_gallery ,0.008869158
3490,50096,16752,dressing_room ,0.7799792
3491,50096,16752,clean_room ,0.07448823
3492,50096,16752,archive ,0.055683434
3493,50096,16752,museum/indoor ,0.019485138
3494,50096,16752,art_gallery ,0.010436458
3495,50096,16776,clean_room ,0.829077
3496,50096,16776,dressing_room ,0.10635153
3497,50096,16776,archive ,0.021920063
3498,50096,16776,museum/indoor ,0.011181257
3499,50096,16776,art_gallery ,0.0044970117
3500,50096,16800,clean_room ,0.9971052
3501,50096,16800,operating_room ,0.0006750589
3502,50096,16800,museum/indoor ,0.000358662
3503,50096,16800,chemistry_lab ,0.00034867896
3504,50096,16800,archive ,0.00029287074
3505,50096,16824,clean_room ,0.998047
3506,50096,16824,operating_room ,0.0008742604
3507,50096,16824,archive ,0.00017613306
3508,50096,16824,museum/indoor ,0.00014757577
3509,50096,16824,hospital_room ,0.00013053471
3510,50096,16848,clean_room ,0.99453765
3511,50096,16848,museum/indoor ,0.0013984472
3512,50096,16848,archive ,0.0010794259
3513,50096,16848,operating_room ,0.0005063923
3514,50096,16848,locker_room ,0.00029776077
3515,50096,16872,clean_room ,0.9942953
3516,50096,16872,operating_room ,0.0019890894
3517,50096,16872,museum/indoor ,0.001502648
3518,50096,16872,archive ,0.00045938973
3519,50096,16872,science_museum ,0.00045769956
3520,50096,16896,clean_room ,0.7579659
3521,50096,16896,dressing_room ,0.04944741
3522,50096,16896,locker_room ,0.03071141
3523,50096,16896,music_studio ,0.01969091
3524,50096,16896,operating_room ,0.019243607
3525,50096,16920,clean_room ,0.45097947
3526,50096,16920,dressing_room ,0.28207368
3527,50096,16920,beauty_salon ,0.04327341
3528,50096,16920,office ,0.01908694
3529,50096,16920,chemistry_lab ,0.01883598
3530,50096,16944,museum/indoor ,0.5790614
3531,50096,16944,clean_room ,0.12461535
3532,50096,16944,art_gallery ,0.08870832
3533,50096,16944,dressing_room ,0.033551283
3534,50096,16944,archive ,0.021325944
3535,50096,16968,clean_room ,0.5840162
3536,50096,16968,museum/indoor ,0.14299423
3537,50096,16968,dressing_room ,0.07083751
3538,50096,16968,art_gallery ,0.045894608
3539,50096,16968,attic ,0.024837391
3540,50096,16992,clean_room ,0.98437124
3541,50096,16992,museum/indoor ,0.011727842
3542,50096,16992,art_gallery ,0.0011498859
3543,50096,16992,operating_room ,0.00070683553
3544,50096,16992,dressing_room ,0.00041377146
3545,50096,17016,clean_room ,0.9841155
3546,50096,17016,archive ,0.0033168711
3547,50096,17016,museum/indoor ,0.0030385635
3548,50096,17016,dressing_room ,0.0018335643
3549,50096,17016,operating_room ,0.0011591053
3550,50096,17040,clean_room ,0.97624534
3551,50096,17040,museum/indoor ,0.008247061
3552,50096,17040,dressing_room ,0.0020421366
3553,50096,17040,operating_room ,0.0019382541
3554,50096,17040,art_gallery ,0.001635414
3555,50096,17064,clean_room ,0.9847419
3556,50096,17064,museum/indoor ,0.005131807
3557,50096,17064,operating_room ,0.002115258
3558,50096,17064,archive ,0.0016361495
3559,50096,17064,hospital_room ,0.0010742182
3560,50096,17088,clean_room ,0.91925216
3561,50096,17088,museum/indoor ,0.037779875
3562,50096,17088,archive ,0.0072267097
3563,50096,17088,art_gallery ,0.005174463
3564,50096,17088,operating_room ,0.004516875
3565,50096,17112,clean_room ,0.9634175
3566,50096,17112,museum/indoor ,0.0072219833
3567,50096,17112,operating_room ,0.005817447
3568,50096,17112,archive ,0.0030084923
3569,50096,17112,hospital_room ,0.0027572587
3570,50096,17136,clean_room ,0.94383425
3571,50096,17136,museum/indoor ,0.011137238
3572,50096,17136,operating_room ,0.010583857
3573,50096,17136,archive ,0.0060008112
3574,50096,17136,hospital_room ,0.003982933
3575,50096,17160,clean_room ,0.95134854
3576,50096,17160,operating_room ,0.009475537
3577,50096,17160,museum/indoor ,0.008671763
3578,50096,17160,archive ,0.008033796
3579,50096,17160,hospital_room ,0.0036162322
3580,50096,17184,clean_room ,0.93472403
3581,50096,17184,archive ,0.017876998
3582,50096,17184,museum/indoor ,0.014969802
3583,50096,17184,operating_room ,0.004365944
3584,50096,17184,art_gallery ,0.003301665
3585,50096,17208,clean_room ,0.83676904
3586,50096,17208,archive ,0.0626225
3587,50096,17208,museum/indoor ,0.032857046
3588,50096,17208,dressing_room ,0.014272143
3589,50096,17208,art_gallery ,0.008765835
3590,50096,17232,clean_room ,0.86931866
3591,50096,17232,attic ,0.020535886
3592,50096,17232,operating_room ,0.017422507
3593,50096,17232,archive ,0.011393604
3594,50096,17232,locker_room ,0.010653039
3595,50096,17256,clean_room ,0.83932716
3596,50096,17256,operating_room ,0.023276595
3597,50096,17256,archive ,0.018403657
3598,50096,17256,museum/indoor ,0.0128373625
3599,50096,17256,dressing_room ,0.010915068
3600,50096,17280,raceway ,0.31208605
3601,50096,17280,runway ,0.14018428
3602,50096,17280,highway ,0.058894537
3603,50096,17280,clean_room ,0.044373926
3604,50096,17280,auto_factory ,0.042185977
3605,50096,17304,raceway ,0.31435135
3606,50096,17304,highway ,0.07958153
3607,50096,17304,runway ,0.078236446
3608,50096,17304,auto_factory ,0.0362596
3609,50096,17304,clean_room ,0.034577146
3610,50096,17328,art_gallery ,0.097813085
3611,50096,17328,museum/indoor ,0.07742934
3612,50096,17328,discotheque ,0.072546095
3613,50096,17328,lecture_room ,0.06883276
3614,50096,17328,stage/indoor ,0.056212813
3615,50096,17352,museum/indoor ,0.06721309
3616,50096,17352,art_gallery ,0.066197395
3617,50096,17352,discotheque ,0.065799676
3618,50096,17352,stage/indoor ,0.058553673
3619,50096,17352,lecture_room ,0.053386327
3620,50096,17376,shower ,0.09317684
3621,50096,17376,dressing_room ,0.06380234
3622,50096,17376,veterinarians_office ,0.046857063
3623,50096,17376,basement ,0.046422966
3624,50096,17376,art_gallery ,0.04585196
3625,50096,17400,shower ,0.16261594
3626,50096,17400,dressing_room ,0.056648623
3627,50096,17400,veterinarians_office ,0.056145616
3628,50096,17400,bathroom ,0.053613797
3629,50096,17400,museum/indoor ,0.049216874
3630,50096,17424,shower ,0.16198803
3631,50096,17424,chemistry_lab ,0.0677159
3632,50096,17424,clean_room ,0.066292696
3633,50096,17424,museum/indoor ,0.052731164
3634,50096,17424,locker_room ,0.040216453
3635,50096,17448,nursery ,0.23455292
3636,50096,17448,clean_room ,0.17685762
3637,50096,17448,nursing_home ,0.15481445
3638,50096,17448,hospital_room ,0.08209358
3639,50096,17448,veterinarians_office ,0.032141596
3640,50096,17472,nursery ,0.30491373
3641,50096,17472,clean_room ,0.30000302
3642,50096,17472,nursing_home ,0.12160202
3643,50096,17472,hospital_room ,0.049218513
3644,50096,17472,waiting_room ,0.020069722
3645,50096,17496,clean_room ,0.5311419
3646,50096,17496,nursing_home ,0.26550445
3647,50096,17496,archive ,0.060958724
3648,50096,17496,hospital_room ,0.045300417
3649,50096,17496,operating_room ,0.018030144
3650,50096,17520,dressing_room ,0.6494876
3651,50096,17520,clean_room ,0.1681066
3652,50096,17520,museum/indoor ,0.04296162
3653,50096,17520,music_studio ,0.027083335
3654,50096,17520,locker_room ,0.013990105
3655,50096,17544,dressing_room ,0.49585998
3656,50096,17544,museum/indoor ,0.31354275
3657,50096,17544,clean_room ,0.04725281
3658,50096,17544,archive ,0.03581797
3659,50096,17544,music_studio ,0.027327832
3660,50096,17568,clean_room ,0.7542449
3661,50096,17568,dressing_room ,0.105886206
3662,50096,17568,museum/indoor ,0.078258604
3663,50096,17568,art_gallery ,0.008729224
3664,50096,17568,operating_room ,0.006729776
3665,50096,17592,clean_room ,0.569691
3666,50096,17592,museum/indoor ,0.20081362
3667,50096,17592,dressing_room ,0.11016688
3668,50096,17592,art_gallery ,0.018874077
3669,50096,17592,archive ,0.011971183
3670,50096,17616,clean_room ,0.59928936
3671,50096,17616,museum/indoor ,0.3270137
3672,50096,17616,dressing_room ,0.035138614
3673,50096,17616,archive ,0.00921323
3674,50096,17616,art_gallery ,0.00855869
3675,50096,17640,clean_room ,0.71934384
3676,50096,17640,dressing_room ,0.12889303
3677,50096,17640,museum/indoor ,0.08992771
3678,50096,17640,music_studio ,0.016046897
3679,50096,17640,operating_room ,0.0067551867
3680,50096,17664,museum/indoor ,0.42614296
3681,50096,17664,clean_room ,0.29407072
3682,50096,17664,dressing_room ,0.21786019
3683,50096,17664,art_gallery ,0.025440613
3684,50096,17664,archive ,0.005199969
3685,50096,17688,clean_room ,0.821067
3686,50096,17688,museum/indoor ,0.08406258
3687,50096,17688,dressing_room ,0.046745453
3688,50096,17688,operating_room ,0.01078631
3689,50096,17688,archive ,0.009334587
3690,50096,17712,dressing_room ,0.68976223
3691,50096,17712,clean_room ,0.18180189
3692,50096,17712,museum/indoor ,0.041174993
3693,50096,17712,music_studio ,0.01852011
3694,50096,17712,archive ,0.009534999
3695,50096,17736,dressing_room ,0.44394875
3696,50096,17736,clean_room ,0.31532663
3697,50096,17736,music_studio ,0.06367098
3698,50096,17736,museum/indoor ,0.047971025
3699,50096,17736,locker_room ,0.025468012
3700,50096,17760,clean_room ,0.60218495
3701,50096,17760,museum/indoor ,0.1654184
3702,50096,17760,dressing_room ,0.06990116
3703,50096,17760,music_studio ,0.023388067
3704,50096,17760,operating_room ,0.012057139
3705,50096,17784,clean_room ,0.81897855
3706,50096,17784,museum/indoor ,0.116325796
3707,50096,17784,dressing_room ,0.018246932
3708,50096,17784,art_gallery ,0.0075339125
3709,50096,17784,archive ,0.0068997997
3710,50096,17808,clean_room ,0.5306216
3711,50096,17808,museum/indoor ,0.24179028
3712,50096,17808,dressing_room ,0.15027152
3713,50096,17808,art_gallery ,0.017167855
3714,50096,17808,archive ,0.010585155
3715,50096,17832,clean_room ,0.5832752
3716,50096,17832,museum/indoor ,0.21863642
3717,50096,17832,dressing_room ,0.08256034
3718,50096,17832,music_studio ,0.021917557
3719,50096,17832,archive ,0.019508496
3720,50096,17856,clean_room ,0.72711533
3721,50096,17856,museum/indoor ,0.10623065
3722,50096,17856,dressing_room ,0.058945026
3723,50096,17856,archive ,0.023714025
3724,50096,17856,art_gallery ,0.013944705
3725,50096,17880,clean_room ,0.548102
3726,50096,17880,museum/indoor ,0.24717194
3727,50096,17880,dressing_room ,0.09708615
3728,50096,17880,archive ,0.028032234
3729,50096,17880,music_studio ,0.017160356
3730,50096,17904,clean_room ,0.65377593
3731,50096,17904,museum/indoor ,0.20038527
3732,50096,17904,dressing_room ,0.093450524
3733,50096,17904,art_gallery ,0.010618845
3734,50096,17904,archive ,0.008211839
3735,50096,17928,clean_room ,0.40930733
3736,50096,17928,dressing_room ,0.25215274
3737,50096,17928,museum/indoor ,0.23496653
3738,50096,17928,archive ,0.03359834
3739,50096,17928,art_gallery ,0.020704197
3740,50096,17952,museum/indoor ,0.35246703
3741,50096,17952,dressing_room ,0.3297102
3742,50096,17952,clean_room ,0.24036528
3743,50096,17952,art_gallery ,0.016199665
3744,50096,17952,music_studio ,0.014437329
3745,50096,17976,clean_room ,0.4260149
3746,50096,17976,dressing_room ,0.25079998
3747,50096,17976,music_studio ,0.09582606
3748,50096,17976,archive ,0.07787127
3749,50096,17976,museum/indoor ,0.07109686
3750,50096,18000,clean_room ,0.4165479
3751,50096,18000,dressing_room ,0.2316281
3752,50096,18000,music_studio ,0.22871484
3753,50096,18000,museum/indoor ,0.04611198
3754,50096,18000,archive ,0.01308032
3755,50096,18024,dressing_room ,0.47704872
3756,50096,18024,clean_room ,0.44782537
3757,50096,18024,music_studio ,0.026506256
3758,50096,18024,museum/indoor ,0.01271196
3759,50096,18024,operating_room ,0.006691562
3760,50096,18048,dressing_room ,0.35987902
3761,50096,18048,clean_room ,0.29265183
3762,50096,18048,museum/indoor ,0.08424587
3763,50096,18048,music_studio ,0.08424306
3764,50096,18048,archive ,0.07685319
3765,50096,18072,clean_room ,0.5374999
3766,50096,18072,dressing_room ,0.21033065
3767,50096,18072,museum/indoor ,0.12348923
3768,50096,18072,music_studio ,0.060544502
3769,50096,18072,archive ,0.012834769
3770,50096,18096,clean_room ,0.8195784
3771,50096,18096,dressing_room ,0.053572122
3772,50096,18096,museum/indoor ,0.04294087
3773,50096,18096,music_studio ,0.034636922
3774,50096,18096,archive ,0.01423428
3775,50096,18120,clean_room ,0.7846222
3776,50096,18120,museum/indoor ,0.07972621
3777,50096,18120,dressing_room ,0.0559127
3778,50096,18120,archive ,0.023685155
3779,50096,18120,music_studio ,0.023439843
3780,50096,18144,clean_room ,0.91080886
3781,50096,18144,dressing_room ,0.024281772
3782,50096,18144,museum/indoor ,0.018050516
3783,50096,18144,music_studio ,0.011648767
3784,50096,18144,archive ,0.009624408
3785,50096,18168,clean_room ,0.90388393
3786,50096,18168,museum/indoor ,0.02496139
3787,50096,18168,dressing_room ,0.021965144
3788,50096,18168,music_studio ,0.011755972
3789,50096,18168,archive ,0.011290083
3790,50096,18192,clean_room ,0.9563399
3791,50096,18192,dressing_room ,0.011062105
3792,50096,18192,museum/indoor ,0.009676922
3793,50096,18192,operating_room ,0.0058115963
3794,50096,18192,archive ,0.0055924067
3795,50096,18216,clean_room ,0.9276306
3796,50096,18216,dressing_room ,0.023390522
3797,50096,18216,archive ,0.009983554
3798,50096,18216,nursing_home ,0.0078221895
3799,50096,18216,operating_room ,0.007084681
3800,50096,18240,clean_room ,0.62305677
3801,50096,18240,dressing_room ,0.17594732
3802,50096,18240,locker_room ,0.054114588
3803,50096,18240,music_studio ,0.029218309
3804,50096,18240,nursing_home ,0.02085953
3805,50096,18264,clean_room ,0.5376107
3806,50096,18264,dressing_room ,0.21692744
3807,50096,18264,music_studio ,0.046749406
3808,50096,18264,museum/indoor ,0.03546969
3809,50096,18264,archive ,0.034345955
3810,50096,18288,dressing_room ,0.38986197
3811,50096,18288,clean_room ,0.1973683
3812,50096,18288,music_studio ,0.10466228
3813,50096,18288,nursing_home ,0.076134644
3814,50096,18288,museum/indoor ,0.05313154
3815,50096,18312,dressing_room ,0.4038431
3816,50096,18312,museum/indoor ,0.11243349
3817,50096,18312,clean_room ,0.087346695
3818,50096,18312,living_room ,0.044157296
3819,50096,18312,music_studio ,0.028813483
3820,50096,18336,dressing_room ,0.47787356
3821,50096,18336,clean_room ,0.18992117
3822,50096,18336,living_room ,0.059622504
3823,50096,18336,entrance_hall ,0.018047981
3824,50096,18336,clothing_store ,0.014714544
3825,50096,18360,clean_room ,0.6506083
3826,50096,18360,dressing_room ,0.2024259
3827,50096,18360,hospital_room ,0.033971496
3828,50096,18360,museum/indoor ,0.022759972
3829,50096,18360,operating_room ,0.013499429
3830,50096,18384,clean_room ,0.9140844
3831,50096,18384,dressing_room ,0.0386729
3832,50096,18384,clothing_store ,0.010566627
3833,50096,18384,locker_room ,0.007117022
3834,50096,18384,hospital_room ,0.006739199
3835,50096,18408,clean_room ,0.83807266
3836,50096,18408,dressing_room ,0.05532641
3837,50096,18408,hospital_room ,0.038455024
3838,50096,18408,operating_room ,0.009564342
3839,50096,18408,nursing_home ,0.008406931
3840,50096,18432,clean_room ,0.93737227
3841,50096,18432,dressing_room ,0.018004937
3842,50096,18432,museum/indoor ,0.012872002
3843,50096,18432,clothing_store ,0.008412452
3844,50096,18432,archive ,0.0056437883
3845,50096,18456,clean_room ,0.8597783
3846,50096,18456,dressing_room ,0.02970916
3847,50096,18456,archive ,0.025071885
3848,50096,18456,physics_laboratory ,0.014442059
3849,50096,18456,museum/indoor ,0.012939792
3850,50096,18480,clean_room ,0.9247127
3851,50096,18480,museum/indoor ,0.013802087
3852,50096,18480,archive ,0.01051271
3853,50096,18480,operating_room ,0.010146214
3854,50096,18480,physics_laboratory ,0.00912472
3855,50096,18504,highway ,0.084192544
3856,50096,18504,runway ,0.06702861
3857,50096,18504,museum/indoor ,0.053363327
3858,50096,18504,clean_room ,0.04319244
3859,50096,18504,raceway ,0.041450214
3860,50096,18528,highway ,0.05997799
3861,50096,18528,runway ,0.055965994
3862,50096,18528,museum/indoor ,0.054424785
3863,50096,18528,clean_room ,0.052156318
3864,50096,18528,shower ,0.0406428
3865,50096,18552,shower ,0.16120309
3866,50096,18552,museum/indoor ,0.08078712
3867,50096,18552,archive ,0.07067069
3868,50096,18552,art_gallery ,0.0488842
3869,50096,18552,bathroom ,0.041264836
3870,50096,18576,archive ,0.10692772
3871,50096,18576,museum/indoor ,0.10486315
3872,50096,18576,shower ,0.10101864
3873,50096,18576,art_gallery ,0.061476313
3874,50096,18576,classroom ,0.051910378
3875,50096,18600,archive ,0.23496032
3876,50096,18600,clean_room ,0.09285774
3877,50096,18600,hospital_room ,0.08558654
3878,50096,18600,server_room ,0.077165484
3879,50096,18600,library/indoor ,0.025224816
3880,50096,18624,archive ,0.27077484
3881,50096,18624,server_room ,0.116212726
3882,50096,18624,hospital_room ,0.0623486
3883,50096,18624,clean_room ,0.05864954
3884,50096,18624,locker_room ,0.05621313
3885,50096,18648,archive ,0.2836135
3886,50096,18648,server_room ,0.10889735
3887,50096,18648,locker_room ,0.079854436
3888,50096,18648,hospital_room ,0.0632237
3889,50096,18648,clean_room ,0.05048961
3890,50096,18672,archive ,0.2958308
3891,50096,18672,server_room ,0.108731925
3892,50096,18672,locker_room ,0.099265404
3893,50096,18672,hospital_room ,0.049743988
3894,50096,18672,clean_room ,0.043907125
3895,50096,18696,archive ,0.4191085
3896,50096,18696,server_room ,0.092821814
3897,50096,18696,locker_room ,0.052339677
3898,50096,18696,hospital_room ,0.04345636
3899,50096,18696,library/indoor ,0.03551069
3900,50096,18720,archive ,0.25326607
3901,50096,18720,server_room ,0.096179344
3902,50096,18720,hospital_room ,0.08208783
3903,50096,18720,clean_room ,0.06935587
3904,50096,18720,library/indoor ,0.043860953
3905,50096,18744,server_room ,0.22847703
3906,50096,18744,archive ,0.20535113
3907,50096,18744,clean_room ,0.052741934
3908,50096,18744,hospital_room ,0.03237012
3909,50096,18744,bank_vault ,0.032085747
3910,50096,18768,archive ,0.27756312
3911,50096,18768,hospital_room ,0.07159826
3912,50096,18768,classroom ,0.04206743
3913,50096,18768,lecture_room ,0.04035628
3914,50096,18768,server_room ,0.036799237
3915,50096,18792,archive ,0.40851265
3916,50096,18792,library/indoor ,0.087470554
3917,50096,18792,hospital_room ,0.053058054
3918,50096,18792,server_room ,0.03782474
3919,50096,18792,corridor ,0.018214442
3920,50096,18816,archive ,0.41204098
3921,50096,18816,alley ,0.087852575
3922,50096,18816,subway_station/platform ,0.036426023
3923,50096,18816,server_room ,0.032610405
3924,50096,18816,train_station/platform ,0.030044721
3925,50096,18840,discotheque ,0.17474793
3926,50096,18840,stage/indoor ,0.10016289
3927,50096,18840,shower ,0.05429321
3928,50096,18840,classroom ,0.04935012
3929,50096,18840,music_studio ,0.045089208
3930,50096,18864,museum/indoor ,0.10407733
3931,50096,18864,art_gallery ,0.07255797
3932,50096,18864,shower ,0.0691578
3933,50096,18864,archive ,0.05719664
3934,50096,18864,basement ,0.046284456
3935,50096,18888,runway ,0.16537188
3936,50096,18888,raceway ,0.10655433
3937,50096,18888,highway ,0.10125968
3938,50096,18888,landing_deck ,0.049367603
3939,50096,18888,shower ,0.048323743
3940,50096,18912,highway ,0.13522692
3941,50096,18912,runway ,0.13165358
3942,50096,18912,raceway ,0.103364706
3943,50096,18912,railroad_track ,0.04851551
3944,50096,18912,landing_deck ,0.039661758
3945,50096,18936,shower ,0.070818506
3946,50096,18936,runway ,0.06320013
3947,50096,18936,ice_shelf ,0.057339687
3948,50096,18936,clean_room ,0.04450395
3949,50096,18936,highway ,0.027284378
3950,50096,18960,shower ,0.30890673
3951,50096,18960,bathroom ,0.12906213
3952,50096,18960,basement ,0.03358564
3953,50096,18960,parking_garage/indoor ,0.031332903
3954,50096,18960,underwater/ocean_deep ,0.024856722
3955,50096,18984,office_building ,0.14168282
3956,50096,18984,campus ,0.12462269
3957,50096,18984,archive ,0.07031298
3958,50096,18984,hospital ,0.06999609
3959,50096,18984,building_facade ,0.060663424
3960,50096,19008,office_building ,0.1365967
3961,50096,19008,campus ,0.12589511
3962,50096,19008,hospital ,0.09534812
3963,50096,19008,archive ,0.0754542
3964,50096,19008,building_facade ,0.07215215
3965,50096,19032,campus ,0.15761606
3966,50096,19032,office_building ,0.104597665
3967,50096,19032,archive ,0.07344886
3968,50096,19032,hospital ,0.07170887
3969,50096,19032,building_facade ,0.06170788
3970,50096,19056,campus ,0.13178344
3971,50096,19056,archive ,0.1179412
3972,50096,19056,office_building ,0.094593115
3973,50096,19056,hospital ,0.07014646
3974,50096,19056,hospital_room ,0.05419332
3975,50096,19080,archive ,0.13188134
3976,50096,19080,office_building ,0.12575148
3977,50096,19080,campus ,0.09348862
3978,50096,19080,hospital ,0.08022289
3979,50096,19080,building_facade ,0.050308596
3980,50096,19104,archive ,0.30397597
3981,50096,19104,server_room ,0.09506607
3982,50096,19104,office_building ,0.08124716
3983,50096,19104,hospital ,0.038288582
3984,50096,19104,atrium/public ,0.031042734
3985,50096,19128,archive ,0.22683564
3986,50096,19128,server_room ,0.12136804
3987,50096,19128,office_building ,0.107790396
3988,50096,19128,hospital ,0.046530355
3989,50096,19128,building_facade ,0.044383217
3990,50096,19152,archive ,0.26133066
3991,50096,19152,office_building ,0.10741351
3992,50096,19152,server_room ,0.086143196
3993,50096,19152,building_facade ,0.04977184
3994,50096,19152,hospital ,0.039939515
3995,50096,19176,archive ,0.2495098
3996,50096,19176,server_room ,0.11001189
3997,50096,19176,office_building ,0.08969363
3998,50096,19176,building_facade ,0.038951714
3999,50096,19176,bank_vault ,0.03340391
4000,50096,19200,archive ,0.17462587
4001,50096,19200,office_building ,0.09617268
4002,50096,19200,server_room ,0.0961113
4003,50096,19200,building_facade ,0.049946293
4004,50096,19200,apartment_building/outdoor ,0.032379013
4005,50096,19224,archive ,0.14206466
4006,50096,19224,server_room ,0.13520482
4007,50096,19224,shower ,0.09975076
4008,50096,19224,office_building ,0.0747429
4009,50096,19224,bank_vault ,0.0719487
4010,50096,19248,server_room ,0.16910705
4011,50096,19248,office_building ,0.0667981
4012,50096,19248,bank_vault ,0.06411091
4013,50096,19248,alley ,0.04830645
4014,50096,19248,medina ,0.045592915
4015,50096,19272,office_building ,0.116867386
4016,50096,19272,campus ,0.078636564
4017,50096,19272,building_facade ,0.065657645
4018,50096,19272,hospital ,0.046998423
4019,50096,19272,apartment_building/outdoor ,0.042447526
4020,50096,19296,medina ,0.0642261
4021,50096,19296,building_facade ,0.056121558
4022,50096,19296,office_building ,0.052229337
4023,50096,19296,archive ,0.04865133
4024,50096,19296,apartment_building/outdoor ,0.042302947
4025,50096,19320,balcony/interior ,0.054228004
4026,50096,19320,medina ,0.04389803
4027,50096,19320,office_building ,0.035256628
4028,50096,19320,skyscraper ,0.032782514
4029,50096,19320,art_gallery ,0.029826896
4030,50096,19344,server_room ,0.3190295
4031,50096,19344,clean_room ,0.06982721
4032,50096,19344,office ,0.064277425
4033,50096,19344,archive ,0.04245044
4034,50096,19344,reception ,0.028987942
4035,50096,19368,shower ,0.13039479
4036,50096,19368,bathroom ,0.06990962
4037,50096,19368,server_room ,0.06570222
4038,50096,19368,art_gallery ,0.047982603
4039,50096,19368,basement ,0.0459485
4040,50096,19392,server_room ,0.12330305
4041,50096,19392,clean_room ,0.04890702
4042,50096,19392,skyscraper ,0.038821507
4043,50096,19392,shower ,0.03144131
4044,50096,19392,art_gallery ,0.031370506
4045,50096,19416,clean_room ,0.6885298
4046,50096,19416,museum/indoor ,0.068181485
4047,50096,19416,dressing_room ,0.02967286
4048,50096,19416,art_gallery ,0.027592218
4049,50096,19416,artists_loft ,0.020866456
4050,50096,19440,clean_room ,0.50637907
4051,50096,19440,art_gallery ,0.118671335
4052,50096,19440,museum/indoor ,0.0843286
4053,50096,19440,artists_loft ,0.046359286
4054,50096,19440,dressing_room ,0.030064404
4055,50096,19464,clean_room ,0.52829367
4056,50096,19464,museum/indoor ,0.1777259
4057,50096,19464,art_gallery ,0.10404247
4058,50096,19464,artists_loft ,0.04442872
4059,50096,19464,elevator_lobby ,0.022809144
4060,50096,19488,shower ,0.20835067
4061,50096,19488,bank_vault ,0.11328289
4062,50096,19488,bathroom ,0.068469085
4063,50096,19488,parking_lot ,0.06265016
4064,50096,19488,garage/indoor ,0.0443431
4065,50096,19512,shower ,0.2126457
4066,50096,19512,bank_vault ,0.1048303
4067,50096,19512,bathroom ,0.06711327
4068,50096,19512,parking_lot ,0.056170434
4069,50096,19512,garage/indoor ,0.047754314
4070,50096,19536,art_gallery ,0.14081813
4071,50096,19536,office_cubicles ,0.072896555
4072,50096,19536,office ,0.06227118
4073,50096,19536,science_museum ,0.05925928
4074,50096,19536,clean_room ,0.05350491
4075,50096,19560,clean_room ,0.43982026
4076,50096,19560,dressing_room ,0.14277485
4077,50096,19560,shower ,0.11102765
4078,50096,19560,clothing_store ,0.06344998
4079,50096,19560,museum/indoor ,0.020618295
4080,50096,19584,clean_room ,0.3678832
4081,50096,19584,attic ,0.077681705
4082,50096,19584,museum/indoor ,0.067538
4083,50096,19584,art_gallery ,0.036545552
4084,50096,19584,music_studio ,0.033348948
4085,50096,19608,clean_room ,0.54378045
4086,50096,19608,museum/indoor ,0.05166591
4087,50096,19608,clothing_store ,0.037541427
4088,50096,19608,dressing_room ,0.037393942
4089,50096,19608,art_gallery ,0.030327844
4090,50096,19632,clean_room ,0.6890365
4091,50096,19632,museum/indoor ,0.126475
4092,50096,19632,art_gallery ,0.03438691
4093,50096,19632,dressing_room ,0.02411841
4094,50096,19632,clothing_store ,0.023892045
4095,50096,19656,dressing_room ,0.362801
4096,50096,19656,clean_room ,0.20466495
4097,50096,19656,clothing_store ,0.055448707
4098,50096,19656,music_studio ,0.040985327
4099,50096,19656,beauty_salon ,0.03246561
4100,50096,19680,clean_room ,0.69733393
4101,50096,19680,locker_room ,0.09040188
4102,50096,19680,dressing_room ,0.027905462
4103,50096,19680,basement ,0.025554331
4104,50096,19680,operating_room ,0.024308931
4105,50096,19704,alcove ,0.23311973
4106,50096,19704,shower ,0.19169834
4107,50096,19704,closet ,0.1178681
4108,50096,19704,dressing_room ,0.08692346
4109,50096,19704,bow_window/indoor ,0.0554335
4110,50096,19728,shower ,0.6911148
4111,50096,19728,bow_window/indoor ,0.052355956
4112,50096,19728,alcove ,0.05063665
4113,50096,19728,elevator/door ,0.034098897
4114,50096,19728,artists_loft ,0.024421578
4115,50096,19752,shower ,0.4027075
4116,50096,19752,clean_room ,0.090334125
4117,50096,19752,artists_loft ,0.05376596
4118,50096,19752,elevator/door ,0.043189887
4119,50096,19752,tower ,0.035853207
4120,50096,19776,shower ,0.66035074
4121,50096,19776,artists_loft ,0.059456855
4122,50096,19776,clean_room ,0.03651564
4123,50096,19776,alcove ,0.036104348
4124,50096,19776,bow_window/indoor ,0.02279215
4125,50096,19800,shower ,0.24054024
4126,50096,19800,artists_loft ,0.09822796
4127,50096,19800,art_gallery ,0.0794888
4128,50096,19800,clean_room ,0.06971207
4129,50096,19800,bow_window/indoor ,0.062172685
4130,50096,19824,elevator/door ,0.13656919
4131,50096,19824,clean_room ,0.10798496
4132,50096,19824,shower ,0.09936909
4133,50096,19824,bow_window/indoor ,0.07787833
4134,50096,19824,alcove ,0.04330144
4135,50096,19848,shower ,0.16860618
4136,50096,19848,dressing_room ,0.1668859
4137,50096,19848,clean_room ,0.14209828
4138,50096,19848,elevator/door ,0.12058759
4139,50096,19848,bow_window/indoor ,0.039965525
4140,50096,19872,shower ,0.5480075
4141,50096,19872,bow_window/indoor ,0.13447186
4142,50096,19872,alcove ,0.066225015
4143,50096,19872,elevator/door ,0.0653763
4144,50096,19872,closet ,0.0356377
4145,50096,19896,tower ,0.16423571
4146,50096,19896,water_tower ,0.13138868
4147,50096,19896,shower ,0.095560595
4148,50096,19896,museum/indoor ,0.077402756
4149,50096,19896,art_gallery ,0.051396318
4150,50096,19920,museum/indoor ,0.40492237
4151,50096,19920,art_gallery ,0.19876583
4152,50096,19920,science_museum ,0.06606602
4153,50096,19920,natural_history_museum ,0.04653619
4154,50096,19920,sky ,0.017974788
4155,50096,19944,art_gallery ,0.29993135
4156,50096,19944,museum/indoor ,0.29060656
4157,50096,19944,science_museum ,0.051659714
4158,50096,19944,natural_history_museum ,0.03495998
4159,50096,19944,shower ,0.03260935
4160,50096,19968,art_gallery ,0.16991246
4161,50096,19968,museum/indoor ,0.07812593
4162,50096,19968,shower ,0.06082716
4163,50096,19968,archive ,0.054435696
4164,50096,19968,basement ,0.035213817
4165,50096,19992,highway ,0.446608
4166,50096,19992,forest_road ,0.21410531
4167,50096,19992,desert_road ,0.09985873
4168,50096,19992,field_road ,0.061675467
4169,50096,19992,promenade ,0.043172512
4170,50096,20016,parking_garage/indoor ,0.28311944
4171,50096,20016,highway ,0.1067085
4172,50096,20016,corridor ,0.09106499
4173,50096,20016,forest_road ,0.067454964
4174,50096,20016,parking_lot ,0.04059594
4175,50096,20040,highway ,0.31712306
4176,50096,20040,forest_road ,0.2639161
4177,50096,20040,desert_road ,0.053831976
4178,50096,20040,field_road ,0.053061284
4179,50096,20040,parking_garage/indoor ,0.050033443
4180,50096,20064,forest_road ,0.35391554
4181,50096,20064,highway ,0.2777957
4182,50096,20064,field_road ,0.061776545
4183,50096,20064,desert_road ,0.041876733
4184,50096,20064,driveway ,0.024835812
4185,50096,20088,forest_road ,0.25581524
4186,50096,20088,highway ,0.2218527
4187,50096,20088,shower ,0.0541604
4188,50096,20088,desert_road ,0.044981614
4189,50096,20088,field_road ,0.04354193
4190,50096,20112,shower ,0.13078609
4191,50096,20112,ice_shelf ,0.06586439
4192,50096,20112,bathroom ,0.0576492
4193,50096,20112,reception ,0.041562933
4194,50096,20112,jewelry_shop ,0.040476922
4195,50096,20136,shower ,0.21023051
4196,50096,20136,server_room ,0.06694687
4197,50096,20136,bathroom ,0.048864115
4198,50096,20136,forest/broadleaf ,0.048718266
4199,50096,20136,clean_room ,0.040515203
4200,50096,20160,basement ,0.100341074
4201,50096,20160,shower ,0.093668714
4202,50096,20160,server_room ,0.077297434
4203,50096,20160,clean_room ,0.05982826
4204,50096,20160,locker_room ,0.058642548
4205,50096,20184,server_room ,0.06387529
4206,50096,20184,elevator_lobby ,0.06151148
4207,50096,20184,lobby ,0.054050736
4208,50096,20184,basement ,0.048763666
4209,50096,20184,locker_room ,0.04143945
4210,50096,20208,lobby ,0.12456274
4211,50096,20208,basement ,0.075943194
4212,50096,20208,server_room ,0.0501721
4213,50096,20208,shower ,0.04674835
4214,50096,20208,reception ,0.033535104
4215,50096,20232,ice_shelf ,0.25573757
4216,50096,20232,desert/sand ,0.13942918
4217,50096,20232,snowfield ,0.09527696
4218,50096,20232,desert_road ,0.08390499
4219,50096,20232,mountain_snowy ,0.06814936
4220,50096,20256,ice_shelf ,0.2566187
4221,50096,20256,desert_road ,0.09176238
4222,50096,20256,mountain_snowy ,0.08719486
4223,50096,20256,snowfield ,0.07275687
4224,50096,20256,glacier ,0.0651271
4225,50096,20280,ice_shelf ,0.28899926
4226,50096,20280,ice_floe ,0.051985078
4227,50096,20280,mountain_snowy ,0.031706836
4228,50096,20280,iceberg ,0.03152361
4229,50096,20280,ocean ,0.029913232
4230,50096,20304,ice_shelf ,0.22954309
4231,50096,20304,ice_floe ,0.095748454
4232,50096,20304,archive ,0.05939254
4233,50096,20304,iceberg ,0.03198997
4234,50096,20304,art_gallery ,0.022138417
4235,50096,20328,archive ,0.08746476
4236,50096,20328,art_gallery ,0.057896886
4237,50096,20328,ice_shelf ,0.055261694
4238,50096,20328,science_museum ,0.049245615
4239,50096,20328,iceberg ,0.04132967
4240,50096,20352,art_gallery ,0.073808506
4241,50096,20352,archive ,0.07082177
4242,50096,20352,science_museum ,0.050234508
4243,50096,20352,natural_history_museum ,0.045555763
4244,50096,20352,museum/indoor ,0.0437868
4245,50096,20376,archive ,0.11013138
4246,50096,20376,natural_history_museum ,0.08541667
4247,50096,20376,science_museum ,0.076313175
4248,50096,20376,museum/indoor ,0.064830445
4249,50096,20376,art_gallery ,0.049207956
4250,50096,20400,museum/indoor ,0.16589274
4251,50096,20400,natural_history_museum ,0.090075575
4252,50096,20400,science_museum ,0.060597908
4253,50096,20400,archive ,0.059556473
4254,50096,20400,art_gallery ,0.05876508
4255,50096,20424,archive ,0.08294656
4256,50096,20424,museum/indoor ,0.06142918
4257,50096,20424,natural_history_museum ,0.06082548
4258,50096,20424,art_gallery ,0.05059527
4259,50096,20424,science_museum ,0.04846473
4260,50096,20448,natural_history_museum ,0.24716488
4261,50096,20448,museum/indoor ,0.11464916
4262,50096,20448,archive ,0.09979718
4263,50096,20448,science_museum ,0.06520665
4264,50096,20448,art_gallery ,0.05702395
4265,50096,20472,art_gallery ,0.14514165
4266,50096,20472,museum/indoor ,0.12598656
4267,50096,20472,natural_history_museum ,0.121809185
4268,50096,20472,archive ,0.05641563
4269,50096,20472,science_museum ,0.05548373
4270,50096,20496,natural_history_museum ,0.1725198
4271,50096,20496,museum/indoor ,0.14242736
4272,50096,20496,science_museum ,0.095145695
4273,50096,20496,shower ,0.09210546
4274,50096,20496,art_gallery ,0.034611084
4275,50096,20520,rainforest ,0.064309366
4276,50096,20520,botanical_garden ,0.05616932
4277,50096,20520,shower ,0.05295552
4278,50096,20520,tower ,0.043134768
4279,50096,20520,lake/natural ,0.042581253
4280,50096,20544,lake/natural ,0.06272457
4281,50096,20544,shower ,0.058706194
4282,50096,20544,tower ,0.054886423
4283,50096,20544,cemetery ,0.042649895
4284,50096,20544,pond ,0.039563756
4285,50096,20568,tower ,0.07420321
4286,50096,20568,lake/natural ,0.0726321
4287,50096,20568,shower ,0.060547296
4288,50096,20568,lighthouse ,0.048987895
4289,50096,20568,pond ,0.04223389
4290,50096,20592,desert/sand ,0.29265413
4291,50096,20592,ice_shelf ,0.14848083
4292,50096,20592,snowfield ,0.13444756
4293,50096,20592,ski_slope ,0.056261577
4294,50096,20592,desert_road ,0.043089982
4295,50096,20616,ice_shelf ,0.39595628
4296,50096,20616,desert/sand ,0.0982988
4297,50096,20616,snowfield ,0.08990617
4298,50096,20616,mountain_snowy ,0.05702336
4299,50096,20616,glacier ,0.050505638
4300,50096,20640,ice_shelf ,0.4603171
4301,50096,20640,ice_floe ,0.06934025
4302,50096,20640,desert/sand ,0.063852504
4303,50096,20640,ocean ,0.042176563
4304,50096,20640,iceberg ,0.040921327
4305,50096,20664,ice_floe ,0.24281192
4306,50096,20664,iceberg ,0.1038611
4307,50096,20664,ice_shelf ,0.09837654
4308,50096,20664,bathroom ,0.05405684
4309,50096,20664,runway ,0.040817592
4310,50096,20688,runway ,0.3896724
4311,50096,20688,landing_deck ,0.22463685
4312,50096,20688,ice_floe ,0.083243825
4313,50096,20688,aquarium ,0.04768223
4314,50096,20688,airfield ,0.034265086
4315,50096,20712,shower ,0.4528705
4316,50096,20712,bathroom ,0.10300228
4317,50096,20712,museum/indoor ,0.0978003
4318,50096,20712,art_gallery ,0.043612707
4319,50096,20712,clean_room ,0.037686173
4320,50096,20736,runway ,0.29692194
4321,50096,20736,landing_deck ,0.11558839
4322,50096,20736,ice_floe ,0.093977675
4323,50096,20736,bathroom ,0.057356633
4324,50096,20736,shower ,0.045379866
4325,50096,20760,runway ,0.44163036
4326,50096,20760,landing_deck ,0.19919759
4327,50096,20760,ice_floe ,0.0509578
4328,50096,20760,bathroom ,0.03595298
4329,50096,20760,aquarium ,0.02935718
4330,50096,20784,runway ,0.35631794
4331,50096,20784,landing_deck ,0.14323881
4332,50096,20784,ice_floe ,0.12632038
4333,50096,20784,ice_shelf ,0.02602497
4334,50096,20784,ocean ,0.02318626
4335,50096,20808,runway ,0.3115946
4336,50096,20808,landing_deck ,0.18926033
4337,50096,20808,bathroom ,0.0771822
4338,50096,20808,crosswalk ,0.03482802
4339,50096,20808,shower ,0.030191239
4340,50096,20832,ice_shelf ,0.26848844
4341,50096,20832,ice_floe ,0.14766034
4342,50096,20832,landing_deck ,0.10074767
4343,50096,20832,iceberg ,0.08766672
4344,50096,20832,glacier ,0.048146833
4345,50096,20856,natural_history_museum ,0.19967175
4346,50096,20856,shoe_shop ,0.10115591
4347,50096,20856,iceberg ,0.08144195
4348,50096,20856,science_museum ,0.07308727
4349,50096,20856,ice_shelf ,0.058959283
4350,50096,20880,ice_floe ,0.0916659
4351,50096,20880,ice_shelf ,0.06545571
4352,50096,20880,iceberg ,0.048522573
4353,50096,20880,coast ,0.04276342
4354,50096,20880,ocean ,0.038350545
4355,50096,20904,ice_floe ,0.07931627
4356,50096,20904,lighthouse ,0.07062438
4357,50096,20904,shower ,0.05453506
4358,50096,20904,coast ,0.047708705
4359,50096,20904,ocean ,0.044920385
4360,50096,20928,ice_floe ,0.096406564
4361,50096,20928,lighthouse ,0.07403483
4362,50096,20928,ice_shelf ,0.053439785
4363,50096,20928,iceberg ,0.04584148
4364,50096,20928,coast ,0.038482994
4365,50096,20952,lighthouse ,0.10952091
4366,50096,20952,tower ,0.09055792
4367,50096,20952,skyscraper ,0.060656715
4368,50096,20952,coast ,0.056862444
4369,50096,20952,ocean ,0.04889286
4370,50096,20976,tower ,0.216383
4371,50096,20976,skyscraper ,0.14766139
4372,50096,20976,lighthouse ,0.06747645
4373,50096,20976,mosque/outdoor ,0.037181485
4374,50096,20976,office_building ,0.02874593
4375,50096,21000,tower ,0.23939703
4376,50096,21000,skyscraper ,0.22742315
4377,50096,21000,office_building ,0.05683421
4378,50096,21000,hospital ,0.040989447
4379,50096,21000,mosque/outdoor ,0.03989922
4380,50096,21024,tower ,0.2644433
4381,50096,21024,skyscraper ,0.19731297
4382,50096,21024,industrial_area ,0.05239144
4383,50096,21024,office_building ,0.039887253
4384,50096,21024,hospital ,0.031770304
4385,50096,21048,tower ,0.26256433
4386,50096,21048,skyscraper ,0.13376671
4387,50096,21048,lighthouse ,0.072932966
4388,50096,21048,shower ,0.028158765
4389,50096,21048,castle ,0.025801029
4390,50096,21072,skyscraper ,0.09430242
4391,50096,21072,shower ,0.061345294
4392,50096,21072,tower ,0.06107479
4393,50096,21072,beach ,0.04833824
4394,50096,21072,ocean ,0.03842654
4395,50096,21096,museum/indoor ,0.078345746
4396,50096,21096,art_gallery ,0.07255865
4397,50096,21096,skyscraper ,0.06203927
4398,50096,21096,tower ,0.04698734
4399,50096,21096,shower ,0.035457168
4400,50096,21120,museum/indoor ,0.2404779
4401,50096,21120,art_gallery ,0.22339162
4402,50096,21120,archive ,0.08910632
4403,50096,21120,science_museum ,0.045127828
4404,50096,21120,natural_history_museum ,0.038003344
4405,50096,21144,art_gallery ,0.2382514
4406,50096,21144,museum/indoor ,0.15375406
4407,50096,21144,archive ,0.07961122
4408,50096,21144,art_studio ,0.03658763
4409,50096,21144,science_museum ,0.034181423
4410,50096,21168,art_gallery ,0.22960813
4411,50096,21168,museum/indoor ,0.1639654
4412,50096,21168,archive ,0.088403836
4413,50096,21168,art_studio ,0.037989322
4414,50096,21168,dressing_room ,0.03410105
4415,50096,21192,ice_shelf ,0.1243974
4416,50096,21192,lighthouse ,0.1059836
4417,50096,21192,coast ,0.092626356
4418,50096,21192,ocean ,0.0704225
4419,50096,21192,ice_floe ,0.056692295
4420,50096,21216,lighthouse ,0.12621967
4421,50096,21216,coast ,0.089799404
4422,50096,21216,ice_shelf ,0.08463198
4423,50096,21216,ocean ,0.06401326
4424,50096,21216,wave ,0.049032554
4425,50096,21240,coast ,0.11429321
4426,50096,21240,ice_shelf ,0.10761211
4427,50096,21240,wave ,0.094682895
4428,50096,21240,ocean ,0.08939011
4429,50096,21240,lighthouse ,0.06954562
4430,50096,21264,lighthouse ,0.30706614
4431,50096,21264,ice_shelf ,0.10593514
4432,50096,21264,coast ,0.071637616
4433,50096,21264,ocean ,0.04664123
4434,50096,21264,ice_floe ,0.04139011
4435,50096,21288,museum/indoor ,0.24633062
4436,50096,21288,art_gallery ,0.18069975
4437,50096,21288,archive ,0.047568332
4438,50096,21288,science_museum ,0.028945297
4439,50096,21288,art_studio ,0.021897642
4440,50096,21312,wind_farm ,0.06819699
4441,50096,21312,tower ,0.047564577
4442,50096,21312,lighthouse ,0.044593878
4443,50096,21312,ocean ,0.03769325
4444,50096,21312,windmill ,0.03625244
4445,50096,21336,lighthouse ,0.13060062
4446,50096,21336,tower ,0.10600995
4447,50096,21336,wind_farm ,0.09642448
4448,50096,21336,oilrig ,0.039391678
4449,50096,21336,skyscraper ,0.037889402
4450,50096,21360,tower ,0.096864864
4451,50096,21360,lighthouse ,0.07317293
4452,50096,21360,skyscraper ,0.05037509
4453,50096,21360,oilrig ,0.037279986
4454,50096,21360,industrial_area ,0.035231024
4455,50096,21384,lighthouse ,0.26432452
4456,50096,21384,wind_farm ,0.19336005
4457,50096,21384,tower ,0.092575386
4458,50096,21384,oilrig ,0.075021215
4459,50096,21384,windmill ,0.03511099
4460,50096,21408,lighthouse ,0.2914068
4461,50096,21408,tower ,0.13996133
4462,50096,21408,wind_farm ,0.08749515
4463,50096,21408,oilrig ,0.03869671
4464,50096,21408,industrial_area ,0.03271485
4465,50096,21432,lighthouse ,0.3550947
4466,50096,21432,tower ,0.13630149
4467,50096,21432,wind_farm ,0.121392824
4468,50096,21432,oilrig ,0.0368225
4469,50096,21432,windmill ,0.024663435
4470,50096,21456,museum/indoor ,0.24135417
4471,50096,21456,art_gallery ,0.18675466
4472,50096,21456,science_museum ,0.066411145
4473,50096,21456,discotheque ,0.042776745
4474,50096,21456,aquarium ,0.038830858
4475,50096,21480,ice_shelf ,0.11490347
4476,50096,21480,ice_floe ,0.080340534
4477,50096,21480,lake/natural ,0.06143718
4478,50096,21480,mountain_snowy ,0.041962337
4479,50096,21480,iceberg ,0.039921988
4480,50096,21504,tower ,0.073435456
4481,50096,21504,ice_floe ,0.05427905
4482,50096,21504,ice_shelf ,0.043702375
4483,50096,21504,shower ,0.0377095
4484,50096,21504,skyscraper ,0.036859788
4485,50096,21528,tower ,0.19779854
4486,50096,21528,mansion ,0.06097506
4487,50096,21528,lighthouse ,0.060919754
4488,50096,21528,castle ,0.05791912
4489,50096,21528,skyscraper ,0.042026073
4490,50096,21552,ice_shelf ,0.08979597
4491,50096,21552,ice_floe ,0.0701229
4492,50096,21552,lake/natural ,0.04648419
4493,50096,21552,iceberg ,0.043626737
4494,50096,21552,tower ,0.043153062
4495,50096,21576,wheat_field ,0.11155368
4496,50096,21576,field/wild ,0.057947315
4497,50096,21576,museum/indoor ,0.05198715
4498,50096,21576,marsh ,0.033184078
4499,50096,21576,art_gallery ,0.032290086
4500,50096,21600,ice_shelf ,0.15102194
4501,50096,21600,ice_floe ,0.13348162
4502,50096,21600,mountain_snowy ,0.05558156
4503,50096,21600,iceberg ,0.054593235
4504,50096,21600,pond ,0.051310692
4505,50096,21624,iceberg ,0.14372326
4506,50096,21624,ice_shelf ,0.14037524
4507,50096,21624,ice_floe ,0.12325849
4508,50096,21624,museum/indoor ,0.09957104
4509,50096,21624,fountain ,0.07080053
4510,50096,21648,ice_shelf ,0.24188752
4511,50096,21648,ice_floe ,0.19491886
4512,50096,21648,iceberg ,0.10582405
4513,50096,21648,museum/indoor ,0.031055534
4514,50096,21648,lake/natural ,0.027010944
4515,50096,21672,ice_shelf ,0.16712004
4516,50096,21672,ice_floe ,0.13147855
4517,50096,21672,iceberg ,0.07821949
4518,50096,21672,museum/indoor ,0.039374545
4519,50096,21672,lake/natural ,0.035392556
4520,50096,21696,iceberg ,0.13542584
4521,50096,21696,ice_shelf ,0.114425525
4522,50096,21696,ice_floe ,0.11020426
4523,50096,21696,museum/indoor ,0.09021791
4524,50096,21696,hot_spring ,0.040652163
4525,50096,21720,ice_floe ,0.28978136
4526,50096,21720,iceberg ,0.20053014
4527,50096,21720,ice_shelf ,0.13032565
4528,50096,21720,pond ,0.042665493
4529,50096,21720,museum/indoor ,0.039092325
4530,50096,21744,iceberg ,0.15320298
4531,50096,21744,arena/performance ,0.11171539
4532,50096,21744,ice_floe ,0.08846783
4533,50096,21744,ice_shelf ,0.062109552
4534,50096,21744,stage/indoor ,0.050003707
4535,50096,21768,ice_shelf ,0.11143483
4536,50096,21768,art_gallery ,0.054614786
4537,50096,21768,museum/indoor ,0.03738574
4538,50096,21768,ocean ,0.030923229
4539,50096,21768,mountain_snowy ,0.030503986
4540,50096,21792,ice_shelf ,0.07888333
4541,50096,21792,art_gallery ,0.07734382
4542,50096,21792,desert/sand ,0.04499502
4543,50096,21792,museum/indoor ,0.044292197
4544,50096,21792,ocean ,0.040318087
4545,50096,21816,sky ,0.09417423
4546,50096,21816,ocean ,0.054139186
4547,50096,21816,ice_shelf ,0.053244706
4548,50096,21816,desert/sand ,0.0502424
4549,50096,21816,coast ,0.04367313
4550,50096,21840,sky ,0.0644299
4551,50096,21840,lake/natural ,0.05461054
4552,50096,21840,ocean ,0.050078165
4553,50096,21840,coast ,0.048553254
4554,50096,21840,ice_shelf ,0.048429184
4555,50096,21864,sky ,0.055903718
4556,50096,21864,ocean ,0.053792674
4557,50096,21864,coast ,0.05378149
4558,50096,21864,art_gallery ,0.049053017
4559,50096,21864,lake/natural ,0.037763163
4560,50096,21888,iceberg ,0.17265174
4561,50096,21888,ice_floe ,0.15715338
4562,50096,21888,ice_shelf ,0.090390034
4563,50096,21888,pond ,0.06150061
4564,50096,21888,museum/indoor ,0.04627749
4565,50096,21912,ice_floe ,0.1486442
4566,50096,21912,iceberg ,0.122017376
4567,50096,21912,museum/indoor ,0.09533068
4568,50096,21912,ice_shelf ,0.08518824
4569,50096,21912,art_gallery ,0.03897177
4570,50096,21936,ice_floe ,0.1764736
4571,50096,21936,iceberg ,0.12442624
4572,50096,21936,pond ,0.08291785
4573,50096,21936,museum/indoor ,0.066658676
4574,50096,21936,ice_shelf ,0.057829093
4575,50096,21960,museum/indoor ,0.116232686
4576,50096,21960,iceberg ,0.11102541
4577,50096,21960,ice_floe ,0.097465985
4578,50096,21960,stage/indoor ,0.050741557
4579,50096,21960,ice_shelf ,0.038258277
4580,50096,21984,iceberg ,0.18906693
4581,50096,21984,ice_floe ,0.10302592
4582,50096,21984,ice_shelf ,0.086581424
4583,50096,21984,museum/indoor ,0.08641054
4584,50096,21984,stage/indoor ,0.03590386
4585,50096,22008,iceberg ,0.21433061
4586,50096,22008,ice_floe ,0.11325823
4587,50096,22008,museum/indoor ,0.07280977
4588,50096,22008,ice_shelf ,0.07102994
4589,50096,22008,pond ,0.038524676
4590,50096,22032,iceberg ,0.22683343
4591,50096,22032,ice_floe ,0.14291824
4592,50096,22032,fountain ,0.06690654
4593,50096,22032,ice_shelf ,0.059279762
4594,50096,22032,aquarium ,0.050048005
4595,50096,22056,desert/sand ,0.5645334
4596,50096,22056,sky ,0.044165455
4597,50096,22056,beach ,0.034353327
4598,50096,22056,lake/natural ,0.019857943
4599,50096,22056,marsh ,0.018134069
4600,50096,22080,sky ,0.12893496
4601,50096,22080,childs_room ,0.097997755
4602,50096,22080,iceberg ,0.08988475
4603,50096,22080,ice_shelf ,0.07649357
4604,50096,22080,ice_floe ,0.046537034
4605,50096,22104,sky ,0.15471962
4606,50096,22104,jewelry_shop ,0.13683002
4607,50096,22104,fountain ,0.07698512
4608,50096,22104,tower ,0.05466208
4609,50096,22104,shower ,0.04463382
4610,50096,22128,bow_window/indoor ,0.29045022
4611,50096,22128,barndoor ,0.21406981
4612,50096,22128,elevator/door ,0.13496321
4613,50096,22128,balcony/interior ,0.06412437
4614,50096,22128,doorway/outdoor ,0.05754053
4615,50096,22152,bow_window/indoor ,0.32623067
4616,50096,22152,balcony/interior ,0.18129925
4617,50096,22152,elevator/door ,0.1045801
4618,50096,22152,barndoor ,0.08550027
4619,50096,22152,doorway/outdoor ,0.048744537
4620,50096,22176,ice_shelf ,0.24287643
4621,50096,22176,iceberg ,0.08444657
4622,50096,22176,ice_floe ,0.07473601
4623,50096,22176,hot_spring ,0.074486256
4624,50096,22176,coast ,0.040905934
4625,50096,22200,ice_shelf ,0.16511077
4626,50096,22200,hot_spring ,0.106688656
4627,50096,22200,ice_floe ,0.0564513
4628,50096,22200,iceberg ,0.053896803
4629,50096,22200,coast ,0.04428469
4630,50096,22224,hot_spring ,0.073617175
4631,50096,22224,ice_shelf ,0.06207168
4632,50096,22224,shower ,0.05542993
4633,50096,22224,museum/indoor ,0.035926234
4634,50096,22224,art_gallery ,0.032791615
4635,50096,22248,bow_window/indoor ,0.29818684
4636,50096,22248,balcony/interior ,0.1936008
4637,50096,22248,elevator/door ,0.10303828
4638,50096,22248,barndoor ,0.082200296
4639,50096,22248,balcony/exterior ,0.048928924
4640,50096,22272,bow_window/indoor ,0.33253333
4641,50096,22272,balcony/interior ,0.1582124
4642,50096,22272,elevator/door ,0.11343571
4643,50096,22272,barndoor ,0.09622528
4644,50096,22272,doorway/outdoor ,0.050922763
4645,50096,22296,sky ,0.36820924
4646,50096,22296,volcano ,0.06901876
4647,50096,22296,tower ,0.03674407
4648,50096,22296,hot_spring ,0.029800383
4649,50096,22296,water_tower ,0.024644861
4650,50096,22320,sky ,0.43101314
4651,50096,22320,ice_shelf ,0.058199897
4652,50096,22320,volcano ,0.03789513
4653,50096,22320,airfield ,0.037702654
4654,50096,22320,hot_spring ,0.03314091
4655,50096,22344,nursery ,0.2525725
4656,50096,22344,martial_arts_gym ,0.06514467
4657,50096,22344,discotheque ,0.058886323
4658,50096,22344,stage/indoor ,0.054353565
4659,50096,22344,museum/indoor ,0.031419292
4660,50096,22368,nursery ,0.239262
4661,50096,22368,basement ,0.038473736
4662,50096,22368,lecture_room ,0.02284757
4663,50096,22368,attic ,0.022220131
4664,50096,22368,office ,0.02190364
4665,50096,22392,nursery ,0.19221382
4666,50096,22392,discotheque ,0.111020245
4667,50096,22392,stage/indoor ,0.080181986
4668,50096,22392,kindergarden_classroom ,0.04899151
4669,50096,22392,archive ,0.0417508
4670,50096,22416,nursery ,0.18831933
4671,50096,22416,discotheque ,0.11878526
4672,50096,22416,stage/indoor ,0.08913926
4673,50096,22416,museum/indoor ,0.037097607
4674,50096,22416,art_gallery ,0.034720186
4675,50096,22440,stage/indoor ,0.14201564
4676,50096,22440,music_studio ,0.12272709
4677,50096,22440,museum/indoor ,0.09623482
4678,50096,22440,discotheque ,0.06537574
4679,50096,22440,nursery ,0.05263486
4680,50096,22464,ice_shelf ,0.4306725
4681,50096,22464,ice_floe ,0.13199583
4682,50096,22464,iceberg ,0.069730334
4683,50096,22464,mountain_snowy ,0.02236461
4684,50096,22464,pond ,0.020040797
4685,50096,22488,ice_shelf ,0.1675071
4686,50096,22488,ice_floe ,0.09853477
4687,50096,22488,sky ,0.057656948
4688,50096,22488,ocean ,0.033959758
4689,50096,22488,iceberg ,0.030243274
4690,50096,22512,ice_shelf ,0.08390208
4691,50096,22512,pasture ,0.08105055
4692,50096,22512,sky ,0.044122323
4693,50096,22512,field/wild ,0.04310079
4694,50096,22512,tree_farm ,0.0376643
4695,50096,22536,barndoor ,0.0943937
4696,50096,22536,pasture ,0.0940174
4697,50096,22536,sky ,0.05789621
4698,50096,22536,bow_window/indoor ,0.057240143
4699,50096,22536,field/wild ,0.036553282
4700,50096,22560,pasture ,0.07860635
4701,50096,22560,ice_shelf ,0.07472254
4702,50096,22560,field/wild ,0.042840935
4703,50096,22560,sky ,0.03928687
4704,50096,22560,tree_farm ,0.038389605
4705,50096,22584,sky ,0.063147746
4706,50096,22584,art_gallery ,0.05521305
4707,50096,22584,skyscraper ,0.039747458
4708,50096,22584,ice_shelf ,0.03887985
4709,50096,22584,tower ,0.035736773
4710,50096,22608,art_gallery ,0.06127148
4711,50096,22608,shower ,0.045538984
4712,50096,22608,sky ,0.04400735
4713,50096,22608,museum/indoor ,0.043873444
4714,50096,22608,skyscraper ,0.031093324
4715,50096,22632,art_gallery ,0.072192155
4716,50096,22632,ice_shelf ,0.062660374
4717,50096,22632,museum/indoor ,0.06016512
4718,50096,22632,shower ,0.04064688
4719,50096,22632,archive ,0.02633165
4720,50096,22656,ice_shelf ,0.09104343
4721,50096,22656,ocean ,0.054032523
4722,50096,22656,art_gallery ,0.05321157
4723,50096,22656,coast ,0.049966242
4724,50096,22656,wave ,0.04715095
4725,50096,22680,lake/natural ,0.07084499
4726,50096,22680,ice_shelf ,0.05341567
4727,50096,22680,ocean ,0.04871657
4728,50096,22680,hot_spring ,0.0435039
4729,50096,22680,art_gallery ,0.043117803
4730,50096,22704,ice_shelf ,0.08857942
4731,50096,22704,art_gallery ,0.048230942
4732,50096,22704,ocean ,0.03619417
4733,50096,22704,shower ,0.035635997
4734,50096,22704,hot_spring ,0.03317902
4735,50096,22728,wave ,0.20956908
4736,50096,22728,ice_shelf ,0.14608578
4737,50096,22728,ocean ,0.11440922
4738,50096,22728,coast ,0.07815584
4739,50096,22728,lake/natural ,0.03361739
4740,50096,22752,wave ,0.17209028
4741,50096,22752,ice_shelf ,0.08032042
4742,50096,22752,ocean ,0.07862358
4743,50096,22752,coast ,0.054077454
4744,50096,22752,fountain ,0.047939926
4745,50096,22776,fountain ,0.09414014
4746,50096,22776,ice_shelf ,0.05441113
4747,50096,22776,wave ,0.036375932
4748,50096,22776,tower ,0.036131285
4749,50096,22776,skyscraper ,0.028415207
4750,50096,22800,sky ,0.9790476
4751,50096,22800,tower ,0.0022419342
4752,50096,22800,airfield ,0.0013448558
4753,50096,22800,volcano ,0.0010637717
4754,50096,22800,science_museum ,0.00083278574
4755,50096,22824,barndoor ,0.7806004
4756,50096,22824,elevator/door ,0.060986854
4757,50096,22824,doorway/outdoor ,0.028535115
4758,50096,22824,bow_window/indoor ,0.022827655
4759,50096,22824,closet ,0.019810073
4760,50096,22848,ocean ,0.07014186
4761,50096,22848,ice_shelf ,0.058929257
4762,50096,22848,coast ,0.05002206
4763,50096,22848,wave ,0.047243956
4764,50096,22848,museum/indoor ,0.028975897
4765,50096,22872,wave ,0.14232923
4766,50096,22872,ocean ,0.09625501
4767,50096,22872,coast ,0.07127468
4768,50096,22872,ice_shelf ,0.041862626
4769,50096,22872,lighthouse ,0.038796462
4770,50096,22896,wave ,0.08199087
4771,50096,22896,ice_shelf ,0.078131884
4772,50096,22896,ocean ,0.06774224
4773,50096,22896,coast ,0.053736962
4774,50096,22896,tower ,0.030975847
4775,50096,22920,wave ,0.14870761
4776,50096,22920,ocean ,0.115725495
4777,50096,22920,coast ,0.09827098
4778,50096,22920,ice_shelf ,0.054323338
4779,50096,22920,beach ,0.04937529
4780,50096,22944,beach ,0.07607657
4781,50096,22944,shower ,0.07381502
4782,50096,22944,coast ,0.07095845
4783,50096,22944,ocean ,0.065318294
4784,50096,22944,wave ,0.054226346
4785,50096,22968,ocean ,0.081567705
4786,50096,22968,ice_shelf ,0.07852339
4787,50096,22968,beach ,0.07287157
4788,50096,22968,coast ,0.068790436
4789,50096,22968,wave ,0.06604842
4790,50096,22992,ocean ,0.073684566
4791,50096,22992,ice_shelf ,0.07241245
4792,50096,22992,coast ,0.071626924
4793,50096,22992,lake/natural ,0.043607537
4794,50096,22992,art_gallery ,0.043188673
4795,50096,23016,bow_window/indoor ,0.31078008
4796,50096,23016,balcony/interior ,0.18921538
4797,50096,23016,elevator/door ,0.10319966
4798,50096,23016,barndoor ,0.08284754
4799,50096,23016,balcony/exterior ,0.04738803
4800,50096,23040,ice_shelf ,0.057349414
4801,50096,23040,art_gallery ,0.043804966
4802,50096,23040,museum/indoor ,0.036360446
4803,50096,23040,ocean ,0.034335826
4804,50096,23040,ice_floe ,0.033228602
4805,50096,23064,sky ,0.6104648
4806,50096,23064,tower ,0.019637382
4807,50096,23064,mountain ,0.018513914
4808,50096,23064,rainforest ,0.01706083
4809,50096,23064,water_tower ,0.0141850775
4810,50096,23088,barndoor ,0.39377093
4811,50096,23088,elevator/door ,0.2991198
4812,50096,23088,doorway/outdoor ,0.11937545
4813,50096,23088,closet ,0.054077424
4814,50096,23088,elevator_lobby ,0.034559205
4815,50096,23112,shower ,0.1642144
4816,50096,23112,museum/indoor ,0.07427852
4817,50096,23112,underwater/ocean_deep ,0.065142274
4818,50096,23112,art_gallery ,0.0528166
4819,50096,23112,natural_history_museum ,0.05130629
4820,50096,23136,art_gallery ,0.11718998
4821,50096,23136,natural_history_museum ,0.103908814
4822,50096,23136,museum/indoor ,0.074284434
4823,50096,23136,science_museum ,0.05273381
4824,50096,23136,iceberg ,0.04507257
4825,50096,23160,iceberg ,0.19876827
4826,50096,23160,ice_floe ,0.10472174
4827,50096,23160,art_gallery ,0.080005355
4828,50096,23160,ice_shelf ,0.07996783
4829,50096,23160,clean_room ,0.045879677
4830,50096,23184,art_gallery ,0.073755905
4831,50096,23184,museum/indoor ,0.055972803
4832,50096,23184,shower ,0.04337445
4833,50096,23184,discotheque ,0.041447632
4834,50096,23184,archive ,0.041105792
4835,50096,23208,discotheque ,0.21095651
4836,50096,23208,art_gallery ,0.0928079
4837,50096,23208,stage/indoor ,0.059017017
4838,50096,23208,dressing_room ,0.048299063
4839,50096,23208,chemistry_lab ,0.043458026
4840,50096,23232,art_gallery ,0.1096375
4841,50096,23232,discotheque ,0.07134894
4842,50096,23232,basement ,0.068418205
4843,50096,23232,archive ,0.04994175
4844,50096,23232,museum/indoor ,0.045823466
4845,50096,23256,art_gallery ,0.11406704
4846,50096,23256,dressing_room ,0.06560341
4847,50096,23256,chemistry_lab ,0.06323574
4848,50096,23256,basement ,0.05847675
4849,50096,23256,art_studio ,0.05306568
4850,50096,23280,iceberg ,0.11767576
4851,50096,23280,aquarium ,0.09881967
4852,50096,23280,ice_floe ,0.08046067
4853,50096,23280,ice_shelf ,0.066528
4854,50096,23280,pond ,0.063078545
4855,50096,23304,art_gallery ,0.07520521
4856,50096,23304,science_museum ,0.060703117
4857,50096,23304,museum/indoor ,0.049922667
4858,50096,23304,shower ,0.046612438
4859,50096,23304,ice_shelf ,0.037799146
4860,50096,23328,shower ,0.20321892
4861,50096,23328,natural_history_museum ,0.094596006
4862,50096,23328,museum/indoor ,0.055915747
4863,50096,23328,science_museum ,0.0449373
4864,50096,23328,aquarium ,0.041045807
4865,50096,23352,shower ,0.08943852
4866,50096,23352,clean_room ,0.05892242
4867,50096,23352,art_gallery ,0.052984357
4868,50096,23352,ice_floe ,0.046693336
4869,50096,23352,ice_shelf ,0.046210382
4870,50096,23376,bow_window/indoor ,0.34061074
4871,50096,23376,balcony/interior ,0.20062639
4872,50096,23376,elevator/door ,0.094492495
4873,50096,23376,barndoor ,0.07541557
4874,50096,23376,balcony/exterior ,0.047745265
4875,50096,23400,sky ,0.25161687
4876,50096,23400,mountain_snowy ,0.0627965
4877,50096,23400,ice_shelf ,0.052570872
4878,50096,23400,cemetery ,0.051204696
4879,50096,23400,glacier ,0.0325226
4880,50096,23424,sky ,0.79053
4881,50096,23424,rainforest ,0.013498505
4882,50096,23424,pasture ,0.009242592
4883,50096,23424,field/wild ,0.008647253
4884,50096,23424,volcano ,0.00805012
4885,50096,23448,pasture ,0.08735338
4886,50096,23448,barndoor ,0.071917176
4887,50096,23448,yard ,0.046778187
4888,50096,23448,tree_farm ,0.04566774
4889,50096,23448,forest/broadleaf ,0.044827156
4890,50096,23472,sky ,0.8079677
4891,50096,23472,water_tower ,0.021058531
4892,50096,23472,lighthouse ,0.020116078
4893,50096,23472,rainforest ,0.016624644
4894,50096,23472,hot_spring ,0.009107125
4895,50096,23496,sky ,0.84605616
4896,50096,23496,hot_spring ,0.0068183863
4897,50096,23496,rainforest ,0.006201081
4898,50096,23496,water_tower ,0.005606732
4899,50096,23496,wind_farm ,0.0051601636
4900,50096,23520,arena/performance ,0.19280554
4901,50096,23520,stage/indoor ,0.18377887
4902,50096,23520,museum/indoor ,0.11668607
4903,50096,23520,auditorium ,0.041051332
4904,50096,23520,archive ,0.034693845
4905,50096,23544,arena/performance ,0.2582819
4906,50096,23544,stage/indoor ,0.21539684
4907,50096,23544,museum/indoor ,0.062351868
4908,50096,23544,auditorium ,0.046921708
4909,50096,23544,archive ,0.027083034
4910,50096,23568,pond ,0.055903804
4911,50096,23568,fishpond ,0.04999783
4912,50096,23568,aquarium ,0.043600958
4913,50096,23568,underwater/ocean_deep ,0.04284442
4914,50096,23568,lake/natural ,0.04070624
4915,50096,23592,art_gallery ,0.057668187
4916,50096,23592,natural_history_museum ,0.05279275
4917,50096,23592,pond ,0.040913407
4918,50096,23592,fishpond ,0.039805394
4919,50096,23592,aquarium ,0.037769813
4920,50096,23616,natural_history_museum ,0.09034336
4921,50096,23616,art_gallery ,0.06170496
4922,50096,23616,pond ,0.050044354
4923,50096,23616,lake/natural ,0.041031495
4924,50096,23616,underwater/ocean_deep ,0.036796812
4925,50096,23640,natural_history_museum ,0.0657948
4926,50096,23640,pond ,0.057036255
4927,50096,23640,art_gallery ,0.047276553
4928,50096,23640,lake/natural ,0.04332461
4929,50096,23640,aquarium ,0.042965364
4930,50096,23664,natural_history_museum ,0.0498572
4931,50096,23664,aquarium ,0.046033654
4932,50096,23664,art_gallery ,0.040509883
4933,50096,23664,pond ,0.03900744
4934,50096,23664,fishpond ,0.03638646
4935,50096,23688,art_gallery ,0.045088306
4936,50096,23688,server_room ,0.042647865
4937,50096,23688,locker_room ,0.03700636
4938,50096,23688,aquarium ,0.030092329
4939,50096,23688,fishpond ,0.027309667
4940,50096,23712,aquarium ,0.050518356
4941,50096,23712,underwater/ocean_deep ,0.048973784
4942,50096,23712,pond ,0.04737806
4943,50096,23712,lake/natural ,0.03938504
4944,50096,23712,ice_floe ,0.036118686
4945,50096,23736,natural_history_museum ,0.1559669
4946,50096,23736,museum/indoor ,0.0956975
4947,50096,23736,art_gallery ,0.06387812
4948,50096,23736,underwater/ocean_deep ,0.042001087
4949,50096,23736,stage/indoor ,0.041244093
4950,50096,23760,museum/indoor ,0.2963617
4951,50096,23760,stage/indoor ,0.18835354
4952,50096,23760,natural_history_museum ,0.05366934
4953,50096,23760,field/wild ,0.049726404
4954,50096,23760,fountain ,0.042305067
4955,50096,23784,natural_history_museum ,0.06531937
4956,50096,23784,pond ,0.059896734
4957,50096,23784,art_gallery ,0.059194796
4958,50096,23784,aquarium ,0.051844314
4959,50096,23784,underwater/ocean_deep ,0.04993213
4960,50096,23808,natural_history_museum ,0.19132012
4961,50096,23808,museum/indoor ,0.1111361
4962,50096,23808,art_gallery ,0.070185505
4963,50096,23808,science_museum ,0.06390859
4964,50096,23808,aquarium ,0.052484516
4965,50096,23832,archive ,0.08569261
4966,50096,23832,server_room ,0.06957159
4967,50096,23832,hospital ,0.057345673
4968,50096,23832,hospital_room ,0.037696045
4969,50096,23832,nursery ,0.03050632
4970,50096,23856,tower ,0.047473576
4971,50096,23856,hospital ,0.046823937
4972,50096,23856,basement ,0.03714977
4973,50096,23856,server_room ,0.03411646
4974,50096,23856,archive ,0.032031283
4975,50096,23880,downtown ,0.12823738
4976,50096,23880,skyscraper ,0.11417117
4977,50096,23880,castle ,0.08703703
4978,50096,23880,street ,0.06056994
4979,50096,23880,highway ,0.044475872
4980,50096,23904,shower ,0.36993855
4981,50096,23904,bathroom ,0.27839294
4982,50096,23904,alley ,0.03271637
4983,50096,23904,street ,0.025225008
4984,50096,23904,crosswalk ,0.023089549
4985,50096,23928,shower ,0.15359652
4986,50096,23928,bathroom ,0.10865573
4987,50096,23928,server_room ,0.06080488
4988,50096,23928,art_gallery ,0.052750133
4989,50096,23928,elevator/door ,0.04759664
4990,50096,23952,iceberg ,0.06941955
4991,50096,23952,lake/natural ,0.06680538
4992,50096,23952,pond ,0.057402797
4993,50096,23952,shower ,0.050435662
4994,50096,23952,ice_floe ,0.045344938
4995,50096,23976,bank_vault ,0.074712574
4996,50096,23976,jewelry_shop ,0.056661833
4997,50096,23976,art_gallery ,0.05076541
4998,50096,23976,museum/indoor ,0.047365457
4999,50096,23976,ice_shelf ,0.04193228
5000,50096,24000,iceberg ,0.13486294
5001,50096,24000,shower ,0.07651841
5002,50096,24000,ice_shelf ,0.07228685
5003,50096,24000,server_room ,0.065995246
5004,50096,24000,clean_room ,0.058045246
5005,50096,24024,corridor ,0.08063234
5006,50096,24024,server_room ,0.046793714
5007,50096,24024,archive ,0.043235444
5008,50096,24024,art_gallery ,0.04094753
5009,50096,24024,skyscraper ,0.037260436
5010,50096,24048,skyscraper ,0.07435717
5011,50096,24048,shower ,0.04686717
5012,50096,24048,tower ,0.04313121
5013,50096,24048,archive ,0.032360896
5014,50096,24048,server_room ,0.031827126
5015,50096,24072,shower ,0.11218336
5016,50096,24072,tower ,0.057608128
5017,50096,24072,skyscraper ,0.05687125
5018,50096,24072,server_room ,0.026423207
5019,50096,24072,ice_floe ,0.02531244
5020,50096,24096,tower ,0.068932764
5021,50096,24096,skyscraper ,0.046281803
5022,50096,24096,art_gallery ,0.0375634
5023,50096,24096,archive ,0.030672865
5024,50096,24096,shower ,0.027133517
5025,50096,24120,wet_bar ,0.08996888
5026,50096,24120,dining_room ,0.07180915
5027,50096,24120,locker_room ,0.060924344
5028,50096,24120,art_gallery ,0.03732782
5029,50096,24120,closet ,0.029517261
5030,50096,24144,dining_room ,0.59142256
5031,50096,24144,wet_bar ,0.16658151
5032,50096,24144,alcove ,0.016634347
5033,50096,24144,kitchen ,0.016593318
5034,50096,24144,home_office ,0.0149309095
5035,50096,24168,artists_loft ,0.12399736
5036,50096,24168,reception ,0.112033494
5037,50096,24168,art_gallery ,0.11009686
5038,50096,24168,museum/indoor ,0.10617036
5039,50096,24168,office ,0.04742146
5040,50096,24192,elevator_lobby ,0.18510981
5041,50096,24192,elevator/door ,0.16352639
5042,50096,24192,museum/indoor ,0.15673806
5043,50096,24192,art_gallery ,0.09350411
5044,50096,24192,clean_room ,0.06939116
5045,50096,24216,artists_loft ,0.14281586
5046,50096,24216,reception ,0.10555551
5047,50096,24216,elevator_lobby ,0.08216185
5048,50096,24216,office ,0.08214932
5049,50096,24216,dressing_room ,0.072152056
5050,50096,24240,bow_window/indoor ,0.38601467
5051,50096,24240,office ,0.06703925
5052,50096,24240,atrium/public ,0.04076911
5053,50096,24240,lobby ,0.034658454
5054,50096,24240,elevator_lobby ,0.030552115
5055,50096,24264,clean_room ,0.1183904
5056,50096,24264,dining_room ,0.0888343
5057,50096,24264,living_room ,0.046086986
5058,50096,24264,lobby ,0.04459025
5059,50096,24264,bow_window/indoor ,0.043898147
5060,50096,24288,dressing_room ,0.21940753
5061,50096,24288,bathroom ,0.09142595
5062,50096,24288,shower ,0.08885374
5063,50096,24288,museum/indoor ,0.077547364
5064,50096,24288,office ,0.06663703
5065,50096,24312,dressing_room ,0.23032571
5066,50096,24312,clean_room ,0.2240904
5067,50096,24312,shower ,0.07685893
5068,50096,24312,locker_room ,0.054758277
5069,50096,24312,bathroom ,0.053565633
5070,50096,24336,clean_room ,0.28967613
5071,50096,24336,dressing_room ,0.103347905
5072,50096,24336,lobby ,0.07101013
5073,50096,24336,elevator_lobby ,0.06907084
5074,50096,24336,locker_room ,0.04208461
5075,50096,24360,bathroom ,0.1727861
5076,50096,24360,shower ,0.15176289
5077,50096,24360,clean_room ,0.14306244
5078,50096,24360,dressing_room ,0.100963116
5079,50096,24360,locker_room ,0.057417314
5080,50096,24384,dressing_room ,0.17766295
5081,50096,24384,clean_room ,0.13662091
5082,50096,24384,artists_loft ,0.08443872
5083,50096,24384,lobby ,0.07591788
5084,50096,24384,elevator_lobby ,0.06164745
5085,50096,24408,museum/indoor ,0.36480233
5086,50096,24408,clean_room ,0.14080742
5087,50096,24408,dressing_room ,0.111072466
5088,50096,24408,office ,0.04575007
5089,50096,24408,lobby ,0.043763194
5090,50096,24432,museum/indoor ,0.4337151
5091,50096,24432,dressing_room ,0.24725
5092,50096,24432,music_studio ,0.09357446
5093,50096,24432,office ,0.034951553
5094,50096,24432,clean_room ,0.031887397
5095,50096,24456,museum/indoor ,0.43143854
5096,50096,24456,clean_room ,0.12162843
5097,50096,24456,office ,0.07862259
5098,50096,24456,dressing_room ,0.057619575
5099,50096,24456,entrance_hall ,0.057184864
5100,50096,24480,museum/indoor ,0.6586691
5101,50096,24480,office ,0.09593102
5102,50096,24480,music_studio ,0.0612455
5103,50096,24480,clean_room ,0.025501892
5104,50096,24480,entrance_hall ,0.018573945
5105,50096,24504,bow_window/indoor ,0.15878648
5106,50096,24504,dressing_room ,0.14472917
5107,50096,24504,office ,0.14116162
5108,50096,24504,dining_room ,0.102139264
5109,50096,24504,clean_room ,0.076340444
5110,50096,24528,dressing_room ,0.3069432
5111,50096,24528,museum/indoor ,0.108356506
5112,50096,24528,clean_room ,0.09919698
5113,50096,24528,clothing_store ,0.061150357
5114,50096,24528,artists_loft ,0.038745437
5115,50096,24552,dressing_room ,0.3384501
5116,50096,24552,clean_room ,0.114392385
5117,50096,24552,bathroom ,0.06955066
5118,50096,24552,elevator_lobby ,0.06246101
5119,50096,24552,shower ,0.05851296
5120,50096,24576,dressing_room ,0.30202198
5121,50096,24576,clean_room ,0.23805842
5122,50096,24576,museum/indoor ,0.09043739
5123,50096,24576,elevator_lobby ,0.04499391
5124,50096,24576,office ,0.03417607
5125,50096,24600,dressing_room ,0.22978824
5126,50096,24600,clean_room ,0.19132572
5127,50096,24600,museum/indoor ,0.15711977
5128,50096,24600,artists_loft ,0.06431661
5129,50096,24600,elevator_lobby ,0.05587668
5130,50096,24624,museum/indoor ,0.29048333
5131,50096,24624,dressing_room ,0.14876123
5132,50096,24624,artists_loft ,0.09175442
5133,50096,24624,bow_window/indoor ,0.07520253
5134,50096,24624,clean_room ,0.072504126
5135,50096,24648,dressing_room ,0.23593
5136,50096,24648,museum/indoor ,0.13085726
5137,50096,24648,artists_loft ,0.118452616
5138,50096,24648,bow_window/indoor ,0.07178399
5139,50096,24648,dining_room ,0.07130474
5140,50096,24672,dressing_room ,0.2047835
5141,50096,24672,museum/indoor ,0.13502887
5142,50096,24672,conference_room ,0.0852363
5143,50096,24672,artists_loft ,0.081833206
5144,50096,24672,bow_window/indoor ,0.069276735
5145,50096,24696,dressing_room ,0.25827613
5146,50096,24696,museum/indoor ,0.12118753
5147,50096,24696,clean_room ,0.088610865
5148,50096,24696,artists_loft ,0.07823501
5149,50096,24696,bow_window/indoor ,0.06480289
5150,50096,24720,dressing_room ,0.38193503
5151,50096,24720,clean_room ,0.24533194
5152,50096,24720,shower ,0.04654656
5153,50096,24720,locker_room ,0.034321807
5154,50096,24720,museum/indoor ,0.031615745
5155,50096,24744,conference_room ,0.15787998
5156,50096,24744,dining_room ,0.15407935
5157,50096,24744,office ,0.08411044
5158,50096,24744,dressing_room ,0.08001852
5159,50096,24744,clean_room ,0.0706908
5160,50096,24768,dressing_room ,0.27687117
5161,50096,24768,clean_room ,0.08179845
5162,50096,24768,museum/indoor ,0.077197336
5163,50096,24768,bow_window/indoor ,0.06869735
5164,50096,24768,artists_loft ,0.06293487
5165,50096,24792,artists_loft ,0.23646435
5166,50096,24792,clean_room ,0.18799205
5167,50096,24792,corridor ,0.06966371
5168,50096,24792,art_gallery ,0.06436337
5169,50096,24792,dressing_room ,0.058012526
5170,50096,24816,dressing_room ,0.16405885
5171,50096,24816,shower ,0.15239264
5172,50096,24816,clean_room ,0.1096189
5173,50096,24816,locker_room ,0.10919138
5174,50096,24816,closet ,0.066325106
5175,50096,24840,clean_room ,0.17036207
5176,50096,24840,dressing_room ,0.16091162
5177,50096,24840,archive ,0.113372125
5178,50096,24840,dorm_room ,0.10615908
5179,50096,24840,living_room ,0.0825035
5180,50096,24864,living_room ,0.31005844
5181,50096,24864,bow_window/indoor ,0.28869742
5182,50096,24864,dining_room ,0.07669655
5183,50096,24864,office ,0.044204038
5184,50096,24864,home_office ,0.043051023
5185,50096,24888,dressing_room ,0.41726425
5186,50096,24888,bathroom ,0.0596174
5187,50096,24888,clean_room ,0.049176343
5188,50096,24888,locker_room ,0.048586156
5189,50096,24888,shower ,0.048420325
5190,50096,24912,clean_room ,0.82425565
5191,50096,24912,operating_room ,0.041770104
5192,50096,24912,hospital_room ,0.014692627
5193,50096,24912,music_studio ,0.014453236
5194,50096,24912,museum/indoor ,0.014014644
5195,50096,24936,clean_room ,0.4076513
5196,50096,24936,music_studio ,0.25108323
5197,50096,24936,physics_laboratory ,0.07613223
5198,50096,24936,chemistry_lab ,0.035024334
5199,50096,24936,operating_room ,0.023366163
5200,50096,24960,clean_room ,0.39214832
5201,50096,24960,gymnasium/indoor ,0.13504857
5202,50096,24960,music_studio ,0.07595779
5203,50096,24960,museum/indoor ,0.056373663
5204,50096,24960,chemistry_lab ,0.039743282
5205,50096,24984,shower ,0.06862406
5206,50096,24984,airport_terminal ,0.050943792
5207,50096,24984,parking_garage/indoor ,0.05086568
5208,50096,24984,parking_lot ,0.044285454
5209,50096,24984,lobby ,0.04007571
5210,50096,25008,shower ,0.062612094
5211,50096,25008,clean_room ,0.062456142
5212,50096,25008,jewelry_shop ,0.050672118
5213,50096,25008,ice_floe ,0.050605666
5214,50096,25008,ice_shelf ,0.04495425
5215,50096,25032,natural_history_museum ,0.072141655
5216,50096,25032,art_gallery ,0.046173014
5217,50096,25032,museum/indoor ,0.044446815
5218,50096,25032,science_museum ,0.042916417
5219,50096,25032,pond ,0.03968495
5220,50096,25056,pond ,0.11506674
5221,50096,25056,lake/natural ,0.097480245
5222,50096,25056,natural_history_museum ,0.04848414
5223,50096,25056,museum/indoor ,0.04159373
5224,50096,25056,art_gallery ,0.03279511
5225,50096,25080,museum/indoor ,0.4606418
5226,50096,25080,music_studio ,0.16176404
5227,50096,25080,clean_room ,0.11588438
5228,50096,25080,physics_laboratory ,0.078375034
5229,50096,25080,archive ,0.038562812
5230,50096,25104,museum/indoor ,0.40558538
5231,50096,25104,music_studio ,0.16328816
5232,50096,25104,clean_room ,0.12596002
5233,50096,25104,physics_laboratory ,0.0728287
5234,50096,25104,archive ,0.037155215
5235,50096,25128,museum/indoor ,0.44046453
5236,50096,25128,clean_room ,0.14550738
5237,50096,25128,music_studio ,0.11909333
5238,50096,25128,physics_laboratory ,0.08233556
5239,50096,25128,archive ,0.03601176
5240,50096,25152,museum/indoor ,0.37273088
5241,50096,25152,music_studio ,0.15260343
5242,50096,25152,clean_room ,0.0857968
5243,50096,25152,physics_laboratory ,0.07819721
5244,50096,25152,office ,0.056083057
5245,50096,25176,museum/indoor ,0.6251872
5246,50096,25176,music_studio ,0.076817945
5247,50096,25176,clean_room ,0.062117945
5248,50096,25176,physics_laboratory ,0.04040608
5249,50096,25176,office ,0.029498694
5250,50096,25200,museum/indoor ,0.2953409
5251,50096,25200,clean_room ,0.18639515
5252,50096,25200,music_studio ,0.14716764
5253,50096,25200,physics_laboratory ,0.07973417
5254,50096,25200,office ,0.045423236
5255,50096,25224,clean_room ,0.43378755
5256,50096,25224,museum/indoor ,0.2258648
5257,50096,25224,physics_laboratory ,0.047777124
5258,50096,25224,music_studio ,0.0331247
5259,50096,25224,office ,0.027439496
5260,50096,25248,clean_room ,0.3620761
5261,50096,25248,music_studio ,0.123632826
5262,50096,25248,museum/indoor ,0.11358049
5263,50096,25248,physics_laboratory ,0.064770535
5264,50096,25248,office ,0.044685
5265,50096,25272,clean_room ,0.371647
5266,50096,25272,dressing_room ,0.16426405
5267,50096,25272,museum/indoor ,0.06770558
5268,50096,25272,music_studio ,0.054341875
5269,50096,25272,office ,0.04889125
5270,50096,25296,dressing_room ,0.48425266
5271,50096,25296,office ,0.07894742
5272,50096,25296,office_cubicles ,0.0661304
5273,50096,25296,elevator_lobby ,0.048017953
5274,50096,25296,art_gallery ,0.038596302
5275,50096,25320,dressing_room ,0.3987197
5276,50096,25320,office ,0.0662669
5277,50096,25320,elevator/door ,0.062156096
5278,50096,25320,archive ,0.058854803
5279,50096,25320,elevator_lobby ,0.058001563
5280,50096,25344,archive ,0.19173679
5281,50096,25344,elevator/door ,0.15441698
5282,50096,25344,elevator_lobby ,0.12169924
5283,50096,25344,dressing_room ,0.08628489
5284,50096,25344,office ,0.068528004
5285,50096,25368,archive ,0.21136214
5286,50096,25368,elevator/door ,0.17521884
5287,50096,25368,elevator_lobby ,0.12656602
5288,50096,25368,office ,0.08163218
5289,50096,25368,locker_room ,0.056463487
5290,50096,25392,archive ,0.23436333
5291,50096,25392,elevator/door ,0.14460327
5292,50096,25392,locker_room ,0.12015835
5293,50096,25392,dressing_room ,0.113246545
5294,50096,25392,elevator_lobby ,0.090004094
5295,50096,25416,archive ,0.23644722
5296,50096,25416,elevator/door ,0.17700769
5297,50096,25416,elevator_lobby ,0.109524466
5298,50096,25416,dressing_room ,0.07572952
5299,50096,25416,office ,0.061774127
5300,50096,25440,music_studio ,0.28614452
5301,50096,25440,museum/indoor ,0.25753486
5302,50096,25440,clean_room ,0.23969956
5303,50096,25440,television_studio ,0.028405758
5304,50096,25440,physics_laboratory ,0.025580853
5305,50096,25464,music_studio ,0.43434346
5306,50096,25464,museum/indoor ,0.17314282
5307,50096,25464,clean_room ,0.15955853
5308,50096,25464,television_studio ,0.044454075
5309,50096,25464,office ,0.028920226
5310,50096,25488,music_studio ,0.36545017
5311,50096,25488,museum/indoor ,0.33742833
5312,50096,25488,clean_room ,0.100332834
5313,50096,25488,television_studio ,0.043841243
5314,50096,25488,archive ,0.020171076
5315,50096,25512,museum/indoor ,0.47946525
5316,50096,25512,music_studio ,0.21646939
5317,50096,25512,clean_room ,0.13070004
5318,50096,25512,television_studio ,0.027551482
5319,50096,25512,archive ,0.024512416
5320,50096,25536,music_studio ,0.3507324
5321,50096,25536,museum/indoor ,0.32576045
5322,50096,25536,clean_room ,0.1201098
5323,50096,25536,archive ,0.03537262
5324,50096,25536,television_studio ,0.03442953
5325,50096,25560,music_studio ,0.46697363
5326,50096,25560,museum/indoor ,0.21261457
5327,50096,25560,clean_room ,0.079339154
5328,50096,25560,television_studio ,0.050859496
5329,50096,25560,archive ,0.036280144
5330,50096,25584,music_studio ,0.7035022
5331,50096,25584,clean_room ,0.104834266
5332,50096,25584,museum/indoor ,0.039036833
5333,50096,25584,television_studio ,0.03426234
5334,50096,25584,stage/indoor ,0.019939242
5335,50096,25608,clean_room ,0.5440818
5336,50096,25608,art_gallery ,0.084874205
5337,50096,25608,shower ,0.057739597
5338,50096,25608,museum/indoor ,0.048523966
5339,50096,25608,dressing_room ,0.039869927
5340,50096,25632,locker_room ,0.2562921
5341,50096,25632,clean_room ,0.20246726
5342,50096,25632,dressing_room ,0.1694561
5343,50096,25632,archive ,0.073576905
5344,50096,25632,bathroom ,0.0505114
5345,50096,25656,clean_room ,0.2669322
5346,50096,25656,locker_room ,0.13944793
5347,50096,25656,dressing_room ,0.12058181
5348,50096,25656,shower ,0.10637725
5349,50096,25656,bathroom ,0.078125454
5350,50096,25680,clean_room ,0.6600778
5351,50096,25680,shower ,0.070240624
5352,50096,25680,dressing_room ,0.059261236
5353,50096,25680,operating_room ,0.045780346
5354,50096,25680,bathroom ,0.026402632
5355,50096,25704,archive ,0.21070904
5356,50096,25704,elevator/door ,0.18292268
5357,50096,25704,elevator_lobby ,0.09847341
5358,50096,25704,locker_room ,0.09363756
5359,50096,25704,dressing_room ,0.08718941
5360,50096,25728,archive ,0.2637569
5361,50096,25728,elevator/door ,0.14956796
5362,50096,25728,elevator_lobby ,0.09601158
5363,50096,25728,locker_room ,0.07459522
5364,50096,25728,dressing_room ,0.07345288
5365,50096,25752,archive ,0.22693726
5366,50096,25752,elevator/door ,0.13977946
5367,50096,25752,dressing_room ,0.10988955
5368,50096,25752,elevator_lobby ,0.10802124
5369,50096,25752,office ,0.0748223
5370,50096,25776,clean_room ,0.5732391
5371,50096,25776,museum/indoor ,0.12130258
5372,50096,25776,art_gallery ,0.056812678
5373,50096,25776,shower ,0.040900618
5374,50096,25776,dressing_room ,0.037344858
5375,50096,25800,clean_room ,0.31555945
5376,50096,25800,dressing_room ,0.25577506
5377,50096,25800,shower ,0.09860857
5378,50096,25800,locker_room ,0.07814906
5379,50096,25800,bathroom ,0.06444995
5380,50096,25824,clean_room ,0.42968303
5381,50096,25824,dressing_room ,0.22208185
5382,50096,25824,shower ,0.06491278
5383,50096,25824,art_gallery ,0.056345485
5384,50096,25824,museum/indoor ,0.0504848
5385,50096,25848,clean_room ,0.5690893
5386,50096,25848,dressing_room ,0.120678976
5387,50096,25848,museum/indoor ,0.09998678
5388,50096,25848,art_gallery ,0.04691388
5389,50096,25848,locker_room ,0.031341996
5390,50096,25872,archive ,0.2920247
5391,50096,25872,elevator/door ,0.11747397
5392,50096,25872,dressing_room ,0.10512478
5393,50096,25872,office ,0.081222974
5394,50096,25872,locker_room ,0.0809541
5395,50096,25896,archive ,0.19344045
5396,50096,25896,elevator/door ,0.17548789
5397,50096,25896,elevator_lobby ,0.09955401
5398,50096,25896,dressing_room ,0.096032225
5399,50096,25896,office ,0.09553758
5400,50096,25920,archive ,0.342606
5401,50096,25920,dressing_room ,0.11041999
5402,50096,25920,locker_room ,0.07468292
5403,50096,25920,elevator/door ,0.070318505
5404,50096,25920,office ,0.048417836
5405,50096,25944,archive ,0.25307435
5406,50096,25944,office ,0.10310751
5407,50096,25944,elevator/door ,0.09770881
5408,50096,25944,dressing_room ,0.07504748
5409,50096,25944,elevator_lobby ,0.071264505
5410,50096,25968,archive ,0.21317178
5411,50096,25968,dressing_room ,0.1236092
5412,50096,25968,elevator/door ,0.12187075
5413,50096,25968,office ,0.11904283
5414,50096,25968,elevator_lobby ,0.075486526
5415,50096,25992,archive ,0.21813105
5416,50096,25992,office ,0.17693165
5417,50096,25992,elevator/door ,0.1279995
5418,50096,25992,elevator_lobby ,0.08385779
5419,50096,25992,office_cubicles ,0.053323485
5420,50096,26016,clean_room ,0.54762006
5421,50096,26016,dressing_room ,0.103086285
5422,50096,26016,shower ,0.08240353
5423,50096,26016,locker_room ,0.055346705
5424,50096,26016,museum/indoor ,0.049040124
5425,50096,26040,clean_room ,0.5837252
5426,50096,26040,shower ,0.08856288
5427,50096,26040,dressing_room ,0.08453189
5428,50096,26040,museum/indoor ,0.044614173
5429,50096,26040,locker_room ,0.039279014
5430,50096,26064,clean_room ,0.7174361
5431,50096,26064,dressing_room ,0.061959937
5432,50096,26064,museum/indoor ,0.03950801
5433,50096,26064,operating_room ,0.03360723
5434,50096,26064,shower ,0.029394208
5435,50096,26088,dressing_room ,0.2958149
5436,50096,26088,clean_room ,0.28002304
5437,50096,26088,locker_room ,0.13478799
5438,50096,26088,museum/indoor ,0.06721565
5439,50096,26088,archive ,0.058734655
5440,50096,26112,clean_room ,0.5170886
5441,50096,26112,dressing_room ,0.12928645
5442,50096,26112,museum/indoor ,0.09670428
5443,50096,26112,shower ,0.051912755
5444,50096,26112,operating_room ,0.034047194
5445,50096,26136,archive ,0.32894084
5446,50096,26136,dressing_room ,0.16403627
5447,50096,26136,locker_room ,0.098884135
5448,50096,26136,elevator/door ,0.069850445
5449,50096,26136,office ,0.06895567
5450,50096,26160,archive ,0.2709367
5451,50096,26160,dressing_room ,0.13026442
5452,50096,26160,elevator/door ,0.096199825
5453,50096,26160,office ,0.08947991
5454,50096,26160,locker_room ,0.08272161
5455,50096,26184,archive ,0.24626687
5456,50096,26184,elevator/door ,0.12370292
5457,50096,26184,office ,0.109830454
5458,50096,26184,dressing_room ,0.08143767
5459,50096,26184,elevator_lobby ,0.077447936
5460,50096,26208,archive ,0.25496385
5461,50096,26208,office ,0.13215698
5462,50096,26208,dressing_room ,0.10849757
5463,50096,26208,elevator/door ,0.10332297
5464,50096,26208,elevator_lobby ,0.061865468
5465,50096,26232,clean_room ,0.5574186
5466,50096,26232,dressing_room ,0.14188689
5467,50096,26232,museum/indoor ,0.05918636
5468,50096,26232,shower ,0.041545425
5469,50096,26232,operating_room ,0.02979539
5470,50096,26256,clean_room ,0.4897788
5471,50096,26256,dressing_room ,0.27152258
5472,50096,26256,shower ,0.038565144
5473,50096,26256,museum/indoor ,0.037827343
5474,50096,26256,locker_room ,0.034023948
5475,50096,26280,clean_room ,0.45502314
5476,50096,26280,dressing_room ,0.23431252
5477,50096,26280,museum/indoor ,0.060225062
5478,50096,26280,locker_room ,0.052185252
5479,50096,26280,shower ,0.033296153
5480,50096,26304,clean_room ,0.58775544
5481,50096,26304,dressing_room ,0.18915047
5482,50096,26304,museum/indoor ,0.051791407
5483,50096,26304,art_gallery ,0.02694411
5484,50096,26304,locker_room ,0.026491012
5485,50096,26328,clean_room ,0.6335667
5486,50096,26328,dressing_room ,0.157288
5487,50096,26328,museum/indoor ,0.04079182
5488,50096,26328,locker_room ,0.032459978
5489,50096,26328,art_gallery ,0.021705339
5490,50096,26352,clean_room ,0.42383584
5491,50096,26352,dressing_room ,0.20846784
5492,50096,26352,museum/indoor ,0.09149246
5493,50096,26352,art_gallery ,0.058873273
5494,50096,26352,locker_room ,0.043395735
5495,50096,26376,clean_room ,0.38017404
5496,50096,26376,dressing_room ,0.20008676
5497,50096,26376,museum/indoor ,0.14903797
5498,50096,26376,art_gallery ,0.05328342
5499,50096,26376,locker_room ,0.03674307
5500,50096,26400,archive ,0.27546528
5501,50096,26400,office ,0.13841532
5502,50096,26400,elevator/door ,0.120799966
5503,50096,26400,elevator_lobby ,0.0822427
5504,50096,26400,dressing_room ,0.0659336
5505,50096,26424,archive ,0.1510085
5506,50096,26424,office ,0.11656042
5507,50096,26424,dressing_room ,0.1137228
5508,50096,26424,elevator/door ,0.10406175
5509,50096,26424,art_gallery ,0.0838162
5510,50096,26448,clean_room ,0.49441057
5511,50096,26448,museum/indoor ,0.15311204
5512,50096,26448,art_gallery ,0.093915515
5513,50096,26448,locker_room ,0.05172943
5514,50096,26448,dressing_room ,0.048137184
5515,50096,26472,clean_room ,0.4657673
5516,50096,26472,museum/indoor ,0.2554444
5517,50096,26472,art_gallery ,0.10172367
5518,50096,26472,locker_room ,0.027175752
5519,50096,26472,science_museum ,0.021560244
5520,50096,26496,clean_room ,0.35934302
5521,50096,26496,museum/indoor ,0.18430024
5522,50096,26496,dressing_room ,0.060745694
5523,50096,26496,science_museum ,0.046216592
5524,50096,26496,operating_room ,0.045242358
5525,50096,26520,clean_room ,0.36430964
5526,50096,26520,archive ,0.25351956
5527,50096,26520,dressing_room ,0.05790634
5528,50096,26520,museum/indoor ,0.048702963
5529,50096,26520,music_studio ,0.039596077
5530,50096,26544,clean_room ,0.28821054
5531,50096,26544,music_studio ,0.22181521
5532,50096,26544,archive ,0.13713278
5533,50096,26544,office ,0.08367679
5534,50096,26544,museum/indoor ,0.0589767
5535,50096,26568,clean_room ,0.732926
5536,50096,26568,dressing_room ,0.111110836
5537,50096,26568,music_studio ,0.041893158
5538,50096,26568,chemistry_lab ,0.02419026
5539,50096,26568,physics_laboratory ,0.019637344
5540,50096,26592,clean_room ,0.25910842
5541,50096,26592,music_studio ,0.23024534
5542,50096,26592,dressing_room ,0.14107215
5543,50096,26592,chemistry_lab ,0.056179903
5544,50096,26592,office ,0.044493824
5545,50096,26616,clean_room ,0.54605806
5546,50096,26616,dressing_room ,0.20258152
5547,50096,26616,beauty_salon ,0.028652787
5548,50096,26616,chemistry_lab ,0.022466164
5549,50096,26616,biology_laboratory ,0.018394675
5550,50096,26640,clean_room ,0.47983688
5551,50096,26640,dressing_room ,0.18738641
5552,50096,26640,music_studio ,0.039111506
5553,50096,26640,dining_room ,0.03370513
5554,50096,26640,office ,0.020429146
5555,50096,26664,entrance_hall ,0.18430914
5556,50096,26664,staircase ,0.16367395
5557,50096,26664,mezzanine ,0.14301717
5558,50096,26664,lobby ,0.090035826
5559,50096,26664,reception ,0.066283874
5560,50096,26688,attic ,0.24612871
5561,50096,26688,staircase ,0.1422016
5562,50096,26688,entrance_hall ,0.11561284
5563,50096,26688,mezzanine ,0.11075063
5564,50096,26688,bedroom ,0.08997782
5565,50096,26712,bedroom ,0.23130482
5566,50096,26712,attic ,0.180697
5567,50096,26712,entrance_hall ,0.12589264
5568,50096,26712,bedchamber ,0.07341439
5569,50096,26712,childs_room ,0.052963242
5570,50096,26736,entrance_hall ,0.2009806
5571,50096,26736,bedroom ,0.17322141
5572,50096,26736,attic ,0.10953438
5573,50096,26736,reception ,0.064693
5574,50096,26736,corridor ,0.058393218
5575,50096,26760,entrance_hall ,0.48325706
5576,50096,26760,attic ,0.10093832
5577,50096,26760,staircase ,0.083074264
5578,50096,26760,mezzanine ,0.07806904
5579,50096,26760,bedroom ,0.055593297
5580,50096,26784,entrance_hall ,0.4237661
5581,50096,26784,mezzanine ,0.12630734
5582,50096,26784,attic ,0.11252043
5583,50096,26784,staircase ,0.10868538
5584,50096,26784,bedroom ,0.03986487
5585,50096,26808,entrance_hall ,0.54342055
5586,50096,26808,staircase ,0.13640118
5587,50096,26808,mezzanine ,0.10661561
5588,50096,26808,attic ,0.08177231
5589,50096,26808,bedroom ,0.019692399
5590,50096,26832,entrance_hall ,0.4925712
5591,50096,26832,staircase ,0.13536075
5592,50096,26832,attic ,0.11876129
5593,50096,26832,mezzanine ,0.090825625
5594,50096,26832,bedroom ,0.030241802
5595,50096,26856,entrance_hall ,0.3370418
5596,50096,26856,attic ,0.12710904
5597,50096,26856,bedroom ,0.097057484
5598,50096,26856,staircase ,0.09165882
5599,50096,26856,corridor ,0.062255614
5600,50096,26880,entrance_hall ,0.2713048
5601,50096,26880,bedroom ,0.15579128
5602,50096,26880,attic ,0.14664115
5603,50096,26880,staircase ,0.06555459
5604,50096,26880,mezzanine ,0.055535268
5605,50096,26904,entrance_hall ,0.34326553
5606,50096,26904,reception ,0.1477702
5607,50096,26904,corridor ,0.06261479
5608,50096,26904,bedroom ,0.06060407
5609,50096,26904,mezzanine ,0.048460092
5610,50096,26928,entrance_hall ,0.2636722
5611,50096,26928,reception ,0.24126425
5612,50096,26928,staircase ,0.06222429
5613,50096,26928,lobby ,0.058827724
5614,50096,26928,bedroom ,0.04861062
5615,50096,26952,entrance_hall ,0.32585222
5616,50096,26952,staircase ,0.109918036
5617,50096,26952,attic ,0.10464264
5618,50096,26952,mezzanine ,0.1036518
5619,50096,26952,bedroom ,0.086304374
5620,50096,26976,entrance_hall ,0.3058217
5621,50096,26976,mezzanine ,0.116277024
5622,50096,26976,staircase ,0.10394415
5623,50096,26976,attic ,0.08817522
5624,50096,26976,bedroom ,0.06945019
5625,50096,27000,corridor ,0.16245343
5626,50096,27000,reception ,0.1567596
5627,50096,27000,entrance_hall ,0.1562599
5628,50096,27000,lobby ,0.08031635
5629,50096,27000,art_gallery ,0.07920459
5630,50096,27024,dressing_room ,0.4458536
5631,50096,27024,art_gallery ,0.09630488
5632,50096,27024,museum/indoor ,0.04663604
5633,50096,27024,music_studio ,0.03278747
5634,50096,27024,locker_room ,0.027393164
5635,50096,27048,dressing_room ,0.81684476
5636,50096,27048,discotheque ,0.034191355
5637,50096,27048,music_studio ,0.017667284
5638,50096,27048,boxing_ring ,0.011720897
5639,50096,27048,locker_room ,0.00922639
5640,50096,27072,dressing_room ,0.28612614
5641,50096,27072,museum/indoor ,0.17087977
5642,50096,27072,staircase ,0.10705658
5643,50096,27072,art_gallery ,0.062374726
5644,50096,27072,clean_room ,0.05840934
5645,50096,27096,music_studio ,0.3267882
5646,50096,27096,dressing_room ,0.19698687
5647,50096,27096,museum/indoor ,0.11426762
5648,50096,27096,art_gallery ,0.052420504
5649,50096,27096,clean_room ,0.05046316
5650,50096,27120,music_studio ,0.6292459
5651,50096,27120,dressing_room ,0.07863312
5652,50096,27120,television_studio ,0.06601528
5653,50096,27120,stage/indoor ,0.036298867
5654,50096,27120,staircase ,0.031287313
5655,50096,27144,music_studio ,0.42777824
5656,50096,27144,television_studio ,0.15813825
5657,50096,27144,archive ,0.06852779
5658,50096,27144,dressing_room ,0.06379012
5659,50096,27144,staircase ,0.03386899
5660,50096,27168,music_studio ,0.3442118
5661,50096,27168,television_studio ,0.13002904
5662,50096,27168,dressing_room ,0.095621
5663,50096,27168,archive ,0.07434921
5664,50096,27168,museum/indoor ,0.045130055
5665,50096,27192,music_studio ,0.35022578
5666,50096,27192,television_studio ,0.21003377
5667,50096,27192,art_gallery ,0.06374084
5668,50096,27192,dressing_room ,0.050453316
5669,50096,27192,art_studio ,0.045363206
5670,50096,27216,music_studio ,0.41243127
5671,50096,27216,television_studio ,0.16446032
5672,50096,27216,dressing_room ,0.07668243
5673,50096,27216,archive ,0.058765143
5674,50096,27216,art_gallery ,0.046121687
5675,50096,27240,music_studio ,0.34961852
5676,50096,27240,television_studio ,0.1225791
5677,50096,27240,dressing_room ,0.10237501
5678,50096,27240,archive ,0.06418371
5679,50096,27240,art_gallery ,0.058626775
5680,50096,27264,music_studio ,0.30989164
5681,50096,27264,dressing_room ,0.11463006
5682,50096,27264,television_studio ,0.11321411
5683,50096,27264,archive ,0.06444129
5684,50096,27264,art_gallery ,0.05539277
5685,50096,27288,music_studio ,0.4399225
5686,50096,27288,television_studio ,0.14110659
5687,50096,27288,dressing_room ,0.08039681
5688,50096,27288,archive ,0.054759186
5689,50096,27288,staircase ,0.038797893
5690,50096,27312,music_studio ,0.30067167
5691,50096,27312,dressing_room ,0.17986348
5692,50096,27312,archive ,0.11590333
5693,50096,27312,television_studio ,0.0910866
5694,50096,27312,office_cubicles ,0.029163726
5695,50096,27336,staircase ,0.6578646
5696,50096,27336,corridor ,0.071355924
5697,50096,27336,entrance_hall ,0.061063122
5698,50096,27336,mezzanine ,0.05687848
5699,50096,27336,basement ,0.020851832
5700,50096,27360,staircase ,0.6842727
5701,50096,27360,archive ,0.052489404
5702,50096,27360,mezzanine ,0.0364427
5703,50096,27360,entrance_hall ,0.03360794
5704,50096,27360,corridor ,0.029666273
5705,50096,27384,staircase ,0.4240538
5706,50096,27384,corridor ,0.1357467
5707,50096,27384,archive ,0.08978104
5708,50096,27384,mezzanine ,0.044862576
5709,50096,27384,entrance_hall ,0.025193622
5710,50096,27408,staircase ,0.6678419
5711,50096,27408,archive ,0.076365024
5712,50096,27408,corridor ,0.06260474
5713,50096,27408,mezzanine ,0.036154184
5714,50096,27408,entrance_hall ,0.031574216
5715,50096,27432,staircase ,0.4892682
5716,50096,27432,archive ,0.14760628
5717,50096,27432,corridor ,0.052832827
5718,50096,27432,mezzanine ,0.041786395
5719,50096,27432,museum/indoor ,0.029374154
5720,50096,27456,staircase ,0.5075075
5721,50096,27456,archive ,0.17882016
5722,50096,27456,corridor ,0.06268791
5723,50096,27456,mezzanine ,0.037939012
5724,50096,27456,entrance_hall ,0.021622296
5725,50096,27480,staircase ,0.5896446
5726,50096,27480,archive ,0.12436726
5727,50096,27480,corridor ,0.08791717
5728,50096,27480,mezzanine ,0.045974217
5729,50096,27480,entrance_hall ,0.021404896
5730,50096,27504,staircase ,0.5288086
5731,50096,27504,archive ,0.19193354
5732,50096,27504,corridor ,0.068876006
5733,50096,27504,mezzanine ,0.043389164
5734,50096,27504,entrance_hall ,0.01574709
5735,50096,27528,staircase ,0.5453682
5736,50096,27528,archive ,0.16185708
5737,50096,27528,corridor ,0.07354899
5738,50096,27528,mezzanine ,0.05503896
5739,50096,27528,entrance_hall ,0.020238396
5740,50096,27552,staircase ,0.5014721
5741,50096,27552,archive ,0.19433051
5742,50096,27552,mezzanine ,0.058432247
5743,50096,27552,corridor ,0.05386692
5744,50096,27552,entrance_hall ,0.02422925
5745,50096,27576,staircase ,0.46825966
5746,50096,27576,archive ,0.1999139
5747,50096,27576,corridor ,0.051664542
5748,50096,27576,museum/indoor ,0.048423983
5749,50096,27576,art_gallery ,0.03410245
5750,50096,27600,staircase ,0.631164
5751,50096,27600,archive ,0.13882338
5752,50096,27600,corridor ,0.06658474
5753,50096,27600,entrance_hall ,0.030791366
5754,50096,27600,mezzanine ,0.02044946
5755,50096,27624,staircase ,0.4663695
5756,50096,27624,archive ,0.18934883
5757,50096,27624,museum/indoor ,0.038414847
5758,50096,27624,office ,0.030126143
5759,50096,27624,corridor ,0.028752446
5760,50096,27648,staircase ,0.53676945
5761,50096,27648,archive ,0.1785026
5762,50096,27648,corridor ,0.050941985
5763,50096,27648,mezzanine ,0.026014898
5764,50096,27648,museum/indoor ,0.022160744
5765,50096,27672,staircase ,0.47015142
5766,50096,27672,archive ,0.16381806
5767,50096,27672,music_studio ,0.029661907
5768,50096,27672,corridor ,0.029612303
5769,50096,27672,museum/indoor ,0.02826852
5770,50096,27696,staircase ,0.4447586
5771,50096,27696,archive ,0.1218756
5772,50096,27696,corridor ,0.06233725
5773,50096,27696,music_studio ,0.05026944
5774,50096,27696,entrance_hall ,0.03283522
5775,50096,27720,staircase ,0.61011225
5776,50096,27720,archive ,0.13679753
5777,50096,27720,corridor ,0.049021024
5778,50096,27720,mezzanine ,0.030954802
5779,50096,27720,entrance_hall ,0.030469747
5780,50096,27744,staircase ,0.37208155
5781,50096,27744,archive ,0.13501781
5782,50096,27744,corridor ,0.11463918
5783,50096,27744,office ,0.046676353
5784,50096,27744,music_studio ,0.040321235
5785,50096,27768,staircase ,0.73244655
5786,50096,27768,archive ,0.033230055
5787,50096,27768,music_studio ,0.026803013
5788,50096,27768,entrance_hall ,0.024884546
5789,50096,27768,corridor ,0.024581712
5790,50096,27792,staircase ,0.6591803
5791,50096,27792,music_studio ,0.06969562
5792,50096,27792,archive ,0.044371545
5793,50096,27792,reception ,0.028403882
5794,50096,27792,television_studio ,0.021143211
5795,50096,27816,staircase ,0.5429108
5796,50096,27816,music_studio ,0.11641824
5797,50096,27816,archive ,0.04734591
5798,50096,27816,reception ,0.039412092
5799,50096,27816,television_studio ,0.033689927
5800,50096,27840,staircase ,0.43118572
5801,50096,27840,music_studio ,0.2896324
5802,50096,27840,television_studio ,0.057027105
5803,50096,27840,archive ,0.035616446
5804,50096,27840,basement ,0.031226441
5805,50096,27864,staircase ,0.61260945
5806,50096,27864,music_studio ,0.06816723
5807,50096,27864,reception ,0.04142769
5808,50096,27864,archive ,0.033729397
5809,50096,27864,entrance_hall ,0.026259813
5810,50096,27888,staircase ,0.5781842
5811,50096,27888,music_studio ,0.15720372
5812,50096,27888,archive ,0.035359517
5813,50096,27888,television_studio ,0.033365652
5814,50096,27888,basement ,0.030453363
5815,50096,27912,staircase ,0.38594517
5816,50096,27912,music_studio ,0.2911287
5817,50096,27912,television_studio ,0.07140125
5818,50096,27912,archive ,0.033447772
5819,50096,27912,basement ,0.032197405
5820,50096,27936,staircase ,0.792224
5821,50096,27936,music_studio ,0.053687207
5822,50096,27936,basement ,0.030638572
5823,50096,27936,entrance_hall ,0.024486909
5824,50096,27936,mezzanine ,0.0151915345
5825,50096,27960,staircase ,0.80721724
5826,50096,27960,music_studio ,0.043133385
5827,50096,27960,basement ,0.0272166
5828,50096,27960,entrance_hall ,0.023490228
5829,50096,27960,archive ,0.01351641
5830,50096,27984,staircase ,0.7386158
5831,50096,27984,music_studio ,0.05901456
5832,50096,27984,archive ,0.025086556
5833,50096,27984,basement ,0.025006216
5834,50096,27984,entrance_hall ,0.021067107
5835,50096,28008,staircase ,0.6598265
5836,50096,28008,music_studio ,0.083760984
5837,50096,28008,archive ,0.027914708
5838,50096,28008,basement ,0.026316425
5839,50096,28008,television_studio ,0.025948387
5840,50096,28032,staircase ,0.5127552
5841,50096,28032,music_studio ,0.18265894
5842,50096,28032,television_studio ,0.050394442
5843,50096,28032,archive ,0.047992475
5844,50096,28032,basement ,0.025447976
5845,50096,28056,staircase ,0.5426478
5846,50096,28056,music_studio ,0.18872662
5847,50096,28056,television_studio ,0.054289494
5848,50096,28056,archive ,0.042838
5849,50096,28056,basement ,0.0279376
5850,50096,28080,staircase ,0.3600207
5851,50096,28080,music_studio ,0.24595568
5852,50096,28080,television_studio ,0.080983065
5853,50096,28080,archive ,0.078588925
5854,50096,28080,reception ,0.02998855
5855,50096,28104,staircase ,0.5918464
5856,50096,28104,music_studio ,0.1600701
5857,50096,28104,television_studio ,0.03775279
5858,50096,28104,archive ,0.035793766
5859,50096,28104,basement ,0.023030022
5860,50096,28128,staircase ,0.70210576
5861,50096,28128,music_studio ,0.06729171
5862,50096,28128,archive ,0.03738749
5863,50096,28128,basement ,0.02532591
5864,50096,28128,entrance_hall ,0.02428437
5865,50096,28152,staircase ,0.6177411
5866,50096,28152,music_studio ,0.117982544
5867,50096,28152,archive ,0.04550463
5868,50096,28152,television_studio ,0.029220525
5869,50096,28152,basement ,0.02692581
5870,50096,28176,staircase ,0.56715477
5871,50096,28176,music_studio ,0.16892749
5872,50096,28176,archive ,0.04836887
5873,50096,28176,television_studio ,0.036344472
5874,50096,28176,basement ,0.029344225
5875,50096,28200,staircase ,0.5872704
5876,50096,28200,music_studio ,0.1658383
5877,50096,28200,archive ,0.04353018
5878,50096,28200,television_studio ,0.03118498
5879,50096,28200,basement ,0.027057003
5880,50096,28224,staircase ,0.54967386
5881,50096,28224,music_studio ,0.14300439
5882,50096,28224,archive ,0.04970412
5883,50096,28224,television_studio ,0.03576221
5884,50096,28224,basement ,0.03096851
5885,50096,28248,staircase ,0.46791437
5886,50096,28248,music_studio ,0.2551132
5887,50096,28248,television_studio ,0.055567026
5888,50096,28248,archive ,0.03706875
5889,50096,28248,basement ,0.034825128
5890,50096,28272,staircase ,0.6224172
5891,50096,28272,music_studio ,0.12982827
5892,50096,28272,archive ,0.034344483
5893,50096,28272,television_studio ,0.032688364
5894,50096,28272,entrance_hall ,0.023598522
5895,50096,28296,staircase ,0.5297827
5896,50096,28296,music_studio ,0.14921889
5897,50096,28296,archive ,0.04793837
5898,50096,28296,television_studio ,0.036788203
5899,50096,28296,basement ,0.027960403
5900,50096,28320,staircase ,0.5662398
5901,50096,28320,music_studio ,0.14440167
5902,50096,28320,archive ,0.04303391
5903,50096,28320,basement ,0.03415579
5904,50096,28320,television_studio ,0.032860212
5905,50096,28344,staircase ,0.63272923
5906,50096,28344,music_studio ,0.079946995
5907,50096,28344,archive ,0.056543227
5908,50096,28344,corridor ,0.021598144
5909,50096,28344,entrance_hall ,0.021387823
5910,50096,28368,staircase ,0.5000142
5911,50096,28368,archive ,0.09638683
5912,50096,28368,museum/indoor ,0.08034994
5913,50096,28368,music_studio ,0.04218349
5914,50096,28368,art_gallery ,0.041314047
5915,50096,28392,staircase ,0.6737618
5916,50096,28392,mezzanine ,0.082811505
5917,50096,28392,corridor ,0.039287716
5918,50096,28392,archive ,0.035118796
5919,50096,28392,entrance_hall ,0.032250907
5920,50096,28416,staircase ,0.34119922
5921,50096,28416,mezzanine ,0.21935411
5922,50096,28416,corridor ,0.16565141
5923,50096,28416,reception ,0.073294915
5924,50096,28416,entrance_hall ,0.07117869
5925,50096,28440,office ,0.30110595
5926,50096,28440,office_cubicles ,0.09026194
5927,50096,28440,archive ,0.07933327
5928,50096,28440,clean_room ,0.05658622
5929,50096,28440,server_room ,0.037123173
5930,50096,28464,office ,0.3358958
5931,50096,28464,office_cubicles ,0.09791985
5932,50096,28464,archive ,0.07267291
5933,50096,28464,server_room ,0.048131537
5934,50096,28464,clean_room ,0.047698457
5935,50096,28488,office ,0.2634211
5936,50096,28488,archive ,0.10756183
5937,50096,28488,clean_room ,0.09111324
5938,50096,28488,office_cubicles ,0.06724695
5939,50096,28488,physics_laboratory ,0.03829771
5940,50096,28512,archive ,0.25554952
5941,50096,28512,clean_room ,0.124695525
5942,50096,28512,office ,0.09715711
5943,50096,28512,physics_laboratory ,0.08753155
5944,50096,28512,chemistry_lab ,0.048536602
5945,50096,28536,archive ,0.25661823
5946,50096,28536,clean_room ,0.17116743
5947,50096,28536,office ,0.097211525
5948,50096,28536,physics_laboratory ,0.07709626
5949,50096,28536,lecture_room ,0.073398
5950,50096,28560,archive ,0.46409103
5951,50096,28560,clean_room ,0.19402675
5952,50096,28560,physics_laboratory ,0.07904772
5953,50096,28560,museum/indoor ,0.039042514
5954,50096,28560,office ,0.028799623
5955,50096,28584,clean_room ,0.5898622
5956,50096,28584,archive ,0.09396868
5957,50096,28584,museum/indoor ,0.09314623
5958,50096,28584,physics_laboratory ,0.029592423
5959,50096,28584,art_gallery ,0.025454829
5960,50096,28608,clean_room ,0.20560971
5961,50096,28608,music_studio ,0.17662854
5962,50096,28608,physics_laboratory ,0.13329075
5963,50096,28608,operating_room ,0.078173384
5964,50096,28608,chemistry_lab ,0.07665538
5965,50096,28632,museum/indoor ,0.15433072
5966,50096,28632,physics_laboratory ,0.12676583
5967,50096,28632,music_studio ,0.123316064
5968,50096,28632,office ,0.092933506
5969,50096,28632,archive ,0.082947366
5970,50096,28656,museum/indoor ,0.20243245
5971,50096,28656,clean_room ,0.1769742
5972,50096,28656,archive ,0.11330399
5973,50096,28656,physics_laboratory ,0.060896005
5974,50096,28656,chemistry_lab ,0.049400166
5975,50096,28680,archive ,0.19516866
5976,50096,28680,clean_room ,0.15793441
5977,50096,28680,museum/indoor ,0.13158603
5978,50096,28680,music_studio ,0.12724732
5979,50096,28680,physics_laboratory ,0.083200425
5980,50096,28704,music_studio ,0.32546085
5981,50096,28704,clean_room ,0.20056416
5982,50096,28704,archive ,0.11229652
5983,50096,28704,stage/indoor ,0.08785176
5984,50096,28704,chemistry_lab ,0.032537285
5985,50096,28728,archive ,0.2684783
5986,50096,28728,clean_room ,0.25619918
5987,50096,28728,museum/indoor ,0.06499059
5988,50096,28728,music_studio ,0.058659986
5989,50096,28728,physics_laboratory ,0.036609855
5990,50096,28752,archive ,0.22410072
5991,50096,28752,music_studio ,0.19614775
5992,50096,28752,physics_laboratory ,0.095159
5993,50096,28752,television_studio ,0.078340404
5994,50096,28752,stage/indoor ,0.0626422
5995,50096,28776,archive ,0.27408126
5996,50096,28776,chemistry_lab ,0.1295161
5997,50096,28776,physics_laboratory ,0.09307748
5998,50096,28776,music_studio ,0.061550923
5999,50096,28776,clean_room ,0.057791527
6000,50096,28800,archive ,0.31393903
6001,50096,28800,physics_laboratory ,0.104600295
6002,50096,28800,music_studio ,0.07786574
6003,50096,28800,chemistry_lab ,0.07460902
6004,50096,28800,clean_room ,0.04840877
6005,50096,28824,archive ,0.29987526
6006,50096,28824,physics_laboratory ,0.0749917
6007,50096,28824,lecture_room ,0.074504815
6008,50096,28824,television_studio ,0.061550688
6009,50096,28824,conference_center ,0.057434417
6010,50096,28848,archive ,0.24864368
6011,50096,28848,physics_laboratory ,0.13286008
6012,50096,28848,music_studio ,0.067207366
6013,50096,28848,museum/indoor ,0.06653482
6014,50096,28848,clean_room ,0.056866515
6015,50096,28872,archive ,0.25587752
6016,50096,28872,physics_laboratory ,0.09668019
6017,50096,28872,music_studio ,0.061491273
6018,50096,28872,conference_center ,0.06080772
6019,50096,28872,television_studio ,0.056359608
6020,50096,28896,archive ,0.27517477
6021,50096,28896,physics_laboratory ,0.09304493
6022,50096,28896,music_studio ,0.07285279
6023,50096,28896,museum/indoor ,0.057746585
6024,50096,28896,television_studio ,0.056153134
6025,50096,28920,archive ,0.48908585
6026,50096,28920,lecture_room ,0.06776211
6027,50096,28920,clean_room ,0.06260435
6028,50096,28920,physics_laboratory ,0.06080097
6029,50096,28920,office ,0.053133097
6030,50096,28944,archive ,0.2857423
6031,50096,28944,clean_room ,0.15656236
6032,50096,28944,lecture_room ,0.08651738
6033,50096,28944,physics_laboratory ,0.060904168
6034,50096,28944,music_studio ,0.052458182
6035,50096,28968,archive ,0.39194524
6036,50096,28968,clean_room ,0.112963475
6037,50096,28968,lecture_room ,0.08906011
6038,50096,28968,music_studio ,0.05010224
6039,50096,28968,physics_laboratory ,0.043172177
6040,50096,28992,museum/indoor ,0.8982533
6041,50096,28992,dressing_room ,0.028948255
6042,50096,28992,art_gallery ,0.017465465
6043,50096,28992,science_museum ,0.014508034
6044,50096,28992,archive ,0.0068305335
6045,50096,29016,museum/indoor ,0.8568504
6046,50096,29016,dressing_room ,0.07382247
6047,50096,29016,art_gallery ,0.014136157
6048,50096,29016,science_museum ,0.011994683
6049,50096,29016,clean_room ,0.0062092794
6050,50096,29040,museum/indoor ,0.8517997
6051,50096,29040,dressing_room ,0.057290543
6052,50096,29040,art_gallery ,0.023165094
6053,50096,29040,science_museum ,0.011343673
6054,50096,29040,clean_room ,0.009661124
6055,50096,29064,museum/indoor ,0.85382146
6056,50096,29064,dressing_room ,0.04851744
6057,50096,29064,clean_room ,0.016688626
6058,50096,29064,art_gallery ,0.015897116
6059,50096,29064,science_museum ,0.011155627
6060,50096,29088,museum/indoor ,0.92654026
6061,50096,29088,dressing_room ,0.02029974
6062,50096,29088,art_gallery ,0.014262478
6063,50096,29088,science_museum ,0.00877608
6064,50096,29088,archive ,0.005390023
6065,50096,29112,museum/indoor ,0.92771983
6066,50096,29112,dressing_room ,0.01989646
6067,50096,29112,art_gallery ,0.01524219
6068,50096,29112,science_museum ,0.0074501666
6069,50096,29112,clean_room ,0.005891493
6070,50096,29136,museum/indoor ,0.72067016
6071,50096,29136,dressing_room ,0.09653409
6072,50096,29136,clean_room ,0.088655986
6073,50096,29136,art_gallery ,0.024711395
6074,50096,29136,science_museum ,0.014270766
6075,50096,29160,clean_room ,0.47428098
6076,50096,29160,museum/indoor ,0.20375551
6077,50096,29160,science_museum ,0.050213963
6078,50096,29160,martial_arts_gym ,0.04393315
6079,50096,29160,dressing_room ,0.034403637
6080,50096,29184,clean_room ,0.31989294
6081,50096,29184,museum/indoor ,0.27749982
6082,50096,29184,science_museum ,0.06340538
6083,50096,29184,dressing_room ,0.053296603
6084,50096,29184,art_gallery ,0.04274629
6085,50096,29208,clean_room ,0.34106278
6086,50096,29208,museum/indoor ,0.31492564
6087,50096,29208,science_museum ,0.057230543
6088,50096,29208,art_gallery ,0.040516715
6089,50096,29208,martial_arts_gym ,0.04009149
6090,50096,29232,clean_room ,0.35653663
6091,50096,29232,museum/indoor ,0.26358196
6092,50096,29232,martial_arts_gym ,0.09377095
6093,50096,29232,science_museum ,0.052959077
6094,50096,29232,operating_room ,0.0341083
6095,50096,29256,clean_room ,0.33158875
6096,50096,29256,museum/indoor ,0.32233623
6097,50096,29256,science_museum ,0.060002122
6098,50096,29256,martial_arts_gym ,0.05170334
6099,50096,29256,operating_room ,0.034269575
6100,50096,29280,museum/indoor ,0.36030996
6101,50096,29280,clean_room ,0.24685338
6102,50096,29280,science_museum ,0.078762256
6103,50096,29280,natural_history_museum ,0.044170078
6104,50096,29280,art_gallery ,0.04268538
6105,50096,29304,museum/indoor ,0.26013184
6106,50096,29304,dressing_room ,0.1365007
6107,50096,29304,clean_room ,0.13205603
6108,50096,29304,martial_arts_gym ,0.08129194
6109,50096,29304,science_museum ,0.060834035
6110,50096,29328,museum/indoor ,0.25489494
6111,50096,29328,clean_room ,0.14535636
6112,50096,29328,martial_arts_gym ,0.10440326
6113,50096,29328,dressing_room ,0.080318004
6114,50096,29328,science_museum ,0.061453115
6115,50096,29352,museum/indoor ,0.30524367
6116,50096,29352,clean_room ,0.14071664
6117,50096,29352,martial_arts_gym ,0.08207561
6118,50096,29352,dressing_room ,0.064079426
6119,50096,29352,science_museum ,0.061287057
6120,50096,29376,museum/indoor ,0.3130084
6121,50096,29376,martial_arts_gym ,0.07965899
6122,50096,29376,discotheque ,0.06974497
6123,50096,29376,science_museum ,0.06560424
6124,50096,29376,dressing_room ,0.05206118
6125,50096,29400,museum/indoor ,0.45894787
6126,50096,29400,clean_room ,0.15134884
6127,50096,29400,martial_arts_gym ,0.05540502
6128,50096,29400,science_museum ,0.054797094
6129,50096,29400,dressing_room ,0.04461399
6130,50096,29424,museum/indoor ,0.4608009
6131,50096,29424,science_museum ,0.07685062
6132,50096,29424,clean_room ,0.075742945
6133,50096,29424,martial_arts_gym ,0.062292475
6134,50096,29424,dressing_room ,0.044331525
6135,50096,29448,museum/indoor ,0.43222246
6136,50096,29448,science_museum ,0.08331592
6137,50096,29448,dressing_room ,0.058512054
6138,50096,29448,martial_arts_gym ,0.054044425
6139,50096,29448,clean_room ,0.0455462
6140,50096,29472,museum/indoor ,0.37238723
6141,50096,29472,martial_arts_gym ,0.09637078
6142,50096,29472,science_museum ,0.06713727
6143,50096,29472,clean_room ,0.066495955
6144,50096,29472,dressing_room ,0.05621019
6145,50096,29496,museum/indoor ,0.44646963
6146,50096,29496,clean_room ,0.07419827
6147,50096,29496,science_museum ,0.06345147
6148,50096,29496,dressing_room ,0.04907537
6149,50096,29496,martial_arts_gym ,0.045795508
6150,50096,29520,museum/indoor ,0.46299836
6151,50096,29520,science_museum ,0.07612154
6152,50096,29520,clean_room ,0.061589602
6153,50096,29520,martial_arts_gym ,0.046861038
6154,50096,29520,art_gallery ,0.041346364
6155,50096,29544,museum/indoor ,0.4187113
6156,50096,29544,clean_room ,0.09324612
6157,50096,29544,science_museum ,0.06961511
6158,50096,29544,martial_arts_gym ,0.063620076
6159,50096,29544,dressing_room ,0.054274976
6160,50096,29568,museum/indoor ,0.25198567
6161,50096,29568,dressing_room ,0.099572435
6162,50096,29568,discotheque ,0.06948241
6163,50096,29568,martial_arts_gym ,0.069341145
6164,50096,29568,science_museum ,0.06423116
6165,50096,29592,museum/indoor ,0.29810768
6166,50096,29592,martial_arts_gym ,0.12978539
6167,50096,29592,clean_room ,0.08914708
6168,50096,29592,science_museum ,0.06469116
6169,50096,29592,dressing_room ,0.05130917
6170,50096,29616,museum/indoor ,0.3281852
6171,50096,29616,dressing_room ,0.09163158
6172,50096,29616,science_museum ,0.07623802
6173,50096,29616,martial_arts_gym ,0.057994097
6174,50096,29616,boxing_ring ,0.047105927
6175,50096,29640,museum/indoor ,0.32010967
6176,50096,29640,clean_room ,0.08519455
6177,50096,29640,martial_arts_gym ,0.07412568
6178,50096,29640,science_museum ,0.07146257
6179,50096,29640,dressing_room ,0.06703013
6180,50096,29664,museum/indoor ,0.7462606
6181,50096,29664,clean_room ,0.11283549
6182,50096,29664,dressing_room ,0.048358627
6183,50096,29664,art_gallery ,0.03458693
6184,50096,29664,science_museum ,0.018214876
6185,50096,29688,museum/indoor ,0.75752956
6186,50096,29688,clean_room ,0.12167492
6187,50096,29688,dressing_room ,0.040722966
6188,50096,29688,art_gallery ,0.0263087
6189,50096,29688,science_museum ,0.019328203
6190,50096,29712,museum/indoor ,0.8976105
6191,50096,29712,clean_room ,0.028882878
6192,50096,29712,art_gallery ,0.028098268
6193,50096,29712,science_museum ,0.016786497
6194,50096,29712,dressing_room ,0.016224928
6195,50096,29736,museum/indoor ,0.8583498
6196,50096,29736,science_museum ,0.03977582
6197,50096,29736,clean_room ,0.03557177
6198,50096,29736,art_gallery ,0.03220708
6199,50096,29736,television_studio ,0.005525552
6200,50096,29760,museum/indoor ,0.764974
6201,50096,29760,clean_room ,0.08437024
6202,50096,29760,dressing_room ,0.038428806
6203,50096,29760,art_gallery ,0.03570404
6204,50096,29760,science_museum ,0.025727179
6205,50096,29784,museum/indoor ,0.6908664
6206,50096,29784,clean_room ,0.111110836
6207,50096,29784,dressing_room ,0.077751085
6208,50096,29784,art_gallery ,0.031649526
6209,50096,29784,science_museum ,0.022441098
6210,50096,29808,museum/indoor ,0.26564246
6211,50096,29808,clean_room ,0.11394199
6212,50096,29808,martial_arts_gym ,0.08540309
6213,50096,29808,dressing_room ,0.07477325
6214,50096,29808,science_museum ,0.065181255
6215,50096,29832,museum/indoor ,0.3527842
6216,50096,29832,dressing_room ,0.10627649
6217,50096,29832,clean_room ,0.10270807
6218,50096,29832,science_museum ,0.05641608
6219,50096,29832,martial_arts_gym ,0.048885338
6220,50096,29856,museum/indoor ,0.25749516
6221,50096,29856,martial_arts_gym ,0.11981799
6222,50096,29856,clean_room ,0.09180139
6223,50096,29856,dressing_room ,0.08635324
6224,50096,29856,science_museum ,0.06932034
6225,50096,29880,museum/indoor ,0.32699117
6226,50096,29880,dressing_room ,0.085908756
6227,50096,29880,martial_arts_gym ,0.08436841
6228,50096,29880,science_museum ,0.07187079
6229,50096,29880,clean_room ,0.07159062
6230,50096,29904,museum/indoor ,0.23102924
6231,50096,29904,dressing_room ,0.14164557
6232,50096,29904,martial_arts_gym ,0.1213767
6233,50096,29904,clean_room ,0.081935644
6234,50096,29904,science_museum ,0.050843935
6235,50096,29928,museum/indoor ,0.40945628
6236,50096,29928,clean_room ,0.19119221
6237,50096,29928,dressing_room ,0.06540772
6238,50096,29928,science_museum ,0.0519723
6239,50096,29928,martial_arts_gym ,0.044949178
6240,50096,29952,museum/indoor ,0.4335662
6241,50096,29952,clean_room ,0.14306839
6242,50096,29952,science_museum ,0.06486391
6243,50096,29952,dressing_room ,0.06378866
6244,50096,29952,martial_arts_gym ,0.049923703
6245,50096,29976,museum/indoor ,0.4411803
6246,50096,29976,dressing_room ,0.07793716
6247,50096,29976,clean_room ,0.07792431
6248,50096,29976,science_museum ,0.06716173
6249,50096,29976,art_gallery ,0.052933175
6250,50096,30000,museum/indoor ,0.32974353
6251,50096,30000,clean_room ,0.1447571
6252,50096,30000,martial_arts_gym ,0.12955089
6253,50096,30000,science_museum ,0.07125939
6254,50096,30000,dressing_room ,0.052908935
6255,50096,30024,museum/indoor ,0.44934645
6256,50096,30024,clean_room ,0.083538465
6257,50096,30024,science_museum ,0.078471765
6258,50096,30024,dressing_room ,0.06779366
6259,50096,30024,art_gallery ,0.052327834
6260,50096,30048,museum/indoor ,0.4378628
6261,50096,30048,science_museum ,0.0877785
6262,50096,30048,martial_arts_gym ,0.0676017
6263,50096,30048,clean_room ,0.06474356
6264,50096,30048,dressing_room ,0.050740298
6265,50096,30072,archive ,0.17122543
6266,50096,30072,museum/indoor ,0.12821208
6267,50096,30072,lecture_room ,0.10804785
6268,50096,30072,clean_room ,0.07520965
6269,50096,30072,conference_center ,0.054346662
6270,50096,30096,museum/indoor ,0.46175855
6271,50096,30096,archive ,0.17691909
6272,50096,30096,locker_room ,0.046992898
6273,50096,30096,bank_vault ,0.021885952
6274,50096,30096,art_gallery ,0.021666937
6275,50096,30120,clean_room ,0.36308292
6276,50096,30120,archive ,0.1102162
6277,50096,30120,chemistry_lab ,0.10715616
6278,50096,30120,physics_laboratory ,0.07140083
6279,50096,30120,museum/indoor ,0.0407584
6280,50096,30144,museum/indoor ,0.2959054
6281,50096,30144,archive ,0.29189318
6282,50096,30144,clean_room ,0.11523463
6283,50096,30144,art_gallery ,0.032909166
6284,50096,30144,office ,0.02752181
6285,50096,30168,museum/indoor ,0.4181784
6286,50096,30168,archive ,0.31053686
6287,50096,30168,science_museum ,0.030257808
6288,50096,30168,clean_room ,0.028184086
6289,50096,30168,art_gallery ,0.02707502
6290,50096,30192,museum/indoor ,0.47626567
6291,50096,30192,archive ,0.17139792
6292,50096,30192,music_studio ,0.0926309
6293,50096,30192,science_museum ,0.032766506
6294,50096,30192,natural_history_museum ,0.030498022
6295,50096,30216,museum/indoor ,0.5320714
6296,50096,30216,archive ,0.1632773
6297,50096,30216,music_studio ,0.07538781
6298,50096,30216,art_gallery ,0.033478994
6299,50096,30216,natural_history_museum ,0.028185738
6300,50096,30240,museum/indoor ,0.5374524
6301,50096,30240,archive ,0.16255331
6302,50096,30240,music_studio ,0.05921549
6303,50096,30240,art_gallery ,0.03472581
6304,50096,30240,physics_laboratory ,0.025379503
6305,50096,30264,museum/indoor ,0.5519595
6306,50096,30264,archive ,0.11361351
6307,50096,30264,music_studio ,0.054623045
6308,50096,30264,physics_laboratory ,0.037137806
6309,50096,30264,art_gallery ,0.03528034
6310,50096,30288,museum/indoor ,0.52973604
6311,50096,30288,archive ,0.1467192
6312,50096,30288,music_studio ,0.044166967
6313,50096,30288,chemistry_lab ,0.03576583
6314,50096,30288,physics_laboratory ,0.03088298
6315,50096,30312,museum/indoor ,0.54402167
6316,50096,30312,archive ,0.23591039
6317,50096,30312,natural_history_museum ,0.034531854
6318,50096,30312,art_gallery ,0.029586617
6319,50096,30312,science_museum ,0.026496118
6320,50096,30336,archive ,0.49635342
6321,50096,30336,museum/indoor ,0.11193196
6322,50096,30336,locker_room ,0.06543236
6323,50096,30336,clean_room ,0.061611973
6324,50096,30336,lecture_room ,0.025668142
6325,50096,30360,art_gallery ,0.55867475
6326,50096,30360,museum/indoor ,0.29040217
6327,50096,30360,archive ,0.020656236
6328,50096,30360,stage/indoor ,0.01941863
6329,50096,30360,science_museum ,0.014681526
6330,50096,30384,art_gallery ,0.61045635
6331,50096,30384,museum/indoor ,0.22970141
6332,50096,30384,stage/indoor ,0.049198907
6333,50096,30384,music_studio ,0.014590953
6334,50096,30384,art_studio ,0.013402734
6335,50096,30408,art_gallery ,0.62057513
6336,50096,30408,museum/indoor ,0.25681224
6337,50096,30408,stage/indoor ,0.02045301
6338,50096,30408,science_museum ,0.016717905
6339,50096,30408,archive ,0.013811603
6340,50096,30432,art_gallery ,0.49740607
6341,50096,30432,museum/indoor ,0.35209295
6342,50096,30432,stage/indoor ,0.03222644
6343,50096,30432,science_museum ,0.018639239
6344,50096,30432,natural_history_museum ,0.01475614
6345,50096,30456,art_gallery ,0.42831188
6346,50096,30456,museum/indoor ,0.4272475
6347,50096,30456,stage/indoor ,0.043172117
6348,50096,30456,natural_history_museum ,0.022790693
6349,50096,30456,science_museum ,0.021149589
6350,50096,30480,museum/indoor ,0.47747493
6351,50096,30480,art_gallery ,0.43700427
6352,50096,30480,stage/indoor ,0.021994846
6353,50096,30480,science_museum ,0.013336694
6354,50096,30480,natural_history_museum ,0.011820818
6355,50096,30504,museum/indoor ,0.49875346
6356,50096,30504,art_gallery ,0.43255365
6357,50096,30504,science_museum ,0.015874237
6358,50096,30504,natural_history_museum ,0.013429586
6359,50096,30504,stage/indoor ,0.009980326
6360,50096,30528,museum/indoor ,0.5330531
6361,50096,30528,art_gallery ,0.39622173
6362,50096,30528,natural_history_museum ,0.020264845
6363,50096,30528,science_museum ,0.016337952
6364,50096,30528,archive ,0.0096216295
6365,50096,30552,museum/indoor ,0.56239027
6366,50096,30552,art_gallery ,0.36481383
6367,50096,30552,natural_history_museum ,0.018202497
6368,50096,30552,science_museum ,0.016709715
6369,50096,30552,archive ,0.009128647
6370,50096,30576,art_gallery ,0.47600168
6371,50096,30576,museum/indoor ,0.42506257
6372,50096,30576,science_museum ,0.017396603
6373,50096,30576,stage/indoor ,0.01668945
6374,50096,30576,natural_history_museum ,0.013913805
6375,50096,30600,music_studio ,0.12907988
6376,50096,30600,locker_room ,0.12664266
6377,50096,30600,archive ,0.084372215
6378,50096,30600,elevator/door ,0.0786119
6379,50096,30600,dressing_room ,0.07508837
6380,50096,30624,dressing_room ,0.38530236
6381,50096,30624,music_studio ,0.1722446
6382,50096,30624,archive ,0.08856859
6383,50096,30624,office ,0.06542313
6384,50096,30624,television_studio ,0.06398982
6385,50096,30648,museum/indoor ,0.28167447
6386,50096,30648,art_gallery ,0.2172839
6387,50096,30648,archive ,0.07422871
6388,50096,30648,music_studio ,0.064697824
6389,50096,30648,office ,0.062532604
6390,50096,30672,museum/indoor ,0.5323656
6391,50096,30672,art_gallery ,0.3967207
6392,50096,30672,stage/indoor ,0.012923568
6393,50096,30672,archive ,0.011842899
6394,50096,30672,science_museum ,0.011004614
6395,50096,30696,museum/indoor ,0.43875667
6396,50096,30696,art_gallery ,0.11707628
6397,50096,30696,music_studio ,0.08597679
6398,50096,30696,archive ,0.075368844
6399,50096,30696,office ,0.037096202
6400,50096,30720,art_gallery ,0.52779573
6401,50096,30720,museum/indoor ,0.41381946
6402,50096,30720,archive ,0.0123958625
6403,50096,30720,science_museum ,0.009466137
6404,50096,30720,art_studio ,0.0072770813
6405,50096,30744,museum/indoor ,0.46905395
6406,50096,30744,art_gallery ,0.44597492
6407,50096,30744,science_museum ,0.020722015
6408,50096,30744,archive ,0.012211003
6409,50096,30744,natural_history_museum ,0.011514515
6410,50096,30768,art_gallery ,0.6821777
6411,50096,30768,museum/indoor ,0.20989451
6412,50096,30768,archive ,0.034007158
6413,50096,30768,art_studio ,0.02651366
6414,50096,30768,science_museum ,0.010047781
6415,50096,30792,art_gallery ,0.4781959
6416,50096,30792,museum/indoor ,0.4140304
6417,50096,30792,science_museum ,0.026240094
6418,50096,30792,archive ,0.019949736
6419,50096,30792,art_studio ,0.016702665
6420,50096,30816,art_gallery ,0.52569276
6421,50096,30816,museum/indoor ,0.36028486
6422,50096,30816,archive ,0.02413641
6423,50096,30816,science_museum ,0.021834457
6424,50096,30816,natural_history_museum ,0.01982025
6425,50096,30840,art_gallery ,0.56829923
6426,50096,30840,museum/indoor ,0.3587488
6427,50096,30840,science_museum ,0.0126764495
6428,50096,30840,archive ,0.012664003
6429,50096,30840,natural_history_museum ,0.0098028155
6430,50096,30864,art_gallery ,0.4888194
6431,50096,30864,museum/indoor ,0.3974843
6432,50096,30864,archive ,0.026678033
6433,50096,30864,science_museum ,0.021978702
6434,50096,30864,art_studio ,0.011290234
6435,50096,30888,museum/indoor ,0.4227742
6436,50096,30888,art_gallery ,0.4046508
6437,50096,30888,science_museum ,0.059794188
6438,50096,30888,natural_history_museum ,0.05227816
6439,50096,30888,archive ,0.009851069
6440,50096,30912,art_gallery ,0.51060563
6441,50096,30912,museum/indoor ,0.36872962
6442,50096,30912,science_museum ,0.032068264
6443,50096,30912,natural_history_museum ,0.022903232
6444,50096,30912,art_studio ,0.017581949
6445,50096,30936,museum/indoor ,0.487359
6446,50096,30936,art_gallery ,0.43974704
6447,50096,30936,science_museum ,0.01884439
6448,50096,30936,natural_history_museum ,0.01560273
6449,50096,30936,archive ,0.008198799
6450,50096,30960,museum/indoor ,0.57027364
6451,50096,30960,art_gallery ,0.33335984
6452,50096,30960,science_museum ,0.026855595
6453,50096,30960,natural_history_museum ,0.023218518
6454,50096,30960,archive ,0.012783645
6455,50096,30984,museum/indoor ,0.6171822
6456,50096,30984,art_gallery ,0.3182094
6457,50096,30984,science_museum ,0.020810837
6458,50096,30984,natural_history_museum ,0.014642112
6459,50096,30984,archive ,0.008854589
6460,50096,31008,museum/indoor ,0.48564768
6461,50096,31008,art_gallery ,0.4242642
6462,50096,31008,science_museum ,0.02076707
6463,50096,31008,natural_history_museum ,0.016230829
6464,50096,31008,archive ,0.014723263
6465,50096,31032,art_gallery ,0.4876289
6466,50096,31032,museum/indoor ,0.42581183
6467,50096,31032,science_museum ,0.022365501
6468,50096,31032,natural_history_museum ,0.019012732
6469,50096,31032,archive ,0.012879659
6470,50096,31056,art_gallery ,0.5381822
6471,50096,31056,museum/indoor ,0.36712283
6472,50096,31056,science_museum ,0.017679108
6473,50096,31056,archive ,0.016449757
6474,50096,31056,art_studio ,0.01309081
6475,50096,31080,art_gallery ,0.51719576
6476,50096,31080,museum/indoor ,0.4064521
6477,50096,31080,archive ,0.027344445
6478,50096,31080,art_studio ,0.019024273
6479,50096,31080,science_museum ,0.006220143
6480,50096,31104,museum/indoor ,0.52226305
6481,50096,31104,art_gallery ,0.42887893
6482,50096,31104,science_museum ,0.011263381
6483,50096,31104,natural_history_museum ,0.0091540245
6484,50096,31104,art_studio ,0.008753653
6485,50096,31128,museum/indoor ,0.6299285
6486,50096,31128,art_gallery ,0.3126612
6487,50096,31128,science_museum ,0.015576198
6488,50096,31128,archive ,0.011472906
6489,50096,31128,natural_history_museum ,0.010967316
6490,50096,31152,museum/indoor ,0.32440317
6491,50096,31152,art_gallery ,0.117309
6492,50096,31152,music_studio ,0.089323245
6493,50096,31152,office ,0.0855236
6494,50096,31152,nursing_home ,0.055357017
6495,50096,31176,museum/indoor ,0.3544699
6496,50096,31176,art_gallery ,0.14160465
6497,50096,31176,music_studio ,0.08719933
6498,50096,31176,office ,0.058510542
6499,50096,31176,science_museum ,0.04187127
6500,50096,31200,museum/indoor ,0.4332415
6501,50096,31200,art_gallery ,0.24342263
6502,50096,31200,dressing_room ,0.075902104
6503,50096,31200,shower ,0.034021504
6504,50096,31200,science_museum ,0.028278762
6505,50096,31224,clean_room ,0.14047489
6506,50096,31224,dressing_room ,0.13805796
6507,50096,31224,office ,0.11652364
6508,50096,31224,archive ,0.10843893
6509,50096,31224,music_studio ,0.07636315
6510,50096,31248,clean_room ,0.27628323
6511,50096,31248,office ,0.2460217
6512,50096,31248,archive ,0.15811083
6513,50096,31248,locker_room ,0.07371731
6514,50096,31248,office_cubicles ,0.05778313
6515,50096,31272,art_gallery ,0.5538559
6516,50096,31272,museum/indoor ,0.34545898
6517,50096,31272,archive ,0.023979671
6518,50096,31272,art_studio ,0.014671389
6519,50096,31272,science_museum ,0.010449133
6520,50096,31296,art_gallery ,0.58556825
6521,50096,31296,museum/indoor ,0.30286223
6522,50096,31296,clean_room ,0.014907641
6523,50096,31296,archive ,0.01428051
6524,50096,31296,science_museum ,0.014248815
6525,50096,31320,museum/indoor ,0.4460793
6526,50096,31320,art_gallery ,0.44552365
6527,50096,31320,archive ,0.024393052
6528,50096,31320,science_museum ,0.02259175
6529,50096,31320,natural_history_museum ,0.008199397
6530,50096,31344,art_gallery ,0.55064905
6531,50096,31344,museum/indoor ,0.37000751
6532,50096,31344,archive ,0.0154988095
6533,50096,31344,science_museum ,0.013523446
6534,50096,31344,clean_room ,0.008982886
6535,50096,31368,art_gallery ,0.55937356
6536,50096,31368,museum/indoor ,0.38038033
6537,50096,31368,art_studio ,0.0131359985
6538,50096,31368,science_museum ,0.010760347
6539,50096,31368,clean_room ,0.009818294
6540,50096,31392,art_gallery ,0.5406153
6541,50096,31392,museum/indoor ,0.39446825
6542,50096,31392,art_studio ,0.016343424
6543,50096,31392,science_museum ,0.014274333
6544,50096,31392,archive ,0.0077316994
6545,50096,31416,art_gallery ,0.5140615
6546,50096,31416,museum/indoor ,0.37193963
6547,50096,31416,stage/indoor ,0.018974628
6548,50096,31416,archive ,0.013543716
6549,50096,31416,science_museum ,0.012906248
6550,50096,31440,art_gallery ,0.51355
6551,50096,31440,museum/indoor ,0.41340643
6552,50096,31440,science_museum ,0.014029308
6553,50096,31440,art_studio ,0.010514302
6554,50096,31440,archive ,0.010148217
6555,50096,31464,museum/indoor ,0.60340685
6556,50096,31464,art_gallery ,0.3518436
6557,50096,31464,archive ,0.009102287
6558,50096,31464,science_museum ,0.0081388205
6559,50096,31464,natural_history_museum ,0.006594413
6560,50096,31488,museum/indoor ,0.56392807
6561,50096,31488,art_gallery ,0.35222033
6562,50096,31488,science_museum ,0.021407468
6563,50096,31488,natural_history_museum ,0.0144972205
6564,50096,31488,archive ,0.012782654
6565,50096,31512,art_gallery ,0.5850583
6566,50096,31512,museum/indoor ,0.2832802
6567,50096,31512,archive ,0.018309182
6568,50096,31512,art_studio ,0.015231193
6569,50096,31512,clean_room ,0.014968544
6570,50096,31536,dressing_room ,0.34639263
6571,50096,31536,office ,0.23366882
6572,50096,31536,archive ,0.08209167
6573,50096,31536,office_cubicles ,0.07180343
6574,50096,31536,clean_room ,0.05229278
6575,50096,31560,office ,0.4121908
6576,50096,31560,dressing_room ,0.17616585
6577,50096,31560,office_cubicles ,0.101800255
6578,50096,31560,archive ,0.06808446
6579,50096,31560,clean_room ,0.0566634
6580,50096,31584,art_gallery ,0.46130672
6581,50096,31584,museum/indoor ,0.40227407
6582,50096,31584,archive ,0.030537087
6583,50096,31584,science_museum ,0.020805625
6584,50096,31584,clean_room ,0.011578025
6585,50096,31608,art_gallery ,0.5219198
6586,50096,31608,museum/indoor ,0.35679993
6587,50096,31608,archive ,0.027773287
6588,50096,31608,science_museum ,0.013687325
6589,50096,31608,art_studio ,0.011322059
6590,50096,31632,museum/indoor ,0.29270267
6591,50096,31632,clean_room ,0.21494585
6592,50096,31632,archive ,0.17868103
6593,50096,31632,physics_laboratory ,0.048575353
6594,50096,31632,music_studio ,0.045310386
6595,50096,31656,museum/indoor ,0.31268033
6596,50096,31656,archive ,0.21184748
6597,50096,31656,clean_room ,0.18077005
6598,50096,31656,science_museum ,0.046484247
6599,50096,31656,physics_laboratory ,0.032158192
6600,50096,31680,museum/indoor ,0.3365549
6601,50096,31680,archive ,0.2205523
6602,50096,31680,clean_room ,0.09211308
6603,50096,31680,science_museum ,0.04371982
6604,50096,31680,physics_laboratory ,0.036391515
6605,50096,31704,museum/indoor ,0.5347566
6606,50096,31704,archive ,0.08519977
6607,50096,31704,science_museum ,0.07548767
6608,50096,31704,clean_room ,0.037611336
6609,50096,31704,physics_laboratory ,0.029016083
6610,50096,31728,museum/indoor ,0.19166128
6611,50096,31728,archive ,0.14997712
6612,50096,31728,clean_room ,0.097881064
6613,50096,31728,science_museum ,0.07219926
6614,50096,31728,physics_laboratory ,0.05891252
6615,50096,31752,museum/indoor ,0.6231027
6616,50096,31752,archive ,0.08948201
6617,50096,31752,art_gallery ,0.046048936
6618,50096,31752,television_studio ,0.025890736
6619,50096,31752,science_museum ,0.025643285
6620,50096,31776,museum/indoor ,0.33772025
6621,50096,31776,archive ,0.15303843
6622,50096,31776,television_studio ,0.058321696
6623,50096,31776,music_studio ,0.05805948
6624,50096,31776,clean_room ,0.04654534
6625,50096,31800,museum/indoor ,0.3337315
6626,50096,31800,archive ,0.21351705
6627,50096,31800,science_museum ,0.076398775
6628,50096,31800,clean_room ,0.03674563
6629,50096,31800,music_studio ,0.031966835
6630,50096,31824,museum/indoor ,0.51751775
6631,50096,31824,archive ,0.15092672
6632,50096,31824,science_museum ,0.059390962
6633,50096,31824,clean_room ,0.034653824
6634,50096,31824,natural_history_museum ,0.03073944
6635,50096,31848,museum/indoor ,0.1824084
6636,50096,31848,music_studio ,0.15392464
6637,50096,31848,archive ,0.13588032
6638,50096,31848,lecture_room ,0.053352583
6639,50096,31848,clean_room ,0.03817547
6640,50096,31872,music_studio ,0.2069077
6641,50096,31872,archive ,0.0797385
6642,50096,31872,lecture_room ,0.07876556
6643,50096,31872,stage/indoor ,0.05629164
6644,50096,31872,physics_laboratory ,0.054595795
6645,50096,31896,physics_laboratory ,0.17049307
6646,50096,31896,music_studio ,0.15059778
6647,50096,31896,archive ,0.10034128
6648,50096,31896,museum/indoor ,0.08594689
6649,50096,31896,chemistry_lab ,0.051381733
6650,50096,31920,music_studio ,0.24030899
6651,50096,31920,archive ,0.107408375
6652,50096,31920,museum/indoor ,0.09848909
6653,50096,31920,physics_laboratory ,0.059901923
6654,50096,31920,television_studio ,0.05600477
6655,50096,31944,museum/indoor ,0.23068492
6656,50096,31944,music_studio ,0.09627564
6657,50096,31944,physics_laboratory ,0.08171844
6658,50096,31944,science_museum ,0.080568366
6659,50096,31944,archive ,0.061468564
6660,50096,31968,music_studio ,0.12535925
6661,50096,31968,museum/indoor ,0.106584474
6662,50096,31968,archive ,0.081890754
6663,50096,31968,lecture_room ,0.06647486
6664,50096,31968,physics_laboratory ,0.056349076
6665,50096,31992,music_studio ,0.11583809
6666,50096,31992,museum/indoor ,0.110638626
6667,50096,31992,lecture_room ,0.086744815
6668,50096,31992,physics_laboratory ,0.07845513
6669,50096,31992,archive ,0.068964645
6670,50096,32016,music_studio ,0.115880065
6671,50096,32016,museum/indoor ,0.0969614
6672,50096,32016,archive ,0.08826955
6673,50096,32016,lecture_room ,0.08546677
6674,50096,32016,physics_laboratory ,0.07597709
6675,50096,32040,lecture_room ,0.16641961
6676,50096,32040,music_studio ,0.10156198
6677,50096,32040,conference_center ,0.10029722
6678,50096,32040,archive ,0.07369305
6679,50096,32040,museum/indoor ,0.068067566
6680,50096,32064,music_studio ,0.143252
6681,50096,32064,lecture_room ,0.122271016
6682,50096,32064,conference_center ,0.07655583
6683,50096,32064,museum/indoor ,0.068695314
6684,50096,32064,archive ,0.06294063
6685,50096,32088,music_studio ,0.13299043
6686,50096,32088,museum/indoor ,0.09793213
6687,50096,32088,archive ,0.08974142
6688,50096,32088,lecture_room ,0.079287656
6689,50096,32088,physics_laboratory ,0.071649626
6690,50096,32112,museum/indoor ,0.13965991
6691,50096,32112,lecture_room ,0.080483116
6692,50096,32112,art_gallery ,0.069903344
6693,50096,32112,archive ,0.0615094
6694,50096,32112,music_studio ,0.06011514
6695,50096,32136,physics_laboratory ,0.14318368
6696,50096,32136,chemistry_lab ,0.11290767
6697,50096,32136,clean_room ,0.10218063
6698,50096,32136,music_studio ,0.10019495
6699,50096,32136,archive ,0.09573648
6700,50096,32160,physics_laboratory ,0.13783138
6701,50096,32160,archive ,0.117687784
6702,50096,32160,chemistry_lab ,0.072667055
6703,50096,32160,shower ,0.06901612
6704,50096,32160,music_studio ,0.06793757
6705,50096,32184,archive ,0.21226211
6706,50096,32184,physics_laboratory ,0.14808267
6707,50096,32184,museum/indoor ,0.11549959
6708,50096,32184,music_studio ,0.09234589
6709,50096,32184,clean_room ,0.056003727
6710,50096,32208,dressing_room ,0.13685863
6711,50096,32208,music_studio ,0.1364705
6712,50096,32208,archive ,0.11720705
6713,50096,32208,chemistry_lab ,0.099845365
6714,50096,32208,physics_laboratory ,0.05578067
6715,50096,32232,archive ,0.20207176
6716,50096,32232,clean_room ,0.16625807
6717,50096,32232,office ,0.06613793
6718,50096,32232,locker_room ,0.057953108
6719,50096,32232,dressing_room ,0.053839415
6720,50096,32256,archive ,0.3734858
6721,50096,32256,office ,0.09715069
6722,50096,32256,physics_laboratory ,0.08507756
6723,50096,32256,clean_room ,0.07475489
6724,50096,32256,chemistry_lab ,0.045551833
6725,50096,32280,clean_room ,0.30729225
6726,50096,32280,archive ,0.2306626
6727,50096,32280,museum/indoor ,0.17266013
6728,50096,32280,physics_laboratory ,0.03733268
6729,50096,32280,dressing_room ,0.033728503
6730,50096,32304,clean_room ,0.29523543
6731,50096,32304,archive ,0.10966193
6732,50096,32304,dressing_room ,0.06785947
6733,50096,32304,locker_room ,0.0527378
6734,50096,32304,office ,0.048754606
6735,50096,32328,archive ,0.13629861
6736,50096,32328,shower ,0.10439892
6737,50096,32328,clean_room ,0.078714386
6738,50096,32328,office ,0.075751886
6739,50096,32328,bathroom ,0.06631687
6740,50096,32352,office ,0.110761896
6741,50096,32352,clean_room ,0.09253987
6742,50096,32352,bathroom ,0.08752066
6743,50096,32352,archive ,0.082437806
6744,50096,32352,shower ,0.07078827
6745,50096,32376,museum/indoor ,0.32736838
6746,50096,32376,clean_room ,0.19987004
6747,50096,32376,science_museum ,0.080228895
6748,50096,32376,archive ,0.060982473
6749,50096,32376,art_gallery ,0.043764114
6750,50096,32400,clean_room ,0.5657766
6751,50096,32400,server_room ,0.096245185
6752,50096,32400,clothing_store ,0.06533416
6753,50096,32400,archive ,0.06387879
6754,50096,32400,museum/indoor ,0.022519754
6755,50096,32424,clean_room ,0.31766972
6756,50096,32424,museum/indoor ,0.21622242
6757,50096,32424,science_museum ,0.063069224
6758,50096,32424,clothing_store ,0.040377427
6759,50096,32424,stage/indoor ,0.0386264
6760,50096,32448,museum/indoor ,0.22157212
6761,50096,32448,clean_room ,0.17645527
6762,50096,32448,art_gallery ,0.10733069
6763,50096,32448,airport_terminal ,0.049565945
6764,50096,32448,corridor ,0.036198694
6765,50096,32472,clothing_store ,0.34394166
6766,50096,32472,dressing_room ,0.2071149
6767,50096,32472,clean_room ,0.15965329
6768,50096,32472,shower ,0.055285156
6769,50096,32472,closet ,0.038352218
6770,50096,32496,dressing_room ,0.6289494
6771,50096,32496,clean_room ,0.2910709
6772,50096,32496,museum/indoor ,0.011037985
6773,50096,32496,locker_room ,0.009283274
6774,50096,32496,clothing_store ,0.008548088
6775,50096,32520,dressing_room ,0.9503878
6776,50096,32520,museum/indoor ,0.027549205
6777,50096,32520,art_gallery ,0.009706058
6778,50096,32520,clean_room ,0.004833609
6779,50096,32520,beauty_salon ,0.0021877016
6780,50096,32544,dressing_room ,0.7113015
6781,50096,32544,museum/indoor ,0.19243011
6782,50096,32544,art_gallery ,0.04201871
6783,50096,32544,beauty_salon ,0.0174261
6784,50096,32544,clean_room ,0.007694414
6785,50096,32568,dressing_room ,0.53887856
6786,50096,32568,archive ,0.13889764
6787,50096,32568,museum/indoor ,0.06951512
6788,50096,32568,art_gallery ,0.034867667
6789,50096,32568,clean_room ,0.02664239
6790,50096,32592,dressing_room ,0.8868984
6791,50096,32592,music_studio ,0.022635974
6792,50096,32592,locker_room ,0.016216204
6793,50096,32592,archive ,0.011050858
6794,50096,32592,museum/indoor ,0.009076172
6795,50096,32616,dressing_room ,0.46397784
6796,50096,32616,archive ,0.24491523
6797,50096,32616,music_studio ,0.09658934
6798,50096,32616,locker_room ,0.03805236
6799,50096,32616,stage/indoor ,0.023852564
6800,50096,32640,dressing_room ,0.5247456
6801,50096,32640,museum/indoor ,0.3018794
6802,50096,32640,art_gallery ,0.08614949
6803,50096,32640,beauty_salon ,0.019240983
6804,50096,32640,clothing_store ,0.010852402
6805,50096,32664,museum/indoor ,0.5080249
6806,50096,32664,dressing_room ,0.30282223
6807,50096,32664,art_gallery ,0.078053676
6808,50096,32664,clean_room ,0.025795732
6809,50096,32664,beauty_salon ,0.012994959
6810,50096,32688,museum/indoor ,0.45001322
6811,50096,32688,dressing_room ,0.35635185
6812,50096,32688,art_gallery ,0.069307566
6813,50096,32688,beauty_salon ,0.032506928
6814,50096,32688,clothing_store ,0.011326565
6815,50096,32712,museum/indoor ,0.4161024
6816,50096,32712,dressing_room ,0.38920066
6817,50096,32712,art_gallery ,0.062168792
6818,50096,32712,beauty_salon ,0.02822364
6819,50096,32712,clean_room ,0.020806717
6820,50096,32736,dressing_room ,0.7629441
6821,50096,32736,locker_room ,0.058805007
6822,50096,32736,archive ,0.057727046
6823,50096,32736,music_studio ,0.025053361
6824,50096,32736,television_studio ,0.015514783
6825,50096,32760,dressing_room ,0.6553419
6826,50096,32760,locker_room ,0.14393507
6827,50096,32760,archive ,0.08183431
6828,50096,32760,music_studio ,0.016024739
6829,50096,32760,museum/indoor ,0.012429278
6830,50096,32784,dressing_room ,0.72847664
6831,50096,32784,locker_room ,0.09974653
6832,50096,32784,archive ,0.05664647
6833,50096,32784,music_studio ,0.027570268
6834,50096,32784,television_studio ,0.013951453
6835,50096,32808,museum/indoor ,0.53899384
6836,50096,32808,dressing_room ,0.25862613
6837,50096,32808,art_gallery ,0.08282743
6838,50096,32808,beauty_salon ,0.021810208
6839,50096,32808,clean_room ,0.01764997
6840,50096,32832,dressing_room ,0.4468813
6841,50096,32832,museum/indoor ,0.35154477
6842,50096,32832,art_gallery ,0.069097295
6843,50096,32832,clean_room ,0.03426338
6844,50096,32832,beauty_salon ,0.011463017
6845,50096,32856,dressing_room ,0.533435
6846,50096,32856,museum/indoor ,0.2748238
6847,50096,32856,art_gallery ,0.055016574
6848,50096,32856,clean_room ,0.0295533
6849,50096,32856,beauty_salon ,0.017455665
6850,50096,32880,dressing_room ,0.81121397
6851,50096,32880,beauty_salon ,0.036794465
6852,50096,32880,locker_room ,0.025601055
6853,50096,32880,archive ,0.0191767
6854,50096,32880,chemistry_lab ,0.01392763
6855,50096,32904,dressing_room ,0.83407813
6856,50096,32904,archive ,0.041879427
6857,50096,32904,beauty_salon ,0.032070316
6858,50096,32904,music_studio ,0.014893843
6859,50096,32904,office ,0.011637196
6860,50096,32928,dressing_room ,0.8552122
6861,50096,32928,beauty_salon ,0.029111631
6862,50096,32928,archive ,0.027180167
6863,50096,32928,music_studio ,0.012661849
6864,50096,32928,locker_room ,0.012290321
6865,50096,32952,dressing_room ,0.9530146
6866,50096,32952,archive ,0.010076703
6867,50096,32952,beauty_salon ,0.006763533
6868,50096,32952,museum/indoor ,0.0039511546
6869,50096,32952,music_studio ,0.003780746
6870,50096,32976,dressing_room ,0.94386214
6871,50096,32976,beauty_salon ,0.01865519
6872,50096,32976,music_studio ,0.0051093525
6873,50096,32976,archive ,0.0043220613
6874,50096,32976,locker_room ,0.002750575
6875,50096,33000,dressing_room ,0.5275743
6876,50096,33000,museum/indoor ,0.33777735
6877,50096,33000,art_gallery ,0.074322715
6878,50096,33000,beauty_salon ,0.017101005
6879,50096,33000,clean_room ,0.0048122043
6880,50096,33024,dressing_room ,0.501936
6881,50096,33024,museum/indoor ,0.2980491
6882,50096,33024,art_gallery ,0.079151124
6883,50096,33024,beauty_salon ,0.03270694
6884,50096,33024,clean_room ,0.013903238
6885,50096,33048,dressing_room ,0.5662101
6886,50096,33048,museum/indoor ,0.24014339
6887,50096,33048,art_gallery ,0.07642903
6888,50096,33048,beauty_salon ,0.023087678
6889,50096,33048,clean_room ,0.017572349
6890,50096,33072,dressing_room ,0.5334237
6891,50096,33072,museum/indoor ,0.2555222
6892,50096,33072,art_gallery ,0.103085846
6893,50096,33072,beauty_salon ,0.023501193
6894,50096,33072,clean_room ,0.013947307
6895,50096,33096,dressing_room ,0.65001285
6896,50096,33096,museum/indoor ,0.16146895
6897,50096,33096,art_gallery ,0.072840095
6898,50096,33096,beauty_salon ,0.027194202
6899,50096,33096,clean_room ,0.011564558
6900,50096,33120,dressing_room ,0.61933565
6901,50096,33120,museum/indoor ,0.19104199
6902,50096,33120,art_gallery ,0.07504442
6903,50096,33120,beauty_salon ,0.03390595
6904,50096,33120,clean_room ,0.01009943
6905,50096,33144,dressing_room ,0.9593289
6906,50096,33144,beauty_salon ,0.00984482
6907,50096,33144,music_studio ,0.006968757
6908,50096,33144,archive ,0.0032165376
6909,50096,33144,television_studio ,0.002668575
6910,50096,33168,dressing_room ,0.9096702
6911,50096,33168,music_studio ,0.014739798
6912,50096,33168,beauty_salon ,0.011869257
6913,50096,33168,archive ,0.006872702
6914,50096,33168,museum/indoor ,0.0061166845
6915,50096,33192,dressing_room ,0.77746844
6916,50096,33192,locker_room ,0.062689394
6917,50096,33192,archive ,0.04098125
6918,50096,33192,clean_room ,0.022298617
6919,50096,33192,music_studio ,0.020213727
6920,50096,33216,dressing_room ,0.94544005
6921,50096,33216,locker_room ,0.02603425
6922,50096,33216,television_studio ,0.0062614447
6923,50096,33216,music_studio ,0.005932368
6924,50096,33216,beauty_salon ,0.0028425155
6925,50096,33240,dressing_room ,0.8816274
6926,50096,33240,locker_room ,0.0232521
6927,50096,33240,archive ,0.022437353
6928,50096,33240,music_studio ,0.010205184
6929,50096,33240,office ,0.008849936
6930,50096,33264,dressing_room ,0.9140329
6931,50096,33264,locker_room ,0.043583985
6932,50096,33264,television_studio ,0.011031188
6933,50096,33264,music_studio ,0.00865942
6934,50096,33264,beauty_salon ,0.0034763184
6935,50096,33288,dressing_room ,0.9347084
6936,50096,33288,shower ,0.010170935
6937,50096,33288,art_gallery ,0.006094555
6938,50096,33288,locker_room ,0.005672976
6939,50096,33288,beauty_salon ,0.0054569226
6940,50096,33312,shower ,0.60655594
6941,50096,33312,museum/indoor ,0.10517116
6942,50096,33312,science_museum ,0.100788265
6943,50096,33312,clothing_store ,0.060065247
6944,50096,33312,art_gallery ,0.03075358
6945,50096,33336,aquarium ,0.23373888
6946,50096,33336,art_gallery ,0.18043122
6947,50096,33336,natural_history_museum ,0.14382723
6948,50096,33336,science_museum ,0.11224543
6949,50096,33336,museum/indoor ,0.08950037
6950,50096,33360,iceberg ,0.21251774
6951,50096,33360,ice_floe ,0.18022956
6952,50096,33360,clean_room ,0.15017612
6953,50096,33360,aquarium ,0.115144975
6954,50096,33360,natural_history_museum ,0.06350089
6955,50096,33384,aquarium ,0.2440047
6956,50096,33384,clean_room ,0.15829948
6957,50096,33384,ice_floe ,0.06334586
6958,50096,33384,iceberg ,0.058536526
6959,50096,33384,science_museum ,0.052944
6960,50096,33408,clean_room ,0.11407599
6961,50096,33408,martial_arts_gym ,0.07205562
6962,50096,33408,aquarium ,0.063884
6963,50096,33408,iceberg ,0.057936877
6964,50096,33408,bathroom ,0.050593954
6965,50096,33432,clean_room ,0.18271872
6966,50096,33432,dressing_room ,0.15416695
6967,50096,33432,bathroom ,0.114311814
6968,50096,33432,hospital_room ,0.051994488
6969,50096,33432,locker_room ,0.049992003
6970,50096,33456,clean_room ,0.2022232
6971,50096,33456,dressing_room ,0.09954154
6972,50096,33456,art_gallery ,0.07613014
6973,50096,33456,office ,0.049334258
6974,50096,33456,museum/indoor ,0.04194082
6975,50096,33480,art_gallery ,0.13220419
6976,50096,33480,archive ,0.09498172
6977,50096,33480,office ,0.08840175
6978,50096,33480,museum/indoor ,0.05810625
6979,50096,33480,art_studio ,0.054340772
6980,50096,33504,dressing_room ,0.25425076
6981,50096,33504,clean_room ,0.08610171
6982,50096,33504,archive ,0.08402187
6983,50096,33504,locker_room ,0.03575652
6984,50096,33504,museum/indoor ,0.035071015
6985,50096,33528,dressing_room ,0.42519978
6986,50096,33528,music_studio ,0.1715397
6987,50096,33528,museum/indoor ,0.0864957
6988,50096,33528,stage/indoor ,0.037074715
6989,50096,33528,living_room ,0.028548602
6990,50096,33552,music_studio ,0.2762202
6991,50096,33552,dressing_room ,0.22802418
6992,50096,33552,museum/indoor ,0.08589213
6993,50096,33552,stage/indoor ,0.061429027
6994,50096,33552,living_room ,0.05421594
6995,50096,33576,music_studio ,0.5626855
6996,50096,33576,museum/indoor ,0.11274658
6997,50096,33576,stage/indoor ,0.06389822
6998,50096,33576,dressing_room ,0.035386965
6999,50096,33576,office ,0.030003926
7000,50096,33600,music_studio ,0.29983148
7001,50096,33600,museum/indoor ,0.2697319
7002,50096,33600,office ,0.068342924
7003,50096,33600,stage/indoor ,0.05292663
7004,50096,33600,dressing_room ,0.03709548
7005,50096,33624,music_studio ,0.4137746
7006,50096,33624,museum/indoor ,0.16211234
7007,50096,33624,office ,0.09786695
7008,50096,33624,dining_room ,0.03606709
7009,50096,33624,conference_room ,0.03583351
7010,50096,33648,music_studio ,0.26647326
7011,50096,33648,office ,0.2191577
7012,50096,33648,dining_room ,0.09780713
7013,50096,33648,museum/indoor ,0.06849999
7014,50096,33648,home_office ,0.040001437
7015,50096,33672,office ,0.3270626
7016,50096,33672,clean_room ,0.1965688
7017,50096,33672,archive ,0.08335004
7018,50096,33672,physics_laboratory ,0.06577415
7019,50096,33672,music_studio ,0.06473565
7020,50096,33696,office ,0.21175948
7021,50096,33696,clean_room ,0.1832402
7022,50096,33696,museum/indoor ,0.10905789
7023,50096,33696,archive ,0.106171004
7024,50096,33696,music_studio ,0.088523604
7025,50096,33720,clean_room ,0.31688344
7026,50096,33720,office ,0.24113958
7027,50096,33720,dressing_room ,0.08064056
7028,50096,33720,archive ,0.068227805
7029,50096,33720,music_studio ,0.055963553
7030,50096,33744,clean_room ,0.4016815
7031,50096,33744,office ,0.17236987
7032,50096,33744,dressing_room ,0.08372291
7033,50096,33744,archive ,0.0627417
7034,50096,33744,music_studio ,0.057171278
7035,50096,33768,clean_room ,0.3018827
7036,50096,33768,office ,0.24983673
7037,50096,33768,music_studio ,0.07633467
7038,50096,33768,archive ,0.065845974
7039,50096,33768,physics_laboratory ,0.05154684
7040,50096,33792,clean_room ,0.3548396
7041,50096,33792,office ,0.26191592
7042,50096,33792,archive ,0.07563268
7043,50096,33792,dressing_room ,0.057978366
7044,50096,33792,music_studio ,0.036214836
7045,50096,33816,clean_room ,0.29326406
7046,50096,33816,office ,0.25604135
7047,50096,33816,dressing_room ,0.08835691
7048,50096,33816,archive ,0.059992895
7049,50096,33816,museum/indoor ,0.04907402
7050,50096,33840,clean_room ,0.31731722
7051,50096,33840,office ,0.20979168
7052,50096,33840,dressing_room ,0.11432257
7053,50096,33840,music_studio ,0.059061646
7054,50096,33840,archive ,0.041416347
7055,50096,33864,clean_room ,0.32175705
7056,50096,33864,office ,0.17805022
7057,50096,33864,dressing_room ,0.09389811
7058,50096,33864,archive ,0.070493035
7059,50096,33864,music_studio ,0.036719415
7060,50096,33888,clean_room ,0.29125142
7061,50096,33888,office ,0.186951
7062,50096,33888,dressing_room ,0.118553124
7063,50096,33888,archive ,0.051182676
7064,50096,33888,dining_room ,0.044643942
7065,50096,33912,clean_room ,0.3138396
7066,50096,33912,office ,0.16571452
7067,50096,33912,dressing_room ,0.085139655
7068,50096,33912,music_studio ,0.069122985
7069,50096,33912,dining_room ,0.0424339
7070,50096,33936,clean_room ,0.24199261
7071,50096,33936,office ,0.21656938
7072,50096,33936,dressing_room ,0.09227005
7073,50096,33936,music_studio ,0.06899374
7074,50096,33936,dining_room ,0.050231654
7075,50096,33960,clean_room ,0.26399153
7076,50096,33960,office ,0.20179585
7077,50096,33960,dressing_room ,0.10526526
7078,50096,33960,music_studio ,0.06347245
7079,50096,33960,dining_room ,0.049508825
7080,50096,33984,clean_room ,0.32564175
7081,50096,33984,office ,0.17182632
7082,50096,33984,dressing_room ,0.08317342
7083,50096,33984,dining_room ,0.0506424
7084,50096,33984,archive ,0.041746948
7085,50096,34008,clean_room ,0.33770037
7086,50096,34008,office ,0.15615992
7087,50096,34008,dressing_room ,0.08994995
7088,50096,34008,music_studio ,0.054411553
7089,50096,34008,dining_room ,0.043017924
7090,50096,34032,clean_room ,0.23429568
7091,50096,34032,office ,0.17632566
7092,50096,34032,archive ,0.071869
7093,50096,34032,dressing_room ,0.07169369
7094,50096,34032,music_studio ,0.06796968
7095,50096,34056,clean_room ,0.30719048
7096,50096,34056,office ,0.15878242
7097,50096,34056,dressing_room ,0.0755182
7098,50096,34056,music_studio ,0.07226926
7099,50096,34056,archive ,0.047895767
7100,50096,34080,office ,0.30238816
7101,50096,34080,clean_room ,0.19165955
7102,50096,34080,music_studio ,0.09132877
7103,50096,34080,archive ,0.061049346
7104,50096,34080,physics_laboratory ,0.058481522
7105,50096,34104,office ,0.2189948
7106,50096,34104,clean_room ,0.21308492
7107,50096,34104,music_studio ,0.1561409
7108,50096,34104,archive ,0.08198689
7109,50096,34104,physics_laboratory ,0.068268865
7110,50096,34128,office ,0.55675876
7111,50096,34128,conference_room ,0.083901264
7112,50096,34128,archive ,0.057686277
7113,50096,34128,office_cubicles ,0.045210175
7114,50096,34128,home_office ,0.036387175
7115,50096,34152,clean_room ,0.23671941
7116,50096,34152,office ,0.1779256
7117,50096,34152,music_studio ,0.1271726
7118,50096,34152,archive ,0.12526523
7119,50096,34152,museum/indoor ,0.08503957
7120,50096,34176,clean_room ,0.2741564
7121,50096,34176,museum/indoor ,0.22131465
7122,50096,34176,music_studio ,0.15741736
7123,50096,34176,archive ,0.074790746
7124,50096,34176,dressing_room ,0.072512284
7125,50096,34200,music_studio ,0.31130928
7126,50096,34200,clean_room ,0.19165495
7127,50096,34200,museum/indoor ,0.14997575
7128,50096,34200,dressing_room ,0.07087657
7129,50096,34200,archive ,0.068945
7130,50096,34224,music_studio ,0.30827558
7131,50096,34224,clean_room ,0.19304074
7132,50096,34224,museum/indoor ,0.100738764
7133,50096,34224,office ,0.09316456
7134,50096,34224,archive ,0.07524648
7135,50096,34248,music_studio ,0.31107205
7136,50096,34248,museum/indoor ,0.17717
7137,50096,34248,clean_room ,0.13288073
7138,50096,34248,archive ,0.09193756
7139,50096,34248,office ,0.07478449
7140,50096,34272,music_studio ,0.25139856
7141,50096,34272,clean_room ,0.21812284
7142,50096,34272,office ,0.14806452
7143,50096,34272,dressing_room ,0.111752726
7144,50096,34272,archive ,0.039263178
7145,50096,34296,dressing_room ,0.40715283
7146,50096,34296,music_studio ,0.103069395
7147,50096,34296,locker_room ,0.08428003
7148,50096,34296,clean_room ,0.07961321
7149,50096,34296,elevator_lobby ,0.06951528
7150,50096,34320,dressing_room ,0.5489653
7151,50096,34320,clean_room ,0.20282565
7152,50096,34320,office ,0.042248458
7153,50096,34320,locker_room ,0.035291187
7154,50096,34320,music_studio ,0.031527326
7155,50096,34344,dressing_room ,0.21254177
7156,50096,34344,chemistry_lab ,0.18857922
7157,50096,34344,clean_room ,0.13099913
7158,50096,34344,physics_laboratory ,0.10810527
7159,50096,34344,music_studio ,0.08932122
7160,50096,34368,dressing_room ,0.40579292
7161,50096,34368,office ,0.09800055
7162,50096,34368,clean_room ,0.08746843
7163,50096,34368,physics_laboratory ,0.036986485
7164,50096,34368,music_studio ,0.030131735
7165,50096,34392,dressing_room ,0.36467892
7166,50096,34392,clean_room ,0.16307865
7167,50096,34392,physics_laboratory ,0.08075396
7168,50096,34392,chemistry_lab ,0.07157318
7169,50096,34392,music_studio ,0.05454553
7170,50096,34416,music_studio ,0.3885904
7171,50096,34416,physics_laboratory ,0.14583303
7172,50096,34416,museum/indoor ,0.07221765
7173,50096,34416,dressing_room ,0.06335088
7174,50096,34416,clean_room ,0.04357037
7175,50096,34440,physics_laboratory ,0.18245655
7176,50096,34440,music_studio ,0.15869284
7177,50096,34440,chemistry_lab ,0.118388
7178,50096,34440,clean_room ,0.110822015
7179,50096,34440,dressing_room ,0.0780883
7180,50096,34464,music_studio ,0.2989617
7181,50096,34464,physics_laboratory ,0.20371208
7182,50096,34464,clean_room ,0.118030116
7183,50096,34464,museum/indoor ,0.10177365
7184,50096,34464,chemistry_lab ,0.07572925
7185,50096,34488,dressing_room ,0.65444237
7186,50096,34488,museum/indoor ,0.1798517
7187,50096,34488,music_studio ,0.032929607
7188,50096,34488,clean_room ,0.03237141
7189,50096,34488,television_studio ,0.015596154
7190,50096,34512,museum/indoor ,0.8014126
7191,50096,34512,dressing_room ,0.12335185
7192,50096,34512,clothing_store ,0.021523831
7193,50096,34512,art_gallery ,0.0122879315
7194,50096,34512,clean_room ,0.006838403
7195,50096,34536,museum/indoor ,0.83366877
7196,50096,34536,dressing_room ,0.0741147
7197,50096,34536,clothing_store ,0.019732514
7198,50096,34536,art_gallery ,0.015555076
7199,50096,34536,clean_room ,0.0080946665
7200,50096,34560,museum/indoor ,0.4091865
7201,50096,34560,dressing_room ,0.3077696
7202,50096,34560,clean_room ,0.06114285
7203,50096,34560,clothing_store ,0.052124724
7204,50096,34560,music_studio ,0.030551417
7205,50096,34584,museum/indoor ,0.72969073
7206,50096,34584,dressing_room ,0.09725629
7207,50096,34584,clothing_store ,0.03368545
7208,50096,34584,music_studio ,0.024309644
7209,50096,34584,television_studio ,0.016685942
7210,50096,34608,museum/indoor ,0.568883
7211,50096,34608,dressing_room ,0.18579552
7212,50096,34608,clothing_store ,0.04440276
7213,50096,34608,clean_room ,0.03828088
7214,50096,34608,art_gallery ,0.02486139
7215,50096,34632,museum/indoor ,0.59717774
7216,50096,34632,dressing_room ,0.15505137
7217,50096,34632,clothing_store ,0.031160811
7218,50096,34632,clean_room ,0.030863093
7219,50096,34632,music_studio ,0.026288189
7220,50096,34656,archive ,0.24180728
7221,50096,34656,dressing_room ,0.19679089
7222,50096,34656,music_studio ,0.12810217
7223,50096,34656,television_studio ,0.10047079
7224,50096,34656,museum/indoor ,0.089242026
7225,50096,34680,museum/indoor ,0.36498976
7226,50096,34680,dressing_room ,0.20654967
7227,50096,34680,archive ,0.09991491
7228,50096,34680,music_studio ,0.068538286
7229,50096,34680,television_studio ,0.037983358
7230,50096,34704,dressing_room ,0.27628782
7231,50096,34704,archive ,0.23610368
7232,50096,34704,museum/indoor ,0.18237424
7233,50096,34704,music_studio ,0.06171862
7234,50096,34704,office ,0.05401877
7235,50096,34728,archive ,0.2266615
7236,50096,34728,museum/indoor ,0.20003341
7237,50096,34728,music_studio ,0.1289685
7238,50096,34728,dressing_room ,0.12244753
7239,50096,34728,television_studio ,0.069151066
7240,50096,34752,archive ,0.21144533
7241,50096,34752,museum/indoor ,0.20613003
7242,50096,34752,dressing_room ,0.20074359
7243,50096,34752,music_studio ,0.08654978
7244,50096,34752,office ,0.046673767
7245,50096,34776,dressing_room ,0.22262348
7246,50096,34776,museum/indoor ,0.21552627
7247,50096,34776,archive ,0.1923453
7248,50096,34776,music_studio ,0.080362804
7249,50096,34776,office ,0.057517283
7250,50096,34800,museum/indoor ,0.26400003
7251,50096,34800,dressing_room ,0.23345762
7252,50096,34800,archive ,0.17069295
7253,50096,34800,music_studio ,0.0571079
7254,50096,34800,office ,0.05177846
7255,50096,34824,dressing_room ,0.2745346
7256,50096,34824,museum/indoor ,0.24331164
7257,50096,34824,archive ,0.11466887
7258,50096,34824,music_studio ,0.06385443
7259,50096,34824,clean_room ,0.06206403
7260,50096,34848,dressing_room ,0.36562097
7261,50096,34848,museum/indoor ,0.1456355
7262,50096,34848,archive ,0.12665236
7263,50096,34848,music_studio ,0.06300826
7264,50096,34848,office ,0.061153043
7265,50096,34872,museum/indoor ,0.4747935
7266,50096,34872,dressing_room ,0.26366073
7267,50096,34872,clean_room ,0.053156067
7268,50096,34872,music_studio ,0.03627111
7269,50096,34872,clothing_store ,0.036172453
7270,50096,34896,museum/indoor ,0.73449624
7271,50096,34896,dressing_room ,0.09516592
7272,50096,34896,clean_room ,0.03046348
7273,50096,34896,clothing_store ,0.016146833
7274,50096,34896,archive ,0.013420552
7275,50096,34920,museum/indoor ,0.44851872
7276,50096,34920,dressing_room ,0.27818555
7277,50096,34920,clean_room ,0.07462725
7278,50096,34920,clothing_store ,0.028260851
7279,50096,34920,elevator_lobby ,0.02286962
7280,50096,34944,museum/indoor ,0.6581804
7281,50096,34944,dressing_room ,0.12201673
7282,50096,34944,clean_room ,0.04223946
7283,50096,34944,music_studio ,0.026655301
7284,50096,34944,archive ,0.018128335
7285,50096,34968,museum/indoor ,0.9505812
7286,50096,34968,clean_room ,0.009963458
7287,50096,34968,art_gallery ,0.005279805
7288,50096,34968,dressing_room ,0.0052154325
7289,50096,34968,archive ,0.004124636
7290,50096,34992,museum/indoor ,0.8730065
7291,50096,34992,television_studio ,0.03086181
7292,50096,34992,art_gallery ,0.029517379
7293,50096,34992,music_studio ,0.011620504
7294,50096,34992,dressing_room ,0.011195522
7295,50096,35016,museum/indoor ,0.8857789
7296,50096,35016,art_gallery ,0.031622946
7297,50096,35016,television_studio ,0.02078493
7298,50096,35016,archive ,0.013474775
7299,50096,35016,dressing_room ,0.0071472935
7300,50096,35040,museum/indoor ,0.49475273
7301,50096,35040,dressing_room ,0.20043631
7302,50096,35040,art_gallery ,0.0716064
7303,50096,35040,clean_room ,0.069071434
7304,50096,35040,artists_loft ,0.021112176
7305,50096,35064,museum/indoor ,0.7421251
7306,50096,35064,art_gallery ,0.064139485
7307,50096,35064,dressing_room ,0.041297153
7308,50096,35064,office ,0.021633092
7309,50096,35064,television_studio ,0.019203603
7310,50096,35088,museum/indoor ,0.6966909
7311,50096,35088,clean_room ,0.15379281
7312,50096,35088,dressing_room ,0.042997286
7313,50096,35088,art_gallery ,0.027412992
7314,50096,35088,elevator_lobby ,0.010886828
7315,50096,35112,museum/indoor ,0.8262238
7316,50096,35112,dressing_room ,0.030262528
7317,50096,35112,music_studio ,0.028678423
7318,50096,35112,art_gallery ,0.025927335
7319,50096,35112,science_museum ,0.0132732615
7320,50096,35136,museum/indoor ,0.68647444
7321,50096,35136,dressing_room ,0.1742406
7322,50096,35136,clean_room ,0.03912068
7323,50096,35136,art_gallery ,0.019137762
7324,50096,35136,music_studio ,0.010553255
7325,50096,35160,museum/indoor ,0.65110874
7326,50096,35160,dressing_room ,0.12809175
7327,50096,35160,art_gallery ,0.06119176
7328,50096,35160,art_studio ,0.041787416
7329,50096,35160,music_studio ,0.021107009
7330,50096,35184,museum/indoor ,0.9243409
7331,50096,35184,dressing_room ,0.027276456
7332,50096,35184,art_gallery ,0.013249035
7333,50096,35184,stage/indoor ,0.0058162496
7334,50096,35184,music_studio ,0.0045159794
7335,50096,35208,museum/indoor ,0.842615
7336,50096,35208,dressing_room ,0.05267308
7337,50096,35208,stage/indoor ,0.025334936
7338,50096,35208,art_gallery ,0.017401457
7339,50096,35208,music_studio ,0.012047361
7340,50096,35232,museum/indoor ,0.8446929
7341,50096,35232,art_gallery ,0.0391561
7342,50096,35232,clean_room ,0.018599883
7343,50096,35232,dressing_room ,0.017663669
7344,50096,35232,elevator_lobby ,0.014013911
7345,50096,35256,museum/indoor ,0.9307648
7346,50096,35256,art_gallery ,0.022922233
7347,50096,35256,dressing_room ,0.00722172
7348,50096,35256,art_studio ,0.0051788115
7349,50096,35256,clean_room ,0.004585583
7350,50096,35280,museum/indoor ,0.7903758
7351,50096,35280,dressing_room ,0.06600446
7352,50096,35280,art_gallery ,0.041196436
7353,50096,35280,clean_room ,0.01688663
7354,50096,35280,archive ,0.011816841
7355,50096,35304,museum/indoor ,0.8391488
7356,50096,35304,dressing_room ,0.05023401
7357,50096,35304,art_gallery ,0.041633703
7358,50096,35304,clean_room ,0.009601886
7359,50096,35304,elevator_lobby ,0.009562565
7360,50096,35328,museum/indoor ,0.88827837
7361,50096,35328,art_gallery ,0.044563133
7362,50096,35328,dressing_room ,0.022864332
7363,50096,35328,art_studio ,0.0076550283
7364,50096,35328,clean_room ,0.0058370666
7365,50096,35352,museum/indoor ,0.81826365
7366,50096,35352,art_gallery ,0.05880176
7367,50096,35352,dressing_room ,0.047663823
7368,50096,35352,clean_room ,0.011229407
7369,50096,35352,art_studio ,0.010661294
7370,50096,35376,museum/indoor ,0.6487367
7371,50096,35376,dressing_room ,0.13647838
7372,50096,35376,art_gallery ,0.0706413
7373,50096,35376,clean_room ,0.020939259
7374,50096,35376,television_studio ,0.01634951
7375,50096,35400,museum/indoor ,0.7983694
7376,50096,35400,dressing_room ,0.07571113
7377,50096,35400,art_gallery ,0.048875466
7378,50096,35400,clean_room ,0.011604811
7379,50096,35400,art_studio ,0.010147762
7380,50096,35424,museum/indoor ,0.87793505
7381,50096,35424,art_gallery ,0.041565165
7382,50096,35424,dressing_room ,0.02917708
7383,50096,35424,clean_room ,0.012282293
7384,50096,35424,art_studio ,0.008159407
7385,50096,35448,museum/indoor ,0.51058155
7386,50096,35448,dressing_room ,0.21667993
7387,50096,35448,art_gallery ,0.057282276
7388,50096,35448,elevator_lobby ,0.049893778
7389,50096,35448,clean_room ,0.034829516
7390,50096,35472,dressing_room ,0.5316617
7391,50096,35472,office ,0.22919734
7392,50096,35472,television_studio ,0.058597486
7393,50096,35472,office_cubicles ,0.04987871
7394,50096,35472,music_studio ,0.024930472
7395,50096,35496,office ,0.47744107
7396,50096,35496,dressing_room ,0.23716035
7397,50096,35496,office_cubicles ,0.10781883
7398,50096,35496,art_gallery ,0.023568613
7399,50096,35496,music_studio ,0.018766358
7400,50096,35520,dressing_room ,0.56872874
7401,50096,35520,office ,0.22517277
7402,50096,35520,beauty_salon ,0.08240434
7403,50096,35520,office_cubicles ,0.041673914
7404,50096,35520,reception ,0.014378569
7405,50096,35544,dressing_room ,0.76673895
7406,50096,35544,beauty_salon ,0.08936801
7407,50096,35544,office ,0.07908693
7408,50096,35544,office_cubicles ,0.014819391
7409,50096,35544,reception ,0.00725686
7410,50096,35568,dressing_room ,0.8623148
7411,50096,35568,beauty_salon ,0.050915863
7412,50096,35568,office ,0.03727796
7413,50096,35568,office_cubicles ,0.009839467
7414,50096,35568,reception ,0.0044868025
7415,50096,35592,museum/indoor ,0.10953105
7416,50096,35592,dressing_room ,0.108211204
7417,50096,35592,basement ,0.05784679
7418,50096,35592,bar ,0.049474288
7419,50096,35592,stage/indoor ,0.04935033
7420,50096,35616,tree_farm ,0.14944026
7421,50096,35616,pasture ,0.099068455
7422,50096,35616,pond ,0.096370004
7423,50096,35616,yard ,0.086451985
7424,50096,35616,orchard ,0.04165507
7425,50096,35640,pond ,0.2144897
7426,50096,35640,ice_shelf ,0.101463325
7427,50096,35640,tree_farm ,0.10107755
7428,50096,35640,lake/natural ,0.07970171
7429,50096,35640,marsh ,0.039483458
7430,50096,35664,fountain ,0.37985763
7431,50096,35664,shower ,0.2183055
7432,50096,35664,ice_shelf ,0.094405636
7433,50096,35664,aquarium ,0.023842387
7434,50096,35664,tree_farm ,0.022370826
7435,50096,35688,dressing_room ,0.080953225
7436,50096,35688,shower ,0.078618206
7437,50096,35688,elevator_lobby ,0.050784178
7438,50096,35688,tree_farm ,0.049698897
7439,50096,35688,bow_window/indoor ,0.045119602
7440,50096,35712,dressing_room ,0.2152863
7441,50096,35712,shower ,0.083983324
7442,50096,35712,shed ,0.05935827
7443,50096,35712,yard ,0.055183522
7444,50096,35712,porch ,0.040562466
7445,50096,35736,orchard ,0.1557753
7446,50096,35736,park ,0.09909223
7447,50096,35736,patio ,0.065139934
7448,50096,35736,yard ,0.05339378
7449,50096,35736,shower ,0.042066973
7450,50096,35760,campus ,0.093582466
7451,50096,35760,tree_farm ,0.06516147
7452,50096,35760,fountain ,0.046836525
7453,50096,35760,courtyard ,0.04333823
7454,50096,35760,orchard ,0.04184415
7455,50096,35784,orchard ,0.14197227
7456,50096,35784,tree_farm ,0.128774
7457,50096,35784,campus ,0.08888152
7458,50096,35784,yard ,0.06288714
7459,50096,35784,schoolhouse ,0.062404864
7460,50096,35808,promenade ,0.12498066
7461,50096,35808,fountain ,0.08631173
7462,50096,35808,crosswalk ,0.066951066
7463,50096,35808,alley ,0.06372752
7464,50096,35808,ice_skating_rink/outdoor ,0.049003262
7465,50096,35832,schoolhouse ,0.07098214
7466,50096,35832,tree_farm ,0.067155495
7467,50096,35832,subway_station/platform ,0.044716563
7468,50096,35832,orchard ,0.03901939
7469,50096,35832,campus ,0.033675127
7470,50096,35856,schoolhouse ,0.19895454
7471,50096,35856,tree_farm ,0.081985325
7472,50096,35856,corridor ,0.047777306
7473,50096,35856,cemetery ,0.0470889
7474,50096,35856,porch ,0.04157172
7475,50096,35880,subway_station/platform ,0.14509511
7476,50096,35880,cemetery ,0.14286326
7477,50096,35880,corridor ,0.080223605
7478,50096,35880,tree_farm ,0.043845885
7479,50096,35880,alley ,0.041923143
7480,50096,35904,porch ,0.105587125
7481,50096,35904,dressing_room ,0.056015033
7482,50096,35904,subway_station/platform ,0.05527388
7483,50096,35904,cemetery ,0.050356515
7484,50096,35904,corridor ,0.049702913
7485,50096,35928,subway_station/platform ,0.683218
7486,50096,35928,promenade ,0.04749094
7487,50096,35928,train_station/platform ,0.033674818
7488,50096,35928,alley ,0.027568445
7489,50096,35928,corridor ,0.024568733
7490,50096,35952,dressing_room ,0.11482189
7491,50096,35952,bow_window/indoor ,0.102788985
7492,50096,35952,porch ,0.07874749
7493,50096,35952,subway_station/platform ,0.07393051
7494,50096,35952,archive ,0.04352399
7495,50096,35976,subway_station/platform ,0.2632599
7496,50096,35976,campus ,0.08816856
7497,50096,35976,dressing_room ,0.081938006
7498,50096,35976,porch ,0.053420465
7499,50096,35976,corridor ,0.046124365
7500,50096,36000,subway_station/platform ,0.14026015
7501,50096,36000,museum/indoor ,0.12302631
7502,50096,36000,dressing_room ,0.11990754
7503,50096,36000,bow_window/indoor ,0.082847096
7504,50096,36000,art_gallery ,0.041138854
7505,50096,36024,dressing_room ,0.18624683
7506,50096,36024,museum/indoor ,0.13530704
7507,50096,36024,archive ,0.06990793
7508,50096,36024,bow_window/indoor ,0.05843904
7509,50096,36024,subway_station/platform ,0.053828306
7510,50096,36048,dressing_room ,0.14833513
7511,50096,36048,museum/indoor ,0.10286766
7512,50096,36048,subway_station/platform ,0.07129259
7513,50096,36048,archive ,0.05934112
7514,50096,36048,bow_window/indoor ,0.04850811
7515,50096,36072,dressing_room ,0.22197407
7516,50096,36072,museum/indoor ,0.09367502
7517,50096,36072,subway_station/platform ,0.09111014
7518,50096,36072,archive ,0.051119804
7519,50096,36072,bow_window/indoor ,0.046807855
7520,50096,36096,dressing_room ,0.29490617
7521,50096,36096,museum/indoor ,0.10938118
7522,50096,36096,subway_station/platform ,0.052536674
7523,50096,36096,archive ,0.041392513
7524,50096,36096,bow_window/indoor ,0.034359396
7525,50096,36120,dressing_room ,0.122948
7526,50096,36120,museum/indoor ,0.09364284
7527,50096,36120,subway_station/platform ,0.07303495
7528,50096,36120,archive ,0.06900482
7529,50096,36120,classroom ,0.042020928
7530,50096,36144,dressing_room ,0.13336308
7531,50096,36144,museum/indoor ,0.124868095
7532,50096,36144,subway_station/platform ,0.065301254
7533,50096,36144,archive ,0.0603861
7534,50096,36144,bow_window/indoor ,0.0450734
7535,50096,36168,dressing_room ,0.16308375
7536,50096,36168,museum/indoor ,0.13006684
7537,50096,36168,bow_window/indoor ,0.051403075
7538,50096,36168,subway_station/platform ,0.049918424
7539,50096,36168,archive ,0.04761905
7540,50096,36192,museum/indoor ,0.21051253
7541,50096,36192,subway_station/platform ,0.12449097
7542,50096,36192,dressing_room ,0.08025957
7543,50096,36192,porch ,0.069932446
7544,50096,36192,schoolhouse ,0.059546262
7545,50096,36216,museum/indoor ,0.22661589
7546,50096,36216,subway_station/platform ,0.0915752
7547,50096,36216,dressing_room ,0.07368804
7548,50096,36216,archive ,0.045101963
7549,50096,36216,bow_window/indoor ,0.04360388
7550,50096,36240,dressing_room ,0.17951773
7551,50096,36240,museum/indoor ,0.12414302
7552,50096,36240,subway_station/platform ,0.062442258
7553,50096,36240,archive ,0.058189265
7554,50096,36240,classroom ,0.035251845
7555,50096,36264,dressing_room ,0.22833262
7556,50096,36264,museum/indoor ,0.123560235
7557,50096,36264,archive ,0.09934637
7558,50096,36264,bow_window/indoor ,0.049135387
7559,50096,36264,classroom ,0.03741051
7560,50096,36288,dressing_room ,0.28587905
7561,50096,36288,bow_window/indoor ,0.0538166
7562,50096,36288,archive ,0.032068253
7563,50096,36288,museum/indoor ,0.030368578
7564,50096,36288,porch ,0.022965193
7565,50096,36312,dressing_room ,0.12734309
7566,50096,36312,subway_station/platform ,0.067282945
7567,50096,36312,archive ,0.048209228
7568,50096,36312,bow_window/indoor ,0.041747637
7569,50096,36312,museum/indoor ,0.03972331
7570,50096,36336,schoolhouse ,0.23621082
7571,50096,36336,porch ,0.11204326
7572,50096,36336,museum/indoor ,0.089640036
7573,50096,36336,archive ,0.066078365
7574,50096,36336,subway_station/platform ,0.046087347
7575,50096,36360,porch ,0.21662444
7576,50096,36360,museum/indoor ,0.17776936
7577,50096,36360,schoolhouse ,0.05807147
7578,50096,36360,dressing_room ,0.048684053
7579,50096,36360,archive ,0.04795065
7580,50096,36384,museum/indoor ,0.28602803
7581,50096,36384,archive ,0.111537695
7582,50096,36384,bow_window/indoor ,0.07407768
7583,50096,36384,porch ,0.06298146
7584,50096,36384,schoolhouse ,0.050630484
7585,50096,36408,museum/indoor ,0.29215306
7586,50096,36408,bow_window/indoor ,0.078294784
7587,50096,36408,dressing_room ,0.077562384
7588,50096,36408,porch ,0.071319595
7589,50096,36408,archive ,0.07070242
7590,50096,36432,museum/indoor ,0.11715288
7591,50096,36432,archive ,0.09705328
7592,50096,36432,dressing_room ,0.096562676
7593,50096,36432,bow_window/indoor ,0.0907398
7594,50096,36432,subway_station/platform ,0.045869038
7595,50096,36456,museum/indoor ,0.16480714
7596,50096,36456,archive ,0.10324443
7597,50096,36456,dressing_room ,0.085809514
7598,50096,36456,bow_window/indoor ,0.05818379
7599,50096,36456,subway_station/platform ,0.04985787
7600,50096,36480,archive ,0.16425626
7601,50096,36480,museum/indoor ,0.16175535
7602,50096,36480,bow_window/indoor ,0.06906836
7603,50096,36480,classroom ,0.05268011
7604,50096,36480,dressing_room ,0.04793279
7605,50096,36504,museum/indoor ,0.20504989
7606,50096,36504,archive ,0.14801514
7607,50096,36504,bow_window/indoor ,0.07118586
7608,50096,36504,dressing_room ,0.054070354
7609,50096,36504,classroom ,0.04355484
7610,50096,36528,museum/indoor ,0.20450534
7611,50096,36528,archive ,0.122292034
7612,50096,36528,bow_window/indoor ,0.094782926
7613,50096,36528,classroom ,0.047680713
7614,50096,36528,dressing_room ,0.042754214
7615,50096,36552,museum/indoor ,0.1681565
7616,50096,36552,bow_window/indoor ,0.13604994
7617,50096,36552,archive ,0.083475314
7618,50096,36552,dressing_room ,0.07497508
7619,50096,36552,art_gallery ,0.046728563
7620,50096,36576,museum/indoor ,0.1562992
7621,50096,36576,archive ,0.10867778
7622,50096,36576,bow_window/indoor ,0.09812767
7623,50096,36576,dressing_room ,0.0705937
7624,50096,36576,classroom ,0.059493627
7625,50096,36600,railroad_track ,0.056495346
7626,50096,36600,forest_path ,0.031332582
7627,50096,36600,basement ,0.027485313
7628,50096,36600,fire_station ,0.026549844
7629,50096,36600,wet_bar ,0.02637148
7630,50096,36624,oilrig ,0.110652946
7631,50096,36624,playground ,0.073746294
7632,50096,36624,railroad_track ,0.05060636
7633,50096,36624,tree_house ,0.036433693
7634,50096,36624,forest_path ,0.03546702
7635,50096,36648,oilrig ,0.1479071
7636,50096,36648,railroad_track ,0.0505201
7637,50096,36648,forest_path ,0.039022643
7638,50096,36648,tree_house ,0.020240981
7639,50096,36648,trench ,0.019732429
7640,50096,36672,oilrig ,0.12105771
7641,50096,36672,server_room ,0.027423427
7642,50096,36672,forest_path ,0.027077796
7643,50096,36672,railroad_track ,0.026606219
7644,50096,36672,highway ,0.026570795
7645,50096,36696,oilrig ,0.09354061
7646,50096,36696,railroad_track ,0.04839392
7647,50096,36696,tree_house ,0.032173604
7648,50096,36696,forest_path ,0.029341595
7649,50096,36696,engine_room ,0.022615945
7650,50096,36720,railroad_track ,0.10443722
7651,50096,36720,forest_path ,0.061177697
7652,50096,36720,oilrig ,0.05452956
7653,50096,36720,tree_house ,0.04289231
7654,50096,36720,phone_booth ,0.032394204
7655,50096,36744,playground ,0.07126124
7656,50096,36744,tree_house ,0.06891829
7657,50096,36744,forest_path ,0.046111383
7658,50096,36744,railroad_track ,0.042498924
7659,50096,36744,oilrig ,0.04215137
7660,50096,36768,music_studio ,0.07288057
7661,50096,36768,discotheque ,0.06420534
7662,50096,36768,stage/indoor ,0.05882039
7663,50096,36768,bar ,0.051964168
7664,50096,36768,dressing_room ,0.044551
7665,50096,36792,museum/indoor ,0.036755927
7666,50096,36792,cemetery ,0.032365583
7667,50096,36792,ski_slope ,0.030301362
7668,50096,36792,ice_shelf ,0.026289001
7669,50096,36792,archive ,0.019790638
7670,50096,36816,playground ,0.10563014
7671,50096,36816,ski_slope ,0.040249288
7672,50096,36816,ice_shelf ,0.030670997
7673,50096,36816,shower ,0.026804348
7674,50096,36816,ice_floe ,0.021603145
7675,50096,36840,playground ,0.049302213
7676,50096,36840,museum/indoor ,0.031919204
7677,50096,36840,ice_shelf ,0.028962405
7678,50096,36840,schoolhouse ,0.025670694
7679,50096,36840,tree_house ,0.024416525
7680,50096,36864,playground ,0.13298795
7681,50096,36864,tree_house ,0.072973154
7682,50096,36864,orchard ,0.034354538
7683,50096,36864,tree_farm ,0.03233559
7684,50096,36864,picnic_area ,0.026963344
7685,50096,36888,playground ,0.3808063
7686,50096,36888,tree_house ,0.10001331
7687,50096,36888,schoolhouse ,0.025559068
7688,50096,36888,jail_cell ,0.020812772
7689,50096,36888,orchard ,0.016944377
7690,50096,36912,tree_house ,0.14728794
7691,50096,36912,schoolhouse ,0.04657848
7692,50096,36912,playground ,0.044443205
7693,50096,36912,picnic_area ,0.023237718
7694,50096,36912,museum/indoor ,0.022381887
7695,50096,36936,playground ,0.07941944
7696,50096,36936,tree_house ,0.07333507
7697,50096,36936,phone_booth ,0.04779136
7698,50096,36936,museum/indoor ,0.027500998
7699,50096,36936,jail_cell ,0.025113553
7700,50096,36960,playground ,0.101815544
7701,50096,36960,music_studio ,0.047935184
7702,50096,36960,basement ,0.040812492
7703,50096,36960,trench ,0.035215434
7704,50096,36960,stage/indoor ,0.022579804
7705,50096,36984,music_studio ,0.089136764
7706,50096,36984,classroom ,0.05634887
7707,50096,36984,television_studio ,0.037785467
7708,50096,36984,jail_cell ,0.036971945
7709,50096,36984,stage/indoor ,0.033232395
7710,50096,37008,music_studio ,0.45038593
7711,50096,37008,stage/indoor ,0.13294223
7712,50096,37008,dressing_room ,0.09323423
7713,50096,37008,discotheque ,0.08190404
7714,50096,37008,clean_room ,0.04148453
7715,50096,37032,music_studio ,0.44061175
7716,50096,37032,stage/indoor ,0.09049979
7717,50096,37032,dressing_room ,0.07579922
7718,50096,37032,television_studio ,0.04157614
7719,50096,37032,clean_room ,0.03901977
7720,50096,37056,clean_room ,0.33423778
7721,50096,37056,music_studio ,0.29500178
7722,50096,37056,television_studio ,0.13839093
7723,50096,37056,dressing_room ,0.044631857
7724,50096,37056,chemistry_lab ,0.023067651
7725,50096,37080,clean_room ,0.20521097
7726,50096,37080,television_studio ,0.108852096
7727,50096,37080,archive ,0.10701193
7728,50096,37080,music_studio ,0.07272003
7729,50096,37080,dressing_room ,0.06168818
7730,50096,37104,clean_room ,0.3867914
7731,50096,37104,dressing_room ,0.093771316
7732,50096,37104,television_studio ,0.0501581
7733,50096,37104,music_studio ,0.04491302
7734,50096,37104,shower ,0.044523638
7735,50096,37128,clean_room ,0.23470423
7736,50096,37128,archive ,0.18941802
7737,50096,37128,biology_laboratory ,0.065057516
7738,50096,37128,chemistry_lab ,0.063343555
7739,50096,37128,office ,0.058274593
7740,50096,37152,clean_room ,0.16500828
7741,50096,37152,music_studio ,0.16383092
7742,50096,37152,dressing_room ,0.101583436
7743,50096,37152,archive ,0.0659468
7744,50096,37152,hospital_room ,0.042140614
7745,50096,37176,music_studio ,0.31370553
7746,50096,37176,clean_room ,0.07063398
7747,50096,37176,dressing_room ,0.0705312
7748,50096,37176,television_studio ,0.05151403
7749,50096,37176,operating_room ,0.047893748
7750,50096,37200,music_studio ,0.19292817
7751,50096,37200,clean_room ,0.10347255
7752,50096,37200,office ,0.086416475
7753,50096,37200,television_studio ,0.061954144
7754,50096,37200,classroom ,0.05306565
7755,50096,37224,shower ,0.7016893
7756,50096,37224,dressing_room ,0.04824581
7757,50096,37224,art_gallery ,0.036401354
7758,50096,37224,alley ,0.017757006
7759,50096,37224,elevator/door ,0.015847353
7760,50096,37248,shower ,0.16042385
7761,50096,37248,dressing_room ,0.15048704
7762,50096,37248,art_gallery ,0.13220215
7763,50096,37248,art_studio ,0.05265626
7764,50096,37248,museum/indoor ,0.045162346
7765,50096,37272,art_gallery ,0.25129205
7766,50096,37272,shower ,0.11900532
7767,50096,37272,dressing_room ,0.10219129
7768,50096,37272,art_studio ,0.08448562
7769,50096,37272,museum/indoor ,0.07866421
7770,50096,37296,art_gallery ,0.2611204
7771,50096,37296,shower ,0.14131567
7772,50096,37296,dressing_room ,0.13672587
7773,50096,37296,museum/indoor ,0.09919092
7774,50096,37296,art_studio ,0.07126391
7775,50096,37320,art_gallery ,0.2346134
7776,50096,37320,shower ,0.15361756
7777,50096,37320,dressing_room ,0.09855415
7778,50096,37320,art_studio ,0.07038845
7779,50096,37320,museum/indoor ,0.04953209
7780,50096,37344,art_gallery ,0.17236817
7781,50096,37344,shower ,0.16737457
7782,50096,37344,dressing_room ,0.10438061
7783,50096,37344,art_studio ,0.06376759
7784,50096,37344,alley ,0.049555138
7785,50096,37368,clean_room ,0.2820332
7786,50096,37368,music_studio ,0.14272425
7787,50096,37368,dressing_room ,0.13789368
7788,50096,37368,office ,0.062389072
7789,50096,37368,television_studio ,0.040899757
7790,50096,37392,clean_room ,0.24789052
7791,50096,37392,office ,0.10561517
7792,50096,37392,music_studio ,0.08607526
7793,50096,37392,hospital_room ,0.08170517
7794,50096,37392,dressing_room ,0.07729111
7795,50096,37416,clean_room ,0.21763562
7796,50096,37416,dressing_room ,0.13399634
7797,50096,37416,television_studio ,0.079355724
7798,50096,37416,music_studio ,0.07093616
7799,50096,37416,archive ,0.06693513
7800,50096,37440,archive ,0.2095587
7801,50096,37440,office ,0.13950403
7802,50096,37440,dressing_room ,0.12852822
7803,50096,37440,clean_room ,0.06401791
7804,50096,37440,museum/indoor ,0.044893734
7805,50096,37464,clean_room ,0.09928392
7806,50096,37464,music_studio ,0.094523765
7807,50096,37464,office ,0.092490286
7808,50096,37464,television_studio ,0.09165735
7809,50096,37464,museum/indoor ,0.08192377
7810,50096,37488,clean_room ,0.20477752
7811,50096,37488,music_studio ,0.16519263
7812,50096,37488,archive ,0.07873936
7813,50096,37488,television_studio ,0.06934834
7814,50096,37488,dressing_room ,0.0616244
7815,50096,37512,music_studio ,0.20744726
7816,50096,37512,archive ,0.15941721
7817,50096,37512,clean_room ,0.1250402
7818,50096,37512,television_studio ,0.098369315
7819,50096,37512,office ,0.06039976
7820,50096,37536,clean_room ,0.26383576
7821,50096,37536,museum/indoor ,0.14671414
7822,50096,37536,music_studio ,0.10511444
7823,50096,37536,television_studio ,0.09350734
7824,50096,37536,dressing_room ,0.08387849
7825,50096,37560,clean_room ,0.21727295
7826,50096,37560,television_studio ,0.14461398
7827,50096,37560,dressing_room ,0.14139488
7828,50096,37560,museum/indoor ,0.06755016
7829,50096,37560,music_studio ,0.04764088
7830,50096,37584,office ,0.21571
7831,50096,37584,classroom ,0.11257317
7832,50096,37584,television_studio ,0.10599644
7833,50096,37584,clean_room ,0.09096886
7834,50096,37584,lecture_room ,0.06725334
7835,50096,37608,office ,0.14234833
7836,50096,37608,television_studio ,0.14189875
7837,50096,37608,clean_room ,0.1159955
7838,50096,37608,classroom ,0.09386993
7839,50096,37608,museum/indoor ,0.045583777
7840,50096,37632,museum/indoor ,0.18172193
7841,50096,37632,archive ,0.1275115
7842,50096,37632,television_studio ,0.11638168
7843,50096,37632,office ,0.1057513
7844,50096,37632,clean_room ,0.08110039
7845,50096,37656,archive ,0.19824052
7846,50096,37656,office ,0.1927725
7847,50096,37656,clean_room ,0.121336445
7848,50096,37656,office_cubicles ,0.057293747
7849,50096,37656,classroom ,0.051564347
7850,50096,37680,shower ,0.7189634
7851,50096,37680,art_gallery ,0.03195708
7852,50096,37680,bathroom ,0.02415723
7853,50096,37680,dressing_room ,0.017439049
7854,50096,37680,bamboo_forest ,0.017418213
7855,50096,37704,shower ,0.73662543
7856,50096,37704,bathroom ,0.029091079
7857,50096,37704,art_gallery ,0.026988303
7858,50096,37704,museum/indoor ,0.018491564
7859,50096,37704,skyscraper ,0.0154411625
7860,50096,37728,shower ,0.675113
7861,50096,37728,art_gallery ,0.032263067
7862,50096,37728,dressing_room ,0.02587527
7863,50096,37728,bow_window/indoor ,0.023819406
7864,50096,37728,bathroom ,0.023454327
7865,50096,37752,archive ,0.17252006
7866,50096,37752,office ,0.13474312
7867,50096,37752,television_studio ,0.11871533
7868,50096,37752,music_studio ,0.09105325
7869,50096,37752,museum/indoor ,0.07127605
7870,50096,37776,archive ,0.28002885
7871,50096,37776,office ,0.085548334
7872,50096,37776,music_studio ,0.075017005
7873,50096,37776,television_studio ,0.073011026
7874,50096,37776,classroom ,0.056486487
7875,50096,37800,archive ,0.42971337
7876,50096,37800,office ,0.07065872
7877,50096,37800,museum/indoor ,0.06335752
7878,50096,37800,classroom ,0.054891504
7879,50096,37800,clean_room ,0.05367822
7880,50096,37824,television_studio ,0.18043432
7881,50096,37824,museum/indoor ,0.14218004
7882,50096,37824,archive ,0.12600778
7883,50096,37824,office ,0.09699433
7884,50096,37824,clean_room ,0.078333154
7885,50096,37848,music_studio ,0.26566455
7886,50096,37848,television_studio ,0.16908582
7887,50096,37848,office ,0.12998974
7888,50096,37848,clean_room ,0.08465445
7889,50096,37848,classroom ,0.033680856
7890,50096,37872,music_studio ,0.38066941
7891,50096,37872,television_studio ,0.14776824
7892,50096,37872,office ,0.12355968
7893,50096,37872,art_studio ,0.039632287
7894,50096,37872,clean_room ,0.036378626
7895,50096,37896,television_studio ,0.17120679
7896,50096,37896,music_studio ,0.16594073
7897,50096,37896,classroom ,0.1431593
7898,50096,37896,office ,0.08826554
7899,50096,37896,archive ,0.047441944
7900,50096,37920,archive ,0.21248731
7901,50096,37920,music_studio ,0.10957318
7902,50096,37920,clean_room ,0.095858596
7903,50096,37920,classroom ,0.08042818
7904,50096,37920,television_studio ,0.07901192
7905,50096,37944,clean_room ,0.19870211
7906,50096,37944,television_studio ,0.11571461
7907,50096,37944,music_studio ,0.1131347
7908,50096,37944,office ,0.096785665
7909,50096,37944,archive ,0.09140937
7910,50096,37968,dressing_room ,0.26215273
7911,50096,37968,clean_room ,0.119965106
7912,50096,37968,discotheque ,0.10205843
7913,50096,37968,stage/indoor ,0.06933096
7914,50096,37968,music_studio ,0.05318601
7915,50096,37992,clean_room ,0.20897235
7916,50096,37992,dressing_room ,0.14150284
7917,50096,37992,beauty_salon ,0.06698681
7918,50096,37992,campsite ,0.039377876
7919,50096,37992,chemistry_lab ,0.03577711
7920,50096,38016,clean_room ,0.4301253
7921,50096,38016,chemistry_lab ,0.0638939
7922,50096,38016,hospital_room ,0.045966193
7923,50096,38016,biology_laboratory ,0.03673629
7924,50096,38016,operating_room ,0.028998729
7925,50096,38040,cemetery ,0.081469476
7926,50096,38040,hospital_room ,0.03888542
7927,50096,38040,clean_room ,0.03626796
7928,50096,38040,chemistry_lab ,0.034043636
7929,50096,38040,archive ,0.026468694
7930,50096,38064,cemetery ,0.08047639
7931,50096,38064,clean_room ,0.054480836
7932,50096,38064,ice_shelf ,0.04791875
7933,50096,38064,orchard ,0.038574915
7934,50096,38064,construction_site ,0.035623997
7935,50096,38088,construction_site ,0.09939226
7936,50096,38088,archive ,0.0674856
7937,50096,38088,cemetery ,0.056767125
7938,50096,38088,burial_chamber ,0.049599253
7939,50096,38088,trench ,0.039956056
7940,50096,38112,bow_window/indoor ,0.5757602
7941,50096,38112,porch ,0.0865195
7942,50096,38112,forest/broadleaf ,0.059012573
7943,50096,38112,forest_path ,0.0490316
7944,50096,38112,rainforest ,0.014625893
7945,50096,38136,bow_window/indoor ,0.7895756
7946,50096,38136,porch ,0.050075382
7947,50096,38136,balcony/interior ,0.013349602
7948,50096,38136,doorway/outdoor ,0.009719321
7949,50096,38136,jail_cell ,0.008200211
7950,50096,38160,bow_window/indoor ,0.9648111
7951,50096,38160,doorway/outdoor ,0.0030428965
7952,50096,38160,porch ,0.0030154774
7953,50096,38160,shower ,0.0025677723
7954,50096,38160,forest/broadleaf ,0.0021371357
7955,50096,38184,bow_window/indoor ,0.879536
7956,50096,38184,dressing_room ,0.027494255
7957,50096,38184,hospital_room ,0.011083577
7958,50096,38184,nursing_home ,0.007157536
7959,50096,38184,office ,0.006278714
7960,50096,38208,bow_window/indoor ,0.7999272
7961,50096,38208,dressing_room ,0.027398678
7962,50096,38208,clothing_store ,0.020094309
7963,50096,38208,museum/indoor ,0.017685818
7964,50096,38208,lobby ,0.013326825
7965,50096,38232,bow_window/indoor ,0.46162876
7966,50096,38232,dressing_room ,0.08158375
7967,50096,38232,clothing_store ,0.072558105
7968,50096,38232,lobby ,0.04894815
7969,50096,38232,church/indoor ,0.028437654
7970,50096,38256,bow_window/indoor ,0.38630882
7971,50096,38256,dressing_room ,0.23095773
7972,50096,38256,clothing_store ,0.080343045
7973,50096,38256,shower ,0.04934017
7974,50096,38256,elevator_lobby ,0.03521505
7975,50096,38280,bow_window/indoor ,0.43207616
7976,50096,38280,dressing_room ,0.21100849
7977,50096,38280,shower ,0.049271543
7978,50096,38280,clothing_store ,0.0428409
7979,50096,38280,museum/indoor ,0.0384027
7980,50096,38304,bow_window/indoor ,0.6369219
7981,50096,38304,museum/indoor ,0.08617993
7982,50096,38304,elevator_lobby ,0.031684235
7983,50096,38304,lobby ,0.026664509
7984,50096,38304,art_gallery ,0.024384692
7985,50096,38328,dressing_room ,0.8437998
7986,50096,38328,shower ,0.056494523
7987,50096,38328,bar ,0.027097786
7988,50096,38328,discotheque ,0.007846757
7989,50096,38328,beauty_salon ,0.0075367847
7990,50096,38352,bow_window/indoor ,0.2838093
7991,50096,38352,porch ,0.105173655
7992,50096,38352,dressing_room ,0.090988666
7993,50096,38352,patio ,0.04757657
7994,50096,38352,living_room ,0.03221469
7995,50096,38376,bow_window/indoor ,0.45536008
7996,50096,38376,dressing_room ,0.091576114
7997,50096,38376,artists_loft ,0.07831131
7998,50096,38376,art_gallery ,0.07524366
7999,50096,38376,art_studio ,0.025840746
8000,50096,38400,bow_window/indoor ,0.42415985
8001,50096,38400,forest_road ,0.15444167
8002,50096,38400,rainforest ,0.122898415
8003,50096,38400,ice_shelf ,0.045602936
8004,50096,38400,forest_path ,0.026417065
8005,50096,38424,railroad_track ,0.30483362
8006,50096,38424,rainforest ,0.10789777
8007,50096,38424,subway_station/platform ,0.053780377
8008,50096,38424,forest_road ,0.04251806
8009,50096,38424,viaduct ,0.03294304
8010,50096,38448,campsite ,0.15516286
8011,50096,38448,ice_shelf ,0.093291156
8012,50096,38448,cemetery ,0.076442435
8013,50096,38448,clean_room ,0.0390454
8014,50096,38448,museum/indoor ,0.03552253
8015,50096,38472,patio ,0.27015674
8016,50096,38472,balcony/interior ,0.071046814
8017,50096,38472,dining_room ,0.033486687
8018,50096,38472,porch ,0.032667585
8019,50096,38472,playground ,0.03220455
8020,50096,38496,bow_window/indoor ,0.32260394
8021,50096,38496,sauna ,0.1247539
8022,50096,38496,porch ,0.10467884
8023,50096,38496,patio ,0.09005305
8024,50096,38496,balcony/interior ,0.0315987
8025,50096,38520,boardwalk ,0.13539454
8026,50096,38520,forest_path ,0.08510004
8027,50096,38520,rainforest ,0.06945643
8028,50096,38520,porch ,0.06640302
8029,50096,38520,bamboo_forest ,0.0607786
8030,50096,38544,bamboo_forest ,0.19726051
8031,50096,38544,forest_path ,0.09783914
8032,50096,38544,forest/broadleaf ,0.054310437
8033,50096,38544,rainforest ,0.03853926
8034,50096,38544,shower ,0.0378684
8035,50096,38568,forest_road ,0.22700155
8036,50096,38568,driveway ,0.16472903
8037,50096,38568,promenade ,0.08596534
8038,50096,38568,highway ,0.082999595
8039,50096,38568,street ,0.080884874
8040,50096,38592,forest_road ,0.34313208
8041,50096,38592,driveway ,0.14664222
8042,50096,38592,highway ,0.102010965
8043,50096,38592,subway_station/platform ,0.05017843
8044,50096,38592,street ,0.046847172
8045,50096,38616,server_room ,0.27749252
8046,50096,38616,parking_garage/indoor ,0.072563566
8047,50096,38616,forest_road ,0.062173367
8048,50096,38616,driveway ,0.03781611
8049,50096,38616,porch ,0.02435955
8050,50096,38640,fire_station ,0.3368696
8051,50096,38640,driveway ,0.08168615
8052,50096,38640,hospital_room ,0.055101644
8053,50096,38640,schoolhouse ,0.04052745
8054,50096,38640,campus ,0.029346747
8055,50096,38664,street ,0.097861886
8056,50096,38664,fire_station ,0.09143569
8057,50096,38664,driveway ,0.09025873
8058,50096,38664,gas_station ,0.059606563
8059,50096,38664,alley ,0.057908937
8060,50096,38688,gas_station ,0.11193524
8061,50096,38688,hospital_room ,0.10678109
8062,50096,38688,street ,0.056204975
8063,50096,38688,alley ,0.04128723
8064,50096,38688,fire_station ,0.035510357
8065,50096,38712,bow_window/indoor ,0.3710045
8066,50096,38712,arch ,0.15215883
8067,50096,38712,shower ,0.054950703
8068,50096,38712,campsite ,0.035872843
8069,50096,38712,balcony/interior ,0.03521777
8070,50096,38736,bow_window/indoor ,0.7089004
8071,50096,38736,nursery ,0.16327175
8072,50096,38736,closet ,0.026388247
8073,50096,38736,alcove ,0.013480008
8074,50096,38736,hospital_room ,0.008339785
8075,50096,38760,clean_room ,0.6466835
8076,50096,38760,hospital_room ,0.08947902
8077,50096,38760,nursery ,0.04056508
8078,50096,38760,operating_room ,0.0242913
8079,50096,38760,bow_window/indoor ,0.01888009
8080,50096,38784,dressing_room ,0.45618376
8081,50096,38784,clean_room ,0.067066625
8082,50096,38784,laundromat ,0.06405474
8083,50096,38784,bathroom ,0.024619596
8084,50096,38784,phone_booth ,0.023443704
8085,50096,38808,shower ,0.2103329
8086,50096,38808,museum/indoor ,0.17040737
8087,50096,38808,bow_window/indoor ,0.12624212
8088,50096,38808,art_gallery ,0.039156422
8089,50096,38808,clothing_store ,0.03644116
8090,50096,38832,discotheque ,0.22088352
8091,50096,38832,museum/indoor ,0.19437267
8092,50096,38832,boxing_ring ,0.16491963
8093,50096,38832,martial_arts_gym ,0.061450016
8094,50096,38832,dressing_room ,0.049615774
8095,50096,38856,hospital_room ,0.22242486
8096,50096,38856,fire_station ,0.10800039
8097,50096,38856,hospital ,0.04997096
8098,50096,38856,driveway ,0.04028614
8099,50096,38856,street ,0.039732337
8100,50096,38880,alley ,0.15564385
8101,50096,38880,hospital_room ,0.095842995
8102,50096,38880,street ,0.08063092
8103,50096,38880,driveway ,0.07319061
8104,50096,38880,porch ,0.066593766
8105,50096,38904,alley ,0.16628361
8106,50096,38904,street ,0.120323636
8107,50096,38904,hospital_room ,0.109344386
8108,50096,38904,driveway ,0.093998455
8109,50096,38904,residential_neighborhood ,0.044333708
8110,50096,38928,clean_room ,0.26138502
8111,50096,38928,lobby ,0.13126342
8112,50096,38928,entrance_hall ,0.0742462
8113,50096,38928,elevator_lobby ,0.068285145
8114,50096,38928,bow_window/indoor ,0.055536766
8115,50096,38952,shower ,0.19412182
8116,50096,38952,bow_window/indoor ,0.17861335
8117,50096,38952,entrance_hall ,0.12781549
8118,50096,38952,corridor ,0.0879349
8119,50096,38952,living_room ,0.05007188
8120,50096,38976,dressing_room ,0.42627952
8121,50096,38976,clean_room ,0.22625268
8122,50096,38976,shower ,0.0446024
8123,50096,38976,bank_vault ,0.0370402
8124,50096,38976,locker_room ,0.0282835
8125,50096,39000,nursery ,0.2742217
8126,50096,39000,dressing_room ,0.16705942
8127,50096,39000,museum/indoor ,0.13896509
8128,50096,39000,art_gallery ,0.04181254
8129,50096,39000,music_studio ,0.038565792
8130,50096,39024,nursery ,0.39761016
8131,50096,39024,museum/indoor ,0.263611
8132,50096,39024,archive ,0.16516395
8133,50096,39024,locker_room ,0.04114525
8134,50096,39024,clothing_store ,0.015668599
8135,50096,39048,museum/indoor ,0.4536208
8136,50096,39048,archive ,0.19770014
8137,50096,39048,nursery ,0.18093675
8138,50096,39048,clothing_store ,0.038662374
8139,50096,39048,locker_room ,0.036175475
8140,50096,39072,museum/indoor ,0.4681714
8141,50096,39072,archive ,0.30408588
8142,50096,39072,nursery ,0.050921377
8143,50096,39072,art_gallery ,0.029805977
8144,50096,39072,locker_room ,0.024004355
8145,50096,39096,museum/indoor ,0.21051511
8146,50096,39096,clothing_store ,0.11891881
8147,50096,39096,dressing_room ,0.105574735
8148,50096,39096,clean_room ,0.08997641
8149,50096,39096,art_gallery ,0.046361934
8150,50096,39120,nursery ,0.24333386
8151,50096,39120,museum/indoor ,0.08046009
8152,50096,39120,clean_room ,0.06383371
8153,50096,39120,archive ,0.04318678
8154,50096,39120,dressing_room ,0.04214476
8155,50096,39144,reception ,0.2835401
8156,50096,39144,entrance_hall ,0.22018702
8157,50096,39144,lobby ,0.06651898
8158,50096,39144,corridor ,0.050725404
8159,50096,39144,hotel_room ,0.04127566
8160,50096,39168,reception ,0.17675705
8161,50096,39168,locker_room ,0.105117224
8162,50096,39168,entrance_hall ,0.0849053
8163,50096,39168,hotel_room ,0.06813187
8164,50096,39168,hospital_room ,0.041782565
8165,50096,39192,entrance_hall ,0.19549534
8166,50096,39192,reception ,0.09442724
8167,50096,39192,hotel_room ,0.07081469
8168,50096,39192,corridor ,0.06578848
8169,50096,39192,bow_window/indoor ,0.05871945
8170,50096,39216,clean_room ,0.1613739
8171,50096,39216,corridor ,0.14732267
8172,50096,39216,locker_room ,0.14616017
8173,50096,39216,bow_window/indoor ,0.04012775
8174,50096,39216,hospital_room ,0.039857414
8175,50096,39240,corridor ,0.33486763
8176,50096,39240,entrance_hall ,0.31054896
8177,50096,39240,staircase ,0.045274064
8178,50096,39240,locker_room ,0.030558715
8179,50096,39240,clean_room ,0.021891354
8180,50096,39264,entrance_hall ,0.35001957
8181,50096,39264,corridor ,0.16464975
8182,50096,39264,staircase ,0.03969658
8183,50096,39264,reception ,0.032511592
8184,50096,39264,elevator_lobby ,0.03175863
8185,50096,39288,entrance_hall ,0.29714417
8186,50096,39288,corridor ,0.17075714
8187,50096,39288,locker_room ,0.054196995
8188,50096,39288,clean_room ,0.033753615
8189,50096,39288,hospital_room ,0.033104107
8190,50096,39312,clean_room ,0.6719141
8191,50096,39312,dressing_room ,0.07692899
8192,50096,39312,hospital_room ,0.06847565
8193,50096,39312,alcove ,0.024673931
8194,50096,39312,nursery ,0.021010466
8195,50096,39336,clean_room ,0.9520689
8196,50096,39336,hospital_room ,0.022787817
8197,50096,39336,operating_room ,0.008399326
8198,50096,39336,reception ,0.0049336986
8199,50096,39336,dressing_room ,0.002221037
8200,50096,39360,reception ,0.41520128
8201,50096,39360,clean_room ,0.27454856
8202,50096,39360,office ,0.10191095
8203,50096,39360,hospital_room ,0.07057967
8204,50096,39360,office_cubicles ,0.027992576
8205,50096,39384,dressing_room ,0.34874249
8206,50096,39384,clean_room ,0.31846467
8207,50096,39384,museum/indoor ,0.17088816
8208,50096,39384,archive ,0.06534362
8209,50096,39384,art_gallery ,0.040791318
8210,50096,39408,dressing_room ,0.98086286
8211,50096,39408,clean_room ,0.0029240302
8212,50096,39408,museum/indoor ,0.0023633991
8213,50096,39408,art_gallery ,0.0020924103
8214,50096,39408,shower ,0.0013357623
8215,50096,39432,clean_room ,0.45864266
8216,50096,39432,dressing_room ,0.44588226
8217,50096,39432,archive ,0.016310675
8218,50096,39432,hospital_room ,0.008260025
8219,50096,39432,locker_room ,0.0075637978
8220,50096,39456,dressing_room ,0.8359835
8221,50096,39456,clean_room ,0.040587477
8222,50096,39456,elevator/door ,0.020542208
8223,50096,39456,archive ,0.016924718
8224,50096,39456,museum/indoor ,0.01309652
8225,50096,39480,shower ,0.3465294
8226,50096,39480,bow_window/indoor ,0.120417915
8227,50096,39480,bathroom ,0.109410085
8228,50096,39480,nursery ,0.07928835
8229,50096,39480,closet ,0.0771602
8230,50096,39504,shower ,0.41543874
8231,50096,39504,bathroom ,0.11912274
8232,50096,39504,bow_window/indoor ,0.09705283
8233,50096,39504,closet ,0.07360527
8234,50096,39504,nursery ,0.061963238
8235,50096,39528,shower ,0.39093158
8236,50096,39528,bow_window/indoor ,0.18638735
8237,50096,39528,bathroom ,0.17647623
8238,50096,39528,closet ,0.03360951
8239,50096,39528,nursery ,0.03217226
8240,50096,39552,shower ,0.43980646
8241,50096,39552,bathroom ,0.19848013
8242,50096,39552,bow_window/indoor ,0.12884703
8243,50096,39552,closet ,0.038754474
8244,50096,39552,alcove ,0.025193665
8245,50096,39576,shower ,0.49905235
8246,50096,39576,bathroom ,0.1629867
8247,50096,39576,bow_window/indoor ,0.10888777
8248,50096,39576,closet ,0.028404573
8249,50096,39576,sauna ,0.025199916
8250,50096,39600,shower ,0.53377235
8251,50096,39600,bathroom ,0.17832339
8252,50096,39600,bow_window/indoor ,0.071204804
8253,50096,39600,closet ,0.038112566
8254,50096,39600,nursery ,0.034695603
8255,50096,39624,dressing_room ,0.94124424
8256,50096,39624,clean_room ,0.02826795
8257,50096,39624,locker_room ,0.007482236
8258,50096,39624,archive ,0.005590015
8259,50096,39624,museum/indoor ,0.0027313302
8260,50096,39648,dressing_room ,0.9539079
8261,50096,39648,locker_room ,0.008204861
8262,50096,39648,music_studio ,0.0056290976
8263,50096,39648,clean_room ,0.005173152
8264,50096,39648,archive ,0.0038449215
8265,50096,39672,dressing_room ,0.8846958
8266,50096,39672,locker_room ,0.032058325
8267,50096,39672,clean_room ,0.02167113
8268,50096,39672,archive ,0.014685715
8269,50096,39672,museum/indoor ,0.006929615
8270,50096,39696,shower ,0.5343415
8271,50096,39696,bathroom ,0.19292898
8272,50096,39696,bow_window/indoor ,0.06512748
8273,50096,39696,closet ,0.038562767
8274,50096,39696,sauna ,0.021662325
8275,50096,39720,shower ,0.39773062
8276,50096,39720,bathroom ,0.19792582
8277,50096,39720,bow_window/indoor ,0.13234095
8278,50096,39720,nursery ,0.045793112
8279,50096,39720,alcove ,0.038456157
8280,50096,39744,dressing_room ,0.6381893
8281,50096,39744,office ,0.060737096
8282,50096,39744,museum/indoor ,0.03827573
8283,50096,39744,television_studio ,0.036693957
8284,50096,39744,archive ,0.03114627
8285,50096,39768,shower ,0.3060372
8286,50096,39768,bathroom ,0.22168405
8287,50096,39768,bow_window/indoor ,0.1396735
8288,50096,39768,closet ,0.121947564
8289,50096,39768,utility_room ,0.028840277
8290,50096,39792,elevator/door ,0.26981926
8291,50096,39792,clean_room ,0.15262026
8292,50096,39792,shower ,0.11832723
8293,50096,39792,elevator_lobby ,0.08847007
8294,50096,39792,corridor ,0.07213325
8295,50096,39816,dressing_room ,0.57198834
8296,50096,39816,elevator/door ,0.124946535
8297,50096,39816,clean_room ,0.11431041
8298,50096,39816,elevator_lobby ,0.051683236
8299,50096,39816,locker_room ,0.031755995
8300,50096,39840,clean_room ,0.4059206
8301,50096,39840,dressing_room ,0.11014694
8302,50096,39840,clothing_store ,0.053326506
8303,50096,39840,museum/indoor ,0.051866643
8304,50096,39840,hospital_room ,0.049545467
8305,50096,39864,dressing_room ,0.5068091
8306,50096,39864,clean_room ,0.33983627
8307,50096,39864,operating_room ,0.035602663
8308,50096,39864,clothing_store ,0.02054551
8309,50096,39864,hospital_room ,0.017049223
8310,50096,39888,clean_room ,0.72259074
8311,50096,39888,dressing_room ,0.1043593
8312,50096,39888,operating_room ,0.049195662
8313,50096,39888,locker_room ,0.04537735
8314,50096,39888,museum/indoor ,0.021308277
8315,50096,39912,museum/indoor ,0.48256308
8316,50096,39912,art_gallery ,0.12353113
8317,50096,39912,dressing_room ,0.10029916
8318,50096,39912,clean_room ,0.09797891
8319,50096,39912,locker_room ,0.05383187
8320,50096,39936,dressing_room ,0.37938803
8321,50096,39936,museum/indoor ,0.2642054
8322,50096,39936,clean_room ,0.113498054
8323,50096,39936,art_gallery ,0.08379867
8324,50096,39936,locker_room ,0.052966304
8325,50096,39960,museum/indoor ,0.5240326
8326,50096,39960,art_gallery ,0.15934137
8327,50096,39960,dressing_room ,0.106928274
8328,50096,39960,clean_room ,0.06973514
8329,50096,39960,locker_room ,0.03495758
8330,50096,39984,museum/indoor ,0.61674255
8331,50096,39984,art_gallery ,0.15329741
8332,50096,39984,dressing_room ,0.10621994
8333,50096,39984,clean_room ,0.048686486
8334,50096,39984,archive ,0.01731118
8335,50096,40008,museum/indoor ,0.483947
8336,50096,40008,dressing_room ,0.3098487
8337,50096,40008,art_gallery ,0.072890595
8338,50096,40008,clean_room ,0.0580322
8339,50096,40008,locker_room ,0.016743984
8340,50096,40032,museum/indoor ,0.79509634
8341,50096,40032,clean_room ,0.074845366
8342,50096,40032,art_gallery ,0.042214744
8343,50096,40032,dressing_room ,0.037636157
8344,50096,40032,locker_room ,0.016806716
8345,50096,40056,museum/indoor ,0.84424937
8346,50096,40056,art_gallery ,0.07524382
8347,50096,40056,clean_room ,0.036094293
8348,50096,40056,dressing_room ,0.015650984
8349,50096,40056,archive ,0.005817079
8350,50096,40080,museum/indoor ,0.8698123
8351,50096,40080,art_gallery ,0.055115297
8352,50096,40080,clean_room ,0.023420313
8353,50096,40080,archive ,0.021620441
8354,50096,40080,music_studio ,0.005240486
8355,50096,40104,museum/indoor ,0.9102427
8356,50096,40104,art_gallery ,0.053508848
8357,50096,40104,clean_room ,0.014822017
8358,50096,40104,archive ,0.005486673
8359,50096,40104,dressing_room ,0.0032160864
8360,50096,40128,museum/indoor ,0.6420797
8361,50096,40128,art_gallery ,0.20807299
8362,50096,40128,dressing_room ,0.04355358
8363,50096,40128,clean_room ,0.04077387
8364,50096,40128,archive ,0.022797307
8365,50096,40152,museum/indoor ,0.9146175
8366,50096,40152,clean_room ,0.042516243
8367,50096,40152,art_gallery ,0.019502703
8368,50096,40152,archive ,0.010728191
8369,50096,40152,natural_history_museum ,0.002881297
8370,50096,40176,museum/indoor ,0.6367245
8371,50096,40176,clean_room ,0.21069215
8372,50096,40176,music_studio ,0.030574055
8373,50096,40176,art_gallery ,0.023787355
8374,50096,40176,dressing_room ,0.018825926
8375,50096,40200,museum/indoor ,0.8862117
8376,50096,40200,clean_room ,0.04370994
8377,50096,40200,art_gallery ,0.027664643
8378,50096,40200,archive ,0.015491295
8379,50096,40200,dressing_room ,0.004689443
8380,50096,40224,museum/indoor ,0.7736065
8381,50096,40224,clean_room ,0.11418196
8382,50096,40224,archive ,0.02419895
8383,50096,40224,art_gallery ,0.02160117
8384,50096,40224,music_studio ,0.01290341
8385,50096,40248,museum/indoor ,0.7278949
8386,50096,40248,clean_room ,0.15347095
8387,50096,40248,art_gallery ,0.030606145
8388,50096,40248,archive ,0.024522493
8389,50096,40248,dressing_room ,0.015128791
8390,50096,40272,museum/indoor ,0.62290525
8391,50096,40272,clean_room ,0.17426886
8392,50096,40272,dressing_room ,0.052329194
8393,50096,40272,archive ,0.03118952
8394,50096,40272,art_gallery ,0.027174655
8395,50096,40296,clean_room ,0.3853252
8396,50096,40296,museum/indoor ,0.29426482
8397,50096,40296,music_studio ,0.06001207
8398,50096,40296,operating_room ,0.05679488
8399,50096,40296,dressing_room ,0.042276066
8400,50096,40320,museum/indoor ,0.7476733
8401,50096,40320,clean_room ,0.06430595
8402,50096,40320,music_studio ,0.033886436
8403,50096,40320,dressing_room ,0.027416438
8404,50096,40320,art_gallery ,0.024159895
8405,50096,40344,museum/indoor ,0.5040999
8406,50096,40344,clean_room ,0.35548523
8407,50096,40344,art_gallery ,0.04715362
8408,50096,40344,dressing_room ,0.04027413
8409,50096,40344,archive ,0.013249497
8410,50096,40368,museum/indoor ,0.48660704
8411,50096,40368,clean_room ,0.3454775
8412,50096,40368,dressing_room ,0.070973925
8413,50096,40368,art_gallery ,0.03133084
8414,50096,40368,music_studio ,0.012964485
8415,50096,40392,museum/indoor ,0.8042679
8416,50096,40392,clean_room ,0.0629615
8417,50096,40392,art_gallery ,0.0511264
8418,50096,40392,dressing_room ,0.048249673
8419,50096,40392,archive ,0.0068644956
8420,50096,40416,bow_window/indoor ,0.39881778
8421,50096,40416,living_room ,0.2577418
8422,50096,40416,waiting_room ,0.11047986
8423,50096,40416,entrance_hall ,0.100200795
8424,50096,40416,alcove ,0.033770435
8425,50096,40440,bow_window/indoor ,0.4188046
8426,50096,40440,living_room ,0.28283924
8427,50096,40440,entrance_hall ,0.099019736
8428,50096,40440,waiting_room ,0.04967699
8429,50096,40440,dining_room ,0.033721108
8430,50096,40464,bow_window/indoor ,0.3430371
8431,50096,40464,living_room ,0.32914105
8432,50096,40464,entrance_hall ,0.11555964
8433,50096,40464,waiting_room ,0.074781306
8434,50096,40464,alcove ,0.030573806
8435,50096,40488,living_room ,0.25343305
8436,50096,40488,bow_window/indoor ,0.12817276
8437,50096,40488,dressing_room ,0.12490906
8438,50096,40488,entrance_hall ,0.09390564
8439,50096,40488,waiting_room ,0.08212363
8440,50096,40512,living_room ,0.231127
8441,50096,40512,entrance_hall ,0.2170908
8442,50096,40512,waiting_room ,0.10987597
8443,50096,40512,dressing_room ,0.08558332
8444,50096,40512,bow_window/indoor ,0.08509177
8445,50096,40536,living_room ,0.55751634
8446,50096,40536,entrance_hall ,0.1250961
8447,50096,40536,bow_window/indoor ,0.08642673
8448,50096,40536,waiting_room ,0.04982181
8449,50096,40536,dressing_room ,0.025251787
8450,50096,40560,living_room ,0.31561086
8451,50096,40560,clean_room ,0.16964388
8452,50096,40560,hospital_room ,0.06426765
8453,50096,40560,waiting_room ,0.037859272
8454,50096,40560,home_office ,0.035986688
8455,50096,40584,hospital_room ,0.14577812
8456,50096,40584,beauty_salon ,0.09986205
8457,50096,40584,clean_room ,0.09518841
8458,50096,40584,operating_room ,0.09170458
8459,50096,40584,dressing_room ,0.09154956
8460,50096,40608,living_room ,0.19782107
8461,50096,40608,dressing_room ,0.11139976
8462,50096,40608,hospital_room ,0.10909225
8463,50096,40608,nursery ,0.057927128
8464,50096,40608,dorm_room ,0.05652843
8465,50096,40632,nursery ,0.21578906
8466,50096,40632,living_room ,0.19426507
8467,50096,40632,bow_window/indoor ,0.09594183
8468,50096,40632,bedroom ,0.08831515
8469,50096,40632,bedchamber ,0.07321072
8470,50096,40656,nursery ,0.32359847
8471,50096,40656,living_room ,0.12810002
8472,50096,40656,hospital_room ,0.093861036
8473,50096,40656,dressing_room ,0.07206898
8474,50096,40656,bedroom ,0.058193892
8475,50096,40680,nursery ,0.17339921
8476,50096,40680,living_room ,0.15923923
8477,50096,40680,dressing_room ,0.13316195
8478,50096,40680,hospital_room ,0.07512559
8479,50096,40680,bow_window/indoor ,0.06044045
8480,50096,40704,living_room ,0.15814015
8481,50096,40704,dressing_room ,0.13153283
8482,50096,40704,nursery ,0.13038546
8483,50096,40704,hospital_room ,0.101953976
8484,50096,40704,clean_room ,0.059451766
8485,50096,40728,nursery ,0.2635172
8486,50096,40728,living_room ,0.12689973
8487,50096,40728,hospital_room ,0.089781106
8488,50096,40728,bedroom ,0.08264857
8489,50096,40728,bow_window/indoor ,0.0593645
8490,50096,40752,living_room ,0.1906077
8491,50096,40752,hospital_room ,0.14585452
8492,50096,40752,nursery ,0.12164447
8493,50096,40752,bow_window/indoor ,0.07019633
8494,50096,40752,dressing_room ,0.060029387
8495,50096,40776,living_room ,0.20373923
8496,50096,40776,hospital_room ,0.17715594
8497,50096,40776,dressing_room ,0.1280424
8498,50096,40776,bow_window/indoor ,0.056091964
8499,50096,40776,nursery ,0.04552627
8500,50096,40800,dressing_room ,0.14422938
8501,50096,40800,living_room ,0.13772337
8502,50096,40800,hospital_room ,0.12525883
8503,50096,40800,nursery ,0.084351346
8504,50096,40800,bow_window/indoor ,0.07187936
8505,50096,40824,bow_window/indoor ,0.2641823
8506,50096,40824,living_room ,0.12540312
8507,50096,40824,nursery ,0.094286434
8508,50096,40824,hospital_room ,0.064959094
8509,50096,40824,dressing_room ,0.061219506
8510,50096,40848,clean_room ,0.17587149
8511,50096,40848,hospital_room ,0.15590952
8512,50096,40848,operating_room ,0.13502255
8513,50096,40848,office ,0.1036035
8514,50096,40848,dressing_room ,0.10178283
8515,50096,40872,clean_room ,0.61297166
8516,50096,40872,operating_room ,0.15655266
8517,50096,40872,hospital_room ,0.10897476
8518,50096,40872,dressing_room ,0.036171347
8519,50096,40872,nursing_home ,0.022160288
8520,50096,40896,office ,0.1806668
8521,50096,40896,clean_room ,0.17632167
8522,50096,40896,nursing_home ,0.15539154
8523,50096,40896,hospital_room ,0.12194474
8524,50096,40896,archive ,0.11836198
8525,50096,40920,clean_room ,0.57043195
8526,50096,40920,hospital_room ,0.13003701
8527,50096,40920,operating_room ,0.09800238
8528,50096,40920,nursing_home ,0.042898875
8529,50096,40920,dressing_room ,0.041488346
8530,50096,40944,clean_room ,0.37914708
8531,50096,40944,nursing_home ,0.15394306
8532,50096,40944,hospital_room ,0.08617965
8533,50096,40944,operating_room ,0.084949054
8534,50096,40944,beauty_salon ,0.057052225
8535,50096,40968,clean_room ,0.67673486
8536,50096,40968,operating_room ,0.10143693
8537,50096,40968,nursing_home ,0.06642487
8538,50096,40968,hospital_room ,0.04679202
8539,50096,40968,dressing_room ,0.027024152
8540,50096,40992,clean_room ,0.70026714
8541,50096,40992,operating_room ,0.06583067
8542,50096,40992,nursing_home ,0.04737402
8543,50096,40992,dressing_room ,0.041589104
8544,50096,40992,hospital_room ,0.027573684
8545,50096,41016,clean_room ,0.29599565
8546,50096,41016,nursing_home ,0.18130714
8547,50096,41016,operating_room ,0.1409027
8548,50096,41016,archive ,0.13660912
8549,50096,41016,hospital_room ,0.05323155
8550,50096,41040,operating_room ,0.43108886
8551,50096,41040,clean_room ,0.2941989
8552,50096,41040,nursing_home ,0.11512823
8553,50096,41040,hospital_room ,0.11279942
8554,50096,41040,veterinarians_office ,0.019031
8555,50096,41064,operating_room ,0.517501
8556,50096,41064,clean_room ,0.3053687
8557,50096,41064,hospital_room ,0.08570408
8558,50096,41064,nursing_home ,0.07668067
8559,50096,41064,veterinarians_office ,0.0075632324
8560,50096,41088,clean_room ,0.5409359
8561,50096,41088,operating_room ,0.2746338
8562,50096,41088,hospital_room ,0.09606806
8563,50096,41088,nursing_home ,0.044057935
8564,50096,41088,veterinarians_office ,0.016799198
8565,50096,41112,clean_room ,0.5471624
8566,50096,41112,operating_room ,0.21541002
8567,50096,41112,hospital_room ,0.10606873
8568,50096,41112,nursing_home ,0.05236751
8569,50096,41112,veterinarians_office ,0.024671
8570,50096,41136,clean_room ,0.63168067
8571,50096,41136,operating_room ,0.118938684
8572,50096,41136,hospital_room ,0.084720485
8573,50096,41136,dressing_room ,0.07016947
8574,50096,41136,nursing_home ,0.03205743
8575,50096,41160,clean_room ,0.62711316
8576,50096,41160,operating_room ,0.22049713
8577,50096,41160,hospital_room ,0.075531505
8578,50096,41160,nursing_home ,0.024059635
8579,50096,41160,dressing_room ,0.014278208
8580,50096,41184,clean_room ,0.6592742
8581,50096,41184,operating_room ,0.2328694
8582,50096,41184,hospital_room ,0.051222768
8583,50096,41184,nursing_home ,0.016416933
8584,50096,41184,dressing_room ,0.0067267227
8585,50096,41208,clean_room ,0.6285108
8586,50096,41208,operating_room ,0.16018476
8587,50096,41208,hospital_room ,0.08149842
8588,50096,41208,nursing_home ,0.038839236
8589,50096,41208,dressing_room ,0.026644701
8590,50096,41232,clean_room ,0.69201756
8591,50096,41232,operating_room ,0.082794555
8592,50096,41232,hospital_room ,0.057118192
8593,50096,41232,dressing_room ,0.039283272
8594,50096,41232,nursing_home ,0.039000362
8595,50096,41256,clean_room ,0.5486716
8596,50096,41256,nursing_home ,0.093126215
8597,50096,41256,operating_room ,0.082407124
8598,50096,41256,archive ,0.0656529
8599,50096,41256,hospital_room ,0.052837063
8600,50096,41280,dressing_room ,0.7534982
8601,50096,41280,clean_room ,0.09655064
8602,50096,41280,beauty_salon ,0.03546156
8603,50096,41280,music_studio ,0.017974371
8604,50096,41280,biology_laboratory ,0.010907768
8605,50096,41304,dressing_room ,0.77919656
8606,50096,41304,clean_room ,0.052463237
8607,50096,41304,museum/indoor ,0.042492058
8608,50096,41304,art_gallery ,0.017417766
8609,50096,41304,nursing_home ,0.016996523
8610,50096,41328,dressing_room ,0.75716573
8611,50096,41328,clean_room ,0.041954566
8612,50096,41328,music_studio ,0.02753416
8613,50096,41328,television_studio ,0.024819355
8614,50096,41328,nursing_home ,0.021258904
8615,50096,41352,dressing_room ,0.6024858
8616,50096,41352,clean_room ,0.092685506
8617,50096,41352,music_studio ,0.059322227
8618,50096,41352,archive ,0.04682948
8619,50096,41352,television_studio ,0.03004917
8620,50096,41376,dressing_room ,0.5785198
8621,50096,41376,music_studio ,0.070824996
8622,50096,41376,clean_room ,0.06535628
8623,50096,41376,television_studio ,0.06116972
8624,50096,41376,nursing_home ,0.03420007
8625,50096,41400,dressing_room ,0.67550135
8626,50096,41400,music_studio ,0.05309506
8627,50096,41400,television_studio ,0.03934406
8628,50096,41400,clean_room ,0.038062323
8629,50096,41400,archive ,0.033108246
8630,50096,41424,dressing_room ,0.7606994
8631,50096,41424,music_studio ,0.041576743
8632,50096,41424,clean_room ,0.039833095
8633,50096,41424,television_studio ,0.03404942
8634,50096,41424,nursing_home ,0.025608923
8635,50096,41448,dressing_room ,0.68004245
8636,50096,41448,music_studio ,0.06509226
8637,50096,41448,television_studio ,0.053013228
8638,50096,41448,clean_room ,0.039540507
8639,50096,41448,nursing_home ,0.028013937
8640,50096,41472,dressing_room ,0.70566654
8641,50096,41472,music_studio ,0.049750865
8642,50096,41472,clean_room ,0.046917528
8643,50096,41472,television_studio ,0.042463567
8644,50096,41472,nursing_home ,0.02711949
8645,50096,41496,dressing_room ,0.39555642
8646,50096,41496,clean_room ,0.1902293
8647,50096,41496,music_studio ,0.11089334
8648,50096,41496,nursing_home ,0.06475529
8649,50096,41496,television_studio ,0.039723434
8650,50096,41520,dressing_room ,0.85851336
8651,50096,41520,music_studio ,0.029673941
8652,50096,41520,office ,0.026494887
8653,50096,41520,archive ,0.016156413
8654,50096,41520,museum/indoor ,0.011872388
8655,50096,41544,dressing_room ,0.9225863
8656,50096,41544,museum/indoor ,0.0135596
8657,50096,41544,music_studio ,0.011052195
8658,50096,41544,office ,0.009198093
8659,50096,41544,archive ,0.007489651
8660,50096,41568,dressing_room ,0.937411
8661,50096,41568,office ,0.011695309
8662,50096,41568,music_studio ,0.0108446935
8663,50096,41568,museum/indoor ,0.006529645
8664,50096,41568,archive ,0.004572054
8665,50096,41592,dressing_room ,0.88909787
8666,50096,41592,office ,0.030229626
8667,50096,41592,music_studio ,0.023238435
8668,50096,41592,archive ,0.010969829
8669,50096,41592,physics_laboratory ,0.0048310417
8670,50096,41616,dressing_room ,0.93314743
8671,50096,41616,music_studio ,0.01557241
8672,50096,41616,office ,0.010916165
8673,50096,41616,archive ,0.0065113995
8674,50096,41616,physics_laboratory ,0.0048705013
8675,50096,41640,dressing_room ,0.52482057
8676,50096,41640,music_studio ,0.14956287
8677,50096,41640,television_studio ,0.0942604
8678,50096,41640,clean_room ,0.031941738
8679,50096,41640,nursing_home ,0.0257861
8680,50096,41664,dressing_room ,0.53194696
8681,50096,41664,music_studio ,0.12430424
8682,50096,41664,television_studio ,0.07695595
8683,50096,41664,nursing_home ,0.036006704
8684,50096,41664,clean_room ,0.032991163
8685,50096,41688,dressing_room ,0.5161932
8686,50096,41688,music_studio ,0.0995907
8687,50096,41688,television_studio ,0.08356948
8688,50096,41688,archive ,0.061002534
8689,50096,41688,museum/indoor ,0.040940013
8690,50096,41712,dressing_room ,0.3669665
8691,50096,41712,clean_room ,0.1056807
8692,50096,41712,nursing_home ,0.06915405
8693,50096,41712,archive ,0.067400105
8694,50096,41712,music_studio ,0.057814877
8695,50096,41736,dressing_room ,0.8593462
8696,50096,41736,music_studio ,0.030231306
8697,50096,41736,museum/indoor ,0.026576266
8698,50096,41736,office ,0.01524446
8699,50096,41736,archive ,0.008491855
8700,50096,41760,dressing_room ,0.8139468
8701,50096,41760,museum/indoor ,0.045157187
8702,50096,41760,music_studio ,0.040738303
8703,50096,41760,office ,0.014811011
8704,50096,41760,television_studio ,0.012868754
8705,50096,41784,dressing_room ,0.8627
8706,50096,41784,museum/indoor ,0.04277463
8707,50096,41784,music_studio ,0.02797604
8708,50096,41784,office ,0.008728408
8709,50096,41784,television_studio ,0.0070834886
8710,50096,41808,dressing_room ,0.90009516
8711,50096,41808,music_studio ,0.03042634
8712,50096,41808,office ,0.011738031
8713,50096,41808,museum/indoor ,0.009332039
8714,50096,41808,television_studio ,0.0054998104
8715,50096,41832,dressing_room ,0.8151303
8716,50096,41832,music_studio ,0.052242793
8717,50096,41832,office ,0.039313454
8718,50096,41832,archive ,0.011914286
8719,50096,41832,physics_laboratory ,0.009792848
8720,50096,41856,dressing_room ,0.8978152
8721,50096,41856,music_studio ,0.026690986
8722,50096,41856,office ,0.013250424
8723,50096,41856,physics_laboratory ,0.0098189805
8724,50096,41856,museum/indoor ,0.008132632
8725,50096,41880,dressing_room ,0.9167661
8726,50096,41880,music_studio ,0.019306019
8727,50096,41880,office ,0.009699374
8728,50096,41880,clean_room ,0.00776714
8729,50096,41880,beauty_salon ,0.006588034
8730,50096,41904,dressing_room ,0.9290919
8731,50096,41904,music_studio ,0.01697527
8732,50096,41904,office ,0.009186408
8733,50096,41904,beauty_salon ,0.0048806653
8734,50096,41904,clean_room ,0.004725665
8735,50096,41928,dressing_room ,0.9822144
8736,50096,41928,museum/indoor ,0.008231351
8737,50096,41928,archive ,0.0025864367
8738,50096,41928,art_gallery ,0.0013373593
8739,50096,41928,office ,0.0011645772
8740,50096,41952,dressing_room ,0.91165876
8741,50096,41952,archive ,0.03457276
8742,50096,41952,museum/indoor ,0.016833195
8743,50096,41952,clean_room ,0.0069434484
8744,50096,41952,locker_room ,0.0063923965
8745,50096,41976,dressing_room ,0.5231047
8746,50096,41976,nursing_home ,0.071989104
8747,50096,41976,clean_room ,0.064056404
8748,50096,41976,music_studio ,0.05955178
8749,50096,41976,television_studio ,0.056522626
8750,50096,42000,dressing_room ,0.42892003
8751,50096,42000,clean_room ,0.20374058
8752,50096,42000,nursing_home ,0.06866924
8753,50096,42000,music_studio ,0.061655466
8754,50096,42000,archive ,0.039527025
8755,50096,42024,dressing_room ,0.6080074
8756,50096,42024,music_studio ,0.059617378
8757,50096,42024,nursing_home ,0.05846935
8758,50096,42024,television_studio ,0.0493706
8759,50096,42024,clean_room ,0.03604864
8760,50096,42048,dressing_room ,0.4746346
8761,50096,42048,clean_room ,0.11047383
8762,50096,42048,archive ,0.06276183
8763,50096,42048,nursing_home ,0.0607308
8764,50096,42048,music_studio ,0.055950183
8765,50096,42072,dressing_room ,0.65833795
8766,50096,42072,clean_room ,0.053951155
8767,50096,42072,music_studio ,0.051087916
8768,50096,42072,nursing_home ,0.040864874
8769,50096,42072,archive ,0.03735829
8770,50096,42096,dressing_room ,0.9182816
8771,50096,42096,archive ,0.019687302
8772,50096,42096,museum/indoor ,0.014407493
8773,50096,42096,clean_room ,0.011471395
8774,50096,42096,office ,0.008599318
8775,50096,42120,dressing_room ,0.79239684
8776,50096,42120,music_studio ,0.034705725
8777,50096,42120,office ,0.028699819
8778,50096,42120,museum/indoor ,0.027950818
8779,50096,42120,archive ,0.023885403
8780,50096,42144,dressing_room ,0.68546355
8781,50096,42144,music_studio ,0.087879844
8782,50096,42144,museum/indoor ,0.076478206
8783,50096,42144,office ,0.020705702
8784,50096,42144,archive ,0.020631881
8785,50096,42168,dressing_room ,0.8092597
8786,50096,42168,museum/indoor ,0.033788558
8787,50096,42168,music_studio ,0.02807725
8788,50096,42168,office ,0.023557594
8789,50096,42168,archive ,0.019021386
8790,50096,42192,dressing_room ,0.6829059
8791,50096,42192,nursing_home ,0.0680153
8792,50096,42192,music_studio ,0.040660102
8793,50096,42192,television_studio ,0.03829482
8794,50096,42192,clean_room ,0.029036634
8795,50096,42216,dressing_room ,0.7752026
8796,50096,42216,nursing_home ,0.03939981
8797,50096,42216,music_studio ,0.032284956
8798,50096,42216,archive ,0.031278435
8799,50096,42216,television_studio ,0.023456575
8800,50096,42240,dressing_room ,0.3445103
8801,50096,42240,clean_room ,0.1663733
8802,50096,42240,archive ,0.10498296
8803,50096,42240,music_studio ,0.090657845
8804,50096,42240,nursing_home ,0.03584293
8805,50096,42264,dressing_room ,0.74728304
8806,50096,42264,music_studio ,0.038509134
8807,50096,42264,clean_room ,0.027023956
8808,50096,42264,television_studio ,0.024732
8809,50096,42264,archive ,0.024600148
8810,50096,42288,dressing_room ,0.58599365
8811,50096,42288,archive ,0.068470895
8812,50096,42288,clean_room ,0.0678718
8813,50096,42288,music_studio ,0.054188598
8814,50096,42288,nursing_home ,0.02974806
8815,50096,42312,dressing_room ,0.5542659
8816,50096,42312,clean_room ,0.11094561
8817,50096,42312,archive ,0.04799025
8818,50096,42312,music_studio ,0.046508823
8819,50096,42312,hospital_room ,0.0309288
8820,50096,42336,dressing_room ,0.7197307
8821,50096,42336,clean_room ,0.07754322
8822,50096,42336,archive ,0.02727839
8823,50096,42336,music_studio ,0.025370592
8824,50096,42336,nursing_home ,0.021198269
8825,50096,42360,dressing_room ,0.65547675
8826,50096,42360,music_studio ,0.06306403
8827,50096,42360,clean_room ,0.040647555
8828,50096,42360,television_studio ,0.04056747
8829,50096,42360,archive ,0.038644355
8830,50096,42384,dressing_room ,0.6589572
8831,50096,42384,clean_room ,0.060424082
8832,50096,42384,nursing_home ,0.045079287
8833,50096,42384,archive ,0.043682218
8834,50096,42384,music_studio ,0.033538695
8835,50096,42408,dressing_room ,0.46765697
8836,50096,42408,clean_room ,0.11744585
8837,50096,42408,archive ,0.10267428
8838,50096,42408,music_studio ,0.047206413
8839,50096,42408,nursing_home ,0.04302048
8840,50096,42432,dressing_room ,0.625418
8841,50096,42432,museum/indoor ,0.1608567
8842,50096,42432,music_studio ,0.04693946
8843,50096,42432,office ,0.026822314
8844,50096,42432,archive ,0.024337085
8845,50096,42456,dressing_room ,0.8574817
8846,50096,42456,music_studio ,0.026810553
8847,50096,42456,museum/indoor ,0.021383515
8848,50096,42456,archive ,0.017896576
8849,50096,42456,office ,0.013766647
8850,50096,42480,dressing_room ,0.6509972
8851,50096,42480,museum/indoor ,0.10718589
8852,50096,42480,music_studio ,0.07019782
8853,50096,42480,office ,0.028533917
8854,50096,42480,archive ,0.02585452
8855,50096,42504,dressing_room ,0.75096107
8856,50096,42504,museum/indoor ,0.07251656
8857,50096,42504,music_studio ,0.056047093
8858,50096,42504,office ,0.015988585
8859,50096,42504,beauty_salon ,0.015719509
8860,50096,42528,dressing_room ,0.7082142
8861,50096,42528,music_studio ,0.07863698
8862,50096,42528,museum/indoor ,0.04106406
8863,50096,42528,office ,0.029200817
8864,50096,42528,physics_laboratory ,0.017938124
8865,50096,42552,clean_room ,0.939479
8866,50096,42552,operating_room ,0.037256785
8867,50096,42552,hospital_room ,0.013054685
8868,50096,42552,dressing_room ,0.002872617
8869,50096,42552,museum/indoor ,0.0011369538
8870,50096,42576,clean_room ,0.8768971
8871,50096,42576,operating_room ,0.038894873
8872,50096,42576,hospital_room ,0.031869438
8873,50096,42576,dressing_room ,0.0091617685
8874,50096,42576,museum/indoor ,0.004241279
8875,50096,42600,clean_room ,0.87566173
8876,50096,42600,hospital_room ,0.029632494
8877,50096,42600,operating_room ,0.028099176
8878,50096,42600,dressing_room ,0.026263349
8879,50096,42600,corridor ,0.005563905
8880,50096,42624,clean_room ,0.41003793
8881,50096,42624,hospital_room ,0.11154329
8882,50096,42624,dressing_room ,0.08013061
8883,50096,42624,entrance_hall ,0.06105671
8884,50096,42624,operating_room ,0.05096555
8885,50096,42648,dressing_room ,0.18243562
8886,50096,42648,living_room ,0.16092534
8887,50096,42648,clean_room ,0.09698614
8888,50096,42648,office ,0.0678334
8889,50096,42648,archive ,0.059544764
8890,50096,42672,clean_room ,0.3383556
8891,50096,42672,office ,0.12701882
8892,50096,42672,archive ,0.107427344
8893,50096,42672,hospital_room ,0.09728076
8894,50096,42672,nursing_home ,0.04794287
8895,50096,42696,clean_room ,0.2946724
8896,50096,42696,hospital_room ,0.19723782
8897,50096,42696,nursing_home ,0.08544142
8898,50096,42696,operating_room ,0.083094135
8899,50096,42696,dressing_room ,0.0701565
8900,50096,42720,clean_room ,0.24591497
8901,50096,42720,hospital_room ,0.16553369
8902,50096,42720,office ,0.12863788
8903,50096,42720,nursing_home ,0.08950932
8904,50096,42720,archive ,0.07988046
8905,50096,42744,clean_room ,0.36998442
8906,50096,42744,nursing_home ,0.14921516
8907,50096,42744,hospital_room ,0.14882378
8908,50096,42744,archive ,0.09126918
8909,50096,42744,operating_room ,0.086619265
8910,50096,42768,clean_room ,0.48375162
8911,50096,42768,hospital_room ,0.16366924
8912,50096,42768,nursing_home ,0.09079529
8913,50096,42768,operating_room ,0.089169174
8914,50096,42768,archive ,0.045837145
8915,50096,42792,clean_room ,0.35714218
8916,50096,42792,operating_room ,0.19591233
8917,50096,42792,hospital_room ,0.13291739
8918,50096,42792,nursing_home ,0.082240604
8919,50096,42792,archive ,0.060390696
8920,50096,42816,clean_room ,0.32710916
8921,50096,42816,operating_room ,0.14689256
8922,50096,42816,archive ,0.12136037
8923,50096,42816,nursing_home ,0.11262439
8924,50096,42816,hospital_room ,0.10437393
8925,50096,42840,clean_room ,0.49995476
8926,50096,42840,operating_room ,0.22176938
8927,50096,42840,hospital_room ,0.16526978
8928,50096,42840,nursing_home ,0.056018576
8929,50096,42840,veterinarians_office ,0.018690774
8930,50096,42864,clean_room ,0.6433811
8931,50096,42864,operating_room ,0.2515838
8932,50096,42864,hospital_room ,0.07145905
8933,50096,42864,nursing_home ,0.018546764
8934,50096,42864,veterinarians_office ,0.005490057
8935,50096,42888,clean_room ,0.38760865
8936,50096,42888,nursing_home ,0.19595505
8937,50096,42888,hospital_room ,0.19555798
8938,50096,42888,operating_room ,0.14204912
8939,50096,42888,dressing_room ,0.013882652
8940,50096,42912,clean_room ,0.4433152
8941,50096,42912,operating_room ,0.23458251
8942,50096,42912,hospital_room ,0.17079934
8943,50096,42912,nursing_home ,0.086563334
8944,50096,42912,archive ,0.009995608
8945,50096,42936,clean_room ,0.48619622
8946,50096,42936,hospital_room ,0.16141331
8947,50096,42936,operating_room ,0.1539597
8948,50096,42936,nursing_home ,0.11748748
8949,50096,42936,dressing_room ,0.020564817
8950,50096,42960,clean_room ,0.6250829
8951,50096,42960,operating_room ,0.08909278
8952,50096,42960,nursing_home ,0.08610006
8953,50096,42960,hospital_room ,0.08516183
8954,50096,42960,dressing_room ,0.01773254
8955,50096,42984,archive ,0.87784624
8956,50096,42984,clean_room ,0.059193816
8957,50096,42984,locker_room ,0.016643444
8958,50096,42984,art_gallery ,0.004769572
8959,50096,42984,museum/indoor ,0.0047071544
8960,50096,43008,clean_room ,0.70582414
8961,50096,43008,archive ,0.052895017
8962,50096,43008,locker_room ,0.03126696
8963,50096,43008,office ,0.030539371
8964,50096,43008,hospital_room ,0.029068759
8965,50096,43032,clean_room ,0.297565
8966,50096,43032,archive ,0.29017258
8967,50096,43032,atrium/public ,0.041337896
8968,50096,43032,corridor ,0.040416773
8969,50096,43032,art_gallery ,0.034398805
8970,50096,43056,locker_room ,0.36312106
8971,50096,43056,clean_room ,0.16393971
8972,50096,43056,dressing_room ,0.11259667
8973,50096,43056,archive ,0.09557149
8974,50096,43056,sauna ,0.048273172
8975,50096,43080,archive ,0.3020987
8976,50096,43080,staircase ,0.15371016
8977,50096,43080,clean_room ,0.14649093
8978,50096,43080,corridor ,0.060083564
8979,50096,43080,closet ,0.058867272
8980,50096,43104,archive ,0.33593678
8981,50096,43104,clean_room ,0.12854533
8982,50096,43104,closet ,0.07915948
8983,50096,43104,office ,0.025642585
8984,50096,43104,art_gallery ,0.023532607
8985,50096,43128,clean_room ,0.7065356
8986,50096,43128,airplane_cabin ,0.027662763
8987,50096,43128,corridor ,0.025063498
8988,50096,43128,hospital_room ,0.022336539
8989,50096,43128,closet ,0.020595416
8990,50096,43152,clean_room ,0.49095297
8991,50096,43152,office ,0.07713348
8992,50096,43152,airplane_cabin ,0.05564616
8993,50096,43152,atrium/public ,0.055099864
8994,50096,43152,office_cubicles ,0.03245493
8995,50096,43176,clean_room ,0.57188433
8996,50096,43176,atrium/public ,0.116054796
8997,50096,43176,museum/indoor ,0.083762296
8998,50096,43176,art_gallery ,0.0409412
8999,50096,43176,archive ,0.03904147
9000,50096,43200,archive ,0.13677819
9001,50096,43200,clean_room ,0.1182158
9002,50096,43200,closet ,0.05504531
9003,50096,43200,office ,0.037325114
9004,50096,43200,dressing_room ,0.033833593
9005,50096,43224,clean_room ,0.24236512
9006,50096,43224,archive ,0.0716706
9007,50096,43224,closet ,0.06277007
9008,50096,43224,clothing_store ,0.03771691
9009,50096,43224,biology_laboratory ,0.037327085
9010,50096,43248,clean_room ,0.304128
9011,50096,43248,biology_laboratory ,0.0795057
9012,50096,43248,archive ,0.07351287
9013,50096,43248,hospital_room ,0.06409378
9014,50096,43248,dressing_room ,0.036230743
9015,50096,43272,clean_room ,0.9052261
9016,50096,43272,archive ,0.0294305
9017,50096,43272,museum/indoor ,0.00589103
9018,50096,43272,hospital_room ,0.005756445
9019,50096,43272,art_gallery ,0.0053450884
9020,50096,43296,clean_room ,0.16144545
9021,50096,43296,museum/indoor ,0.104962975
9022,50096,43296,art_gallery ,0.06582587
9023,50096,43296,locker_room ,0.055030562
9024,50096,43296,airplane_cabin ,0.038990837
9025,50096,43320,clean_room ,0.39190513
9026,50096,43320,archive ,0.11597339
9027,50096,43320,office_cubicles ,0.069885634
9028,50096,43320,art_gallery ,0.047458187
9029,50096,43320,museum/indoor ,0.036743753
9030,50096,43344,archive ,0.25591826
9031,50096,43344,locker_room ,0.20078963
9032,50096,43344,martial_arts_gym ,0.08650361
9033,50096,43344,clean_room ,0.07267265
9034,50096,43344,dressing_room ,0.034343176
9035,50096,43368,atrium/public ,0.44255775
9036,50096,43368,shopping_mall/indoor ,0.0978131
9037,50096,43368,staircase ,0.048920732
9038,50096,43368,corridor ,0.042051524
9039,50096,43368,airport_terminal ,0.04100081
9040,50096,43392,natural_history_museum ,0.2527353
9041,50096,43392,museum/indoor ,0.17211494
9042,50096,43392,art_gallery ,0.1553543
9043,50096,43392,atrium/public ,0.10977382
9044,50096,43392,science_museum ,0.06071889
9045,50096,43416,attic ,0.19970511
9046,50096,43416,berth ,0.19856317
9047,50096,43416,archive ,0.12572417
9048,50096,43416,bedroom ,0.05799945
9049,50096,43416,youth_hostel ,0.038758855
9050,50096,43440,clean_room ,0.41237175
9051,50096,43440,operating_room ,0.18201278
9052,50096,43440,hospital_room ,0.14131318
9053,50096,43440,nursing_home ,0.11943831
9054,50096,43440,archive ,0.033563413
9055,50096,43464,clean_room ,0.359221
9056,50096,43464,archive ,0.10781338
9057,50096,43464,nursing_home ,0.102696754
9058,50096,43464,museum/indoor ,0.09905229
9059,50096,43464,hospital_room ,0.06856108
9060,50096,43488,clean_room ,0.3202789
9061,50096,43488,operating_room ,0.28511986
9062,50096,43488,hospital_room ,0.16113713
9063,50096,43488,nursing_home ,0.09842754
9064,50096,43488,veterinarians_office ,0.047671538
9065,50096,43512,museum/indoor ,0.52433616
9066,50096,43512,clean_room ,0.20278157
9067,50096,43512,archive ,0.061567478
9068,50096,43512,operating_room ,0.044356894
9069,50096,43512,dressing_room ,0.034155812
9070,50096,43536,operating_room ,0.38824138
9071,50096,43536,clean_room ,0.37361175
9072,50096,43536,hospital_room ,0.0853251
9073,50096,43536,nursing_home ,0.06407324
9074,50096,43536,veterinarians_office ,0.023430904
9075,50096,43560,clean_room ,0.4554354
9076,50096,43560,operating_room ,0.28127337
9077,50096,43560,hospital_room ,0.108401656
9078,50096,43560,nursing_home ,0.057578214
9079,50096,43560,veterinarians_office ,0.029242735
9080,50096,43584,operating_room ,0.2837043
9081,50096,43584,clean_room ,0.2751433
9082,50096,43584,hospital_room ,0.2016023
9083,50096,43584,veterinarians_office ,0.08687045
9084,50096,43584,nursing_home ,0.06560753
9085,50096,43608,clean_room ,0.30214775
9086,50096,43608,operating_room ,0.17627938
9087,50096,43608,hospital_room ,0.12448094
9088,50096,43608,dressing_room ,0.056706622
9089,50096,43608,nursing_home ,0.05424909
9090,50096,43632,clean_room ,0.7741525
9091,50096,43632,dressing_room ,0.056155097
9092,50096,43632,hospital_room ,0.020647647
9093,50096,43632,chemistry_lab ,0.0108571565
9094,50096,43632,operating_room ,0.01029482
9095,50096,43656,dressing_room ,0.695794
9096,50096,43656,shower ,0.05062229
9097,50096,43656,bathroom ,0.037843894
9098,50096,43656,sauna ,0.03493299
9099,50096,43656,locker_room ,0.032010764
9100,50096,43680,dressing_room ,0.7368421
9101,50096,43680,shower ,0.069394365
9102,50096,43680,clean_room ,0.029427858
9103,50096,43680,bathroom ,0.018566934
9104,50096,43680,hospital_room ,0.017729176
9105,50096,43704,dressing_room ,0.42418423
9106,50096,43704,elevator/door ,0.18090622
9107,50096,43704,elevator_lobby ,0.07304893
9108,50096,43704,bow_window/indoor ,0.036325555
9109,50096,43704,locker_room ,0.023776455
9110,50096,43728,dressing_room ,0.16378483
9111,50096,43728,shower ,0.12314047
9112,50096,43728,bow_window/indoor ,0.107202195
9113,50096,43728,clean_room ,0.10162544
9114,50096,43728,bathroom ,0.079809174
9115,50096,43752,dressing_room ,0.72434163
9116,50096,43752,clean_room ,0.046540745
9117,50096,43752,archive ,0.038772896
9118,50096,43752,office ,0.02511547
9119,50096,43752,museum/indoor ,0.021281524
9120,50096,43776,dressing_room ,0.91105103
9121,50096,43776,archive ,0.019303197
9122,50096,43776,locker_room ,0.017998993
9123,50096,43776,clean_room ,0.01184415
9124,50096,43776,office ,0.006648396
9125,50096,43800,dressing_room ,0.8972129
9126,50096,43800,archive ,0.02256929
9127,50096,43800,locker_room ,0.02054542
9128,50096,43800,clean_room ,0.011441324
9129,50096,43800,office ,0.008065977
9130,50096,43824,dressing_room ,0.90966344
9131,50096,43824,locker_room ,0.021667015
9132,50096,43824,archive ,0.020766774
9133,50096,43824,clean_room ,0.008102065
9134,50096,43824,office ,0.0065256255
9135,50096,43848,dressing_room ,0.87482136
9136,50096,43848,archive ,0.040374786
9137,50096,43848,office ,0.014651953
9138,50096,43848,locker_room ,0.013035247
9139,50096,43848,clean_room ,0.01098655
9140,50096,43872,dressing_room ,0.9616838
9141,50096,43872,archive ,0.007698152
9142,50096,43872,clean_room ,0.005601048
9143,50096,43872,locker_room ,0.0038957347
9144,50096,43872,office ,0.0036590793
9145,50096,43896,dressing_room ,0.9392208
9146,50096,43896,archive ,0.01462359
9147,50096,43896,clean_room ,0.007841498
9148,50096,43896,office ,0.007618309
9149,50096,43896,office_cubicles ,0.0033039055
9150,50096,43920,dressing_room ,0.9088999
9151,50096,43920,archive ,0.018081356
9152,50096,43920,office ,0.013361581
9153,50096,43920,reception ,0.008387228
9154,50096,43920,clean_room ,0.007767785
9155,50096,43944,dressing_room ,0.8305462
9156,50096,43944,office ,0.031889748
9157,50096,43944,archive ,0.025783343
9158,50096,43944,reception ,0.013497439
9159,50096,43944,office_cubicles ,0.013014988
9160,50096,43968,dressing_room ,0.9161058
9161,50096,43968,archive ,0.015361649
9162,50096,43968,office ,0.008970931
9163,50096,43968,clean_room ,0.008563502
9164,50096,43968,reception ,0.004243136
9165,50096,43992,dressing_room ,0.4046145
9166,50096,43992,archive ,0.13256685
9167,50096,43992,museum/indoor ,0.08386338
9168,50096,43992,office ,0.06793433
9169,50096,43992,art_gallery ,0.043168508
9170,50096,44016,dressing_room ,0.23163803
9171,50096,44016,museum/indoor ,0.18997015
9172,50096,44016,art_gallery ,0.082373455
9173,50096,44016,office ,0.062126286
9174,50096,44016,archive ,0.058657624
9175,50096,44040,atrium/public ,0.25698286
9176,50096,44040,clean_room ,0.22021447
9177,50096,44040,elevator_lobby ,0.06353497
9178,50096,44040,archive ,0.059342533
9179,50096,44040,museum/indoor ,0.053477265
9180,50096,44064,office_building ,0.29449186
9181,50096,44064,hospital ,0.17004544
9182,50096,44064,skyscraper ,0.0954247
9183,50096,44064,atrium/public ,0.08061439
9184,50096,44064,building_facade ,0.0582096
9185,50096,44088,office_building ,0.24269891
9186,50096,44088,hospital ,0.21115224
9187,50096,44088,skyscraper ,0.14826453
9188,50096,44088,apartment_building/outdoor ,0.061272085
9189,50096,44088,building_facade ,0.05884639
9190,50096,44112,hospital ,0.22655724
9191,50096,44112,office_building ,0.22088608
9192,50096,44112,building_facade ,0.112524755
9193,50096,44112,apartment_building/outdoor ,0.107800856
9194,50096,44112,skyscraper ,0.10775758
9195,50096,44136,office_building ,0.23549667
9196,50096,44136,hospital ,0.22942376
9197,50096,44136,building_facade ,0.12772973
9198,50096,44136,skyscraper ,0.110725194
9199,50096,44136,apartment_building/outdoor ,0.10487661
9200,50096,44160,archive ,0.6941773
9201,50096,44160,sauna ,0.07178352
9202,50096,44160,clean_room ,0.034163196
9203,50096,44160,dressing_room ,0.020351846
9204,50096,44160,library/indoor ,0.014738435
9205,50096,44184,archive ,0.543305
9206,50096,44184,clean_room ,0.061496507
9207,50096,44184,sauna ,0.047413915
9208,50096,44184,bow_window/indoor ,0.031814687
9209,50096,44184,library/indoor ,0.02976573
9210,50096,44208,archive ,0.77454454
9211,50096,44208,clean_room ,0.038392533
9212,50096,44208,library/indoor ,0.024751823
9213,50096,44208,sauna ,0.023304923
9214,50096,44208,dressing_room ,0.01400878
9215,50096,44232,archive ,0.65632844
9216,50096,44232,office ,0.12312444
9217,50096,44232,home_office ,0.047571443
9218,50096,44232,library/indoor ,0.039486997
9219,50096,44232,office_cubicles ,0.02331391
9220,50096,44256,office ,0.22523019
9221,50096,44256,bow_window/indoor ,0.134052
9222,50096,44256,home_office ,0.12311606
9223,50096,44256,dressing_room ,0.10597501
9224,50096,44256,archive ,0.105385415
9225,50096,44280,dressing_room ,0.342289
9226,50096,44280,dorm_room ,0.1786889
9227,50096,44280,office ,0.15655567
9228,50096,44280,home_office ,0.11949081
9229,50096,44280,clean_room ,0.054394122
9230,50096,44304,archive ,0.8669214
9231,50096,44304,office ,0.028488517
9232,50096,44304,library/indoor ,0.027340656
9233,50096,44304,clean_room ,0.010213153
9234,50096,44304,music_studio ,0.010151472
9235,50096,44328,archive ,0.616472
9236,50096,44328,office ,0.099113494
9237,50096,44328,library/indoor ,0.06162865
9238,50096,44328,conference_room ,0.046520993
9239,50096,44328,office_cubicles ,0.036697324
9240,50096,44352,archive ,0.74825644
9241,50096,44352,clean_room ,0.06463955
9242,50096,44352,library/indoor ,0.0573878
9243,50096,44352,office ,0.0252247
9244,50096,44352,conference_room ,0.014666561
9245,50096,44376,archive ,0.66172713
9246,50096,44376,clean_room ,0.112594984
9247,50096,44376,museum/indoor ,0.08577423
9248,50096,44376,library/indoor ,0.041938424
9249,50096,44376,office ,0.016889721
9250,50096,44400,archive ,0.69524753
9251,50096,44400,library/indoor ,0.07195826
9252,50096,44400,clean_room ,0.063078195
9253,50096,44400,office ,0.031401206
9254,50096,44400,music_studio ,0.029662209
9255,50096,44424,archive ,0.82075775
9256,50096,44424,library/indoor ,0.05308413
9257,50096,44424,clean_room ,0.035602417
9258,50096,44424,office ,0.02954825
9259,50096,44424,music_studio ,0.008601467
9260,50096,44448,archive ,0.8671683
9261,50096,44448,library/indoor ,0.03494178
9262,50096,44448,clean_room ,0.033156976
9263,50096,44448,office ,0.017758232
9264,50096,44448,museum/indoor ,0.004375321
9265,50096,44472,archive ,0.8901772
9266,50096,44472,library/indoor ,0.040076293
9267,50096,44472,clean_room ,0.02067343
9268,50096,44472,office ,0.014055764
9269,50096,44472,music_studio ,0.0039678104
9270,50096,44496,archive ,0.7561926
9271,50096,44496,library/indoor ,0.099609405
9272,50096,44496,office ,0.034524594
9273,50096,44496,clean_room ,0.031318627
9274,50096,44496,conference_room ,0.012022403
9275,50096,44520,archive ,0.80032176
9276,50096,44520,library/indoor ,0.09730853
9277,50096,44520,office ,0.028010508
9278,50096,44520,clean_room ,0.018049052
9279,50096,44520,music_studio ,0.009129464
9280,50096,44544,archive ,0.8691882
9281,50096,44544,library/indoor ,0.06755543
9282,50096,44544,office ,0.019201806
9283,50096,44544,clean_room ,0.010005945
9284,50096,44544,office_cubicles ,0.004886335
9285,50096,44568,archive ,0.7621245
9286,50096,44568,library/indoor ,0.10128541
9287,50096,44568,office ,0.041862875
9288,50096,44568,clean_room ,0.017566489
9289,50096,44568,computer_room ,0.010838927
9290,50096,44592,archive ,0.73936856
9291,50096,44592,library/indoor ,0.11075377
9292,50096,44592,office ,0.04633511
9293,50096,44592,clean_room ,0.022770744
9294,50096,44592,computer_room ,0.012191324
9295,50096,44616,office ,0.36802948
9296,50096,44616,archive ,0.14464897
9297,50096,44616,clean_room ,0.12966979
9298,50096,44616,computer_room ,0.06765242
9299,50096,44616,office_cubicles ,0.059908833
9300,50096,44640,office ,0.5518631
9301,50096,44640,library/indoor ,0.121603504
9302,50096,44640,archive ,0.104241095
9303,50096,44640,office_cubicles ,0.04780098
9304,50096,44640,home_office ,0.03545742
9305,50096,44664,office ,0.37933546
9306,50096,44664,archive ,0.22586572
9307,50096,44664,home_office ,0.100755945
9308,50096,44664,library/indoor ,0.07629816
9309,50096,44664,computer_room ,0.05202596
9310,50096,44688,archive ,0.7725497
9311,50096,44688,office ,0.09467783
9312,50096,44688,library/indoor ,0.04295708
9313,50096,44688,home_office ,0.030760966
9314,50096,44688,office_cubicles ,0.017892374
9315,50096,44712,office ,0.36720425
9316,50096,44712,archive ,0.16707928
9317,50096,44712,clean_room ,0.10936457
9318,50096,44712,home_office ,0.09721133
9319,50096,44712,library/indoor ,0.03804651
9320,50096,44736,clean_room ,0.39082482
9321,50096,44736,office ,0.20453604
9322,50096,44736,archive ,0.18722086
9323,50096,44736,biology_laboratory ,0.052475974
9324,50096,44736,office_cubicles ,0.02714169
9325,50096,44760,clean_room ,0.71987194
9326,50096,44760,office ,0.05919385
9327,50096,44760,biology_laboratory ,0.053903345
9328,50096,44760,archive ,0.04735255
9329,50096,44760,operating_room ,0.016478313
9330,50096,44784,clean_room ,0.5527056
9331,50096,44784,office ,0.15926893
9332,50096,44784,archive ,0.04986785
9333,50096,44784,biology_laboratory ,0.046957437
9334,50096,44784,home_office ,0.02512837
9335,50096,44808,clean_room ,0.47540867
9336,50096,44808,office ,0.19600493
9337,50096,44808,archive ,0.08767597
9338,50096,44808,biology_laboratory ,0.03389122
9339,50096,44808,home_office ,0.025353737
9340,50096,44832,clean_room ,0.64674467
9341,50096,44832,office ,0.11477683
9342,50096,44832,archive ,0.065997526
9343,50096,44832,biology_laboratory ,0.032217767
9344,50096,44832,home_office ,0.015964625
9345,50096,44856,clean_room ,0.50624144
9346,50096,44856,office ,0.16621535
9347,50096,44856,archive ,0.06277853
9348,50096,44856,biology_laboratory ,0.05327351
9349,50096,44856,home_office ,0.03316482
9350,50096,44880,office ,0.16500789
9351,50096,44880,archive ,0.15689613
9352,50096,44880,museum/indoor ,0.1523069
9353,50096,44880,art_gallery ,0.11997209
9354,50096,44880,television_studio ,0.046700627
9355,50096,44904,museum/indoor ,0.22825126
9356,50096,44904,art_gallery ,0.1474001
9357,50096,44904,archive ,0.13978991
9358,50096,44904,office ,0.12063452
9359,50096,44904,television_studio ,0.05044841
9360,50096,44928,museum/indoor ,0.178396
9361,50096,44928,office ,0.15227582
9362,50096,44928,art_gallery ,0.12912552
9363,50096,44928,archive ,0.122011796
9364,50096,44928,television_studio ,0.07354156
9365,50096,44952,museum/indoor ,0.30314353
9366,50096,44952,archive ,0.16150333
9367,50096,44952,art_gallery ,0.10597061
9368,50096,44952,office ,0.085029684
9369,50096,44952,television_studio ,0.055373315
9370,50096,44976,museum/indoor ,0.2827354
9371,50096,44976,archive ,0.20509851
9372,50096,44976,art_gallery ,0.09561354
9373,50096,44976,office ,0.0933349
9374,50096,44976,television_studio ,0.06149289
9375,50096,45000,dressing_room ,0.4559468
9376,50096,45000,clothing_store ,0.1358759
9377,50096,45000,clean_room ,0.0477374
9378,50096,45000,office ,0.03794943
9379,50096,45000,museum/indoor ,0.034039892
9380,50096,45024,dressing_room ,0.46657106
9381,50096,45024,museum/indoor ,0.12245362
9382,50096,45024,shower ,0.09804327
9383,50096,45024,music_studio ,0.06350151
9384,50096,45024,art_gallery ,0.05321718
9385,50096,45048,dressing_room ,0.29835603
9386,50096,45048,museum/indoor ,0.14244178
9387,50096,45048,art_gallery ,0.13912247
9388,50096,45048,music_studio ,0.077218615
9389,50096,45048,archive ,0.0590387
9390,50096,45072,music_studio ,0.28477883
9391,50096,45072,dressing_room ,0.14435755
9392,50096,45072,museum/indoor ,0.12743047
9393,50096,45072,art_gallery ,0.06493557
9394,50096,45072,television_studio ,0.060952477
9395,50096,45096,dressing_room ,0.49350873
9396,50096,45096,museum/indoor ,0.12752372
9397,50096,45096,art_gallery ,0.0965992
9398,50096,45096,music_studio ,0.084653355
9399,50096,45096,archive ,0.016741661
9400,50096,45120,dressing_room ,0.56008875
9401,50096,45120,museum/indoor ,0.14126743
9402,50096,45120,music_studio ,0.07310269
9403,50096,45120,art_gallery ,0.06993865
9404,50096,45120,clean_room ,0.024726888
9405,50096,45144,dressing_room ,0.5897216
9406,50096,45144,music_studio ,0.10245518
9407,50096,45144,museum/indoor ,0.05632158
9408,50096,45144,art_gallery ,0.05225189
9409,50096,45144,clean_room ,0.033996414
9410,50096,45168,museum/indoor ,0.2286024
9411,50096,45168,office ,0.21459526
9412,50096,45168,art_gallery ,0.11305452
9413,50096,45168,television_studio ,0.09312481
9414,50096,45168,archive ,0.085034445
9415,50096,45192,museum/indoor ,0.23954016
9416,50096,45192,office ,0.16137242
9417,50096,45192,art_gallery ,0.15306187
9418,50096,45192,archive ,0.08517665
9419,50096,45192,television_studio ,0.06282137
9420,50096,45216,museum/indoor ,0.22929968
9421,50096,45216,office ,0.17837742
9422,50096,45216,art_gallery ,0.13191392
9423,50096,45216,archive ,0.10461605
9424,50096,45216,television_studio ,0.07406951
9425,50096,45240,dressing_room ,0.60392314
9426,50096,45240,music_studio ,0.11773352
9427,50096,45240,clean_room ,0.031942196
9428,50096,45240,art_gallery ,0.02959782
9429,50096,45240,museum/indoor ,0.022670487
9430,50096,45264,dressing_room ,0.50810534
9431,50096,45264,music_studio ,0.16433115
9432,50096,45264,television_studio ,0.030880915
9433,50096,45264,stage/indoor ,0.030232547
9434,50096,45264,art_gallery ,0.026034946
9435,50096,45288,dressing_room ,0.5748053
9436,50096,45288,music_studio ,0.13672537
9437,50096,45288,art_gallery ,0.035214838
9438,50096,45288,museum/indoor ,0.032342684
9439,50096,45288,stage/indoor ,0.026843203
9440,50096,45312,dressing_room ,0.56070554
9441,50096,45312,music_studio ,0.13295728
9442,50096,45312,art_gallery ,0.034114715
9443,50096,45312,museum/indoor ,0.030179374
9444,50096,45312,stage/indoor ,0.025167596
9445,50096,45336,office ,0.2039428
9446,50096,45336,museum/indoor ,0.1515666
9447,50096,45336,archive ,0.12258264
9448,50096,45336,art_gallery ,0.118164815
9449,50096,45336,television_studio ,0.06230929
9450,50096,45360,dressing_room ,0.46117708
9451,50096,45360,music_studio ,0.14451312
9452,50096,45360,museum/indoor ,0.099718176
9453,50096,45360,art_gallery ,0.079550125
9454,50096,45360,television_studio ,0.033664018
9455,50096,45384,office ,0.22788511
9456,50096,45384,art_gallery ,0.2162257
9457,50096,45384,archive ,0.12724291
9458,50096,45384,office_cubicles ,0.11121199
9459,50096,45384,museum/indoor ,0.07195172
9460,50096,45408,conference_room ,0.25994182
9461,50096,45408,bow_window/indoor ,0.18787546
9462,50096,45408,waiting_room ,0.14865689
9463,50096,45408,office ,0.091652036
9464,50096,45408,living_room ,0.047568843
9465,50096,45432,office ,0.5138426
9466,50096,45432,office_cubicles ,0.13992119
9467,50096,45432,dressing_room ,0.058168292
9468,50096,45432,home_office ,0.033422746
9469,50096,45432,music_studio ,0.032269374
9470,50096,45456,museum/indoor ,0.3780871
9471,50096,45456,art_gallery ,0.16625705
9472,50096,45456,office ,0.07956974
9473,50096,45456,archive ,0.07449288
9474,50096,45456,television_studio ,0.06794177
9475,50096,45480,museum/indoor ,0.5429513
9476,50096,45480,art_gallery ,0.14347796
9477,50096,45480,archive ,0.06853504
9478,50096,45480,office ,0.03773148
9479,50096,45480,clean_room ,0.030994505
9480,50096,45504,museum/indoor ,0.47447222
9481,50096,45504,art_gallery ,0.17697988
9482,50096,45504,archive ,0.07921668
9483,50096,45504,clean_room ,0.036181245
9484,50096,45504,office ,0.031576246
9485,50096,45528,office ,0.29188526
9486,50096,45528,locker_room ,0.15401118
9487,50096,45528,clean_room ,0.08024655
9488,50096,45528,dressing_room ,0.07949477
9489,50096,45528,office_cubicles ,0.07862318
9490,50096,45552,dressing_room ,0.32263136
9491,50096,45552,locker_room ,0.17859022
9492,50096,45552,office ,0.11917523
9493,50096,45552,bathroom ,0.045332108
9494,50096,45552,elevator/door ,0.04056354
9495,50096,45576,dressing_room ,0.29317078
9496,50096,45576,locker_room ,0.20864934
9497,50096,45576,office ,0.1272965
9498,50096,45576,clean_room ,0.0629331
9499,50096,45576,elevator/door ,0.03054455
9500,50096,45600,dressing_room ,0.40908262
9501,50096,45600,office ,0.16840914
9502,50096,45600,locker_room ,0.11416418
9503,50096,45600,clean_room ,0.081486195
9504,50096,45600,office_cubicles ,0.057914108
9505,50096,45624,dressing_room ,0.2571918
9506,50096,45624,office ,0.19816688
9507,50096,45624,clean_room ,0.17595753
9508,50096,45624,locker_room ,0.12224914
9509,50096,45624,office_cubicles ,0.06625648
9510,50096,45648,office ,0.22903961
9511,50096,45648,dressing_room ,0.21606015
9512,50096,45648,clean_room ,0.15277274
9513,50096,45648,locker_room ,0.1293711
9514,50096,45648,office_cubicles ,0.07961737
9515,50096,45672,dressing_room ,0.36295268
9516,50096,45672,office ,0.18569145
9517,50096,45672,locker_room ,0.15206787
9518,50096,45672,clean_room ,0.06112456
9519,50096,45672,office_cubicles ,0.061078176
9520,50096,45696,dressing_room ,0.28085637
9521,50096,45696,office ,0.24671887
9522,50096,45696,locker_room ,0.14582507
9523,50096,45696,office_cubicles ,0.055410165
9524,50096,45696,clean_room ,0.055067014
9525,50096,45720,office ,0.33961374
9526,50096,45720,office_cubicles ,0.13820013
9527,50096,45720,clean_room ,0.10436242
9528,50096,45720,server_room ,0.08970438
9529,50096,45720,locker_room ,0.081181094
9530,50096,45744,museum/indoor ,0.27732953
9531,50096,45744,art_gallery ,0.1837063
9532,50096,45744,office ,0.0847323
9533,50096,45744,archive ,0.07233572
9534,50096,45744,television_studio ,0.053127103
9535,50096,45768,museum/indoor ,0.3447539
9536,50096,45768,art_gallery ,0.21845618
9537,50096,45768,archive ,0.06542784
9538,50096,45768,office ,0.056747306
9539,50096,45768,television_studio ,0.053250298
9540,50096,45792,museum/indoor ,0.35170072
9541,50096,45792,art_gallery ,0.23108469
9542,50096,45792,archive ,0.05341355
9543,50096,45792,television_studio ,0.051583316
9544,50096,45792,office ,0.03525014
9545,50096,45816,museum/indoor ,0.48338872
9546,50096,45816,art_gallery ,0.21679634
9547,50096,45816,archive ,0.04214151
9548,50096,45816,television_studio ,0.033191577
9549,50096,45816,office ,0.027298613
9550,50096,45840,locker_room ,0.37482965
9551,50096,45840,clean_room ,0.18196623
9552,50096,45840,dressing_room ,0.09766273
9553,50096,45840,office ,0.0911446
9554,50096,45840,elevator/door ,0.04949934
9555,50096,45864,locker_room ,0.3692109
9556,50096,45864,clean_room ,0.23642094
9557,50096,45864,dressing_room ,0.08234305
9558,50096,45864,office ,0.070349306
9559,50096,45864,elevator/door ,0.033228755
9560,50096,45888,locker_room ,0.55434257
9561,50096,45888,clean_room ,0.19160397
9562,50096,45888,dressing_room ,0.08944963
9563,50096,45888,office ,0.026332673
9564,50096,45888,elevator/door ,0.0243164
9565,50096,45912,locker_room ,0.3287872
9566,50096,45912,clean_room ,0.23484257
9567,50096,45912,dressing_room ,0.18040587
9568,50096,45912,office ,0.05166591
9569,50096,45912,elevator/door ,0.032753553
9570,50096,45936,locker_room ,0.3682279
9571,50096,45936,clean_room ,0.19127402
9572,50096,45936,dressing_room ,0.18360293
9573,50096,45936,office ,0.045624036
9574,50096,45936,elevator/door ,0.0344363
9575,50096,45960,clean_room ,0.19910157
9576,50096,45960,office ,0.1640649
9577,50096,45960,locker_room ,0.14808649
9578,50096,45960,dressing_room ,0.13892797
9579,50096,45960,archive ,0.03910848
9580,50096,45984,clean_room ,0.20621766
9581,50096,45984,office ,0.16931324
9582,50096,45984,locker_room ,0.15108256
9583,50096,45984,dressing_room ,0.14210217
9584,50096,45984,office_cubicles ,0.051270477
9585,50096,46008,museum/indoor ,0.41711482
9586,50096,46008,art_gallery ,0.21105957
9587,50096,46008,archive ,0.06667924
9588,50096,46008,office ,0.051929172
9589,50096,46008,television_studio ,0.038871795
9590,50096,46032,museum/indoor ,0.4768481
9591,50096,46032,art_gallery ,0.18437614
9592,50096,46032,archive ,0.052878503
9593,50096,46032,television_studio ,0.03768646
9594,50096,46032,clean_room ,0.032223243
9595,50096,46056,museum/indoor ,0.5368315
9596,50096,46056,art_gallery ,0.20906201
9597,50096,46056,archive ,0.031750746
9598,50096,46056,television_studio ,0.03163024
9599,50096,46056,office ,0.02125215
9600,50096,46080,office ,0.45496035
9601,50096,46080,archive ,0.29597718
9602,50096,46080,library/indoor ,0.05689237
9603,50096,46080,home_office ,0.041821737
9604,50096,46080,office_cubicles ,0.03958232
9605,50096,46104,office ,0.3299631
9606,50096,46104,conference_room ,0.107474506
9607,50096,46104,archive ,0.10172329
9608,50096,46104,library/indoor ,0.08951915
9609,50096,46104,computer_room ,0.07857974
9610,50096,46128,archive ,0.6551528
9611,50096,46128,office ,0.17052537
9612,50096,46128,library/indoor ,0.038441513
9613,50096,46128,office_cubicles ,0.03498481
9614,50096,46128,clean_room ,0.021426737
9615,50096,46152,office ,0.5241277
9616,50096,46152,home_office ,0.1423596
9617,50096,46152,computer_room ,0.06548664
9618,50096,46152,office_cubicles ,0.056172673
9619,50096,46152,archive ,0.055883497
9620,50096,46176,office ,0.4209238
9621,50096,46176,home_office ,0.38206542
9622,50096,46176,archive ,0.049695686
9623,50096,46176,library/indoor ,0.033118103
9624,50096,46176,conference_room ,0.022547912
9625,50096,46200,clean_room ,0.365938
9626,50096,46200,archive ,0.12501492
9627,50096,46200,office ,0.1163404
9628,50096,46200,home_office ,0.084211424
9629,50096,46200,dining_room ,0.06955388
9630,50096,46224,museum/indoor ,0.30402297
9631,50096,46224,art_gallery ,0.16569696
9632,50096,46224,archive ,0.07695497
9633,50096,46224,office ,0.06629415
9634,50096,46224,television_studio ,0.065020084
9635,50096,46248,museum/indoor ,0.29567054
9636,50096,46248,television_studio ,0.14416386
9637,50096,46248,art_gallery ,0.13152741
9638,50096,46248,office ,0.08559293
9639,50096,46248,archive ,0.061662972
9640,50096,46272,archive ,0.67163897
9641,50096,46272,office ,0.08456337
9642,50096,46272,clean_room ,0.07643503
9643,50096,46272,music_studio ,0.028462138
9644,50096,46272,library/indoor ,0.02485684
9645,50096,46296,archive ,0.37022138
9646,50096,46296,office ,0.2680858
9647,50096,46296,library/indoor ,0.06972812
9648,50096,46296,office_cubicles ,0.06966178
9649,50096,46296,conference_room ,0.043450575
9650,50096,46320,clean_room ,0.2374991
9651,50096,46320,archive ,0.14937055
9652,50096,46320,atrium/public ,0.09546177
9653,50096,46320,art_gallery ,0.056298923
9654,50096,46320,server_room ,0.045097698
9655,50096,46344,locker_room ,0.5206104
9656,50096,46344,clean_room ,0.15588893
9657,50096,46344,server_room ,0.08005075
9658,50096,46344,shower ,0.057408635
9659,50096,46344,bathroom ,0.03384778
9660,50096,46368,archive ,0.4217519
9661,50096,46368,clean_room ,0.28971103
9662,50096,46368,locker_room ,0.04618752
9663,50096,46368,server_room ,0.032135274
9664,50096,46368,office ,0.017036352
9665,50096,46392,museum/indoor ,0.30968416
9666,50096,46392,art_gallery ,0.19610915
9667,50096,46392,television_studio ,0.079792455
9668,50096,46392,office ,0.058032535
9669,50096,46392,archive ,0.045534536
9670,50096,46416,museum/indoor ,0.3211344
9671,50096,46416,art_gallery ,0.13763429
9672,50096,46416,bow_window/indoor ,0.11470849
9673,50096,46416,shower ,0.09427095
9674,50096,46416,clean_room ,0.054644875
9675,50096,46440,museum/indoor ,0.35331506
9676,50096,46440,natural_history_museum ,0.19676255
9677,50096,46440,science_museum ,0.087797984
9678,50096,46440,art_gallery ,0.04897749
9679,50096,46440,music_studio ,0.027213246
9680,50096,46464,dressing_room ,0.25981694
9681,50096,46464,discotheque ,0.23494273
9682,50096,46464,ballroom ,0.07103901
9683,50096,46464,stage/indoor ,0.05886559
9684,50096,46464,music_studio ,0.05179984
9685,50096,46488,dressing_room ,0.6045001
9686,50096,46488,clean_room ,0.16666359
9687,50096,46488,shower ,0.08352891
9688,50096,46488,art_gallery ,0.040983487
9689,50096,46488,bathroom ,0.017737618
9690,50096,46512,museum/indoor ,0.55372024
9691,50096,46512,art_gallery ,0.3632955
9692,50096,46512,dressing_room ,0.046540022
9693,50096,46512,stage/indoor ,0.007223567
9694,50096,46512,art_studio ,0.0035249537
9695,50096,46536,dressing_room ,0.37561926
9696,50096,46536,museum/indoor ,0.3743826
9697,50096,46536,art_gallery ,0.14180095
9698,50096,46536,stage/indoor ,0.030374726
9699,50096,46536,clean_room ,0.018665934
9700,50096,46560,museum/indoor ,0.43670416
9701,50096,46560,art_gallery ,0.26281717
9702,50096,46560,dressing_room ,0.09274659
9703,50096,46560,clean_room ,0.092124924
9704,50096,46560,alcove ,0.036063567
9705,50096,46584,dressing_room ,0.34610075
9706,50096,46584,museum/indoor ,0.20537418
9707,50096,46584,art_gallery ,0.15386085
9708,50096,46584,music_studio ,0.07625706
9709,50096,46584,clean_room ,0.043614488
9710,50096,46608,art_gallery ,0.21612626
9711,50096,46608,museum/indoor ,0.16345851
9712,50096,46608,office ,0.15714195
9713,50096,46608,television_studio ,0.073925324
9714,50096,46608,archive ,0.07123344
9715,50096,46632,museum/indoor ,0.42611334
9716,50096,46632,art_gallery ,0.32969907
9717,50096,46632,office ,0.04716602
9718,50096,46632,archive ,0.03463935
9719,50096,46632,art_studio ,0.019672384
9720,50096,46656,museum/indoor ,0.5457436
9721,50096,46656,art_gallery ,0.39454496
9722,50096,46656,clean_room ,0.021865517
9723,50096,46656,dressing_room ,0.014471974
9724,50096,46656,art_studio ,0.007926343
9725,50096,46680,museum/indoor ,0.58076227
9726,50096,46680,art_gallery ,0.3052759
9727,50096,46680,dressing_room ,0.05192821
9728,50096,46680,stage/indoor ,0.013001344
9729,50096,46680,shower ,0.008834149
9730,50096,46704,museum/indoor ,0.45441735
9731,50096,46704,art_gallery ,0.3743807
9732,50096,46704,dressing_room ,0.06807922
9733,50096,46704,clean_room ,0.040234063
9734,50096,46704,science_museum ,0.0104443
9735,50096,46728,museum/indoor ,0.6723469
9736,50096,46728,art_gallery ,0.14286329
9737,50096,46728,natural_history_museum ,0.034722365
9738,50096,46728,clean_room ,0.029656764
9739,50096,46728,dressing_room ,0.028368803
9740,50096,46752,shower ,0.25881132
9741,50096,46752,dressing_room ,0.23908849
9742,50096,46752,museum/indoor ,0.17354771
9743,50096,46752,art_gallery ,0.12463854
9744,50096,46752,alcove ,0.031073816
9745,50096,46776,shower ,0.44338727
9746,50096,46776,dressing_room ,0.090489134
9747,50096,46776,clean_room ,0.09034712
9748,50096,46776,fountain ,0.05120988
9749,50096,46776,chemistry_lab ,0.042948876
9750,50096,46800,gas_station ,0.1250665
9751,50096,46800,hospital_room ,0.059248477
9752,50096,46800,fire_station ,0.04990069
9753,50096,46800,repair_shop ,0.041294154
9754,50096,46800,pharmacy ,0.038101994
9755,50096,46824,driveway ,0.17463854
9756,50096,46824,auto_factory ,0.153758
9757,50096,46824,gas_station ,0.14584869
9758,50096,46824,raceway ,0.054937202
9759,50096,46824,parking_lot ,0.050886706
9760,50096,46848,auto_factory ,0.29636225
9761,50096,46848,crosswalk ,0.05305196
9762,50096,46848,courthouse ,0.04639454
9763,50096,46848,science_museum ,0.043261256
9764,50096,46848,assembly_line ,0.040064134
9765,50096,46872,auto_factory ,0.21751243
9766,50096,46872,assembly_line ,0.07121311
9767,50096,46872,science_museum ,0.05912821
9768,50096,46872,downtown ,0.05460909
9769,50096,46872,archive ,0.05280582
9770,50096,46896,clean_room ,0.20272116
9771,50096,46896,archive ,0.16458872
9772,50096,46896,auto_factory ,0.1000895
9773,50096,46896,server_room ,0.08504605
9774,50096,46896,fire_station ,0.056108717
9775,50096,46920,fire_station ,0.27937126
9776,50096,46920,auto_factory ,0.17869642
9777,50096,46920,archive ,0.085524745
9778,50096,46920,clean_room ,0.07177732
9779,50096,46920,courthouse ,0.035697043
9780,50096,46944,auto_factory ,0.20587522
9781,50096,46944,fire_station ,0.14712039
9782,50096,46944,clean_room ,0.09681993
9783,50096,46944,archive ,0.07727167
9784,50096,46944,courthouse ,0.047758464
9785,50096,46968,fire_station ,0.12851475
9786,50096,46968,auto_factory ,0.12698348
9787,50096,46968,archive ,0.10704196
9788,50096,46968,clean_room ,0.098968044
9789,50096,46968,courthouse ,0.06335018
9790,50096,46992,auto_factory ,0.119934015
9791,50096,46992,clean_room ,0.10922834
9792,50096,46992,archive ,0.105439566
9793,50096,46992,courthouse ,0.080773965
9794,50096,46992,fire_station ,0.07015418
9795,50096,47016,bow_window/indoor ,0.34064898
9796,50096,47016,shower ,0.2975245
9797,50096,47016,jail_cell ,0.07533212
9798,50096,47016,bathroom ,0.056683503
9799,50096,47016,nursery ,0.05492042
9800,50096,47040,bow_window/indoor ,0.26666284
9801,50096,47040,shower ,0.11473419
9802,50096,47040,staircase ,0.08298062
9803,50096,47040,balcony/interior ,0.065173864
9804,50096,47040,bathroom ,0.063524045
9805,50096,47064,bow_window/indoor ,0.40191957
9806,50096,47064,shower ,0.21911524
9807,50096,47064,nursery ,0.07806077
9808,50096,47064,bathroom ,0.065891415
9809,50096,47064,balcony/interior ,0.039127506
9810,50096,47088,bow_window/indoor ,0.4477177
9811,50096,47088,shower ,0.19104095
9812,50096,47088,kennel/outdoor ,0.09623858
9813,50096,47088,jail_cell ,0.07005827
9814,50096,47088,bathroom ,0.029362813
9815,50096,47112,clean_room ,0.3358628
9816,50096,47112,dressing_room ,0.16588022
9817,50096,47112,nursery ,0.09259175
9818,50096,47112,childs_room ,0.07850317
9819,50096,47112,hospital_room ,0.042712945
9820,50096,47136,clean_room ,0.20803179
9821,50096,47136,dressing_room ,0.16916268
9822,50096,47136,nursery ,0.14581051
9823,50096,47136,childs_room ,0.13969924
9824,50096,47136,playroom ,0.09956442
9825,50096,47160,clean_room ,0.7407168
9826,50096,47160,dressing_room ,0.098113924
9827,50096,47160,nursing_home ,0.026852824
9828,50096,47160,hospital_room ,0.023986818
9829,50096,47160,nursery ,0.012127804
9830,50096,47184,clean_room ,0.5262956
9831,50096,47184,archive ,0.13390052
9832,50096,47184,office ,0.081569344
9833,50096,47184,dressing_room ,0.03504218
9834,50096,47184,home_office ,0.023569437
9835,50096,47208,archive ,0.47805452
9836,50096,47208,clean_room ,0.16312303
9837,50096,47208,office ,0.11051791
9838,50096,47208,home_office ,0.03614701
9839,50096,47208,physics_laboratory ,0.03452598
9840,50096,47232,archive ,0.32354966
9841,50096,47232,museum/indoor ,0.25433487
9842,50096,47232,clean_room ,0.21542758
9843,50096,47232,art_gallery ,0.048043918
9844,50096,47232,physics_laboratory ,0.026841003
9845,50096,47256,archive ,0.50666517
9846,50096,47256,clean_room ,0.20998253
9847,50096,47256,museum/indoor ,0.07228331
9848,50096,47256,office ,0.045400303
9849,50096,47256,art_gallery ,0.030352922
9850,50096,47280,archive ,0.41335404
9851,50096,47280,clean_room ,0.3421098
9852,50096,47280,museum/indoor ,0.08304211
9853,50096,47280,art_gallery ,0.01722679
9854,50096,47280,office ,0.017170662
9855,50096,47304,archive ,0.33340573
9856,50096,47304,clean_room ,0.3195589
9857,50096,47304,museum/indoor ,0.16884613
9858,50096,47304,clothing_store ,0.04386146
9859,50096,47304,dressing_room ,0.028735353
9860,50096,47328,clean_room ,0.6807707
9861,50096,47328,archive ,0.065481715
9862,50096,47328,dressing_room ,0.046204805
9863,50096,47328,biology_laboratory ,0.036558606
9864,50096,47328,chemistry_lab ,0.01753561
9865,50096,47352,clean_room ,0.8043235
9866,50096,47352,dressing_room ,0.07248963
9867,50096,47352,archive ,0.025485111
9868,50096,47352,museum/indoor ,0.023572413
9869,50096,47352,locker_room ,0.019761058
9870,50096,47376,clean_room ,0.8084362
9871,50096,47376,archive ,0.08238612
9872,50096,47376,dressing_room ,0.04068359
9873,50096,47376,museum/indoor ,0.014792531
9874,50096,47376,clothing_store ,0.012556292
9875,50096,47400,clean_room ,0.56821525
9876,50096,47400,museum/indoor ,0.1505101
9877,50096,47400,archive ,0.12094932
9878,50096,47400,dressing_room ,0.05211022
9879,50096,47400,clothing_store ,0.0159562
9880,50096,47424,clean_room ,0.8030117
9881,50096,47424,archive ,0.06758526
9882,50096,47424,museum/indoor ,0.041659795
9883,50096,47424,operating_room ,0.015880099
9884,50096,47424,dressing_room ,0.015438061
9885,50096,47448,clean_room ,0.70769864
9886,50096,47448,archive ,0.14860307
9887,50096,47448,museum/indoor ,0.06592316
9888,50096,47448,dressing_room ,0.013601548
9889,50096,47448,operating_room ,0.009812339
9890,50096,47472,clean_room ,0.8180877
9891,50096,47472,archive ,0.07682573
9892,50096,47472,operating_room ,0.014893746
9893,50096,47472,biology_laboratory ,0.012884252
9894,50096,47472,hospital_room ,0.008875499
9895,50096,47496,clean_room ,0.69252926
9896,50096,47496,archive ,0.18984877
9897,50096,47496,operating_room ,0.017519176
9898,50096,47496,dressing_room ,0.01392966
9899,50096,47496,museum/indoor ,0.010106777
9900,50096,47520,clean_room ,0.77577317
9901,50096,47520,archive ,0.09499901
9902,50096,47520,museum/indoor ,0.057840694
9903,50096,47520,dressing_room ,0.015757248
9904,50096,47520,operating_room ,0.00949188
9905,50096,47544,clean_room ,0.74575865
9906,50096,47544,archive ,0.16183458
9907,50096,47544,physics_laboratory ,0.012749432
9908,50096,47544,museum/indoor ,0.012086181
9909,50096,47544,biology_laboratory ,0.008835965
9910,50096,47568,clean_room ,0.81590277
9911,50096,47568,archive ,0.11424674
9912,50096,47568,museum/indoor ,0.014032841
9913,50096,47568,dressing_room ,0.010288601
9914,50096,47568,operating_room ,0.0074372212
9915,50096,47592,clean_room ,0.8092141
9916,50096,47592,archive ,0.09258686
9917,50096,47592,museum/indoor ,0.025968842
9918,50096,47592,dressing_room ,0.0138755515
9919,50096,47592,clothing_store ,0.008540689
9920,50096,47616,clean_room ,0.8160389
9921,50096,47616,archive ,0.09341813
9922,50096,47616,museum/indoor ,0.031136956
9923,50096,47616,physics_laboratory ,0.010018733
9924,50096,47616,dressing_room ,0.0078114276
9925,50096,47640,clean_room ,0.68138194
9926,50096,47640,archive ,0.18669346
9927,50096,47640,operating_room ,0.016155917
9928,50096,47640,biology_laboratory ,0.015480318
9929,50096,47640,physics_laboratory ,0.014497368
9930,50096,47664,clean_room ,0.74609715
9931,50096,47664,archive ,0.13223524
9932,50096,47664,dressing_room ,0.015704487
9933,50096,47664,operating_room ,0.015687944
9934,50096,47664,museum/indoor ,0.013343154
9935,50096,47688,clean_room ,0.8042752
9936,50096,47688,archive ,0.11873382
9937,50096,47688,operating_room ,0.010396923
9938,50096,47688,dressing_room ,0.009063014
9939,50096,47688,physics_laboratory ,0.009003702
9940,50096,47712,clean_room ,0.8589428
9941,50096,47712,archive ,0.05628941
9942,50096,47712,dressing_room ,0.02333613
9943,50096,47712,operating_room ,0.012268729
9944,50096,47712,museum/indoor ,0.0078069917
9945,50096,47736,clean_room ,0.75517875
9946,50096,47736,archive ,0.16006058
9947,50096,47736,museum/indoor ,0.015613157
9948,50096,47736,dressing_room ,0.00988738
9949,50096,47736,operating_room ,0.009292357
9950,50096,47760,clean_room ,0.42422315
9951,50096,47760,archive ,0.10857332
9952,50096,47760,dressing_room ,0.07411969
9953,50096,47760,museum/indoor ,0.072600804
9954,50096,47760,office ,0.06330018
9955,50096,47784,clean_room ,0.5163839
9956,50096,47784,dressing_room ,0.19661653
9957,50096,47784,museum/indoor ,0.116032295
9958,50096,47784,archive ,0.06269156
9959,50096,47784,clothing_store ,0.033442263
9960,50096,47808,dressing_room ,0.75521696
9961,50096,47808,clean_room ,0.19711046
9962,50096,47808,clothing_store ,0.015700957
9963,50096,47808,operating_room ,0.00386958
9964,50096,47808,archive ,0.0031786405
9965,50096,47832,clean_room ,0.915037
9966,50096,47832,dressing_room ,0.06154623
9967,50096,47832,operating_room ,0.009093875
9968,50096,47832,archive ,0.0030403316
9969,50096,47832,clothing_store ,0.0026214947
9970,50096,47856,clean_room ,0.80450225
9971,50096,47856,nursing_home ,0.036599055
9972,50096,47856,physics_laboratory ,0.029575601
9973,50096,47856,operating_room ,0.029314669
9974,50096,47856,archive ,0.017178515
9975,50096,47880,dressing_room ,0.77608556
9976,50096,47880,archive ,0.04094946
9977,50096,47880,clean_room ,0.037875276
9978,50096,47880,nursing_home ,0.019861422
9979,50096,47880,music_studio ,0.01759101
9980,50096,47904,dressing_room ,0.9506597
9981,50096,47904,art_studio ,0.006888516
9982,50096,47904,museum/indoor ,0.0067805233
9983,50096,47904,art_gallery ,0.0060208435
9984,50096,47904,beauty_salon ,0.005727935
9985,50096,47928,dressing_room ,0.9585746
9986,50096,47928,beauty_salon ,0.007318982
9987,50096,47928,museum/indoor ,0.0062231547
9988,50096,47928,art_gallery ,0.0055144983
9989,50096,47928,clean_room ,0.0049664592
9990,50096,47952,dressing_room ,0.91777784
9991,50096,47952,museum/indoor ,0.017225951
9992,50096,47952,clean_room ,0.011821488
9993,50096,47952,art_gallery ,0.009171408
9994,50096,47952,beauty_salon ,0.0072561707
9995,50096,47976,dressing_room ,0.95068944
9996,50096,47976,clean_room ,0.0066716126
9997,50096,47976,museum/indoor ,0.006646883
9998,50096,47976,beauty_salon ,0.0058596586
9999,50096,47976,art_gallery ,0.005853912
10000,50096,48000,dressing_room ,0.96144515
10001,50096,48000,beauty_salon ,0.0058235233
10002,50096,48000,museum/indoor ,0.0056208135
10003,50096,48000,art_gallery ,0.004795382
10004,50096,48000,shower ,0.004334647
10005,50096,48024,dressing_room ,0.9325492
10006,50096,48024,beauty_salon ,0.01064444
10007,50096,48024,art_gallery ,0.006648757
10008,50096,48024,clean_room ,0.0065655834
10009,50096,48024,museum/indoor ,0.0046594674
10010,50096,48048,wet_bar ,0.21279435
10011,50096,48048,shower ,0.11727247
10012,50096,48048,clean_room ,0.08385771
10013,50096,48048,chemistry_lab ,0.044607416
10014,50096,48048,hospital_room ,0.041362528
10015,50096,48072,archive ,0.277036
10016,50096,48072,courthouse ,0.18082063
10017,50096,48072,hospital_room ,0.0547852
10018,50096,48072,schoolhouse ,0.05008059
10019,50096,48072,hospital ,0.040700052
10020,50096,48096,server_room ,0.14010009
10021,50096,48096,hospital_room ,0.09241435
10022,50096,48096,bow_window/indoor ,0.06575094
10023,50096,48096,archive ,0.061366916
10024,50096,48096,hospital ,0.049246658
10025,50096,48120,doorway/outdoor ,0.36379257
10026,50096,48120,bow_window/indoor ,0.14064161
10027,50096,48120,building_facade ,0.076208286
10028,50096,48120,archive ,0.04407605
10029,50096,48120,office_building ,0.039265025
10030,50096,48144,bow_window/indoor ,0.19846128
10031,50096,48144,courthouse ,0.13310114
10032,50096,48144,doorway/outdoor ,0.13301182
10033,50096,48144,atrium/public ,0.10627193
10034,50096,48144,office_building ,0.062482838
10035,50096,48168,bow_window/indoor ,0.34741387
10036,50096,48168,courthouse ,0.2251042
10037,50096,48168,mansion ,0.03278855
10038,50096,48168,entrance_hall ,0.02925242
10039,50096,48168,atrium/public ,0.02405576
10040,50096,48192,bow_window/indoor ,0.35737625
10041,50096,48192,courthouse ,0.22476608
10042,50096,48192,entrance_hall ,0.06459801
10043,50096,48192,mansion ,0.049795058
10044,50096,48192,atrium/public ,0.029336432
10045,50096,48216,bow_window/indoor ,0.44195294
10046,50096,48216,courthouse ,0.16117205
10047,50096,48216,entrance_hall ,0.051163938
10048,50096,48216,mansion ,0.041275747
10049,50096,48216,atrium/public ,0.033243243
10050,50096,48240,bow_window/indoor ,0.3882385
10051,50096,48240,courthouse ,0.19065325
10052,50096,48240,entrance_hall ,0.05075424
10053,50096,48240,mansion ,0.044836666
10054,50096,48240,atrium/public ,0.03908533
10055,50096,48264,bow_window/indoor ,0.5267404
10056,50096,48264,courthouse ,0.12581295
10057,50096,48264,entrance_hall ,0.060613737
10058,50096,48264,mansion ,0.036241453
10059,50096,48264,courtyard ,0.029380001
10060,50096,48288,museum/indoor ,0.22043924
10061,50096,48288,archive ,0.13839906
10062,50096,48288,beauty_salon ,0.06451997
10063,50096,48288,elevator/door ,0.06252542
10064,50096,48288,booth/indoor ,0.05501723
10065,50096,48312,museum/indoor ,0.22528847
10066,50096,48312,archive ,0.11444567
10067,50096,48312,beauty_salon ,0.07102977
10068,50096,48312,elevator/door ,0.06835513
10069,50096,48312,booth/indoor ,0.05297186
10070,50096,48336,museum/indoor ,0.25287664
10071,50096,48336,archive ,0.12644103
10072,50096,48336,elevator/door ,0.06644673
10073,50096,48336,clothing_store ,0.054684103
10074,50096,48336,beauty_salon ,0.052534774
10075,50096,48360,clean_room ,0.33817178
10076,50096,48360,elevator/door ,0.21399495
10077,50096,48360,corridor ,0.06808964
10078,50096,48360,staircase ,0.043150794
10079,50096,48360,dressing_room ,0.037927024
10080,50096,48384,clean_room ,0.7539261
10081,50096,48384,dressing_room ,0.062058184
10082,50096,48384,elevator/door ,0.061785713
10083,50096,48384,server_room ,0.011878446
10084,50096,48384,elevator_lobby ,0.010197186
10085,50096,48408,clean_room ,0.8984662
10086,50096,48408,dressing_room ,0.06450494
10087,50096,48408,museum/indoor ,0.010059369
10088,50096,48408,elevator/door ,0.00481526
10089,50096,48408,elevator_lobby ,0.003848338
10090,50096,48432,clean_room ,0.5771291
10091,50096,48432,museum/indoor ,0.12088139
10092,50096,48432,dressing_room ,0.10649997
10093,50096,48432,elevator_lobby ,0.039055295
10094,50096,48432,art_gallery ,0.036232267
10095,50096,48456,clean_room ,0.71182036
10096,50096,48456,dressing_room ,0.038303472
10097,50096,48456,locker_room ,0.02988197
10098,50096,48456,elevator/door ,0.024848593
10099,50096,48456,elevator_lobby ,0.021879697
10100,50096,48480,reception ,0.21561778
10101,50096,48480,office ,0.16146901
10102,50096,48480,archive ,0.089542516
10103,50096,48480,conference_room ,0.06934953
10104,50096,48480,office_cubicles ,0.047864255
10105,50096,48504,archive ,0.20076217
10106,50096,48504,clean_room ,0.18626045
10107,50096,48504,office ,0.10807092
10108,50096,48504,reception ,0.068338916
10109,50096,48504,museum/indoor ,0.05130968
10110,50096,48528,archive ,0.4914706
10111,50096,48528,clean_room ,0.15215151
10112,50096,48528,museum/indoor ,0.08035794
10113,50096,48528,reception ,0.03819604
10114,50096,48528,office ,0.031130813
10115,50096,48552,archive ,0.15767825
10116,50096,48552,clean_room ,0.12866563
10117,50096,48552,reception ,0.104135394
10118,50096,48552,chemistry_lab ,0.094870985
10119,50096,48552,office ,0.08424517
10120,50096,48576,clean_room ,0.26323143
10121,50096,48576,archive ,0.21713166
10122,50096,48576,reception ,0.11014773
10123,50096,48576,office ,0.06357547
10124,50096,48576,museum/indoor ,0.058726132
10125,50096,48600,archive ,0.4174059
10126,50096,48600,clean_room ,0.21978696
10127,50096,48600,chemistry_lab ,0.065165795
10128,50096,48600,museum/indoor ,0.053058498
10129,50096,48600,biology_laboratory ,0.03813036
10130,50096,48624,archive ,0.4252138
10131,50096,48624,museum/indoor ,0.21814194
10132,50096,48624,natural_history_museum ,0.05415301
10133,50096,48624,science_museum ,0.04314355
10134,50096,48624,clean_room ,0.035576206
10135,50096,48648,archive ,0.61944526
10136,50096,48648,office ,0.075624466
10137,50096,48648,office_cubicles ,0.03983169
10138,50096,48648,library/indoor ,0.03236768
10139,50096,48648,lecture_room ,0.032307174
10140,50096,48672,archive ,0.34748405
10141,50096,48672,chemistry_lab ,0.12994353
10142,50096,48672,office ,0.07287267
10143,50096,48672,biology_laboratory ,0.058317043
10144,50096,48672,library/indoor ,0.043375667
10145,50096,48696,clean_room ,0.7049478
10146,50096,48696,dressing_room ,0.1104234
10147,50096,48696,operating_room ,0.035844583
10148,50096,48696,hospital_room ,0.023469752
10149,50096,48696,chemistry_lab ,0.021216443
10150,50096,48720,clean_room ,0.5313109
10151,50096,48720,dressing_room ,0.12690924
10152,50096,48720,nursing_home ,0.06274769
10153,50096,48720,office ,0.04184068
10154,50096,48720,chemistry_lab ,0.034660757
10155,50096,48744,clean_room ,0.47942355
10156,50096,48744,dressing_room ,0.31257078
10157,50096,48744,operating_room ,0.031238409
10158,50096,48744,nursing_home ,0.030721065
10159,50096,48744,office ,0.019664256
10160,50096,48768,clean_room ,0.4628642
10161,50096,48768,dressing_room ,0.26716983
10162,50096,48768,nursing_home ,0.033597242
10163,50096,48768,chemistry_lab ,0.03205981
10164,50096,48768,office ,0.029252298
10165,50096,48792,clean_room ,0.56363195
10166,50096,48792,dressing_room ,0.20079254
10167,50096,48792,nursing_home ,0.04339421
10168,50096,48792,operating_room ,0.030114383
10169,50096,48792,chemistry_lab ,0.02607095
10170,50096,48816,clean_room ,0.635305
10171,50096,48816,dressing_room ,0.21204834
10172,50096,48816,operating_room ,0.020469189
10173,50096,48816,nursing_home ,0.017701637
10174,50096,48816,chemistry_lab ,0.015292761
10175,50096,48840,clean_room ,0.6493918
10176,50096,48840,dressing_room ,0.21354568
10177,50096,48840,operating_room ,0.031279076
10178,50096,48840,nursing_home ,0.024724845
10179,50096,48840,hospital_room ,0.013026543
10180,50096,48864,clean_room ,0.62406874
10181,50096,48864,dressing_room ,0.22802737
10182,50096,48864,nursing_home ,0.027848199
10183,50096,48864,operating_room ,0.023590254
10184,50096,48864,chemistry_lab ,0.016662287
10185,50096,48888,archive ,0.6228089
10186,50096,48888,museum/indoor ,0.10311714
10187,50096,48888,clean_room ,0.0475993
10188,50096,48888,chemistry_lab ,0.028263874
10189,50096,48888,office ,0.028240679
10190,50096,48912,archive ,0.5250536
10191,50096,48912,museum/indoor ,0.08846061
10192,50096,48912,office ,0.060392592
10193,50096,48912,clean_room ,0.0348169
10194,50096,48912,library/indoor ,0.03233211
10195,50096,48936,archive ,0.4601204
10196,50096,48936,museum/indoor ,0.06361095
10197,50096,48936,lecture_room ,0.06307266
10198,50096,48936,conference_room ,0.057498787
10199,50096,48936,clean_room ,0.052862473
10200,50096,48960,clean_room ,0.5254381
10201,50096,48960,dressing_room ,0.20994394
10202,50096,48960,museum/indoor ,0.06849806
10203,50096,48960,art_gallery ,0.02768184
10204,50096,48960,nursing_home ,0.020711377
10205,50096,48984,clean_room ,0.42523623
10206,50096,48984,dressing_room ,0.30853713
10207,50096,48984,museum/indoor ,0.048238065
10208,50096,48984,art_gallery ,0.024493067
10209,50096,48984,nursing_home ,0.021379132
10210,50096,49008,clean_room ,0.4659087
10211,50096,49008,dressing_room ,0.12417498
10212,50096,49008,museum/indoor ,0.043795753
10213,50096,49008,reception ,0.03454801
10214,50096,49008,jewelry_shop ,0.032216046
10215,50096,49032,clean_room ,0.50414115
10216,50096,49032,dressing_room ,0.15357265
10217,50096,49032,museum/indoor ,0.129581
10218,50096,49032,art_gallery ,0.0481492
10219,50096,49032,jewelry_shop ,0.021198817
10220,50096,49056,clean_room ,0.5642383
10221,50096,49056,dressing_room ,0.17404982
10222,50096,49056,museum/indoor ,0.05513409
10223,50096,49056,jewelry_shop ,0.029440176
10224,50096,49056,art_gallery ,0.027915455
10225,50096,49080,clean_room ,0.33578444
10226,50096,49080,dressing_room ,0.32522386
10227,50096,49080,museum/indoor ,0.11740338
10228,50096,49080,art_gallery ,0.023552328
10229,50096,49080,music_studio ,0.01974326
10230,50096,49104,dressing_room ,0.51640636
10231,50096,49104,clean_room ,0.24648483
10232,50096,49104,museum/indoor ,0.07625708
10233,50096,49104,art_gallery ,0.025608582
10234,50096,49104,jewelry_shop ,0.014038249
10235,50096,49128,clean_room ,0.43108118
10236,50096,49128,dressing_room ,0.38459882
10237,50096,49128,museum/indoor ,0.03249337
10238,50096,49128,art_gallery ,0.014558123
10239,50096,49128,jewelry_shop ,0.012941349
10240,50096,49152,art_gallery ,0.44908834
10241,50096,49152,museum/indoor ,0.23857023
10242,50096,49152,archive ,0.043256845
10243,50096,49152,art_studio ,0.04127554
10244,50096,49152,clean_room ,0.038645126
10245,50096,49176,art_gallery ,0.45440486
10246,50096,49176,museum/indoor ,0.23838794
10247,50096,49176,archive ,0.04958418
10248,50096,49176,art_studio ,0.03693568
10249,50096,49176,clean_room ,0.0365766
10250,50096,49200,archive ,0.37969595
10251,50096,49200,office ,0.092719056
10252,50096,49200,chemistry_lab ,0.08214344
10253,50096,49200,classroom ,0.07228036
10254,50096,49200,lecture_room ,0.07156988
10255,50096,49224,archive ,0.3708799
10256,50096,49224,office ,0.08526349
10257,50096,49224,chemistry_lab ,0.07976292
10258,50096,49224,lecture_room ,0.07938281
10259,50096,49224,classroom ,0.072129376
10260,50096,49248,archive ,0.40922114
10261,50096,49248,office ,0.10061118
10262,50096,49248,chemistry_lab ,0.06684998
10263,50096,49248,lecture_room ,0.061325915
10264,50096,49248,classroom ,0.053973243
10265,50096,49272,archive ,0.4268831
10266,50096,49272,office ,0.086259365
10267,50096,49272,chemistry_lab ,0.08461016
10268,50096,49272,lecture_room ,0.06041472
10269,50096,49272,classroom ,0.04805298
10270,50096,49296,archive ,0.4319177
10271,50096,49296,office ,0.113115944
10272,50096,49296,lecture_room ,0.059176475
10273,50096,49296,conference_room ,0.05205425
10274,50096,49296,chemistry_lab ,0.051621728
10275,50096,49320,archive ,0.28427637
10276,50096,49320,lecture_room ,0.12329368
10277,50096,49320,classroom ,0.087173045
10278,50096,49320,office ,0.08247179
10279,50096,49320,chemistry_lab ,0.06052241
10280,50096,49344,archive ,0.18920563
10281,50096,49344,lecture_room ,0.12357392
10282,50096,49344,office ,0.11866446
10283,50096,49344,classroom ,0.111596406
10284,50096,49344,chemistry_lab ,0.109657966
10285,50096,49368,clean_room ,0.3611149
10286,50096,49368,dressing_room ,0.3468204
10287,50096,49368,museum/indoor ,0.032887097
10288,50096,49368,nursing_home ,0.027180724
10289,50096,49368,hospital_room ,0.02280357
10290,50096,49392,dressing_room ,0.37761074
10291,50096,49392,clean_room ,0.2556953
10292,50096,49392,museum/indoor ,0.09104125
10293,50096,49392,art_gallery ,0.024085358
10294,50096,49392,operating_room ,0.022548972
10295,50096,49416,clean_room ,0.40146065
10296,50096,49416,dressing_room ,0.2411498
10297,50096,49416,museum/indoor ,0.05140593
10298,50096,49416,nursing_home ,0.036532134
10299,50096,49416,operating_room ,0.024479194
10300,50096,49440,clean_room ,0.42770386
10301,50096,49440,dressing_room ,0.21119334
10302,50096,49440,museum/indoor ,0.08741094
10303,50096,49440,art_gallery ,0.025848312
10304,50096,49440,nursing_home ,0.02389336
10305,50096,49464,archive ,0.21266855
10306,50096,49464,conference_room ,0.10792492
10307,50096,49464,lecture_room ,0.09003029
10308,50096,49464,chemistry_lab ,0.08877942
10309,50096,49464,museum/indoor ,0.07589449
10310,50096,49488,archive ,0.26659524
10311,50096,49488,conference_room ,0.1250853
10312,50096,49488,chemistry_lab ,0.09100634
10313,50096,49488,lecture_room ,0.07491041
10314,50096,49488,office ,0.0531392
10315,50096,49512,archive ,0.21752022
10316,50096,49512,museum/indoor ,0.09525493
10317,50096,49512,chemistry_lab ,0.087683514
10318,50096,49512,clean_room ,0.08210767
10319,50096,49512,conference_room ,0.07999459
10320,50096,49536,archive ,0.27240026
10321,50096,49536,conference_room ,0.1155754
10322,50096,49536,chemistry_lab ,0.07186698
10323,50096,49536,office ,0.06446466
10324,50096,49536,lecture_room ,0.048277512
10325,50096,49560,archive ,0.3233864
10326,50096,49560,chemistry_lab ,0.07738376
10327,50096,49560,conference_room ,0.07436992
10328,50096,49560,clean_room ,0.055002976
10329,50096,49560,lecture_room ,0.046344787
10330,50096,49584,archive ,0.2657955
10331,50096,49584,clean_room ,0.19355151
10332,50096,49584,museum/indoor ,0.12019022
10333,50096,49584,dressing_room ,0.081663
10334,50096,49584,art_gallery ,0.049253717
10335,50096,49608,chemistry_lab ,0.3647848
10336,50096,49608,classroom ,0.112325996
10337,50096,49608,archive ,0.112043776
10338,50096,49608,lecture_room ,0.10445072
10339,50096,49608,clean_room ,0.07177417
10340,50096,49632,clean_room ,0.5259618
10341,50096,49632,chemistry_lab ,0.07673279
10342,50096,49632,archive ,0.07098775
10343,50096,49632,biology_laboratory ,0.0327283
10344,50096,49632,office ,0.031531624
10345,50096,49656,office ,0.23595715
10346,50096,49656,office_cubicles ,0.11986806
10347,50096,49656,art_gallery ,0.09487972
10348,50096,49656,lecture_room ,0.045685723
10349,50096,49656,museum/indoor ,0.044446588
10350,50096,49680,chemistry_lab ,0.13961494
10351,50096,49680,museum/indoor ,0.09322631
10352,50096,49680,archive ,0.07644119
10353,50096,49680,clean_room ,0.07254583
10354,50096,49680,conference_room ,0.06395437
10355,50096,49704,archive ,0.21741419
10356,50096,49704,chemistry_lab ,0.14994691
10357,50096,49704,clean_room ,0.09588268
10358,50096,49704,museum/indoor ,0.060475737
10359,50096,49704,physics_laboratory ,0.059982564
10360,50096,49728,archive ,0.17321417
10361,50096,49728,chemistry_lab ,0.1591922
10362,50096,49728,classroom ,0.13174875
10363,50096,49728,lecture_room ,0.11536669
10364,50096,49728,clean_room ,0.07339562
10365,50096,49752,clean_room ,0.3590891
10366,50096,49752,archive ,0.19370814
10367,50096,49752,lecture_room ,0.066497184
10368,50096,49752,chemistry_lab ,0.053974822
10369,50096,49752,music_studio ,0.050655883
10370,50096,49776,archive ,0.35488603
10371,50096,49776,clean_room ,0.24160676
10372,50096,49776,museum/indoor ,0.06821822
10373,50096,49776,bow_window/indoor ,0.04578426
10374,50096,49776,chemistry_lab ,0.03030627
10375,50096,49800,archive ,0.2522177
10376,50096,49800,clean_room ,0.16147569
10377,50096,49800,museum/indoor ,0.080897495
10378,50096,49800,music_studio ,0.076879665
10379,50096,49800,lecture_room ,0.066405
10380,50096,49824,archive ,0.24811678
10381,50096,49824,clean_room ,0.11450925
10382,50096,49824,lecture_room ,0.1093102
10383,50096,49824,chemistry_lab ,0.08372564
10384,50096,49824,office ,0.05614173
10385,50096,49848,clean_room ,0.40502688
10386,50096,49848,archive ,0.12867437
10387,50096,49848,museum/indoor ,0.12797046
10388,50096,49848,operating_room ,0.05814357
10389,50096,49848,music_studio ,0.038209185
10390,50096,49872,museum/indoor ,0.29519743
10391,50096,49872,clean_room ,0.2510333
10392,50096,49872,archive ,0.15024589
10393,50096,49872,art_gallery ,0.043937393
10394,50096,49872,science_museum ,0.03372536
10395,50096,49896,museum/indoor ,0.5641507
10396,50096,49896,archive ,0.10566285
10397,50096,49896,clean_room ,0.09009906
10398,50096,49896,art_gallery ,0.044130255
10399,50096,49896,science_museum ,0.039676737
10400,50096,49920,archive ,0.31518978
10401,50096,49920,museum/indoor ,0.19872534
10402,50096,49920,clean_room ,0.14987005
10403,50096,49920,art_gallery ,0.033220854
10404,50096,49920,music_studio ,0.031528268
10405,50096,49944,clean_room ,0.19916154
10406,50096,49944,locker_room ,0.09148426
10407,50096,49944,lecture_room ,0.086344466
10408,50096,49944,gymnasium/indoor ,0.08063494
10409,50096,49944,archive ,0.06937926
10410,50096,49968,clean_room ,0.39603412
10411,50096,49968,operating_room ,0.17624158
10412,50096,49968,archive ,0.10210396
10413,50096,49968,music_studio ,0.062355883
10414,50096,49968,dressing_room ,0.04299707
10415,50096,49992,clean_room ,0.51225543
10416,50096,49992,operating_room ,0.07456645
10417,50096,49992,archive ,0.06835057
10418,50096,49992,chemistry_lab ,0.051065337
10419,50096,49992,museum/indoor ,0.03499709
10420,50096,50016,clean_room ,0.4566003
10421,50096,50016,operating_room ,0.09978467
10422,50096,50016,archive ,0.06501812
10423,50096,50016,chemistry_lab ,0.05774763
10424,50096,50016,museum/indoor ,0.03424427
10425,50096,50040,clean_room ,0.28593874
10426,50096,50040,music_studio ,0.10054045
10427,50096,50040,archive ,0.09932988
10428,50096,50040,museum/indoor ,0.08370719
10429,50096,50040,office ,0.055940136
10430,50096,50064,clean_room ,0.7160627
10431,50096,50064,museum/indoor ,0.059123136
10432,50096,50064,archive ,0.05515078
10433,50096,50064,operating_room ,0.049790993
10434,50096,50064,chemistry_lab ,0.012929497
10435,50096,50088,clean_room ,0.64494026
10436,50096,50088,operating_room ,0.086384594
10437,50096,50088,archive ,0.03510968
10438,50096,50088,museum/indoor ,0.032161385
10439,50096,50088,chemistry_lab ,0.02027068
10440,50096,50112,clean_room ,0.4747386
10441,50096,50112,archive ,0.08190166
10442,50096,50112,museum/indoor ,0.060494944
10443,50096,50112,chemistry_lab ,0.033109948
10444,50096,50112,art_studio ,0.029421143
10445,50096,50136,archive ,0.251769
10446,50096,50136,museum/indoor ,0.14726663
10447,50096,50136,clean_room ,0.067474745
10448,50096,50136,bow_window/indoor ,0.058036625
10449,50096,50136,lecture_room ,0.047121678
10450,50096,50160,clean_room ,0.4661097
10451,50096,50160,nursery ,0.064320035
10452,50096,50160,museum/indoor ,0.06418033
10453,50096,50160,dressing_room ,0.0551656
10454,50096,50160,operating_room ,0.047890577
10455,50096,50184,archive ,0.15113717
10456,50096,50184,museum/indoor ,0.110113814
10457,50096,50184,locker_room ,0.10625992
10458,50096,50184,jail_cell ,0.051252063
10459,50096,50184,natural_history_museum ,0.050798934
10460,50096,50208,archive ,0.098395385
10461,50096,50208,dressing_room ,0.083736986
10462,50096,50208,museum/indoor ,0.07955765
10463,50096,50208,jail_cell ,0.06501972
10464,50096,50208,bow_window/indoor ,0.056353625
10465,50096,50232,archive ,0.33675367
10466,50096,50232,museum/indoor ,0.13326685
10467,50096,50232,science_museum ,0.046763092
10468,50096,50232,music_studio ,0.038532227
10469,50096,50232,natural_history_museum ,0.03801622
10470,50096,50256,archive ,0.48443723
10471,50096,50256,clean_room ,0.064145595
10472,50096,50256,library/indoor ,0.06001117
10473,50096,50256,office ,0.052094646
10474,50096,50256,museum/indoor ,0.043220345
10475,50096,50280,museum/indoor ,0.1227795
10476,50096,50280,dressing_room ,0.09181152
10477,50096,50280,music_studio ,0.075411834
10478,50096,50280,art_gallery ,0.054875
10479,50096,50280,natural_history_museum ,0.0491891
10480,50096,50304,archive ,0.463296
10481,50096,50304,museum/indoor ,0.10581852
10482,50096,50304,recreation_room ,0.041319773
10483,50096,50304,locker_room ,0.035880003
10484,50096,50304,music_studio ,0.032894585
10485,50096,50328,bow_window/indoor ,0.94186664
10486,50096,50328,artists_loft ,0.030679597
10487,50096,50328,art_gallery ,0.0059261685
10488,50096,50328,alcove ,0.005638949
10489,50096,50328,museum/indoor ,0.005501907
10490,50096,50352,bow_window/indoor ,0.872661
10491,50096,50352,artists_loft ,0.08549782
10492,50096,50352,museum/indoor ,0.016861195
10493,50096,50352,art_gallery ,0.010700379
10494,50096,50352,alcove ,0.004233975
10495,50096,50376,bow_window/indoor ,0.98364323
10496,50096,50376,artists_loft ,0.003915342
10497,50096,50376,alcove ,0.0033142774
10498,50096,50376,jail_cell ,0.0032074603
10499,50096,50376,museum/indoor ,0.0016725099
10500,50096,50400,bow_window/indoor ,0.98037946
10501,50096,50400,artists_loft ,0.0074602677
10502,50096,50400,alcove ,0.004167713
10503,50096,50400,jail_cell ,0.002234083
10504,50096,50400,museum/indoor ,0.0017546952
10505,50096,50424,bow_window/indoor ,0.9849893
10506,50096,50424,artists_loft ,0.0049804887
10507,50096,50424,alcove ,0.0030746118
10508,50096,50424,jail_cell ,0.0027448034
10509,50096,50424,museum/indoor ,0.0012449786
10510,50096,50448,bow_window/indoor ,0.9825236
10511,50096,50448,artists_loft ,0.0062814914
10512,50096,50448,alcove ,0.0031440526
10513,50096,50448,jail_cell ,0.0025608083
10514,50096,50448,museum/indoor ,0.0018479029
10515,50096,50472,bow_window/indoor ,0.9787854
10516,50096,50472,artists_loft ,0.008127776
10517,50096,50472,alcove ,0.0034554806
10518,50096,50472,jail_cell ,0.0032375474
10519,50096,50472,museum/indoor ,0.0018228338
10520,50096,50496,bow_window/indoor ,0.97473675
10521,50096,50496,artists_loft ,0.008490234
10522,50096,50496,jail_cell ,0.0044155726
10523,50096,50496,alcove ,0.003691429
10524,50096,50496,museum/indoor ,0.0026156623
10525,50096,50520,bow_window/indoor ,0.9774678
10526,50096,50520,artists_loft ,0.008754188
10527,50096,50520,jail_cell ,0.003887208
10528,50096,50520,alcove ,0.0036756836
10529,50096,50520,museum/indoor ,0.0015804622
10530,50096,50544,bow_window/indoor ,0.7165358
10531,50096,50544,jail_cell ,0.09379384
10532,50096,50544,artists_loft ,0.057341862
10533,50096,50544,museum/indoor ,0.038495705
10534,50096,50544,art_gallery ,0.034965336
10535,50096,50568,bow_window/indoor ,0.48243406
10536,50096,50568,art_gallery ,0.20049238
10537,50096,50568,museum/indoor ,0.15771219
10538,50096,50568,artists_loft ,0.067449994
10539,50096,50568,art_studio ,0.016490597
10540,50096,50592,auto_factory ,0.3203371
10541,50096,50592,archive ,0.11664333
10542,50096,50592,fire_station ,0.08008557
10543,50096,50592,assembly_line ,0.048623037
10544,50096,50592,street ,0.039440062
10545,50096,50616,auto_factory ,0.28597838
10546,50096,50616,archive ,0.12858096
10547,50096,50616,fire_station ,0.07132702
10548,50096,50616,street ,0.048417546
10549,50096,50616,assembly_line ,0.044067565
10550,50096,50640,auto_factory ,0.2659557
10551,50096,50640,archive ,0.12327673
10552,50096,50640,fire_station ,0.065603
10553,50096,50640,street ,0.054337
10554,50096,50640,assembly_line ,0.041505013
10555,50096,50664,museum/indoor ,0.70881003
10556,50096,50664,art_gallery ,0.09283167
10557,50096,50664,dressing_room ,0.054516014
10558,50096,50664,clean_room ,0.04203317
10559,50096,50664,archive ,0.03995996
10560,50096,50688,museum/indoor ,0.97864574
10561,50096,50688,art_gallery ,0.009894482
10562,50096,50688,archive ,0.004429397
10563,50096,50688,clean_room ,0.0013728805
10564,50096,50688,music_studio ,0.0012463698
10565,50096,50712,museum/indoor ,0.98880184
10566,50096,50712,art_gallery ,0.0056992606
10567,50096,50712,archive ,0.0013546306
10568,50096,50712,music_studio ,0.0011520186
10569,50096,50712,dressing_room ,0.0008962625
10570,50096,50736,museum/indoor ,0.9926807
10571,50096,50736,art_gallery ,0.00473616
10572,50096,50736,archive ,0.00064333464
10573,50096,50736,clean_room ,0.00041962395
10574,50096,50736,dressing_room ,0.00028424576
10575,50096,50760,museum/indoor ,0.98830825
10576,50096,50760,art_gallery ,0.0073007457
10577,50096,50760,archive ,0.0012397148
10578,50096,50760,stage/indoor ,0.00062816637
10579,50096,50760,music_studio ,0.0006242596
10580,50096,50784,museum/indoor ,0.9948427
10581,50096,50784,art_gallery ,0.0033053453
10582,50096,50784,archive ,0.0005360336
10583,50096,50784,music_studio ,0.00035197582
10584,50096,50784,stage/indoor ,0.00021075846
10585,50096,50808,museum/indoor ,0.9674324
10586,50096,50808,art_gallery ,0.008918951
10587,50096,50808,stage/indoor ,0.00749201
10588,50096,50808,music_studio ,0.0060636685
10589,50096,50808,dressing_room ,0.0025707604
10590,50096,50832,museum/indoor ,0.9771981
10591,50096,50832,archive ,0.0059396075
10592,50096,50832,clean_room ,0.0039810254
10593,50096,50832,art_gallery ,0.003958651
10594,50096,50832,music_studio ,0.002807307
10595,50096,50856,museum/indoor ,0.91336846
10596,50096,50856,clean_room ,0.036089916
10597,50096,50856,dressing_room ,0.012385506
10598,50096,50856,music_studio ,0.010592875
10599,50096,50856,archive ,0.009066418
10600,50096,50880,museum/indoor ,0.9690832
10601,50096,50880,clean_room ,0.012576018
10602,50096,50880,dressing_room ,0.0044324175
10603,50096,50880,art_gallery ,0.003839674
10604,50096,50880,music_studio ,0.003448995
10605,50096,50904,museum/indoor ,0.9714006
10606,50096,50904,art_gallery ,0.0078284815
10607,50096,50904,archive ,0.0055470327
10608,50096,50904,clean_room ,0.004091647
10609,50096,50904,music_studio ,0.0032255703
10610,50096,50928,museum/indoor ,0.9732292
10611,50096,50928,archive ,0.0062328554
10612,50096,50928,clean_room ,0.006007017
10613,50096,50928,music_studio ,0.0042996425
10614,50096,50928,art_gallery ,0.0036348263
10615,50096,50952,museum/indoor ,0.9551357
10616,50096,50952,archive ,0.013671799
10617,50096,50952,dressing_room ,0.0082277
10618,50096,50952,clean_room ,0.0062944246
10619,50096,50952,art_gallery ,0.0051853163
10620,50096,50976,museum/indoor ,0.86047226
10621,50096,50976,archive ,0.04039517
10622,50096,50976,music_studio ,0.030770177
10623,50096,50976,clean_room ,0.017811945
10624,50096,50976,dressing_room ,0.01487032
10625,50096,51000,museum/indoor ,0.9137681
10626,50096,51000,archive ,0.02988699
10627,50096,51000,clean_room ,0.012929007
10628,50096,51000,music_studio ,0.012632832
10629,50096,51000,art_gallery ,0.00957881
10630,50096,51024,museum/indoor ,0.96824294
10631,50096,51024,art_gallery ,0.011217181
10632,50096,51024,archive ,0.0075558866
10633,50096,51024,dressing_room ,0.0033881434
10634,50096,51024,music_studio ,0.0021323538
10635,50096,51048,museum/indoor ,0.7858983
10636,50096,51048,clean_room ,0.068863705
10637,50096,51048,art_gallery ,0.062460307
10638,50096,51048,archive ,0.04581746
10639,50096,51048,dressing_room ,0.009198015
10640,50096,51072,museum/indoor ,0.22735633
10641,50096,51072,dressing_room ,0.19654557
10642,50096,51072,art_gallery ,0.16813661
10643,50096,51072,stage/indoor ,0.047080737
10644,50096,51072,clean_room ,0.042888947
10645,50096,51096,music_studio ,0.4207723
10646,50096,51096,museum/indoor ,0.22855623
10647,50096,51096,stage/indoor ,0.091275655
10648,50096,51096,television_studio ,0.054611504
10649,50096,51096,clean_room ,0.045770176
10650,50096,51120,museum/indoor ,0.26147893
10651,50096,51120,clean_room ,0.20445748
10652,50096,51120,locker_room ,0.07287442
10653,50096,51120,archive ,0.066143945
10654,50096,51120,art_gallery ,0.06179872
10655,50096,51144,clean_room ,0.31958526
10656,50096,51144,museum/indoor ,0.29347244
10657,50096,51144,art_gallery ,0.06975296
10658,50096,51144,shower ,0.048081808
10659,50096,51144,artists_loft ,0.042787034
10660,50096,51168,clean_room ,0.5034871
10661,50096,51168,museum/indoor ,0.24367322
10662,50096,51168,shower ,0.09118012
10663,50096,51168,art_gallery ,0.024567561
10664,50096,51168,bow_window/indoor ,0.011217599
10665,50096,51192,clean_room ,0.38994423
10666,50096,51192,museum/indoor ,0.3803206
10667,50096,51192,art_gallery ,0.044526804
10668,50096,51192,artists_loft ,0.030644733
10669,50096,51192,bow_window/indoor ,0.021993881
10670,50096,51216,clean_room ,0.17573324
10671,50096,51216,entrance_hall ,0.16405325
10672,50096,51216,bow_window/indoor ,0.11623669
10673,50096,51216,alcove ,0.0948641
10674,50096,51216,nursery ,0.056911483
10675,50096,51240,clean_room ,0.3755508
10676,50096,51240,bow_window/indoor ,0.14078765
10677,50096,51240,entrance_hall ,0.08577993
10678,50096,51240,artists_loft ,0.0607242
10679,50096,51240,alcove ,0.056497816
10680,50096,51264,clean_room ,0.4601618
10681,50096,51264,bow_window/indoor ,0.093839295
10682,50096,51264,artists_loft ,0.09172432
10683,50096,51264,entrance_hall ,0.056540497
10684,50096,51264,alcove ,0.046924993
10685,50096,51288,clean_room ,0.49701923
10686,50096,51288,dressing_room ,0.11318158
10687,50096,51288,museum/indoor ,0.072395466
10688,50096,51288,artists_loft ,0.047163263
10689,50096,51288,entrance_hall ,0.029674338
10690,50096,51312,clean_room ,0.6204589
10691,50096,51312,dressing_room ,0.0656845
10692,50096,51312,museum/indoor ,0.049213763
10693,50096,51312,hospital_room ,0.02897105
10694,50096,51312,entrance_hall ,0.022983957
10695,50096,51336,entrance_hall ,0.22729315
10696,50096,51336,clean_room ,0.14076887
10697,50096,51336,artists_loft ,0.07681239
10698,50096,51336,dressing_room ,0.06753041
10699,50096,51336,alcove ,0.05525473
10700,50096,51360,entrance_hall ,0.23924786
10701,50096,51360,clean_room ,0.12879108
10702,50096,51360,dressing_room ,0.06754618
10703,50096,51360,artists_loft ,0.05551915
10704,50096,51360,attic ,0.04902883
10705,50096,51384,entrance_hall ,0.33161366
10706,50096,51384,clean_room ,0.11183287
10707,50096,51384,artists_loft ,0.060362462
10708,50096,51384,dressing_room ,0.046492606
10709,50096,51384,attic ,0.0387288
10710,50096,51408,entrance_hall ,0.27706313
10711,50096,51408,clean_room ,0.10528387
10712,50096,51408,artists_loft ,0.06658161
10713,50096,51408,dressing_room ,0.06516006
10714,50096,51408,alcove ,0.044377305
10715,50096,51432,entrance_hall ,0.32252565
10716,50096,51432,clean_room ,0.09012386
10717,50096,51432,artists_loft ,0.060071312
10718,50096,51432,alcove ,0.052009877
10719,50096,51432,attic ,0.049754865
10720,50096,51456,entrance_hall ,0.28423044
10721,50096,51456,clean_room ,0.092000596
10722,50096,51456,dressing_room ,0.08197301
10723,50096,51456,artists_loft ,0.05582418
10724,50096,51456,alcove ,0.052689433
10725,50096,51480,clean_room ,0.55108124
10726,50096,51480,entrance_hall ,0.05070532
10727,50096,51480,hospital_room ,0.048411395
10728,50096,51480,museum/indoor ,0.04384028
10729,50096,51480,alcove ,0.03486521
10730,50096,51504,clean_room ,0.62424576
10731,50096,51504,museum/indoor ,0.063329056
10732,50096,51504,dressing_room ,0.050015967
10733,50096,51504,entrance_hall ,0.031234514
10734,50096,51504,artists_loft ,0.028876817
10735,50096,51528,clean_room ,0.27784812
10736,50096,51528,entrance_hall ,0.12066381
10737,50096,51528,alcove ,0.111609824
10738,50096,51528,artists_loft ,0.079353504
10739,50096,51528,museum/indoor ,0.054638173
10740,50096,51552,clean_room ,0.4393074
10741,50096,51552,hospital_room ,0.07710628
10742,50096,51552,entrance_hall ,0.07543607
10743,50096,51552,alcove ,0.07087053
10744,50096,51552,operating_room ,0.034871887
10745,50096,51576,clean_room ,0.65026045
10746,50096,51576,dressing_room ,0.044776578
10747,50096,51576,alcove ,0.043131907
10748,50096,51576,operating_room ,0.036556676
10749,50096,51576,hospital_room ,0.03391421
10750,50096,51600,clean_room ,0.55420554
10751,50096,51600,entrance_hall ,0.08770729
10752,50096,51600,museum/indoor ,0.06503975
10753,50096,51600,hospital_room ,0.03144091
10754,50096,51600,attic ,0.016940469
10755,50096,51624,clean_room ,0.57144296
10756,50096,51624,attic ,0.10741458
10757,50096,51624,alcove ,0.07118528
10758,50096,51624,nursery ,0.03367145
10759,50096,51624,museum/indoor ,0.032679465
10760,50096,51648,clean_room ,0.7613275
10761,50096,51648,operating_room ,0.03819106
10762,50096,51648,chemistry_lab ,0.03777547
10763,50096,51648,hospital_room ,0.03617709
10764,50096,51648,attic ,0.017613728
10765,50096,51672,clean_room ,0.84525234
10766,50096,51672,shower ,0.028435403
10767,50096,51672,operating_room ,0.021451565
10768,50096,51672,dressing_room ,0.020612342
10769,50096,51672,locker_room ,0.01926136
10770,50096,51696,clean_room ,0.85346836
10771,50096,51696,locker_room ,0.037063178
10772,50096,51696,dressing_room ,0.025084037
10773,50096,51696,shower ,0.014195682
10774,50096,51696,museum/indoor ,0.010707648
10775,50096,51720,clean_room ,0.8667504
10776,50096,51720,museum/indoor ,0.033568323
10777,50096,51720,dressing_room ,0.022022916
10778,50096,51720,locker_room ,0.019328097
10779,50096,51720,art_gallery ,0.011341833
10780,50096,51744,clean_room ,0.6550623
10781,50096,51744,museum/indoor ,0.1088342
10782,50096,51744,dressing_room ,0.048954934
10783,50096,51744,locker_room ,0.037108473
10784,50096,51744,artists_loft ,0.0262508
10785,50096,51768,clean_room ,0.92317647
10786,50096,51768,dressing_room ,0.017133432
10787,50096,51768,locker_room ,0.010784619
10788,50096,51768,museum/indoor ,0.008783207
10789,50096,51768,art_gallery ,0.007978545
10790,50096,51792,clean_room ,0.7320013
10791,50096,51792,operating_room ,0.058404297
10792,50096,51792,attic ,0.03722832
10793,50096,51792,hospital_room ,0.036889687
10794,50096,51792,office ,0.018134378
10795,50096,51816,clean_room ,0.9452161
10796,50096,51816,operating_room ,0.007962167
10797,50096,51816,hospital_room ,0.006508169
10798,50096,51816,entrance_hall ,0.0060363095
10799,50096,51816,attic ,0.0034906955
10800,50096,51840,clean_room ,0.9468631
10801,50096,51840,hospital_room ,0.013245839
10802,50096,51840,operating_room ,0.012757436
10803,50096,51840,entrance_hall ,0.004130446
10804,50096,51840,clothing_store ,0.0025176043
10805,50096,51864,entrance_hall ,0.3138602
10806,50096,51864,attic ,0.24856438
10807,50096,51864,clean_room ,0.23969376
10808,50096,51864,alcove ,0.034738723
10809,50096,51864,artists_loft ,0.0286153
10810,50096,51888,clean_room ,0.70806766
10811,50096,51888,atrium/public ,0.06276162
10812,50096,51888,clothing_store ,0.03828548
10813,50096,51888,elevator_lobby ,0.024976948
10814,50096,51888,entrance_hall ,0.021006258
10815,50096,51912,clean_room ,0.8161499
10816,50096,51912,museum/indoor ,0.051198468
10817,50096,51912,atrium/public ,0.045893304
10818,50096,51912,entrance_hall ,0.011356925
10819,50096,51912,artists_loft ,0.01048732
10820,50096,51936,clean_room ,0.4314081
10821,50096,51936,museum/indoor ,0.36838156
10822,50096,51936,clothing_store ,0.030299742
10823,50096,51936,art_gallery ,0.0208462
10824,50096,51936,science_museum ,0.016155701
10825,50096,51960,clean_room ,0.44667983
10826,50096,51960,museum/indoor ,0.28875154
10827,50096,51960,clothing_store ,0.067164056
10828,50096,51960,art_gallery ,0.028477373
10829,50096,51960,bow_window/indoor ,0.021442
10830,50096,51984,clean_room ,0.4759626
10831,50096,51984,museum/indoor ,0.19468096
10832,50096,51984,clothing_store ,0.047995895
10833,50096,51984,atrium/public ,0.03556691
10834,50096,51984,art_gallery ,0.026688734
10835,50096,52008,clean_room ,0.54317194
10836,50096,52008,museum/indoor ,0.33844528
10837,50096,52008,clothing_store ,0.031577732
10838,50096,52008,art_gallery ,0.013917484
10839,50096,52008,atrium/public ,0.012878519
10840,50096,52032,clean_room ,0.4958039
10841,50096,52032,museum/indoor ,0.33446023
10842,50096,52032,clothing_store ,0.05026206
10843,50096,52032,art_gallery ,0.024690649
10844,50096,52032,dressing_room ,0.022959432
10845,50096,52056,clean_room ,0.4482473
10846,50096,52056,museum/indoor ,0.3134626
10847,50096,52056,clothing_store ,0.07672865
10848,50096,52056,dressing_room ,0.032956988
10849,50096,52056,atrium/public ,0.017017305
10850,50096,52080,clean_room ,0.6137125
10851,50096,52080,museum/indoor ,0.2330452
10852,50096,52080,clothing_store ,0.04975503
10853,50096,52080,dressing_room ,0.020985171
10854,50096,52080,art_gallery ,0.011216325
10855,50096,52104,clean_room ,0.43563977
10856,50096,52104,museum/indoor ,0.2862144
10857,50096,52104,clothing_store ,0.12751234
10858,50096,52104,dressing_room ,0.043485463
10859,50096,52104,art_gallery ,0.018821064
10860,50096,52128,clean_room ,0.7039774
10861,50096,52128,museum/indoor ,0.18081082
10862,50096,52128,clothing_store ,0.030539718
10863,50096,52128,dressing_room ,0.018817682
10864,50096,52128,art_gallery ,0.01489871
10865,50096,52152,clean_room ,0.32505038
10866,50096,52152,dressing_room ,0.27687877
10867,50096,52152,clothing_store ,0.27222326
10868,50096,52152,museum/indoor ,0.057514332
10869,50096,52152,closet ,0.007894654
10870,50096,52176,clean_room ,0.868465
10871,50096,52176,museum/indoor ,0.029182618
10872,50096,52176,artists_loft ,0.013291526
10873,50096,52176,atrium/public ,0.009826883
10874,50096,52176,attic ,0.008262408
10875,50096,52200,clean_room ,0.894044
10876,50096,52200,locker_room ,0.022133961
10877,50096,52200,elevator_lobby ,0.017384615
10878,50096,52200,dressing_room ,0.01697837
10879,50096,52200,elevator/door ,0.0068190373
10880,50096,52224,dressing_room ,0.58846635
10881,50096,52224,clean_room ,0.34623528
10882,50096,52224,clothing_store ,0.020119376
10883,50096,52224,shower ,0.009190263
10884,50096,52224,operating_room ,0.0073527787
10885,50096,52248,dressing_room ,0.6465608
10886,50096,52248,clean_room ,0.1587678
10887,50096,52248,clothing_store ,0.10729855
10888,50096,52248,museum/indoor ,0.0372609
10889,50096,52248,nursing_home ,0.016068963
10890,50096,52272,museum/indoor ,0.50074106
10891,50096,52272,dressing_room ,0.18696861
10892,50096,52272,clean_room ,0.14474335
10893,50096,52272,art_gallery ,0.062085487
10894,50096,52272,clothing_store ,0.017448869
10895,50096,52296,clean_room ,0.48317873
10896,50096,52296,dressing_room ,0.36824894
10897,50096,52296,museum/indoor ,0.07047107
10898,50096,52296,nursing_home ,0.019025257
10899,50096,52296,art_gallery ,0.009361296
10900,50096,52320,dressing_room ,0.5609388
10901,50096,52320,clean_room ,0.18905117
10902,50096,52320,museum/indoor ,0.08807859
10903,50096,52320,nursing_home ,0.06524859
10904,50096,52320,art_gallery ,0.009274637
10905,50096,52344,clean_room ,0.59563106
10906,50096,52344,museum/indoor ,0.17429796
10907,50096,52344,dressing_room ,0.13865784
10908,50096,52344,art_gallery ,0.015988067
10909,50096,52344,archive ,0.009442283
10910,50096,52368,clean_room ,0.345861
10911,50096,52368,museum/indoor ,0.32020548
10912,50096,52368,dressing_room ,0.23382002
10913,50096,52368,art_gallery ,0.027953584
10914,50096,52368,science_museum ,0.009370862
10915,50096,52392,museum/indoor ,0.401292
10916,50096,52392,clean_room ,0.27603814
10917,50096,52392,dressing_room ,0.22930592
10918,50096,52392,art_gallery ,0.024349283
10919,50096,52392,science_museum ,0.008683527
10920,50096,52416,clean_room ,0.9812889
10921,50096,52416,art_gallery ,0.0038527122
10922,50096,52416,atrium/public ,0.003798668
10923,50096,52416,museum/indoor ,0.001536926
10924,50096,52416,dressing_room ,0.0015195694
10925,50096,52440,clean_room ,0.98739994
10926,50096,52440,atrium/public ,0.0029528437
10927,50096,52440,art_gallery ,0.0022774807
10928,50096,52440,museum/indoor ,0.0009068424
10929,50096,52440,dressing_room ,0.0008118246
10930,50096,52464,clean_room ,0.98047525
10931,50096,52464,atrium/public ,0.0053067636
10932,50096,52464,art_gallery ,0.0021427365
10933,50096,52464,dressing_room ,0.0013039208
10934,50096,52464,archive ,0.0011025235
10935,50096,52488,clean_room ,0.9214061
10936,50096,52488,atrium/public ,0.02893688
10937,50096,52488,art_gallery ,0.007994046
10938,50096,52488,museum/indoor ,0.0045499164
10939,50096,52488,dressing_room ,0.004249782
10940,50096,52512,clean_room ,0.8458307
10941,50096,52512,dressing_room ,0.032414448
10942,50096,52512,art_gallery ,0.029348934
10943,50096,52512,atrium/public ,0.017785553
10944,50096,52512,clothing_store ,0.012374895
10945,50096,52536,clean_room ,0.906448
10946,50096,52536,dressing_room ,0.024370776
10947,50096,52536,art_gallery ,0.015813874
10948,50096,52536,shower ,0.008004076
10949,50096,52536,atrium/public ,0.006922618
10950,50096,52560,clean_room ,0.9876538
10951,50096,52560,atrium/public ,0.003934378
10952,50096,52560,operating_room ,0.0007697516
10953,50096,52560,art_gallery ,0.00076616
10954,50096,52560,dressing_room ,0.00070183334
10955,50096,52584,clean_room ,0.9378819
10956,50096,52584,atrium/public ,0.024490843
10957,50096,52584,art_gallery ,0.008274774
10958,50096,52584,museum/indoor ,0.0038918469
10959,50096,52584,shopping_mall/indoor ,0.0032752452
10960,50096,52608,clean_room ,0.8846161
10961,50096,52608,atrium/public ,0.04057492
10962,50096,52608,art_gallery ,0.011629067
10963,50096,52608,shower ,0.009728725
10964,50096,52608,museum/indoor ,0.008146946
10965,50096,52632,clean_room ,0.88063246
10966,50096,52632,atrium/public ,0.02362829
10967,50096,52632,art_gallery ,0.018869799
10968,50096,52632,dressing_room ,0.017135574
10969,50096,52632,shower ,0.011961852
10970,50096,52656,clean_room ,0.9788017
10971,50096,52656,atrium/public ,0.0033565194
10972,50096,52656,art_gallery ,0.0033306433
10973,50096,52656,dressing_room ,0.0030599544
10974,50096,52656,clothing_store ,0.002188764
10975,50096,52680,clean_room ,0.95729256
10976,50096,52680,clothing_store ,0.00792365
10977,50096,52680,dressing_room ,0.0076285987
10978,50096,52680,atrium/public ,0.005747944
10979,50096,52680,art_gallery ,0.004892091
10980,50096,52704,clean_room ,0.94404536
10981,50096,52704,clothing_store ,0.012567257
10982,50096,52704,atrium/public ,0.008566734
10983,50096,52704,dressing_room ,0.0072531723
10984,50096,52704,art_gallery ,0.005398465
10985,50096,52728,clean_room ,0.9433606
10986,50096,52728,dressing_room ,0.013519346
10987,50096,52728,clothing_store ,0.011550735
10988,50096,52728,museum/indoor ,0.006363938
10989,50096,52728,atrium/public ,0.0055820937
10990,50096,52752,clean_room ,0.94787616
10991,50096,52752,clothing_store ,0.010775131
10992,50096,52752,dressing_room ,0.00944178
10993,50096,52752,art_gallery ,0.006707955
10994,50096,52752,atrium/public ,0.006440761
10995,50096,52776,clean_room ,0.94461787
10996,50096,52776,clothing_store ,0.009382764
10997,50096,52776,dressing_room ,0.009038707
10998,50096,52776,art_gallery ,0.008884346
10999,50096,52776,atrium/public ,0.0072840443
11000,50096,52800,clean_room ,0.8046014
11001,50096,52800,dressing_room ,0.075218745
11002,50096,52800,museum/indoor ,0.054812793
11003,50096,52800,art_gallery ,0.012656731
11004,50096,52800,nursing_home ,0.008868688
11005,50096,52824,clean_room ,0.7943529
11006,50096,52824,dressing_room ,0.072675236
11007,50096,52824,museum/indoor ,0.07078997
11008,50096,52824,art_gallery ,0.0122317895
11009,50096,52824,television_studio ,0.007480623
11010,50096,52848,clean_room ,0.7454101
11011,50096,52848,dressing_room ,0.12707241
11012,50096,52848,museum/indoor ,0.064578526
11013,50096,52848,art_gallery ,0.015740156
11014,50096,52848,clothing_store ,0.008671327
11015,50096,52872,clean_room ,0.49509183
11016,50096,52872,dressing_room ,0.35365006
11017,50096,52872,clothing_store ,0.024449676
11018,50096,52872,museum/indoor ,0.024196142
11019,50096,52872,nursing_home ,0.019419337
11020,50096,52896,clean_room ,0.5050656
11021,50096,52896,dressing_room ,0.35210335
11022,50096,52896,nursing_home ,0.038279604
11023,50096,52896,clothing_store ,0.020894894
11024,50096,52896,museum/indoor ,0.013835676
11025,50096,52920,clean_room ,0.45101187
11026,50096,52920,dressing_room ,0.42507827
11027,50096,52920,clothing_store ,0.040659063
11028,50096,52920,nursing_home ,0.02333213
11029,50096,52920,museum/indoor ,0.012894262
11030,50096,52944,clean_room ,0.98512346
11031,50096,52944,atrium/public ,0.0029954673
11032,50096,52944,art_gallery ,0.0017898646
11033,50096,52944,dressing_room ,0.001785175
11034,50096,52944,clothing_store ,0.0017136127
11035,50096,52968,clean_room ,0.9824453
11036,50096,52968,atrium/public ,0.002596256
11037,50096,52968,art_gallery ,0.0025494562
11038,50096,52968,clothing_store ,0.0024251407
11039,50096,52968,dressing_room ,0.0022303336
11040,50096,52992,clean_room ,0.9698435
11041,50096,52992,shower ,0.007468669
11042,50096,52992,dressing_room ,0.007255532
11043,50096,52992,clothing_store ,0.0035652798
11044,50096,52992,atrium/public ,0.0023628294
11045,50096,53016,clean_room ,0.8931138
11046,50096,53016,dressing_room ,0.028834822
11047,50096,53016,art_gallery ,0.017254896
11048,50096,53016,shower ,0.011560341
11049,50096,53016,atrium/public ,0.009367208
11050,50096,53040,clean_room ,0.95019066
11051,50096,53040,dressing_room ,0.010214375
11052,50096,53040,art_gallery ,0.006644194
11053,50096,53040,museum/indoor ,0.0063020834
11054,50096,53040,atrium/public ,0.005312431
11055,50096,53064,clean_room ,0.9667309
11056,50096,53064,atrium/public ,0.0067278235
11057,50096,53064,dressing_room ,0.0049765366
11058,50096,53064,museum/indoor ,0.004560037
11059,50096,53064,clothing_store ,0.0033390338
11060,50096,53088,clean_room ,0.972607
11061,50096,53088,dressing_room ,0.0060161175
11062,50096,53088,atrium/public ,0.0037402976
11063,50096,53088,clothing_store ,0.0031973156
11064,50096,53088,museum/indoor ,0.0029578456
11065,50096,53112,clean_room ,0.98430634
11066,50096,53112,atrium/public ,0.004138004
11067,50096,53112,dressing_room ,0.001981929
11068,50096,53112,shower ,0.001595708
11069,50096,53112,clothing_store ,0.001088417
11070,50096,53136,clean_room ,0.9786775
11071,50096,53136,atrium/public ,0.0055566784
11072,50096,53136,dressing_room ,0.002726843
11073,50096,53136,clothing_store ,0.0023591276
11074,50096,53136,shower ,0.0011405995
11075,50096,53160,clean_room ,0.97650117
11076,50096,53160,atrium/public ,0.0065402063
11077,50096,53160,dressing_room ,0.0029046743
11078,50096,53160,shower ,0.0019523447
11079,50096,53160,clothing_store ,0.0012619189
11080,50096,53184,dressing_room ,0.4359716
11081,50096,53184,clean_room ,0.26011142
11082,50096,53184,museum/indoor ,0.15969755
11083,50096,53184,nursing_home ,0.04600702
11084,50096,53184,art_gallery ,0.037033062
11085,50096,53208,clean_room ,0.31608304
11086,50096,53208,museum/indoor ,0.26194385
11087,50096,53208,dressing_room ,0.21809718
11088,50096,53208,nursing_home ,0.09203701
11089,50096,53208,art_gallery ,0.045057356
11090,50096,53232,clean_room ,0.8856249
11091,50096,53232,museum/indoor ,0.05335269
11092,50096,53232,dressing_room ,0.034239277
11093,50096,53232,clothing_store ,0.008866939
11094,50096,53232,art_gallery ,0.007648059
11095,50096,53256,dressing_room ,0.57963216
11096,50096,53256,shower ,0.17339584
11097,50096,53256,bathroom ,0.04453645
11098,50096,53256,clean_room ,0.04029435
11099,50096,53256,locker_room ,0.026107254
11100,50096,53280,attic ,0.7110356
11101,50096,53280,bow_window/indoor ,0.14989914
11102,50096,53280,atrium/public ,0.04216768
11103,50096,53280,bedroom ,0.015604416
11104,50096,53280,alcove ,0.01223332
11105,50096,53304,clean_room ,0.27911985
11106,50096,53304,museum/indoor ,0.09062369
11107,50096,53304,music_studio ,0.079107754
11108,50096,53304,dressing_room ,0.06928687
11109,50096,53304,art_gallery ,0.044057336
11110,50096,53328,clean_room ,0.48773223
11111,50096,53328,dressing_room ,0.25664452
11112,50096,53328,art_gallery ,0.03916757
11113,50096,53328,museum/indoor ,0.030592302
11114,50096,53328,chemistry_lab ,0.02935045
11115,50096,53352,clean_room ,0.42586017
11116,50096,53352,museum/indoor ,0.10177603
11117,50096,53352,dressing_room ,0.08078146
11118,50096,53352,art_gallery ,0.07845734
11119,50096,53352,science_museum ,0.069614865
11120,50096,53376,clean_room ,0.5352754
11121,50096,53376,dressing_room ,0.17233357
11122,50096,53376,museum/indoor ,0.050781492
11123,50096,53376,art_gallery ,0.041740015
11124,50096,53376,shower ,0.013400996
11125,50096,53400,clean_room ,0.1306313
11126,50096,53400,dressing_room ,0.08481218
11127,50096,53400,living_room ,0.06784864
11128,50096,53400,beauty_salon ,0.054563843
11129,50096,53400,shower ,0.045480862
11130,50096,53424,clean_room ,0.32035837
11131,50096,53424,server_room ,0.060212266
11132,50096,53424,corridor ,0.05270439
11133,50096,53424,shower ,0.025017673
11134,50096,53424,clothing_store ,0.024046795
11135,50096,53448,dressing_room ,0.55196166
11136,50096,53448,clean_room ,0.101925425
11137,50096,53448,art_gallery ,0.0503118
11138,50096,53448,museum/indoor ,0.03805572
11139,50096,53448,clothing_store ,0.026355552
11140,50096,53472,dressing_room ,0.445342
11141,50096,53472,clean_room ,0.35862502
11142,50096,53472,archive ,0.044694625
11143,50096,53472,chemistry_lab ,0.029352264
11144,50096,53472,biology_laboratory ,0.02113369
11145,50096,53496,beauty_salon ,0.47348222
11146,50096,53496,dressing_room ,0.2405097
11147,50096,53496,bathroom ,0.08958909
11148,50096,53496,shower ,0.03077758
11149,50096,53496,clean_room ,0.024154501
11150,50096,53520,bathroom ,0.29924482
11151,50096,53520,clean_room ,0.13149074
11152,50096,53520,dressing_room ,0.098741755
11153,50096,53520,hospital_room ,0.061683822
11154,50096,53520,office ,0.047258757
11155,50096,53544,clean_room ,0.52129436
11156,50096,53544,beauty_salon ,0.07155132
11157,50096,53544,dressing_room ,0.047741063
11158,50096,53544,martial_arts_gym ,0.04000739
11159,50096,53544,clothing_store ,0.03581941
11160,50096,53568,clean_room ,0.41431984
11161,50096,53568,locker_room ,0.15019199
11162,50096,53568,sauna ,0.042989425
11163,50096,53568,elevator/door ,0.03256141
11164,50096,53568,bathroom ,0.027018128
11165,50096,53592,bow_window/indoor ,0.87338257
11166,50096,53592,living_room ,0.02092025
11167,50096,53592,bedroom ,0.01572719
11168,50096,53592,nursery ,0.0071097817
11169,50096,53592,museum/indoor ,0.005954977
11170,50096,53616,gymnasium/indoor ,0.41395548
11171,50096,53616,entrance_hall ,0.16022111
11172,50096,53616,basement ,0.056997564
11173,50096,53616,staircase ,0.05269374
11174,50096,53616,nursery ,0.03319129
11175,50096,53640,gymnasium/indoor ,0.77576
11176,50096,53640,entrance_hall ,0.04921153
11177,50096,53640,porch ,0.021982329
11178,50096,53640,playground ,0.014833169
11179,50096,53640,recreation_room ,0.012244019
11180,50096,53664,clean_room ,0.24155751
11181,50096,53664,dressing_room ,0.13533625
11182,50096,53664,museum/indoor ,0.07583154
11183,50096,53664,archive ,0.06386698
11184,50096,53664,hospital_room ,0.058031715
11185,50096,53688,clean_room ,0.36125124
11186,50096,53688,museum/indoor ,0.18755843
11187,50096,53688,physics_laboratory ,0.1143075
11188,50096,53688,music_studio ,0.062695764
11189,50096,53688,dressing_room ,0.0415917
11190,50096,53712,gymnasium/indoor ,0.47719505
11191,50096,53712,clean_room ,0.38684332
11192,50096,53712,music_studio ,0.024445679
11193,50096,53712,dressing_room ,0.011640934
11194,50096,53712,operating_room ,0.010557598
11195,50096,53736,clean_room ,0.7460178
11196,50096,53736,dressing_room ,0.082987286
11197,50096,53736,operating_room ,0.015757255
11198,50096,53736,gymnasium/indoor ,0.014741227
11199,50096,53736,locker_room ,0.013775005
11200,50096,53760,museum/indoor ,0.19439994
11201,50096,53760,art_gallery ,0.14658356
11202,50096,53760,dressing_room ,0.10058628
11203,50096,53760,clean_room ,0.092666104
11204,50096,53760,clothing_store ,0.07521378
11205,50096,53784,museum/indoor ,0.12123732
11206,50096,53784,clean_room ,0.11736652
11207,50096,53784,artists_loft ,0.07050697
11208,50096,53784,attic ,0.061349563
11209,50096,53784,art_gallery ,0.053239852
11210,50096,53808,clean_room ,0.29250184
11211,50096,53808,locker_room ,0.25335032
11212,50096,53808,dressing_room ,0.17900617
11213,50096,53808,shower ,0.026242271
11214,50096,53808,chemistry_lab ,0.016795715
11215,50096,53832,classroom ,0.15076795
11216,50096,53832,bow_window/indoor ,0.10144051
11217,50096,53832,nursery ,0.06645792
11218,50096,53832,art_studio ,0.05957423
11219,50096,53832,archive ,0.055933807
11220,50096,53856,clean_room ,0.23687752
11221,50096,53856,archive ,0.1382851
11222,50096,53856,dressing_room ,0.09830255
11223,50096,53856,hospital_room ,0.07166263
11224,50096,53856,office ,0.060567357
11225,50096,53880,museum/indoor ,0.5303649
11226,50096,53880,art_gallery ,0.14586703
11227,50096,53880,science_museum ,0.079664014
11228,50096,53880,natural_history_museum ,0.07270129
11229,50096,53880,clean_room ,0.045073036
11230,50096,53904,museum/indoor ,0.5465502
11231,50096,53904,art_gallery ,0.12891422
11232,50096,53904,natural_history_museum ,0.08881259
11233,50096,53904,science_museum ,0.08281063
11234,50096,53904,clean_room ,0.040691763
11235,50096,53928,clean_room ,0.46455324
11236,50096,53928,dressing_room ,0.09550362
11237,50096,53928,archive ,0.060534727
11238,50096,53928,locker_room ,0.05708051
11239,50096,53928,hospital_room ,0.030217627
11240,50096,53952,museum/indoor ,0.3745662
11241,50096,53952,clean_room ,0.19168079
11242,50096,53952,art_gallery ,0.1659465
11243,50096,53952,science_museum ,0.077666305
11244,50096,53952,natural_history_museum ,0.048210703
11245,50096,53976,clean_room ,0.7493418
11246,50096,53976,art_gallery ,0.041673634
11247,50096,53976,museum/indoor ,0.03896819
11248,50096,53976,chemistry_lab ,0.020624092
11249,50096,53976,shower ,0.017500753
11250,50096,54000,clean_room ,0.7534509
11251,50096,54000,museum/indoor ,0.028561438
11252,50096,54000,art_gallery ,0.025129834
11253,50096,54000,chemistry_lab ,0.024221001
11254,50096,54000,beauty_salon ,0.014183883
11255,50096,54024,dressing_room ,0.4095568
11256,50096,54024,clean_room ,0.23900516
11257,50096,54024,beauty_salon ,0.057752606
11258,50096,54024,chemistry_lab ,0.033967443
11259,50096,54024,biology_laboratory ,0.027342206
11260,50096,54048,dressing_room ,0.37487057
11261,50096,54048,clean_room ,0.1456729
11262,50096,54048,clothing_store ,0.065168336
11263,50096,54048,museum/indoor ,0.054062787
11264,50096,54048,beauty_salon ,0.044971365
11265,50096,54072,clean_room ,0.71278805
11266,50096,54072,archive ,0.04754021
11267,50096,54072,museum/indoor ,0.036703903
11268,50096,54072,music_studio ,0.033889055
11269,50096,54072,science_museum ,0.02868908
11270,50096,54096,dressing_room ,0.36427757
11271,50096,54096,locker_room ,0.17064181
11272,50096,54096,office ,0.099458866
11273,50096,54096,art_gallery ,0.08882498
11274,50096,54096,archive ,0.033172734
11275,50096,54120,dressing_room ,0.30937606
11276,50096,54120,office ,0.17365283
11277,50096,54120,locker_room ,0.1004671
11278,50096,54120,art_gallery ,0.09597569
11279,50096,54120,office_cubicles ,0.032319065
11280,50096,54144,artists_loft ,0.19652106
11281,50096,54144,entrance_hall ,0.09026356
11282,50096,54144,alcove ,0.07192332
11283,50096,54144,attic ,0.06913729
11284,50096,54144,dressing_room ,0.06576117
11285,50096,54168,clean_room ,0.75893396
11286,50096,54168,museum/indoor ,0.025482645
11287,50096,54168,entrance_hall ,0.023549587
11288,50096,54168,attic ,0.02066127
11289,50096,54168,gymnasium/indoor ,0.016164456
11290,50096,54192,clean_room ,0.3495417
11291,50096,54192,dressing_room ,0.2766305
11292,50096,54192,music_studio ,0.13752903
11293,50096,54192,art_studio ,0.025819605
11294,50096,54192,museum/indoor ,0.025607562
11295,50096,54216,clean_room ,0.49708974
11296,50096,54216,dressing_room ,0.1351375
11297,50096,54216,music_studio ,0.11322885
11298,50096,54216,clothing_store ,0.054715835
11299,50096,54216,stage/indoor ,0.040717818
11300,50096,54240,clean_room ,0.60659623
11301,50096,54240,dressing_room ,0.10223209
11302,50096,54240,music_studio ,0.09368156
11303,50096,54240,museum/indoor ,0.033473477
11304,50096,54240,stage/indoor ,0.026250364
11305,50096,54264,clean_room ,0.36312166
11306,50096,54264,music_studio ,0.31376392
11307,50096,54264,dressing_room ,0.07064426
11308,50096,54264,stage/indoor ,0.06690205
11309,50096,54264,museum/indoor ,0.032584105
11310,50096,54288,clean_room ,0.301562
11311,50096,54288,music_studio ,0.27630797
11312,50096,54288,dressing_room ,0.084392704
11313,50096,54288,stage/indoor ,0.06231481
11314,50096,54288,museum/indoor ,0.055063367
11315,50096,54312,music_studio ,0.41741738
11316,50096,54312,clean_room ,0.33481175
11317,50096,54312,operating_room ,0.037688784
11318,50096,54312,stage/indoor ,0.032857414
11319,50096,54312,dressing_room ,0.03143684
11320,50096,54336,clean_room ,0.8021716
11321,50096,54336,dressing_room ,0.061685815
11322,50096,54336,music_studio ,0.02977253
11323,50096,54336,clothing_store ,0.020234555
11324,50096,54336,operating_room ,0.018906819
11325,50096,54360,clean_room ,0.7965132
11326,50096,54360,clothing_store ,0.040777642
11327,50096,54360,physics_laboratory ,0.021542722
11328,50096,54360,dressing_room ,0.016321693
11329,50096,54360,museum/indoor ,0.015612545
11330,50096,54384,clean_room ,0.8729831
11331,50096,54384,museum/indoor ,0.02866045
11332,50096,54384,attic ,0.019589627
11333,50096,54384,operating_room ,0.011402606
11334,50096,54384,artists_loft ,0.009128116
11335,50096,54408,clean_room ,0.35687786
11336,50096,54408,elevator_lobby ,0.12993208
11337,50096,54408,museum/indoor ,0.09991029
11338,50096,54408,entrance_hall ,0.06611216
11339,50096,54408,attic ,0.06509135
11340,50096,54432,attic ,0.43118298
11341,50096,54432,artists_loft ,0.10713287
11342,50096,54432,entrance_hall ,0.06959564
11343,50096,54432,museum/indoor ,0.057276648
11344,50096,54432,clean_room ,0.054646723
11345,50096,54456,attic ,0.41562337
11346,50096,54456,clean_room ,0.14100716
11347,50096,54456,dressing_room ,0.089694165
11348,50096,54456,artists_loft ,0.08396459
11349,50096,54456,museum/indoor ,0.06233337
11350,50096,54480,clean_room ,0.86240506
11351,50096,54480,attic ,0.046299234
11352,50096,54480,dressing_room ,0.016413188
11353,50096,54480,clothing_store ,0.008691939
11354,50096,54480,operating_room ,0.0076752435
11355,50096,54504,clean_room ,0.6122806
11356,50096,54504,attic ,0.07555513
11357,50096,54504,elevator_lobby ,0.035006374
11358,50096,54504,corridor ,0.023976853
11359,50096,54504,museum/indoor ,0.022536566
11360,50096,54528,clean_room ,0.93232673
11361,50096,54528,dressing_room ,0.017177492
11362,50096,54528,clothing_store ,0.01459326
11363,50096,54528,operating_room ,0.009975037
11364,50096,54528,museum/indoor ,0.008512506
11365,50096,54552,clean_room ,0.8555706
11366,50096,54552,museum/indoor ,0.054972738
11367,50096,54552,dressing_room ,0.04218465
11368,50096,54552,clothing_store ,0.020492543
11369,50096,54552,operating_room ,0.004806998
11370,50096,54576,clean_room ,0.54475266
11371,50096,54576,dressing_room ,0.20480347
11372,50096,54576,clothing_store ,0.14778462
11373,50096,54576,museum/indoor ,0.08032068
11374,50096,54576,science_museum ,0.003174019
11375,50096,54600,clean_room ,0.8837405
11376,50096,54600,museum/indoor ,0.069648266
11377,50096,54600,dressing_room ,0.018072871
11378,50096,54600,operating_room ,0.010354532
11379,50096,54600,clothing_store ,0.0066186325
11380,50096,54624,clean_room ,0.78533214
11381,50096,54624,museum/indoor ,0.09986568
11382,50096,54624,dressing_room ,0.033977944
11383,50096,54624,operating_room ,0.024538318
11384,50096,54624,music_studio ,0.008417465
11385,50096,54648,clean_room ,0.7385754
11386,50096,54648,museum/indoor ,0.0928506
11387,50096,54648,dressing_room ,0.084531195
11388,50096,54648,clothing_store ,0.020336496
11389,50096,54648,operating_room ,0.0073580225
11390,50096,54672,clean_room ,0.5725762
11391,50096,54672,museum/indoor ,0.18321173
11392,50096,54672,clothing_store ,0.07207111
11393,50096,54672,dressing_room ,0.07043805
11394,50096,54672,elevator_lobby ,0.011111127
11395,50096,54696,clean_room ,0.58967036
11396,50096,54696,dressing_room ,0.0977952
11397,50096,54696,clothing_store ,0.08431149
11398,50096,54696,museum/indoor ,0.034976732
11399,50096,54696,attic ,0.030449115
11400,50096,54720,clean_room ,0.75386727
11401,50096,54720,museum/indoor ,0.11520394
11402,50096,54720,dressing_room ,0.03964734
11403,50096,54720,clothing_store ,0.017194442
11404,50096,54720,elevator_lobby ,0.011999901
11405,50096,54744,clean_room ,0.28465414
11406,50096,54744,dressing_room ,0.20457791
11407,50096,54744,museum/indoor ,0.1532187
11408,50096,54744,clothing_store ,0.08222068
11409,50096,54744,airplane_cabin ,0.049730115
11410,50096,54768,clean_room ,0.7655522
11411,50096,54768,dressing_room ,0.068457596
11412,50096,54768,attic ,0.030569274
11413,50096,54768,clothing_store ,0.02502128
11414,50096,54768,museum/indoor ,0.02127337
11415,50096,54792,clean_room ,0.46605796
11416,50096,54792,dressing_room ,0.20108758
11417,50096,54792,operating_room ,0.0897954
11418,50096,54792,museum/indoor ,0.046522416
11419,50096,54792,attic ,0.04374259
11420,50096,54816,clean_room ,0.74057615
11421,50096,54816,museum/indoor ,0.09238033
11422,50096,54816,attic ,0.04524847
11423,50096,54816,dressing_room ,0.0376402
11424,50096,54816,art_gallery ,0.009194372
11425,50096,54840,clean_room ,0.30508432
11426,50096,54840,museum/indoor ,0.3040784
11427,50096,54840,dressing_room ,0.115060285
11428,50096,54840,clothing_store ,0.07991128
11429,50096,54840,music_studio ,0.029515198
11430,50096,54864,museum/indoor ,0.37596107
11431,50096,54864,clean_room ,0.105291
11432,50096,54864,music_studio ,0.10029955
11433,50096,54864,dressing_room ,0.07981051
11434,50096,54864,stage/indoor ,0.048143625
11435,50096,54888,clean_room ,0.5358104
11436,50096,54888,museum/indoor ,0.17157194
11437,50096,54888,dressing_room ,0.08045519
11438,50096,54888,clothing_store ,0.041065108
11439,50096,54888,attic ,0.023901245
11440,50096,54912,clean_room ,0.47512224
11441,50096,54912,museum/indoor ,0.2205938
11442,50096,54912,attic ,0.11528405
11443,50096,54912,science_museum ,0.024826625
11444,50096,54912,art_gallery ,0.017311623
11445,50096,54936,clean_room ,0.46843466
11446,50096,54936,dressing_room ,0.16160008
11447,50096,54936,corridor ,0.08479559
11448,50096,54936,attic ,0.056166634
11449,50096,54936,elevator_lobby ,0.033092882
11450,50096,54960,alcove ,0.38152242
11451,50096,54960,clean_room ,0.09472376
11452,50096,54960,bow_window/indoor ,0.06950431
11453,50096,54960,dressing_room ,0.068663396
11454,50096,54960,museum/indoor ,0.06847036
11455,50096,54984,alcove ,0.4701816
11456,50096,54984,bow_window/indoor ,0.0934249
11457,50096,54984,clean_room ,0.05291016
11458,50096,54984,entrance_hall ,0.0512954
11459,50096,54984,shower ,0.04866728
11460,50096,55008,alcove ,0.3381231
11461,50096,55008,bow_window/indoor ,0.21310174
11462,50096,55008,artists_loft ,0.06252642
11463,50096,55008,entrance_hall ,0.056534905
11464,50096,55008,living_room ,0.041001506
11465,50096,55032,atrium/public ,0.31194988
11466,50096,55032,clean_room ,0.18161255
11467,50096,55032,elevator_lobby ,0.1183493
11468,50096,55032,museum/indoor ,0.07156478
11469,50096,55032,science_museum ,0.02472149
11470,50096,55056,atrium/public ,0.4159104
11471,50096,55056,clean_room ,0.11453756
11472,50096,55056,elevator_lobby ,0.09350878
11473,50096,55056,museum/indoor ,0.07029923
11474,50096,55056,science_museum ,0.027749393
11475,50096,55080,atrium/public ,0.32134482
11476,50096,55080,elevator_lobby ,0.15868312
11477,50096,55080,clean_room ,0.0998711
11478,50096,55080,museum/indoor ,0.087641336
11479,50096,55080,art_gallery ,0.027579226
11480,50096,55104,atrium/public ,0.3803322
11481,50096,55104,elevator_lobby ,0.118937604
11482,50096,55104,museum/indoor ,0.090308644
11483,50096,55104,clean_room ,0.059060935
11484,50096,55104,art_gallery ,0.040126786
11485,50096,55128,clean_room ,0.25602207
11486,50096,55128,atrium/public ,0.23667061
11487,50096,55128,museum/indoor ,0.08117581
11488,50096,55128,elevator_lobby ,0.08018556
11489,50096,55128,attic ,0.039487407
11490,50096,55152,clean_room ,0.5607956
11491,50096,55152,atrium/public ,0.17090417
11492,50096,55152,operating_room ,0.047111828
11493,50096,55152,elevator_lobby ,0.028167032
11494,50096,55152,museum/indoor ,0.028004983
11495,50096,55176,clean_room ,0.36906362
11496,50096,55176,atrium/public ,0.19731241
11497,50096,55176,operating_room ,0.085502915
11498,50096,55176,museum/indoor ,0.071642175
11499,50096,55176,elevator_lobby ,0.036255002
11500,50096,55200,clean_room ,0.39330685
11501,50096,55200,atrium/public ,0.23831753
11502,50096,55200,elevator_lobby ,0.076452725
11503,50096,55200,museum/indoor ,0.052501157
11504,50096,55200,operating_room ,0.024694368
11505,50096,55224,clean_room ,0.7304384
11506,50096,55224,atrium/public ,0.051544208
11507,50096,55224,dressing_room ,0.037306517
11508,50096,55224,clothing_store ,0.034482427
11509,50096,55224,museum/indoor ,0.034389228
11510,50096,55248,clean_room ,0.8256099
11511,50096,55248,atrium/public ,0.040262558
11512,50096,55248,clothing_store ,0.033194143
11513,50096,55248,museum/indoor ,0.032486305
11514,50096,55248,dressing_room ,0.014727017
11515,50096,55272,clean_room ,0.93807507
11516,50096,55272,operating_room ,0.01110791
11517,50096,55272,atrium/public ,0.009993121
11518,50096,55272,dressing_room ,0.00932913
11519,50096,55272,clothing_store ,0.0055450667
11520,50096,55296,dressing_room ,0.35932606
11521,50096,55296,clean_room ,0.30345243
11522,50096,55296,clothing_store ,0.05725405
11523,50096,55296,art_gallery ,0.04715697
11524,50096,55296,museum/indoor ,0.029035797
11525,50096,55320,clean_room ,0.3817534
11526,50096,55320,attic ,0.3011359
11527,50096,55320,atrium/public ,0.07935482
11528,50096,55320,dressing_room ,0.039773148
11529,50096,55320,museum/indoor ,0.018180018
11530,50096,55344,dressing_room ,0.35859182
11531,50096,55344,clean_room ,0.22312936
11532,50096,55344,art_gallery ,0.08415102
11533,50096,55344,elevator/door ,0.04464588
11534,50096,55344,clothing_store ,0.03590656
11535,50096,55368,dressing_room ,0.6452025
11536,50096,55368,clean_room ,0.13156314
11537,50096,55368,clothing_store ,0.027245013
11538,50096,55368,office ,0.023910487
11539,50096,55368,office_cubicles ,0.021516249
11540,50096,55392,dressing_room ,0.53951377
11541,50096,55392,clean_room ,0.29257005
11542,50096,55392,operating_room ,0.029373514
11543,50096,55392,hospital_room ,0.024288647
11544,50096,55392,office ,0.01866788
11545,50096,55416,dressing_room ,0.5644455
11546,50096,55416,clean_room ,0.25783065
11547,50096,55416,beauty_salon ,0.054264616
11548,50096,55416,office ,0.020114304
11549,50096,55416,hospital_room ,0.016332552
11550,50096,55440,clean_room ,0.6649054
11551,50096,55440,dressing_room ,0.2650596
11552,50096,55440,operating_room ,0.0203208
11553,50096,55440,beauty_salon ,0.008177954
11554,50096,55440,hospital_room ,0.0077056484
11555,50096,55464,clean_room ,0.61415845
11556,50096,55464,dressing_room ,0.31930107
11557,50096,55464,operating_room ,0.015610295
11558,50096,55464,hospital_room ,0.0056452053
11559,50096,55464,clothing_store ,0.004760122
11560,50096,55488,clean_room ,0.44404754
11561,50096,55488,dressing_room ,0.4279492
11562,50096,55488,operating_room ,0.04154934
11563,50096,55488,beauty_salon ,0.026143435
11564,50096,55488,hospital_room ,0.0205022
11565,50096,55512,dressing_room ,0.5473179
11566,50096,55512,clean_room ,0.2696706
11567,50096,55512,clothing_store ,0.03351012
11568,50096,55512,beauty_salon ,0.03024478
11569,50096,55512,operating_room ,0.018328028
11570,50096,55536,clean_room ,0.6306154
11571,50096,55536,dressing_room ,0.19421126
11572,50096,55536,operating_room ,0.037491057
11573,50096,55536,hospital_room ,0.016708694
11574,50096,55536,beauty_salon ,0.012164996
11575,50096,55560,dressing_room ,0.38763767
11576,50096,55560,clean_room ,0.37496963
11577,50096,55560,operating_room ,0.031761393
11578,50096,55560,beauty_salon ,0.017725686
11579,50096,55560,hospital_room ,0.017197413
11580,50096,55584,dressing_room ,0.5554218
11581,50096,55584,clean_room ,0.29852718
11582,50096,55584,operating_room ,0.022361288
11583,50096,55584,clothing_store ,0.014674893
11584,50096,55584,beauty_salon ,0.013586016
11585,50096,55608,dressing_room ,0.72125226
11586,50096,55608,clean_room ,0.1469846
11587,50096,55608,airplane_cabin ,0.032397363
11588,50096,55608,beauty_salon ,0.012349288
11589,50096,55608,clothing_store ,0.011961789
11590,50096,55632,dressing_room ,0.67860746
11591,50096,55632,clean_room ,0.21664044
11592,50096,55632,clothing_store ,0.022058964
11593,50096,55632,elevator_lobby ,0.01049361
11594,50096,55632,locker_room ,0.007700226
11595,50096,55656,dressing_room ,0.4870124
11596,50096,55656,clean_room ,0.44747102
11597,50096,55656,operating_room ,0.0136110345
11598,50096,55656,clothing_store ,0.012802917
11599,50096,55656,beauty_salon ,0.0068579935
11600,50096,55680,dressing_room ,0.7006315
11601,50096,55680,clean_room ,0.25892904
11602,50096,55680,clothing_store ,0.013756123
11603,50096,55680,operating_room ,0.0034806207
11604,50096,55680,beauty_salon ,0.0031621163
11605,50096,55704,dressing_room ,0.60785866
11606,50096,55704,clean_room ,0.3294492
11607,50096,55704,clothing_store ,0.009252487
11608,50096,55704,operating_room ,0.006581996
11609,50096,55704,elevator_lobby ,0.006236078
11610,50096,55728,dressing_room ,0.84890455
11611,50096,55728,clean_room ,0.12250583
11612,50096,55728,clothing_store ,0.007825092
11613,50096,55728,beauty_salon ,0.0035025494
11614,50096,55728,elevator_lobby ,0.0019577306
11615,50096,55752,dressing_room ,0.72864515
11616,50096,55752,clean_room ,0.22860916
11617,50096,55752,clothing_store ,0.008932843
11618,50096,55752,operating_room ,0.004027289
11619,50096,55752,beauty_salon ,0.0038076951
11620,50096,55776,dressing_room ,0.78134286
11621,50096,55776,clean_room ,0.18131135
11622,50096,55776,clothing_store ,0.0092998035
11623,50096,55776,beauty_salon ,0.0035775038
11624,50096,55776,locker_room ,0.0027950518
11625,50096,55800,dressing_room ,0.67895526
11626,50096,55800,clean_room ,0.27849787
11627,50096,55800,clothing_store ,0.008258106
11628,50096,55800,operating_room ,0.004571694
11629,50096,55800,elevator_lobby ,0.0038758668
11630,50096,55824,dressing_room ,0.7626507
11631,50096,55824,clean_room ,0.20069067
11632,50096,55824,clothing_store ,0.010637465
11633,50096,55824,beauty_salon ,0.0038498908
11634,50096,55824,elevator_lobby ,0.0024874997
11635,50096,55848,dressing_room ,0.7904817
11636,50096,55848,clean_room ,0.17587706
11637,50096,55848,clothing_store ,0.012906419
11638,50096,55848,beauty_salon ,0.0033962836
11639,50096,55848,operating_room ,0.0026371295
11640,50096,55872,dressing_room ,0.9807196
11641,50096,55872,clean_room ,0.010216414
11642,50096,55872,clothing_store ,0.0016854277
11643,50096,55872,beauty_salon ,0.001466136
11644,50096,55872,elevator_lobby ,0.00071800087
11645,50096,55896,clean_room ,0.70497155
11646,50096,55896,dressing_room ,0.2718094
11647,50096,55896,operating_room ,0.014113859
11648,50096,55896,hospital_room ,0.0047624027
11649,50096,55896,beauty_salon ,0.0010365606
11650,50096,55920,clean_room ,0.96144307
11651,50096,55920,atrium/public ,0.012154428
11652,50096,55920,elevator_lobby ,0.0043685054
11653,50096,55920,operating_room ,0.0034409142
11654,50096,55920,dressing_room ,0.0025357876
11655,50096,55944,atrium/public ,0.68647057
11656,50096,55944,clean_room ,0.16161764
11657,50096,55944,elevator_lobby ,0.035127368
11658,50096,55944,shopping_mall/indoor ,0.018276347
11659,50096,55944,elevator/door ,0.014307765
11660,50096,55968,atrium/public ,0.8283311
11661,50096,55968,clean_room ,0.08977427
11662,50096,55968,shopping_mall/indoor ,0.01873375
11663,50096,55968,elevator_lobby ,0.013980694
11664,50096,55968,bow_window/indoor ,0.006238681
11665,50096,55992,clean_room ,0.9676434
11666,50096,55992,atrium/public ,0.011287829
11667,50096,55992,archive ,0.0025611476
11668,50096,55992,museum/indoor ,0.0025151288
11669,50096,55992,operating_room ,0.0024866748
11670,50096,56016,clean_room ,0.84622216
11671,50096,56016,atrium/public ,0.07191811
11672,50096,56016,shopping_mall/indoor ,0.015715035
11673,50096,56016,archive ,0.0076488815
11674,50096,56016,operating_room ,0.0055959877
11675,50096,56040,clean_room ,0.9389765
11676,50096,56040,museum/indoor ,0.014263412
11677,50096,56040,atrium/public ,0.01194118
11678,50096,56040,operating_room ,0.0075571514
11679,50096,56040,archive ,0.003968314
11680,50096,56064,clean_room ,0.8766927
11681,50096,56064,atrium/public ,0.026890162
11682,50096,56064,operating_room ,0.021008011
11683,50096,56064,dressing_room ,0.009673081
11684,50096,56064,museum/indoor ,0.009599375
11685,50096,56088,clean_room ,0.78998226
11686,50096,56088,museum/indoor ,0.033411838
11687,50096,56088,operating_room ,0.028893203
11688,50096,56088,atrium/public ,0.024986438
11689,50096,56088,archive ,0.017044635
11690,50096,56112,clean_room ,0.90668
11691,50096,56112,operating_room ,0.031891525
11692,50096,56112,museum/indoor ,0.014932824
11693,50096,56112,atrium/public ,0.010242255
11694,50096,56112,archive ,0.0051949
11695,50096,56136,clean_room ,0.924801
11696,50096,56136,dressing_room ,0.018973602
11697,50096,56136,operating_room ,0.01602248
11698,50096,56136,atrium/public ,0.011477426
11699,50096,56136,museum/indoor ,0.00641125
11700,50096,56160,clean_room ,0.9225542
11701,50096,56160,operating_room ,0.038245257
11702,50096,56160,atrium/public ,0.014176709
11703,50096,56160,museum/indoor ,0.005412028
11704,50096,56160,dressing_room ,0.0047322283
11705,50096,56184,clean_room ,0.93439233
11706,50096,56184,operating_room ,0.023877524
11707,50096,56184,museum/indoor ,0.010044605
11708,50096,56184,atrium/public ,0.008682334
11709,50096,56184,dressing_room ,0.0060179955
11710,50096,56208,clean_room ,0.923589
11711,50096,56208,operating_room ,0.024216326
11712,50096,56208,museum/indoor ,0.01186947
11713,50096,56208,dressing_room ,0.008942175
11714,50096,56208,atrium/public ,0.008925926
11715,50096,56232,clean_room ,0.8622755
11716,50096,56232,museum/indoor ,0.043754935
11717,50096,56232,atrium/public ,0.03653432
11718,50096,56232,operating_room ,0.01727737
11719,50096,56232,archive ,0.006638506
11720,50096,56256,clean_room ,0.55880415
11721,50096,56256,museum/indoor ,0.24517407
11722,50096,56256,atrium/public ,0.08667661
11723,50096,56256,clothing_store ,0.017095475
11724,50096,56256,archive ,0.013577107
11725,50096,56280,clean_room ,0.9021721
11726,50096,56280,operating_room ,0.02964522
11727,50096,56280,museum/indoor ,0.015629636
11728,50096,56280,dressing_room ,0.009255848
11729,50096,56280,archive ,0.0067562987
11730,50096,56304,clean_room ,0.84197813
11731,50096,56304,atrium/public ,0.052386437
11732,50096,56304,museum/indoor ,0.02733001
11733,50096,56304,operating_room ,0.019019343
11734,50096,56304,dressing_room ,0.00686335
11735,50096,56328,clean_room ,0.94531816
11736,50096,56328,operating_room ,0.023497157
11737,50096,56328,museum/indoor ,0.005864103
11738,50096,56328,hospital_room ,0.0048407344
11739,50096,56328,atrium/public ,0.0041324445
11740,50096,56352,clean_room ,0.6724683
11741,50096,56352,atrium/public ,0.15355967
11742,50096,56352,museum/indoor ,0.035967268
11743,50096,56352,operating_room ,0.022704389
11744,50096,56352,shopping_mall/indoor ,0.0128643
11745,50096,56376,clean_room ,0.8002311
11746,50096,56376,atrium/public ,0.06929958
11747,50096,56376,operating_room ,0.026776444
11748,50096,56376,museum/indoor ,0.025967402
11749,50096,56376,archive ,0.008782325
11750,50096,56400,clean_room ,0.7448738
11751,50096,56400,atrium/public ,0.13134205
11752,50096,56400,museum/indoor ,0.034458615
11753,50096,56400,operating_room ,0.02130645
11754,50096,56400,archive ,0.008938153
11755,50096,56424,clean_room ,0.8701443
11756,50096,56424,atrium/public ,0.048577063
11757,50096,56424,operating_room ,0.020213988
11758,50096,56424,museum/indoor ,0.020155411
11759,50096,56424,archive ,0.0047208774
11760,50096,56448,clean_room ,0.87233996
11761,50096,56448,atrium/public ,0.059456743
11762,50096,56448,museum/indoor ,0.015033247
11763,50096,56448,operating_room ,0.014237496
11764,50096,56448,archive ,0.003947608
11765,50096,56472,clean_room ,0.91469514
11766,50096,56472,atrium/public ,0.034190923
11767,50096,56472,operating_room ,0.0126942955
11768,50096,56472,museum/indoor ,0.008593118
11769,50096,56472,hospital_room ,0.0031966257
11770,50096,56496,clean_room ,0.8740955
11771,50096,56496,atrium/public ,0.04053979
11772,50096,56496,museum/indoor ,0.029486267
11773,50096,56496,operating_room ,0.012451547
11774,50096,56496,art_gallery ,0.004538178
11775,50096,56520,clean_room ,0.79142314
11776,50096,56520,operating_room ,0.07828054
11777,50096,56520,museum/indoor ,0.055706646
11778,50096,56520,atrium/public ,0.03002991
11779,50096,56520,natural_history_museum ,0.015380739
11780,50096,56544,clean_room ,0.9089197
11781,50096,56544,operating_room ,0.03142591
11782,50096,56544,atrium/public ,0.013301061
11783,50096,56544,shower ,0.006505334
11784,50096,56544,dressing_room ,0.005510332
11785,50096,56568,clean_room ,0.87413484
11786,50096,56568,atrium/public ,0.03155018
11787,50096,56568,operating_room ,0.029635262
11788,50096,56568,museum/indoor ,0.008030521
11789,50096,56568,elevator_lobby ,0.007603833
11790,50096,56592,clean_room ,0.8755079
11791,50096,56592,dressing_room ,0.05041872
11792,50096,56592,operating_room ,0.014049004
11793,50096,56592,museum/indoor ,0.013901134
11794,50096,56592,clothing_store ,0.013360152
11795,50096,56616,clean_room ,0.8827423
11796,50096,56616,dressing_room ,0.07017404
11797,50096,56616,clothing_store ,0.016241224
11798,50096,56616,museum/indoor ,0.011581117
11799,50096,56616,operating_room ,0.007154782
11800,50096,56640,clean_room ,0.9805679
11801,50096,56640,clothing_store ,0.006241987
11802,50096,56640,museum/indoor ,0.0059730285
11803,50096,56640,dressing_room ,0.0022674734
11804,50096,56640,operating_room ,0.00097255333
11805,50096,56664,clean_room ,0.84148306
11806,50096,56664,dressing_room ,0.061300542
11807,50096,56664,clothing_store ,0.048045512
11808,50096,56664,museum/indoor ,0.020979043
11809,50096,56664,operating_room ,0.004967902
11810,50096,56688,clean_room ,0.9400332
11811,50096,56688,dressing_room ,0.023394622
11812,50096,56688,clothing_store ,0.012327535
11813,50096,56688,museum/indoor ,0.0061748787
11814,50096,56688,operating_room ,0.0036346
11815,50096,56712,clean_room ,0.9191621
11816,50096,56712,dressing_room ,0.03945239
11817,50096,56712,clothing_store ,0.023399992
11818,50096,56712,museum/indoor ,0.0034373053
11819,50096,56712,operating_room ,0.0018927513
11820,50096,56736,clean_room ,0.94163954
11821,50096,56736,dressing_room ,0.025452843
11822,50096,56736,clothing_store ,0.009817542
11823,50096,56736,museum/indoor ,0.0045993314
11824,50096,56736,operating_room ,0.002909349
11825,50096,56760,clean_room ,0.85396844
11826,50096,56760,dressing_room ,0.061044082
11827,50096,56760,clothing_store ,0.015370962
11828,50096,56760,ballroom ,0.013078114
11829,50096,56760,museum/indoor ,0.012076306
11830,50096,56784,clean_room ,0.86781806
11831,50096,56784,dressing_room ,0.053102583
11832,50096,56784,clothing_store ,0.016848283
11833,50096,56784,museum/indoor ,0.013692385
11834,50096,56784,ballroom ,0.008535721
11835,50096,56808,clean_room ,0.89351296
11836,50096,56808,dressing_room ,0.054280236
11837,50096,56808,clothing_store ,0.017304176
11838,50096,56808,museum/indoor ,0.006953027
11839,50096,56808,ballroom ,0.0055595464
11840,50096,56832,clean_room ,0.90491676
11841,50096,56832,dressing_room ,0.034484696
11842,50096,56832,clothing_store ,0.013132564
11843,50096,56832,museum/indoor ,0.008603425
11844,50096,56832,operating_room ,0.005794408
11845,50096,56856,clean_room ,0.9267502
11846,50096,56856,dressing_room ,0.025132673
11847,50096,56856,operating_room ,0.00869953
11848,50096,56856,clothing_store ,0.007097363
11849,50096,56856,museum/indoor ,0.0068617817
11850,50096,56880,clean_room ,0.9304404
11851,50096,56880,dressing_room ,0.021209477
11852,50096,56880,operating_room ,0.009273178
11853,50096,56880,museum/indoor ,0.0075031696
11854,50096,56880,clothing_store ,0.006936796
11855,50096,56904,clean_room ,0.9161818
11856,50096,56904,dressing_room ,0.03994629
11857,50096,56904,operating_room ,0.010494273
11858,50096,56904,clothing_store ,0.010477742
11859,50096,56904,museum/indoor ,0.004729792
11860,50096,56928,clean_room ,0.8585717
11861,50096,56928,dressing_room ,0.087075055
11862,50096,56928,clothing_store ,0.015756048
11863,50096,56928,operating_room ,0.008990659
11864,50096,56928,museum/indoor ,0.005855006
11865,50096,56952,clean_room ,0.9313694
11866,50096,56952,dressing_room ,0.033972397
11867,50096,56952,operating_room ,0.008347069
11868,50096,56952,clothing_store ,0.005414816
11869,50096,56952,hospital_room ,0.0038405436
11870,50096,56976,clean_room ,0.8263403
11871,50096,56976,dressing_room ,0.06690973
11872,50096,56976,operating_room ,0.0216403
11873,50096,56976,clothing_store ,0.020453112
11874,50096,56976,museum/indoor ,0.00947655
11875,50096,57000,clean_room ,0.82136524
11876,50096,57000,dressing_room ,0.060901076
11877,50096,57000,museum/indoor ,0.021209573
11878,50096,57000,attic ,0.015838524
11879,50096,57000,elevator_lobby ,0.013660291
11880,50096,57024,clean_room ,0.83400613
11881,50096,57024,dressing_room ,0.055863526
11882,50096,57024,museum/indoor ,0.020953998
11883,50096,57024,elevator_lobby ,0.016735468
11884,50096,57024,attic ,0.009737491
11885,50096,57048,clean_room ,0.8365958
11886,50096,57048,dressing_room ,0.04659322
11887,50096,57048,museum/indoor ,0.02325063
11888,50096,57048,attic ,0.017450908
11889,50096,57048,elevator_lobby ,0.015995644
11890,50096,57072,clean_room ,0.88140416
11891,50096,57072,dressing_room ,0.042890854
11892,50096,57072,attic ,0.014682344
11893,50096,57072,museum/indoor ,0.009958409
11894,50096,57072,elevator_lobby ,0.005735545
11895,50096,57096,clean_room ,0.9014899
11896,50096,57096,dressing_room ,0.03977685
11897,50096,57096,attic ,0.0105160605
11898,50096,57096,museum/indoor ,0.0063869567
11899,50096,57096,elevator_lobby ,0.0044378173
11900,50096,57120,clean_room ,0.92557496
11901,50096,57120,dressing_room ,0.021030346
11902,50096,57120,attic ,0.011177732
11903,50096,57120,museum/indoor ,0.0048190802
11904,50096,57120,hospital_room ,0.004062903
11905,50096,57144,clean_room ,0.88545936
11906,50096,57144,dressing_room ,0.06051616
11907,50096,57144,elevator_lobby ,0.010959174
11908,50096,57144,museum/indoor ,0.005973921
11909,50096,57144,elevator/door ,0.0048629143
11910,50096,57168,clean_room ,0.9352889
11911,50096,57168,dressing_room ,0.03389284
11912,50096,57168,operating_room ,0.004135826
11913,50096,57168,elevator_lobby ,0.003817303
11914,50096,57168,clothing_store ,0.003537138
11915,50096,57192,clean_room ,0.8673785
11916,50096,57192,dressing_room ,0.055464778
11917,50096,57192,museum/indoor ,0.014201506
11918,50096,57192,clothing_store ,0.012459353
11919,50096,57192,elevator_lobby ,0.00618079
11920,50096,57216,clean_room ,0.6211395
11921,50096,57216,dressing_room ,0.28252402
11922,50096,57216,clothing_store ,0.048209082
11923,50096,57216,museum/indoor ,0.0111058885
11924,50096,57216,closet ,0.003841703
11925,50096,57240,clean_room ,0.770648
11926,50096,57240,dressing_room ,0.14796822
11927,50096,57240,clothing_store ,0.020144094
11928,50096,57240,operating_room ,0.01579767
11929,50096,57240,museum/indoor ,0.008024743
11930,50096,57264,dressing_room ,0.65238047
11931,50096,57264,clean_room ,0.2704515
11932,50096,57264,clothing_store ,0.020407401
11933,50096,57264,hospital_room ,0.009454721
11934,50096,57264,operating_room ,0.0072078104
11935,50096,57288,dressing_room ,0.60424346
11936,50096,57288,clean_room ,0.17042623
11937,50096,57288,clothing_store ,0.059452076
11938,50096,57288,hospital_room ,0.028951703
11939,50096,57288,operating_room ,0.01299369
11940,50096,57312,dressing_room ,0.35470057
11941,50096,57312,clean_room ,0.31426945
11942,50096,57312,hospital_room ,0.05021918
11943,50096,57312,clothing_store ,0.043715436
11944,50096,57312,nursing_home ,0.025214285
11945,50096,57336,dressing_room ,0.40873882
11946,50096,57336,clean_room ,0.37717283
11947,50096,57336,hospital_room ,0.05547014
11948,50096,57336,clothing_store ,0.03049005
11949,50096,57336,operating_room ,0.030051975
11950,50096,57360,clean_room ,0.4366599
11951,50096,57360,dressing_room ,0.2902021
11952,50096,57360,hospital_room ,0.065636896
11953,50096,57360,operating_room ,0.038190883
11954,50096,57360,clothing_store ,0.030793894
11955,50096,57384,dressing_room ,0.49430943
11956,50096,57384,clean_room ,0.23369797
11957,50096,57384,clothing_store ,0.07366456
11958,50096,57384,hospital_room ,0.04288256
11959,50096,57384,operating_room ,0.028134726
11960,50096,57408,dressing_room ,0.5134376
11961,50096,57408,clean_room ,0.25230542
11962,50096,57408,clothing_store ,0.060325734
11963,50096,57408,hospital_room ,0.035428412
11964,50096,57408,operating_room ,0.023552552
11965,50096,57432,dressing_room ,0.4501086
11966,50096,57432,clean_room ,0.29844278
11967,50096,57432,clothing_store ,0.07039056
11968,50096,57432,hospital_room ,0.04954678
11969,50096,57432,operating_room ,0.028856976
11970,50096,57456,dressing_room ,0.4531788
11971,50096,57456,clean_room ,0.2606868
11972,50096,57456,hospital_room ,0.06075215
11973,50096,57456,clothing_store ,0.054270405
11974,50096,57456,operating_room ,0.050831966
11975,50096,57480,clean_room ,0.7999467
11976,50096,57480,dressing_room ,0.045107897
11977,50096,57480,operating_room ,0.019881092
11978,50096,57480,clothing_store ,0.011892029
11979,50096,57480,hospital_room ,0.010964367
11980,50096,57504,clean_room ,0.5490765
11981,50096,57504,museum/indoor ,0.09446558
11982,50096,57504,dressing_room ,0.058818467
11983,50096,57504,archive ,0.04373636
11984,50096,57504,art_gallery ,0.039775234
11985,50096,57528,dressing_room ,0.40039694
11986,50096,57528,office ,0.15372565
11987,50096,57528,office_cubicles ,0.12016892
11988,50096,57528,clean_room ,0.039237686
11989,50096,57528,art_gallery ,0.03736545
11990,50096,57552,bow_window/indoor ,0.37179914
11991,50096,57552,elevator/door ,0.083412506
11992,50096,57552,alcove ,0.059877
11993,50096,57552,corridor ,0.0572147
11994,50096,57552,dressing_room ,0.051012363
11995,50096,57576,bow_window/indoor ,0.4679036
11996,50096,57576,elevator/door ,0.062848166
11997,50096,57576,alcove ,0.0625165
11998,50096,57576,corridor ,0.049912833
11999,50096,57576,shower ,0.041631017
12000,50096,57600,bow_window/indoor ,0.5006344
12001,50096,57600,alcove ,0.056244154
12002,50096,57600,elevator/door ,0.05452179
12003,50096,57600,shower ,0.05229673
12004,50096,57600,closet ,0.041250806
12005,50096,57624,bow_window/indoor ,0.5184643
12006,50096,57624,alcove ,0.05691896
12007,50096,57624,closet ,0.051424935
12008,50096,57624,shower ,0.051017884
12009,50096,57624,elevator/door ,0.047294788
12010,50096,57648,bow_window/indoor ,0.4115081
12011,50096,57648,elevator/door ,0.09073386
12012,50096,57648,shower ,0.08233008
12013,50096,57648,closet ,0.059109688
12014,50096,57648,alcove ,0.055032715
12015,50096,57672,bow_window/indoor ,0.4076515
12016,50096,57672,elevator/door ,0.06636178
12017,50096,57672,shower ,0.058482885
12018,50096,57672,alcove ,0.04632662
12019,50096,57672,dressing_room ,0.039074015
12020,50096,57696,bow_window/indoor ,0.49637333
12021,50096,57696,elevator/door ,0.07355983
12022,50096,57696,shower ,0.043207005
12023,50096,57696,elevator_lobby ,0.031281147
12024,50096,57696,alcove ,0.031122483
12025,50096,57720,bow_window/indoor ,0.3629388
12026,50096,57720,shower ,0.111636825
12027,50096,57720,elevator/door ,0.04992886
12028,50096,57720,dressing_room ,0.03496245
12029,50096,57720,artists_loft ,0.03485131
12030,50096,57744,bow_window/indoor ,0.39440843
12031,50096,57744,elevator/door ,0.08598473
12032,50096,57744,shower ,0.06115397
12033,50096,57744,elevator_lobby ,0.0486207
12034,50096,57744,artists_loft ,0.028480208
12035,50096,57768,bow_window/indoor ,0.2923503
12036,50096,57768,elevator/door ,0.1327052
12037,50096,57768,elevator_lobby ,0.08774131
12038,50096,57768,shower ,0.061732396
12039,50096,57768,corridor ,0.027915247
12040,50096,57792,bow_window/indoor ,0.330424
12041,50096,57792,elevator/door ,0.11205279
12042,50096,57792,elevator_lobby ,0.08526694
12043,50096,57792,shower ,0.074543834
12044,50096,57792,jewelry_shop ,0.030534623
12045,50096,57816,bow_window/indoor ,0.4415245
12046,50096,57816,elevator/door ,0.095903076
12047,50096,57816,jewelry_shop ,0.058432747
12048,50096,57816,elevator_lobby ,0.054276697
12049,50096,57816,shower ,0.050790522
12050,50096,57840,bow_window/indoor ,0.53301233
12051,50096,57840,elevator/door ,0.19598857
12052,50096,57840,elevator_lobby ,0.06064588
12053,50096,57840,shower ,0.039911143
12054,50096,57840,doorway/outdoor ,0.029366424
12055,50096,57864,bow_window/indoor ,0.492501
12056,50096,57864,elevator/door ,0.17649935
12057,50096,57864,elevator_lobby ,0.07991282
12058,50096,57864,shower ,0.041393477
12059,50096,57864,doorway/outdoor ,0.034952804
12060,50096,57888,bow_window/indoor ,0.5370077
12061,50096,57888,elevator/door ,0.15696552
12062,50096,57888,elevator_lobby ,0.06685536
12063,50096,57888,doorway/outdoor ,0.033152174
12064,50096,57888,shower ,0.024013227
12065,50096,57912,bow_window/indoor ,0.5134079
12066,50096,57912,elevator/door ,0.12284816
12067,50096,57912,shower ,0.077068925
12068,50096,57912,elevator_lobby ,0.042471286
12069,50096,57912,jewelry_shop ,0.03433023
12070,50096,57936,bow_window/indoor ,0.6249376
12071,50096,57936,elevator/door ,0.10400062
12072,50096,57936,shower ,0.045296542
12073,50096,57936,jewelry_shop ,0.033808395
12074,50096,57936,elevator_lobby ,0.032043036
12075,50096,57960,bow_window/indoor ,0.4953608
12076,50096,57960,elevator/door ,0.120822944
12077,50096,57960,jewelry_shop ,0.105813965
12078,50096,57960,shower ,0.08020048
12079,50096,57960,elevator_lobby ,0.029328853
12080,50096,57984,bow_window/indoor ,0.7275717
12081,50096,57984,elevator/door ,0.09296679
12082,50096,57984,shower ,0.041115467
12083,50096,57984,jewelry_shop ,0.027451433
12084,50096,57984,elevator_lobby ,0.018341117
12085,50096,58008,bow_window/indoor ,0.49482617
12086,50096,58008,jewelry_shop ,0.12549247
12087,50096,58008,elevator/door ,0.11873416
12088,50096,58008,shower ,0.06632892
12089,50096,58008,dressing_room ,0.03526512
12090,50096,58032,jewelry_shop ,0.28065333
12091,50096,58032,bow_window/indoor ,0.26923224
12092,50096,58032,shower ,0.10402957
12093,50096,58032,elevator/door ,0.09230073
12094,50096,58032,dressing_room ,0.07438162
12095,50096,58056,bow_window/indoor ,0.28754106
12096,50096,58056,dressing_room ,0.14094506
12097,50096,58056,jewelry_shop ,0.11455452
12098,50096,58056,shower ,0.10050081
12099,50096,58056,elevator/door ,0.07340024
12100,50096,58080,dressing_room ,0.27784052
12101,50096,58080,bow_window/indoor ,0.20050998
12102,50096,58080,beauty_salon ,0.07344447
12103,50096,58080,office ,0.07105378
12104,50096,58080,jewelry_shop ,0.045914635
12105,50096,58104,dressing_room ,0.35754895
12106,50096,58104,bow_window/indoor ,0.104187615
12107,50096,58104,office ,0.10266962
12108,50096,58104,clean_room ,0.08029426
12109,50096,58104,beauty_salon ,0.07302617
12110,50096,58128,dressing_room ,0.4541342
12111,50096,58128,beauty_salon ,0.112963185
12112,50096,58128,bow_window/indoor ,0.085848324
12113,50096,58128,office ,0.07340351
12114,50096,58128,shower ,0.045277327
12115,50096,58152,dressing_room ,0.5795239
12116,50096,58152,beauty_salon ,0.11495017
12117,50096,58152,bow_window/indoor ,0.060773943
12118,50096,58152,chemistry_lab ,0.049353667
12119,50096,58152,shower ,0.040070523
12120,50096,58176,beauty_salon ,0.26009786
12121,50096,58176,office ,0.17829256
12122,50096,58176,dressing_room ,0.15146841
12123,50096,58176,chemistry_lab ,0.07434722
12124,50096,58176,bow_window/indoor ,0.048006427
12125,50096,58200,beauty_salon ,0.29361072
12126,50096,58200,dressing_room ,0.19810201
12127,50096,58200,office ,0.14211363
12128,50096,58200,chemistry_lab ,0.049769435
12129,50096,58200,shower ,0.036254216
12130,50096,58224,beauty_salon ,0.29654452
12131,50096,58224,dressing_room ,0.25977847
12132,50096,58224,office ,0.093286954
12133,50096,58224,chemistry_lab ,0.048656743
12134,50096,58224,archive ,0.039834596
12135,50096,58248,dressing_room ,0.37826356
12136,50096,58248,beauty_salon ,0.22064023
12137,50096,58248,shower ,0.064663164
12138,50096,58248,office ,0.056993533
12139,50096,58248,chemistry_lab ,0.03810791
12140,50096,58272,dressing_room ,0.41230097
12141,50096,58272,beauty_salon ,0.22656353
12142,50096,58272,chemistry_lab ,0.05206724
12143,50096,58272,shower ,0.04963545
12144,50096,58272,office ,0.040961493
12145,50096,58296,dressing_room ,0.36951086
12146,50096,58296,beauty_salon ,0.19401361
12147,50096,58296,shower ,0.086083815
12148,50096,58296,chemistry_lab ,0.051070187
12149,50096,58296,office ,0.045118183
12150,50096,58320,dressing_room ,0.2509565
12151,50096,58320,beauty_salon ,0.23164216
12152,50096,58320,chemistry_lab ,0.087244146
12153,50096,58320,shower ,0.06618084
12154,50096,58320,office ,0.06483107
12155,50096,58344,dressing_room ,0.2825291
12156,50096,58344,beauty_salon ,0.20569624
12157,50096,58344,chemistry_lab ,0.085590094
12158,50096,58344,office ,0.077609666
12159,50096,58344,shower ,0.058012594
12160,50096,58368,dressing_room ,0.28819302
12161,50096,58368,beauty_salon ,0.18768945
12162,50096,58368,office ,0.094182156
12163,50096,58368,chemistry_lab ,0.08805163
12164,50096,58368,shower ,0.04948136
12165,50096,58392,chemistry_lab ,0.3267556
12166,50096,58392,clean_room ,0.15113212
12167,50096,58392,beauty_salon ,0.1411556
12168,50096,58392,dressing_room ,0.124880895
12169,50096,58392,biology_laboratory ,0.0456285
12170,50096,58416,office_building ,0.2121562
12171,50096,58416,building_facade ,0.18011731
12172,50096,58416,hospital ,0.17968805
12173,50096,58416,apartment_building/outdoor ,0.08699875
12174,50096,58416,courthouse ,0.061648186
12175,50096,58440,hospital ,0.28093532
12176,50096,58440,apartment_building/outdoor ,0.26461115
12177,50096,58440,building_facade ,0.19692455
12178,50096,58440,office_building ,0.16103153
12179,50096,58440,parking_garage/outdoor ,0.016555918
12180,50096,58464,apartment_building/outdoor ,0.15306927
12181,50096,58464,courthouse ,0.15024026
12182,50096,58464,office_building ,0.12587976
12183,50096,58464,building_facade ,0.120099045
12184,50096,58464,hospital ,0.09381795
12185,50096,58488,apartment_building/outdoor ,0.17810535
12186,50096,58488,building_facade ,0.14338078
12187,50096,58488,office_building ,0.13219833
12188,50096,58488,courthouse ,0.1293191
12189,50096,58488,hospital ,0.10483683
12190,50096,58512,clean_room ,0.634172
12191,50096,58512,elevator/door ,0.07040042
12192,50096,58512,dressing_room ,0.06410569
12193,50096,58512,shower ,0.052375052
12194,50096,58512,server_room ,0.050298035
12195,50096,58536,dressing_room ,0.37396806
12196,50096,58536,clothing_store ,0.21738622
12197,50096,58536,closet ,0.099261075
12198,50096,58536,shower ,0.041159857
12199,50096,58536,elevator_lobby ,0.03057226
12200,50096,58560,clean_room ,0.7949333
12201,50096,58560,dressing_room ,0.05400589
12202,50096,58560,archive ,0.017610759
12203,50096,58560,hospital_room ,0.01761028
12204,50096,58560,nursing_home ,0.012543897
12205,50096,58584,clean_room ,0.41397178
12206,50096,58584,chemistry_lab ,0.14096732
12207,50096,58584,dressing_room ,0.0824891
12208,50096,58584,bow_window/indoor ,0.08221439
12209,50096,58584,shower ,0.07433078
12210,50096,58608,nursing_home ,0.31928667
12211,50096,58608,clean_room ,0.26018444
12212,50096,58608,martial_arts_gym ,0.05872197
12213,50096,58608,office ,0.054271612
12214,50096,58608,hospital_room ,0.048020717
12215,50096,58632,clean_room ,0.56664145
12216,50096,58632,dressing_room ,0.14154288
12217,50096,58632,nursing_home ,0.05745669
12218,50096,58632,chemistry_lab ,0.043050475
12219,50096,58632,beauty_salon ,0.029339401
12220,50096,58656,clean_room ,0.35065398
12221,50096,58656,nursing_home ,0.27851537
12222,50096,58656,archive ,0.06228764
12223,50096,58656,dressing_room ,0.053396314
12224,50096,58656,hospital_room ,0.04231588
12225,50096,58680,clean_room ,0.42551234
12226,50096,58680,nursing_home ,0.23381838
12227,50096,58680,hospital_room ,0.07918039
12228,50096,58680,archive ,0.060110897
12229,50096,58680,dressing_room ,0.04247527
12230,50096,58704,clean_room ,0.43798238
12231,50096,58704,nursing_home ,0.23217982
12232,50096,58704,hospital_room ,0.09636412
12233,50096,58704,dressing_room ,0.056102388
12234,50096,58704,archive ,0.029307192
12235,50096,58728,clean_room ,0.6012889
12236,50096,58728,nursing_home ,0.13300435
12237,50096,58728,hospital_room ,0.07071977
12238,50096,58728,archive ,0.033656355
12239,50096,58728,dressing_room ,0.028246233
12240,50096,58752,clean_room ,0.6208041
12241,50096,58752,nursing_home ,0.1289562
12242,50096,58752,hospital_room ,0.046881374
12243,50096,58752,archive ,0.04552526
12244,50096,58752,dressing_room ,0.030513844
12245,50096,58776,clean_room ,0.40771404
12246,50096,58776,archive ,0.2264931
12247,50096,58776,nursing_home ,0.14761876
12248,50096,58776,hospital_room ,0.03605153
12249,50096,58776,museum/indoor ,0.021226145
12250,50096,58800,clean_room ,0.49864113
12251,50096,58800,archive ,0.15776792
12252,50096,58800,nursing_home ,0.10064921
12253,50096,58800,hospital_room ,0.035718426
12254,50096,58800,museum/indoor ,0.031570844
12255,50096,58824,clean_room ,0.6884997
12256,50096,58824,nursing_home ,0.060217485
12257,50096,58824,archive ,0.055181842
12258,50096,58824,dressing_room ,0.04586578
12259,50096,58824,hospital_room ,0.034218803
12260,50096,58848,clean_room ,0.42422998
12261,50096,58848,archive ,0.16529924
12262,50096,58848,nursing_home ,0.14325185
12263,50096,58848,hospital_room ,0.04067695
12264,50096,58848,office ,0.033714708
12265,50096,58872,clean_room ,0.38793576
12266,50096,58872,office ,0.22584909
12267,50096,58872,archive ,0.092637025
12268,50096,58872,nursing_home ,0.07799429
12269,50096,58872,reception ,0.04324685
12270,50096,58896,living_room ,0.1219216
12271,50096,58896,dressing_room ,0.10992012
12272,50096,58896,bedroom ,0.09055693
12273,50096,58896,bow_window/indoor ,0.07444028
12274,50096,58896,hotel_room ,0.057851896
12275,50096,58920,clean_room ,0.27446717
12276,50096,58920,archive ,0.17838453
12277,50096,58920,dressing_room ,0.14405517
12278,50096,58920,museum/indoor ,0.029317917
12279,50096,58920,office ,0.027577968
12280,50096,58944,archive ,0.2358662
12281,50096,58944,clean_room ,0.18092296
12282,50096,58944,office ,0.06614224
12283,50096,58944,dressing_room ,0.06043039
12284,50096,58944,physics_laboratory ,0.039593175
12285,50096,58968,office ,0.19028272
12286,50096,58968,clean_room ,0.13714206
12287,50096,58968,archive ,0.11316368
12288,50096,58968,hospital_room ,0.035115544
12289,50096,58968,artists_loft ,0.034701187
12290,50096,58992,office ,0.23197225
12291,50096,58992,clean_room ,0.13686949
12292,50096,58992,archive ,0.12459151
12293,50096,58992,hospital_room ,0.03928144
12294,50096,58992,office_cubicles ,0.03909581
12295,50096,59016,clean_room ,0.18922521
12296,50096,59016,museum/indoor ,0.16292892
12297,50096,59016,art_gallery ,0.1263817
12298,50096,59016,dressing_room ,0.11108144
12299,50096,59016,shower ,0.042101365
12300,50096,59040,clean_room ,0.592939
12301,50096,59040,archive ,0.176802
12302,50096,59040,museum/indoor ,0.04310591
12303,50096,59040,operating_room ,0.026352214
12304,50096,59040,dressing_room ,0.018884426
12305,50096,59064,clean_room ,0.3496355
12306,50096,59064,archive ,0.25684723
12307,50096,59064,museum/indoor ,0.101781175
12308,50096,59064,dressing_room ,0.04076441
12309,50096,59064,gymnasium/indoor ,0.028114181
12310,50096,59088,clean_room ,0.48626494
12311,50096,59088,archive ,0.1858255
12312,50096,59088,museum/indoor ,0.07830215
12313,50096,59088,operating_room ,0.034295753
12314,50096,59088,dressing_room ,0.033106856
12315,50096,59112,clean_room ,0.455508
12316,50096,59112,archive ,0.30198598
12317,50096,59112,museum/indoor ,0.04170637
12318,50096,59112,operating_room ,0.031600464
12319,50096,59112,dressing_room ,0.017814165
12320,50096,59136,clean_room ,0.4421336
12321,50096,59136,archive ,0.15632398
12322,50096,59136,museum/indoor ,0.12924735
12323,50096,59136,dressing_room ,0.0825469
12324,50096,59136,physics_laboratory ,0.028757054
12325,50096,59160,clean_room ,0.45178777
12326,50096,59160,archive ,0.18042192
12327,50096,59160,museum/indoor ,0.08967302
12328,50096,59160,dressing_room ,0.08155767
12329,50096,59160,physics_laboratory ,0.02329934
12330,50096,59184,archive ,0.509592
12331,50096,59184,clean_room ,0.14476714
12332,50096,59184,museum/indoor ,0.07217115
12333,50096,59184,dressing_room ,0.071771085
12334,50096,59184,physics_laboratory ,0.03139587
12335,50096,59208,archive ,0.43981212
12336,50096,59208,clean_room ,0.18485296
12337,50096,59208,museum/indoor ,0.06763397
12338,50096,59208,dressing_room ,0.05599364
12339,50096,59208,physics_laboratory ,0.051566202
12340,50096,59232,dressing_room ,0.24807775
12341,50096,59232,archive ,0.2067632
12342,50096,59232,clean_room ,0.15997304
12343,50096,59232,jewelry_shop ,0.07489002
12344,50096,59232,museum/indoor ,0.056453615
12345,50096,59256,clean_room ,0.47669512
12346,50096,59256,dressing_room ,0.115308635
12347,50096,59256,archive ,0.07638309
12348,50096,59256,hospital_room ,0.04301703
12349,50096,59256,nursing_home ,0.041156225
12350,50096,59280,archive ,0.17923102
12351,50096,59280,office ,0.11068661
12352,50096,59280,dressing_room ,0.10642282
12353,50096,59280,clean_room ,0.06391045
12354,50096,59280,wet_bar ,0.04161406
12355,50096,59304,clean_room ,0.83564615
12356,50096,59304,museum/indoor ,0.058226254
12357,50096,59304,operating_room ,0.035622843
12358,50096,59304,nursing_home ,0.012682157
12359,50096,59304,hospital_room ,0.009918283
12360,50096,59328,clean_room ,0.15517691
12361,50096,59328,museum/indoor ,0.09152225
12362,50096,59328,artists_loft ,0.09040342
12363,50096,59328,dorm_room ,0.06986524
12364,50096,59328,dressing_room ,0.04886862
12365,50096,59352,nursing_home ,0.16565377
12366,50096,59352,nursery ,0.088988625
12367,50096,59352,museum/indoor ,0.087124236
12368,50096,59352,dressing_room ,0.08056007
12369,50096,59352,archive ,0.073814705
12370,50096,59376,nursing_home ,0.22537953
12371,50096,59376,clean_room ,0.22029324
12372,50096,59376,hospital_room ,0.11915398
12373,50096,59376,dressing_room ,0.09479348
12374,50096,59376,archive ,0.08331046
12375,50096,59400,museum/indoor ,0.34478867
12376,50096,59400,nursing_home ,0.19028732
12377,50096,59400,clean_room ,0.099977404
12378,50096,59400,art_gallery ,0.099125706
12379,50096,59400,hospital_room ,0.062920816
12380,50096,59424,nursing_home ,0.35591528
12381,50096,59424,museum/indoor ,0.24127395
12382,50096,59424,art_gallery ,0.119385526
12383,50096,59424,clean_room ,0.06456238
12384,50096,59424,dressing_room ,0.05386513
12385,50096,59448,nursing_home ,0.37910083
12386,50096,59448,museum/indoor ,0.23186171
12387,50096,59448,art_gallery ,0.112986475
12388,50096,59448,clean_room ,0.0945836
12389,50096,59448,dressing_room ,0.053935762
12390,50096,59472,museum/indoor ,0.44921958
12391,50096,59472,nursing_home ,0.16565834
12392,50096,59472,art_gallery ,0.13716452
12393,50096,59472,archive ,0.086118236
12394,50096,59472,clean_room ,0.05221746
12395,50096,59496,nursing_home ,0.22317155
12396,50096,59496,museum/indoor ,0.22197333
12397,50096,59496,clean_room ,0.14897852
12398,50096,59496,archive ,0.14434
12399,50096,59496,art_gallery ,0.09245604
12400,50096,59520,clean_room ,0.23980007
12401,50096,59520,nursing_home ,0.2159163
12402,50096,59520,museum/indoor ,0.15982218
12403,50096,59520,archive ,0.14723818
12404,50096,59520,art_gallery ,0.0677068
12405,50096,59544,nursing_home ,0.28203624
12406,50096,59544,clean_room ,0.27128154
12407,50096,59544,archive ,0.13503538
12408,50096,59544,museum/indoor ,0.11675699
12409,50096,59544,hospital_room ,0.053155057
12410,50096,59568,nursing_home ,0.28244862
12411,50096,59568,clean_room ,0.23275328
12412,50096,59568,museum/indoor ,0.17793216
12413,50096,59568,archive ,0.11439447
12414,50096,59568,art_gallery ,0.07358514
12415,50096,59592,nursing_home ,0.2703687
12416,50096,59592,museum/indoor ,0.19984183
12417,50096,59592,clean_room ,0.17911911
12418,50096,59592,archive ,0.1367268
12419,50096,59592,art_gallery ,0.088359416
12420,50096,59616,nursing_home ,0.42567056
12421,50096,59616,clean_room ,0.19079624
12422,50096,59616,hospital_room ,0.18423636
12423,50096,59616,operating_room ,0.04944332
12424,50096,59616,museum/indoor ,0.040575627
12425,50096,59640,nursing_home ,0.5299049
12426,50096,59640,hospital_room ,0.096696414
12427,50096,59640,clean_room ,0.08237718
12428,50096,59640,museum/indoor ,0.043574676
12429,50096,59640,office ,0.034322955
12430,50096,59664,clean_room ,0.39880094
12431,50096,59664,archive ,0.1772812
12432,50096,59664,nursing_home ,0.100840546
12433,50096,59664,operating_room ,0.054031994
12434,50096,59664,hospital_room ,0.05114129
12435,50096,59688,clean_room ,0.38111818
12436,50096,59688,archive ,0.24017826
12437,50096,59688,museum/indoor ,0.124675
12438,50096,59688,operating_room ,0.0691232
12439,50096,59688,bow_window/indoor ,0.018314453
12440,50096,59712,museum/indoor ,0.34639513
12441,50096,59712,clean_room ,0.179187
12442,50096,59712,nursing_home ,0.07077483
12443,50096,59712,operating_room ,0.0665
12444,50096,59712,bow_window/indoor ,0.060125653
12445,50096,59736,clean_room ,0.25577182
12446,50096,59736,museum/indoor ,0.13612807
12447,50096,59736,bow_window/indoor ,0.10912805
12448,50096,59736,operating_room ,0.09077559
12449,50096,59736,nursing_home ,0.07685803
12450,50096,59760,museum/indoor ,0.4508048
12451,50096,59760,clean_room ,0.19216955
12452,50096,59760,operating_room ,0.069098085
12453,50096,59760,music_studio ,0.0367465
12454,50096,59760,nursing_home ,0.031535976
12455,50096,59784,museum/indoor ,0.5334764
12456,50096,59784,clean_room ,0.1377592
12457,50096,59784,nursing_home ,0.042904455
12458,50096,59784,operating_room ,0.03817428
12459,50096,59784,bow_window/indoor ,0.037885513
12460,50096,59808,clean_room ,0.30196565
12461,50096,59808,museum/indoor ,0.14469375
12462,50096,59808,nursing_home ,0.090889804
12463,50096,59808,operating_room ,0.06540157
12464,50096,59808,music_studio ,0.05070449
12465,50096,59832,nursing_home ,0.23439167
12466,50096,59832,clean_room ,0.19394003
12467,50096,59832,museum/indoor ,0.07103357
12468,50096,59832,operating_room ,0.06821382
12469,50096,59832,bow_window/indoor ,0.05846122
12470,50096,59856,clean_room ,0.34623682
12471,50096,59856,nursing_home ,0.1310841
12472,50096,59856,museum/indoor ,0.109966956
12473,50096,59856,operating_room ,0.09640192
12474,50096,59856,bow_window/indoor ,0.04516509
12475,50096,59880,clean_room ,0.21578227
12476,50096,59880,bow_window/indoor ,0.18910137
12477,50096,59880,nursing_home ,0.14982694
12478,50096,59880,office ,0.11081385
12479,50096,59880,archive ,0.06781212
12480,50096,59904,clean_room ,0.5028364
12481,50096,59904,bow_window/indoor ,0.15083957
12482,50096,59904,archive ,0.12850931
12483,50096,59904,office ,0.038393702
12484,50096,59904,operating_room ,0.034580752
12485,50096,59928,bow_window/indoor ,0.33565181
12486,50096,59928,clean_room ,0.18921493
12487,50096,59928,archive ,0.10141816
12488,50096,59928,office ,0.09398369
12489,50096,59928,living_room ,0.02275497
12490,50096,59952,nursing_home ,0.46048585
12491,50096,59952,clean_room ,0.14189352
12492,50096,59952,dressing_room ,0.1268611
12493,50096,59952,hospital_room ,0.06729444
12494,50096,59952,nursery ,0.0623103
12495,50096,59976,dressing_room ,0.407569
12496,50096,59976,nursing_home ,0.33417147
12497,50096,59976,clean_room ,0.06351868
12498,50096,59976,hospital_room ,0.04752019
12499,50096,59976,nursery ,0.031255282
12500,50096,60000,nursing_home ,0.56693876
12501,50096,60000,dressing_room ,0.33922973
12502,50096,60000,hospital_room ,0.027175792
12503,50096,60000,clean_room ,0.021358693
12504,50096,60000,elevator/door ,0.0076386984
12505,50096,60024,nursing_home ,0.5624116
12506,50096,60024,dressing_room ,0.32256904
12507,50096,60024,clean_room ,0.032325096
12508,50096,60024,hospital_room ,0.025506398
12509,50096,60024,nursery ,0.006888051
12510,50096,60048,nursing_home ,0.5249192
12511,50096,60048,dressing_room ,0.3088379
12512,50096,60048,clean_room ,0.045219824
12513,50096,60048,hospital_room ,0.03197914
12514,50096,60048,nursery ,0.016904473
12515,50096,60072,nursing_home ,0.526016
12516,50096,60072,dressing_room ,0.39664894
12517,50096,60072,clean_room ,0.0191596
12518,50096,60072,hospital_room ,0.015570629
12519,50096,60072,elevator/door ,0.0048780977
12520,50096,60096,nursing_home ,0.5189938
12521,50096,60096,dressing_room ,0.41274574
12522,50096,60096,clean_room ,0.020333521
12523,50096,60096,hospital_room ,0.01413218
12524,50096,60096,elevator/door ,0.003480324
12525,50096,60120,dressing_room ,0.6565965
12526,50096,60120,nursing_home ,0.24563661
12527,50096,60120,clean_room ,0.028126476
12528,50096,60120,hospital_room ,0.014463958
12529,50096,60120,office ,0.0058381907
12530,50096,60144,dressing_room ,0.56271756
12531,50096,60144,nursing_home ,0.24632499
12532,50096,60144,clean_room ,0.09990791
12533,50096,60144,hospital_room ,0.035150565
12534,50096,60144,nursery ,0.008387578
12535,50096,60168,dressing_room ,0.5450164
12536,50096,60168,clean_room ,0.20518342
12537,50096,60168,nursing_home ,0.15712872
12538,50096,60168,hospital_room ,0.022207389
12539,50096,60168,nursery ,0.01961725
12540,50096,60192,dressing_room ,0.41844603
12541,50096,60192,clean_room ,0.29029945
12542,50096,60192,nursing_home ,0.18191546
12543,50096,60192,hospital_room ,0.03323201
12544,50096,60192,nursery ,0.01875903
12545,50096,60216,dressing_room ,0.5491811
12546,50096,60216,clean_room ,0.2842012
12547,50096,60216,nursing_home ,0.09202549
12548,50096,60216,hospital_room ,0.013836886
12549,50096,60216,veterinarians_office ,0.009634321
12550,50096,60240,dressing_room ,0.44826123
12551,50096,60240,clean_room ,0.25952524
12552,50096,60240,nursing_home ,0.20726685
12553,50096,60240,hospital_room ,0.0219692
12554,50096,60240,veterinarians_office ,0.014987409
12555,50096,60264,nursing_home ,0.31975028
12556,50096,60264,clean_room ,0.26245138
12557,50096,60264,dressing_room ,0.23955908
12558,50096,60264,nursery ,0.07560358
12559,50096,60264,hospital_room ,0.026906949
12560,50096,60288,dressing_room ,0.4708312
12561,50096,60288,clean_room ,0.2872723
12562,50096,60288,nursing_home ,0.118451245
12563,50096,60288,nursery ,0.039106954
12564,50096,60288,museum/indoor ,0.018705335
12565,50096,60312,clean_room ,0.43653888
12566,50096,60312,dressing_room ,0.27708724
12567,50096,60312,nursing_home ,0.20946284
12568,50096,60312,museum/indoor ,0.014938721
12569,50096,60312,operating_room ,0.014485252
12570,50096,60336,clean_room ,0.49148148
12571,50096,60336,dressing_room ,0.24056758
12572,50096,60336,nursing_home ,0.15996124
12573,50096,60336,museum/indoor ,0.025106186
12574,50096,60336,operating_room ,0.018002745
12575,50096,60360,clean_room ,0.35339826
12576,50096,60360,dressing_room ,0.30196607
12577,50096,60360,nursing_home ,0.23571186
12578,50096,60360,nursery ,0.03357787
12579,50096,60360,operating_room ,0.017524213
12580,50096,60384,nursing_home ,0.3749004
12581,50096,60384,clean_room ,0.34738415
12582,50096,60384,dressing_room ,0.16224667
12583,50096,60384,operating_room ,0.02833895
12584,50096,60384,hospital_room ,0.026400352
12585,50096,60408,nursing_home ,0.35709515
12586,50096,60408,clean_room ,0.2651525
12587,50096,60408,dressing_room ,0.23779546
12588,50096,60408,museum/indoor ,0.038187657
12589,50096,60408,operating_room ,0.024556944
12590,50096,60432,nursing_home ,0.31158286
12591,50096,60432,dressing_room ,0.31006193
12592,50096,60432,clean_room ,0.23931047
12593,50096,60432,hospital_room ,0.029241078
12594,50096,60432,nursery ,0.026355766
12595,50096,60456,bathroom ,0.36306354
12596,50096,60456,shower ,0.21975625
12597,50096,60456,wet_bar ,0.21539994
12598,50096,60456,utility_room ,0.05032763
12599,50096,60456,home_office ,0.031142566
12600,50096,60480,clean_room ,0.3302208
12601,50096,60480,hospital_room ,0.28497532
12602,50096,60480,operating_room ,0.07061246
12603,50096,60480,office ,0.044536315
12604,50096,60480,beauty_salon ,0.040891916
12605,50096,60504,clean_room ,0.3803401
12606,50096,60504,office ,0.27672413
12607,50096,60504,home_office ,0.07430704
12608,50096,60504,office_cubicles ,0.048630167
12609,50096,60504,beauty_salon ,0.027369577
12610,50096,60528,clean_room ,0.587143
12611,50096,60528,office ,0.1351194
12612,50096,60528,operating_room ,0.030923255
12613,50096,60528,physics_laboratory ,0.030906538
12614,50096,60528,biology_laboratory ,0.026596772
12615,50096,60552,clean_room ,0.57104295
12616,50096,60552,office ,0.09238016
12617,50096,60552,biology_laboratory ,0.033609428
12618,50096,60552,archive ,0.032786343
12619,50096,60552,operating_room ,0.031226197
12620,50096,60576,clean_room ,0.5153581
12621,50096,60576,office ,0.15316175
12622,50096,60576,operating_room ,0.030047512
12623,50096,60576,office_cubicles ,0.02890727
12624,50096,60576,biology_laboratory ,0.028118294
12625,50096,60600,clean_room ,0.3992285
12626,50096,60600,office ,0.17388985
12627,50096,60600,archive ,0.03588918
12628,50096,60600,office_cubicles ,0.03375622
12629,50096,60600,operating_room ,0.03183938
12630,50096,60624,clean_room ,0.3771691
12631,50096,60624,office ,0.22466898
12632,50096,60624,home_office ,0.049939703
12633,50096,60624,archive ,0.04214418
12634,50096,60624,office_cubicles ,0.03305787
12635,50096,60648,clean_room ,0.38630232
12636,50096,60648,office ,0.22375229
12637,50096,60648,home_office ,0.051095422
12638,50096,60648,archive ,0.03644135
12639,50096,60648,office_cubicles ,0.029171433
12640,50096,60672,bow_window/indoor ,0.9873269
12641,50096,60672,living_room ,0.0036405995
12642,50096,60672,bathroom ,0.0014853375
12643,50096,60672,shower ,0.0014833176
12644,50096,60672,alcove ,0.00091047713
12645,50096,60696,nursing_home ,0.31810218
12646,50096,60696,dressing_room ,0.14413132
12647,50096,60696,office ,0.092840984
12648,50096,60696,hospital_room ,0.07879929
12649,50096,60696,clean_room ,0.06407345
12650,50096,60720,bow_window/indoor ,0.28526512
12651,50096,60720,dressing_room ,0.24883355
12652,50096,60720,dorm_room ,0.08296236
12653,50096,60720,elevator/door ,0.046814848
12654,50096,60720,nursing_home ,0.04433009
12655,50096,60744,bow_window/indoor ,0.2950317
12656,50096,60744,nursing_home ,0.15408388
12657,50096,60744,dressing_room ,0.12491498
12658,50096,60744,office ,0.08728217
12659,50096,60744,hospital_room ,0.044473723
12660,50096,60768,clean_room ,0.33931527
12661,50096,60768,office ,0.19899395
12662,50096,60768,museum/indoor ,0.08814721
12663,50096,60768,archive ,0.054709718
12664,50096,60768,art_gallery ,0.045622792
12665,50096,60792,archive ,0.5307047
12666,50096,60792,office ,0.10376567
12667,50096,60792,clean_room ,0.07109864
12668,50096,60792,office_cubicles ,0.028939066
12669,50096,60792,museum/indoor ,0.028480178
12670,50096,60816,museum/indoor ,0.6996118
12671,50096,60816,clean_room ,0.15597592
12672,50096,60816,art_gallery ,0.03078327
12673,50096,60816,physics_laboratory ,0.018516123
12674,50096,60816,archive ,0.017630875
12675,50096,60840,museum/indoor ,0.4506488
12676,50096,60840,clean_room ,0.24662027
12677,50096,60840,nursing_home ,0.10958329
12678,50096,60840,dressing_room ,0.064412095
12679,50096,60840,art_gallery ,0.03746973
12680,50096,60864,clean_room ,0.44523385
12681,50096,60864,museum/indoor ,0.38601255
12682,50096,60864,nursing_home ,0.03643847
12683,50096,60864,art_gallery ,0.030766577
12684,50096,60864,dressing_room ,0.029869515
12685,50096,60888,clean_room ,0.50199735
12686,50096,60888,museum/indoor ,0.30071837
12687,50096,60888,physics_laboratory ,0.04995223
12688,50096,60888,nursing_home ,0.04365658
12689,50096,60888,dressing_room ,0.030297823
12690,50096,60912,museum/indoor ,0.47731045
12691,50096,60912,clean_room ,0.30964187
12692,50096,60912,physics_laboratory ,0.06641044
12693,50096,60912,dressing_room ,0.031223133
12694,50096,60912,nursing_home ,0.031051971
12695,50096,60936,dressing_room ,0.97922426
12696,50096,60936,clean_room ,0.0036601298
12697,50096,60936,beauty_salon ,0.0023314666
12698,50096,60936,nursing_home ,0.0022671907
12699,50096,60936,bow_window/indoor ,0.0018070984
12700,50096,60960,dressing_room ,0.95861864
12701,50096,60960,bow_window/indoor ,0.008945428
12702,50096,60960,clean_room ,0.004130472
12703,50096,60960,beauty_salon ,0.003293825
12704,50096,60960,elevator/door ,0.0030158777
12705,50096,60984,dressing_room ,0.9681637
12706,50096,60984,bow_window/indoor ,0.0052315798
12707,50096,60984,beauty_salon ,0.0034716253
12708,50096,60984,clean_room ,0.0029185156
12709,50096,60984,bedroom ,0.00231903
12710,50096,61008,dressing_room ,0.87221354
12711,50096,61008,bow_window/indoor ,0.024399113
12712,50096,61008,elevator/door ,0.016824512
12713,50096,61008,clean_room ,0.010780224
12714,50096,61008,office ,0.010418829
12715,50096,61032,dressing_room ,0.9039419
12716,50096,61032,bow_window/indoor ,0.024665622
12717,50096,61032,elevator/door ,0.010426447
12718,50096,61032,bedroom ,0.0064951335
12719,50096,61032,nursing_home ,0.006347997
12720,50096,61056,dressing_room ,0.9054009
12721,50096,61056,elevator/door ,0.017293073
12722,50096,61056,locker_room ,0.013152641
12723,50096,61056,bow_window/indoor ,0.009298244
12724,50096,61056,beauty_salon ,0.0068649473
12725,50096,61080,dressing_room ,0.54502016
12726,50096,61080,elevator/door ,0.06803231
12727,50096,61080,bow_window/indoor ,0.0607112
12728,50096,61080,office ,0.031057347
12729,50096,61080,clean_room ,0.030929925
12730,50096,61104,dressing_room ,0.6918774
12731,50096,61104,elevator/door ,0.05038147
12732,50096,61104,locker_room ,0.031007081
12733,50096,61104,bow_window/indoor ,0.026905911
12734,50096,61104,clean_room ,0.026329827
12735,50096,61128,dressing_room ,0.8762146
12736,50096,61128,elevator/door ,0.022302063
12737,50096,61128,bow_window/indoor ,0.016226118
12738,50096,61128,locker_room ,0.012741055
12739,50096,61128,clean_room ,0.008205543
12740,50096,61152,dressing_room ,0.74171305
12741,50096,61152,bow_window/indoor ,0.05209173
12742,50096,61152,elevator/door ,0.040572137
12743,50096,61152,clean_room ,0.027310193
12744,50096,61152,locker_room ,0.023626165
12745,50096,61176,dressing_room ,0.6042373
12746,50096,61176,elevator/door ,0.07777826
12747,50096,61176,locker_room ,0.045500286
12748,50096,61176,clean_room ,0.04183061
12749,50096,61176,nursing_home ,0.027507847
12750,50096,61200,dressing_room ,0.64538425
12751,50096,61200,bow_window/indoor ,0.0646163
12752,50096,61200,elevator/door ,0.04457774
12753,50096,61200,clean_room ,0.038326517
12754,50096,61200,nursing_home ,0.025054852
12755,50096,61224,dressing_room ,0.47890022
12756,50096,61224,clean_room ,0.11741317
12757,50096,61224,bow_window/indoor ,0.10651603
12758,50096,61224,nursing_home ,0.05539751
12759,50096,61224,elevator/door ,0.049829263
12760,50096,61248,dressing_room ,0.5608819
12761,50096,61248,bow_window/indoor ,0.12085376
12762,50096,61248,elevator/door ,0.05314951
12763,50096,61248,nursing_home ,0.038743686
12764,50096,61248,clean_room ,0.023748497
12765,50096,61272,museum/indoor ,0.42017648
12766,50096,61272,dressing_room ,0.35135728
12767,50096,61272,clean_room ,0.097911604
12768,50096,61272,art_gallery ,0.0818726
12769,50096,61272,music_studio ,0.009352716
12770,50096,61296,museum/indoor ,0.56922823
12771,50096,61296,dressing_room ,0.16237102
12772,50096,61296,art_gallery ,0.1443318
12773,50096,61296,clean_room ,0.07572394
12774,50096,61296,nursing_home ,0.0072339466
12775,50096,61320,museum/indoor ,0.47318304
12776,50096,61320,dressing_room ,0.22321592
12777,50096,61320,clean_room ,0.14026777
12778,50096,61320,art_gallery ,0.10967448
12779,50096,61320,music_studio ,0.010512822
12780,50096,61344,museum/indoor ,0.4603797
12781,50096,61344,dressing_room ,0.32856545
12782,50096,61344,art_gallery ,0.11086213
12783,50096,61344,clean_room ,0.054175593
12784,50096,61344,music_studio ,0.004706094
12785,50096,61368,dressing_room ,0.8494144
12786,50096,61368,bow_window/indoor ,0.06417451
12787,50096,61368,elevator/door ,0.00947546
12788,50096,61368,living_room ,0.008423582
12789,50096,61368,beauty_salon ,0.0082070865
12790,50096,61392,museum/indoor ,0.42464143
12791,50096,61392,dressing_room ,0.30861458
12792,50096,61392,clean_room ,0.17629194
12793,50096,61392,art_gallery ,0.02551829
12794,50096,61392,music_studio ,0.0147747565
12795,50096,61416,museum/indoor ,0.66644627
12796,50096,61416,clean_room ,0.15743852
12797,50096,61416,dressing_room ,0.100359306
12798,50096,61416,art_gallery ,0.028743744
12799,50096,61416,music_studio ,0.0132001545
12800,50096,61440,museum/indoor ,0.5948024
12801,50096,61440,clean_room ,0.2155076
12802,50096,61440,dressing_room ,0.117483184
12803,50096,61440,art_gallery ,0.02832028
12804,50096,61440,music_studio ,0.01566674
12805,50096,61464,dressing_room ,0.9154686
12806,50096,61464,elevator/door ,0.028768899
12807,50096,61464,bow_window/indoor ,0.0072420207
12808,50096,61464,clean_room ,0.0062090373
12809,50096,61464,locker_room ,0.0059360955
12810,50096,61488,dressing_room ,0.9018079
12811,50096,61488,elevator/door ,0.031218074
12812,50096,61488,locker_room ,0.010090181
12813,50096,61488,clean_room ,0.0076400964
12814,50096,61488,elevator_lobby ,0.0056667263
12815,50096,61512,dressing_room ,0.85723305
12816,50096,61512,elevator/door ,0.05812469
12817,50096,61512,locker_room ,0.011087158
12818,50096,61512,elevator_lobby ,0.009565998
12819,50096,61512,shower ,0.009122212
12820,50096,61536,dressing_room ,0.90641737
12821,50096,61536,elevator/door ,0.034623902
12822,50096,61536,locker_room ,0.00950693
12823,50096,61536,clean_room ,0.006117436
12824,50096,61536,elevator_lobby ,0.004963618
12825,50096,61560,dressing_room ,0.89934826
12826,50096,61560,elevator/door ,0.036119204
12827,50096,61560,bow_window/indoor ,0.008916137
12828,50096,61560,clean_room ,0.0068013826
12829,50096,61560,locker_room ,0.0062514986
12830,50096,61584,dressing_room ,0.8963084
12831,50096,61584,elevator/door ,0.040135063
12832,50096,61584,bow_window/indoor ,0.007976305
12833,50096,61584,shower ,0.0073611336
12834,50096,61584,clean_room ,0.005953671
12835,50096,61608,dressing_room ,0.92879355
12836,50096,61608,elevator/door ,0.022755323
12837,50096,61608,bow_window/indoor ,0.005743436
12838,50096,61608,shower ,0.004999277
12839,50096,61608,clean_room ,0.003989182
12840,50096,61632,dressing_room ,0.9485974
12841,50096,61632,elevator/door ,0.010428094
12842,50096,61632,locker_room ,0.0048031965
12843,50096,61632,bow_window/indoor ,0.0042094034
12844,50096,61632,beauty_salon ,0.0041751084
12845,50096,61656,museum/indoor ,0.3666026
12846,50096,61656,dressing_room ,0.35616922
12847,50096,61656,clean_room ,0.173131
12848,50096,61656,art_gallery ,0.03914875
12849,50096,61656,music_studio ,0.015293401
12850,50096,61680,museum/indoor ,0.4362661
12851,50096,61680,art_gallery ,0.2671619
12852,50096,61680,clean_room ,0.20272823
12853,50096,61680,dressing_room ,0.06546272
12854,50096,61680,art_studio ,0.0035042528
12855,50096,61704,museum/indoor ,0.50184214
12856,50096,61704,art_gallery ,0.41868863
12857,50096,61704,clean_room ,0.027572324
12858,50096,61704,dressing_room ,0.019521726
12859,50096,61704,nursing_home ,0.011112341
12860,50096,61728,museum/indoor ,0.37295544
12861,50096,61728,art_gallery ,0.3211017
12862,50096,61728,clean_room ,0.21971136
12863,50096,61728,dressing_room ,0.03719944
12864,50096,61728,nursing_home ,0.027396573
12865,50096,61752,museum/indoor ,0.46863145
12866,50096,61752,art_gallery ,0.46781653
12867,50096,61752,clean_room ,0.030047277
12868,50096,61752,dressing_room ,0.012412766
12869,50096,61752,art_studio ,0.0047454457
12870,50096,61776,art_gallery ,0.46727684
12871,50096,61776,museum/indoor ,0.4448818
12872,50096,61776,dressing_room ,0.03041726
12873,50096,61776,clean_room ,0.03032267
12874,50096,61776,nursing_home ,0.0058171563
12875,50096,61800,art_gallery ,0.39190194
12876,50096,61800,museum/indoor ,0.3561709
12877,50096,61800,clean_room ,0.14222392
12878,50096,61800,dressing_room ,0.05020968
12879,50096,61800,nursing_home ,0.020588567
12880,50096,61824,art_gallery ,0.41016623
12881,50096,61824,museum/indoor ,0.24732402
12882,50096,61824,clean_room ,0.15951392
12883,50096,61824,dressing_room ,0.087108254
12884,50096,61824,nursing_home ,0.043892108
12885,50096,61848,art_gallery ,0.47754353
12886,50096,61848,museum/indoor ,0.2856202
12887,50096,61848,clean_room ,0.10165888
12888,50096,61848,dressing_room ,0.07482044
12889,50096,61848,nursing_home ,0.026970057
12890,50096,61872,art_gallery ,0.45989117
12891,50096,61872,museum/indoor ,0.29633567
12892,50096,61872,clean_room ,0.10719167
12893,50096,61872,dressing_room ,0.07290733
12894,50096,61872,nursing_home ,0.0316032
12895,50096,61896,dressing_room ,0.4346257
12896,50096,61896,art_gallery ,0.1841283
12897,50096,61896,nursing_home ,0.112970255
12898,50096,61896,clean_room ,0.09343012
12899,50096,61896,museum/indoor ,0.070381835
12900,50096,61920,dressing_room ,0.6112916
12901,50096,61920,museum/indoor ,0.27665818
12902,50096,61920,art_gallery ,0.047971975
12903,50096,61920,nursing_home ,0.02191881
12904,50096,61920,clean_room ,0.018200727
12905,50096,61944,museum/indoor ,0.8085002
12906,50096,61944,art_gallery ,0.11591567
12907,50096,61944,dressing_room ,0.02882701
12908,50096,61944,clean_room ,0.014171199
12909,50096,61944,archive ,0.006604811
12910,50096,61968,dressing_room ,0.8833836
12911,50096,61968,bow_window/indoor ,0.021210901
12912,50096,61968,elevator/door ,0.013233427
12913,50096,61968,shower ,0.013189178
12914,50096,61968,beauty_salon ,0.0075744637
12915,50096,61992,dressing_room ,0.85652244
12916,50096,61992,bow_window/indoor ,0.041827474
12917,50096,61992,shower ,0.011469442
12918,50096,61992,elevator/door ,0.008236499
12919,50096,61992,beauty_salon ,0.0075930804
12920,50096,62016,dressing_room ,0.67509913
12921,50096,62016,bow_window/indoor ,0.1089001
12922,50096,62016,clean_room ,0.022064388
12923,50096,62016,living_room ,0.018505715
12924,50096,62016,shower ,0.017886613
12925,50096,62040,dressing_room ,0.68761414
12926,50096,62040,clean_room ,0.05717702
12927,50096,62040,locker_room ,0.04886027
12928,50096,62040,shower ,0.028010208
12929,50096,62040,elevator/door ,0.022665434
12930,50096,62064,dressing_room ,0.2107443
12931,50096,62064,clean_room ,0.133175
12932,50096,62064,elevator/door ,0.112291425
12933,50096,62064,locker_room ,0.10299872
12934,50096,62064,hospital_room ,0.0475521
12935,50096,62088,bow_window/indoor ,0.56182945
12936,50096,62088,clean_room ,0.07719723
12937,50096,62088,elevator/door ,0.039484408
12938,50096,62088,dressing_room ,0.028859967
12939,50096,62088,jail_cell ,0.024132537
12940,50096,62112,bow_window/indoor ,0.80199397
12941,50096,62112,living_room ,0.024309125
12942,50096,62112,office ,0.022006959
12943,50096,62112,clean_room ,0.011215065
12944,50096,62112,dorm_room ,0.009885011
12945,50096,62136,bow_window/indoor ,0.80851406
12946,50096,62136,jail_cell ,0.06778844
12947,50096,62136,balcony/interior ,0.028726144
12948,50096,62136,elevator/door ,0.0178978
12949,50096,62136,shower ,0.010078748
12950,50096,62160,bow_window/indoor ,0.5824786
12951,50096,62160,elevator/door ,0.08822487
12952,50096,62160,jail_cell ,0.072560206
12953,50096,62160,shower ,0.05484057
12954,50096,62160,balcony/interior ,0.03166289
12955,50096,62184,dressing_room ,0.2722447
12956,50096,62184,elevator/door ,0.12879172
12957,50096,62184,bow_window/indoor ,0.12860493
12958,50096,62184,bathroom ,0.09820943
12959,50096,62184,beauty_salon ,0.07464984
12960,50096,62208,clean_room ,0.4076812
12961,50096,62208,shower ,0.13747285
12962,50096,62208,dressing_room ,0.067915246
12963,50096,62208,locker_room ,0.052745868
12964,50096,62208,sauna ,0.031549178
12965,50096,62232,clean_room ,0.4381216
12966,50096,62232,shower ,0.16258045
12967,50096,62232,sauna ,0.07083809
12968,50096,62232,museum/indoor ,0.03793205
12969,50096,62232,chemistry_lab ,0.032555856
12970,50096,62256,elevator_lobby ,0.14061376
12971,50096,62256,elevator/door ,0.11089565
12972,50096,62256,lecture_room ,0.09898397
12973,50096,62256,conference_center ,0.082827255
12974,50096,62256,office ,0.05659746
12975,50096,62280,lecture_room ,0.2012428
12976,50096,62280,conference_center ,0.16073427
12977,50096,62280,office ,0.09627387
12978,50096,62280,elevator_lobby ,0.069638304
12979,50096,62280,conference_room ,0.06455658
12980,50096,62304,elevator_lobby ,0.16938946
12981,50096,62304,lecture_room ,0.15432502
12982,50096,62304,elevator/door ,0.12955822
12983,50096,62304,conference_center ,0.08977519
12984,50096,62304,dressing_room ,0.046444617
12985,50096,62328,elevator_lobby ,0.20803086
12986,50096,62328,elevator/door ,0.15933624
12987,50096,62328,lecture_room ,0.104997724
12988,50096,62328,conference_center ,0.06689504
12989,50096,62328,office ,0.0530734
12990,50096,62352,elevator_lobby ,0.1976647
12991,50096,62352,elevator/door ,0.19755086
12992,50096,62352,lecture_room ,0.10473623
12993,50096,62352,conference_center ,0.075780414
12994,50096,62352,office ,0.05258248
12995,50096,62376,clean_room ,0.41494355
12996,50096,62376,museum/indoor ,0.0835644
12997,50096,62376,chemistry_lab ,0.07102009
12998,50096,62376,sauna ,0.056769002
12999,50096,62376,shower ,0.053628795
13000,50096,62400,dressing_room ,0.5721955
13001,50096,62400,shower ,0.051712565
13002,50096,62400,closet ,0.04169396
13003,50096,62400,clean_room ,0.037071455
13004,50096,62400,bow_window/indoor ,0.036100395
13005,50096,62424,dressing_room ,0.20517613
13006,50096,62424,bow_window/indoor ,0.1981432
13007,50096,62424,childs_room ,0.09941731
13008,50096,62424,nursery ,0.0790909
13009,50096,62424,bedroom ,0.06650043
13010,50096,62448,dressing_room ,0.32342255
13011,50096,62448,lecture_room ,0.15459976
13012,50096,62448,classroom ,0.053697523
13013,50096,62448,elevator/door ,0.04739967
13014,50096,62448,art_gallery ,0.045209546
13015,50096,62472,shower ,0.6014644
13016,50096,62472,bathroom ,0.09963094
13017,50096,62472,bow_window/indoor ,0.033275735
13018,50096,62472,clean_room ,0.026970971
13019,50096,62472,beauty_salon ,0.019796716
13020,50096,62496,shower ,0.56392723
13021,50096,62496,clean_room ,0.10258391
13022,50096,62496,bathroom ,0.07578667
13023,50096,62496,dressing_room ,0.04564179
13024,50096,62496,beauty_salon ,0.026333055
13025,50096,62520,wind_farm ,0.7077025
13026,50096,62520,water_tower ,0.16392496
13027,50096,62520,windmill ,0.029249828
13028,50096,62520,shower ,0.026818112
13029,50096,62520,arch ,0.007069318
13030,50096,62544,dressing_room ,0.15180124
13031,50096,62544,art_gallery ,0.107502446
13032,50096,62544,alcove ,0.10421944
13033,50096,62544,artists_loft ,0.100831084
13034,50096,62544,museum/indoor ,0.070889056
13035,50096,62568,dressing_room ,0.7143068
13036,50096,62568,closet ,0.039311044
13037,50096,62568,museum/indoor ,0.031391002
13038,50096,62568,alcove ,0.029925924
13039,50096,62568,shower ,0.02450844
13040,50096,62592,dressing_room ,0.76498526
13041,50096,62592,museum/indoor ,0.045853827
13042,50096,62592,art_gallery ,0.032793514
13043,50096,62592,closet ,0.028352855
13044,50096,62592,clothing_store ,0.027619755
13045,50096,62616,dressing_room ,0.953669
13046,50096,62616,locker_room ,0.011926901
13047,50096,62616,shower ,0.004652015
13048,50096,62616,closet ,0.0038118118
13049,50096,62616,bathroom ,0.0037042084
13050,50096,62640,dressing_room ,0.88391536
13051,50096,62640,locker_room ,0.029426578
13052,50096,62640,art_gallery ,0.015105742
13053,50096,62640,museum/indoor ,0.008582182
13054,50096,62640,office ,0.008257387
13055,50096,62664,dressing_room ,0.9187059
13056,50096,62664,museum/indoor ,0.013743799
13057,50096,62664,locker_room ,0.011662019
13058,50096,62664,art_gallery ,0.006046773
13059,50096,62664,office ,0.005821178
13060,50096,62688,dressing_room ,0.4988457
13061,50096,62688,clean_room ,0.28325194
13062,50096,62688,beauty_salon ,0.12809989
13063,50096,62688,bathroom ,0.019312063
13064,50096,62688,locker_room ,0.0157964
13065,50096,62712,dressing_room ,0.68737566
13066,50096,62712,beauty_salon ,0.13112527
13067,50096,62712,clean_room ,0.12505595
13068,50096,62712,bathroom ,0.01196051
13069,50096,62712,shower ,0.011025003
13070,50096,62736,beauty_salon ,0.35219455
13071,50096,62736,dressing_room ,0.27700147
13072,50096,62736,clean_room ,0.25216752
13073,50096,62736,locker_room ,0.015438794
13074,50096,62736,elevator/door ,0.013215604
13075,50096,62760,dressing_room ,0.43480894
13076,50096,62760,clean_room ,0.31223965
13077,50096,62760,beauty_salon ,0.17234945
13078,50096,62760,bathroom ,0.016460598
13079,50096,62760,shower ,0.0153595945
13080,50096,62784,dressing_room ,0.43310258
13081,50096,62784,clean_room ,0.34663045
13082,50096,62784,beauty_salon ,0.1311722
13083,50096,62784,shower ,0.016658742
13084,50096,62784,bathroom ,0.0121660335
13085,50096,62808,dressing_room ,0.18731554
13086,50096,62808,art_gallery ,0.17074054
13087,50096,62808,museum/indoor ,0.15144065
13088,50096,62808,lecture_room ,0.08160267
13089,50096,62808,office ,0.05243246
13090,50096,62832,dressing_room ,0.5620044
13091,50096,62832,office ,0.06763095
13092,50096,62832,museum/indoor ,0.057867732
13093,50096,62832,art_gallery ,0.056893587
13094,50096,62832,music_studio ,0.036001243
13095,50096,62856,dressing_room ,0.8194473
13096,50096,62856,museum/indoor ,0.06014236
13097,50096,62856,art_gallery ,0.0273586
13098,50096,62856,office ,0.017695688
13099,50096,62856,music_studio ,0.007391174
13100,50096,62880,clean_room ,0.20779485
13101,50096,62880,dressing_room ,0.11348503
13102,50096,62880,beauty_salon ,0.10492748
13103,50096,62880,office ,0.07479152
13104,50096,62880,museum/indoor ,0.06735041
13105,50096,62904,beauty_salon ,0.3663018
13106,50096,62904,clean_room ,0.20823173
13107,50096,62904,dressing_room ,0.20374373
13108,50096,62904,art_gallery ,0.037818994
13109,50096,62904,office ,0.01977033
13110,50096,62928,beauty_salon ,0.34155878
13111,50096,62928,clean_room ,0.27050024
13112,50096,62928,dressing_room ,0.13739146
13113,50096,62928,art_gallery ,0.06060952
13114,50096,62928,office ,0.033936176
13115,50096,62952,dressing_room ,0.88332164
13116,50096,62952,office ,0.02325441
13117,50096,62952,reception ,0.015373158
13118,50096,62952,office_cubicles ,0.011423075
13119,50096,62952,television_studio ,0.0077172117
13120,50096,62976,dressing_room ,0.3150632
13121,50096,62976,beauty_salon ,0.2775175
13122,50096,62976,clean_room ,0.18606412
13123,50096,62976,art_gallery ,0.031212324
13124,50096,62976,locker_room ,0.0250657
13125,50096,63000,dressing_room ,0.4112087
13126,50096,63000,beauty_salon ,0.20373921
13127,50096,63000,clean_room ,0.19847448
13128,50096,63000,art_gallery ,0.032138273
13129,50096,63000,shower ,0.023690972
13130,50096,63024,dressing_room ,0.30739364
13131,50096,63024,clean_room ,0.26954895
13132,50096,63024,beauty_salon ,0.19495703
13133,50096,63024,closet ,0.03894439
13134,50096,63024,art_gallery ,0.036651608
13135,50096,63048,museum/indoor ,0.4293429
13136,50096,63048,art_gallery ,0.39476648
13137,50096,63048,clean_room ,0.036700726
13138,50096,63048,art_studio ,0.031687103
13139,50096,63048,archive ,0.0203946
13140,50096,63072,museum/indoor ,0.5352078
13141,50096,63072,art_gallery ,0.30077717
13142,50096,63072,art_studio ,0.041382764
13143,50096,63072,dressing_room ,0.027070979
13144,50096,63072,clean_room ,0.024432672
13145,50096,63096,museum/indoor ,0.30417737
13146,50096,63096,art_gallery ,0.25537056
13147,50096,63096,dressing_room ,0.11918347
13148,50096,63096,art_studio ,0.07224439
13149,50096,63096,artists_loft ,0.06207547
13150,50096,63120,museum/indoor ,0.38734913
13151,50096,63120,art_gallery ,0.3234325
13152,50096,63120,art_studio ,0.065413
13153,50096,63120,dressing_room ,0.04475749
13154,50096,63120,clean_room ,0.03553856
13155,50096,63144,museum/indoor ,0.71675277
13156,50096,63144,art_gallery ,0.15078859
13157,50096,63144,archive ,0.043155905
13158,50096,63144,office ,0.017370885
13159,50096,63144,art_studio ,0.017269697
13160,50096,63168,art_gallery ,0.46476007
13161,50096,63168,museum/indoor ,0.22117035
13162,50096,63168,dressing_room ,0.06263984
13163,50096,63168,office ,0.046606302
13164,50096,63168,art_studio ,0.04091638
13165,50096,63192,art_gallery ,0.2298675
13166,50096,63192,clean_room ,0.19207467
13167,50096,63192,museum/indoor ,0.18242395
13168,50096,63192,dressing_room ,0.091653235
13169,50096,63192,office ,0.058273558
13170,50096,63216,clean_room ,0.22994266
13171,50096,63216,art_gallery ,0.21217458
13172,50096,63216,museum/indoor ,0.17414416
13173,50096,63216,dressing_room ,0.11182318
13174,50096,63216,art_studio ,0.066069745
13175,50096,63240,clean_room ,0.22097234
13176,50096,63240,museum/indoor ,0.14171082
13177,50096,63240,dressing_room ,0.10578392
13178,50096,63240,art_gallery ,0.09110686
13179,50096,63240,art_studio ,0.08265744
13180,50096,63264,dressing_room ,0.44651577
13181,50096,63264,museum/indoor ,0.14916776
13182,50096,63264,clean_room ,0.1053624
13183,50096,63264,art_gallery ,0.07957238
13184,50096,63264,art_studio ,0.050142758
13185,50096,63288,museum/indoor ,0.5092749
13186,50096,63288,art_gallery ,0.12109624
13187,50096,63288,clean_room ,0.10059184
13188,50096,63288,dressing_room ,0.05433944
13189,50096,63288,archive ,0.04594397
13190,50096,63312,museum/indoor ,0.81134
13191,50096,63312,art_gallery ,0.060807396
13192,50096,63312,clean_room ,0.030889923
13193,50096,63312,archive ,0.027640792
13194,50096,63312,dressing_room ,0.012091685
13195,50096,63336,museum/indoor ,0.43651536
13196,50096,63336,clean_room ,0.3549173
13197,50096,63336,archive ,0.057799637
13198,50096,63336,art_gallery ,0.042018384
13199,50096,63336,dressing_room ,0.03715897
13200,50096,63360,museum/indoor ,0.8287072
13201,50096,63360,art_gallery ,0.042312883
13202,50096,63360,television_studio ,0.02478793
13203,50096,63360,clean_room ,0.022881316
13204,50096,63360,archive ,0.022240408
13205,50096,63384,museum/indoor ,0.8128343
13206,50096,63384,art_gallery ,0.06738726
13207,50096,63384,clean_room ,0.051143102
13208,50096,63384,archive ,0.021889921
13209,50096,63384,art_studio ,0.008547881
13210,50096,63408,museum/indoor ,0.77306217
13211,50096,63408,dressing_room ,0.10559329
13212,50096,63408,clean_room ,0.06258588
13213,50096,63408,clothing_store ,0.027004398
13214,50096,63408,art_gallery ,0.013661274
13215,50096,63432,museum/indoor ,0.6903706
13216,50096,63432,clean_room ,0.21696001
13217,50096,63432,dressing_room ,0.049463764
13218,50096,63432,art_gallery ,0.01654334
13219,50096,63432,clothing_store ,0.008755513
13220,50096,63456,museum/indoor ,0.5128844
13221,50096,63456,dressing_room ,0.33929992
13222,50096,63456,clean_room ,0.11570495
13223,50096,63456,art_gallery ,0.016916158
13224,50096,63456,clothing_store ,0.0038033794
13225,50096,63480,museum/indoor ,0.7060752
13226,50096,63480,clean_room ,0.15283364
13227,50096,63480,dressing_room ,0.09489412
13228,50096,63480,art_gallery ,0.014477223
13229,50096,63480,archive ,0.009006412
13230,50096,63504,museum/indoor ,0.6192199
13231,50096,63504,clean_room ,0.2853331
13232,50096,63504,dressing_room ,0.07156816
13233,50096,63504,art_gallery ,0.008374642
13234,50096,63504,archive ,0.0038774854
13235,50096,63528,museum/indoor ,0.50185245
13236,50096,63528,clean_room ,0.36286128
13237,50096,63528,dressing_room ,0.09872216
13238,50096,63528,art_gallery ,0.012021615
13239,50096,63528,archive ,0.0070821415
13240,50096,63552,clean_room ,0.49772787
13241,50096,63552,museum/indoor ,0.42294383
13242,50096,63552,dressing_room ,0.05073721
13243,50096,63552,art_gallery ,0.0101919975
13244,50096,63552,archive ,0.0046500796
13245,50096,63576,museum/indoor ,0.73392904
13246,50096,63576,clean_room ,0.15123183
13247,50096,63576,dressing_room ,0.071792066
13248,50096,63576,art_gallery ,0.019229608
13249,50096,63576,archive ,0.0054133665
13250,50096,63600,art_gallery ,0.22098103
13251,50096,63600,museum/indoor ,0.21474195
13252,50096,63600,archive ,0.16131325
13253,50096,63600,office ,0.14209367
13254,50096,63600,art_studio ,0.08464814
13255,50096,63624,museum/indoor ,0.23507431
13256,50096,63624,art_gallery ,0.22457682
13257,50096,63624,archive ,0.16184211
13258,50096,63624,office ,0.13474023
13259,50096,63624,art_studio ,0.08507504
13260,50096,63648,dressing_room ,0.6115538
13261,50096,63648,clean_room ,0.22519787
13262,50096,63648,museum/indoor ,0.10956298
13263,50096,63648,archive ,0.007028255
13264,50096,63648,martial_arts_gym ,0.006774359
13265,50096,63672,dressing_room ,0.8828346
13266,50096,63672,museum/indoor ,0.08042399
13267,50096,63672,clean_room ,0.015437974
13268,50096,63672,clothing_store ,0.0059581674
13269,50096,63672,art_gallery ,0.00489347
13270,50096,63696,dressing_room ,0.65050954
13271,50096,63696,museum/indoor ,0.26801115
13272,50096,63696,clean_room ,0.04114786
13273,50096,63696,art_gallery ,0.008650755
13274,50096,63696,clothing_store ,0.0074085053
13275,50096,63720,dressing_room ,0.6404271
13276,50096,63720,museum/indoor ,0.19484444
13277,50096,63720,clean_room ,0.11213332
13278,50096,63720,clothing_store ,0.008686573
13279,50096,63720,art_gallery ,0.007989216
13280,50096,63744,museum/indoor ,0.48761734
13281,50096,63744,dressing_room ,0.36136252
13282,50096,63744,clean_room ,0.091024786
13283,50096,63744,art_gallery ,0.012274771
13284,50096,63744,archive ,0.010125871
13285,50096,63768,museum/indoor ,0.44239327
13286,50096,63768,dressing_room ,0.4058332
13287,50096,63768,clean_room ,0.092788436
13288,50096,63768,archive ,0.012636995
13289,50096,63768,art_gallery ,0.011526805
13290,50096,63792,dressing_room ,0.68509054
13291,50096,63792,museum/indoor ,0.24477254
13292,50096,63792,clean_room ,0.042631093
13293,50096,63792,art_gallery ,0.005646558
13294,50096,63792,archive ,0.0051266
13295,50096,63816,museum/indoor ,0.5251247
13296,50096,63816,dressing_room ,0.30216897
13297,50096,63816,clean_room ,0.11688444
13298,50096,63816,art_gallery ,0.01322178
13299,50096,63816,archive ,0.011584247
13300,50096,63840,art_gallery ,0.23075305
13301,50096,63840,archive ,0.17958952
13302,50096,63840,museum/indoor ,0.17187192
13303,50096,63840,office ,0.14052655
13304,50096,63840,art_studio ,0.08516273
13305,50096,63864,dressing_room ,0.8472967
13306,50096,63864,museum/indoor ,0.11305911
13307,50096,63864,clothing_store ,0.014920637
13308,50096,63864,clean_room ,0.011453816
13309,50096,63864,art_gallery ,0.004864535
13310,50096,63888,dressing_room ,0.52447176
13311,50096,63888,museum/indoor ,0.37963903
13312,50096,63888,clothing_store ,0.04649011
13313,50096,63888,clean_room ,0.029182997
13314,50096,63888,art_gallery ,0.008132075
13315,50096,63912,museum/indoor ,0.77550834
13316,50096,63912,clean_room ,0.089974396
13317,50096,63912,dressing_room ,0.08227017
13318,50096,63912,clothing_store ,0.023605797
13319,50096,63912,art_gallery ,0.0077761
13320,50096,63936,museum/indoor ,0.7939766
13321,50096,63936,dressing_room ,0.1673067
13322,50096,63936,clothing_store ,0.011941128
13323,50096,63936,art_gallery ,0.008822639
13324,50096,63936,clean_room ,0.00534944
13325,50096,63960,museum/indoor ,0.81832683
13326,50096,63960,dressing_room ,0.11131202
13327,50096,63960,clean_room ,0.01489557
13328,50096,63960,art_gallery ,0.012900783
13329,50096,63960,clothing_store ,0.00724164
13330,50096,63984,dressing_room ,0.5080513
13331,50096,63984,museum/indoor ,0.37163368
13332,50096,63984,clean_room ,0.036797035
13333,50096,63984,television_studio ,0.014811165
13334,50096,63984,art_gallery ,0.013106894
13335,50096,64008,museum/indoor ,0.91217834
13336,50096,64008,dressing_room ,0.038033683
13337,50096,64008,clean_room ,0.016015809
13338,50096,64008,art_gallery ,0.015950099
13339,50096,64008,science_museum ,0.0039628223
13340,50096,64032,museum/indoor ,0.7713841
13341,50096,64032,dressing_room ,0.12757787
13342,50096,64032,clean_room ,0.037083898
13343,50096,64032,art_gallery ,0.020760283
13344,50096,64032,television_studio ,0.0072753993
13345,50096,64056,museum/indoor ,0.729756
13346,50096,64056,dressing_room ,0.19701561
13347,50096,64056,art_gallery ,0.019566007
13348,50096,64056,clean_room ,0.016925057
13349,50096,64056,television_studio ,0.005352718
13350,50096,64080,museum/indoor ,0.7887441
13351,50096,64080,dressing_room ,0.15025131
13352,50096,64080,art_gallery ,0.020879146
13353,50096,64080,clean_room ,0.014191599
13354,50096,64080,science_museum ,0.0041678324
13355,50096,64104,museum/indoor ,0.89013714
13356,50096,64104,dressing_room ,0.04712922
13357,50096,64104,art_gallery ,0.018508082
13358,50096,64104,clean_room ,0.016179318
13359,50096,64104,archive ,0.008210446
13360,50096,64128,museum/indoor ,0.87363285
13361,50096,64128,dressing_room ,0.043095563
13362,50096,64128,clean_room ,0.026034541
13363,50096,64128,art_gallery ,0.020990726
13364,50096,64128,archive ,0.009943213
13365,50096,64152,museum/indoor ,0.7538893
13366,50096,64152,dressing_room ,0.11260445
13367,50096,64152,clean_room ,0.055510357
13368,50096,64152,art_gallery ,0.022687005
13369,50096,64152,archive ,0.012696605
13370,50096,64176,museum/indoor ,0.90171224
13371,50096,64176,dressing_room ,0.061708875
13372,50096,64176,art_gallery ,0.019325871
13373,50096,64176,clean_room ,0.004529966
13374,50096,64176,science_museum ,0.0026460176
13375,50096,64200,dressing_room ,0.5652044
13376,50096,64200,museum/indoor ,0.36544263
13377,50096,64200,art_gallery ,0.023808476
13378,50096,64200,clean_room ,0.014875581
13379,50096,64200,archive ,0.0049516344
13380,50096,64224,dressing_room ,0.4869836
13381,50096,64224,museum/indoor ,0.4811875
13382,50096,64224,art_gallery ,0.008554632
13383,50096,64224,clean_room ,0.0061627394
13384,50096,64224,television_studio ,0.0042838124
13385,50096,64248,dressing_room ,0.6080199
13386,50096,64248,museum/indoor ,0.35712704
13387,50096,64248,art_gallery ,0.00816224
13388,50096,64248,television_studio ,0.006919616
13389,50096,64248,clean_room ,0.0041913954
13390,50096,64272,museum/indoor ,0.49009928
13391,50096,64272,dressing_room ,0.48007658
13392,50096,64272,art_gallery ,0.011635112
13393,50096,64272,science_museum ,0.003942526
13394,50096,64272,television_studio ,0.0034741047
13395,50096,64296,dressing_room ,0.63122314
13396,50096,64296,museum/indoor ,0.33865327
13397,50096,64296,art_gallery ,0.00883769
13398,50096,64296,clean_room ,0.005323309
13399,50096,64296,science_museum ,0.0034090108
13400,50096,64320,dressing_room ,0.80622685
13401,50096,64320,museum/indoor ,0.14571571
13402,50096,64320,clean_room ,0.024912117
13403,50096,64320,art_gallery ,0.01061431
13404,50096,64320,clothing_store ,0.0021082005
13405,50096,64344,dressing_room ,0.8167966
13406,50096,64344,museum/indoor ,0.12730642
13407,50096,64344,clean_room ,0.023293259
13408,50096,64344,art_gallery ,0.016449263
13409,50096,64344,clothing_store ,0.0022636198
13410,50096,64368,dressing_room ,0.7475537
13411,50096,64368,museum/indoor ,0.21829037
13412,50096,64368,art_gallery ,0.010770574
13413,50096,64368,clean_room ,0.009267449
13414,50096,64368,television_studio ,0.0017909508
13415,50096,64392,dressing_room ,0.7470442
13416,50096,64392,museum/indoor ,0.21830288
13417,50096,64392,clean_room ,0.014003779
13418,50096,64392,art_gallery ,0.009074795
13419,50096,64392,clothing_store ,0.0024388332
13420,50096,64416,dressing_room ,0.9735609
13421,50096,64416,museum/indoor ,0.007282155
13422,50096,64416,clothing_store ,0.0070164627
13423,50096,64416,clean_room ,0.006049088
13424,50096,64416,art_gallery ,0.0021842676
13425,50096,64440,dressing_room ,0.60615015
13426,50096,64440,museum/indoor ,0.26350224
13427,50096,64440,art_gallery ,0.0680079
13428,50096,64440,clothing_store ,0.02424612
13429,50096,64440,art_studio ,0.0074292854
13430,50096,64464,shower ,0.26347554
13431,50096,64464,closet ,0.077687345
13432,50096,64464,clean_room ,0.039767344
13433,50096,64464,veterinarians_office ,0.03315259
13434,50096,64464,stable ,0.0323237
13435,50096,64488,clean_room ,0.66958517
13436,50096,64488,museum/indoor ,0.17929035
13437,50096,64488,dressing_room ,0.037158914
13438,50096,64488,operating_room ,0.035128515
13439,50096,64488,art_gallery ,0.02798687
13440,50096,64512,clean_room ,0.70825595
13441,50096,64512,museum/indoor ,0.1238982
13442,50096,64512,operating_room ,0.049233925
13443,50096,64512,art_gallery ,0.034692463
13444,50096,64512,dressing_room ,0.025714263
13445,50096,64536,clean_room ,0.52851164
13446,50096,64536,museum/indoor ,0.22036076
13447,50096,64536,art_gallery ,0.0881425
13448,50096,64536,dressing_room ,0.06123453
13449,50096,64536,operating_room ,0.023519138
13450,50096,64560,clean_room ,0.6443052
13451,50096,64560,closet ,0.077848114
13452,50096,64560,dressing_room ,0.051068675
13453,50096,64560,bow_window/indoor ,0.036000878
13454,50096,64560,sauna ,0.026292503
13455,50096,64584,museum/indoor ,0.4941852
13456,50096,64584,clean_room ,0.38774282
13457,50096,64584,art_gallery ,0.070381135
13458,50096,64584,dressing_room ,0.008891916
13459,50096,64584,operating_room ,0.0070513925
13460,50096,64608,museum/indoor ,0.8147146
13461,50096,64608,clean_room ,0.094122805
13462,50096,64608,dressing_room ,0.033002075
13463,50096,64608,art_gallery ,0.032370243
13464,50096,64608,archive ,0.0048808926
13465,50096,64632,clean_room ,0.5128988
13466,50096,64632,museum/indoor ,0.28979748
13467,50096,64632,dressing_room ,0.12196422
13468,50096,64632,art_gallery ,0.025586994
13469,50096,64632,archive ,0.017967982
13470,50096,64656,clean_room ,0.667255
13471,50096,64656,museum/indoor ,0.1749367
13472,50096,64656,dressing_room ,0.08970924
13473,50096,64656,art_gallery ,0.027304173
13474,50096,64656,archive ,0.00916608
13475,50096,64680,clean_room ,0.6778172
13476,50096,64680,museum/indoor ,0.2014889
13477,50096,64680,dressing_room ,0.060573045
13478,50096,64680,art_gallery ,0.03543446
13479,50096,64680,operating_room ,0.003926651
13480,50096,64704,clean_room ,0.427036
13481,50096,64704,museum/indoor ,0.25632045
13482,50096,64704,dressing_room ,0.23167183
13483,50096,64704,art_gallery ,0.04588535
13484,50096,64704,art_studio ,0.0071913586
13485,50096,64728,clean_room ,0.7164921
13486,50096,64728,museum/indoor ,0.14578162
13487,50096,64728,dressing_room ,0.09570809
13488,50096,64728,art_gallery ,0.017966699
13489,50096,64728,clothing_store ,0.0060981708
13490,50096,64752,museum/indoor ,0.25658047
13491,50096,64752,clean_room ,0.2521455
13492,50096,64752,dressing_room ,0.13871382
13493,50096,64752,art_gallery ,0.0885119
13494,50096,64752,nursing_home ,0.06333302
13495,50096,64776,dressing_room ,0.8153273
13496,50096,64776,clean_room ,0.03706853
13497,50096,64776,museum/indoor ,0.024253584
13498,50096,64776,archive ,0.020122293
13499,50096,64776,office ,0.01834672
13500,50096,64800,museum/indoor ,0.5109517
13501,50096,64800,archive ,0.12123269
13502,50096,64800,art_gallery ,0.10572369
13503,50096,64800,art_studio ,0.06329157
13504,50096,64800,dressing_room ,0.04925215
13505,50096,64824,dressing_room ,0.29766968
13506,50096,64824,shower ,0.16826631
13507,50096,64824,bow_window/indoor ,0.12879714
13508,50096,64824,art_gallery ,0.05709766
13509,50096,64824,artists_loft ,0.04577216
13510,50096,64848,shower ,0.28617665
13511,50096,64848,bow_window/indoor ,0.28526056
13512,50096,64848,dressing_room ,0.17658597
13513,50096,64848,bathroom ,0.07485696
13514,50096,64848,closet ,0.051503323
13515,50096,64872,jail_cell ,0.05957309
13516,50096,64872,office_building ,0.051934887
13517,50096,64872,archive ,0.051810544
13518,50096,64872,skyscraper ,0.046317384
13519,50096,64872,bow_window/indoor ,0.044823576
13520,50096,64896,dressing_room ,0.57362765
13521,50096,64896,elevator/door ,0.10956899
13522,50096,64896,bow_window/indoor ,0.046521142
13523,50096,64896,shower ,0.036889646
13524,50096,64896,office ,0.024986682
13525,50096,64920,clean_room ,0.22540918
13526,50096,64920,dressing_room ,0.21874383
13527,50096,64920,office ,0.09494123
13528,50096,64920,art_gallery ,0.08863761
13529,50096,64920,museum/indoor ,0.06362889
13530,50096,64944,dressing_room ,0.32630077
13531,50096,64944,art_gallery ,0.13829403
13532,50096,64944,reception ,0.10808916
13533,50096,64944,clean_room ,0.08224291
13534,50096,64944,museum/indoor ,0.07895598
13535,50096,64968,dressing_room ,0.5411629
13536,50096,64968,art_gallery ,0.12393905
13537,50096,64968,elevator/door ,0.046249084
13538,50096,64968,museum/indoor ,0.045421205
13539,50096,64968,artists_loft ,0.033668093
13540,50096,64992,dressing_room ,0.53156877
13541,50096,64992,art_gallery ,0.10872597
13542,50096,64992,clean_room ,0.09529849
13543,50096,64992,museum/indoor ,0.0832946
13544,50096,64992,office ,0.05967615
13545,50096,65016,dressing_room ,0.3191182
13546,50096,65016,art_gallery ,0.23720303
13547,50096,65016,museum/indoor ,0.11121829
13548,50096,65016,office ,0.072176486
13549,50096,65016,clean_room ,0.05340808
13550,50096,65040,dressing_room ,0.38052365
13551,50096,65040,art_gallery ,0.21195574
13552,50096,65040,museum/indoor ,0.18678987
13553,50096,65040,office ,0.036238506
13554,50096,65040,clean_room ,0.035247482
13555,50096,65064,clean_room ,0.72517055
13556,50096,65064,bow_window/indoor ,0.10367215
13557,50096,65064,operating_room ,0.044503786
13558,50096,65064,museum/indoor ,0.016379524
13559,50096,65064,atrium/public ,0.010920808
13560,50096,65088,bow_window/indoor ,0.46426457
13561,50096,65088,clean_room ,0.43618363
13562,50096,65088,atrium/public ,0.015472873
13563,50096,65088,shower ,0.014795998
13564,50096,65088,museum/indoor ,0.014388644
13565,50096,65112,shower ,0.25449854
13566,50096,65112,artists_loft ,0.13360372
13567,50096,65112,bathroom ,0.10473115
13568,50096,65112,bow_window/indoor ,0.09399059
13569,50096,65112,art_gallery ,0.057531144
13570,50096,65136,clean_room ,0.83060884
13571,50096,65136,bow_window/indoor ,0.13218084
13572,50096,65136,nursery ,0.011979077
13573,50096,65136,museum/indoor ,0.002949885
13574,50096,65136,science_museum ,0.0029291336
13575,50096,65160,clean_room ,0.9323437
13576,50096,65160,bow_window/indoor ,0.03764964
13577,50096,65160,chemistry_lab ,0.0062423386
13578,50096,65160,science_museum ,0.0031686446
13579,50096,65160,jewelry_shop ,0.0030407559
13580,50096,65184,museum/indoor ,0.46281782
13581,50096,65184,clean_room ,0.38572454
13582,50096,65184,art_gallery ,0.052446853
13583,50096,65184,dressing_room ,0.037725106
13584,50096,65184,archive ,0.01934128
13585,50096,65208,clean_room ,0.32668743
13586,50096,65208,sauna ,0.12368476
13587,50096,65208,bow_window/indoor ,0.110982336
13588,50096,65208,dressing_room ,0.07634381
13589,50096,65208,nursery ,0.075618446
13590,50096,65232,bow_window/indoor ,0.39846742
13591,50096,65232,shower ,0.14116088
13592,50096,65232,clean_room ,0.13023463
13593,50096,65232,atrium/public ,0.08612624
13594,50096,65232,elevator/door ,0.041363068
13595,50096,65256,bow_window/indoor ,0.30723467
13596,50096,65256,clean_room ,0.19790608
13597,50096,65256,shower ,0.09031223
13598,50096,65256,art_gallery ,0.07867657
13599,50096,65256,elevator/door ,0.059856974
13600,50096,65280,gymnasium/indoor ,0.19108245
13601,50096,65280,recreation_room ,0.09339447
13602,50096,65280,archive ,0.04184269
13603,50096,65280,science_museum ,0.03788872
13604,50096,65280,museum/indoor ,0.036935784
13605,50096,65304,clean_room ,0.09718721
13606,50096,65304,science_museum ,0.090373024
13607,50096,65304,museum/indoor ,0.056685798
13608,50096,65304,chemistry_lab ,0.052731365
13609,50096,65304,shower ,0.04340773
13610,50096,65328,museum/indoor ,0.18837066
13611,50096,65328,science_museum ,0.09634947
13612,50096,65328,clean_room ,0.07221374
13613,50096,65328,chemistry_lab ,0.06491215
13614,50096,65328,archive ,0.059479117
13615,50096,65352,museum/indoor ,0.21648978
13616,50096,65352,clean_room ,0.08351858
13617,50096,65352,science_museum ,0.07611709
13618,50096,65352,archive ,0.051089197
13619,50096,65352,chemistry_lab ,0.043467995
13620,50096,65376,basement ,0.09209265
13621,50096,65376,science_museum ,0.077297404
13622,50096,65376,clean_room ,0.06473684
13623,50096,65376,museum/indoor ,0.048356052
13624,50096,65376,chemistry_lab ,0.046209533
13625,50096,65400,desert/sand ,0.5645334
13626,50096,65400,sky ,0.044165455
13627,50096,65400,beach ,0.034353327
13628,50096,65400,lake/natural ,0.019857943
13629,50096,65400,marsh ,0.018134069
13630,50096,65424,dressing_room ,0.16084112
13631,50096,65424,art_gallery ,0.15530212
13632,50096,65424,clean_room ,0.14826384
13633,50096,65424,martial_arts_gym ,0.12958962
13634,50096,65424,museum/indoor ,0.07844229
13635,50096,65448,dressing_room ,0.88055414
13636,50096,65448,hospital_room ,0.021197254
13637,50096,65448,beauty_salon ,0.012313508
13638,50096,65448,dorm_room ,0.011594712
13639,50096,65448,hotel_room ,0.009619447
13640,50096,65472,dressing_room ,0.83564705
13641,50096,65472,dorm_room ,0.02509497
13642,50096,65472,beauty_salon ,0.024973543
13643,50096,65472,office ,0.020418473
13644,50096,65472,hotel_room ,0.018435739
13645,50096,65496,dressing_room ,0.6124429
13646,50096,65496,hotel_room ,0.074233726
13647,50096,65496,bedroom ,0.044226486
13648,50096,65496,dorm_room ,0.0426224
13649,50096,65496,beauty_salon ,0.034814853
13650,50096,65520,dressing_room ,0.7563856
13651,50096,65520,beauty_salon ,0.061847683
13652,50096,65520,office ,0.044399112
13653,50096,65520,dorm_room ,0.016700214
13654,50096,65520,office_cubicles ,0.011394732
13655,50096,65544,dressing_room ,0.69338894
13656,50096,65544,locker_room ,0.09306666
13657,50096,65544,office ,0.03833991
13658,50096,65544,elevator/door ,0.025920814
13659,50096,65544,beauty_salon ,0.023456553
13660,50096,65568,dressing_room ,0.62322646
13661,50096,65568,locker_room ,0.10512013
13662,50096,65568,office ,0.06535853
13663,50096,65568,elevator/door ,0.029573215
13664,50096,65568,office_cubicles ,0.027120909
13665,50096,65592,dressing_room ,0.66106343
13666,50096,65592,locker_room ,0.09490619
13667,50096,65592,office ,0.049134754
13668,50096,65592,elevator/door ,0.03596737
13669,50096,65592,beauty_salon ,0.022992129
13670,50096,65616,gymnasium/indoor ,0.21472548
13671,50096,65616,clean_room ,0.14943664
13672,50096,65616,art_gallery ,0.111434445
13673,50096,65616,museum/indoor ,0.09174385
13674,50096,65616,music_studio ,0.0655862
13675,50096,65640,clean_room ,0.42064986
13676,50096,65640,office ,0.0675587
13677,50096,65640,archive ,0.061241124
13678,50096,65640,museum/indoor ,0.044054326
13679,50096,65640,art_gallery ,0.043553
13680,50096,65664,museum/indoor ,0.40526247
13681,50096,65664,clean_room ,0.22171825
13682,50096,65664,archive ,0.09094727
13683,50096,65664,music_studio ,0.06987328
13684,50096,65664,art_gallery ,0.03634123
13685,50096,65688,museum/indoor ,0.46955723
13686,50096,65688,clean_room ,0.3423681
13687,50096,65688,archive ,0.06665983
13688,50096,65688,physics_laboratory ,0.034366008
13689,50096,65688,music_studio ,0.02231373
13690,50096,65712,clean_room ,0.36695802
13691,50096,65712,museum/indoor ,0.2620733
13692,50096,65712,music_studio ,0.055532657
13693,50096,65712,dressing_room ,0.03730801
13694,50096,65712,gymnasium/indoor ,0.03599649
13695,50096,65736,clean_room ,0.32494527
13696,50096,65736,music_studio ,0.10226339
13697,50096,65736,office ,0.073502265
13698,50096,65736,archive ,0.052191496
13699,50096,65736,biology_laboratory ,0.050434284
13700,50096,65760,dressing_room ,0.6120873
13701,50096,65760,office ,0.098659724
13702,50096,65760,locker_room ,0.058383755
13703,50096,65760,office_cubicles ,0.027999207
13704,50096,65760,reception ,0.027145272
13705,50096,65784,dressing_room ,0.44593754
13706,50096,65784,office ,0.15245232
13707,50096,65784,locker_room ,0.071310885
13708,50096,65784,office_cubicles ,0.044067096
13709,50096,65784,reception ,0.032679435
13710,50096,65808,dressing_room ,0.43356204
13711,50096,65808,office ,0.14692897
13712,50096,65808,locker_room ,0.08387392
13713,50096,65808,office_cubicles ,0.03555325
13714,50096,65808,nursing_home ,0.03249367
13715,50096,65832,dressing_room ,0.5037025
13716,50096,65832,office ,0.1424765
13717,50096,65832,locker_room ,0.07965233
13718,50096,65832,office_cubicles ,0.04139511
13719,50096,65832,beauty_salon ,0.024449866
13720,50096,65856,dressing_room ,0.44890746
13721,50096,65856,office ,0.1458169
13722,50096,65856,locker_room ,0.08754118
13723,50096,65856,office_cubicles ,0.037132546
13724,50096,65856,reception ,0.033980045
13725,50096,65880,dressing_room ,0.39200175
13726,50096,65880,office ,0.1696917
13727,50096,65880,locker_room ,0.07981221
13728,50096,65880,reception ,0.04043247
13729,50096,65880,office_cubicles ,0.040158704
13730,50096,65904,dressing_room ,0.30180383
13731,50096,65904,office ,0.27454218
13732,50096,65904,office_cubicles ,0.05963524
13733,50096,65904,locker_room ,0.05779252
13734,50096,65904,reception ,0.04021116
13735,50096,65928,dressing_room ,0.26604447
13736,50096,65928,office ,0.22381876
13737,50096,65928,locker_room ,0.093574494
13738,50096,65928,office_cubicles ,0.0630197
13739,50096,65928,reception ,0.04131522
13740,50096,65952,dressing_room ,0.28585562
13741,50096,65952,office ,0.23302235
13742,50096,65952,locker_room ,0.09482871
13743,50096,65952,office_cubicles ,0.05760886
13744,50096,65952,reception ,0.036368918
13745,50096,65976,dressing_room ,0.30062574
13746,50096,65976,office ,0.20660953
13747,50096,65976,locker_room ,0.09249054
13748,50096,65976,reception ,0.05313231
13749,50096,65976,office_cubicles ,0.049572624
13750,50096,66000,dressing_room ,0.26914847
13751,50096,66000,office ,0.19983113
13752,50096,66000,locker_room ,0.09682002
13753,50096,66000,office_cubicles ,0.05298286
13754,50096,66000,reception ,0.04084982
13755,50096,66024,jail_cell ,0.3512917
13756,50096,66024,archive ,0.18221678
13757,50096,66024,bow_window/indoor ,0.115789466
13758,50096,66024,classroom ,0.026299944
13759,50096,66024,museum/indoor ,0.026009187
13760,50096,66048,jail_cell ,0.48099628
13761,50096,66048,archive ,0.12816314
13762,50096,66048,bow_window/indoor ,0.07826174
13763,50096,66048,locker_room ,0.02502783
13764,50096,66048,kitchen ,0.022046158
13765,50096,66072,jail_cell ,0.38272753
13766,50096,66072,archive ,0.13424267
13767,50096,66072,bow_window/indoor ,0.11633955
13768,50096,66072,kitchen ,0.027499478
13769,50096,66072,art_studio ,0.02346097
13770,50096,66096,jail_cell ,0.44306168
13771,50096,66096,bow_window/indoor ,0.12861273
13772,50096,66096,archive ,0.12840548
13773,50096,66096,kitchen ,0.0233431
13774,50096,66096,art_studio ,0.018107884
13775,50096,66120,jail_cell ,0.38419774
13776,50096,66120,archive ,0.14741372
13777,50096,66120,bow_window/indoor ,0.09153274
13778,50096,66120,kitchen ,0.03659714
13779,50096,66120,classroom ,0.026541555
13780,50096,66144,dressing_room ,0.2747842
13781,50096,66144,office ,0.26012495
13782,50096,66144,locker_room ,0.06796711
13783,50096,66144,office_cubicles ,0.0670928
13784,50096,66144,reception ,0.050674405
13785,50096,66168,dressing_room ,0.26061636
13786,50096,66168,office ,0.21319953
13787,50096,66168,locker_room ,0.09862952
13788,50096,66168,reception ,0.052055903
13789,50096,66168,office_cubicles ,0.0466889
13790,50096,66192,office ,0.23691824
13791,50096,66192,dressing_room ,0.17744051
13792,50096,66192,locker_room ,0.10091337
13793,50096,66192,reception ,0.09575521
13794,50096,66192,office_cubicles ,0.054340955
13795,50096,66216,office ,0.23265316
13796,50096,66216,dressing_room ,0.226289
13797,50096,66216,locker_room ,0.080550514
13798,50096,66216,reception ,0.0708756
13799,50096,66216,office_cubicles ,0.04603094
13800,50096,66240,dressing_room ,0.23918745
13801,50096,66240,office ,0.18265167
13802,50096,66240,locker_room ,0.10026283
13803,50096,66240,reception ,0.07076155
13804,50096,66240,office_cubicles ,0.04045151
13805,50096,66264,dressing_room ,0.19209555
13806,50096,66264,office ,0.18116042
13807,50096,66264,locker_room ,0.11388472
13808,50096,66264,reception ,0.08704697
13809,50096,66264,office_cubicles ,0.041394398
13810,50096,66288,dressing_room ,0.25787094
13811,50096,66288,office ,0.21421905
13812,50096,66288,locker_room ,0.08944596
13813,50096,66288,office_cubicles ,0.05192186
13814,50096,66288,reception ,0.046263527
13815,50096,66312,dressing_room ,0.22689667
13816,50096,66312,office ,0.20219155
13817,50096,66312,locker_room ,0.11285144
13818,50096,66312,reception ,0.062938586
13819,50096,66312,office_cubicles ,0.041090872
13820,50096,66336,jail_cell ,0.17813264
13821,50096,66336,bow_window/indoor ,0.15071309
13822,50096,66336,archive ,0.11778408
13823,50096,66336,office ,0.05133435
13824,50096,66336,office_cubicles ,0.045034625
13825,50096,66360,jail_cell ,0.21638581
13826,50096,66360,archive ,0.12721878
13827,50096,66360,bow_window/indoor ,0.12585954
13828,50096,66360,office ,0.036594838
13829,50096,66360,museum/indoor ,0.035017177
13830,50096,66384,jail_cell ,0.23995492
13831,50096,66384,bow_window/indoor ,0.14681333
13832,50096,66384,archive ,0.12274664
13833,50096,66384,office ,0.03903932
13834,50096,66384,office_cubicles ,0.03605645
13835,50096,66408,jail_cell ,0.18952715
13836,50096,66408,bow_window/indoor ,0.14738664
13837,50096,66408,archive ,0.12961727
13838,50096,66408,office ,0.05236951
13839,50096,66408,office_cubicles ,0.039643556
13840,50096,66432,dressing_room ,0.27824476
13841,50096,66432,office ,0.24565156
13842,50096,66432,locker_room ,0.11298576
13843,50096,66432,office_cubicles ,0.07325933
13844,50096,66432,reception ,0.054834288
13845,50096,66456,dressing_room ,0.27934676
13846,50096,66456,office ,0.19742738
13847,50096,66456,locker_room ,0.13752729
13848,50096,66456,reception ,0.064391755
13849,50096,66456,office_cubicles ,0.053179745
13850,50096,66480,office ,0.23189096
13851,50096,66480,dressing_room ,0.23126397
13852,50096,66480,locker_room ,0.102646746
13853,50096,66480,reception ,0.089145236
13854,50096,66480,office_cubicles ,0.05742945
13855,50096,66504,office ,0.26685366
13856,50096,66504,dressing_room ,0.1550453
13857,50096,66504,locker_room ,0.10312309
13858,50096,66504,reception ,0.09107605
13859,50096,66504,office_cubicles ,0.062902465
13860,50096,66528,office ,0.26573002
13861,50096,66528,reception ,0.17606513
13862,50096,66528,dressing_room ,0.12572755
13863,50096,66528,locker_room ,0.12157435
13864,50096,66528,office_cubicles ,0.055659678
13865,50096,66552,dressing_room ,0.23392728
13866,50096,66552,office ,0.22742113
13867,50096,66552,locker_room ,0.12698868
13868,50096,66552,reception ,0.112184845
13869,50096,66552,office_cubicles ,0.050545473
13870,50096,66576,office ,0.26682624
13871,50096,66576,dressing_room ,0.16047522
13872,50096,66576,reception ,0.12828262
13873,50096,66576,locker_room ,0.1269742
13874,50096,66576,office_cubicles ,0.05531128
13875,50096,66600,jail_cell ,0.20880398
13876,50096,66600,bow_window/indoor ,0.17633149
13877,50096,66600,archive ,0.17612393
13878,50096,66600,office ,0.038336225
13879,50096,66600,office_cubicles ,0.029758453
13880,50096,66624,bow_window/indoor ,0.20633689
13881,50096,66624,archive ,0.18601896
13882,50096,66624,jail_cell ,0.10210671
13883,50096,66624,office ,0.052758526
13884,50096,66624,museum/indoor ,0.048500966
13885,50096,66648,gymnasium/indoor ,0.21765822
13886,50096,66648,martial_arts_gym ,0.2132841
13887,50096,66648,museum/indoor ,0.104544364
13888,50096,66648,art_gallery ,0.06690622
13889,50096,66648,clean_room ,0.047840737
13890,50096,66672,museum/indoor ,0.54307
13891,50096,66672,clean_room ,0.2599952
13892,50096,66672,art_gallery ,0.10350123
13893,50096,66672,science_museum ,0.019828144
13894,50096,66672,dressing_room ,0.014458474
13895,50096,66696,museum/indoor ,0.3199083
13896,50096,66696,art_gallery ,0.1995631
13897,50096,66696,clean_room ,0.09482253
13898,50096,66696,gymnasium/indoor ,0.07791814
13899,50096,66696,dressing_room ,0.042794127
13900,50096,66720,art_gallery ,0.21896884
13901,50096,66720,museum/indoor ,0.21755031
13902,50096,66720,clean_room ,0.1985094
13903,50096,66720,dressing_room ,0.11141167
13904,50096,66720,artists_loft ,0.028742917
13905,50096,66744,clean_room ,0.2866862
13906,50096,66744,dressing_room ,0.13919303
13907,50096,66744,office ,0.12514663
13908,50096,66744,office_cubicles ,0.051088512
13909,50096,66744,museum/indoor ,0.03532679
13910,50096,66768,clean_room ,0.21568353
13911,50096,66768,archive ,0.104622
13912,50096,66768,dressing_room ,0.10298545
13913,50096,66768,gymnasium/indoor ,0.07610352
13914,50096,66768,music_studio ,0.074538864
13915,50096,66792,clean_room ,0.17609695
13916,50096,66792,museum/indoor ,0.13251574
13917,50096,66792,art_gallery ,0.07345001
13918,50096,66792,office ,0.071982734
13919,50096,66792,gymnasium/indoor ,0.0564865
13920,50096,66816,dressing_room ,0.4055365
13921,50096,66816,bow_window/indoor ,0.15210013
13922,50096,66816,elevator/door ,0.06563586
13923,50096,66816,artists_loft ,0.048845157
13924,50096,66816,alcove ,0.046668686
13925,50096,66840,art_gallery ,0.29863694
13926,50096,66840,museum/indoor ,0.17781277
13927,50096,66840,dressing_room ,0.10936219
13928,50096,66840,clean_room ,0.08086431
13929,50096,66840,elevator_lobby ,0.0617879
13930,50096,66864,elevator/door ,0.3324246
13931,50096,66864,dressing_room ,0.22225155
13932,50096,66864,clean_room ,0.13838053
13933,50096,66864,elevator_lobby ,0.119770594
13934,50096,66864,art_gallery ,0.06820796
13935,50096,66888,elevator/door ,0.24249345
13936,50096,66888,dressing_room ,0.2026321
13937,50096,66888,art_gallery ,0.17053182
13938,50096,66888,elevator_lobby ,0.10954424
13939,50096,66888,clean_room ,0.08149811
13940,50096,66912,bow_window/indoor ,0.251335
13941,50096,66912,jail_cell ,0.16640627
13942,50096,66912,archive ,0.15575665
13943,50096,66912,office ,0.045752913
13944,50096,66912,lecture_room ,0.04400474
13945,50096,66936,dressing_room ,0.24594542
13946,50096,66936,elevator/door ,0.2117963
13947,50096,66936,art_gallery ,0.15352988
13948,50096,66936,elevator_lobby ,0.13845675
13949,50096,66936,clean_room ,0.13674754
13950,50096,66960,dressing_room ,0.39352936
13951,50096,66960,elevator/door ,0.19561297
13952,50096,66960,clean_room ,0.11484195
13953,50096,66960,elevator_lobby ,0.10250155
13954,50096,66960,art_gallery ,0.08939585
13955,50096,66984,elevator/door ,0.2570787
13956,50096,66984,dressing_room ,0.19828404
13957,50096,66984,clean_room ,0.16344345
13958,50096,66984,elevator_lobby ,0.13893175
13959,50096,66984,art_gallery ,0.12513515
13960,50096,67008,dressing_room ,0.3049227
13961,50096,67008,elevator/door ,0.20880324
13962,50096,67008,art_gallery ,0.17708163
13963,50096,67008,elevator_lobby ,0.09790957
13964,50096,67008,clean_room ,0.08458229
13965,50096,67032,bow_window/indoor ,0.20996366
13966,50096,67032,jail_cell ,0.19323951
13967,50096,67032,archive ,0.14563467
13968,50096,67032,lecture_room ,0.048974834
13969,50096,67032,office ,0.04075954
13970,50096,67056,bow_window/indoor ,0.24893697
13971,50096,67056,jail_cell ,0.11583142
13972,50096,67056,archive ,0.11253882
13973,50096,67056,lecture_room ,0.050303217
13974,50096,67056,office ,0.046531036
13975,50096,67080,art_gallery ,0.25376248
13976,50096,67080,dressing_room ,0.19143291
13977,50096,67080,elevator/door ,0.17224863
13978,50096,67080,museum/indoor ,0.10975678
13979,50096,67080,clean_room ,0.09959521
13980,50096,67104,dressing_room ,0.35639623
13981,50096,67104,elevator/door ,0.2270804
13982,50096,67104,elevator_lobby ,0.10687319
13983,50096,67104,art_gallery ,0.09650273
13984,50096,67104,clean_room ,0.087976746
13985,50096,67128,dressing_room ,0.31289038
13986,50096,67128,clean_room ,0.2806695
13987,50096,67128,art_gallery ,0.09490867
13988,50096,67128,museum/indoor ,0.070187986
13989,50096,67128,elevator/door ,0.039048478
13990,50096,67152,dressing_room ,0.9967224
13991,50096,67152,elevator/door ,0.0008373835
13992,50096,67152,closet ,0.00041606723
13993,50096,67152,locker_room ,0.00035612867
13994,50096,67152,dorm_room ,0.00023741889
13995,50096,67176,dressing_room ,0.5714179
13996,50096,67176,elevator/door ,0.06643033
13997,50096,67176,beauty_salon ,0.061722264
13998,50096,67176,office ,0.055275895
13999,50096,67176,reception ,0.052177932
14000,50096,67200,archive ,0.17748515
14001,50096,67200,bow_window/indoor ,0.15092187
14002,50096,67200,jail_cell ,0.10907595
14003,50096,67200,office ,0.06054881
14004,50096,67200,classroom ,0.058202688
14005,50096,67224,archive ,0.23006414
14006,50096,67224,jail_cell ,0.14220423
14007,50096,67224,bow_window/indoor ,0.14169474
14008,50096,67224,office ,0.046246782
14009,50096,67224,office_cubicles ,0.041586373
14010,50096,67248,jail_cell ,0.18491924
14011,50096,67248,archive ,0.1754684
14012,50096,67248,bow_window/indoor ,0.14632425
14013,50096,67248,office ,0.055024605
14014,50096,67248,office_cubicles ,0.046725933
14015,50096,67272,jail_cell ,0.18772939
14016,50096,67272,bow_window/indoor ,0.1735224
14017,50096,67272,archive ,0.15622117
14018,50096,67272,office ,0.04641732
14019,50096,67272,office_cubicles ,0.039112616
14020,50096,67296,dressing_room ,0.38178253
14021,50096,67296,office ,0.13906513
14022,50096,67296,reception ,0.10046765
14023,50096,67296,elevator/door ,0.08806643
14024,50096,67296,elevator_lobby ,0.041053608
14025,50096,67320,office ,0.20998865
14026,50096,67320,dressing_room ,0.20023465
14027,50096,67320,elevator/door ,0.123317584
14028,50096,67320,reception ,0.1138808
14029,50096,67320,elevator_lobby ,0.063048884
14030,50096,67344,office ,0.22434755
14031,50096,67344,dressing_room ,0.19413902
14032,50096,67344,reception ,0.14209408
14033,50096,67344,elevator/door ,0.09503569
14034,50096,67344,elevator_lobby ,0.055117298
14035,50096,67368,archive ,0.19724146
14036,50096,67368,bow_window/indoor ,0.16115628
14037,50096,67368,jail_cell ,0.14138877
14038,50096,67368,office ,0.05521
14039,50096,67368,office_cubicles ,0.04464172
14040,50096,67392,jail_cell ,0.19462582
14041,50096,67392,archive ,0.16346
14042,50096,67392,bow_window/indoor ,0.14959377
14043,50096,67392,classroom ,0.051596314
14044,50096,67392,office ,0.03834415
14045,50096,67416,dressing_room ,0.26983985
14046,50096,67416,elevator/door ,0.16106927
14047,50096,67416,office ,0.13230333
14048,50096,67416,reception ,0.089998916
14049,50096,67416,elevator_lobby ,0.04469468
14050,50096,67440,bow_window/indoor ,0.23375162
14051,50096,67440,jail_cell ,0.1674104
14052,50096,67440,archive ,0.12832043
14053,50096,67440,office ,0.04124816
14054,50096,67440,classroom ,0.038580276
14055,50096,67464,jail_cell ,0.2110729
14056,50096,67464,archive ,0.1747916
14057,50096,67464,bow_window/indoor ,0.104030736
14058,50096,67464,classroom ,0.056593984
14059,50096,67464,museum/indoor ,0.053408828
14060,50096,67488,dressing_room ,0.33075348
14061,50096,67488,office ,0.19170988
14062,50096,67488,elevator/door ,0.13166857
14063,50096,67488,reception ,0.06873088
14064,50096,67488,elevator_lobby ,0.043413393
14065,50096,67512,office ,0.24168077
14066,50096,67512,dressing_room ,0.18930775
14067,50096,67512,elevator/door ,0.16463287
14068,50096,67512,reception ,0.0740439
14069,50096,67512,elevator_lobby ,0.054845948
14070,50096,67536,dressing_room ,0.4140378
14071,50096,67536,office ,0.1115699
14072,50096,67536,elevator/door ,0.09047605
14073,50096,67536,reception ,0.07794243
14074,50096,67536,beauty_salon ,0.048884988
14075,50096,67560,bow_window/indoor ,0.38395572
14076,50096,67560,jail_cell ,0.108339876
14077,50096,67560,archive ,0.0949415
14078,50096,67560,museum/indoor ,0.074854344
14079,50096,67560,alcove ,0.058336638
14080,50096,67584,bow_window/indoor ,0.3670278
14081,50096,67584,jail_cell ,0.12083956
14082,50096,67584,archive ,0.117558084
14083,50096,67584,lecture_room ,0.042553276
14084,50096,67584,office ,0.0409297
14085,50096,67608,archive ,0.2098818
14086,50096,67608,bow_window/indoor ,0.2052296
14087,50096,67608,museum/indoor ,0.05856123
14088,50096,67608,office ,0.05377321
14089,50096,67608,jail_cell ,0.05331402
14090,50096,67632,clean_room ,0.3069045
14091,50096,67632,chemistry_lab ,0.07497146
14092,50096,67632,jail_cell ,0.06409017
14093,50096,67632,archive ,0.052322518
14094,50096,67632,bathroom ,0.035617743
14095,50096,67656,jewelry_shop ,0.9495797
14096,50096,67656,ballroom ,0.010327495
14097,50096,67656,beauty_salon ,0.00782512
14098,50096,67656,chemistry_lab ,0.0071016597
14099,50096,67656,gift_shop ,0.00510362
14100,50096,67680,jewelry_shop ,0.75612015
14101,50096,67680,chemistry_lab ,0.12430348
14102,50096,67680,bar ,0.039891057
14103,50096,67680,beauty_salon ,0.01454799
14104,50096,67680,dressing_room ,0.010639568
14105,50096,67704,jewelry_shop ,0.8177726
14106,50096,67704,chemistry_lab ,0.06702419
14107,50096,67704,ice_cream_parlor ,0.049541347
14108,50096,67704,gift_shop ,0.010605112
14109,50096,67704,bar ,0.009968511
14110,50096,67728,clean_room ,0.74813837
14111,50096,67728,locker_room ,0.03131057
14112,50096,67728,iceberg ,0.028857116
14113,50096,67728,museum/indoor ,0.026653558
14114,50096,67728,dressing_room ,0.022762269
14115,50096,67752,atrium/public ,0.32520112
14116,50096,67752,clean_room ,0.1335556
14117,50096,67752,elevator_lobby ,0.09327482
14118,50096,67752,shopping_mall/indoor ,0.071020596
14119,50096,67752,museum/indoor ,0.03641743
14120,50096,67776,office ,0.13454066
14121,50096,67776,conference_center ,0.10117328
14122,50096,67776,museum/indoor ,0.08268854
14123,50096,67776,dressing_room ,0.070428446
14124,50096,67776,lecture_room ,0.062191904
14125,50096,67800,museum/indoor ,0.17104293
14126,50096,67800,stage/indoor ,0.124245524
14127,50096,67800,music_studio ,0.106922686
14128,50096,67800,conference_center ,0.075415984
14129,50096,67800,dressing_room ,0.06928504
14130,50096,67824,dressing_room ,0.36184102
14131,50096,67824,museum/indoor ,0.2204292
14132,50096,67824,office ,0.06454917
14133,50096,67824,music_studio ,0.031652026
14134,50096,67824,television_studio ,0.03042493
14135,50096,67848,museum/indoor ,0.24482296
14136,50096,67848,dressing_room ,0.23777577
14137,50096,67848,office ,0.10487392
14138,50096,67848,archive ,0.048816923
14139,50096,67848,television_studio ,0.048669476
14140,50096,67872,museum/indoor ,0.20032209
14141,50096,67872,dressing_room ,0.15575086
14142,50096,67872,office ,0.116856985
14143,50096,67872,archive ,0.08128848
14144,50096,67872,music_studio ,0.058722664
14145,50096,67896,dressing_room ,0.27619982
14146,50096,67896,museum/indoor ,0.2026035
14147,50096,67896,music_studio ,0.072270036
14148,50096,67896,office ,0.06985756
14149,50096,67896,television_studio ,0.05080041
14150,50096,67920,dressing_room ,0.83561736
14151,50096,67920,music_studio ,0.03569936
14152,50096,67920,beauty_salon ,0.021871272
14153,50096,67920,stage/indoor ,0.016635606
14154,50096,67920,clean_room ,0.011894953
14155,50096,67944,dressing_room ,0.3655788
14156,50096,67944,music_studio ,0.2088808
14157,50096,67944,stage/indoor ,0.19410874
14158,50096,67944,museum/indoor ,0.064497605
14159,50096,67944,clean_room ,0.024202768
14160,50096,67968,dressing_room ,0.17919105
14161,50096,67968,office ,0.13756506
14162,50096,67968,clean_room ,0.11163595
14163,50096,67968,music_studio ,0.10423066
14164,50096,67968,television_studio ,0.035686918
14165,50096,67992,office ,0.16421159
14166,50096,67992,lecture_room ,0.13048476
14167,50096,67992,dressing_room ,0.11261851
14168,50096,67992,hospital_room ,0.055730913
14169,50096,67992,clean_room ,0.049477305
14170,50096,68016,dressing_room ,0.14261955
14171,50096,68016,clean_room ,0.13729185
14172,50096,68016,hospital_room ,0.06965314
14173,50096,68016,music_studio ,0.06960463
14174,50096,68016,museum/indoor ,0.06036263
14175,50096,68040,lecture_room ,0.12928711
14176,50096,68040,clean_room ,0.094486594
14177,50096,68040,dressing_room ,0.08874264
14178,50096,68040,museum/indoor ,0.08815202
14179,50096,68040,music_studio ,0.08524137
14180,50096,68064,museum/indoor ,0.26528397
14181,50096,68064,dressing_room ,0.1876184
14182,50096,68064,music_studio ,0.13148788
14183,50096,68064,clean_room ,0.09581431
14184,50096,68064,office ,0.050926164
14185,50096,68088,dressing_room ,0.48940247
14186,50096,68088,music_studio ,0.34846038
14187,50096,68088,clean_room ,0.037190378
14188,50096,68088,television_studio ,0.022494506
14189,50096,68088,physics_laboratory ,0.0149086965
14190,50096,68112,museum/indoor ,0.46277604
14191,50096,68112,clean_room ,0.24484597
14192,50096,68112,dressing_room ,0.18283738
14193,50096,68112,music_studio ,0.02185652
14194,50096,68112,art_gallery ,0.021261036
14195,50096,68136,dressing_room ,0.5433744
14196,50096,68136,museum/indoor ,0.36892787
14197,50096,68136,music_studio ,0.036009975
14198,50096,68136,clean_room ,0.010285133
14199,50096,68136,stage/indoor ,0.008914625
14200,50096,68160,clean_room ,0.7045971
14201,50096,68160,museum/indoor ,0.1727457
14202,50096,68160,operating_room ,0.043102164
14203,50096,68160,dressing_room ,0.022142954
14204,50096,68160,art_gallery ,0.008268695
14205,50096,68184,museum/indoor ,0.6712215
14206,50096,68184,clean_room ,0.18735223
14207,50096,68184,dressing_room ,0.055435378
14208,50096,68184,operating_room ,0.018106982
14209,50096,68184,art_gallery ,0.01607795
14210,50096,68208,clean_room ,0.42117128
14211,50096,68208,museum/indoor ,0.4201078
14212,50096,68208,dressing_room ,0.093712084
14213,50096,68208,operating_room ,0.011593034
14214,50096,68208,art_gallery ,0.010907984
14215,50096,68232,museum/indoor ,0.6244399
14216,50096,68232,clean_room ,0.22455986
14217,50096,68232,dressing_room ,0.087448575
14218,50096,68232,art_gallery ,0.01302593
14219,50096,68232,operating_room ,0.010091503
14220,50096,68256,clean_room ,0.434774
14221,50096,68256,museum/indoor ,0.29454747
14222,50096,68256,dressing_room ,0.18808532
14223,50096,68256,operating_room ,0.026437921
14224,50096,68256,music_studio ,0.008101643
14225,50096,68280,museum/indoor ,0.63394374
14226,50096,68280,clean_room ,0.25896716
14227,50096,68280,dressing_room ,0.06367105
14228,50096,68280,operating_room ,0.014787081
14229,50096,68280,art_gallery ,0.007313269
14230,50096,68304,museum/indoor ,0.53589904
14231,50096,68304,clean_room ,0.35130942
14232,50096,68304,dressing_room ,0.05627188
14233,50096,68304,operating_room ,0.02406924
14234,50096,68304,art_gallery ,0.008132682
14235,50096,68328,museum/indoor ,0.73717415
14236,50096,68328,clean_room ,0.17384946
14237,50096,68328,dressing_room ,0.041074887
14238,50096,68328,operating_room ,0.0114897005
14239,50096,68328,art_gallery ,0.008776628
14240,50096,68352,museum/indoor ,0.7803821
14241,50096,68352,clean_room ,0.1276523
14242,50096,68352,dressing_room ,0.036393814
14243,50096,68352,operating_room ,0.018560259
14244,50096,68352,art_gallery ,0.009015784
14245,50096,68376,museum/indoor ,0.8654554
14246,50096,68376,clean_room ,0.06646256
14247,50096,68376,dressing_room ,0.030160034
14248,50096,68376,art_gallery ,0.009551511
14249,50096,68376,archive ,0.0075064744
14250,50096,68400,museum/indoor ,0.4767295
14251,50096,68400,clean_room ,0.34225434
14252,50096,68400,dressing_room ,0.057297114
14253,50096,68400,operating_room ,0.05320892
14254,50096,68400,art_gallery ,0.015619793
14255,50096,68424,museum/indoor ,0.4573952
14256,50096,68424,clean_room ,0.31452686
14257,50096,68424,dressing_room ,0.12553957
14258,50096,68424,operating_room ,0.031519692
14259,50096,68424,archive ,0.015652934
14260,50096,68448,museum/indoor ,0.5084149
14261,50096,68448,dressing_room ,0.21453491
14262,50096,68448,clean_room ,0.20362008
14263,50096,68448,art_gallery ,0.018968103
14264,50096,68448,operating_room ,0.015639564
14265,50096,68472,museum/indoor ,0.43610758
14266,50096,68472,clean_room ,0.27139884
14267,50096,68472,dressing_room ,0.17546406
14268,50096,68472,operating_room ,0.038886417
14269,50096,68472,art_gallery ,0.0149762295
14270,50096,68496,museum/indoor ,0.391246
14271,50096,68496,dressing_room ,0.27261245
14272,50096,68496,clean_room ,0.20106417
14273,50096,68496,operating_room ,0.02397854
14274,50096,68496,art_gallery ,0.02329132
14275,50096,68520,museum/indoor ,0.5572147
14276,50096,68520,dressing_room ,0.18478847
14277,50096,68520,clean_room ,0.14646426
14278,50096,68520,archive ,0.021960158
14279,50096,68520,art_gallery ,0.021342749
14280,50096,68544,museum/indoor ,0.91964024
14281,50096,68544,clean_room ,0.050896574
14282,50096,68544,art_gallery ,0.008619378
14283,50096,68544,dressing_room ,0.00825849
14284,50096,68544,archive ,0.0065142135
14285,50096,68568,museum/indoor ,0.6480091
14286,50096,68568,clean_room ,0.19504936
14287,50096,68568,dressing_room ,0.105229266
14288,50096,68568,archive ,0.014070123
14289,50096,68568,art_gallery ,0.010493979
14290,50096,68592,museum/indoor ,0.61139613
14291,50096,68592,dressing_room ,0.16670974
14292,50096,68592,clean_room ,0.11703203
14293,50096,68592,art_gallery ,0.01871286
14294,50096,68592,archive ,0.017203046
14295,50096,68616,museum/indoor ,0.8655436
14296,50096,68616,dressing_room ,0.07301092
14297,50096,68616,clean_room ,0.01927685
14298,50096,68616,art_gallery ,0.017226854
14299,50096,68616,stage/indoor ,0.0052234535
14300,50096,68640,dressing_room ,0.4974189
14301,50096,68640,museum/indoor ,0.40417084
14302,50096,68640,clean_room ,0.038150415
14303,50096,68640,art_gallery ,0.009762386
14304,50096,68640,archive ,0.0077848593
14305,50096,68664,museum/indoor ,0.90574414
14306,50096,68664,dressing_room ,0.032456923
14307,50096,68664,art_gallery ,0.020019483
14308,50096,68664,clean_room ,0.010493937
14309,50096,68664,science_museum ,0.009215099
14310,50096,68688,dressing_room ,0.46925154
14311,50096,68688,clean_room ,0.24230652
14312,50096,68688,clothing_store ,0.038224697
14313,50096,68688,locker_room ,0.036322415
14314,50096,68688,elevator_lobby ,0.03319208
14315,50096,68712,hotel_room ,0.19754054
14316,50096,68712,dressing_room ,0.16757119
14317,50096,68712,bow_window/indoor ,0.16541135
14318,50096,68712,bedroom ,0.09975435
14319,50096,68712,dorm_room ,0.0647223
14320,50096,68736,bow_window/indoor ,0.6856164
14321,50096,68736,dressing_room ,0.09676078
14322,50096,68736,living_room ,0.05331487
14323,50096,68736,dorm_room ,0.022914985
14324,50096,68736,closet ,0.01945122
14325,50096,68760,living_room ,0.30268276
14326,50096,68760,dorm_room ,0.16617961
14327,50096,68760,dressing_room ,0.12096086
14328,50096,68760,bow_window/indoor ,0.10462371
14329,50096,68760,hotel_room ,0.07979722
14330,50096,68784,television_room ,0.22457752
14331,50096,68784,dorm_room ,0.17585866
14332,50096,68784,living_room ,0.1481982
14333,50096,68784,hotel_room ,0.11889971
14334,50096,68784,bedroom ,0.05073146
14335,50096,68808,music_studio ,0.2985605
14336,50096,68808,living_room ,0.18984665
14337,50096,68808,bow_window/indoor ,0.12703846
14338,50096,68808,dressing_room ,0.09785385
14339,50096,68808,television_studio ,0.056025088
14340,50096,68832,dressing_room ,0.76882875
14341,50096,68832,bow_window/indoor ,0.0572874
14342,50096,68832,living_room ,0.054030415
14343,50096,68832,dining_room ,0.026085053
14344,50096,68832,shower ,0.011423386
14345,50096,68856,dressing_room ,0.74907917
14346,50096,68856,shower ,0.08335079
14347,50096,68856,bow_window/indoor ,0.04557005
14348,50096,68856,living_room ,0.027797658
14349,50096,68856,music_studio ,0.011329271
14350,50096,68880,dressing_room ,0.6345508
14351,50096,68880,music_studio ,0.09575233
14352,50096,68880,clean_room ,0.059184577
14353,50096,68880,museum/indoor ,0.04280737
14354,50096,68880,shower ,0.02343144
14355,50096,68904,dressing_room ,0.60661185
14356,50096,68904,museum/indoor ,0.15951799
14357,50096,68904,clean_room ,0.102645636
14358,50096,68904,music_studio ,0.02382638
14359,50096,68904,nursery ,0.014318238
14360,50096,68928,dressing_room ,0.55615187
14361,50096,68928,clean_room ,0.16682678
14362,50096,68928,music_studio ,0.08584444
14363,50096,68928,museum/indoor ,0.03707635
14364,50096,68928,locker_room ,0.035726193
14365,50096,68952,dressing_room ,0.6281039
14366,50096,68952,clean_room ,0.16916639
14367,50096,68952,museum/indoor ,0.06994164
14368,50096,68952,music_studio ,0.044350933
14369,50096,68952,archive ,0.013976245
14370,50096,68976,dressing_room ,0.7501482
14371,50096,68976,clean_room ,0.11459067
14372,50096,68976,music_studio ,0.035525322
14373,50096,68976,museum/indoor ,0.027965877
14374,50096,68976,locker_room ,0.013717421
14375,50096,69000,dressing_room ,0.5080822
14376,50096,69000,clean_room ,0.23953779
14377,50096,69000,music_studio ,0.081119135
14378,50096,69000,locker_room ,0.03853833
14379,50096,69000,archive ,0.021195909
14380,50096,69024,dressing_room ,0.71152127
14381,50096,69024,clean_room ,0.078409396
14382,50096,69024,music_studio ,0.077671036
14383,50096,69024,locker_room ,0.030150915
14384,50096,69024,hospital_room ,0.015921468
14385,50096,69048,clean_room ,0.6958194
14386,50096,69048,dressing_room ,0.09251942
14387,50096,69048,sauna ,0.029105254
14388,50096,69048,museum/indoor ,0.025948862
14389,50096,69048,hospital_room ,0.022670027
14390,50096,69072,locker_room ,0.62938577
14391,50096,69072,shower ,0.1393899
14392,50096,69072,museum/indoor ,0.02355781
14393,50096,69072,bathroom ,0.023115823
14394,50096,69072,clean_room ,0.021118727
14395,50096,69096,clothing_store ,0.4080036
14396,50096,69096,clean_room ,0.21268933
14397,50096,69096,dressing_room ,0.082969576
14398,50096,69096,music_studio ,0.029363792
14399,50096,69096,science_museum ,0.025625506
14400,50096,69120,music_studio ,0.40376738
14401,50096,69120,dressing_room ,0.10315981
14402,50096,69120,stage/indoor ,0.067184165
14403,50096,69120,discotheque ,0.06572972
14404,50096,69120,clean_room ,0.057839315
14405,50096,69144,clean_room ,0.7758187
14406,50096,69144,dressing_room ,0.089251526
14407,50096,69144,shower ,0.042109527
14408,50096,69144,clothing_store ,0.012379754
14409,50096,69144,bathroom ,0.011515004
14410,50096,69168,clean_room ,0.9278939
14411,50096,69168,dressing_room ,0.016388008
14412,50096,69168,shower ,0.0074606477
14413,50096,69168,art_gallery ,0.006569877
14414,50096,69168,museum/indoor ,0.0065265005
14415,50096,69192,clean_room ,0.9713661
14416,50096,69192,art_gallery ,0.0076911687
14417,50096,69192,shower ,0.0028818306
14418,50096,69192,museum/indoor ,0.0017032322
14419,50096,69192,art_studio ,0.0016824316
14420,50096,69216,clean_room ,0.8869865
14421,50096,69216,dressing_room ,0.024021717
14422,50096,69216,closet ,0.022318004
14423,50096,69216,art_gallery ,0.0064369156
14424,50096,69216,locker_room ,0.006028252
14425,50096,69240,clean_room ,0.9043824
14426,50096,69240,dressing_room ,0.023917137
14427,50096,69240,hospital_room ,0.013607588
14428,50096,69240,operating_room ,0.013063421
14429,50096,69240,nursery ,0.010768574
14430,50096,69264,archive ,0.36318904
14431,50096,69264,art_gallery ,0.13991679
14432,50096,69264,museum/indoor ,0.10914495
14433,50096,69264,clean_room ,0.06447197
14434,50096,69264,locker_room ,0.048691154
14435,50096,69288,clean_room ,0.46012965
14436,50096,69288,operating_room ,0.13148482
14437,50096,69288,archive ,0.070243634
14438,50096,69288,hospital_room ,0.05964491
14439,50096,69288,nursing_home ,0.040247306
14440,50096,69312,bow_window/indoor ,0.2691358
14441,50096,69312,archive ,0.16014743
14442,50096,69312,clean_room ,0.08600046
14443,50096,69312,museum/indoor ,0.06843071
14444,50096,69312,office ,0.03950718
14445,50096,69336,museum/indoor ,0.60546136
14446,50096,69336,archive ,0.17216294
14447,50096,69336,art_gallery ,0.036963362
14448,50096,69336,physics_laboratory ,0.03294743
14449,50096,69336,science_museum ,0.029565753
14450,50096,69360,museum/indoor ,0.67339426
14451,50096,69360,archive ,0.16632171
14452,50096,69360,clean_room ,0.034715913
14453,50096,69360,art_gallery ,0.023577671
14454,50096,69360,physics_laboratory ,0.020065624
14455,50096,69384,museum/indoor ,0.444122
14456,50096,69384,archive ,0.24481364
14457,50096,69384,clean_room ,0.13739873
14458,50096,69384,art_gallery ,0.04029531
14459,50096,69384,science_museum ,0.019247534
14460,50096,69408,archive ,0.42791826
14461,50096,69408,museum/indoor ,0.26420766
14462,50096,69408,music_studio ,0.045536086
14463,50096,69408,clean_room ,0.042099822
14464,50096,69408,lecture_room ,0.035805993
14465,50096,69432,archive ,0.55667776
14466,50096,69432,museum/indoor ,0.2959314
14467,50096,69432,lecture_room ,0.016594728
14468,50096,69432,physics_laboratory ,0.015284575
14469,50096,69432,classroom ,0.01379188
14470,50096,69456,museum/indoor ,0.76283145
14471,50096,69456,archive ,0.1773505
14472,50096,69456,art_gallery ,0.023274353
14473,50096,69456,science_museum ,0.009986974
14474,50096,69456,natural_history_museum ,0.009686089
14475,50096,69480,archive ,0.56448287
14476,50096,69480,museum/indoor ,0.26959145
14477,50096,69480,lecture_room ,0.03588203
14478,50096,69480,clean_room ,0.015739288
14479,50096,69480,classroom ,0.015362434
14480,50096,69504,museum/indoor ,0.64757437
14481,50096,69504,archive ,0.24857263
14482,50096,69504,physics_laboratory ,0.014846992
14483,50096,69504,clean_room ,0.014207242
14484,50096,69504,music_studio ,0.0140810395
14485,50096,69528,archive ,0.6931183
14486,50096,69528,museum/indoor ,0.1908367
14487,50096,69528,lecture_room ,0.027961798
14488,50096,69528,classroom ,0.0115249725
14489,50096,69528,art_gallery ,0.008630398
14490,50096,69552,archive ,0.53941506
14491,50096,69552,museum/indoor ,0.35399258
14492,50096,69552,music_studio ,0.014222581
14493,50096,69552,art_gallery ,0.012754498
14494,50096,69552,physics_laboratory ,0.011595761
14495,50096,69576,archive ,0.622507
14496,50096,69576,clean_room ,0.2456126
14497,50096,69576,museum/indoor ,0.07085533
14498,50096,69576,physics_laboratory ,0.011868811
14499,50096,69576,chemistry_lab ,0.00682593
14500,50096,69600,museum/indoor ,0.4343628
14501,50096,69600,archive ,0.32040185
14502,50096,69600,music_studio ,0.086917475
14503,50096,69600,clean_room ,0.05055955
14504,50096,69600,physics_laboratory ,0.02316134
14505,50096,69624,archive ,0.44431868
14506,50096,69624,museum/indoor ,0.18365204
14507,50096,69624,clean_room ,0.17010586
14508,50096,69624,physics_laboratory ,0.04038623
14509,50096,69624,chemistry_lab ,0.025769189
14510,50096,69648,archive ,0.5020039
14511,50096,69648,clean_room ,0.2393923
14512,50096,69648,museum/indoor ,0.1379604
14513,50096,69648,physics_laboratory ,0.027836025
14514,50096,69648,chemistry_lab ,0.014795268
14515,50096,69672,museum/indoor ,0.5365158
14516,50096,69672,archive ,0.37963808
14517,50096,69672,clean_room ,0.025986092
14518,50096,69672,art_gallery ,0.01396639
14519,50096,69672,music_studio ,0.0062328507
14520,50096,69696,archive ,0.3859407
14521,50096,69696,museum/indoor ,0.28542665
14522,50096,69696,clean_room ,0.080908135
14523,50096,69696,art_gallery ,0.03140027
14524,50096,69696,physics_laboratory ,0.027272156
14525,50096,69720,museum/indoor ,0.5738666
14526,50096,69720,archive ,0.23943387
14527,50096,69720,clean_room ,0.031894784
14528,50096,69720,office ,0.022765648
14529,50096,69720,art_gallery ,0.022558369
14530,50096,69744,museum/indoor ,0.42205423
14531,50096,69744,archive ,0.37778866
14532,50096,69744,clean_room ,0.031208193
14533,50096,69744,office ,0.030774353
14534,50096,69744,music_studio ,0.012794064
14535,50096,69768,museum/indoor ,0.40245795
14536,50096,69768,archive ,0.30681574
14537,50096,69768,clean_room ,0.027695345
14538,50096,69768,office ,0.026063299
14539,50096,69768,art_gallery ,0.024882583
14540,50096,69792,archive ,0.35577247
14541,50096,69792,museum/indoor ,0.25763088
14542,50096,69792,clean_room ,0.08533236
14543,50096,69792,nursery ,0.039695133
14544,50096,69792,bow_window/indoor ,0.0336911
14545,50096,69816,archive ,0.36478066
14546,50096,69816,clean_room ,0.11839448
14547,50096,69816,museum/indoor ,0.112039395
14548,50096,69816,bow_window/indoor ,0.041603815
14549,50096,69816,nursery ,0.029171975
14550,50096,69840,archive ,0.2914
14551,50096,69840,clean_room ,0.20532152
14552,50096,69840,museum/indoor ,0.15570274
14553,50096,69840,nursery ,0.03584754
14554,50096,69840,operating_room ,0.032910064
14555,50096,69864,archive ,0.3949203
14556,50096,69864,clean_room ,0.15994875
14557,50096,69864,museum/indoor ,0.096496716
14558,50096,69864,office ,0.040621467
14559,50096,69864,music_studio ,0.028558552
14560,50096,69888,archive ,0.43995717
14561,50096,69888,clean_room ,0.20377597
14562,50096,69888,museum/indoor ,0.13056433
14563,50096,69888,art_gallery ,0.02102445
14564,50096,69888,art_studio ,0.015623843
14565,50096,69912,museum/indoor ,0.3755017
14566,50096,69912,archive ,0.2747462
14567,50096,69912,clean_room ,0.14954813
14568,50096,69912,art_gallery ,0.027607772
14569,50096,69912,art_studio ,0.016701486
14570,50096,69936,clean_room ,0.3525037
14571,50096,69936,archive ,0.21281157
14572,50096,69936,museum/indoor ,0.16747557
14573,50096,69936,music_studio ,0.04911837
14574,50096,69936,operating_room ,0.03417414
14575,50096,69960,archive ,0.4652349
14576,50096,69960,clean_room ,0.13648432
14577,50096,69960,museum/indoor ,0.09315139
14578,50096,69960,chemistry_lab ,0.048248917
14579,50096,69960,operating_room ,0.02112501
14580,50096,69984,archive ,0.21735558
14581,50096,69984,museum/indoor ,0.20108297
14582,50096,69984,clean_room ,0.04680954
14583,50096,69984,classroom ,0.04318486
14584,50096,69984,lecture_room ,0.040880173
14585,50096,70008,archive ,0.48939043
14586,50096,70008,clean_room ,0.098652996
14587,50096,70008,office ,0.07114496
14588,50096,70008,chemistry_lab ,0.0422898
14589,50096,70008,lecture_room ,0.03863817
14590,50096,70032,museum/indoor ,0.23494987
14591,50096,70032,gymnasium/indoor ,0.12571752
14592,50096,70032,recreation_room ,0.11049223
14593,50096,70032,locker_room ,0.054556232
14594,50096,70032,shower ,0.044837184
14595,50096,70056,museum/indoor ,0.91856307
14596,50096,70056,art_gallery ,0.03867062
14597,50096,70056,television_studio ,0.009760909
14598,50096,70056,clean_room ,0.0075907926
14599,50096,70056,science_museum ,0.007186365
14600,50096,70080,museum/indoor ,0.9139901
14601,50096,70080,art_gallery ,0.066540405
14602,50096,70080,art_studio ,0.004325873
14603,50096,70080,dressing_room ,0.00313276
14604,50096,70080,science_museum ,0.0030449992
14605,50096,70104,museum/indoor ,0.92599326
14606,50096,70104,art_gallery ,0.03144948
14607,50096,70104,television_studio ,0.01934952
14608,50096,70104,office ,0.00400896
14609,50096,70104,science_museum ,0.003959141
14610,50096,70128,museum/indoor ,0.9428421
14611,50096,70128,art_gallery ,0.0304012
14612,50096,70128,television_studio ,0.007814013
14613,50096,70128,science_museum ,0.005516137
14614,50096,70128,natural_history_museum ,0.0031345738
14615,50096,70152,museum/indoor ,0.9534402
14616,50096,70152,art_gallery ,0.022678293
14617,50096,70152,television_studio ,0.005751732
14618,50096,70152,science_museum ,0.0045862314
14619,50096,70152,natural_history_museum ,0.0029401244
14620,50096,70176,museum/indoor ,0.9479865
14621,50096,70176,art_gallery ,0.028594432
14622,50096,70176,television_studio ,0.007739417
14623,50096,70176,science_museum ,0.0042462572
14624,50096,70176,natural_history_museum ,0.0030362234
14625,50096,70200,museum/indoor ,0.82111335
14626,50096,70200,television_studio ,0.1076052
14627,50096,70200,art_gallery ,0.02907351
14628,50096,70200,music_studio ,0.01305846
14629,50096,70200,science_museum ,0.008229344
14630,50096,70224,museum/indoor ,0.9447862
14631,50096,70224,art_gallery ,0.025320826
14632,50096,70224,television_studio ,0.0126291625
14633,50096,70224,science_museum ,0.0077266805
14634,50096,70224,natural_history_museum ,0.002960447
14635,50096,70248,museum/indoor ,0.9402993
14636,50096,70248,art_gallery ,0.023830794
14637,50096,70248,television_studio ,0.012535487
14638,50096,70248,science_museum ,0.008697333
14639,50096,70248,natural_history_museum ,0.0045812624
14640,50096,70272,museum/indoor ,0.9120855
14641,50096,70272,television_studio ,0.029984033
14642,50096,70272,art_gallery ,0.026350444
14643,50096,70272,science_museum ,0.009296153
14644,50096,70272,natural_history_museum ,0.0050831325
14645,50096,70296,museum/indoor ,0.95351315
14646,50096,70296,art_gallery ,0.022378676
14647,50096,70296,television_studio ,0.011209882
14648,50096,70296,science_museum ,0.0046013733
14649,50096,70296,natural_history_museum ,0.0029228646
14650,50096,70320,museum/indoor ,0.9665914
14651,50096,70320,art_gallery ,0.014584658
14652,50096,70320,television_studio ,0.008012904
14653,50096,70320,science_museum ,0.0034985857
14654,50096,70320,music_studio ,0.0018000333
14655,50096,70344,museum/indoor ,0.96035635
14656,50096,70344,art_gallery ,0.018188331
14657,50096,70344,science_museum ,0.0066787135
14658,50096,70344,television_studio ,0.005959281
14659,50096,70344,natural_history_museum ,0.0032091944
14660,50096,70368,museum/indoor ,0.9505293
14661,50096,70368,art_gallery ,0.016782468
14662,50096,70368,television_studio ,0.01485967
14663,50096,70368,science_museum ,0.007400907
14664,50096,70368,natural_history_museum ,0.0033484306
14665,50096,70392,museum/indoor ,0.96336955
14666,50096,70392,art_gallery ,0.0120964125
14667,50096,70392,television_studio ,0.0075187525
14668,50096,70392,science_museum ,0.0069593745
14669,50096,70392,natural_history_museum ,0.0046292455
14670,50096,70416,museum/indoor ,0.97729415
14671,50096,70416,art_gallery ,0.011334636
14672,50096,70416,television_studio ,0.0035049398
14673,50096,70416,science_museum ,0.00268502
14674,50096,70416,natural_history_museum ,0.0014231475
14675,50096,70440,museum/indoor ,0.97855055
14676,50096,70440,art_gallery ,0.013782847
14677,50096,70440,dressing_room ,0.0014061116
14678,50096,70440,art_studio ,0.0010565998
14679,50096,70440,science_museum ,0.0010049823
14680,50096,70464,clean_room ,0.21981256
14681,50096,70464,dressing_room ,0.11662201
14682,50096,70464,museum/indoor ,0.060032457
14683,50096,70464,office ,0.044968
14684,50096,70464,hospital_room ,0.042535078
14685,50096,70488,alcove ,0.23673815
14686,50096,70488,clean_room ,0.1959802
14687,50096,70488,bow_window/indoor ,0.089906074
14688,50096,70488,museum/indoor ,0.06450546
14689,50096,70488,artists_loft ,0.035644896
14690,50096,70512,clean_room ,0.205611
14691,50096,70512,chemistry_lab ,0.14073443
14692,50096,70512,archive ,0.12260224
14693,50096,70512,museum/indoor ,0.068496555
14694,50096,70512,operating_room ,0.0441315
14695,50096,70536,archive ,0.13613209
14696,50096,70536,museum/indoor ,0.1266521
14697,50096,70536,clean_room ,0.115995176
14698,50096,70536,music_studio ,0.07513761
14699,50096,70536,office ,0.062365327
14700,50096,70560,archive ,0.17402801
14701,50096,70560,office ,0.113029204
14702,50096,70560,computer_room ,0.09299674
14703,50096,70560,museum/indoor ,0.091620125
14704,50096,70560,clean_room ,0.06970996
14705,50096,70584,archive ,0.26410282
14706,50096,70584,clean_room ,0.17137118
14707,50096,70584,museum/indoor ,0.15121926
14708,50096,70584,art_gallery ,0.046723556
14709,50096,70584,science_museum ,0.044443797
14710,50096,70608,dressing_room ,0.46072814
14711,50096,70608,archive ,0.11663172
14712,50096,70608,office_cubicles ,0.08097478
14713,50096,70608,office ,0.071209684
14714,50096,70608,locker_room ,0.035363086
14715,50096,70632,archive ,0.25736666
14716,50096,70632,music_studio ,0.20233949
14717,50096,70632,dressing_room ,0.17978966
14718,50096,70632,office ,0.1052964
14719,50096,70632,television_studio ,0.059115008
14720,50096,70656,archive ,0.34211367
14721,50096,70656,dressing_room ,0.15579158
14722,50096,70656,office ,0.111487865
14723,50096,70656,music_studio ,0.057208385
14724,50096,70656,museum/indoor ,0.054940525
14725,50096,70680,archive ,0.42712063
14726,50096,70680,dressing_room ,0.10890874
14727,50096,70680,office ,0.08896632
14728,50096,70680,music_studio ,0.07369865
14729,50096,70680,museum/indoor ,0.057471335
14730,50096,70704,archive ,0.366082
14731,50096,70704,music_studio ,0.11210386
14732,50096,70704,dressing_room ,0.10374192
14733,50096,70704,office ,0.07855168
14734,50096,70704,museum/indoor ,0.06755246
14735,50096,70728,archive ,0.3144458
14736,50096,70728,music_studio ,0.2053349
14737,50096,70728,dressing_room ,0.12606238
14738,50096,70728,office ,0.08183929
14739,50096,70728,television_studio ,0.05835581
14740,50096,70752,archive ,0.38788044
14741,50096,70752,music_studio ,0.13830909
14742,50096,70752,office ,0.0997632
14743,50096,70752,dressing_room ,0.0760527
14744,50096,70752,television_studio ,0.0577139
14745,50096,70776,archive ,0.3360272
14746,50096,70776,office ,0.116505936
14747,50096,70776,dressing_room ,0.112030804
14748,50096,70776,music_studio ,0.09046043
14749,50096,70776,museum/indoor ,0.053097453
14750,50096,70800,archive ,0.2771321
14751,50096,70800,office ,0.14983584
14752,50096,70800,music_studio ,0.12899558
14753,50096,70800,dressing_room ,0.11762982
14754,50096,70800,television_studio ,0.057628524
14755,50096,70824,office ,0.2934854
14756,50096,70824,archive ,0.27728614
14757,50096,70824,dressing_room ,0.073934406
14758,50096,70824,music_studio ,0.046931338
14759,50096,70824,office_cubicles ,0.046044853
14760,50096,70848,archive ,0.309891
14761,50096,70848,office ,0.23067412
14762,50096,70848,dressing_room ,0.09673525
14763,50096,70848,music_studio ,0.05704186
14764,50096,70848,office_cubicles ,0.037941217
14765,50096,70872,archive ,0.32512388
14766,50096,70872,office ,0.121279456
14767,50096,70872,music_studio ,0.11542619
14768,50096,70872,dressing_room ,0.06742543
14769,50096,70872,locker_room ,0.04917342
14770,50096,70896,archive ,0.2850198
14771,50096,70896,office ,0.12525064
14772,50096,70896,music_studio ,0.09429283
14773,50096,70896,dressing_room ,0.07825399
14774,50096,70896,museum/indoor ,0.052505895
14775,50096,70920,office ,0.21534537
14776,50096,70920,archive ,0.12854947
14777,50096,70920,music_studio ,0.12180584
14778,50096,70920,dressing_room ,0.08837149
14779,50096,70920,locker_room ,0.06978078
14780,50096,70944,office ,0.20413743
14781,50096,70944,dressing_room ,0.17497522
14782,50096,70944,archive ,0.11825705
14783,50096,70944,music_studio ,0.08081137
14784,50096,70944,locker_room ,0.0626931
14785,50096,70968,dressing_room ,0.16487686
14786,50096,70968,archive ,0.12770148
14787,50096,70968,office ,0.12566362
14788,50096,70968,martial_arts_gym ,0.098761104
14789,50096,70968,music_studio ,0.084650666
14790,50096,70992,dressing_room ,0.23565087
14791,50096,70992,archive ,0.1118178
14792,50096,70992,martial_arts_gym ,0.10556452
14793,50096,70992,office ,0.0887978
14794,50096,70992,locker_room ,0.08243237
14795,50096,71016,archive ,0.16302538
14796,50096,71016,dressing_room ,0.15625797
14797,50096,71016,office ,0.10130955
14798,50096,71016,music_studio ,0.09985129
14799,50096,71016,museum/indoor ,0.06611516
14800,50096,71040,dressing_room ,0.23895317
14801,50096,71040,music_studio ,0.15188295
14802,50096,71040,archive ,0.117586195
14803,50096,71040,office ,0.08042861
14804,50096,71040,boxing_ring ,0.052941952
14805,50096,71064,dressing_room ,0.27431625
14806,50096,71064,music_studio ,0.19663106
14807,50096,71064,boxing_ring ,0.06983816
14808,50096,71064,stage/indoor ,0.06293145
14809,50096,71064,archive ,0.058425408
14810,50096,71088,dressing_room ,0.29606664
14811,50096,71088,music_studio ,0.16721497
14812,50096,71088,boxing_ring ,0.079811044
14813,50096,71088,television_studio ,0.05345985
14814,50096,71088,office ,0.052198846
14815,50096,71112,dressing_room ,0.40591788
14816,50096,71112,boxing_ring ,0.2067129
14817,50096,71112,stage/indoor ,0.06192717
14818,50096,71112,discotheque ,0.06050267
14819,50096,71112,martial_arts_gym ,0.058064006
14820,50096,71136,music_studio ,0.23648812
14821,50096,71136,dressing_room ,0.20388396
14822,50096,71136,boxing_ring ,0.18286309
14823,50096,71136,stage/indoor ,0.080974236
14824,50096,71136,martial_arts_gym ,0.060570084
14825,50096,71160,music_studio ,0.24647118
14826,50096,71160,dressing_room ,0.20235822
14827,50096,71160,boxing_ring ,0.18576005
14828,50096,71160,stage/indoor ,0.06958685
14829,50096,71160,martial_arts_gym ,0.066082604
14830,50096,71184,boxing_ring ,0.22482412
14831,50096,71184,music_studio ,0.22367653
14832,50096,71184,dressing_room ,0.18300572
14833,50096,71184,martial_arts_gym ,0.08025293
14834,50096,71184,stage/indoor ,0.05534556
14835,50096,71208,dressing_room ,0.24850358
14836,50096,71208,music_studio ,0.16421622
14837,50096,71208,boxing_ring ,0.12979464
14838,50096,71208,archive ,0.06722275
14839,50096,71208,stage/indoor ,0.05640773
14840,50096,71232,dressing_room ,0.3479162
14841,50096,71232,music_studio ,0.16264601
14842,50096,71232,boxing_ring ,0.058147397
14843,50096,71232,stage/indoor ,0.050011594
14844,50096,71232,archive ,0.047052976
14845,50096,71256,archive ,0.24615821
14846,50096,71256,classroom ,0.14416498
14847,50096,71256,kindergarden_classroom ,0.14269865
14848,50096,71256,lecture_room ,0.04408458
14849,50096,71256,office ,0.039698794
14850,50096,71280,archive ,0.530276
14851,50096,71280,locker_room ,0.16005823
14852,50096,71280,museum/indoor ,0.041826885
14853,50096,71280,jail_cell ,0.039444063
14854,50096,71280,art_gallery ,0.026301522
14855,50096,71304,archive ,0.2922253
14856,50096,71304,chemistry_lab ,0.18193163
14857,50096,71304,clean_room ,0.15582526
14858,50096,71304,biology_laboratory ,0.07100537
14859,50096,71304,museum/indoor ,0.051326305
14860,50096,71328,clean_room ,0.7885146
14861,50096,71328,operating_room ,0.14929858
14862,50096,71328,chemistry_lab ,0.0138721205
14863,50096,71328,physics_laboratory ,0.013080909
14864,50096,71328,hospital_room ,0.0077134976
14865,50096,71352,clean_room ,0.72813326
14866,50096,71352,dressing_room ,0.089560084
14867,50096,71352,museum/indoor ,0.075427584
14868,50096,71352,archive ,0.030062364
14869,50096,71352,art_gallery ,0.017044723
14870,50096,71376,clean_room ,0.81631184
14871,50096,71376,museum/indoor ,0.064884506
14872,50096,71376,operating_room ,0.03414442
14873,50096,71376,dressing_room ,0.024931088
14874,50096,71376,art_gallery ,0.011949023
14875,50096,71400,clean_room ,0.75256413
14876,50096,71400,museum/indoor ,0.06965894
14877,50096,71400,archive ,0.06612387
14878,50096,71400,dressing_room ,0.021272155
14879,50096,71400,art_gallery ,0.00819052
14880,50096,71424,clean_room ,0.83700365
14881,50096,71424,museum/indoor ,0.062094532
14882,50096,71424,art_gallery ,0.018405871
14883,50096,71424,dressing_room ,0.016247075
14884,50096,71424,archive ,0.0143935215
14885,50096,71448,clean_room ,0.77468985
14886,50096,71448,museum/indoor ,0.18682083
14887,50096,71448,archive ,0.013478719
14888,50096,71448,operating_room ,0.004518019
14889,50096,71448,music_studio ,0.004289998
14890,50096,71472,clean_room ,0.816571
14891,50096,71472,museum/indoor ,0.05548416
14892,50096,71472,science_museum ,0.019546047
14893,50096,71472,clothing_store ,0.018240651
14894,50096,71472,dressing_room ,0.017662121
14895,50096,71496,clean_room ,0.66877574
14896,50096,71496,museum/indoor ,0.17292453
14897,50096,71496,archive ,0.035082467
14898,50096,71496,art_gallery ,0.016887018
14899,50096,71496,locker_room ,0.009261043
14900,50096,71520,dressing_room ,0.35185525
14901,50096,71520,clean_room ,0.12515253
14902,50096,71520,hospital_room ,0.08833548
14903,50096,71520,beauty_salon ,0.073796205
14904,50096,71520,dining_room ,0.06925441
14905,50096,71544,dressing_room ,0.47095954
14906,50096,71544,clean_room ,0.23045292
14907,50096,71544,hospital_room ,0.08601187
14908,50096,71544,operating_room ,0.06910417
14909,50096,71544,music_studio ,0.031178035
14910,50096,71568,dressing_room ,0.65321386
14911,50096,71568,museum/indoor ,0.1217152
14912,50096,71568,clean_room ,0.119912215
14913,50096,71568,clothing_store ,0.012848021
14914,50096,71568,operating_room ,0.012509841
14915,50096,71592,dressing_room ,0.5193437
14916,50096,71592,clean_room ,0.32635453
14917,50096,71592,locker_room ,0.026915444
14918,50096,71592,hospital_room ,0.02608998
14919,50096,71592,nursing_home ,0.018512867
14920,50096,71616,dressing_room ,0.45822692
14921,50096,71616,clean_room ,0.36167723
14922,50096,71616,operating_room ,0.041129857
14923,50096,71616,hospital_room ,0.025300007
14924,50096,71616,beauty_salon ,0.022541538
14925,50096,71640,dressing_room ,0.54691166
14926,50096,71640,clean_room ,0.28465933
14927,50096,71640,nursing_home ,0.036116417
14928,50096,71640,hospital_room ,0.03198462
14929,50096,71640,locker_room ,0.024392767
14930,50096,71664,dressing_room ,0.6240364
14931,50096,71664,museum/indoor ,0.14099462
14932,50096,71664,clothing_store ,0.112044476
14933,50096,71664,clean_room ,0.06748102
14934,50096,71664,beauty_salon ,0.0073477724
14935,50096,71688,dressing_room ,0.88469714
14936,50096,71688,locker_room ,0.06492325
14937,50096,71688,clean_room ,0.028501263
14938,50096,71688,shower ,0.0026086832
14939,50096,71688,clothing_store ,0.0020461676
14940,50096,71712,dressing_room ,0.956564
14941,50096,71712,locker_room ,0.016206702
14942,50096,71712,clean_room ,0.015085117
14943,50096,71712,clothing_store ,0.0021571668
14944,50096,71712,museum/indoor ,0.0013118361
14945,50096,71736,dressing_room ,0.81410617
14946,50096,71736,clean_room ,0.098038584
14947,50096,71736,locker_room ,0.021620424
14948,50096,71736,museum/indoor ,0.017808815
14949,50096,71736,music_studio ,0.014275871
14950,50096,71760,dressing_room ,0.87596595
14951,50096,71760,clean_room ,0.051267203
14952,50096,71760,locker_room ,0.017232932
14953,50096,71760,museum/indoor ,0.013422058
14954,50096,71760,music_studio ,0.01242337
14955,50096,71784,clean_room ,0.48106465
14956,50096,71784,museum/indoor ,0.3322917
14957,50096,71784,art_gallery ,0.05123224
14958,50096,71784,burial_chamber ,0.032856967
14959,50096,71784,archive ,0.018273009
14960,50096,71808,clean_room ,0.43590304
14961,50096,71808,museum/indoor ,0.35038757
14962,50096,71808,art_gallery ,0.046106815
14963,50096,71808,alcove ,0.030979756
14964,50096,71808,burial_chamber ,0.02957801
14965,50096,71832,dressing_room ,0.85449237
14966,50096,71832,locker_room ,0.041928705
14967,50096,71832,clean_room ,0.038346015
14968,50096,71832,museum/indoor ,0.017389234
14969,50096,71832,music_studio ,0.013040652
14970,50096,71856,dressing_room ,0.8104953
14971,50096,71856,music_studio ,0.05850673
14972,50096,71856,clean_room ,0.023959553
14973,50096,71856,operating_room ,0.014717198
14974,50096,71856,museum/indoor ,0.014069871
14975,50096,71880,dressing_room ,0.88739175
14976,50096,71880,clean_room ,0.029395275
14977,50096,71880,museum/indoor ,0.012728245
14978,50096,71880,music_studio ,0.012260576
14979,50096,71880,nursing_home ,0.009387028
14980,50096,71904,dressing_room ,0.8819234
14981,50096,71904,dining_room ,0.025716063
14982,50096,71904,hospital_room ,0.012072455
14983,50096,71904,nursing_home ,0.010122522
14984,50096,71904,clean_room ,0.008268413
14985,50096,71928,dressing_room ,0.93158853
14986,50096,71928,dining_room ,0.0068710484
14987,50096,71928,nursing_home ,0.006373991
14988,50096,71928,clean_room ,0.005714126
14989,50096,71928,hospital_room ,0.005580766
14990,50096,71952,dressing_room ,0.9693979
14991,50096,71952,office ,0.0032252255
14992,50096,71952,nursing_home ,0.0028208152
14993,50096,71952,dining_room ,0.0025408326
14994,50096,71952,clean_room ,0.0021527107
14995,50096,71976,dressing_room ,0.97193617
14996,50096,71976,nursing_home ,0.004116449
14997,50096,71976,archive ,0.0032479647
14998,50096,71976,clean_room ,0.0027396996
14999,50096,71976,hospital_room ,0.002165035
15000,50096,72000,dressing_room ,0.95328826
15001,50096,72000,clean_room ,0.0067055505
15002,50096,72000,archive ,0.0055996906
15003,50096,72000,beauty_salon ,0.0047599887
15004,50096,72000,nursing_home ,0.004254368
15005,50096,72024,dressing_room ,0.95647967
15006,50096,72024,clean_room ,0.022091968
15007,50096,72024,hospital_room ,0.0034989186
15008,50096,72024,locker_room ,0.0023632324
15009,50096,72024,archive ,0.0021653075
15010,50096,72048,dressing_room ,0.94268566
15011,50096,72048,clean_room ,0.02553369
15012,50096,72048,archive ,0.005508504
15013,50096,72048,hospital_room ,0.0051035243
15014,50096,72048,nursing_home ,0.0026284086
15015,50096,72072,dressing_room ,0.91997004
15016,50096,72072,clean_room ,0.04960313
15017,50096,72072,hospital_room ,0.005195462
15018,50096,72072,archive ,0.0045613577
15019,50096,72072,operating_room ,0.0032395313
15020,50096,72096,dressing_room ,0.91387594
15021,50096,72096,clean_room ,0.04042278
15022,50096,72096,hospital_room ,0.010111875
15023,50096,72096,archive ,0.0056995987
15024,50096,72096,nursing_home ,0.004892068
15025,50096,72120,dressing_room ,0.92959285
15026,50096,72120,clean_room ,0.035292637
15027,50096,72120,hospital_room ,0.0071608056
15028,50096,72120,nursing_home ,0.003914676
15029,50096,72120,operating_room ,0.0030623085
15030,50096,72144,dressing_room ,0.78612655
15031,50096,72144,clean_room ,0.11087266
15032,50096,72144,hospital_room ,0.017830536
15033,50096,72144,archive ,0.012776441
15034,50096,72144,nursing_home ,0.009688282
15035,50096,72168,dressing_room ,0.928161
15036,50096,72168,clean_room ,0.040122967
15037,50096,72168,hospital_room ,0.0054598697
15038,50096,72168,operating_room ,0.002963487
15039,50096,72168,archive ,0.0027258464
15040,50096,72192,dressing_room ,0.91163963
15041,50096,72192,clean_room ,0.04613798
15042,50096,72192,hospital_room ,0.006178718
15043,50096,72192,archive ,0.005658
15044,50096,72192,locker_room ,0.0041087605
15045,50096,72216,dressing_room ,0.9706632
15046,50096,72216,clean_room ,0.01124789
15047,50096,72216,hospital_room ,0.0019908748
15048,50096,72216,clothing_store ,0.0018422048
15049,50096,72216,locker_room ,0.0018142478
15050,50096,72240,dressing_room ,0.910121
15051,50096,72240,clean_room ,0.043737702
15052,50096,72240,hospital_room ,0.00898613
15053,50096,72240,archive ,0.004973757
15054,50096,72240,locker_room ,0.0039453846
15055,50096,72264,dressing_room ,0.9554863
15056,50096,72264,clean_room ,0.019380538
15057,50096,72264,hospital_room ,0.0037835126
15058,50096,72264,locker_room ,0.0028668852
15059,50096,72264,nursing_home ,0.0024114868
15060,50096,72288,dressing_room ,0.9444359
15061,50096,72288,clean_room ,0.024638688
15062,50096,72288,hospital_room ,0.0060841083
15063,50096,72288,nursing_home ,0.0037202283
15064,50096,72288,archive ,0.0028358267
15065,50096,72312,dressing_room ,0.93333566
15066,50096,72312,clean_room ,0.026515126
15067,50096,72312,archive ,0.0065369937
15068,50096,72312,hospital_room ,0.005700454
15069,50096,72312,locker_room ,0.0048683397
15070,50096,72336,dressing_room ,0.9537385
15071,50096,72336,clean_room ,0.024904218
15072,50096,72336,hospital_room ,0.004024108
15073,50096,72336,locker_room ,0.0038599693
15074,50096,72336,archive ,0.0026643097
15075,50096,72360,dressing_room ,0.9643904
15076,50096,72360,clean_room ,0.018177083
15077,50096,72360,hospital_room ,0.003541398
15078,50096,72360,locker_room ,0.0021140422
15079,50096,72360,operating_room ,0.0015331964
15080,50096,72384,dressing_room ,0.94087213
15081,50096,72384,clean_room ,0.03463086
15082,50096,72384,hospital_room ,0.00515786
15083,50096,72384,locker_room ,0.0038341293
15084,50096,72384,operating_room ,0.0022245764
15085,50096,72408,dressing_room ,0.953113
15086,50096,72408,clean_room ,0.027363544
15087,50096,72408,hospital_room ,0.0046708486
15088,50096,72408,locker_room ,0.0019420311
15089,50096,72408,operating_room ,0.0017976874
15090,50096,72432,dressing_room ,0.8889175
15091,50096,72432,clean_room ,0.0659673
15092,50096,72432,hospital_room ,0.0124895405
15093,50096,72432,operating_room ,0.0043550916
15094,50096,72432,archive ,0.004063036
15095,50096,72456,dressing_room ,0.9250724
15096,50096,72456,clean_room ,0.04272623
15097,50096,72456,hospital_room ,0.006814956
15098,50096,72456,nursing_home ,0.0035137744
15099,50096,72456,archive ,0.0029941301
15100,50096,72480,dressing_room ,0.94731086
15101,50096,72480,clean_room ,0.024689995
15102,50096,72480,hospital_room ,0.005566468
15103,50096,72480,archive ,0.0029853575
15104,50096,72480,nursing_home ,0.002815769
15105,50096,72504,dressing_room ,0.9357493
15106,50096,72504,clean_room ,0.030502085
15107,50096,72504,hospital_room ,0.0068296804
15108,50096,72504,archive ,0.004025033
15109,50096,72504,locker_room ,0.003140829
15110,50096,72528,dressing_room ,0.97059935
15111,50096,72528,clean_room ,0.012296783
15112,50096,72528,hospital_room ,0.0039057469
15113,50096,72528,nursing_home ,0.001831009
15114,50096,72528,locker_room ,0.0018280554
15115,50096,72552,dressing_room ,0.966743
15116,50096,72552,clean_room ,0.014114039
15117,50096,72552,archive ,0.0028716086
15118,50096,72552,hospital_room ,0.0027853749
15119,50096,72552,locker_room ,0.0018971959
15120,50096,72576,dressing_room ,0.9701319
15121,50096,72576,clean_room ,0.010555053
15122,50096,72576,archive ,0.0034645852
15123,50096,72576,hospital_room ,0.0027659591
15124,50096,72576,locker_room ,0.0024798177
15125,50096,72600,dressing_room ,0.9089994
15126,50096,72600,clean_room ,0.036662415
15127,50096,72600,archive ,0.011625856
15128,50096,72600,hospital_room ,0.009041318
15129,50096,72600,locker_room ,0.004977078
15130,50096,72624,dressing_room ,0.96381485
15131,50096,72624,clean_room ,0.012586553
15132,50096,72624,locker_room ,0.0048497175
15133,50096,72624,archive ,0.0037934897
15134,50096,72624,hospital_room ,0.0036667893
15135,50096,72648,dressing_room ,0.9756811
15136,50096,72648,clean_room ,0.0107980855
15137,50096,72648,hospital_room ,0.003004024
15138,50096,72648,archive ,0.0019441625
15139,50096,72648,locker_room ,0.0016260435
15140,50096,72672,dressing_room ,0.58446616
15141,50096,72672,museum/indoor ,0.087875634
15142,50096,72672,locker_room ,0.046616238
15143,50096,72672,art_gallery ,0.031216862
15144,50096,72672,chemistry_lab ,0.024551986
15145,50096,72696,dressing_room ,0.8282603
15146,50096,72696,locker_room ,0.01832227
15147,50096,72696,museum/indoor ,0.01689124
15148,50096,72696,jewelry_shop ,0.015398529
15149,50096,72696,clothing_store ,0.014254879
15150,50096,72720,dressing_room ,0.43874556
15151,50096,72720,clean_room ,0.15765014
15152,50096,72720,beauty_salon ,0.063541815
15153,50096,72720,art_studio ,0.04173482
15154,50096,72720,chemistry_lab ,0.034533348
15155,50096,72744,dressing_room ,0.59545463
15156,50096,72744,beauty_salon ,0.15310825
15157,50096,72744,living_room ,0.048018113
15158,50096,72744,hospital_room ,0.04780938
15159,50096,72744,clean_room ,0.027671847
15160,50096,72768,dressing_room ,0.9206943
15161,50096,72768,beauty_salon ,0.021879952
15162,50096,72768,hospital_room ,0.012896867
15163,50096,72768,clean_room ,0.009070039
15164,50096,72768,nursing_home ,0.007467324
15165,50096,72792,dressing_room ,0.81512666
15166,50096,72792,beauty_salon ,0.04872171
15167,50096,72792,hospital_room ,0.048691984
15168,50096,72792,hotel_room ,0.01807172
15169,50096,72792,clean_room ,0.015005948
15170,50096,72816,dressing_room ,0.92188424
15171,50096,72816,beauty_salon ,0.022595027
15172,50096,72816,hospital_room ,0.012977584
15173,50096,72816,clean_room ,0.00664012
15174,50096,72816,nursing_home ,0.0058850143
15175,50096,72840,dressing_room ,0.95542055
15176,50096,72840,clean_room ,0.011976461
15177,50096,72840,hospital_room ,0.0037149424
15178,50096,72840,nursing_home ,0.0032540322
15179,50096,72840,beauty_salon ,0.003186927
15180,50096,72864,dressing_room ,0.7988096
15181,50096,72864,clean_room ,0.04769635
15182,50096,72864,archive ,0.041701034
15183,50096,72864,clothing_store ,0.018252544
15184,50096,72864,biology_laboratory ,0.016117956
15185,50096,72888,dressing_room ,0.7825792
15186,50096,72888,clean_room ,0.050725326
15187,50096,72888,archive ,0.037128538
15188,50096,72888,clothing_store ,0.019762663
15189,50096,72888,chemistry_lab ,0.017594637
15190,50096,72912,dressing_room ,0.85730904
15191,50096,72912,clean_room ,0.032526147
15192,50096,72912,archive ,0.02583024
15193,50096,72912,clothing_store ,0.011352009
15194,50096,72912,biology_laboratory ,0.009706638
15195,50096,72936,dressing_room ,0.6232109
15196,50096,72936,archive ,0.08739783
15197,50096,72936,clean_room ,0.066077694
15198,50096,72936,biology_laboratory ,0.045799017
15199,50096,72936,chemistry_lab ,0.043934487
15200,50096,72960,dressing_room ,0.8820662
15201,50096,72960,archive ,0.020130707
15202,50096,72960,clean_room ,0.015813813
15203,50096,72960,chemistry_lab ,0.014342821
15204,50096,72960,biology_laboratory ,0.014331335
15205,50096,72984,dressing_room ,0.8831885
15206,50096,72984,archive ,0.022379994
15207,50096,72984,clothing_store ,0.016450198
15208,50096,72984,clean_room ,0.009896638
15209,50096,72984,beauty_salon ,0.00977911
15210,50096,73008,dressing_room ,0.7529019
15211,50096,73008,clean_room ,0.051543884
15212,50096,73008,archive ,0.046194386
15213,50096,73008,biology_laboratory ,0.028124753
15214,50096,73008,chemistry_lab ,0.025060065
15215,50096,73032,dressing_room ,0.88545763
15216,50096,73032,clothing_store ,0.027280465
15217,50096,73032,archive ,0.015837401
15218,50096,73032,clean_room ,0.01460246
15219,50096,73032,biology_laboratory ,0.006275548
15220,50096,73056,clean_room ,0.491577
15221,50096,73056,museum/indoor ,0.23542276
15222,50096,73056,art_gallery ,0.052664906
15223,50096,73056,alcove ,0.037369806
15224,50096,73056,burial_chamber ,0.024791002
15225,50096,73080,museum/indoor ,0.48493895
15226,50096,73080,clean_room ,0.45772234
15227,50096,73080,archive ,0.016225638
15228,50096,73080,art_gallery ,0.014656714
15229,50096,73080,dressing_room ,0.00624483
15230,50096,73104,museum/indoor ,0.6871076
15231,50096,73104,dressing_room ,0.19723397
15232,50096,73104,art_gallery ,0.040034033
15233,50096,73104,clean_room ,0.036588937
15234,50096,73104,archive ,0.009712029
15235,50096,73128,museum/indoor ,0.860025
15236,50096,73128,clean_room ,0.07923658
15237,50096,73128,archive ,0.020012185
15238,50096,73128,art_gallery ,0.010911027
15239,50096,73128,physics_laboratory ,0.00856026
15240,50096,73152,museum/indoor ,0.7634516
15241,50096,73152,clean_room ,0.17910068
15242,50096,73152,archive ,0.014310293
15243,50096,73152,dressing_room ,0.012722827
15244,50096,73152,physics_laboratory ,0.008906538
15245,50096,73176,dressing_room ,0.4480409
15246,50096,73176,clean_room ,0.12115976
15247,50096,73176,chemistry_lab ,0.09388689
15248,50096,73176,beauty_salon ,0.063921586
15249,50096,73176,biology_laboratory ,0.062156137
15250,50096,73200,dressing_room ,0.5815884
15251,50096,73200,clean_room ,0.12574457
15252,50096,73200,chemistry_lab ,0.058597963
15253,50096,73200,beauty_salon ,0.057695977
15254,50096,73200,biology_laboratory ,0.042651173
15255,50096,73224,dressing_room ,0.46512458
15256,50096,73224,clean_room ,0.18362334
15257,50096,73224,chemistry_lab ,0.05529939
15258,50096,73224,archive ,0.053112533
15259,50096,73224,beauty_salon ,0.051590882
15260,50096,73248,dressing_room ,0.48633197
15261,50096,73248,clean_room ,0.19389942
15262,50096,73248,archive ,0.051141925
15263,50096,73248,biology_laboratory ,0.040691618
15264,50096,73248,chemistry_lab ,0.034566756
15265,50096,73272,dressing_room ,0.50421435
15266,50096,73272,clean_room ,0.18131027
15267,50096,73272,archive ,0.066713676
15268,50096,73272,biology_laboratory ,0.024624856
15269,50096,73272,locker_room ,0.022293938
15270,50096,73296,dressing_room ,0.7796768
15271,50096,73296,clean_room ,0.055391833
15272,50096,73296,office ,0.032244142
15273,50096,73296,office_cubicles ,0.019296043
15274,50096,73296,archive ,0.018792208
15275,50096,73320,dressing_room ,0.8040869
15276,50096,73320,clean_room ,0.03571183
15277,50096,73320,office ,0.02986648
15278,50096,73320,archive ,0.018067783
15279,50096,73320,reception ,0.017824685
15280,50096,73344,dressing_room ,0.8283331
15281,50096,73344,clean_room ,0.0355036
15282,50096,73344,office ,0.023003131
15283,50096,73344,archive ,0.022310734
15284,50096,73344,office_cubicles ,0.011772184
15285,50096,73368,dressing_room ,0.66420877
15286,50096,73368,clean_room ,0.14648925
15287,50096,73368,archive ,0.03546528
15288,50096,73368,locker_room ,0.020100221
15289,50096,73368,clothing_store ,0.019719118
15290,50096,73392,dressing_room ,0.69397277
15291,50096,73392,chemistry_lab ,0.12559411
15292,50096,73392,clean_room ,0.062147103
15293,50096,73392,biology_laboratory ,0.027430197
15294,50096,73392,operating_room ,0.020200102
15295,50096,73416,clean_room ,0.38214964
15296,50096,73416,dressing_room ,0.3225261
15297,50096,73416,chemistry_lab ,0.10667139
15298,50096,73416,biology_laboratory ,0.0488057
15299,50096,73416,beauty_salon ,0.041737918
15300,50096,73440,shower ,0.69273126
15301,50096,73440,bathroom ,0.08751396
15302,50096,73440,bow_window/indoor ,0.07608219
15303,50096,73440,clean_room ,0.026679639
15304,50096,73440,closet ,0.021208575
15305,50096,73464,bow_window/indoor ,0.6393959
15306,50096,73464,shower ,0.08246986
15307,50096,73464,artists_loft ,0.06349124
15308,50096,73464,entrance_hall ,0.04699466
15309,50096,73464,balcony/interior ,0.026930664
15310,50096,73488,dressing_room ,0.5863522
15311,50096,73488,clean_room ,0.29643753
15312,50096,73488,archive ,0.06697882
15313,50096,73488,hospital_room ,0.01337581
15314,50096,73488,operating_room ,0.005364326
15315,50096,73512,archive ,0.30910158
15316,50096,73512,dressing_room ,0.29581413
15317,50096,73512,clean_room ,0.25428838
15318,50096,73512,locker_room ,0.038718164
15319,50096,73512,museum/indoor ,0.023528295
15320,50096,73536,dressing_room ,0.35728368
15321,50096,73536,clean_room ,0.31376714
15322,50096,73536,museum/indoor ,0.21431021
15323,50096,73536,locker_room ,0.04629173
15324,50096,73536,archive ,0.016847145
15325,50096,73560,clean_room ,0.38200393
15326,50096,73560,dressing_room ,0.16991234
15327,50096,73560,shower ,0.08633647
15328,50096,73560,museum/indoor ,0.06662174
15329,50096,73560,locker_room ,0.06540728
15330,50096,73584,bow_window/indoor ,0.33168414
15331,50096,73584,artists_loft ,0.31565154
15332,50096,73584,art_gallery ,0.06707738
15333,50096,73584,clean_room ,0.055253282
15334,50096,73584,museum/indoor ,0.027466748
15335,50096,73608,closet ,0.642611
15336,50096,73608,bow_window/indoor ,0.16823904
15337,50096,73608,shower ,0.040266316
15338,50096,73608,locker_room ,0.033813022
15339,50096,73608,clean_room ,0.017897906
15340,50096,73632,closet ,0.37294397
15341,50096,73632,bow_window/indoor ,0.2185004
15342,50096,73632,locker_room ,0.10993662
15343,50096,73632,shower ,0.057234492
15344,50096,73632,clean_room ,0.03881617
15345,50096,73656,clean_room ,0.5056374
15346,50096,73656,archive ,0.21571517
15347,50096,73656,dressing_room ,0.12179344
15348,50096,73656,museum/indoor ,0.09790952
15349,50096,73656,art_gallery ,0.008565966
15350,50096,73680,clean_room ,0.5484137
15351,50096,73680,archive ,0.20764977
15352,50096,73680,dressing_room ,0.08834445
15353,50096,73680,museum/indoor ,0.04603677
15354,50096,73680,hospital_room ,0.014388588
15355,50096,73704,clean_room ,0.59228927
15356,50096,73704,dressing_room ,0.09711051
15357,50096,73704,bow_window/indoor ,0.043258134
15358,50096,73704,closet ,0.0355412
15359,50096,73704,shower ,0.03367111
15360,50096,73728,clean_room ,0.5806585
15361,50096,73728,dressing_room ,0.19054723
15362,50096,73728,beauty_salon ,0.06674468
15363,50096,73728,bathroom ,0.04764308
15364,50096,73728,shower ,0.030313317
15365,50096,73752,dressing_room ,0.9171512
15366,50096,73752,bathroom ,0.027628666
15367,50096,73752,shower ,0.014827605
15368,50096,73752,clean_room ,0.010556385
15369,50096,73752,locker_room ,0.008798104
15370,50096,73776,dressing_room ,0.67977566
15371,50096,73776,clean_room ,0.1960005
15372,50096,73776,museum/indoor ,0.054199
15373,50096,73776,art_gallery ,0.012845075
15374,50096,73776,elevator_lobby ,0.0065072947
15375,50096,73800,dressing_room ,0.939442
15376,50096,73800,clean_room ,0.025866937
15377,50096,73800,museum/indoor ,0.0115665905
15378,50096,73800,archive ,0.0047229864
15379,50096,73800,beauty_salon ,0.0031010513
15380,50096,73824,dressing_room ,0.47218695
15381,50096,73824,clean_room ,0.45541877
15382,50096,73824,museum/indoor ,0.030195147
15383,50096,73824,archive ,0.008164138
15384,50096,73824,art_gallery ,0.004141576
15385,50096,73848,dressing_room ,0.7937318
15386,50096,73848,clean_room ,0.14882633
15387,50096,73848,museum/indoor ,0.013051003
15388,50096,73848,archive ,0.0076944917
15389,50096,73848,office ,0.0051724724
15390,50096,73872,dressing_room ,0.75175226
15391,50096,73872,clean_room ,0.12843046
15392,50096,73872,museum/indoor ,0.032658424
15393,50096,73872,archive ,0.02184031
15394,50096,73872,office ,0.014814269
15395,50096,73896,dressing_room ,0.90013987
15396,50096,73896,clean_room ,0.06623927
15397,50096,73896,museum/indoor ,0.008460379
15398,50096,73896,archive ,0.0041861786
15399,50096,73896,beauty_salon ,0.0029454343
15400,50096,73920,dressing_room ,0.68595755
15401,50096,73920,clean_room ,0.2291287
15402,50096,73920,museum/indoor ,0.0167484
15403,50096,73920,archive ,0.0093757035
15404,50096,73920,hospital_room ,0.007926828
15405,50096,73944,dressing_room ,0.66356266
15406,50096,73944,clean_room ,0.2889983
15407,50096,73944,museum/indoor ,0.016328411
15408,50096,73944,archive ,0.004466192
15409,50096,73944,hospital_room ,0.004195335
15410,50096,73968,dressing_room ,0.7673259
15411,50096,73968,clean_room ,0.1899243
15412,50096,73968,museum/indoor ,0.008563151
15413,50096,73968,archive ,0.007797677
15414,50096,73968,shower ,0.0043651285
15415,50096,73992,dressing_room ,0.91036063
15416,50096,73992,clean_room ,0.0324206
15417,50096,73992,archive ,0.012867842
15418,50096,73992,office ,0.00625505
15419,50096,73992,locker_room ,0.0057904185
15420,50096,74016,dressing_room ,0.9399365
15421,50096,74016,clean_room ,0.03500667
15422,50096,74016,locker_room ,0.00558539
15423,50096,74016,archive ,0.00420792
15424,50096,74016,museum/indoor ,0.0026334622
15425,50096,74040,dressing_room ,0.89178306
15426,50096,74040,clean_room ,0.06568824
15427,50096,74040,museum/indoor ,0.0076916027
15428,50096,74040,locker_room ,0.0073222634
15429,50096,74040,archive ,0.007303322
15430,50096,74064,dressing_room ,0.61894435
15431,50096,74064,clean_room ,0.32545978
15432,50096,74064,museum/indoor ,0.012769064
15433,50096,74064,operating_room ,0.00727796
15434,50096,74064,locker_room ,0.0069397786
15435,50096,74088,dressing_room ,0.9200216
15436,50096,74088,clean_room ,0.049234476
15437,50096,74088,locker_room ,0.009472864
15438,50096,74088,museum/indoor ,0.006344689
15439,50096,74088,archive ,0.0027371885
15440,50096,74112,dressing_room ,0.43919358
15441,50096,74112,clean_room ,0.432042
15442,50096,74112,archive ,0.03001226
15443,50096,74112,museum/indoor ,0.019386964
15444,50096,74112,locker_room ,0.01468659
15445,50096,74136,dressing_room ,0.46676412
15446,50096,74136,clean_room ,0.33184123
15447,50096,74136,archive ,0.053427745
15448,50096,74136,museum/indoor ,0.052599777
15449,50096,74136,locker_room ,0.017208382
15450,50096,74160,dressing_room ,0.6193636
15451,50096,74160,clean_room ,0.17458875
15452,50096,74160,museum/indoor ,0.069732785
15453,50096,74160,archive ,0.06077655
15454,50096,74160,locker_room ,0.015256414
15455,50096,74184,clean_room ,0.3659197
15456,50096,74184,dressing_room ,0.315976
15457,50096,74184,museum/indoor ,0.14762035
15458,50096,74184,archive ,0.070656635
15459,50096,74184,locker_room ,0.016236017
15460,50096,74208,clean_room ,0.7704869
15461,50096,74208,museum/indoor ,0.07959479
15462,50096,74208,dressing_room ,0.064318135
15463,50096,74208,art_gallery ,0.018354492
15464,50096,74208,archive ,0.01692171
15465,50096,74232,clean_room ,0.47672915
15466,50096,74232,dressing_room ,0.439631
15467,50096,74232,museum/indoor ,0.02796487
15468,50096,74232,archive ,0.013086973
15469,50096,74232,art_gallery ,0.0055740597
15470,50096,74256,dressing_room ,0.7508976
15471,50096,74256,clean_room ,0.17734295
15472,50096,74256,archive ,0.01583356
15473,50096,74256,museum/indoor ,0.01517804
15474,50096,74256,office ,0.0071536233
15475,50096,74280,dressing_room ,0.8309179
15476,50096,74280,clean_room ,0.1276862
15477,50096,74280,museum/indoor ,0.006442598
15478,50096,74280,nursing_home ,0.0062227296
15479,50096,74280,archive ,0.005051291
15480,50096,74304,dressing_room ,0.8257434
15481,50096,74304,clean_room ,0.09878995
15482,50096,74304,museum/indoor ,0.022149011
15483,50096,74304,archive ,0.018089792
15484,50096,74304,art_gallery ,0.00680499
15485,50096,74328,dressing_room ,0.7406985
15486,50096,74328,clean_room ,0.1825731
15487,50096,74328,archive ,0.02352418
15488,50096,74328,museum/indoor ,0.016869083
15489,50096,74328,art_gallery ,0.0060218074
15490,50096,74352,dressing_room ,0.9082728
15491,50096,74352,clean_room ,0.07093439
15492,50096,74352,archive ,0.004880838
15493,50096,74352,museum/indoor ,0.004495449
15494,50096,74352,art_gallery ,0.0016376178
15495,50096,74376,clean_room ,0.7234876
15496,50096,74376,archive ,0.08391454
15497,50096,74376,dressing_room ,0.061364856
15498,50096,74376,museum/indoor ,0.028908635
15499,50096,74376,office ,0.014825222
15500,50096,74400,clean_room ,0.8668
15501,50096,74400,dressing_room ,0.073077865
15502,50096,74400,archive ,0.017146053
15503,50096,74400,museum/indoor ,0.009909774
15504,50096,74400,hospital_room ,0.0061219325
15505,50096,74424,clean_room ,0.5482106
15506,50096,74424,dressing_room ,0.32308018
15507,50096,74424,museum/indoor ,0.041975502
15508,50096,74424,archive ,0.021964652
15509,50096,74424,art_gallery ,0.011446969
15510,50096,74448,clean_room ,0.5221614
15511,50096,74448,dressing_room ,0.37149772
15512,50096,74448,archive ,0.029482167
15513,50096,74448,museum/indoor ,0.02581141
15514,50096,74448,art_gallery ,0.007292672
15515,50096,74472,dressing_room ,0.6033641
15516,50096,74472,clean_room ,0.27667102
15517,50096,74472,museum/indoor ,0.04273258
15518,50096,74472,archive ,0.035100114
15519,50096,74472,art_gallery ,0.008790322
15520,50096,74496,dressing_room ,0.45599133
15521,50096,74496,clean_room ,0.4175367
15522,50096,74496,archive ,0.059155736
15523,50096,74496,museum/indoor ,0.02829178
15524,50096,74496,art_gallery ,0.004477123
15525,50096,74520,clean_room ,0.67413455
15526,50096,74520,dressing_room ,0.16025649
15527,50096,74520,museum/indoor ,0.0715463
15528,50096,74520,archive ,0.042922724
15529,50096,74520,art_gallery ,0.008859768
15530,50096,74544,clean_room ,0.8274026
15531,50096,74544,dressing_room ,0.07325939
15532,50096,74544,archive ,0.0294156
15533,50096,74544,museum/indoor ,0.027307319
15534,50096,74544,art_gallery ,0.00647329
15535,50096,74568,clean_room ,0.6811751
15536,50096,74568,dressing_room ,0.23144229
15537,50096,74568,archive ,0.026232215
15538,50096,74568,museum/indoor ,0.020781849
15539,50096,74568,office ,0.0052941204
15540,50096,74592,dressing_room ,0.49994743
15541,50096,74592,clean_room ,0.39741695
15542,50096,74592,archive ,0.03312776
15543,50096,74592,museum/indoor ,0.02324314
15544,50096,74592,office ,0.0050213346
15545,50096,74616,dressing_room ,0.45782366
15546,50096,74616,clean_room ,0.4245887
15547,50096,74616,archive ,0.037996978
15548,50096,74616,museum/indoor ,0.02407508
15549,50096,74616,office ,0.010302929
15550,50096,74640,dressing_room ,0.6421217
15551,50096,74640,clean_room ,0.23009552
15552,50096,74640,archive ,0.048336178
15553,50096,74640,museum/indoor ,0.032383915
15554,50096,74640,office ,0.0070807724
15555,50096,74664,dressing_room ,0.50577575
15556,50096,74664,clean_room ,0.40550402
15557,50096,74664,archive ,0.029596673
15558,50096,74664,museum/indoor ,0.01940675
15559,50096,74664,shower ,0.0052139447
15560,50096,74688,dressing_room ,0.6142222
15561,50096,74688,clean_room ,0.30097336
15562,50096,74688,archive ,0.031094821
15563,50096,74688,museum/indoor ,0.01311936
15564,50096,74688,office ,0.005842121
15565,50096,74712,dressing_room ,0.811524
15566,50096,74712,clean_room ,0.15587918
15567,50096,74712,archive ,0.008136713
15568,50096,74712,shower ,0.0037585425
15569,50096,74712,bathroom ,0.002835966
15570,50096,74736,dressing_room ,0.7620646
15571,50096,74736,clean_room ,0.18415794
15572,50096,74736,archive ,0.015576449
15573,50096,74736,museum/indoor ,0.005121043
15574,50096,74736,office ,0.0045160046
15575,50096,74760,dressing_room ,0.74378985
15576,50096,74760,clean_room ,0.17804846
15577,50096,74760,archive ,0.032058794
15578,50096,74760,museum/indoor ,0.00832192
15579,50096,74760,shower ,0.005124107
15580,50096,74784,clean_room ,0.65693265
15581,50096,74784,dressing_room ,0.2551947
15582,50096,74784,museum/indoor ,0.02472803
15583,50096,74784,archive ,0.016532477
15584,50096,74784,art_gallery ,0.007844986
15585,50096,74808,clean_room ,0.49398953
15586,50096,74808,dressing_room ,0.27017507
15587,50096,74808,museum/indoor ,0.1437139
15588,50096,74808,art_gallery ,0.034725044
15589,50096,74808,archive ,0.0148444455
15590,50096,74832,clean_room ,0.579941
15591,50096,74832,dressing_room ,0.36454743
15592,50096,74832,museum/indoor ,0.016208328
15593,50096,74832,archive ,0.009686559
15594,50096,74832,art_gallery ,0.004530156
15595,50096,74856,dressing_room ,0.6431154
15596,50096,74856,clean_room ,0.3133678
15597,50096,74856,museum/indoor ,0.022346202
15598,50096,74856,art_gallery ,0.00449175
15599,50096,74856,operating_room ,0.0022456597
15600,50096,74880,dressing_room ,0.81736124
15601,50096,74880,clean_room ,0.16578281
15602,50096,74880,hospital_room ,0.0036699967
15603,50096,74880,operating_room ,0.0028472976
15604,50096,74880,museum/indoor ,0.0027467508
15605,50096,74904,clean_room ,0.787331
15606,50096,74904,dressing_room ,0.101895824
15607,50096,74904,archive ,0.059768394
15608,50096,74904,office ,0.007697198
15609,50096,74904,hospital_room ,0.005897854
15610,50096,74928,dressing_room ,0.91266096
15611,50096,74928,clean_room ,0.040559243
15612,50096,74928,locker_room ,0.030126901
15613,50096,74928,archive ,0.007694102
15614,50096,74928,hospital_room ,0.0022935267
15615,50096,74952,dressing_room ,0.58676463
15616,50096,74952,clean_room ,0.20489737
15617,50096,74952,music_studio ,0.038909566
15618,50096,74952,hospital_room ,0.037446734
15619,50096,74952,operating_room ,0.033804826
15620,50096,74976,dressing_room ,0.8564514
15621,50096,74976,clean_room ,0.07241662
15622,50096,74976,office ,0.013125948
15623,50096,74976,music_studio ,0.012827328
15624,50096,74976,archive ,0.007495971
15625,50096,75000,clean_room ,0.8891217
15626,50096,75000,dressing_room ,0.033694785
15627,50096,75000,hospital_room ,0.024440644
15628,50096,75000,operating_room ,0.020986514
15629,50096,75000,nursing_home ,0.012875103
15630,50096,75024,clean_room ,0.2889501
15631,50096,75024,chemistry_lab ,0.20587897
15632,50096,75024,pharmacy ,0.099723145
15633,50096,75024,dressing_room ,0.060124435
15634,50096,75024,biology_laboratory ,0.051685385
15635,50096,75048,clean_room ,0.30689147
15636,50096,75048,dressing_room ,0.111935675
15637,50096,75048,clothing_store ,0.09689637
15638,50096,75048,chemistry_lab ,0.07164115
15639,50096,75048,pharmacy ,0.06681665
15640,50096,75072,dressing_room ,0.32337308
15641,50096,75072,museum/indoor ,0.11067714
15642,50096,75072,jewelry_shop ,0.07696549
15643,50096,75072,chemistry_lab ,0.07093511
15644,50096,75072,gift_shop ,0.06494595
15645,50096,75096,dressing_room ,0.62128615
15646,50096,75096,wet_bar ,0.17809792
15647,50096,75096,living_room ,0.04152014
15648,50096,75096,museum/indoor ,0.024866167
15649,50096,75096,beauty_salon ,0.021516876
15650,50096,75120,dressing_room ,0.711788
15651,50096,75120,living_room ,0.049365718
15652,50096,75120,bow_window/indoor ,0.045752335
15653,50096,75120,wet_bar ,0.030084968
15654,50096,75120,clean_room ,0.023747545
15655,50096,75144,dressing_room ,0.3726751
15656,50096,75144,wet_bar ,0.15614891
15657,50096,75144,beauty_salon ,0.10876236
15658,50096,75144,living_room ,0.049095463
15659,50096,75144,jewelry_shop ,0.031877335
15660,50096,75168,dressing_room ,0.42491055
15661,50096,75168,wet_bar ,0.11913587
15662,50096,75168,beauty_salon ,0.090235256
15663,50096,75168,clean_room ,0.07397307
15664,50096,75168,museum/indoor ,0.049330056
15665,50096,75192,clean_room ,0.21282682
15666,50096,75192,dressing_room ,0.21180367
15667,50096,75192,museum/indoor ,0.08080792
15668,50096,75192,beauty_salon ,0.07714687
15669,50096,75192,nursing_home ,0.06430531
15670,50096,75216,dressing_room ,0.5588894
15671,50096,75216,clean_room ,0.07436765
15672,50096,75216,living_room ,0.069711
15673,50096,75216,beauty_salon ,0.059798613
15674,50096,75216,museum/indoor ,0.03988913
15675,50096,75240,dressing_room ,0.55741775
15676,50096,75240,living_room ,0.07331224
15677,50096,75240,dining_room ,0.072784126
15678,50096,75240,wet_bar ,0.058919836
15679,50096,75240,bow_window/indoor ,0.045360997
15680,50096,75264,dressing_room ,0.9063771
15681,50096,75264,living_room ,0.027002629
15682,50096,75264,wet_bar ,0.0146888755
15683,50096,75264,bow_window/indoor ,0.010379354
15684,50096,75264,clean_room ,0.006532493
15685,50096,75288,dressing_room ,0.2717894
15686,50096,75288,wet_bar ,0.1737315
15687,50096,75288,archive ,0.116875656
15688,50096,75288,jewelry_shop ,0.04906836
15689,50096,75288,chemistry_lab ,0.046112828
15690,50096,75312,dressing_room ,0.47089022
15691,50096,75312,wet_bar ,0.27109092
15692,50096,75312,museum/indoor ,0.041186754
15693,50096,75312,chemistry_lab ,0.03318713
15694,50096,75312,jewelry_shop ,0.030200945
15695,50096,75336,wet_bar ,0.41817662
15696,50096,75336,dressing_room ,0.22384961
15697,50096,75336,chemistry_lab ,0.061573442
15698,50096,75336,beauty_salon ,0.04112784
15699,50096,75336,museum/indoor ,0.029267095
15700,50096,75360,dressing_room ,0.53380036
15701,50096,75360,wet_bar ,0.13553223
15702,50096,75360,beauty_salon ,0.045283843
15703,50096,75360,jewelry_shop ,0.02887082
15704,50096,75360,chemistry_lab ,0.028420914
15705,50096,75384,dressing_room ,0.5722257
15706,50096,75384,wet_bar ,0.16389944
15707,50096,75384,living_room ,0.059259314
15708,50096,75384,beauty_salon ,0.040098157
15709,50096,75384,bar ,0.015921738
15710,50096,75408,dressing_room ,0.8705129
15711,50096,75408,nursing_home ,0.020298757
15712,50096,75408,beauty_salon ,0.018008947
15713,50096,75408,living_room ,0.013903926
15714,50096,75408,wet_bar ,0.0118672
15715,50096,75432,dressing_room ,0.66607094
15716,50096,75432,beauty_salon ,0.09619576
15717,50096,75432,wet_bar ,0.08942843
15718,50096,75432,living_room ,0.028268287
15719,50096,75432,nursing_home ,0.014529038
15720,50096,75456,dressing_room ,0.7355397
15721,50096,75456,beauty_salon ,0.05109237
15722,50096,75456,wet_bar ,0.05087901
15723,50096,75456,nursing_home ,0.021584949
15724,50096,75456,living_room ,0.02087692
15725,50096,75480,dressing_room ,0.30147943
15726,50096,75480,wet_bar ,0.2352113
15727,50096,75480,beauty_salon ,0.088670135
15728,50096,75480,chemistry_lab ,0.040275265
15729,50096,75480,living_room ,0.036866855
15730,50096,75504,dressing_room ,0.5333283
15731,50096,75504,beauty_salon ,0.10385725
15732,50096,75504,wet_bar ,0.053784218
15733,50096,75504,clean_room ,0.04154347
15734,50096,75504,nursing_home ,0.036782175
15735,50096,75528,dressing_room ,0.853983
15736,50096,75528,wet_bar ,0.036200505
15737,50096,75528,beauty_salon ,0.02436967
15738,50096,75528,living_room ,0.015508483
15739,50096,75528,nursing_home ,0.008802229
15740,50096,75552,dressing_room ,0.8577958
15741,50096,75552,wet_bar ,0.034000263
15742,50096,75552,beauty_salon ,0.023275226
15743,50096,75552,clean_room ,0.012700402
15744,50096,75552,living_room ,0.00756958
15745,50096,75576,dressing_room ,0.8104882
15746,50096,75576,wet_bar ,0.051150225
15747,50096,75576,beauty_salon ,0.0321064
15748,50096,75576,living_room ,0.017932469
15749,50096,75576,nursing_home ,0.010391353
15750,50096,75600,dressing_room ,0.89426196
15751,50096,75600,clean_room ,0.015357321
15752,50096,75600,wet_bar ,0.0098429145
15753,50096,75600,nursing_home ,0.009704297
15754,50096,75600,beauty_salon ,0.009024849
15755,50096,75624,dressing_room ,0.9149812
15756,50096,75624,living_room ,0.023339873
15757,50096,75624,beauty_salon ,0.01929114
15758,50096,75624,nursing_home ,0.007964139
15759,50096,75624,clean_room ,0.0061241398
15760,50096,75648,dressing_room ,0.7476498
15761,50096,75648,beauty_salon ,0.064462095
15762,50096,75648,living_room ,0.036821496
15763,50096,75648,clean_room ,0.022600697
15764,50096,75648,nursing_home ,0.017599292
15765,50096,75672,dressing_room ,0.7087565
15766,50096,75672,beauty_salon ,0.06789526
15767,50096,75672,living_room ,0.03997753
15768,50096,75672,nursing_home ,0.039098624
15769,50096,75672,wet_bar ,0.019844986
15770,50096,75696,dressing_room ,0.5143619
15771,50096,75696,nursing_home ,0.109273404
15772,50096,75696,living_room ,0.07164042
15773,50096,75696,beauty_salon ,0.059075147
15774,50096,75696,wet_bar ,0.028386116
15775,50096,75720,dressing_room ,0.49903587
15776,50096,75720,beauty_salon ,0.1381264
15777,50096,75720,living_room ,0.07347117
15778,50096,75720,nursing_home ,0.06874309
15779,50096,75720,wet_bar ,0.03282542
15780,50096,75744,dressing_room ,0.8240483
15781,50096,75744,wet_bar ,0.05461016
15782,50096,75744,beauty_salon ,0.025835969
15783,50096,75744,jewelry_shop ,0.010025755
15784,50096,75744,bar ,0.0073251976
15785,50096,75768,dressing_room ,0.27555585
15786,50096,75768,wet_bar ,0.15580876
15787,50096,75768,archive ,0.06734772
15788,50096,75768,chemistry_lab ,0.06164005
15789,50096,75768,jewelry_shop ,0.060558435
15790,50096,75792,dressing_room ,0.8849769
15791,50096,75792,beauty_salon ,0.024763284
15792,50096,75792,wet_bar ,0.011399374
15793,50096,75792,archive ,0.010182545
15794,50096,75792,museum/indoor ,0.008214743
15795,50096,75816,dressing_room ,0.99676895
15796,50096,75816,beauty_salon ,0.0018892047
15797,50096,75816,wet_bar ,0.00027078067
15798,50096,75816,clean_room ,0.00023419746
15799,50096,75816,jewelry_shop ,0.00023375565
15800,50096,75840,dressing_room ,0.962155
15801,50096,75840,clean_room ,0.01444852
15802,50096,75840,beauty_salon ,0.003794831
15803,50096,75840,music_studio ,0.0031167415
15804,50096,75840,living_room ,0.0025905755
15805,50096,75864,dressing_room ,0.5427396
15806,50096,75864,clean_room ,0.110601045
15807,50096,75864,museum/indoor ,0.058674663
15808,50096,75864,dining_room ,0.04402751
15809,50096,75864,beauty_salon ,0.040552232
15810,50096,75888,dressing_room ,0.26670876
15811,50096,75888,clean_room ,0.14196576
15812,50096,75888,museum/indoor ,0.12799035
15813,50096,75888,stage/indoor ,0.10697513
15814,50096,75888,ballroom ,0.08135228
15815,50096,75912,clean_room ,0.3636992
15816,50096,75912,dressing_room ,0.1819012
15817,50096,75912,museum/indoor ,0.0730001
15818,50096,75912,chemistry_lab ,0.053653054
15819,50096,75912,archive ,0.039771
15820,50096,75936,dressing_room ,0.2592693
15821,50096,75936,clean_room ,0.2425767
15822,50096,75936,museum/indoor ,0.14771113
15823,50096,75936,archive ,0.050996415
15824,50096,75936,chemistry_lab ,0.028725289
15825,50096,75960,dressing_room ,0.2523977
15826,50096,75960,museum/indoor ,0.20266688
15827,50096,75960,clean_room ,0.15969354
15828,50096,75960,stage/indoor ,0.05205571
15829,50096,75960,archive ,0.044308897
15830,50096,75984,dressing_room ,0.29785153
15831,50096,75984,museum/indoor ,0.17230828
15832,50096,75984,clean_room ,0.16608617
15833,50096,75984,stage/indoor ,0.0626086
15834,50096,75984,locker_room ,0.030335223
15835,50096,76008,clean_room ,0.34014836
15836,50096,76008,dressing_room ,0.20317985
15837,50096,76008,museum/indoor ,0.13999589
15838,50096,76008,archive ,0.043267325
15839,50096,76008,stage/indoor ,0.0299542
15840,50096,76032,dressing_room ,0.26947007
15841,50096,76032,museum/indoor ,0.16637246
15842,50096,76032,clean_room ,0.1386428
15843,50096,76032,stage/indoor ,0.0702006
15844,50096,76032,ballroom ,0.042294107
15845,50096,76056,dressing_room ,0.25731447
15846,50096,76056,museum/indoor ,0.20458259
15847,50096,76056,clean_room ,0.19275676
15848,50096,76056,stage/indoor ,0.039059233
15849,50096,76056,ballroom ,0.029813167
15850,50096,76080,museum/indoor ,0.5253022
15851,50096,76080,dressing_room ,0.11372901
15852,50096,76080,stage/indoor ,0.057968825
15853,50096,76080,clean_room ,0.051215645
15854,50096,76080,ballroom ,0.025198348
15855,50096,76104,clean_room ,0.2900302
15856,50096,76104,dressing_room ,0.20970334
15857,50096,76104,museum/indoor ,0.101630725
15858,50096,76104,archive ,0.05410987
15859,50096,76104,locker_room ,0.04066095
15860,50096,76128,museum/indoor ,0.30804634
15861,50096,76128,archive ,0.24697348
15862,50096,76128,clean_room ,0.13236064
15863,50096,76128,dressing_room ,0.08733157
15864,50096,76128,locker_room ,0.027872255
15865,50096,76152,clean_room ,0.26206368
15866,50096,76152,dressing_room ,0.19548345
15867,50096,76152,museum/indoor ,0.14607352
15868,50096,76152,chemistry_lab ,0.08439491
15869,50096,76152,archive ,0.07177819
15870,50096,76176,dressing_room ,0.21441694
15871,50096,76176,clean_room ,0.12317644
15872,50096,76176,museum/indoor ,0.111981034
15873,50096,76176,chemistry_lab ,0.07011949
15874,50096,76176,archive ,0.050358772
15875,50096,76200,landing_deck ,0.11067374
15876,50096,76200,oilrig ,0.08778486
15877,50096,76200,runway ,0.073666826
15878,50096,76200,lighthouse ,0.045649372
15879,50096,76200,harbor ,0.0362054
15880,50096,76224,industrial_area ,0.20285563
15881,50096,76224,tower ,0.07014512
15882,50096,76224,harbor ,0.0650739
15883,50096,76224,skyscraper ,0.061466977
15884,50096,76224,lighthouse ,0.057897665
15885,50096,76248,clean_room ,0.08002931
15886,50096,76248,ice_shelf ,0.06891687
15887,50096,76248,archive ,0.04659131
15888,50096,76248,runway ,0.04622073
15889,50096,76248,server_room ,0.041562155
15890,50096,76272,shower ,0.33938074
15891,50096,76272,clean_room ,0.19372752
15892,50096,76272,bathroom ,0.15770032
15893,50096,76272,chemistry_lab ,0.035524707
15894,50096,76272,server_room ,0.032413784
15895,50096,76296,archive ,0.1988644
15896,50096,76296,bank_vault ,0.085380726
15897,50096,76296,server_room ,0.080259606
15898,50096,76296,parking_lot ,0.033872053
15899,50096,76296,office ,0.023727307
15900,50096,76320,archive ,0.16093959
15901,50096,76320,bank_vault ,0.08290863
15902,50096,76320,classroom ,0.07580536
15903,50096,76320,locker_room ,0.07127967
15904,50096,76320,clean_room ,0.05526184
15905,50096,76344,airplane_cabin ,0.09306936
15906,50096,76344,locker_room ,0.07167057
15907,50096,76344,bank_vault ,0.06990608
15908,50096,76344,clean_room ,0.06409695
15909,50096,76344,elevator/door ,0.06358766
15910,50096,76368,airplane_cabin ,0.114711404
15911,50096,76368,archive ,0.076509275
15912,50096,76368,bank_vault ,0.06247439
15913,50096,76368,elevator/door ,0.062358618
15914,50096,76368,basement ,0.05239172
15915,50096,76392,airplane_cabin ,0.24883157
15916,50096,76392,elevator/door ,0.08997397
15917,50096,76392,bank_vault ,0.06974848
15918,50096,76392,locker_room ,0.051765535
15919,50096,76392,clean_room ,0.04777154
15920,50096,76416,airplane_cabin ,0.12726551
15921,50096,76416,locker_room ,0.10243958
15922,50096,76416,archive ,0.062018905
15923,50096,76416,basement ,0.054656826
15924,50096,76416,elevator/door ,0.05116753
15925,50096,76440,basement ,0.1038183
15926,50096,76440,attic ,0.061064113
15927,50096,76440,shower ,0.055504017
15928,50096,76440,airplane_cabin ,0.049551282
15929,50096,76440,stable ,0.04882721
15930,50096,76464,museum/indoor ,0.11733611
15931,50096,76464,shower ,0.063893385
15932,50096,76464,art_gallery ,0.04705126
15933,50096,76464,archive ,0.04621263
15934,50096,76464,science_museum ,0.043349884
15935,50096,76488,shower ,0.40371522
15936,50096,76488,aquarium ,0.1403242
15937,50096,76488,clean_room ,0.10463854
15938,50096,76488,natural_history_museum ,0.06859916
15939,50096,76488,museum/indoor ,0.06333413
15940,50096,76512,shower ,0.33321118
15941,50096,76512,clean_room ,0.14933859
15942,50096,76512,aquarium ,0.10381457
15943,50096,76512,museum/indoor ,0.087862365
15944,50096,76512,science_museum ,0.082146406
15945,50096,76536,clean_room ,0.4008362
15946,50096,76536,server_room ,0.23197292
15947,50096,76536,airplane_cabin ,0.0632514
15948,50096,76536,locker_room ,0.033670202
15949,50096,76536,office ,0.0231202
15950,50096,76560,locker_room ,0.26191995
15951,50096,76560,dressing_room ,0.12211801
15952,50096,76560,elevator_lobby ,0.1037118
15953,50096,76560,office ,0.09817999
15954,50096,76560,clean_room ,0.06896087
15955,50096,76584,dressing_room ,0.56189483
15956,50096,76584,clean_room ,0.1868477
15957,50096,76584,locker_room ,0.06752921
15958,50096,76584,clothing_store ,0.034959465
15959,50096,76584,museum/indoor ,0.013662101
15960,50096,76608,clean_room ,0.7660677
15961,50096,76608,dressing_room ,0.083065934
15962,50096,76608,operating_room ,0.04056867
15963,50096,76608,hospital_room ,0.03305323
15964,50096,76608,biology_laboratory ,0.008955614
15965,50096,76632,clean_room ,0.8620629
15966,50096,76632,dressing_room ,0.044524767
15967,50096,76632,operating_room ,0.022331992
15968,50096,76632,hospital_room ,0.009641469
15969,50096,76632,archive ,0.0074192975
15970,50096,76656,clean_room ,0.7400094
15971,50096,76656,dressing_room ,0.12426988
15972,50096,76656,operating_room ,0.025141897
15973,50096,76656,hospital_room ,0.012958532
15974,50096,76656,locker_room ,0.012233286
15975,50096,76680,clean_room ,0.8501771
15976,50096,76680,dressing_room ,0.04320521
15977,50096,76680,operating_room ,0.029522765
15978,50096,76680,hospital_room ,0.014902996
15979,50096,76680,biology_laboratory ,0.007584326
15980,50096,76704,clean_room ,0.77379805
15981,50096,76704,dressing_room ,0.07594855
15982,50096,76704,operating_room ,0.022326417
15983,50096,76704,archive ,0.016210927
15984,50096,76704,museum/indoor ,0.014696042
15985,50096,76728,dressing_room ,0.41095924
15986,50096,76728,clean_room ,0.40606493
15987,50096,76728,museum/indoor ,0.03592535
15988,50096,76728,locker_room ,0.013154276
15989,50096,76728,art_gallery ,0.0114022335
15990,50096,76752,clean_room ,0.6470214
15991,50096,76752,dressing_room ,0.23409729
15992,50096,76752,operating_room ,0.018023683
15993,50096,76752,locker_room ,0.013399468
15994,50096,76752,hospital_room ,0.010322376
15995,50096,76776,clean_room ,0.7595377
15996,50096,76776,dressing_room ,0.099034384
15997,50096,76776,operating_room ,0.021333618
15998,50096,76776,museum/indoor ,0.0120040625
15999,50096,76776,hospital_room ,0.010075644
16000,50096,76800,clean_room ,0.76894224
16001,50096,76800,dressing_room ,0.09288062
16002,50096,76800,operating_room ,0.022249285
16003,50096,76800,locker_room ,0.012781852
16004,50096,76800,museum/indoor ,0.012165464
16005,50096,76824,clean_room ,0.7515946
16006,50096,76824,dressing_room ,0.09556309
16007,50096,76824,operating_room ,0.03230201
16008,50096,76824,hospital_room ,0.014925719
16009,50096,76824,museum/indoor ,0.011436373
16010,50096,76848,clean_room ,0.7745866
16011,50096,76848,dressing_room ,0.10088943
16012,50096,76848,operating_room ,0.023226243
16013,50096,76848,museum/indoor ,0.0123164905
16014,50096,76848,archive ,0.009476943
16015,50096,76872,clean_room ,0.7208631
16016,50096,76872,dressing_room ,0.12900609
16017,50096,76872,operating_room ,0.022971932
16018,50096,76872,locker_room ,0.014234341
16019,50096,76872,museum/indoor ,0.01306672
16020,50096,76896,clean_room ,0.52342623
16021,50096,76896,dressing_room ,0.30316502
16022,50096,76896,operating_room ,0.020044332
16023,50096,76896,hospital_room ,0.01864961
16024,50096,76896,locker_room ,0.014865915
16025,50096,76920,clean_room ,0.7242048
16026,50096,76920,dressing_room ,0.09383393
16027,50096,76920,archive ,0.022056095
16028,50096,76920,operating_room ,0.02000837
16029,50096,76920,museum/indoor ,0.013878757
16030,50096,76944,clean_room ,0.7279121
16031,50096,76944,dressing_room ,0.13808055
16032,50096,76944,museum/indoor ,0.016723275
16033,50096,76944,operating_room ,0.013963509
16034,50096,76944,archive ,0.012397196
16035,50096,76968,clean_room ,0.66092587
16036,50096,76968,dressing_room ,0.1543092
16037,50096,76968,operating_room ,0.020128265
16038,50096,76968,museum/indoor ,0.018726543
16039,50096,76968,clothing_store ,0.016707746
16040,50096,76992,clean_room ,0.6213089
16041,50096,76992,dressing_room ,0.22363988
16042,50096,76992,operating_room ,0.017087543
16043,50096,76992,locker_room ,0.015882807
16044,50096,76992,clothing_store ,0.015173145
16045,50096,77016,clean_room ,0.4483921
16046,50096,77016,dressing_room ,0.35388425
16047,50096,77016,locker_room ,0.028449977
16048,50096,77016,operating_room ,0.024280716
16049,50096,77016,clothing_store ,0.022190975
16050,50096,77040,clean_room ,0.7064845
16051,50096,77040,dressing_room ,0.1368799
16052,50096,77040,locker_room ,0.024997424
16053,50096,77040,operating_room ,0.019492816
16054,50096,77040,clothing_store ,0.014922637
16055,50096,77064,clean_room ,0.6477463
16056,50096,77064,dressing_room ,0.22911955
16057,50096,77064,operating_room ,0.01729791
16058,50096,77064,museum/indoor ,0.016127456
16059,50096,77064,locker_room ,0.014496042
16060,50096,77088,clean_room ,0.74916154
16061,50096,77088,dressing_room ,0.12351366
16062,50096,77088,operating_room ,0.022416161
16063,50096,77088,museum/indoor ,0.015963208
16064,50096,77088,locker_room ,0.0115219215
16065,50096,77112,clean_room ,0.81028956
16066,50096,77112,dressing_room ,0.053751953
16067,50096,77112,operating_room ,0.03786556
16068,50096,77112,museum/indoor ,0.022243673
16069,50096,77112,hospital_room ,0.012647645
16070,50096,77136,clean_room ,0.8242274
16071,50096,77136,dressing_room ,0.05517515
16072,50096,77136,museum/indoor ,0.02414342
16073,50096,77136,operating_room ,0.020091942
16074,50096,77136,art_gallery ,0.013526476
16075,50096,77160,clean_room ,0.7997143
16076,50096,77160,dressing_room ,0.06733072
16077,50096,77160,museum/indoor ,0.02796246
16078,50096,77160,operating_room ,0.023085106
16079,50096,77160,art_gallery ,0.012704536
16080,50096,77184,clean_room ,0.75493693
16081,50096,77184,dressing_room ,0.09843102
16082,50096,77184,museum/indoor ,0.02562983
16083,50096,77184,operating_room ,0.021873904
16084,50096,77184,art_gallery ,0.020203128
16085,50096,77208,clean_room ,0.77086926
16086,50096,77208,dressing_room ,0.102305725
16087,50096,77208,operating_room ,0.024805631
16088,50096,77208,museum/indoor ,0.019811714
16089,50096,77208,hospital_room ,0.01312957
16090,50096,77232,clean_room ,0.655314
16091,50096,77232,museum/indoor ,0.10727744
16092,50096,77232,dressing_room ,0.08114501
16093,50096,77232,art_gallery ,0.032567814
16094,50096,77232,operating_room ,0.021882778
16095,50096,77256,dressing_room ,0.76545674
16096,50096,77256,clean_room ,0.16369915
16097,50096,77256,closet ,0.008474748
16098,50096,77256,hotel_room ,0.0073307874
16099,50096,77256,artists_loft ,0.006181135
16100,50096,77280,dressing_room ,0.6224974
16101,50096,77280,clean_room ,0.30024827
16102,50096,77280,corridor ,0.009909907
16103,50096,77280,clothing_store ,0.008830511
16104,50096,77280,living_room ,0.0061508603
16105,50096,77304,dressing_room ,0.546696
16106,50096,77304,clean_room ,0.19438505
16107,50096,77304,art_gallery ,0.057482474
16108,50096,77304,museum/indoor ,0.0361103
16109,50096,77304,artists_loft ,0.034365136
16110,50096,77328,clean_room ,0.8969428
16111,50096,77328,dressing_room ,0.019536288
16112,50096,77328,locker_room ,0.011545223
16113,50096,77328,museum/indoor ,0.009440089
16114,50096,77328,corridor ,0.008004952
16115,50096,77352,clean_room ,0.7753497
16116,50096,77352,dressing_room ,0.08590096
16117,50096,77352,hospital_room ,0.017985346
16118,50096,77352,museum/indoor ,0.016630497
16119,50096,77352,archive ,0.014129386
16120,50096,77376,clean_room ,0.8228783
16121,50096,77376,dressing_room ,0.082735054
16122,50096,77376,archive ,0.014397216
16123,50096,77376,hospital_room ,0.008104962
16124,50096,77376,clothing_store ,0.007845529
16125,50096,77400,clean_room ,0.626701
16126,50096,77400,dressing_room ,0.24899408
16127,50096,77400,clothing_store ,0.024018109
16128,50096,77400,locker_room ,0.014126016
16129,50096,77400,archive ,0.009745495
16130,50096,77424,dressing_room ,0.4394534
16131,50096,77424,clean_room ,0.42710468
16132,50096,77424,clothing_store ,0.034975402
16133,50096,77424,locker_room ,0.021010682
16134,50096,77424,hospital_room ,0.008760916
16135,50096,77448,clean_room ,0.58636117
16136,50096,77448,dressing_room ,0.34185055
16137,50096,77448,clothing_store ,0.017662285
16138,50096,77448,locker_room ,0.0058390633
16139,50096,77448,archive ,0.005267287
16140,50096,77472,clean_room ,0.6505933
16141,50096,77472,dressing_room ,0.27173215
16142,50096,77472,clothing_store ,0.015242361
16143,50096,77472,hospital_room ,0.00898366
16144,50096,77472,chemistry_lab ,0.0063273613
16145,50096,77496,dressing_room ,0.4798775
16146,50096,77496,clean_room ,0.43940803
16147,50096,77496,clothing_store ,0.026737098
16148,50096,77496,locker_room ,0.009589749
16149,50096,77496,chemistry_lab ,0.0052204686
16150,50096,77520,clean_room ,0.48168716
16151,50096,77520,dressing_room ,0.37818012
16152,50096,77520,art_gallery ,0.051292714
16153,50096,77520,museum/indoor ,0.042834315
16154,50096,77520,artists_loft ,0.008658255
16155,50096,77544,dressing_room ,0.5792406
16156,50096,77544,clean_room ,0.25876826
16157,50096,77544,museum/indoor ,0.026580349
16158,50096,77544,art_gallery ,0.025340807
16159,50096,77544,clothing_store ,0.01283246
16160,50096,77568,clean_room ,0.8568652
16161,50096,77568,dressing_room ,0.056431238
16162,50096,77568,locker_room ,0.0180832
16163,50096,77568,hospital_room ,0.009804502
16164,50096,77568,operating_room ,0.008201677
16165,50096,77592,clean_room ,0.8360939
16166,50096,77592,dressing_room ,0.10444732
16167,50096,77592,locker_room ,0.007854233
16168,50096,77592,hospital_room ,0.006899508
16169,50096,77592,operating_room ,0.005435567
16170,50096,77616,clean_room ,0.7319563
16171,50096,77616,dressing_room ,0.17191462
16172,50096,77616,biology_laboratory ,0.01882687
16173,50096,77616,chemistry_lab ,0.016934175
16174,50096,77616,hospital_room ,0.012141512
16175,50096,77640,clean_room ,0.5776524
16176,50096,77640,dressing_room ,0.3582968
16177,50096,77640,archive ,0.011107093
16178,50096,77640,biology_laboratory ,0.008051751
16179,50096,77640,locker_room ,0.0057694325
16180,50096,77664,clean_room ,0.6905364
16181,50096,77664,dressing_room ,0.23749076
16182,50096,77664,biology_laboratory ,0.010160813
16183,50096,77664,chemistry_lab ,0.009666644
16184,50096,77664,beauty_salon ,0.008400786
16185,50096,77688,clean_room ,0.67670083
16186,50096,77688,dressing_room ,0.15380077
16187,50096,77688,chemistry_lab ,0.024700288
16188,50096,77688,biology_laboratory ,0.023325335
16189,50096,77688,beauty_salon ,0.018561019
16190,50096,77712,clean_room ,0.6365556
16191,50096,77712,dressing_room ,0.27475765
16192,50096,77712,locker_room ,0.010444384
16193,50096,77712,archive ,0.00967431
16194,50096,77712,hospital_room ,0.009048029
16195,50096,77736,clean_room ,0.5798598
16196,50096,77736,dressing_room ,0.30239955
16197,50096,77736,locker_room ,0.014558334
16198,50096,77736,archive ,0.013572473
16199,50096,77736,hospital_room ,0.013078213
16200,50096,77760,clean_room ,0.6167194
16201,50096,77760,dressing_room ,0.25327885
16202,50096,77760,locker_room ,0.036457114
16203,50096,77760,chemistry_lab ,0.015471842
16204,50096,77760,archive ,0.013462734
16205,50096,77784,clean_room ,0.78135395
16206,50096,77784,dressing_room ,0.07494923
16207,50096,77784,locker_room ,0.033631757
16208,50096,77784,archive ,0.022593684
16209,50096,77784,biology_laboratory ,0.01213734
16210,50096,77808,clean_room ,0.79349667
16211,50096,77808,dressing_room ,0.07113411
16212,50096,77808,archive ,0.022531416
16213,50096,77808,locker_room ,0.016136898
16214,50096,77808,biology_laboratory ,0.013343797
16215,50096,77832,alley ,0.07125609
16216,50096,77832,residential_neighborhood ,0.06696332
16217,50096,77832,campus ,0.0599299
16218,50096,77832,driveway ,0.05092069
16219,50096,77832,patio ,0.045147106
16220,50096,77856,patio ,0.06429788
16221,50096,77856,courtyard ,0.04859065
16222,50096,77856,campus ,0.04682615
16223,50096,77856,alley ,0.03548745
16224,50096,77856,bathroom ,0.03522131
16225,50096,77880,staircase ,0.09816281
16226,50096,77880,campus ,0.04026527
16227,50096,77880,courtyard ,0.037568923
16228,50096,77880,driveway ,0.037172686
16229,50096,77880,yard ,0.03229402
16230,50096,77904,classroom ,0.18452597
16231,50096,77904,computer_room ,0.10410601
16232,50096,77904,archive ,0.06899902
16233,50096,77904,server_room ,0.050792575
16234,50096,77904,office ,0.04061116
16235,50096,77928,hospital ,0.10607674
16236,50096,77928,hospital_room ,0.09911924
16237,50096,77928,archive ,0.05443459
16238,50096,77928,industrial_area ,0.050376166
16239,50096,77928,construction_site ,0.043173566
16240,50096,77952,runway ,0.119349696
16241,50096,77952,hospital ,0.08830698
16242,50096,77952,highway ,0.07252735
16243,50096,77952,motel ,0.07171636
16244,50096,77952,parking_lot ,0.070453264
16245,50096,77976,shower ,0.24847402
16246,50096,77976,bathroom ,0.06629968
16247,50096,77976,server_room ,0.06286116
16248,50096,77976,locker_room ,0.049512345
16249,50096,77976,clean_room ,0.04875916
16250,50096,78000,hospital ,0.0785066
16251,50096,78000,motel ,0.0705941
16252,50096,78000,hospital_room ,0.048043076
16253,50096,78000,clean_room ,0.041837014
16254,50096,78000,museum/indoor ,0.0390907
16255,50096,78024,hospital ,0.10758088
16256,50096,78024,hospital_room ,0.0553559
16257,50096,78024,motel ,0.050250575
16258,50096,78024,campus ,0.038762573
16259,50096,78024,office_building ,0.024711348
16260,50096,78048,hospital ,0.07386097
16261,50096,78048,hospital_room ,0.0637294
16262,50096,78048,motel ,0.04370014
16263,50096,78048,art_gallery ,0.038490158
16264,50096,78048,campus ,0.035222985
16265,50096,78072,museum/indoor ,0.12541965
16266,50096,78072,art_gallery ,0.058773696
16267,50096,78072,shower ,0.040168937
16268,50096,78072,staircase ,0.038660053
16269,50096,78072,reception ,0.034368373
16270,50096,78096,museum/indoor ,0.13580473
16271,50096,78096,art_gallery ,0.062475026
16272,50096,78096,clean_room ,0.047489934
16273,50096,78096,science_museum ,0.034891292
16274,50096,78096,hospital_room ,0.03206924
16275,50096,78120,clean_room ,0.10338483
16276,50096,78120,museum/indoor ,0.102924235
16277,50096,78120,art_gallery ,0.059587464
16278,50096,78120,hospital_room ,0.04350568
16279,50096,78120,science_museum ,0.030949041
16280,50096,78144,clean_room ,0.13678996
16281,50096,78144,hospital_room ,0.078462504
16282,50096,78144,museum/indoor ,0.068529576
16283,50096,78144,art_gallery ,0.053763807
16284,50096,78144,hospital ,0.03275636
16285,50096,78168,museum/indoor ,0.15900406
16286,50096,78168,archive ,0.15607542
16287,50096,78168,science_museum ,0.0970061
16288,50096,78168,art_gallery ,0.057597205
16289,50096,78168,clean_room ,0.05148252
16290,50096,78192,archive ,0.16203462
16291,50096,78192,museum/indoor ,0.15327638
16292,50096,78192,clean_room ,0.117514014
16293,50096,78192,science_museum ,0.11366844
16294,50096,78192,martial_arts_gym ,0.060395032
16295,50096,78216,science_museum ,0.1781082
16296,50096,78216,museum/indoor ,0.1642625
16297,50096,78216,clean_room ,0.13090742
16298,50096,78216,archive ,0.10377998
16299,50096,78216,martial_arts_gym ,0.039693628
16300,50096,78240,museum/indoor ,0.3227865
16301,50096,78240,archive ,0.17939015
16302,50096,78240,science_museum ,0.13223527
16303,50096,78240,clean_room ,0.058277376
16304,50096,78240,clothing_store ,0.046845607
16305,50096,78264,clean_room ,0.4948477
16306,50096,78264,museum/indoor ,0.19257036
16307,50096,78264,archive ,0.09955598
16308,50096,78264,art_gallery ,0.036659755
16309,50096,78264,science_museum ,0.03171896
16310,50096,78288,archive ,0.24627917
16311,50096,78288,clean_room ,0.24530987
16312,50096,78288,museum/indoor ,0.1633348
16313,50096,78288,science_museum ,0.07177704
16314,50096,78288,clothing_store ,0.02766503
16315,50096,78312,archive ,0.15016621
16316,50096,78312,science_museum ,0.13232686
16317,50096,78312,art_gallery ,0.12405626
16318,50096,78312,clean_room ,0.1192422
16319,50096,78312,art_studio ,0.099960454
16320,50096,78336,clean_room ,0.4351306
16321,50096,78336,museum/indoor ,0.09940145
16322,50096,78336,martial_arts_gym ,0.056862712
16323,50096,78336,art_gallery ,0.045003686
16324,50096,78336,office ,0.03935438
16325,50096,78360,museum/indoor ,0.7263212
16326,50096,78360,art_gallery ,0.09673216
16327,50096,78360,clean_room ,0.062069315
16328,50096,78360,archive ,0.02946121
16329,50096,78360,dressing_room ,0.013798857
16330,50096,78384,museum/indoor ,0.73341393
16331,50096,78384,art_gallery ,0.07342337
16332,50096,78384,archive ,0.03652057
16333,50096,78384,science_museum ,0.016356524
16334,50096,78384,music_studio ,0.013724095
16335,50096,78408,museum/indoor ,0.48894948
16336,50096,78408,dressing_room ,0.45362237
16337,50096,78408,art_gallery ,0.036683418
16338,50096,78408,martial_arts_gym ,0.0027314606
16339,50096,78408,stage/indoor ,0.002270643
16340,50096,78432,museum/indoor ,0.4788648
16341,50096,78432,dressing_room ,0.3591611
16342,50096,78432,art_gallery ,0.10516876
16343,50096,78432,clean_room ,0.028707648
16344,50096,78432,science_museum ,0.004384782
16345,50096,78456,dressing_room ,0.5815814
16346,50096,78456,museum/indoor ,0.33762228
16347,50096,78456,art_gallery ,0.038860217
16348,50096,78456,clean_room ,0.020047162
16349,50096,78456,martial_arts_gym ,0.0028998386
16350,50096,78480,dressing_room ,0.52178717
16351,50096,78480,museum/indoor ,0.37817153
16352,50096,78480,art_gallery ,0.04815088
16353,50096,78480,clean_room ,0.028335668
16354,50096,78480,martial_arts_gym ,0.0039967485
16355,50096,78504,museum/indoor ,0.51148474
16356,50096,78504,dressing_room ,0.39816773
16357,50096,78504,art_gallery ,0.05410608
16358,50096,78504,clean_room ,0.02287005
16359,50096,78504,martial_arts_gym ,0.0026274347
16360,50096,78528,dressing_room ,0.7047025
16361,50096,78528,museum/indoor ,0.22947063
16362,50096,78528,art_gallery ,0.037801262
16363,50096,78528,clean_room ,0.010851831
16364,50096,78528,martial_arts_gym ,0.0031613717
16365,50096,78552,dressing_room ,0.65460753
16366,50096,78552,museum/indoor ,0.27663586
16367,50096,78552,art_gallery ,0.037183184
16368,50096,78552,clean_room ,0.017535321
16369,50096,78552,science_museum ,0.0018392385
16370,50096,78576,museum/indoor ,0.64706033
16371,50096,78576,dressing_room ,0.23424292
16372,50096,78576,art_gallery ,0.06878629
16373,50096,78576,clean_room ,0.03243807
16374,50096,78576,science_museum ,0.0040839715
16375,50096,78600,museum/indoor ,0.68669116
16376,50096,78600,dressing_room ,0.18114302
16377,50096,78600,art_gallery ,0.090285495
16378,50096,78600,clean_room ,0.02493798
16379,50096,78600,natural_history_museum ,0.003778262
16380,50096,78624,museum/indoor ,0.6584837
16381,50096,78624,dressing_room ,0.2168723
16382,50096,78624,art_gallery ,0.08299563
16383,50096,78624,clean_room ,0.029216677
16384,50096,78624,science_museum ,0.00239543
16385,50096,78648,museum/indoor ,0.7306503
16386,50096,78648,dressing_room ,0.17630097
16387,50096,78648,art_gallery ,0.06577032
16388,50096,78648,clean_room ,0.012478328
16389,50096,78648,natural_history_museum ,0.0040262467
16390,50096,78672,museum/indoor ,0.7432005
16391,50096,78672,dressing_room ,0.12134832
16392,50096,78672,art_gallery ,0.099055216
16393,50096,78672,clean_room ,0.018667813
16394,50096,78672,natural_history_museum ,0.0045388406
16395,50096,78696,museum/indoor ,0.673279
16396,50096,78696,dressing_room ,0.22335605
16397,50096,78696,art_gallery ,0.06150129
16398,50096,78696,clean_room ,0.023692641
16399,50096,78696,science_museum ,0.0036479526
16400,50096,78720,museum/indoor ,0.7968296
16401,50096,78720,dressing_room ,0.09176373
16402,50096,78720,art_gallery ,0.07864193
16403,50096,78720,clean_room ,0.01928332
16404,50096,78720,science_museum ,0.0032940453
16405,50096,78744,museum/indoor ,0.5347811
16406,50096,78744,dressing_room ,0.33321127
16407,50096,78744,art_gallery ,0.10488158
16408,50096,78744,clean_room ,0.014881418
16409,50096,78744,science_museum ,0.0022477051
16410,50096,78768,dressing_room ,0.6144905
16411,50096,78768,museum/indoor ,0.3172588
16412,50096,78768,art_gallery ,0.050962076
16413,50096,78768,clean_room ,0.009269844
16414,50096,78768,art_studio ,0.0011869768
16415,50096,78792,dressing_room ,0.47454157
16416,50096,78792,museum/indoor ,0.42156923
16417,50096,78792,art_gallery ,0.072497055
16418,50096,78792,clean_room ,0.02195183
16419,50096,78792,art_studio ,0.0016866699
16420,50096,78816,museum/indoor ,0.54682356
16421,50096,78816,dressing_room ,0.3768704
16422,50096,78816,art_gallery ,0.05428437
16423,50096,78816,clean_room ,0.014282541
16424,50096,78816,natural_history_museum ,0.0018303301
16425,50096,78840,museum/indoor ,0.6851578
16426,50096,78840,dressing_room ,0.16078421
16427,50096,78840,art_gallery ,0.085477404
16428,50096,78840,clean_room ,0.048360687
16429,50096,78840,natural_history_museum ,0.0054169744
16430,50096,78864,museum/indoor ,0.62251085
16431,50096,78864,dressing_room ,0.20956941
16432,50096,78864,art_gallery ,0.08585264
16433,50096,78864,clean_room ,0.06349252
16434,50096,78864,science_museum ,0.0034803096
16435,50096,78888,dressing_room ,0.43968013
16436,50096,78888,museum/indoor ,0.4225198
16437,50096,78888,art_gallery ,0.07367453
16438,50096,78888,clean_room ,0.048826747
16439,50096,78888,science_museum ,0.0032844392
16440,50096,78912,dressing_room ,0.5473728
16441,50096,78912,museum/indoor ,0.34813777
16442,50096,78912,clean_room ,0.049340338
16443,50096,78912,art_gallery ,0.04011612
16444,50096,78912,science_museum ,0.0024116936
16445,50096,78936,dressing_room ,0.74409384
16446,50096,78936,museum/indoor ,0.20211922
16447,50096,78936,art_gallery ,0.029776243
16448,50096,78936,clean_room ,0.0029601476
16449,50096,78936,martial_arts_gym ,0.0024127003
16450,50096,78960,boxing_ring ,0.2980049
16451,50096,78960,museum/indoor ,0.245418
16452,50096,78960,shower ,0.13966264
16453,50096,78960,art_gallery ,0.11101921
16454,50096,78960,stage/indoor ,0.041834746
16455,50096,78984,museum/indoor ,0.51586914
16456,50096,78984,dressing_room ,0.10567971
16457,50096,78984,art_gallery ,0.09208731
16458,50096,78984,television_studio ,0.049063884
16459,50096,78984,science_museum ,0.02901191
16460,50096,79008,dressing_room ,0.23557477
16461,50096,79008,stage/indoor ,0.16390403
16462,50096,79008,television_studio ,0.14033835
16463,50096,79008,music_studio ,0.1399298
16464,50096,79008,museum/indoor ,0.107490584
16465,50096,79032,archive ,0.12271897
16466,50096,79032,art_gallery ,0.108116135
16467,50096,79032,museum/indoor ,0.061808337
16468,50096,79032,art_studio ,0.061417297
16469,50096,79032,dressing_room ,0.045394655
16470,50096,79056,museum/indoor ,0.6873581
16471,50096,79056,clean_room ,0.08939777
16472,50096,79056,archive ,0.05252633
16473,50096,79056,music_studio ,0.030973721
16474,50096,79056,television_studio ,0.026055092
16475,50096,79080,museum/indoor ,0.29782677
16476,50096,79080,music_studio ,0.19656464
16477,50096,79080,archive ,0.095083095
16478,50096,79080,stage/indoor ,0.050335858
16479,50096,79080,television_studio ,0.04095062
16480,50096,79104,museum/indoor ,0.58291316
16481,50096,79104,art_gallery ,0.09980232
16482,50096,79104,archive ,0.06264654
16483,50096,79104,clean_room ,0.04171727
16484,50096,79104,shower ,0.038608354
16485,50096,79128,museum/indoor ,0.5583106
16486,50096,79128,archive ,0.07817487
16487,50096,79128,shower ,0.06988596
16488,50096,79128,art_gallery ,0.065455735
16489,50096,79128,music_studio ,0.038200185
16490,50096,79152,museum/indoor ,0.7284233
16491,50096,79152,shower ,0.073714286
16492,50096,79152,art_gallery ,0.057033084
16493,50096,79152,clean_room ,0.022861248
16494,50096,79152,dressing_room ,0.01999632
16495,50096,79176,museum/indoor ,0.8505386
16496,50096,79176,archive ,0.054162476
16497,50096,79176,clean_room ,0.014025577
16498,50096,79176,music_studio ,0.01353099
16499,50096,79176,science_museum ,0.012317322
16500,50096,79200,museum/indoor ,0.70568967
16501,50096,79200,clean_room ,0.03371221
16502,50096,79200,art_gallery ,0.03354958
16503,50096,79200,science_museum ,0.018407917
16504,50096,79200,dressing_room ,0.018253138
16505,50096,79224,dressing_room ,0.31535518
16506,50096,79224,museum/indoor ,0.21367036
16507,50096,79224,clean_room ,0.09619184
16508,50096,79224,shower ,0.09580275
16509,50096,79224,art_gallery ,0.039033934
16510,50096,79248,museum/indoor ,0.7131502
16511,50096,79248,art_gallery ,0.07773957
16512,50096,79248,dressing_room ,0.038441017
16513,50096,79248,clean_room ,0.029746812
16514,50096,79248,art_studio ,0.012581972
16515,50096,79272,museum/indoor ,0.6788966
16516,50096,79272,art_gallery ,0.058402274
16517,50096,79272,dressing_room ,0.051495165
16518,50096,79272,clean_room ,0.04068606
16519,50096,79272,archive ,0.019127812
16520,50096,79296,museum/indoor ,0.6783578
16521,50096,79296,art_gallery ,0.054393724
16522,50096,79296,dressing_room ,0.046385482
16523,50096,79296,clean_room ,0.031928748
16524,50096,79296,science_museum ,0.019345948
16525,50096,79320,museum/indoor ,0.5991497
16526,50096,79320,dressing_room ,0.07741536
16527,50096,79320,clean_room ,0.047721002
16528,50096,79320,art_gallery ,0.04022604
16529,50096,79320,archive ,0.02657789
16530,50096,79344,museum/indoor ,0.3449226
16531,50096,79344,clean_room ,0.1724308
16532,50096,79344,dressing_room ,0.14561953
16533,50096,79344,art_gallery ,0.06748917
16534,50096,79344,archive ,0.035752673
16535,50096,79368,museum/indoor ,0.42360196
16536,50096,79368,clean_room ,0.17045544
16537,50096,79368,dressing_room ,0.09491419
16538,50096,79368,art_gallery ,0.077223435
16539,50096,79368,archive ,0.027726673
16540,50096,79392,museum/indoor ,0.76071733
16541,50096,79392,art_gallery ,0.037396923
16542,50096,79392,dressing_room ,0.02478129
16543,50096,79392,shower ,0.021824451
16544,50096,79392,archive ,0.020632384
16545,50096,79416,clean_room ,0.8812
16546,50096,79416,archive ,0.023073317
16547,50096,79416,dressing_room ,0.015503138
16548,50096,79416,chemistry_lab ,0.01469456
16549,50096,79416,office_cubicles ,0.013095076
16550,50096,79440,clean_room ,0.77596605
16551,50096,79440,archive ,0.04834655
16552,50096,79440,locker_room ,0.04202673
16553,50096,79440,dressing_room ,0.03185474
16554,50096,79440,operating_room ,0.014503127
16555,50096,79464,clean_room ,0.764391
16556,50096,79464,dressing_room ,0.063627146
16557,50096,79464,archive ,0.0358042
16558,50096,79464,office ,0.019827701
16559,50096,79464,operating_room ,0.017023912
16560,50096,79488,clean_room ,0.6478438
16561,50096,79488,archive ,0.13513939
16562,50096,79488,office ,0.03932766
16563,50096,79488,dressing_room ,0.038867865
16564,50096,79488,museum/indoor ,0.0156241525
16565,50096,79512,museum/indoor ,0.2697645
16566,50096,79512,art_gallery ,0.21901038
16567,50096,79512,archive ,0.09089834
16568,50096,79512,clean_room ,0.09087494
16569,50096,79512,dressing_room ,0.039218843
16570,50096,79536,museum/indoor ,0.36151165
16571,50096,79536,art_gallery ,0.18724237
16572,50096,79536,archive ,0.123378076
16573,50096,79536,clean_room ,0.08653579
16574,50096,79536,office ,0.023972647
16575,50096,79560,museum/indoor ,0.29288784
16576,50096,79560,art_gallery ,0.14616325
16577,50096,79560,clean_room ,0.1396856
16578,50096,79560,archive ,0.13835305
16579,50096,79560,dressing_room ,0.044948734
16580,50096,79584,museum/indoor ,0.30935976
16581,50096,79584,archive ,0.20964073
16582,50096,79584,art_gallery ,0.11878106
16583,50096,79584,office ,0.07156521
16584,50096,79584,clean_room ,0.043202046
16585,50096,79608,museum/indoor ,0.44871715
16586,50096,79608,art_gallery ,0.15985852
16587,50096,79608,archive ,0.13639873
16588,50096,79608,office ,0.0360701
16589,50096,79608,clean_room ,0.030905062
16590,50096,79632,museum/indoor ,0.28634775
16591,50096,79632,archive ,0.18477672
16592,50096,79632,art_gallery ,0.14941116
16593,50096,79632,office ,0.053577293
16594,50096,79632,music_studio ,0.05096021
16595,50096,79656,museum/indoor ,0.39700177
16596,50096,79656,archive ,0.15145999
16597,50096,79656,art_gallery ,0.14841565
16598,50096,79656,clean_room ,0.05922661
16599,50096,79656,music_studio ,0.03437121
16600,50096,79680,museum/indoor ,0.4569539
16601,50096,79680,art_gallery ,0.16844591
16602,50096,79680,archive ,0.13025545
16603,50096,79680,clean_room ,0.03977459
16604,50096,79680,office ,0.029748624
16605,50096,79704,museum/indoor ,0.4265202
16606,50096,79704,art_gallery ,0.171773
16607,50096,79704,archive ,0.08836005
16608,50096,79704,clean_room ,0.05222693
16609,50096,79704,dressing_room ,0.031009765
16610,50096,79728,archive ,0.37972492
16611,50096,79728,office ,0.1796083
16612,50096,79728,clean_room ,0.045399733
16613,50096,79728,locker_room ,0.04002762
16614,50096,79728,physics_laboratory ,0.03263488
16615,50096,79752,archive ,0.19966464
16616,50096,79752,museum/indoor ,0.17004243
16617,50096,79752,art_gallery ,0.13273048
16618,50096,79752,office ,0.09348941
16619,50096,79752,clean_room ,0.0647977
16620,50096,79776,museum/indoor ,0.22411035
16621,50096,79776,archive ,0.1963954
16622,50096,79776,clean_room ,0.14147517
16623,50096,79776,art_gallery ,0.08532422
16624,50096,79776,locker_room ,0.0755597
16625,50096,79800,museum/indoor ,0.4097194
16626,50096,79800,art_gallery ,0.18047719
16627,50096,79800,archive ,0.113106385
16628,50096,79800,clean_room ,0.076979294
16629,50096,79800,office ,0.032849163
16630,50096,79824,museum/indoor ,0.3331967
16631,50096,79824,art_gallery ,0.17775457
16632,50096,79824,clean_room ,0.10089971
16633,50096,79824,archive ,0.09974246
16634,50096,79824,dressing_room ,0.051581662
16635,50096,79848,museum/indoor ,0.40994713
16636,50096,79848,art_gallery ,0.17403622
16637,50096,79848,clean_room ,0.07167324
16638,50096,79848,archive ,0.070083335
16639,50096,79848,dressing_room ,0.035644818
16640,50096,79872,museum/indoor ,0.31556383
16641,50096,79872,art_gallery ,0.19893347
16642,50096,79872,archive ,0.07332815
16643,50096,79872,clean_room ,0.06226948
16644,50096,79872,dressing_room ,0.058899473
16645,50096,79896,museum/indoor ,0.39423174
16646,50096,79896,art_gallery ,0.24493185
16647,50096,79896,clean_room ,0.085319184
16648,50096,79896,archive ,0.052388567
16649,50096,79896,dressing_room ,0.033355456
16650,50096,79920,museum/indoor ,0.35006976
16651,50096,79920,art_gallery ,0.1938621
16652,50096,79920,archive ,0.107232496
16653,50096,79920,music_studio ,0.05727635
16654,50096,79920,clean_room ,0.042757012
16655,50096,79944,museum/indoor ,0.32976767
16656,50096,79944,art_gallery ,0.17499238
16657,50096,79944,archive ,0.087778635
16658,50096,79944,clean_room ,0.06676121
16659,50096,79944,music_studio ,0.04851512
16660,50096,79968,museum/indoor ,0.36599746
16661,50096,79968,art_gallery ,0.18987608
16662,50096,79968,archive ,0.13835743
16663,50096,79968,music_studio ,0.04698073
16664,50096,79968,clean_room ,0.044247936
16665,50096,79992,museum/indoor ,0.2196383
16666,50096,79992,art_gallery ,0.121351905
16667,50096,79992,archive ,0.10201639
16668,50096,79992,clean_room ,0.09162551
16669,50096,79992,music_studio ,0.079275236
16670,50096,80016,museum/indoor ,0.24269812
16671,50096,80016,clean_room ,0.15960139
16672,50096,80016,art_gallery ,0.13717832
16673,50096,80016,archive ,0.10590205
16674,50096,80016,dressing_room ,0.053253382
16675,50096,80040,museum/indoor ,0.43251136
16676,50096,80040,art_gallery ,0.2126863
16677,50096,80040,clean_room ,0.08104489
16678,50096,80040,archive ,0.07206694
16679,50096,80040,office ,0.026391264
16680,50096,80064,museum/indoor ,0.31911385
16681,50096,80064,art_gallery ,0.15669069
16682,50096,80064,music_studio ,0.07350797
16683,50096,80064,clean_room ,0.071312316
16684,50096,80064,archive ,0.065892376
16685,50096,80088,museum/indoor ,0.31595767
16686,50096,80088,art_gallery ,0.13580139
16687,50096,80088,archive ,0.10618145
16688,50096,80088,clean_room ,0.083272144
16689,50096,80088,dressing_room ,0.063707314
16690,50096,80112,museum/indoor ,0.33231616
16691,50096,80112,art_gallery ,0.14407699
16692,50096,80112,archive ,0.123795085
16693,50096,80112,music_studio ,0.05788811
16694,50096,80112,clean_room ,0.05157802
16695,50096,80136,museum/indoor ,0.34151337
16696,50096,80136,art_gallery ,0.18486907
16697,50096,80136,archive ,0.10201313
16698,50096,80136,clean_room ,0.0768434
16699,50096,80136,music_studio ,0.04538619
16700,50096,80160,museum/indoor ,0.30504587
16701,50096,80160,art_gallery ,0.2031005
16702,50096,80160,clean_room ,0.10081406
16703,50096,80160,archive ,0.0667932
16704,50096,80160,dressing_room ,0.043407723
16705,50096,80184,archive ,0.65632766
16706,50096,80184,office ,0.081052795
16707,50096,80184,locker_room ,0.029918237
16708,50096,80184,music_studio ,0.02225334
16709,50096,80184,museum/indoor ,0.016064111
16710,50096,80208,archive ,0.58976704
16711,50096,80208,office ,0.109271795
16712,50096,80208,locker_room ,0.027804526
16713,50096,80208,music_studio ,0.026622536
16714,50096,80208,physics_laboratory ,0.022389749
16715,50096,80232,museum/indoor ,0.31403667
16716,50096,80232,art_gallery ,0.18003847
16717,50096,80232,archive ,0.070727795
16718,50096,80232,television_studio ,0.067604885
16719,50096,80232,music_studio ,0.063824944
16720,50096,80256,museum/indoor ,0.38062713
16721,50096,80256,art_gallery ,0.16617493
16722,50096,80256,archive ,0.116331965
16723,50096,80256,clean_room ,0.054351956
16724,50096,80256,music_studio ,0.038264617
16725,50096,80280,music_studio ,0.31225303
16726,50096,80280,television_studio ,0.18664445
16727,50096,80280,office ,0.10692474
16728,50096,80280,archive ,0.06489972
16729,50096,80280,dressing_room ,0.046538677
16730,50096,80304,dressing_room ,0.2588815
16731,50096,80304,discotheque ,0.25744808
16732,50096,80304,music_studio ,0.1863315
16733,50096,80304,stage/indoor ,0.046532433
16734,50096,80304,bar ,0.045961898
16735,50096,80328,museum/indoor ,0.36748913
16736,50096,80328,art_gallery ,0.15324923
16737,50096,80328,archive ,0.10760232
16738,50096,80328,music_studio ,0.051641654
16739,50096,80328,office ,0.031618915
16740,50096,80352,museum/indoor ,0.4437043
16741,50096,80352,art_gallery ,0.16541451
16742,50096,80352,archive ,0.086361386
16743,50096,80352,dressing_room ,0.06206772
16744,50096,80352,locker_room ,0.026854519
16745,50096,80376,museum/indoor ,0.3511281
16746,50096,80376,art_gallery ,0.16302927
16747,50096,80376,dressing_room ,0.09090674
16748,50096,80376,archive ,0.067639835
16749,50096,80376,locker_room ,0.039024036
16750,50096,80400,dressing_room ,0.2462686
16751,50096,80400,museum/indoor ,0.124221966
16752,50096,80400,clean_room ,0.12033014
16753,50096,80400,elevator_lobby ,0.0920113
16754,50096,80400,locker_room ,0.069036126
16755,50096,80424,discotheque ,0.21871686
16756,50096,80424,chemistry_lab ,0.05535711
16757,50096,80424,museum/indoor ,0.053833265
16758,50096,80424,oilrig ,0.05223372
16759,50096,80424,stage/indoor ,0.038811937
16760,50096,80448,lighthouse ,0.70512366
16761,50096,80448,oilrig ,0.16347848
16762,50096,80448,tower ,0.0442627
16763,50096,80448,coast ,0.010046976
16764,50096,80448,ocean ,0.0094812745
16765,50096,80472,lighthouse ,0.5517979
16766,50096,80472,oilrig ,0.1922413
16767,50096,80472,tower ,0.04429425
16768,50096,80472,coast ,0.024242574
16769,50096,80472,ocean ,0.022713697
16770,50096,80496,lighthouse ,0.81868994
16771,50096,80496,oilrig ,0.043970693
16772,50096,80496,tower ,0.02897966
16773,50096,80496,coast ,0.014453526
16774,50096,80496,ocean ,0.010701349
16775,50096,80520,lighthouse ,0.4062204
16776,50096,80520,oilrig ,0.16176146
16777,50096,80520,tower ,0.055164047
16778,50096,80520,coast ,0.037552856
16779,50096,80520,ocean ,0.036412787
16780,50096,80544,lighthouse ,0.33368132
16781,50096,80544,oilrig ,0.3222205
16782,50096,80544,tower ,0.059922833
16783,50096,80544,coast ,0.025868326
16784,50096,80544,ocean ,0.02496024
16785,50096,80568,lighthouse ,0.33293462
16786,50096,80568,oilrig ,0.18761243
16787,50096,80568,tower ,0.075668834
16788,50096,80568,coast ,0.03793918
16789,50096,80568,ocean ,0.033842146
16790,50096,80592,oilrig ,0.18615569
16791,50096,80592,lighthouse ,0.09027373
16792,50096,80592,ice_shelf ,0.0695338
16793,50096,80592,ocean ,0.061937436
16794,50096,80592,coast ,0.05998555
16795,50096,80616,lighthouse ,0.5328471
16796,50096,80616,oilrig ,0.15357333
16797,50096,80616,tower ,0.06084103
16798,50096,80616,ocean ,0.025664447
16799,50096,80616,coast ,0.023542399
16800,50096,80640,lighthouse ,0.60862845
16801,50096,80640,oilrig ,0.10187628
16802,50096,80640,tower ,0.0622438
16803,50096,80640,coast ,0.023721145
16804,50096,80640,windmill ,0.020923
16805,50096,80664,lighthouse ,0.80297166
16806,50096,80664,oilrig ,0.059559442
16807,50096,80664,tower ,0.044513997
16808,50096,80664,water_tower ,0.013964603
16809,50096,80664,coast ,0.007313539
16810,50096,80688,lighthouse ,0.43371215
16811,50096,80688,oilrig ,0.13406049
16812,50096,80688,tower ,0.07281371
16813,50096,80688,windmill ,0.04817992
16814,50096,80688,wind_farm ,0.03385881
16815,50096,80712,lighthouse ,0.30215782
16816,50096,80712,oilrig ,0.096412785
16817,50096,80712,ice_shelf ,0.07084212
16818,50096,80712,tower ,0.06982757
16819,50096,80712,coast ,0.049258262
16820,50096,80736,lighthouse ,0.26621205
16821,50096,80736,oilrig ,0.09921454
16822,50096,80736,coast ,0.08856458
16823,50096,80736,ocean ,0.08141999
16824,50096,80736,wave ,0.061617844
16825,50096,80760,lighthouse ,0.41107708
16826,50096,80760,wind_farm ,0.17357635
16827,50096,80760,tower ,0.09502949
16828,50096,80760,oilrig ,0.0506061
16829,50096,80760,windmill ,0.035192948
16830,50096,80784,museum/indoor ,0.28676203
16831,50096,80784,art_gallery ,0.08992695
16832,50096,80784,dressing_room ,0.08286576
16833,50096,80784,discotheque ,0.07813331
16834,50096,80784,clean_room ,0.05927474
16835,50096,80808,museum/indoor ,0.40100813
16836,50096,80808,art_gallery ,0.17600083
16837,50096,80808,archive ,0.08356129
16838,50096,80808,clean_room ,0.037848864
16839,50096,80808,office ,0.034839537
16840,50096,80832,museum/indoor ,0.36285338
16841,50096,80832,art_gallery ,0.20302176
16842,50096,80832,archive ,0.12847956
16843,50096,80832,clean_room ,0.06886414
16844,50096,80832,dressing_room ,0.03957517
16845,50096,80856,museum/indoor ,0.3850954
16846,50096,80856,art_gallery ,0.20556092
16847,50096,80856,archive ,0.10347802
16848,50096,80856,dressing_room ,0.0496994
16849,50096,80856,clean_room ,0.049601715
16850,50096,80880,dressing_room ,0.5781706
16851,50096,80880,discotheque ,0.19736601
16852,50096,80880,music_studio ,0.0695907
16853,50096,80880,bar ,0.037667856
16854,50096,80880,basement ,0.02184875
16855,50096,80904,dressing_room ,0.4708545
16856,50096,80904,discotheque ,0.16502905
16857,50096,80904,music_studio ,0.11165221
16858,50096,80904,bar ,0.043538257
16859,50096,80904,martial_arts_gym ,0.038237453
16860,50096,80928,dressing_room ,0.69560456
16861,50096,80928,music_studio ,0.06930589
16862,50096,80928,discotheque ,0.052151635
16863,50096,80928,bar ,0.034896713
16864,50096,80928,martial_arts_gym ,0.020102816
16865,50096,80952,museum/indoor ,0.38474715
16866,50096,80952,art_gallery ,0.1930708
16867,50096,80952,archive ,0.1533447
16868,50096,80952,clean_room ,0.10660897
16869,50096,80952,dressing_room ,0.029805688
16870,50096,80976,museum/indoor ,0.49109402
16871,50096,80976,art_gallery ,0.2274386
16872,50096,80976,clean_room ,0.08528687
16873,50096,80976,archive ,0.06568923
16874,50096,80976,art_studio ,0.018202418
16875,50096,81000,museum/indoor ,0.34010485
16876,50096,81000,art_gallery ,0.23787135
16877,50096,81000,clean_room ,0.11537093
16878,50096,81000,archive ,0.09589439
16879,50096,81000,dressing_room ,0.03146249
16880,50096,81024,museum/indoor ,0.39465424
16881,50096,81024,art_gallery ,0.2475014
16882,50096,81024,archive ,0.115231074
16883,50096,81024,clean_room ,0.073104575
16884,50096,81024,office ,0.023804259
16885,50096,81048,museum/indoor ,0.8262066
16886,50096,81048,art_gallery ,0.09667318
16887,50096,81048,archive ,0.026381133
16888,50096,81048,clean_room ,0.01225451
16889,50096,81048,music_studio ,0.0078345435
16890,50096,81072,museum/indoor ,0.48321375
16891,50096,81072,art_gallery ,0.1641885
16892,50096,81072,dressing_room ,0.16247106
16893,50096,81072,music_studio ,0.06735487
16894,50096,81072,stage/indoor ,0.025810247
16895,50096,81096,dressing_room ,0.6902487
16896,50096,81096,discotheque ,0.07152739
16897,50096,81096,music_studio ,0.062324554
16898,50096,81096,bar ,0.028700165
16899,50096,81096,office ,0.019835558
16900,50096,81120,dressing_room ,0.7016964
16901,50096,81120,discotheque ,0.055447884
16902,50096,81120,music_studio ,0.04289071
16903,50096,81120,bar ,0.03754558
16904,50096,81120,office ,0.027249373
16905,50096,81144,museum/indoor ,0.16502745
16906,50096,81144,art_gallery ,0.1366759
16907,50096,81144,dressing_room ,0.10722842
16908,50096,81144,clean_room ,0.10292799
16909,50096,81144,music_studio ,0.09685775
16910,50096,81168,music_studio ,0.17893963
16911,50096,81168,museum/indoor ,0.17786418
16912,50096,81168,art_gallery ,0.13032295
16913,50096,81168,television_studio ,0.09586556
16914,50096,81168,archive ,0.08628596
16915,50096,81192,museum/indoor ,0.28417432
16916,50096,81192,art_gallery ,0.16428973
16917,50096,81192,television_studio ,0.11162652
16918,50096,81192,clean_room ,0.102933384
16919,50096,81192,music_studio ,0.07962736
16920,50096,81216,museum/indoor ,0.45233047
16921,50096,81216,art_gallery ,0.16566662
16922,50096,81216,television_studio ,0.066839814
16923,50096,81216,music_studio ,0.059996706
16924,50096,81216,clean_room ,0.058151904
16925,50096,81240,dressing_room ,0.5960082
16926,50096,81240,discotheque ,0.118891574
16927,50096,81240,bar ,0.057967335
16928,50096,81240,music_studio ,0.055751156
16929,50096,81240,martial_arts_gym ,0.031192308
16930,50096,81264,dressing_room ,0.6882947
16931,50096,81264,music_studio ,0.05774855
16932,50096,81264,discotheque ,0.057452075
16933,50096,81264,bar ,0.03699595
16934,50096,81264,office ,0.028509354
16935,50096,81288,museum/indoor ,0.5128759
16936,50096,81288,art_gallery ,0.21817835
16937,50096,81288,archive ,0.10564089
16938,50096,81288,clean_room ,0.055367254
16939,50096,81288,art_studio ,0.019394388
16940,50096,81312,dressing_room ,0.7109914
16941,50096,81312,discotheque ,0.07229359
16942,50096,81312,music_studio ,0.051271804
16943,50096,81312,bar ,0.035197046
16944,50096,81312,martial_arts_gym ,0.019550445
16945,50096,81336,dressing_room ,0.44694015
16946,50096,81336,music_studio ,0.1361347
16947,50096,81336,discotheque ,0.13427514
16948,50096,81336,bar ,0.042224236
16949,50096,81336,office ,0.03804861
16950,50096,81360,dressing_room ,0.23761918
16951,50096,81360,music_studio ,0.18617693
16952,50096,81360,discotheque ,0.11916789
16953,50096,81360,office ,0.07705931
16954,50096,81360,martial_arts_gym ,0.057498522
16955,50096,81384,office ,0.15476757
16956,50096,81384,dressing_room ,0.1249216
16957,50096,81384,music_studio ,0.11025575
16958,50096,81384,archive ,0.10700436
16959,50096,81384,martial_arts_gym ,0.08773294
16960,50096,81408,office ,0.22773926
16961,50096,81408,archive ,0.16948955
16962,50096,81408,music_studio ,0.08849956
16963,50096,81408,dressing_room ,0.066389896
16964,50096,81408,martial_arts_gym ,0.05566697
16965,50096,81432,museum/indoor ,0.40725148
16966,50096,81432,art_gallery ,0.27821392
16967,50096,81432,archive ,0.07602964
16968,50096,81432,clean_room ,0.042205915
16969,50096,81432,art_studio ,0.033755455
16970,50096,81456,museum/indoor ,0.28528318
16971,50096,81456,art_gallery ,0.21066076
16972,50096,81456,archive ,0.16947535
16973,50096,81456,office ,0.066554725
16974,50096,81456,art_studio ,0.03153675
16975,50096,81480,museum/indoor ,0.34114465
16976,50096,81480,art_gallery ,0.24773706
16977,50096,81480,archive ,0.15271738
16978,50096,81480,clean_room ,0.039890867
16979,50096,81480,office ,0.031887535
16980,50096,81504,museum/indoor ,0.38351294
16981,50096,81504,art_gallery ,0.21922794
16982,50096,81504,archive ,0.10197294
16983,50096,81504,clean_room ,0.057729986
16984,50096,81504,office ,0.033295147
16985,50096,81528,archive ,0.25078714
16986,50096,81528,office ,0.20229276
16987,50096,81528,music_studio ,0.121525474
16988,50096,81528,dressing_room ,0.04804645
16989,50096,81528,office_cubicles ,0.045625802
16990,50096,81552,office ,0.2429528
16991,50096,81552,music_studio ,0.1473513
16992,50096,81552,archive ,0.11682121
16993,50096,81552,office_cubicles ,0.044400204
16994,50096,81552,dressing_room ,0.043958236
16995,50096,81576,shower ,0.10734554
16996,50096,81576,bathroom ,0.0987487
16997,50096,81576,clothing_store ,0.07032176
16998,50096,81576,art_gallery ,0.06198317
16999,50096,81576,staircase ,0.061026864
17000,50096,81600,chemistry_lab ,0.14777882
17001,50096,81600,bathroom ,0.13750266
17002,50096,81600,shower ,0.107387125
17003,50096,81600,art_gallery ,0.10563638
17004,50096,81600,biology_laboratory ,0.041504033
17005,50096,81624,art_gallery ,0.31601125
17006,50096,81624,art_studio ,0.124367245
17007,50096,81624,bathroom ,0.06664166
17008,50096,81624,shower ,0.0653473
17009,50096,81624,dressing_room ,0.045953937
17010,50096,81648,office ,0.13770613
17011,50096,81648,clean_room ,0.085438065
17012,50096,81648,music_studio ,0.08400076
17013,50096,81648,archive ,0.08240535
17014,50096,81648,art_gallery ,0.05017469
17015,50096,81672,museum/indoor ,0.10230179
17016,50096,81672,clean_room ,0.096787125
17017,50096,81672,art_gallery ,0.0938895
17018,50096,81672,music_studio ,0.08462962
17019,50096,81672,archive ,0.082160346
17020,50096,81696,chemistry_lab ,0.142071
17021,50096,81696,clean_room ,0.12858015
17022,50096,81696,office ,0.11127165
17023,50096,81696,biology_laboratory ,0.07798067
17024,50096,81696,art_gallery ,0.07104908
17025,50096,81720,museum/indoor ,0.31274197
17026,50096,81720,art_gallery ,0.1683004
17027,50096,81720,archive ,0.13370356
17028,50096,81720,clean_room ,0.08443102
17029,50096,81720,office ,0.05649828
17030,50096,81744,music_studio ,0.11435484
17031,50096,81744,chemistry_lab ,0.088964134
17032,50096,81744,art_gallery ,0.08870946
17033,50096,81744,museum/indoor ,0.0717371
17034,50096,81744,archive ,0.066214375
17035,50096,81768,music_studio ,0.28725737
17036,50096,81768,stage/indoor ,0.14269733
17037,50096,81768,martial_arts_gym ,0.067866966
17038,50096,81768,dressing_room ,0.052715257
17039,50096,81768,archive ,0.051485024
17040,50096,81792,music_studio ,0.17542279
17041,50096,81792,dressing_room ,0.117429085
17042,50096,81792,archive ,0.11530935
17043,50096,81792,television_studio ,0.06411801
17044,50096,81792,office ,0.05536752
17045,50096,81816,office ,0.19230372
17046,50096,81816,archive ,0.16593339
17047,50096,81816,music_studio ,0.13658565
17048,50096,81816,conference_center ,0.08297543
17049,50096,81816,television_studio ,0.057779483
17050,50096,81840,museum/indoor ,0.21737686
17051,50096,81840,art_gallery ,0.2030541
17052,50096,81840,archive ,0.12733367
17053,50096,81840,office ,0.060822304
17054,50096,81840,dressing_room ,0.058220766
17055,50096,81864,museum/indoor ,0.3297933
17056,50096,81864,art_gallery ,0.24239801
17057,50096,81864,archive ,0.09707748
17058,50096,81864,clean_room ,0.07479229
17059,50096,81864,art_studio ,0.03465513
17060,50096,81888,museum/indoor ,0.26331136
17061,50096,81888,art_gallery ,0.22026351
17062,50096,81888,archive ,0.10960708
17063,50096,81888,office ,0.07701105
17064,50096,81888,clean_room ,0.047684893
17065,50096,81912,museum/indoor ,0.35209548
17066,50096,81912,art_gallery ,0.20989901
17067,50096,81912,archive ,0.12203969
17068,50096,81912,clean_room ,0.05660967
17069,50096,81912,art_studio ,0.041294612
17070,50096,81936,museum/indoor ,0.1978585
17071,50096,81936,art_gallery ,0.16017857
17072,50096,81936,clean_room ,0.09870698
17073,50096,81936,office ,0.08621947
17074,50096,81936,archive ,0.0704645
17075,50096,81960,clean_room ,0.18988486
17076,50096,81960,museum/indoor ,0.10697344
17077,50096,81960,dressing_room ,0.09470054
17078,50096,81960,office ,0.09268787
17079,50096,81960,art_gallery ,0.076514475
17080,50096,81984,museum/indoor ,0.30875048
17081,50096,81984,art_gallery ,0.2215785
17082,50096,81984,clean_room ,0.10268511
17083,50096,81984,archive ,0.08579932
17084,50096,81984,dressing_room ,0.045815203
17085,50096,82008,archive ,0.2216452
17086,50096,82008,office ,0.15938948
17087,50096,82008,music_studio ,0.10269527
17088,50096,82008,dressing_room ,0.050407358
17089,50096,82008,classroom ,0.04607724
17090,50096,82032,archive ,0.18260485
17091,50096,82032,music_studio ,0.17574926
17092,50096,82032,office ,0.12685198
17093,50096,82032,dressing_room ,0.061019715
17094,50096,82032,television_studio ,0.056374893
17095,50096,82056,clean_room ,0.5349544
17096,50096,82056,operating_room ,0.09394761
17097,50096,82056,bathroom ,0.043912005
17098,50096,82056,office ,0.040606234
17099,50096,82056,chemistry_lab ,0.036011603
17100,50096,82080,clean_room ,0.37461004
17101,50096,82080,office ,0.11710746
17102,50096,82080,operating_room ,0.073325284
17103,50096,82080,lecture_room ,0.04613034
17104,50096,82080,biology_laboratory ,0.03774038
17105,50096,82104,clean_room ,0.43396866
17106,50096,82104,operating_room ,0.061371915
17107,50096,82104,office ,0.058290645
17108,50096,82104,chemistry_lab ,0.052066352
17109,50096,82104,bathroom ,0.047150962
17110,50096,82128,museum/indoor ,0.18926847
17111,50096,82128,art_gallery ,0.15957652
17112,50096,82128,clean_room ,0.12184366
17113,50096,82128,dressing_room ,0.09810208
17114,50096,82128,archive ,0.08430114
17115,50096,82152,museum/indoor ,0.3985622
17116,50096,82152,art_gallery ,0.23335643
17117,50096,82152,archive ,0.12062372
17118,50096,82152,clean_room ,0.046265803
17119,50096,82152,dressing_room ,0.029751426
17120,50096,82176,museum/indoor ,0.45916393
17121,50096,82176,art_gallery ,0.21927002
17122,50096,82176,archive ,0.101444304
17123,50096,82176,clean_room ,0.0594601
17124,50096,82176,dressing_room ,0.020451043
17125,50096,82200,museum/indoor ,0.25530708
17126,50096,82200,archive ,0.20114528
17127,50096,82200,art_gallery ,0.18322995
17128,50096,82200,clean_room ,0.07209272
17129,50096,82200,office ,0.04861625
17130,50096,82224,clean_room ,0.34405735
17131,50096,82224,office ,0.15124086
17132,50096,82224,operating_room ,0.051343016
17133,50096,82224,lecture_room ,0.04590186
17134,50096,82224,chemistry_lab ,0.03503073
17135,50096,82248,clean_room ,0.4305324
17136,50096,82248,dressing_room ,0.10279908
17137,50096,82248,archive ,0.0851893
17138,50096,82248,museum/indoor ,0.08301281
17139,50096,82248,art_gallery ,0.061962765
17140,50096,82272,archive ,0.19401573
17141,50096,82272,office ,0.15638606
17142,50096,82272,music_studio ,0.12470195
17143,50096,82272,conference_center ,0.058742676
17144,50096,82272,martial_arts_gym ,0.051639352
17145,50096,82296,archive ,0.20857127
17146,50096,82296,music_studio ,0.13952585
17147,50096,82296,office ,0.10413442
17148,50096,82296,dressing_room ,0.061460793
17149,50096,82296,museum/indoor ,0.05054889
17150,50096,82320,archive ,0.22945593
17151,50096,82320,music_studio ,0.15139882
17152,50096,82320,office ,0.09290116
17153,50096,82320,dressing_room ,0.0813089
17154,50096,82320,museum/indoor ,0.041711878
17155,50096,82344,museum/indoor ,0.7965842
17156,50096,82344,dressing_room ,0.068080924
17157,50096,82344,art_gallery ,0.06578573
17158,50096,82344,clean_room ,0.02014984
17159,50096,82344,archive ,0.017420648
17160,50096,82368,dressing_room ,0.8653727
17161,50096,82368,museum/indoor ,0.044603314
17162,50096,82368,art_gallery ,0.022280455
17163,50096,82368,clean_room ,0.020893333
17164,50096,82368,music_studio ,0.010811043
17165,50096,82392,archive ,0.20374694
17166,50096,82392,office ,0.17217763
17167,50096,82392,music_studio ,0.102312036
17168,50096,82392,dressing_room ,0.05485642
17169,50096,82392,art_gallery ,0.049750473
17170,50096,82416,office ,0.16305333
17171,50096,82416,archive ,0.13881074
17172,50096,82416,music_studio ,0.11544154
17173,50096,82416,dressing_room ,0.066196345
17174,50096,82416,art_gallery ,0.057742655
17175,50096,82440,archive ,0.17209268
17176,50096,82440,music_studio ,0.15840544
17177,50096,82440,dressing_room ,0.13047697
17178,50096,82440,office ,0.10101872
17179,50096,82440,art_gallery ,0.06751874
17180,50096,82464,office ,0.19455977
17181,50096,82464,archive ,0.18072447
17182,50096,82464,music_studio ,0.0855165
17183,50096,82464,dressing_room ,0.08027635
17184,50096,82464,art_gallery ,0.06394746
17185,50096,82488,office ,0.19754098
17186,50096,82488,archive ,0.16996048
17187,50096,82488,music_studio ,0.090300545
17188,50096,82488,dressing_room ,0.07554411
17189,50096,82488,office_cubicles ,0.05947716
17190,50096,82512,office ,0.24929704
17191,50096,82512,archive ,0.16035306
17192,50096,82512,dressing_room ,0.076476276
17193,50096,82512,music_studio ,0.07479196
17194,50096,82512,office_cubicles ,0.068062045
17195,50096,82536,office ,0.19940357
17196,50096,82536,archive ,0.16086005
17197,50096,82536,music_studio ,0.08558886
17198,50096,82536,dressing_room ,0.07441771
17199,50096,82536,office_cubicles ,0.0705438
17200,50096,82560,archive ,0.190808
17201,50096,82560,office ,0.1696664
17202,50096,82560,music_studio ,0.09267191
17203,50096,82560,dressing_room ,0.07399816
17204,50096,82560,office_cubicles ,0.069132835
17205,50096,82584,office ,0.22148407
17206,50096,82584,archive ,0.11801787
17207,50096,82584,office_cubicles ,0.08752253
17208,50096,82584,dressing_room ,0.067667395
17209,50096,82584,music_studio ,0.06405398
17210,50096,82608,office ,0.18124984
17211,50096,82608,archive ,0.14882682
17212,50096,82608,music_studio ,0.07642129
17213,50096,82608,dressing_room ,0.07379142
17214,50096,82608,office_cubicles ,0.070051186
17215,50096,82632,office ,0.17661461
17216,50096,82632,archive ,0.11878215
17217,50096,82632,dressing_room ,0.1108602
17218,50096,82632,art_gallery ,0.08920626
17219,50096,82632,office_cubicles ,0.07789857
17220,50096,82656,office ,0.29253483
17221,50096,82656,archive ,0.11498143
17222,50096,82656,office_cubicles ,0.107382774
17223,50096,82656,dressing_room ,0.09045218
17224,50096,82656,conference_center ,0.053752434
17225,50096,82680,train_station/platform ,0.44596776
17226,50096,82680,railroad_track ,0.4167932
17227,50096,82680,subway_station/platform ,0.09260529
17228,50096,82680,bridge ,0.0061188224
17229,50096,82680,escalator/indoor ,0.0055838176
17230,50096,82704,railroad_track ,0.5497857
17231,50096,82704,train_station/platform ,0.36073467
17232,50096,82704,subway_station/platform ,0.057672974
17233,50096,82704,escalator/indoor ,0.0043532434
17234,50096,82704,highway ,0.0037404534
17235,50096,82728,railroad_track ,0.512367
17236,50096,82728,train_station/platform ,0.36314243
17237,50096,82728,subway_station/platform ,0.056057584
17238,50096,82728,escalator/indoor ,0.013518679
17239,50096,82728,bridge ,0.005582809
17240,50096,82752,railroad_track ,0.48710588
17241,50096,82752,train_station/platform ,0.36409274
17242,50096,82752,subway_station/platform ,0.059324488
17243,50096,82752,escalator/indoor ,0.018933933
17244,50096,82752,bridge ,0.006026004
17245,50096,82776,railroad_track ,0.5233456
17246,50096,82776,train_station/platform ,0.2620865
17247,50096,82776,subway_station/platform ,0.049628977
17248,50096,82776,escalator/indoor ,0.02455954
17249,50096,82776,bridge ,0.016377049
17250,50096,82800,railroad_track ,0.439509
17251,50096,82800,train_station/platform ,0.21481156
17252,50096,82800,subway_station/platform ,0.050028868
17253,50096,82800,bridge ,0.046279904
17254,50096,82800,escalator/indoor ,0.018273674
17255,50096,82824,staircase ,0.21050814
17256,50096,82824,escalator/indoor ,0.19235499
17257,50096,82824,airport_terminal ,0.038708366
17258,50096,82824,skyscraper ,0.0368957
17259,50096,82824,office_building ,0.03197231
17260,50096,82848,staircase ,0.08805923
17261,50096,82848,museum/indoor ,0.07951712
17262,50096,82848,archive ,0.04291077
17263,50096,82848,lobby ,0.03872787
17264,50096,82848,atrium/public ,0.035484653
17265,50096,82872,staircase ,0.44786948
17266,50096,82872,bridge ,0.032464974
17267,50096,82872,archive ,0.02126041
17268,50096,82872,fire_escape ,0.016028484
17269,50096,82872,boardwalk ,0.014183011
17270,50096,82896,staircase ,0.18640888
17271,50096,82896,skyscraper ,0.08284203
17272,50096,82896,amusement_park ,0.048906706
17273,50096,82896,downtown ,0.04890435
17274,50096,82896,fire_escape ,0.03358518
17275,50096,82920,landing_deck ,0.15599854
17276,50096,82920,staircase ,0.15033877
17277,50096,82920,crosswalk ,0.11123654
17278,50096,82920,runway ,0.105046265
17279,50096,82920,archive ,0.036728982
17280,50096,82944,alley ,0.1760446
17281,50096,82944,archive ,0.13991103
17282,50096,82944,server_room ,0.11738762
17283,50096,82944,bank_vault ,0.093347974
17284,50096,82944,jail_cell ,0.05603274
17285,50096,82968,archive ,0.33600342
17286,50096,82968,bank_vault ,0.14977442
17287,50096,82968,alley ,0.07967191
17288,50096,82968,server_room ,0.0752256
17289,50096,82968,corridor ,0.0657964
17290,50096,82992,archive ,0.77807885
17291,50096,82992,bank_vault ,0.053307343
17292,50096,82992,server_room ,0.023145895
17293,50096,82992,library/indoor ,0.015639951
17294,50096,82992,jail_cell ,0.014425812
17295,50096,83016,archive ,0.21441396
17296,50096,83016,clean_room ,0.17462005
17297,50096,83016,airport_terminal ,0.047829356
17298,50096,83016,server_room ,0.0362118
17299,50096,83016,library/indoor ,0.032989368
17300,50096,83040,clean_room ,0.15088663
17301,50096,83040,archive ,0.13575485
17302,50096,83040,museum/indoor ,0.10395828
17303,50096,83040,hospital_room ,0.040555585
17304,50096,83040,chemistry_lab ,0.025501112
17305,50096,83064,jail_cell ,0.2037172
17306,50096,83064,shower ,0.078344606
17307,50096,83064,archive ,0.04308212
17308,50096,83064,burial_chamber ,0.03838597
17309,50096,83064,basement ,0.037848704
17310,50096,83088,jail_cell ,0.15644051
17311,50096,83088,shower ,0.12192962
17312,50096,83088,basement ,0.04946858
17313,50096,83088,alcove ,0.045438472
17314,50096,83088,art_gallery ,0.038700882
17315,50096,83112,basement ,0.3298566
17316,50096,83112,jail_cell ,0.24886987
17317,50096,83112,attic ,0.093134105
17318,50096,83112,bedroom ,0.033675946
17319,50096,83112,nursery ,0.022589572
17320,50096,83136,clean_room ,0.1488017
17321,50096,83136,dressing_room ,0.13204263
17322,50096,83136,entrance_hall ,0.10754599
17323,50096,83136,artists_loft ,0.056223974
17324,50096,83136,beauty_salon ,0.05090207
17325,50096,83160,clean_room ,0.43382147
17326,50096,83160,dressing_room ,0.31275162
17327,50096,83160,clothing_store ,0.052342255
17328,50096,83160,museum/indoor ,0.043686613
17329,50096,83160,beauty_salon ,0.02855404
17330,50096,83184,clean_room ,0.5370129
17331,50096,83184,dressing_room ,0.14144108
17332,50096,83184,beauty_salon ,0.073947266
17333,50096,83184,artists_loft ,0.024395095
17334,50096,83184,office ,0.021167424
17335,50096,83208,dressing_room ,0.2320698
17336,50096,83208,beauty_salon ,0.1902455
17337,50096,83208,clean_room ,0.09497505
17338,50096,83208,artists_loft ,0.079196155
17339,50096,83208,clothing_store ,0.042053904
17340,50096,83232,clean_room ,0.2176294
17341,50096,83232,clothing_store ,0.17125118
17342,50096,83232,dressing_room ,0.12584178
17343,50096,83232,museum/indoor ,0.047618207
17344,50096,83232,artists_loft ,0.04756052
17345,50096,83256,dressing_room ,0.227157
17346,50096,83256,artists_loft ,0.09777241
17347,50096,83256,entrance_hall ,0.063313395
17348,50096,83256,living_room ,0.045401815
17349,50096,83256,dining_room ,0.04261983
17350,50096,83280,clean_room ,0.32503408
17351,50096,83280,museum/indoor ,0.26746058
17352,50096,83280,artists_loft ,0.070853785
17353,50096,83280,entrance_hall ,0.06831353
17354,50096,83280,archive ,0.031046897
17355,50096,83304,clean_room ,0.4118474
17356,50096,83304,museum/indoor ,0.18712723
17357,50096,83304,archive ,0.12475911
17358,50096,83304,music_studio ,0.03019939
17359,50096,83304,dressing_room ,0.029235411
17360,50096,83328,clean_room ,0.44432202
17361,50096,83328,museum/indoor ,0.2211275
17362,50096,83328,entrance_hall ,0.0467556
17363,50096,83328,locker_room ,0.041876413
17364,50096,83328,dressing_room ,0.02468419
17365,50096,83352,museum/indoor ,0.39322624
17366,50096,83352,clean_room ,0.10112137
17367,50096,83352,clothing_store ,0.095833965
17368,50096,83352,dressing_room ,0.08219897
17369,50096,83352,archive ,0.04196854
17370,50096,83376,elevator/door ,0.27746567
17371,50096,83376,bow_window/indoor ,0.097741105
17372,50096,83376,shower ,0.056973916
17373,50096,83376,museum/indoor ,0.04995542
17374,50096,83376,archive ,0.048202507
17375,50096,83400,museum/indoor ,0.45524552
17376,50096,83400,clothing_store ,0.12156105
17377,50096,83400,clean_room ,0.09354599
17378,50096,83400,archive ,0.038220253
17379,50096,83400,locker_room ,0.03767641
17380,50096,83424,office_building ,0.060430862
17381,50096,83424,jail_cell ,0.05354444
17382,50096,83424,archive ,0.041794114
17383,50096,83424,hospital ,0.03462629
17384,50096,83424,construction_site ,0.03407132
17385,50096,83448,office_building ,0.0615619
17386,50096,83448,jail_cell ,0.05308213
17387,50096,83448,archive ,0.04152378
17388,50096,83448,hospital ,0.036814053
17389,50096,83448,courtyard ,0.03386051
17390,50096,83472,clean_room ,0.39743093
17391,50096,83472,dressing_room ,0.13573186
17392,50096,83472,clothing_store ,0.13227606
17393,50096,83472,locker_room ,0.08402679
17394,50096,83472,operating_room ,0.040479694
17395,50096,83496,clean_room ,0.38710675
17396,50096,83496,clothing_store ,0.0934302
17397,50096,83496,locker_room ,0.06978452
17398,50096,83496,elevator_lobby ,0.05445218
17399,50096,83496,dressing_room ,0.040987696
17400,50096,83520,clean_room ,0.67448807
17401,50096,83520,operating_room ,0.07932256
17402,50096,83520,elevator_lobby ,0.01715769
17403,50096,83520,shower ,0.0160617
17404,50096,83520,hospital_room ,0.015270493
17405,50096,83544,hospital ,0.10737296
17406,50096,83544,office_building ,0.08761696
17407,50096,83544,jail_cell ,0.05195608
17408,50096,83544,archive ,0.051801343
17409,50096,83544,building_facade ,0.040424477
17410,50096,83568,office_building ,0.11129525
17411,50096,83568,hospital ,0.090776
17412,50096,83568,skyscraper ,0.03898317
17413,50096,83568,building_facade ,0.038615853
17414,50096,83568,museum/indoor ,0.029133871
17415,50096,83592,museum/indoor ,0.32167232
17416,50096,83592,elevator/door ,0.14248309
17417,50096,83592,locker_room ,0.10918698
17418,50096,83592,clean_room ,0.082597196
17419,50096,83592,art_gallery ,0.056770742
17420,50096,83616,museum/indoor ,0.48898908
17421,50096,83616,locker_room ,0.09490503
17422,50096,83616,art_gallery ,0.094712995
17423,50096,83616,elevator/door ,0.07947987
17424,50096,83616,clean_room ,0.06861813
17425,50096,83640,museum/indoor ,0.52358836
17426,50096,83640,clean_room ,0.10712831
17427,50096,83640,locker_room ,0.08237629
17428,50096,83640,art_gallery ,0.07532007
17429,50096,83640,elevator/door ,0.050027158
17430,50096,83664,museum/indoor ,0.48298433
17431,50096,83664,locker_room ,0.11435182
17432,50096,83664,dressing_room ,0.06433852
17433,50096,83664,clean_room ,0.051589984
17434,50096,83664,elevator/door ,0.049092487
17435,50096,83688,shower ,0.22572488
17436,50096,83688,museum/indoor ,0.20391299
17437,50096,83688,clean_room ,0.19539574
17438,50096,83688,art_gallery ,0.07446186
17439,50096,83688,elevator/door ,0.051286526
17440,50096,83712,harbor ,0.029601539
17441,50096,83712,boat_deck ,0.02824181
17442,50096,83712,motel ,0.02618335
17443,50096,83712,parking_lot ,0.026079629
17444,50096,83712,crosswalk ,0.025662094
17445,50096,83736,crosswalk ,0.04085844
17446,50096,83736,motel ,0.040077712
17447,50096,83736,railroad_track ,0.03516673
17448,50096,83736,train_station/platform ,0.031338803
17449,50096,83736,parking_lot ,0.031091854
17450,50096,83760,industrial_area ,0.04333428
17451,50096,83760,crosswalk ,0.0384002
17452,50096,83760,parking_lot ,0.03178491
17453,50096,83760,motel ,0.029349072
17454,50096,83760,construction_site ,0.028343521
17455,50096,83784,clean_room ,0.14845246
17456,50096,83784,museum/indoor ,0.1449203
17457,50096,83784,closet ,0.120822564
17458,50096,83784,art_gallery ,0.09817813
17459,50096,83784,shower ,0.087477766
17460,50096,83808,jail_cell ,0.14897607
17461,50096,83808,shower ,0.10766616
17462,50096,83808,basement ,0.09746113
17463,50096,83808,locker_room ,0.09372209
17464,50096,83808,server_room ,0.06781353
17465,50096,83832,promenade ,0.069377735
17466,50096,83832,bridge ,0.06744439
17467,50096,83832,crosswalk ,0.028587153
17468,50096,83832,harbor ,0.026357252
17469,50096,83832,motel ,0.02626974
17470,50096,83856,promenade ,0.09318328
17471,50096,83856,bridge ,0.03748455
17472,50096,83856,motel ,0.036109652
17473,50096,83856,crosswalk ,0.02714939
17474,50096,83856,plaza ,0.025942963
17475,50096,83880,museum/indoor ,0.06500644
17476,50096,83880,office_building ,0.05357848
17477,50096,83880,airport_terminal ,0.03143031
17478,50096,83880,skyscraper ,0.029302279
17479,50096,83880,science_museum ,0.027611217
17480,50096,83904,shower ,0.33118922
17481,50096,83904,basement ,0.08596996
17482,50096,83904,jail_cell ,0.06870798
17483,50096,83904,locker_room ,0.06071556
17484,50096,83904,clean_room ,0.036453158
17485,50096,83928,museum/indoor ,0.091041096
17486,50096,83928,skyscraper ,0.042311925
17487,50096,83928,baseball_field ,0.03281603
17488,50096,83928,downtown ,0.03106375
17489,50096,83928,tower ,0.030194031
17490,50096,83952,shower ,0.24439685
17491,50096,83952,jail_cell ,0.077116154
17492,50096,83952,basement ,0.057672594
17493,50096,83952,museum/indoor ,0.056208834
17494,50096,83952,art_gallery ,0.05212832
17495,50096,83976,museum/indoor ,0.098634996
17496,50096,83976,baseball_field ,0.04317771
17497,50096,83976,hospital_room ,0.04080921
17498,50096,83976,archive ,0.028041193
17499,50096,83976,promenade ,0.026559733
17500,50096,84000,museum/indoor ,0.19925396
17501,50096,84000,art_gallery ,0.12416545
17502,50096,84000,science_museum ,0.04645679
17503,50096,84000,natural_history_museum ,0.038174376
17504,50096,84000,archive ,0.027917452
17505,50096,84024,museum/indoor ,0.07136991
17506,50096,84024,skyscraper ,0.055378865
17507,50096,84024,shower ,0.04110772
17508,50096,84024,tower ,0.03423822
17509,50096,84024,art_gallery ,0.0338487
17510,50096,84048,athletic_field/outdoor ,0.28813064
17511,50096,84048,runway ,0.17441009
17512,50096,84048,highway ,0.115343735
17513,50096,84048,promenade ,0.102755934
17514,50096,84048,landing_deck ,0.031739242
17515,50096,84072,athletic_field/outdoor ,0.42386547
17516,50096,84072,runway ,0.12549002
17517,50096,84072,highway ,0.10369757
17518,50096,84072,promenade ,0.046002418
17519,50096,84072,parking_lot ,0.044780705
17520,50096,84096,athletic_field/outdoor ,0.479412
17521,50096,84096,highway ,0.13828373
17522,50096,84096,runway ,0.08000169
17523,50096,84096,promenade ,0.0631378
17524,50096,84096,parking_lot ,0.025573552
17525,50096,84120,athletic_field/outdoor ,0.51657414
17526,50096,84120,highway ,0.11917103
17527,50096,84120,promenade ,0.06382375
17528,50096,84120,runway ,0.05595348
17529,50096,84120,parking_lot ,0.032513082
17530,50096,84144,athletic_field/outdoor ,0.540283
17531,50096,84144,highway ,0.13484254
17532,50096,84144,runway ,0.05459176
17533,50096,84144,promenade ,0.048172902
17534,50096,84144,parking_lot ,0.021184407
17535,50096,84168,alley ,0.24112086
17536,50096,84168,train_station/platform ,0.12052324
17537,50096,84168,subway_station/platform ,0.08332218
17538,50096,84168,medina ,0.074116334
17539,50096,84168,construction_site ,0.07339841
17540,50096,84192,alley ,0.38779977
17541,50096,84192,medina ,0.07693433
17542,50096,84192,construction_site ,0.0553435
17543,50096,84192,train_station/platform ,0.05365823
17544,50096,84192,fire_escape ,0.035715826
17545,50096,84216,shower ,0.06207842
17546,50096,84216,hospital_room ,0.04228706
17547,50096,84216,skyscraper ,0.04181481
17548,50096,84216,museum/indoor ,0.0392511
17549,50096,84216,archive ,0.037071984
17550,50096,84240,train_station/platform ,0.18391095
17551,50096,84240,railroad_track ,0.15368614
17552,50096,84240,highway ,0.13619591
17553,50096,84240,subway_station/platform ,0.06818191
17554,50096,84240,escalator/indoor ,0.05166759
17555,50096,84264,escalator/indoor ,0.19751792
17556,50096,84264,airport_terminal ,0.14383774
17557,50096,84264,subway_station/platform ,0.103750594
17558,50096,84264,train_station/platform ,0.08674964
17559,50096,84264,bowling_alley ,0.03470909
17560,50096,84288,train_station/platform ,0.25852668
17561,50096,84288,subway_station/platform ,0.12159699
17562,50096,84288,railroad_track ,0.108936325
17563,50096,84288,promenade ,0.073814295
17564,50096,84288,airport_terminal ,0.035057176
17565,50096,84312,train_station/platform ,0.26256338
17566,50096,84312,subway_station/platform ,0.12863734
17567,50096,84312,railroad_track ,0.11858259
17568,50096,84312,promenade ,0.07684211
17569,50096,84312,airport_terminal ,0.05298453
17570,50096,84336,train_station/platform ,0.22068153
17571,50096,84336,railroad_track ,0.21264075
17572,50096,84336,promenade ,0.10475366
17573,50096,84336,subway_station/platform ,0.05253874
17574,50096,84336,highway ,0.03629466
17575,50096,84360,train_station/platform ,0.18409997
17576,50096,84360,railroad_track ,0.17458025
17577,50096,84360,promenade ,0.075367115
17578,50096,84360,subway_station/platform ,0.062161334
17579,50096,84360,highway ,0.03348075
17580,50096,84384,shower ,0.04107734
17581,50096,84384,hospital ,0.03727904
17582,50096,84384,tower ,0.0329003
17583,50096,84384,office_building ,0.03077171
17584,50096,84384,skyscraper ,0.029938657
17585,50096,84408,shower ,0.05150785
17586,50096,84408,tower ,0.04054635
17587,50096,84408,skyscraper ,0.027038308
17588,50096,84408,office_building ,0.0250239
17589,50096,84408,hospital ,0.023620732
17590,50096,84432,tower ,0.0712809
17591,50096,84432,museum/indoor ,0.047689155
17592,50096,84432,shower ,0.036866926
17593,50096,84432,art_gallery ,0.036408015
17594,50096,84432,skyscraper ,0.026550822
17595,50096,84456,elevator_shaft ,0.12316392
17596,50096,84456,corridor ,0.12252421
17597,50096,84456,staircase ,0.12218238
17598,50096,84456,construction_site ,0.0675124
17599,50096,84456,atrium/public ,0.061992288
17600,50096,84480,archive ,0.30593407
17601,50096,84480,attic ,0.111601695
17602,50096,84480,staircase ,0.06168491
17603,50096,84480,art_gallery ,0.05352334
17604,50096,84480,corridor ,0.038784605
17605,50096,84504,tower ,0.07679079
17606,50096,84504,desert/sand ,0.053040396
17607,50096,84504,art_gallery ,0.04259189
17608,50096,84504,skyscraper ,0.035461094
17609,50096,84504,shower ,0.034093138
17610,50096,84528,alley ,0.36629406
17611,50096,84528,construction_site ,0.3334856
17612,50096,84528,medina ,0.052882034
17613,50096,84528,fire_escape ,0.03794464
17614,50096,84528,loading_dock ,0.033574846
17615,50096,84552,construction_site ,0.530292
17616,50096,84552,alley ,0.20121317
17617,50096,84552,fire_escape ,0.0376744
17618,50096,84552,medina ,0.033672497
17619,50096,84552,loading_dock ,0.025025843
17620,50096,84576,construction_site ,0.45637283
17621,50096,84576,alley ,0.1809846
17622,50096,84576,fire_escape ,0.051499944
17623,50096,84576,medina ,0.026868537
17624,50096,84576,office_building ,0.022293586
17625,50096,84600,archive ,0.17458819
17626,50096,84600,clean_room ,0.15736158
17627,50096,84600,construction_site ,0.036652744
17628,50096,84600,art_gallery ,0.034454666
17629,50096,84600,museum/indoor ,0.028832078
17630,50096,84624,clean_room ,0.12429409
17631,50096,84624,train_station/platform ,0.054486632
17632,50096,84624,railroad_track ,0.040284052
17633,50096,84624,server_room ,0.038421664
17634,50096,84624,subway_station/platform ,0.034162316
17635,50096,84648,clean_room ,0.17926978
17636,50096,84648,shower ,0.14539269
17637,50096,84648,server_room ,0.04851725
17638,50096,84648,bank_vault ,0.03644046
17639,50096,84648,locker_room ,0.036282748
17640,50096,84672,bathroom ,0.26359275
17641,50096,84672,shower ,0.25651518
17642,50096,84672,clean_room ,0.03653485
17643,50096,84672,server_room ,0.033193413
17644,50096,84672,locker_room ,0.030617984
17645,50096,84696,office_building ,0.1057545
17646,50096,84696,skyscraper ,0.07482133
17647,50096,84696,shower ,0.045932647
17648,50096,84696,hospital ,0.044397846
17649,50096,84696,tower ,0.03718019
17650,50096,84720,museum/indoor ,0.077505425
17651,50096,84720,art_gallery ,0.051841505
17652,50096,84720,beach ,0.03180255
17653,50096,84720,chemistry_lab ,0.029591719
17654,50096,84720,ocean ,0.02628398
17655,50096,84744,clean_room ,0.09389529
17656,50096,84744,museum/indoor ,0.089645974
17657,50096,84744,art_gallery ,0.06392047
17658,50096,84744,archive ,0.039724626
17659,50096,84744,science_museum ,0.03620547
17660,50096,84768,skyscraper ,0.20536032
17661,50096,84768,office_building ,0.08524621
17662,50096,84768,tower ,0.06395701
17663,50096,84768,downtown ,0.041209154
17664,50096,84768,courtyard ,0.030063324
17665,50096,84792,skyscraper ,0.17932935
17666,50096,84792,office_building ,0.052150574
17667,50096,84792,downtown ,0.049236037
17668,50096,84792,tower ,0.0437782
17669,50096,84792,industrial_area ,0.03654854
17670,50096,84816,skyscraper ,0.109636344
17671,50096,84816,promenade ,0.06625868
17672,50096,84816,office_building ,0.05337488
17673,50096,84816,downtown ,0.048058726
17674,50096,84816,bridge ,0.04224419
17675,50096,84840,runway ,0.22470863
17676,50096,84840,landing_deck ,0.18079002
17677,50096,84840,highway ,0.06772337
17678,50096,84840,skyscraper ,0.060675673
17679,50096,84840,railroad_track ,0.03525295
17680,50096,84864,chemistry_lab ,0.111963645
17681,50096,84864,shower ,0.089609355
17682,50096,84864,archive ,0.0792007
17683,50096,84864,science_museum ,0.0549954
17684,50096,84864,physics_laboratory ,0.049217865
17685,50096,84888,runway ,0.16307591
17686,50096,84888,landing_deck ,0.14592923
17687,50096,84888,highway ,0.08266696
17688,50096,84888,railroad_track ,0.064484425
17689,50096,84888,bridge ,0.05557879
17690,50096,84912,runway ,0.13773215
17691,50096,84912,highway ,0.10470732
17692,50096,84912,railroad_track ,0.09043676
17693,50096,84912,landing_deck ,0.087881066
17694,50096,84912,bridge ,0.059043497
17695,50096,84936,locker_room ,0.1095314
17696,50096,84936,archive ,0.0783966
17697,50096,84936,clean_room ,0.06300441
17698,50096,84936,hospital ,0.05058842
17699,50096,84936,hospital_room ,0.046586815
17700,50096,84960,runway ,0.22826006
17701,50096,84960,highway ,0.15027238
17702,50096,84960,landing_deck ,0.08148011
17703,50096,84960,tower ,0.0479501
17704,50096,84960,skyscraper ,0.038571563
17705,50096,84984,music_studio ,0.11872367
17706,50096,84984,hospital_room ,0.051653236
17707,50096,84984,skyscraper ,0.051299263
17708,50096,84984,stage/indoor ,0.048850883
17709,50096,84984,museum/indoor ,0.04236654
17710,50096,85008,music_studio ,0.15756685
17711,50096,85008,museum/indoor ,0.10372426
17712,50096,85008,clean_room ,0.06294477
17713,50096,85008,hospital_room ,0.056250572
17714,50096,85008,classroom ,0.028308244
17715,50096,85032,courtyard ,0.071014
17716,50096,85032,hospital ,0.059236746
17717,50096,85032,building_facade ,0.050644036
17718,50096,85032,office_building ,0.044425253
17719,50096,85032,jail_cell ,0.04077326
17720,50096,85056,clean_room ,0.059992004
17721,50096,85056,shower ,0.059457965
17722,50096,85056,museum/indoor ,0.04818337
17723,50096,85056,science_museum ,0.032906294
17724,50096,85056,office_building ,0.030827615
17725,50096,85080,museum/indoor ,0.13600782
17726,50096,85080,art_gallery ,0.10806138
17727,50096,85080,martial_arts_gym ,0.08093631
17728,50096,85080,gymnasium/indoor ,0.058753807
17729,50096,85080,boxing_ring ,0.044887375
17730,50096,85104,locker_room ,0.18856275
17731,50096,85104,dressing_room ,0.105542116
17732,50096,85104,shower ,0.095721394
17733,50096,85104,hospital_room ,0.063212186
17734,50096,85104,beauty_salon ,0.053774934
17735,50096,85128,castle ,0.10822584
17736,50096,85128,skyscraper ,0.07644281
17737,50096,85128,building_facade ,0.05157162
17738,50096,85128,tower ,0.050817613
17739,50096,85128,courtyard ,0.04641225
17740,50096,85152,skyscraper ,0.25539628
17741,50096,85152,office_building ,0.0994479
17742,50096,85152,downtown ,0.08990926
17743,50096,85152,tower ,0.05792734
17744,50096,85152,plaza ,0.047124762
17745,50096,85176,skyscraper ,0.34493858
17746,50096,85176,downtown ,0.21058923
17747,50096,85176,castle ,0.04098392
17748,50096,85176,plaza ,0.03961527
17749,50096,85176,tower ,0.03764969
17750,50096,85200,museum/indoor ,0.2523034
17751,50096,85200,tower ,0.07679713
17752,50096,85200,courthouse ,0.031258922
17753,50096,85200,mosque/outdoor ,0.026689481
17754,50096,85200,art_gallery ,0.025077334
17755,50096,85224,museum/indoor ,0.33543172
17756,50096,85224,natural_history_museum ,0.13878399
17757,50096,85224,science_museum ,0.067309774
17758,50096,85224,art_gallery ,0.054469857
17759,50096,85224,shower ,0.035562173
17760,50096,85248,train_station/platform ,0.14300065
17761,50096,85248,railroad_track ,0.12821998
17762,50096,85248,subway_station/platform ,0.052662417
17763,50096,85248,mausoleum ,0.051706146
17764,50096,85248,promenade ,0.042507887
17765,50096,85272,railroad_track ,0.15656558
17766,50096,85272,water_tower ,0.14548557
17767,50096,85272,train_station/platform ,0.13654669
17768,50096,85272,industrial_area ,0.10779802
17769,50096,85272,mosque/outdoor ,0.0420268
17770,50096,85296,museum/indoor ,0.32331172
17771,50096,85296,science_museum ,0.17150597
17772,50096,85296,natural_history_museum ,0.065876305
17773,50096,85296,shower ,0.05700291
17774,50096,85296,archive ,0.02884797
17775,50096,85320,sky ,0.5526304
17776,50096,85320,tower ,0.08343575
17777,50096,85320,water_tower ,0.053358383
17778,50096,85320,lighthouse ,0.032081626
17779,50096,85320,skyscraper ,0.030717809
17780,50096,85344,museum/indoor ,0.69977725
17781,50096,85344,science_museum ,0.04290598
17782,50096,85344,art_gallery ,0.039883647
17783,50096,85344,shower ,0.03331679
17784,50096,85344,natural_history_museum ,0.033266928
17785,50096,85368,shower ,0.058017034
17786,50096,85368,museum/indoor ,0.03397317
17787,50096,85368,bridge ,0.031466752
17788,50096,85368,campus ,0.030164413
17789,50096,85368,baseball_field ,0.028112184
17790,50096,85392,skyscraper ,0.23039296
17791,50096,85392,tower ,0.15290482
17792,50096,85392,sky ,0.13437352
17793,50096,85392,office_building ,0.0806276
17794,50096,85392,mosque/outdoor ,0.039258365
17795,50096,85416,museum/indoor ,0.36743504
17796,50096,85416,stage/indoor ,0.21394885
17797,50096,85416,art_gallery ,0.05620485
17798,50096,85416,art_studio ,0.035671335
17799,50096,85416,science_museum ,0.023875786
17800,50096,85440,basement ,0.5548985
17801,50096,85440,jail_cell ,0.13687244
17802,50096,85440,courtyard ,0.02486024
17803,50096,85440,attic ,0.021437347
17804,50096,85440,corridor ,0.0139872
17805,50096,85464,desert/sand ,0.20352472
17806,50096,85464,sky ,0.05273216
17807,50096,85464,wind_farm ,0.03220461
17808,50096,85464,shower ,0.0300219
17809,50096,85464,tower ,0.029661413
17810,50096,85488,clean_room ,0.5150837
17811,50096,85488,chemistry_lab ,0.074157506
17812,50096,85488,biology_laboratory ,0.056004655
17813,50096,85488,server_room ,0.0403438
17814,50096,85488,science_museum ,0.038143717
17815,50096,85512,server_room ,0.16401608
17816,50096,85512,clean_room ,0.054998532
17817,50096,85512,chemistry_lab ,0.037519637
17818,50096,85512,music_studio ,0.036122017
17819,50096,85512,physics_laboratory ,0.02811068
17820,50096,85536,skyscraper ,0.09919073
17821,50096,85536,tower ,0.08772466
17822,50096,85536,bridge ,0.07839728
17823,50096,85536,downtown ,0.029534478
17824,50096,85536,office_building ,0.02701218
17825,50096,85560,sky ,0.06768176
17826,50096,85560,lake/natural ,0.06574455
17827,50096,85560,beach ,0.06340029
17828,50096,85560,tower ,0.061158672
17829,50096,85560,coast ,0.054503527
17830,50096,85584,desert/sand ,0.1357996
17831,50096,85584,sky ,0.10014552
17832,50096,85584,tower ,0.04626804
17833,50096,85584,shower ,0.03326042
17834,50096,85584,wind_farm ,0.032525778
17835,50096,85608,tower ,0.18717805
17836,50096,85608,lighthouse ,0.13836521
17837,50096,85608,sky ,0.12148109
17838,50096,85608,skyscraper ,0.05688014
17839,50096,85608,wind_farm ,0.048356168
17840,50096,85632,tower ,0.1002936
17841,50096,85632,shower ,0.08201259
17842,50096,85632,skyscraper ,0.07117366
17843,50096,85632,chemistry_lab ,0.050557915
17844,50096,85632,discotheque ,0.03774632
17845,50096,85656,clean_room ,0.3297653
17846,50096,85656,science_museum ,0.09576472
17847,50096,85656,museum/indoor ,0.042834062
17848,50096,85656,jewelry_shop ,0.03559993
17849,50096,85656,natural_history_museum ,0.032920364
17850,50096,85680,server_room ,0.07936419
17851,50096,85680,runway ,0.038705878
17852,50096,85680,clean_room ,0.03683239
17853,50096,85680,science_museum ,0.03493878
17854,50096,85680,stage/indoor ,0.034714576
17855,50096,85704,science_museum ,0.081521325
17856,50096,85704,music_studio ,0.07040883
17857,50096,85704,clean_room ,0.053759426
17858,50096,85704,stage/indoor ,0.04073439
17859,50096,85704,server_room ,0.03513432
17860,50096,85728,tower ,0.122558974
17861,50096,85728,sky ,0.10639916
17862,50096,85728,desert/sand ,0.05962618
17863,50096,85728,skyscraper ,0.04359078
17864,50096,85728,water_tower ,0.03558242
17865,50096,85752,bridge ,0.21208572
17866,50096,85752,pier ,0.10512044
17867,50096,85752,skyscraper ,0.08717886
17868,50096,85752,tower ,0.06310964
17869,50096,85752,water_tower ,0.06251588
17870,50096,85776,skyscraper ,0.06777424
17871,50096,85776,shower ,0.051148534
17872,50096,85776,science_museum ,0.035910435
17873,50096,85776,office_building ,0.033833448
17874,50096,85776,bridge ,0.033058163
17875,50096,85800,shower ,0.17246144
17876,50096,85800,gift_shop ,0.07461697
17877,50096,85800,museum/indoor ,0.06131713
17878,50096,85800,clothing_store ,0.055099204
17879,50096,85800,childs_room ,0.05136371
17880,50096,85824,museum/indoor ,0.1916577
17881,50096,85824,natural_history_museum ,0.06714178
17882,50096,85824,jewelry_shop ,0.06127738
17883,50096,85824,art_gallery ,0.049438998
17884,50096,85824,clean_room ,0.031467568
17885,50096,85848,shower ,0.11043573
17886,50096,85848,art_gallery ,0.10573351
17887,50096,85848,natural_history_museum ,0.09318366
17888,50096,85848,museum/indoor ,0.05985075
17889,50096,85848,aquarium ,0.04942358
17890,50096,85872,shower ,0.14115582
17891,50096,85872,art_gallery ,0.05211839
17892,50096,85872,chemistry_lab ,0.049970444
17893,50096,85872,clean_room ,0.049052417
17894,50096,85872,museum/indoor ,0.041086953
17895,50096,85896,natural_history_museum ,0.095545925
17896,50096,85896,art_gallery ,0.061133847
17897,50096,85896,science_museum ,0.051379412
17898,50096,85896,clean_room ,0.050155308
17899,50096,85896,aquarium ,0.036573283
17900,50096,85920,archive ,0.1338868
17901,50096,85920,museum/indoor ,0.055572994
17902,50096,85920,science_museum ,0.044392094
17903,50096,85920,natural_history_museum ,0.04077431
17904,50096,85920,jewelry_shop ,0.035660136
17905,50096,85944,archive ,0.087229416
17906,50096,85944,chemistry_lab ,0.0536074
17907,50096,85944,clean_room ,0.049492776
17908,50096,85944,pharmacy ,0.042259764
17909,50096,85944,science_museum ,0.039167512
17910,50096,85968,mosque/outdoor ,0.07039801
17911,50096,85968,archive ,0.049717695
17912,50096,85968,chemistry_lab ,0.04516961
17913,50096,85968,museum/indoor ,0.041099876
17914,50096,85968,pharmacy ,0.02931232
17915,50096,85992,museum/indoor ,0.17844269
17916,50096,85992,archive ,0.04922867
17917,50096,85992,science_museum ,0.044072274
17918,50096,85992,art_gallery ,0.04359462
17919,50096,85992,music_studio ,0.027533
17920,50096,86016,schoolhouse ,0.053655393
17921,50096,86016,motel ,0.030782813
17922,50096,86016,archive ,0.02862452
17923,50096,86016,courtyard ,0.027982682
17924,50096,86016,campus ,0.026522111
17925,50096,86040,campus ,0.16355179
17926,50096,86040,courthouse ,0.061273403
17927,50096,86040,office_building ,0.050210968
17928,50096,86040,building_facade ,0.037886083
17929,50096,86040,courtyard ,0.034573875
17930,50096,86064,office_building ,0.060951296
17931,50096,86064,tower ,0.039941475
17932,50096,86064,skyscraper ,0.038990214
17933,50096,86064,campus ,0.033930976
17934,50096,86064,mosque/outdoor ,0.033882875
17935,50096,86088,campus ,0.039585315
17936,50096,86088,promenade ,0.039338958
17937,50096,86088,industrial_area ,0.034979917
17938,50096,86088,plaza ,0.034117498
17939,50096,86088,railroad_track ,0.031818345
17940,50096,86112,train_station/platform ,0.15464948
17941,50096,86112,railroad_track ,0.14622709
17942,50096,86112,subway_station/platform ,0.07710842
17943,50096,86112,bridge ,0.04569355
17944,50096,86112,viaduct ,0.026455933
17945,50096,86136,railroad_track ,0.097424865
17946,50096,86136,train_station/platform ,0.07052192
17947,50096,86136,bridge ,0.047368016
17948,50096,86136,construction_site ,0.044365
17949,50096,86136,subway_station/platform ,0.032655165
17950,50096,86160,promenade ,0.09690763
17951,50096,86160,industrial_area ,0.08995209
17952,50096,86160,construction_site ,0.08209218
17953,50096,86160,bridge ,0.06348775
17954,50096,86160,highway ,0.041995294
17955,50096,86184,industrial_area ,0.15737353
17956,50096,86184,promenade ,0.07562316
17957,50096,86184,construction_site ,0.0540301
17958,50096,86184,railroad_track ,0.03093415
17959,50096,86184,tower ,0.029023897
17960,50096,86208,industrial_area ,0.16072987
17961,50096,86208,promenade ,0.10136811
17962,50096,86208,water_tower ,0.052057736
17963,50096,86208,lighthouse ,0.04102135
17964,50096,86208,tower ,0.037919067
17965,50096,86232,industrial_area ,0.18376619
17966,50096,86232,promenade ,0.07649782
17967,50096,86232,water_tower ,0.057616215
17968,50096,86232,railroad_track ,0.040363975
17969,50096,86232,construction_site ,0.032092914
17970,50096,86256,industrial_area ,0.21983533
17971,50096,86256,water_tower ,0.05562579
17972,50096,86256,tower ,0.043707944
17973,50096,86256,railroad_track ,0.028565517
17974,50096,86256,construction_site ,0.028369218
17975,50096,86280,office_building ,0.2938925
17976,50096,86280,hospital ,0.27596667
17977,50096,86280,building_facade ,0.13559476
17978,50096,86280,apartment_building/outdoor ,0.064466156
17979,50096,86280,courthouse ,0.0477622
17980,50096,86304,hospital ,0.36043623
17981,50096,86304,office_building ,0.21943378
17982,50096,86304,building_facade ,0.11226259
17983,50096,86304,apartment_building/outdoor ,0.073367976
17984,50096,86304,atrium/public ,0.07080198
17985,50096,86328,hospital ,0.27509168
17986,50096,86328,office_building ,0.23384006
17987,50096,86328,building_facade ,0.15164648
17988,50096,86328,apartment_building/outdoor ,0.111653954
17989,50096,86328,courthouse ,0.05060745
17990,50096,86352,office_building ,0.16065855
17991,50096,86352,hospital ,0.1600589
17992,50096,86352,building_facade ,0.12987629
17993,50096,86352,courthouse ,0.10672833
17994,50096,86352,ski_resort ,0.061508324
17995,50096,86376,building_facade ,0.16646668
17996,50096,86376,ski_resort ,0.1310638
17997,50096,86376,courthouse ,0.11313857
17998,50096,86376,office_building ,0.11183284
17999,50096,86376,hospital ,0.09184996
18000,50096,86400,bow_window/indoor ,0.96935344
18001,50096,86400,living_room ,0.0061338646
18002,50096,86400,jail_cell ,0.003584872
18003,50096,86400,alcove ,0.003156672
18004,50096,86400,clean_room ,0.0017032315
18005,50096,86424,bow_window/indoor ,0.79704404
18006,50096,86424,jail_cell ,0.044371635
18007,50096,86424,archive ,0.032266404
18008,50096,86424,clean_room ,0.022810498
18009,50096,86424,office ,0.01867559
18010,50096,86448,bow_window/indoor ,0.87036055
18011,50096,86448,jail_cell ,0.0499077
18012,50096,86448,clean_room ,0.009946381
18013,50096,86448,office ,0.008540803
18014,50096,86448,alcove ,0.008342761
18015,50096,86472,bow_window/indoor ,0.9505529
18016,50096,86472,jail_cell ,0.013284703
18017,50096,86472,dining_room ,0.005559875
18018,50096,86472,alcove ,0.004524943
18019,50096,86472,office ,0.00398681
18020,50096,86496,bow_window/indoor ,0.9534389
18021,50096,86496,jail_cell ,0.0133110285
18022,50096,86496,alcove ,0.005636846
18023,50096,86496,dining_room ,0.0037332112
18024,50096,86496,office ,0.0034282838
18025,50096,86520,bow_window/indoor ,0.90902156
18026,50096,86520,jail_cell ,0.035434112
18027,50096,86520,clean_room ,0.006406787
18028,50096,86520,office ,0.006336259
18029,50096,86520,archive ,0.0061065173
18030,50096,86544,bow_window/indoor ,0.8663102
18031,50096,86544,jail_cell ,0.053717703
18032,50096,86544,shower ,0.012364972
18033,50096,86544,clean_room ,0.008632323
18034,50096,86544,archive ,0.008430482
18035,50096,86568,bow_window/indoor ,0.24896856
18036,50096,86568,archive ,0.19291748
18037,50096,86568,lecture_room ,0.111640476
18038,50096,86568,office ,0.10260574
18039,50096,86568,classroom ,0.093848385
18040,50096,86592,music_studio ,0.27139542
18041,50096,86592,ballroom ,0.111178495
18042,50096,86592,nursing_home ,0.089742
18043,50096,86592,lecture_room ,0.06486561
18044,50096,86592,classroom ,0.05789114
18045,50096,86616,bow_window/indoor ,0.16068025
18046,50096,86616,music_studio ,0.10889031
18047,50096,86616,dressing_room ,0.06364036
18048,50096,86616,living_room ,0.05811699
18049,50096,86616,clean_room ,0.052637283
18050,50096,86640,museum/indoor ,0.27302584
18051,50096,86640,dressing_room ,0.14642213
18052,50096,86640,music_studio ,0.09244545
18053,50096,86640,shower ,0.08269168
18054,50096,86640,bow_window/indoor ,0.06122234
18055,50096,86664,bow_window/indoor ,0.296716
18056,50096,86664,dressing_room ,0.20838824
18057,50096,86664,music_studio ,0.1064281
18058,50096,86664,museum/indoor ,0.08465677
18059,50096,86664,archive ,0.030085057
18060,50096,86688,bow_window/indoor ,0.36899537
18061,50096,86688,museum/indoor ,0.15861185
18062,50096,86688,dressing_room ,0.12051867
18063,50096,86688,clean_room ,0.046891335
18064,50096,86688,archive ,0.032099422
18065,50096,86712,bow_window/indoor ,0.45930666
18066,50096,86712,museum/indoor ,0.15154693
18067,50096,86712,clean_room ,0.057126187
18068,50096,86712,dressing_room ,0.05610296
18069,50096,86712,archive ,0.04260471
18070,50096,86736,bow_window/indoor ,0.27201265
18071,50096,86736,dressing_room ,0.18593822
18072,50096,86736,museum/indoor ,0.119881764
18073,50096,86736,clean_room ,0.07289825
18074,50096,86736,shower ,0.07254165
18075,50096,86760,bow_window/indoor ,0.25729248
18076,50096,86760,dressing_room ,0.16970578
18077,50096,86760,museum/indoor ,0.1277343
18078,50096,86760,clean_room ,0.07330262
18079,50096,86760,shower ,0.06860351
18080,50096,86784,bow_window/indoor ,0.23532207
18081,50096,86784,dressing_room ,0.22222911
18082,50096,86784,clean_room ,0.12316508
18083,50096,86784,shower ,0.06778652
18084,50096,86784,archive ,0.04536988
18085,50096,86808,dressing_room ,0.20045173
18086,50096,86808,bow_window/indoor ,0.08803107
18087,50096,86808,office ,0.07303748
18088,50096,86808,museum/indoor ,0.065429434
18089,50096,86808,clean_room ,0.06540566
18090,50096,86832,dressing_room ,0.6669938
18091,50096,86832,music_studio ,0.0890649
18092,50096,86832,shower ,0.0782877
18093,50096,86832,clean_room ,0.024222992
18094,50096,86832,museum/indoor ,0.018940818
18095,50096,86856,clean_room ,0.29012552
18096,50096,86856,museum/indoor ,0.110903025
18097,50096,86856,archive ,0.09682067
18098,50096,86856,dressing_room ,0.091713086
18099,50096,86856,jail_cell ,0.03517912
18100,50096,86880,dressing_room ,0.6464575
18101,50096,86880,clean_room ,0.25982082
18102,50096,86880,sauna ,0.016739646
18103,50096,86880,locker_room ,0.009863469
18104,50096,86880,museum/indoor ,0.008020465
18105,50096,86904,dressing_room ,0.8256795
18106,50096,86904,clean_room ,0.07970157
18107,50096,86904,sauna ,0.016986948
18108,50096,86904,locker_room ,0.01356008
18109,50096,86904,archive ,0.0076923487
18110,50096,86928,dressing_room ,0.7123151
18111,50096,86928,clean_room ,0.19547145
18112,50096,86928,sauna ,0.014091442
18113,50096,86928,museum/indoor ,0.012389168
18114,50096,86928,locker_room ,0.011226838
18115,50096,86952,dressing_room ,0.8589276
18116,50096,86952,clean_room ,0.05219717
18117,50096,86952,sauna ,0.015112332
18118,50096,86952,locker_room ,0.010347106
18119,50096,86952,shower ,0.009538411
18120,50096,86976,dressing_room ,0.7805258
18121,50096,86976,clean_room ,0.12904476
18122,50096,86976,sauna ,0.0144920405
18123,50096,86976,locker_room ,0.012019412
18124,50096,86976,shower ,0.009622051
18125,50096,87000,dressing_room ,0.77217275
18126,50096,87000,clean_room ,0.0491551
18127,50096,87000,sauna ,0.037667286
18128,50096,87000,shower ,0.02865918
18129,50096,87000,locker_room ,0.02026258
18130,50096,87024,dressing_room ,0.6560722
18131,50096,87024,clean_room ,0.14536683
18132,50096,87024,jail_cell ,0.026344718
18133,50096,87024,shower ,0.025418041
18134,50096,87024,sauna ,0.021471545
18135,50096,87048,dressing_room ,0.7133912
18136,50096,87048,clean_room ,0.1615141
18137,50096,87048,sauna ,0.016100023
18138,50096,87048,shower ,0.015779452
18139,50096,87048,locker_room ,0.014156445
18140,50096,87072,dressing_room ,0.6776624
18141,50096,87072,clean_room ,0.11927494
18142,50096,87072,shower ,0.032416802
18143,50096,87072,jail_cell ,0.029851284
18144,50096,87072,sauna ,0.022941181
18145,50096,87096,dressing_room ,0.20372325
18146,50096,87096,clean_room ,0.18602891
18147,50096,87096,jail_cell ,0.14608555
18148,50096,87096,shower ,0.12156288
18149,50096,87096,locker_room ,0.06355808
18150,50096,87120,shower ,0.21015759
18151,50096,87120,clean_room ,0.148671
18152,50096,87120,jail_cell ,0.13792095
18153,50096,87120,dressing_room ,0.08468086
18154,50096,87120,bathroom ,0.07367887
18155,50096,87144,dressing_room ,0.29464495
18156,50096,87144,clean_room ,0.20461825
18157,50096,87144,shower ,0.123938575
18158,50096,87144,bathroom ,0.058716934
18159,50096,87144,locker_room ,0.039195467
18160,50096,87168,dressing_room ,0.44653043
18161,50096,87168,clean_room ,0.17403696
18162,50096,87168,locker_room ,0.10982342
18163,50096,87168,shower ,0.046566244
18164,50096,87168,basement ,0.042679988
18165,50096,87192,dressing_room ,0.37411076
18166,50096,87192,locker_room ,0.18078397
18167,50096,87192,clean_room ,0.09589669
18168,50096,87192,shower ,0.082103044
18169,50096,87192,basement ,0.052533273
18170,50096,87216,dressing_room ,0.55501926
18171,50096,87216,clean_room ,0.115741424
18172,50096,87216,locker_room ,0.062847696
18173,50096,87216,shower ,0.05267357
18174,50096,87216,basement ,0.042954523
18175,50096,87240,clean_room ,0.21269199
18176,50096,87240,dressing_room ,0.2032066
18177,50096,87240,shower ,0.13259703
18178,50096,87240,sauna ,0.11391848
18179,50096,87240,locker_room ,0.108959995
18180,50096,87264,jail_cell ,0.60730946
18181,50096,87264,basement ,0.061534166
18182,50096,87264,bow_window/indoor ,0.045785252
18183,50096,87264,corridor ,0.032919798
18184,50096,87264,locker_room ,0.032005064
18185,50096,87288,desert/sand ,0.5645334
18186,50096,87288,sky ,0.044165455
18187,50096,87288,beach ,0.034353327
18188,50096,87288,lake/natural ,0.019857943
18189,50096,87288,marsh ,0.018134069
18190,50096,87312,elevator/door ,0.20531778
18191,50096,87312,hospital ,0.0838275
18192,50096,87312,ice_shelf ,0.058666594
18193,50096,87312,elevator_lobby ,0.055893533
18194,50096,87312,booth/indoor ,0.05107947
18195,50096,87336,booth/indoor ,0.39337498
18196,50096,87336,hospital ,0.19640416
18197,50096,87336,beauty_salon ,0.0739558
18198,50096,87336,drugstore ,0.045766678
18199,50096,87336,conference_center ,0.042356472
18200,50096,87360,booth/indoor ,0.42683896
18201,50096,87360,hospital ,0.16092326
18202,50096,87360,beauty_salon ,0.085006796
18203,50096,87360,drugstore ,0.037779555
18204,50096,87360,conference_center ,0.036867578
18205,50096,87384,booth/indoor ,0.42678174
18206,50096,87384,hospital ,0.16383207
18207,50096,87384,beauty_salon ,0.078769654
18208,50096,87384,conference_center ,0.040437415
18209,50096,87384,drugstore ,0.03567395
18210,50096,87408,booth/indoor ,0.2510619
18211,50096,87408,beauty_salon ,0.14224714
18212,50096,87408,hospital ,0.07828578
18213,50096,87408,ice_shelf ,0.054680366
18214,50096,87408,drugstore ,0.050825294
18215,50096,87432,booth/indoor ,0.2158111
18216,50096,87432,beauty_salon ,0.1381608
18217,50096,87432,hospital ,0.086149424
18218,50096,87432,ice_shelf ,0.06379431
18219,50096,87432,drugstore ,0.048420228
18220,50096,87456,booth/indoor ,0.22818922
18221,50096,87456,beauty_salon ,0.13528804
18222,50096,87456,hospital ,0.07316536
18223,50096,87456,drugstore ,0.05503305
18224,50096,87456,elevator/door ,0.04808127
18225,50096,87480,booth/indoor ,0.20660032
18226,50096,87480,beauty_salon ,0.13085622
18227,50096,87480,hospital ,0.08810858
18228,50096,87480,drugstore ,0.050030455
18229,50096,87480,elevator/door ,0.04882694
18230,50096,87504,booth/indoor ,0.22123615
18231,50096,87504,beauty_salon ,0.14476487
18232,50096,87504,hospital ,0.06951808
18233,50096,87504,elevator/door ,0.055871554
18234,50096,87504,drugstore ,0.04973792
18235,50096,87528,booth/indoor ,0.2831412
18236,50096,87528,beauty_salon ,0.1221926
18237,50096,87528,hospital ,0.06901054
18238,50096,87528,drugstore ,0.055396844
18239,50096,87528,ice_shelf ,0.041461285
18240,50096,87552,booth/indoor ,0.23950197
18241,50096,87552,beauty_salon ,0.10911414
18242,50096,87552,hospital ,0.07041922
18243,50096,87552,drugstore ,0.049434368
18244,50096,87552,elevator/door ,0.04733809
18245,50096,87576,booth/indoor ,0.19411285
18246,50096,87576,beauty_salon ,0.107582435
18247,50096,87576,hospital ,0.10304003
18248,50096,87576,elevator/door ,0.06773802
18249,50096,87576,drugstore ,0.04600342
18250,50096,87600,booth/indoor ,0.27455455
18251,50096,87600,hospital ,0.09618048
18252,50096,87600,beauty_salon ,0.081943356
18253,50096,87600,elevator/door ,0.059632123
18254,50096,87600,drugstore ,0.041078273
18255,50096,87624,booth/indoor ,0.2281535
18256,50096,87624,beauty_salon ,0.11032298
18257,50096,87624,hospital ,0.0755694
18258,50096,87624,elevator/door ,0.073953
18259,50096,87624,server_room ,0.05928994
18260,50096,87648,booth/indoor ,0.20320062
18261,50096,87648,hospital ,0.09480863
18262,50096,87648,beauty_salon ,0.075825885
18263,50096,87648,elevator/door ,0.07108332
18264,50096,87648,ice_shelf ,0.0509468
18265,50096,87672,booth/indoor ,0.19317235
18266,50096,87672,beauty_salon ,0.11275898
18267,50096,87672,hospital ,0.096970394
18268,50096,87672,elevator/door ,0.061157558
18269,50096,87672,drugstore ,0.047219116
18270,50096,87696,booth/indoor ,0.22693935
18271,50096,87696,beauty_salon ,0.08402275
18272,50096,87696,hospital ,0.08247521
18273,50096,87696,server_room ,0.06617652
18274,50096,87696,elevator/door ,0.06228295
18275,50096,87720,booth/indoor ,0.2607841
18276,50096,87720,beauty_salon ,0.10165936
18277,50096,87720,hospital ,0.076236516
18278,50096,87720,drugstore ,0.05770706
18279,50096,87720,ice_shelf ,0.044370614
18280,50096,87744,booth/indoor ,0.14805545
18281,50096,87744,hospital ,0.112673104
18282,50096,87744,beauty_salon ,0.109906636
18283,50096,87744,drugstore ,0.08108518
18284,50096,87744,elevator/door ,0.066339545
18285,50096,87768,booth/indoor ,0.16349807
18286,50096,87768,hospital ,0.12526624
18287,50096,87768,beauty_salon ,0.104579695
18288,50096,87768,drugstore ,0.0780993
18289,50096,87768,elevator/door ,0.05599088
18290,50096,87792,booth/indoor ,0.21572167
18291,50096,87792,hospital ,0.105538525
18292,50096,87792,beauty_salon ,0.084865086
18293,50096,87792,drugstore ,0.06906685
18294,50096,87792,elevator/door ,0.05407204
18295,50096,87816,booth/indoor ,0.24564768
18296,50096,87816,beauty_salon ,0.0941227
18297,50096,87816,hospital ,0.09051281
18298,50096,87816,drugstore ,0.05761578
18299,50096,87816,elevator/door ,0.046443764
18300,50096,87840,booth/indoor ,0.1733933
18301,50096,87840,hospital ,0.13100687
18302,50096,87840,beauty_salon ,0.102839954
18303,50096,87840,ice_shelf ,0.06654785
18304,50096,87840,drugstore ,0.05654431
18305,50096,87864,beauty_salon ,0.13268003
18306,50096,87864,booth/indoor ,0.124305055
18307,50096,87864,hospital ,0.12394649
18308,50096,87864,ice_shelf ,0.07182505
18309,50096,87864,drugstore ,0.06683556
18310,50096,87888,ice_shelf ,0.26923198
18311,50096,87888,beauty_salon ,0.116326354
18312,50096,87888,drugstore ,0.09485415
18313,50096,87888,hospital ,0.09151543
18314,50096,87888,pharmacy ,0.047846485
