,imdb_id,frame_num,place,confidence
0,42687,0,alcove,
1,42687,0,basement,
2,42687,0,tower,
3,42687,0,shower,
4,42687,0,skyscraper,
5,42687,24,natural_history_museum,
6,42687,24,museum/indoor,
7,42687,24,beauty_salon,
8,42687,24,underwater/ocean_deep,
9,42687,24,iceberg,
10,42687,48,natural_history_museum,
11,42687,48,beauty_salon,
12,42687,48,museum/indoor,
13,42687,48,underwater/ocean_deep,
14,42687,48,iceberg,
15,42687,72,beauty_salon,
16,42687,72,museum/indoor,
17,42687,72,clean_room,
18,42687,72,natural_history_museum,
19,42687,72,reception,
20,42687,96,beauty_salon,
21,42687,96,reception,
22,42687,96,museum/indoor,
23,42687,96,elevator_lobby,
24,42687,96,pharmacy,
25,42687,120,beauty_salon,
26,42687,120,museum/indoor,
27,42687,120,reception,
28,42687,120,shower,
29,42687,120,natural_history_museum,
30,42687,144,beauty_salon,
31,42687,144,reception,
32,42687,144,airport_terminal,
33,42687,144,drugstore,
34,42687,144,clean_room,
35,42687,168,beauty_salon,
36,42687,168,airport_terminal,
37,42687,168,reception,
38,42687,168,clean_room,
39,42687,168,elevator_lobby,
40,42687,192,beauty_salon,
41,42687,192,airport_terminal,
42,42687,192,reception,
43,42687,192,elevator_lobby,
44,42687,192,clean_room,
45,42687,216,museum/indoor,
46,42687,216,natural_history_museum,
47,42687,216,beauty_salon,
48,42687,216,clean_room,
49,42687,216,iceberg,
50,42687,240,elevator/door,
51,42687,240,museum/indoor,
52,42687,240,nursery,
53,42687,240,natural_history_museum,
54,42687,240,classroom,
55,42687,264,bow_window/indoor,
56,42687,264,elevator/door,
57,42687,264,alcove,
58,42687,264,closet,
59,42687,264,shower,
60,42687,288,elevator/door,
61,42687,288,shower,
62,42687,288,bow_window/indoor,
63,42687,288,jail_cell,
64,42687,288,hot_spring,
65,42687,312,hospital,
66,42687,312,campus,
67,42687,312,sky,
68,42687,312,hot_spring,
69,42687,312,elevator/door,
70,42687,336,hospital,
71,42687,336,sky,
72,42687,336,campus,
73,42687,336,elevator/door,
74,42687,336,bow_window/indoor,
75,42687,360,hospital,
76,42687,360,campus,
77,42687,360,elevator/door,
78,42687,360,hospital_room,
79,42687,360,bow_window/indoor,
80,42687,384,booth/indoor,
81,42687,384,kindergarden_classroom,
82,42687,384,ice_cream_parlor,
83,42687,384,beauty_salon,
84,42687,384,museum/indoor,
85,42687,408,booth/indoor,
86,42687,408,kindergarden_classroom,
87,42687,408,beauty_salon,
88,42687,408,pharmacy,
89,42687,408,ice_cream_parlor,
90,42687,432,booth/indoor,
91,42687,432,kindergarden_classroom,
92,42687,432,beauty_salon,
93,42687,432,pharmacy,
94,42687,432,ice_cream_parlor,
95,42687,456,booth/indoor,
96,42687,456,kindergarden_classroom,
97,42687,456,beauty_salon,
98,42687,456,pharmacy,
99,42687,456,ice_cream_parlor,
100,42687,480,booth/indoor,
101,42687,480,kindergarden_classroom,
102,42687,480,beauty_salon,
103,42687,480,pharmacy,
104,42687,480,drugstore,
105,42687,504,booth/indoor,
106,42687,504,kindergarden_classroom,
107,42687,504,nursery,
108,42687,504,ice_cream_parlor,
109,42687,504,bookstore,
110,42687,528,elevator/door,
111,42687,528,beauty_salon,
112,42687,528,shower,
113,42687,528,bathroom,
114,42687,528,coffee_shop,
115,42687,552,elevator/door,
116,42687,552,beauty_salon,
117,42687,552,coffee_shop,
118,42687,552,bank_vault,
119,42687,552,locker_room,
120,42687,576,elevator/door,
121,42687,576,beauty_salon,
122,42687,576,coffee_shop,
123,42687,576,locker_room,
124,42687,576,bank_vault,
125,42687,600,museum/indoor,
126,42687,600,art_studio,
127,42687,600,art_school,
128,42687,600,elevator/door,
129,42687,600,art_gallery,
130,42687,624,beauty_salon,
131,42687,624,pharmacy,
132,42687,624,booth/indoor,
133,42687,624,drugstore,
134,42687,624,museum/indoor,
135,42687,648,pharmacy,
136,42687,648,beauty_salon,
137,42687,648,hospital,
138,42687,648,drugstore,
139,42687,648,booth/indoor,
140,42687,672,pharmacy,
141,42687,672,beauty_salon,
142,42687,672,drugstore,
143,42687,672,hospital,
144,42687,672,booth/indoor,
145,42687,696,beauty_salon,
146,42687,696,pharmacy,
147,42687,696,booth/indoor,
148,42687,696,drugstore,
149,42687,696,hospital,
150,42687,720,pharmacy,
151,42687,720,beauty_salon,
152,42687,720,drugstore,
153,42687,720,hospital,
154,42687,720,booth/indoor,
155,42687,744,beauty_salon,
156,42687,744,pharmacy,
157,42687,744,booth/indoor,
158,42687,744,hospital,
159,42687,744,drugstore,
160,42687,768,beauty_salon,
161,42687,768,hospital,
162,42687,768,booth/indoor,
163,42687,768,pharmacy,
164,42687,768,coffee_shop,
165,42687,792,hospital,
166,42687,792,beauty_salon,
167,42687,792,pharmacy,
168,42687,792,campus,
169,42687,792,elevator/door,
170,42687,816,beauty_salon,
171,42687,816,hospital,
172,42687,816,pharmacy,
173,42687,816,coffee_shop,
174,42687,816,campus,
175,42687,840,beauty_salon,
176,42687,840,hospital,
177,42687,840,booth/indoor,
178,42687,840,lecture_room,
179,42687,840,coffee_shop,
180,42687,864,hospital,
181,42687,864,drugstore,
182,42687,864,pharmacy,
183,42687,864,booth/indoor,
184,42687,864,hospital_room,
185,42687,888,hospital,
186,42687,888,drugstore,
187,42687,888,pharmacy,
188,42687,888,hospital_room,
189,42687,888,booth/indoor,
190,42687,912,hospital,
191,42687,912,drugstore,
192,42687,912,pharmacy,
193,42687,912,hospital_room,
194,42687,912,booth/indoor,
195,42687,936,hospital,
196,42687,936,drugstore,
197,42687,936,pharmacy,
198,42687,936,hospital_room,
199,42687,936,booth/indoor,
200,42687,960,hospital,
201,42687,960,drugstore,
202,42687,960,pharmacy,
203,42687,960,booth/indoor,
204,42687,960,hospital_room,
205,42687,984,hospital,
206,42687,984,pharmacy,
207,42687,984,drugstore,
208,42687,984,hospital_room,
209,42687,984,booth/indoor,
210,42687,1008,archive,
211,42687,1008,museum/indoor,
212,42687,1008,booth/indoor,
213,42687,1008,lecture_room,
214,42687,1008,science_museum,
215,42687,1032,booth/indoor,
216,42687,1032,archive,
217,42687,1032,pharmacy,
218,42687,1032,museum/indoor,
219,42687,1032,hospital,
220,42687,1056,booth/indoor,
221,42687,1056,pharmacy,
222,42687,1056,archive,
223,42687,1056,hospital,
224,42687,1056,museum/indoor,
225,42687,1080,booth/indoor,
226,42687,1080,pharmacy,
227,42687,1080,hospital,
228,42687,1080,archive,
229,42687,1080,museum/indoor,
230,42687,1104,booth/indoor,
231,42687,1104,pharmacy,
232,42687,1104,archive,
233,42687,1104,hospital,
234,42687,1104,museum/indoor,
235,42687,1128,booth/indoor,
236,42687,1128,pharmacy,
237,42687,1128,archive,
238,42687,1128,hospital,
239,42687,1128,museum/indoor,
240,42687,1152,booth/indoor,
241,42687,1152,archive,
242,42687,1152,museum/indoor,
243,42687,1152,pharmacy,
244,42687,1152,lecture_room,
245,42687,1176,hospital,
246,42687,1176,beauty_salon,
247,42687,1176,elevator/door,
248,42687,1176,pharmacy,
249,42687,1176,sky,
250,42687,1200,hospital,
251,42687,1200,beauty_salon,
252,42687,1200,elevator/door,
253,42687,1200,pharmacy,
254,42687,1200,bow_window/indoor,
255,42687,1224,hospital,
256,42687,1224,elevator/door,
257,42687,1224,beauty_salon,
258,42687,1224,pharmacy,
259,42687,1224,bow_window/indoor,
260,42687,1248,hospital,
261,42687,1248,beauty_salon,
262,42687,1248,elevator/door,
263,42687,1248,pharmacy,
264,42687,1248,campus,
265,42687,1272,bow_window/indoor,
266,42687,1272,hospital,
267,42687,1272,campus,
268,42687,1272,beauty_salon,
269,42687,1272,sky,
270,42687,1296,beauty_salon,
271,42687,1296,hospital,
272,42687,1296,bow_window/indoor,
273,42687,1296,elevator/door,
274,42687,1296,pharmacy,
275,42687,1320,beauty_salon,
276,42687,1320,hospital,
277,42687,1320,bow_window/indoor,
278,42687,1320,elevator/door,
279,42687,1320,pharmacy,
280,42687,1344,hospital,
281,42687,1344,bow_window/indoor,
282,42687,1344,beauty_salon,
283,42687,1344,sky,
284,42687,1344,elevator/door,
285,42687,1368,hospital,
286,42687,1368,skyscraper,
287,42687,1368,sky,
288,42687,1368,campus,
289,42687,1368,office_building,
290,42687,1392,hospital,
291,42687,1392,bow_window/indoor,
292,42687,1392,sky,
293,42687,1392,campus,
294,42687,1392,hospital_room,
295,42687,1416,hospital,
296,42687,1416,bow_window/indoor,
297,42687,1416,sky,
298,42687,1416,campus,
299,42687,1416,motel,
300,42687,1440,hospital,
301,42687,1440,bow_window/indoor,
302,42687,1440,campus,
303,42687,1440,sky,
304,42687,1440,office_building,
305,42687,1464,hospital,
306,42687,1464,bow_window/indoor,
307,42687,1464,sky,
308,42687,1464,campus,
309,42687,1464,motel,
310,42687,1488,hospital,
311,42687,1488,sky,
312,42687,1488,campus,
313,42687,1488,water_tower,
314,42687,1488,hospital_room,
315,42687,1512,hospital,
316,42687,1512,hot_spring,
317,42687,1512,elevator/door,
318,42687,1512,beauty_salon,
319,42687,1512,pharmacy,
320,42687,1536,bow_window/indoor,
321,42687,1536,elevator/door,
322,42687,1536,alcove,
323,42687,1536,closet,
324,42687,1536,shower,
325,42687,1560,bow_window/indoor,
326,42687,1560,elevator/door,
327,42687,1560,alcove,
328,42687,1560,closet,
329,42687,1560,shower,
330,42687,1584,shower,
331,42687,1584,elevator/door,
332,42687,1584,utility_room,
333,42687,1584,alcove,
334,42687,1584,basement,
335,42687,1608,elevator/door,
336,42687,1608,hospital,
337,42687,1608,elevator_lobby,
338,42687,1608,reception,
339,42687,1608,atrium/public,
340,42687,1632,elevator/door,
341,42687,1632,hospital,
342,42687,1632,atrium/public,
343,42687,1632,elevator_lobby,
344,42687,1632,airport_terminal,
345,42687,1656,elevator/door,
346,42687,1656,pharmacy,
347,42687,1656,hospital,
348,42687,1656,elevator_lobby,
349,42687,1656,tower,
350,42687,1680,jail_cell,
351,42687,1680,clean_room,
352,42687,1680,locker_room,
353,42687,1680,shower,
354,42687,1680,corridor,
355,42687,1704,clean_room,
356,42687,1704,chemistry_lab,
357,42687,1704,skyscraper,
358,42687,1704,tower,
359,42687,1704,shower,
360,42687,1728,corridor,
361,42687,1728,skyscraper,
362,42687,1728,bow_window/indoor,
363,42687,1728,shower,
364,42687,1728,wind_farm,
365,42687,1752,corridor,
366,42687,1752,art_gallery,
367,42687,1752,bow_window/indoor,
368,42687,1752,artists_loft,
369,42687,1752,basement,
370,42687,1776,clean_room,
371,42687,1776,art_gallery,
372,42687,1776,corridor,
373,42687,1776,artists_loft,
374,42687,1776,skyscraper,
375,42687,1800,corridor,
376,42687,1800,clean_room,
377,42687,1800,art_gallery,
378,42687,1800,museum/indoor,
379,42687,1800,artists_loft,
380,42687,1824,clean_room,
381,42687,1824,corridor,
382,42687,1824,art_gallery,
383,42687,1824,basement,
384,42687,1824,museum/indoor,
385,42687,1848,corridor,
386,42687,1848,clean_room,
387,42687,1848,art_gallery,
388,42687,1848,museum/indoor,
389,42687,1848,skyscraper,
390,42687,1872,shower,
391,42687,1872,clean_room,
392,42687,1872,bathroom,
393,42687,1872,elevator/door,
394,42687,1872,locker_room,
395,42687,1896,clean_room,
396,42687,1896,shower,
397,42687,1896,elevator/door,
398,42687,1896,dressing_room,
399,42687,1896,elevator_lobby,
400,42687,1920,clean_room,
401,42687,1920,elevator/door,
402,42687,1920,dressing_room,
403,42687,1920,elevator_lobby,
404,42687,1920,shower,
405,42687,1944,clean_room,
406,42687,1944,dressing_room,
407,42687,1944,locker_room,
408,42687,1944,elevator_lobby,
409,42687,1944,elevator/door,
410,42687,1968,elevator/door,
411,42687,1968,clean_room,
412,42687,1968,locker_room,
413,42687,1968,elevator_lobby,
414,42687,1968,corridor,
415,42687,1992,clean_room,
416,42687,1992,elevator_lobby,
417,42687,1992,elevator/door,
418,42687,1992,corridor,
419,42687,1992,locker_room,
420,42687,2016,dressing_room,
421,42687,2016,elevator/door,
422,42687,2016,clean_room,
423,42687,2016,locker_room,
424,42687,2016,shower,
425,42687,2040,shower,
426,42687,2040,dressing_room,
427,42687,2040,locker_room,
428,42687,2040,bathroom,
429,42687,2040,elevator/door,
430,42687,2064,elevator/door,
431,42687,2064,elevator_lobby,
432,42687,2064,corridor,
433,42687,2064,locker_room,
434,42687,2064,bank_vault,
435,42687,2088,elevator/door,
436,42687,2088,corridor,
437,42687,2088,elevator_lobby,
438,42687,2088,clean_room,
439,42687,2088,locker_room,
440,42687,2112,clean_room,
441,42687,2112,basement,
442,42687,2112,elevator/door,
443,42687,2112,attic,
444,42687,2112,staircase,
445,42687,2136,clean_room,
446,42687,2136,museum/indoor,
447,42687,2136,art_gallery,
448,42687,2136,office,
449,42687,2136,artists_loft,
450,42687,2160,reception,
451,42687,2160,archive,
452,42687,2160,staircase,
453,42687,2160,jewelry_shop,
454,42687,2160,museum/indoor,
455,42687,2184,museum/indoor,
456,42687,2184,clean_room,
457,42687,2184,nursery,
458,42687,2184,art_gallery,
459,42687,2184,archive,
460,42687,2208,clean_room,
461,42687,2208,discotheque,
462,42687,2208,dressing_room,
463,42687,2208,beauty_salon,
464,42687,2208,stage/indoor,
465,42687,2232,clean_room,
466,42687,2232,airport_terminal,
467,42687,2232,locker_room,
468,42687,2232,auto_factory,
469,42687,2232,server_room,
470,42687,2256,clean_room,
471,42687,2256,airport_terminal,
472,42687,2256,locker_room,
473,42687,2256,server_room,
474,42687,2256,parking_garage/indoor,
475,42687,2280,clean_room,
476,42687,2280,airport_terminal,
477,42687,2280,auto_factory,
478,42687,2280,locker_room,
479,42687,2280,assembly_line,
480,42687,2304,clean_room,
481,42687,2304,auto_factory,
482,42687,2304,assembly_line,
483,42687,2304,parking_garage/indoor,
484,42687,2304,airport_terminal,
485,42687,2328,clean_room,
486,42687,2328,bathroom,
487,42687,2328,chemistry_lab,
488,42687,2328,locker_room,
489,42687,2328,shower,
490,42687,2352,dressing_room,
491,42687,2352,clean_room,
492,42687,2352,beauty_salon,
493,42687,2352,bathroom,
494,42687,2352,office,
495,42687,2376,bathroom,
496,42687,2376,clean_room,
497,42687,2376,shower,
498,42687,2376,dressing_room,
499,42687,2376,beauty_salon,
500,42687,2400,clean_room,
501,42687,2400,bathroom,
502,42687,2400,locker_room,
503,42687,2400,shower,
504,42687,2400,chemistry_lab,
505,42687,2424,clean_room,
506,42687,2424,airport_terminal,
507,42687,2424,bathroom,
508,42687,2424,science_museum,
509,42687,2424,shower,
510,42687,2448,clean_room,
511,42687,2448,science_museum,
512,42687,2448,airport_terminal,
513,42687,2448,chemistry_lab,
514,42687,2448,museum/indoor,
515,42687,2472,clean_room,
516,42687,2472,chemistry_lab,
517,42687,2472,bathroom,
518,42687,2472,shower,
519,42687,2472,science_museum,
520,42687,2496,clean_room,
521,42687,2496,science_museum,
522,42687,2496,shower,
523,42687,2496,chemistry_lab,
524,42687,2496,airport_terminal,
525,42687,2520,clean_room,
526,42687,2520,beauty_salon,
527,42687,2520,shower,
528,42687,2520,bathroom,
529,42687,2520,laundromat,
530,42687,2544,clean_room,
531,42687,2544,corridor,
532,42687,2544,locker_room,
533,42687,2544,operating_room,
534,42687,2544,airport_terminal,
535,42687,2568,clean_room,
536,42687,2568,corridor,
537,42687,2568,locker_room,
538,42687,2568,bank_vault,
539,42687,2568,parking_garage/indoor,
540,42687,2592,clean_room,
541,42687,2592,bank_vault,
542,42687,2592,chemistry_lab,
543,42687,2592,parking_garage/indoor,
544,42687,2592,locker_room,
545,42687,2616,clean_room,
546,42687,2616,bathroom,
547,42687,2616,bank_vault,
548,42687,2616,auto_factory,
549,42687,2616,parking_garage/indoor,
550,42687,2640,clean_room,
551,42687,2640,bank_vault,
552,42687,2640,server_room,
553,42687,2640,shower,
554,42687,2640,bathroom,
555,42687,2664,clean_room,
556,42687,2664,shower,
557,42687,2664,bathroom,
558,42687,2664,parking_garage/indoor,
559,42687,2664,airport_terminal,
560,42687,2688,clean_room,
561,42687,2688,elevator_lobby,
562,42687,2688,corridor,
563,42687,2688,elevator/door,
564,42687,2688,server_room,
565,42687,2712,clean_room,
566,42687,2712,server_room,
567,42687,2712,chemistry_lab,
568,42687,2712,archive,
569,42687,2712,shower,
570,42687,2736,skyscraper,
571,42687,2736,clean_room,
572,42687,2736,server_room,
573,42687,2736,shower,
574,42687,2736,tower,
575,42687,2760,discotheque,
576,42687,2760,stage/indoor,
577,42687,2760,music_studio,
578,42687,2760,television_studio,
579,42687,2760,lecture_room,
580,42687,2784,stage/indoor,
581,42687,2784,discotheque,
582,42687,2784,museum/indoor,
583,42687,2784,music_studio,
584,42687,2784,lecture_room,
585,42687,2808,stage/indoor,
586,42687,2808,music_studio,
587,42687,2808,discotheque,
588,42687,2808,museum/indoor,
589,42687,2808,martial_arts_gym,
590,42687,2832,museum/indoor,
591,42687,2832,discotheque,
592,42687,2832,stage/indoor,
593,42687,2832,art_gallery,
594,42687,2832,clean_room,
595,42687,2856,discotheque,
596,42687,2856,stage/indoor,
597,42687,2856,music_studio,
598,42687,2856,television_studio,
599,42687,2856,dressing_room,
600,42687,2880,stage/indoor,
601,42687,2880,music_studio,
602,42687,2880,museum/indoor,
603,42687,2880,archive,
604,42687,2880,discotheque,
605,42687,2904,music_studio,
606,42687,2904,stage/indoor,
607,42687,2904,museum/indoor,
608,42687,2904,discotheque,
609,42687,2904,art_gallery,
610,42687,2928,stage/indoor,
611,42687,2928,museum/indoor,
612,42687,2928,music_studio,
613,42687,2928,discotheque,
614,42687,2928,television_studio,
615,42687,2952,stage/indoor,
616,42687,2952,discotheque,
617,42687,2952,music_studio,
618,42687,2952,art_gallery,
619,42687,2952,museum/indoor,
620,42687,2976,stage/indoor,
621,42687,2976,museum/indoor,
622,42687,2976,art_gallery,
623,42687,2976,music_studio,
624,42687,2976,discotheque,
625,42687,3000,stage/indoor,
626,42687,3000,discotheque,
627,42687,3000,music_studio,
628,42687,3000,lecture_room,
629,42687,3000,television_studio,
630,42687,3024,museum/indoor,
631,42687,3024,stage/indoor,
632,42687,3024,music_studio,
633,42687,3024,art_gallery,
634,42687,3024,discotheque,
635,42687,3048,stage/indoor,
636,42687,3048,discotheque,
637,42687,3048,music_studio,
638,42687,3048,museum/indoor,
639,42687,3048,lecture_room,
640,42687,3072,stage/indoor,
641,42687,3072,discotheque,
642,42687,3072,music_studio,
643,42687,3072,archive,
644,42687,3072,television_studio,
645,42687,3096,stage/indoor,
646,42687,3096,music_studio,
647,42687,3096,museum/indoor,
648,42687,3096,television_studio,
649,42687,3096,discotheque,
650,42687,3120,stage/indoor,
651,42687,3120,museum/indoor,
652,42687,3120,music_studio,
653,42687,3120,archive,
654,42687,3120,lecture_room,
655,42687,3144,music_studio,
656,42687,3144,stage/indoor,
657,42687,3144,discotheque,
658,42687,3144,museum/indoor,
659,42687,3144,dressing_room,
660,42687,3168,discotheque,
661,42687,3168,stage/indoor,
662,42687,3168,music_studio,
663,42687,3168,television_studio,
664,42687,3168,museum/indoor,
665,42687,3192,discotheque,
666,42687,3192,music_studio,
667,42687,3192,stage/indoor,
668,42687,3192,dressing_room,
669,42687,3192,television_studio,
670,42687,3216,discotheque,
671,42687,3216,stage/indoor,
672,42687,3216,music_studio,
673,42687,3216,television_studio,
674,42687,3216,art_gallery,
675,42687,3240,discotheque,
676,42687,3240,stage/indoor,
677,42687,3240,music_studio,
678,42687,3240,basement,
679,42687,3240,ballroom,
680,42687,3264,discotheque,
681,42687,3264,stage/indoor,
682,42687,3264,music_studio,
683,42687,3264,classroom,
684,42687,3264,lecture_room,
685,42687,3288,stage/indoor,
686,42687,3288,discotheque,
687,42687,3288,music_studio,
688,42687,3288,television_studio,
689,42687,3288,dressing_room,
690,42687,3312,stage/indoor,
691,42687,3312,discotheque,
692,42687,3312,music_studio,
693,42687,3312,basement,
694,42687,3312,television_studio,
695,42687,3336,stage/indoor,
696,42687,3336,discotheque,
697,42687,3336,music_studio,
698,42687,3336,classroom,
699,42687,3336,lecture_room,
700,42687,3360,stage/indoor,
701,42687,3360,museum/indoor,
702,42687,3360,discotheque,
703,42687,3360,music_studio,
704,42687,3360,lecture_room,
705,42687,3384,stage/indoor,
706,42687,3384,discotheque,
707,42687,3384,classroom,
708,42687,3384,lecture_room,
709,42687,3384,museum/indoor,
710,42687,3408,discotheque,
711,42687,3408,stage/indoor,
712,42687,3408,dressing_room,
713,42687,3408,music_studio,
714,42687,3408,art_gallery,
715,42687,3432,discotheque,
716,42687,3432,art_gallery,
717,42687,3432,stage/indoor,
718,42687,3432,museum/indoor,
719,42687,3432,dressing_room,
720,42687,3456,discotheque,
721,42687,3456,stage/indoor,
722,42687,3456,music_studio,
723,42687,3456,dressing_room,
724,42687,3456,television_studio,
725,42687,3480,discotheque,
726,42687,3480,stage/indoor,
727,42687,3480,music_studio,
728,42687,3480,art_gallery,
729,42687,3480,museum/indoor,
730,42687,3504,museum/indoor,
731,42687,3504,music_studio,
732,42687,3504,art_gallery,
733,42687,3504,discotheque,
734,42687,3504,stage/indoor,
735,42687,3528,music_studio,
736,42687,3528,art_gallery,
737,42687,3528,museum/indoor,
738,42687,3528,discotheque,
739,42687,3528,sauna,
740,42687,3552,art_gallery,
741,42687,3552,museum/indoor,
742,42687,3552,clean_room,
743,42687,3552,music_studio,
744,42687,3552,stage/indoor,
745,42687,3576,museum/indoor,
746,42687,3576,dressing_room,
747,42687,3576,art_gallery,
748,42687,3576,clean_room,
749,42687,3576,art_studio,
750,42687,3600,art_gallery,
751,42687,3600,museum/indoor,
752,42687,3600,shower,
753,42687,3600,sauna,
754,42687,3600,reception,
755,42687,3624,museum/indoor,
756,42687,3624,art_gallery,
757,42687,3624,archive,
758,42687,3624,music_studio,
759,42687,3624,sauna,
760,42687,3648,museum/indoor,
761,42687,3648,art_gallery,
762,42687,3648,archive,
763,42687,3648,dressing_room,
764,42687,3648,artists_loft,
765,42687,3672,museum/indoor,
766,42687,3672,art_gallery,
767,42687,3672,attic,
768,42687,3672,archive,
769,42687,3672,sauna,
770,42687,3696,attic,
771,42687,3696,art_gallery,
772,42687,3696,basement,
773,42687,3696,museum/indoor,
774,42687,3696,artists_loft,
775,42687,3720,discotheque,
776,42687,3720,music_studio,
777,42687,3720,basement,
778,42687,3720,classroom,
779,42687,3720,archive,
780,42687,3744,discotheque,
781,42687,3744,stage/indoor,
782,42687,3744,museum/indoor,
783,42687,3744,music_studio,
784,42687,3744,art_gallery,
785,42687,3768,archive,
786,42687,3768,classroom,
787,42687,3768,music_studio,
788,42687,3768,stage/indoor,
789,42687,3768,museum/indoor,
790,42687,3792,music_studio,
791,42687,3792,museum/indoor,
792,42687,3792,stage/indoor,
793,42687,3792,archive,
794,42687,3792,classroom,
795,42687,3816,museum/indoor,
796,42687,3816,archive,
797,42687,3816,art_gallery,
798,42687,3816,stage/indoor,
799,42687,3816,music_studio,
800,42687,3840,museum/indoor,
801,42687,3840,stage/indoor,
802,42687,3840,discotheque,
803,42687,3840,art_gallery,
804,42687,3840,music_studio,
805,42687,3864,discotheque,
806,42687,3864,stage/indoor,
807,42687,3864,museum/indoor,
808,42687,3864,music_studio,
809,42687,3864,art_gallery,
810,42687,3888,discotheque,
811,42687,3888,museum/indoor,
812,42687,3888,art_gallery,
813,42687,3888,stage/indoor,
814,42687,3888,dressing_room,
815,42687,3912,discotheque,
816,42687,3912,stage/indoor,
817,42687,3912,museum/indoor,
818,42687,3912,art_gallery,
819,42687,3912,music_studio,
820,42687,3936,museum/indoor,
821,42687,3936,art_gallery,
822,42687,3936,archive,
823,42687,3936,stage/indoor,
824,42687,3936,music_studio,
825,42687,3960,art_gallery,
826,42687,3960,stage/indoor,
827,42687,3960,museum/indoor,
828,42687,3960,music_studio,
829,42687,3960,discotheque,
830,42687,3984,music_studio,
831,42687,3984,stage/indoor,
832,42687,3984,museum/indoor,
833,42687,3984,art_gallery,
834,42687,3984,discotheque,
835,42687,4008,archive,
836,42687,4008,classroom,
837,42687,4008,museum/indoor,
838,42687,4008,lecture_room,
839,42687,4008,music_studio,
840,42687,4032,discotheque,
841,42687,4032,stage/indoor,
842,42687,4032,music_studio,
843,42687,4032,lecture_room,
844,42687,4032,television_studio,
845,42687,4056,museum/indoor,
846,42687,4056,art_gallery,
847,42687,4056,discotheque,
848,42687,4056,sauna,
849,42687,4056,locker_room,
850,42687,4080,museum/indoor,
851,42687,4080,sauna,
852,42687,4080,art_gallery,
853,42687,4080,archive,
854,42687,4080,locker_room,
855,42687,4104,museum/indoor,
856,42687,4104,art_gallery,
857,42687,4104,sauna,
858,42687,4104,archive,
859,42687,4104,artists_loft,
860,42687,4128,sauna,
861,42687,4128,art_gallery,
862,42687,4128,museum/indoor,
863,42687,4128,basement,
864,42687,4128,music_studio,
865,42687,4152,discotheque,
866,42687,4152,classroom,
867,42687,4152,art_gallery,
868,42687,4152,stage/indoor,
869,42687,4152,museum/indoor,
870,42687,4176,museum/indoor,
871,42687,4176,discotheque,
872,42687,4176,stage/indoor,
873,42687,4176,art_gallery,
874,42687,4176,lecture_room,
875,42687,4200,stage/indoor,
876,42687,4200,discotheque,
877,42687,4200,music_studio,
878,42687,4200,lecture_room,
879,42687,4200,classroom,
880,42687,4224,corridor,
881,42687,4224,skyscraper,
882,42687,4224,shower,
883,42687,4224,elevator/door,
884,42687,4224,downtown,
885,42687,4248,elevator/door,
886,42687,4248,clean_room,
887,42687,4248,elevator_lobby,
888,42687,4248,server_room,
889,42687,4248,shower,
890,42687,4272,clean_room,
891,42687,4272,shower,
892,42687,4272,server_room,
893,42687,4272,corridor,
894,42687,4272,elevator/door,
895,42687,4296,clean_room,
896,42687,4296,chemistry_lab,
897,42687,4296,server_room,
898,42687,4296,airport_terminal,
899,42687,4296,biology_laboratory,
900,42687,4320,clean_room,
901,42687,4320,chemistry_lab,
902,42687,4320,biology_laboratory,
903,42687,4320,airport_terminal,
904,42687,4320,server_room,
905,42687,4344,clean_room,
906,42687,4344,chemistry_lab,
907,42687,4344,pharmacy,
908,42687,4344,biology_laboratory,
909,42687,4344,drugstore,
910,42687,4368,clean_room,
911,42687,4368,dressing_room,
912,42687,4368,chemistry_lab,
913,42687,4368,biology_laboratory,
914,42687,4368,beauty_salon,
915,42687,4392,bathroom,
916,42687,4392,clean_room,
917,42687,4392,shower,
918,42687,4392,dressing_room,
919,42687,4392,beauty_salon,
920,42687,4416,bathroom,
921,42687,4416,shower,
922,42687,4416,dressing_room,
923,42687,4416,clean_room,
924,42687,4416,beauty_salon,
925,42687,4440,bathroom,
926,42687,4440,dressing_room,
927,42687,4440,clean_room,
928,42687,4440,shower,
929,42687,4440,beauty_salon,
930,42687,4464,bathroom,
931,42687,4464,dressing_room,
932,42687,4464,artists_loft,
933,42687,4464,shower,
934,42687,4464,clean_room,
935,42687,4488,clean_room,
936,42687,4488,beauty_salon,
937,42687,4488,art_gallery,
938,42687,4488,chemistry_lab,
939,42687,4488,dressing_room,
940,42687,4512,dressing_room,
941,42687,4512,clean_room,
942,42687,4512,art_gallery,
943,42687,4512,museum/indoor,
944,42687,4512,bathroom,
945,42687,4536,clean_room,
946,42687,4536,dressing_room,
947,42687,4536,art_gallery,
948,42687,4536,chemistry_lab,
949,42687,4536,museum/indoor,
950,42687,4560,clean_room,
951,42687,4560,museum/indoor,
952,42687,4560,dressing_room,
953,42687,4560,art_gallery,
954,42687,4560,art_studio,
955,42687,4584,clean_room,
956,42687,4584,dressing_room,
957,42687,4584,museum/indoor,
958,42687,4584,art_gallery,
959,42687,4584,beauty_salon,
960,42687,4608,clean_room,
961,42687,4608,dressing_room,
962,42687,4608,beauty_salon,
963,42687,4608,art_gallery,
964,42687,4608,museum/indoor,
965,42687,4632,clean_room,
966,42687,4632,dressing_room,
967,42687,4632,museum/indoor,
968,42687,4632,beauty_salon,
969,42687,4632,art_gallery,
970,42687,4656,clean_room,
971,42687,4656,museum/indoor,
972,42687,4656,dressing_room,
973,42687,4656,art_gallery,
974,42687,4656,beauty_salon,
975,42687,4680,clean_room,
976,42687,4680,museum/indoor,
977,42687,4680,dressing_room,
978,42687,4680,art_gallery,
979,42687,4680,beauty_salon,
980,42687,4704,clean_room,
981,42687,4704,museum/indoor,
982,42687,4704,art_gallery,
983,42687,4704,chemistry_lab,
984,42687,4704,dressing_room,
985,42687,4728,clean_room,
986,42687,4728,museum/indoor,
987,42687,4728,art_gallery,
988,42687,4728,operating_room,
989,42687,4728,dressing_room,
990,42687,4752,clean_room,
991,42687,4752,museum/indoor,
992,42687,4752,art_gallery,
993,42687,4752,operating_room,
994,42687,4752,dressing_room,
995,42687,4776,clean_room,
996,42687,4776,dressing_room,
997,42687,4776,museum/indoor,
998,42687,4776,beauty_salon,
999,42687,4776,art_gallery,
1000,42687,4800,dressing_room,
1001,42687,4800,clean_room,
1002,42687,4800,art_gallery,
1003,42687,4800,museum/indoor,
1004,42687,4800,art_studio,
1005,42687,4824,clean_room,
1006,42687,4824,bathroom,
1007,42687,4824,dressing_room,
1008,42687,4824,beauty_salon,
1009,42687,4824,biology_laboratory,
1010,42687,4848,clean_room,
1011,42687,4848,dressing_room,
1012,42687,4848,beauty_salon,
1013,42687,4848,chemistry_lab,
1014,42687,4848,biology_laboratory,
1015,42687,4872,clean_room,
1016,42687,4872,dressing_room,
1017,42687,4872,operating_room,
1018,42687,4872,beauty_salon,
1019,42687,4872,hospital_room,
1020,42687,4896,entrance_hall,
1021,42687,4896,bow_window/indoor,
1022,42687,4896,corridor,
1023,42687,4896,alcove,
1024,42687,4896,dining_room,
1025,42687,4920,bow_window/indoor,
1026,42687,4920,entrance_hall,
1027,42687,4920,artists_loft,
1028,42687,4920,clean_room,
1029,42687,4920,corridor,
1030,42687,4944,office,
1031,42687,4944,archive,
1032,42687,4944,conference_room,
1033,42687,4944,clean_room,
1034,42687,4944,library/indoor,
1035,42687,4968,staircase,
1036,42687,4968,attic,
1037,42687,4968,basement,
1038,42687,4968,sauna,
1039,42687,4968,entrance_hall,
1040,42687,4992,archive,
1041,42687,4992,artists_loft,
1042,42687,4992,museum/indoor,
1043,42687,4992,art_studio,
1044,42687,4992,art_gallery,
1045,42687,5016,clean_room,
1046,42687,5016,bow_window/indoor,
1047,42687,5016,alcove,
1048,42687,5016,artists_loft,
1049,42687,5016,office,
1050,42687,5040,beauty_salon,
1051,42687,5040,clean_room,
1052,42687,5040,operating_room,
1053,42687,5040,hospital_room,
1054,42687,5040,dressing_room,
1055,42687,5064,clean_room,
1056,42687,5064,beauty_salon,
1057,42687,5064,operating_room,
1058,42687,5064,hospital_room,
1059,42687,5064,dressing_room,
1060,42687,5088,beauty_salon,
1061,42687,5088,clean_room,
1062,42687,5088,operating_room,
1063,42687,5088,hospital_room,
1064,42687,5088,dining_room,
1065,42687,5112,beauty_salon,
1066,42687,5112,clean_room,
1067,42687,5112,operating_room,
1068,42687,5112,hospital_room,
1069,42687,5112,dressing_room,
1070,42687,5136,beauty_salon,
1071,42687,5136,clean_room,
1072,42687,5136,operating_room,
1073,42687,5136,hospital_room,
1074,42687,5136,dressing_room,
1075,42687,5160,clean_room,
1076,42687,5160,museum/indoor,
1077,42687,5160,art_gallery,
1078,42687,5160,nursery,
1079,42687,5160,archive,
1080,42687,5184,clean_room,
1081,42687,5184,museum/indoor,
1082,42687,5184,art_gallery,
1083,42687,5184,nursery,
1084,42687,5184,archive,
1085,42687,5208,clean_room,
1086,42687,5208,museum/indoor,
1087,42687,5208,art_gallery,
1088,42687,5208,natural_history_museum,
1089,42687,5208,archive,
1090,42687,5232,art_gallery,
1091,42687,5232,clean_room,
1092,42687,5232,museum/indoor,
1093,42687,5232,natural_history_museum,
1094,42687,5232,archive,
1095,42687,5256,staircase,
1096,42687,5256,nursery,
1097,42687,5256,atrium/public,
1098,42687,5256,alcove,
1099,42687,5256,archive,
1100,42687,5280,dressing_room,
1101,42687,5280,clean_room,
1102,42687,5280,staircase,
1103,42687,5280,office,
1104,42687,5280,archive,
1105,42687,5304,staircase,
1106,42687,5304,clean_room,
1107,42687,5304,dressing_room,
1108,42687,5304,archive,
1109,42687,5304,beauty_salon,
1110,42687,5328,clean_room,
1111,42687,5328,dressing_room,
1112,42687,5328,staircase,
1113,42687,5328,attic,
1114,42687,5328,nursery,
1115,42687,5352,staircase,
1116,42687,5352,dressing_room,
1117,42687,5352,clean_room,
1118,42687,5352,museum/indoor,
1119,42687,5352,beauty_salon,
1120,42687,5376,staircase,
1121,42687,5376,museum/indoor,
1122,42687,5376,dressing_room,
1123,42687,5376,clean_room,
1124,42687,5376,artists_loft,
1125,42687,5400,clean_room,
1126,42687,5400,art_gallery,
1127,42687,5400,museum/indoor,
1128,42687,5400,natural_history_museum,
1129,42687,5400,archive,
1130,42687,5424,museum/indoor,
1131,42687,5424,art_gallery,
1132,42687,5424,clean_room,
1133,42687,5424,archive,
1134,42687,5424,natural_history_museum,
1135,42687,5448,museum/indoor,
1136,42687,5448,art_gallery,
1137,42687,5448,clean_room,
1138,42687,5448,archive,
1139,42687,5448,natural_history_museum,
1140,42687,5472,museum/indoor,
1141,42687,5472,art_gallery,
1142,42687,5472,clean_room,
1143,42687,5472,archive,
1144,42687,5472,natural_history_museum,
1145,42687,5496,art_gallery,
1146,42687,5496,museum/indoor,
1147,42687,5496,archive,
1148,42687,5496,clean_room,
1149,42687,5496,nursery,
1150,42687,5520,nursery,
1151,42687,5520,dressing_room,
1152,42687,5520,childs_room,
1153,42687,5520,kindergarden_classroom,
1154,42687,5520,art_gallery,
1155,42687,5544,museum/indoor,
1156,42687,5544,art_gallery,
1157,42687,5544,clean_room,
1158,42687,5544,science_museum,
1159,42687,5544,nursery,
1160,42687,5568,clean_room,
1161,42687,5568,locker_room,
1162,42687,5568,dressing_room,
1163,42687,5568,office,
1164,42687,5568,archive,
1165,42687,5592,dressing_room,
1166,42687,5592,living_room,
1167,42687,5592,dining_room,
1168,42687,5592,clean_room,
1169,42687,5592,bow_window/indoor,
1170,42687,5616,dressing_room,
1171,42687,5616,clean_room,
1172,42687,5616,archive,
1173,42687,5616,elevator/door,
1174,42687,5616,sauna,
1175,42687,5640,clean_room,
1176,42687,5640,hospital_room,
1177,42687,5640,dressing_room,
1178,42687,5640,locker_room,
1179,42687,5640,operating_room,
1180,42687,5664,clean_room,
1181,42687,5664,hospital_room,
1182,42687,5664,operating_room,
1183,42687,5664,dressing_room,
1184,42687,5664,nursing_home,
1185,42687,5688,clean_room,
1186,42687,5688,hospital_room,
1187,42687,5688,operating_room,
1188,42687,5688,dressing_room,
1189,42687,5688,locker_room,
1190,42687,5712,clean_room,
1191,42687,5712,operating_room,
1192,42687,5712,hospital_room,
1193,42687,5712,dressing_room,
1194,42687,5712,archive,
1195,42687,5736,hospital_room,
1196,42687,5736,clean_room,
1197,42687,5736,nursing_home,
1198,42687,5736,operating_room,
1199,42687,5736,dressing_room,
1200,42687,5760,reception,
1201,42687,5760,archive,
1202,42687,5760,office,
1203,42687,5760,clean_room,
1204,42687,5760,office_cubicles,
1205,42687,5784,clean_room,
1206,42687,5784,beauty_salon,
1207,42687,5784,archive,
1208,42687,5784,hospital_room,
1209,42687,5784,reception,
1210,42687,5808,clean_room,
1211,42687,5808,archive,
1212,42687,5808,dressing_room,
1213,42687,5808,sauna,
1214,42687,5808,hospital_room,
1215,42687,5832,clean_room,
1216,42687,5832,archive,
1217,42687,5832,dressing_room,
1218,42687,5832,sauna,
1219,42687,5832,beauty_salon,
1220,42687,5856,clean_room,
1221,42687,5856,archive,
1222,42687,5856,hospital_room,
1223,42687,5856,sauna,
1224,42687,5856,dressing_room,
1225,42687,5880,clean_room,
1226,42687,5880,hospital_room,
1227,42687,5880,dressing_room,
1228,42687,5880,archive,
1229,42687,5880,operating_room,
1230,42687,5904,clean_room,
1231,42687,5904,hospital_room,
1232,42687,5904,sauna,
1233,42687,5904,operating_room,
1234,42687,5904,dressing_room,
1235,42687,5928,clean_room,
1236,42687,5928,operating_room,
1237,42687,5928,hospital_room,
1238,42687,5928,archive,
1239,42687,5928,sauna,
1240,42687,5952,clean_room,
1241,42687,5952,hospital_room,
1242,42687,5952,operating_room,
1243,42687,5952,archive,
1244,42687,5952,chemistry_lab,
1245,42687,5976,clean_room,
1246,42687,5976,hospital_room,
1247,42687,5976,operating_room,
1248,42687,5976,archive,
1249,42687,5976,sauna,
1250,42687,6000,clean_room,
1251,42687,6000,archive,
1252,42687,6000,hospital_room,
1253,42687,6000,operating_room,
1254,42687,6000,sauna,
1255,42687,6024,clean_room,
1256,42687,6024,hospital_room,
1257,42687,6024,operating_room,
1258,42687,6024,archive,
1259,42687,6024,physics_laboratory,
1260,42687,6048,clean_room,
1261,42687,6048,hospital_room,
1262,42687,6048,archive,
1263,42687,6048,operating_room,
1264,42687,6048,physics_laboratory,
1265,42687,6072,clean_room,
1266,42687,6072,operating_room,
1267,42687,6072,hospital_room,
1268,42687,6072,archive,
1269,42687,6072,physics_laboratory,
1270,42687,6096,clean_room,
1271,42687,6096,archive,
1272,42687,6096,hospital_room,
1273,42687,6096,operating_room,
1274,42687,6096,pharmacy,
1275,42687,6120,clean_room,
1276,42687,6120,hospital_room,
1277,42687,6120,operating_room,
1278,42687,6120,archive,
1279,42687,6120,physics_laboratory,
1280,42687,6144,clean_room,
1281,42687,6144,operating_room,
1282,42687,6144,hospital_room,
1283,42687,6144,archive,
1284,42687,6144,physics_laboratory,
1285,42687,6168,clean_room,
1286,42687,6168,hospital_room,
1287,42687,6168,archive,
1288,42687,6168,operating_room,
1289,42687,6168,physics_laboratory,
1290,42687,6192,clean_room,
1291,42687,6192,hospital_room,
1292,42687,6192,operating_room,
1293,42687,6192,archive,
1294,42687,6192,chemistry_lab,
1295,42687,6216,clean_room,
1296,42687,6216,hospital_room,
1297,42687,6216,operating_room,
1298,42687,6216,archive,
1299,42687,6216,chemistry_lab,
1300,42687,6240,clean_room,
1301,42687,6240,operating_room,
1302,42687,6240,hospital_room,
1303,42687,6240,chemistry_lab,
1304,42687,6240,pharmacy,
1305,42687,6264,clean_room,
1306,42687,6264,operating_room,
1307,42687,6264,hospital_room,
1308,42687,6264,archive,
1309,42687,6264,pharmacy,
1310,42687,6288,clean_room,
1311,42687,6288,archive,
1312,42687,6288,hospital_room,
1313,42687,6288,operating_room,
1314,42687,6288,sauna,
1315,42687,6312,clean_room,
1316,42687,6312,sauna,
1317,42687,6312,archive,
1318,42687,6312,dressing_room,
1319,42687,6312,hospital_room,
1320,42687,6336,clean_room,
1321,42687,6336,hospital_room,
1322,42687,6336,operating_room,
1323,42687,6336,beauty_salon,
1324,42687,6336,chemistry_lab,
1325,42687,6360,clean_room,
1326,42687,6360,hospital_room,
1327,42687,6360,operating_room,
1328,42687,6360,archive,
1329,42687,6360,dressing_room,
1330,42687,6384,clean_room,
1331,42687,6384,hospital_room,
1332,42687,6384,operating_room,
1333,42687,6384,dressing_room,
1334,42687,6384,beauty_salon,
1335,42687,6408,clean_room,
1336,42687,6408,beauty_salon,
1337,42687,6408,dressing_room,
1338,42687,6408,hospital_room,
1339,42687,6408,operating_room,
1340,42687,6432,clean_room,
1341,42687,6432,dressing_room,
1342,42687,6432,beauty_salon,
1343,42687,6432,hospital_room,
1344,42687,6432,reception,
1345,42687,6456,clean_room,
1346,42687,6456,beauty_salon,
1347,42687,6456,dressing_room,
1348,42687,6456,hospital_room,
1349,42687,6456,operating_room,
1350,42687,6480,archive,
1351,42687,6480,clean_room,
1352,42687,6480,classroom,
1353,42687,6480,office,
1354,42687,6480,coffee_shop,
1355,42687,6504,office,
1356,42687,6504,clean_room,
1357,42687,6504,dressing_room,
1358,42687,6504,home_office,
1359,42687,6504,archive,
1360,42687,6528,clean_room,
1361,42687,6528,chemistry_lab,
1362,42687,6528,biology_laboratory,
1363,42687,6528,dressing_room,
1364,42687,6528,museum/indoor,
1365,42687,6552,clean_room,
1366,42687,6552,dressing_room,
1367,42687,6552,art_gallery,
1368,42687,6552,locker_room,
1369,42687,6552,elevator/door,
1370,42687,6576,dressing_room,
1371,42687,6576,clean_room,
1372,42687,6576,bathroom,
1373,42687,6576,chemistry_lab,
1374,42687,6576,bow_window/indoor,
1375,42687,6600,clean_room,
1376,42687,6600,locker_room,
1377,42687,6600,jail_cell,
1378,42687,6600,archive,
1379,42687,6600,closet,
1380,42687,6624,clean_room,
1381,42687,6624,locker_room,
1382,42687,6624,jail_cell,
1383,42687,6624,closet,
1384,42687,6624,elevator/door,
1385,42687,6648,clean_room,
1386,42687,6648,bow_window/indoor,
1387,42687,6648,locker_room,
1388,42687,6648,closet,
1389,42687,6648,elevator/door,
1390,42687,6672,bow_window/indoor,
1391,42687,6672,elevator/door,
1392,42687,6672,doorway/outdoor,
1393,42687,6672,barndoor,
1394,42687,6672,jail_cell,
1395,42687,6696,bow_window/indoor,
1396,42687,6696,doorway/outdoor,
1397,42687,6696,barndoor,
1398,42687,6696,jail_cell,
1399,42687,6696,elevator/door,
1400,42687,6720,dressing_room,
1401,42687,6720,clean_room,
1402,42687,6720,beauty_salon,
1403,42687,6720,art_gallery,
1404,42687,6720,museum/indoor,
1405,42687,6744,clean_room,
1406,42687,6744,dressing_room,
1407,42687,6744,art_gallery,
1408,42687,6744,museum/indoor,
1409,42687,6744,beauty_salon,
1410,42687,6768,clean_room,
1411,42687,6768,dressing_room,
1412,42687,6768,hospital_room,
1413,42687,6768,beauty_salon,
1414,42687,6768,art_gallery,
1415,42687,6792,clean_room,
1416,42687,6792,dressing_room,
1417,42687,6792,art_gallery,
1418,42687,6792,hospital_room,
1419,42687,6792,operating_room,
1420,42687,6816,clean_room,
1421,42687,6816,dressing_room,
1422,42687,6816,biology_laboratory,
1423,42687,6816,chemistry_lab,
1424,42687,6816,hospital_room,
1425,42687,6840,clean_room,
1426,42687,6840,beauty_salon,
1427,42687,6840,dressing_room,
1428,42687,6840,shower,
1429,42687,6840,bathroom,
1430,42687,6864,clean_room,
1431,42687,6864,entrance_hall,
1432,42687,6864,corridor,
1433,42687,6864,atrium/public,
1434,42687,6864,staircase,
1435,42687,6888,entrance_hall,
1436,42687,6888,staircase,
1437,42687,6888,corridor,
1438,42687,6888,clean_room,
1439,42687,6888,atrium/public,
1440,42687,6912,staircase,
1441,42687,6912,entrance_hall,
1442,42687,6912,corridor,
1443,42687,6912,clean_room,
1444,42687,6912,elevator_lobby,
1445,42687,6936,clean_room,
1446,42687,6936,staircase,
1447,42687,6936,sauna,
1448,42687,6936,shower,
1449,42687,6936,entrance_hall,
1450,42687,6960,sauna,
1451,42687,6960,staircase,
1452,42687,6960,entrance_hall,
1453,42687,6960,dressing_room,
1454,42687,6960,locker_room,
1455,42687,6984,sauna,
1456,42687,6984,staircase,
1457,42687,6984,dressing_room,
1458,42687,6984,entrance_hall,
1459,42687,6984,locker_room,
1460,42687,7008,staircase,
1461,42687,7008,sauna,
1462,42687,7008,archive,
1463,42687,7008,entrance_hall,
1464,42687,7008,locker_room,
1465,42687,7032,staircase,
1466,42687,7032,entrance_hall,
1467,42687,7032,archive,
1468,42687,7032,clean_room,
1469,42687,7032,mezzanine,
1470,42687,7056,staircase,
1471,42687,7056,archive,
1472,42687,7056,entrance_hall,
1473,42687,7056,mezzanine,
1474,42687,7056,nursery,
1475,42687,7080,staircase,
1476,42687,7080,entrance_hall,
1477,42687,7080,archive,
1478,42687,7080,clean_room,
1479,42687,7080,mezzanine,
1480,42687,7104,clean_room,
1481,42687,7104,dressing_room,
1482,42687,7104,museum/indoor,
1483,42687,7104,clothing_store,
1484,42687,7104,nursery,
1485,42687,7128,clean_room,
1486,42687,7128,dressing_room,
1487,42687,7128,museum/indoor,
1488,42687,7128,nursery,
1489,42687,7128,clothing_store,
1490,42687,7152,clean_room,
1491,42687,7152,dressing_room,
1492,42687,7152,operating_room,
1493,42687,7152,locker_room,
1494,42687,7152,nursery,
1495,42687,7176,dressing_room,
1496,42687,7176,clean_room,
1497,42687,7176,sauna,
1498,42687,7176,hospital_room,
1499,42687,7176,locker_room,
1500,42687,7200,clean_room,
1501,42687,7200,bow_window/indoor,
1502,42687,7200,archive,
1503,42687,7200,nursery,
1504,42687,7200,corridor,
1505,42687,7224,clean_room,
1506,42687,7224,nursery,
1507,42687,7224,bow_window/indoor,
1508,42687,7224,dressing_room,
1509,42687,7224,archive,
1510,42687,7248,clean_room,
1511,42687,7248,nursery,
1512,42687,7248,archive,
1513,42687,7248,bow_window/indoor,
1514,42687,7248,dressing_room,
1515,42687,7272,clean_room,
1516,42687,7272,nursery,
1517,42687,7272,bow_window/indoor,
1518,42687,7272,archive,
1519,42687,7272,alcove,
1520,42687,7296,clean_room,
1521,42687,7296,archive,
1522,42687,7296,dressing_room,
1523,42687,7296,office,
1524,42687,7296,nursery,
1525,42687,7320,clean_room,
1526,42687,7320,archive,
1527,42687,7320,nursery,
1528,42687,7320,dressing_room,
1529,42687,7320,office,
1530,42687,7344,clean_room,
1531,42687,7344,nursery,
1532,42687,7344,dressing_room,
1533,42687,7344,archive,
1534,42687,7344,alcove,
1535,42687,7368,clean_room,
1536,42687,7368,nursery,
1537,42687,7368,bow_window/indoor,
1538,42687,7368,dressing_room,
1539,42687,7368,alcove,
1540,42687,7392,clean_room,
1541,42687,7392,archive,
1542,42687,7392,dressing_room,
1543,42687,7392,artists_loft,
1544,42687,7392,bow_window/indoor,
1545,42687,7416,staircase,
1546,42687,7416,entrance_hall,
1547,42687,7416,living_room,
1548,42687,7416,hotel_room,
1549,42687,7416,nursery,
1550,42687,7440,staircase,
1551,42687,7440,bow_window/indoor,
1552,42687,7440,entrance_hall,
1553,42687,7440,clean_room,
1554,42687,7440,corridor,
1555,42687,7464,staircase,
1556,42687,7464,bow_window/indoor,
1557,42687,7464,nursery,
1558,42687,7464,entrance_hall,
1559,42687,7464,clean_room,
1560,42687,7488,corridor,
1561,42687,7488,entrance_hall,
1562,42687,7488,staircase,
1563,42687,7488,mezzanine,
1564,42687,7488,atrium/public,
1565,42687,7512,staircase,
1566,42687,7512,entrance_hall,
1567,42687,7512,mezzanine,
1568,42687,7512,atrium/public,
1569,42687,7512,corridor,
1570,42687,7536,staircase,
1571,42687,7536,mezzanine,
1572,42687,7536,entrance_hall,
1573,42687,7536,corridor,
1574,42687,7536,fire_escape,
1575,42687,7560,staircase,
1576,42687,7560,entrance_hall,
1577,42687,7560,mezzanine,
1578,42687,7560,corridor,
1579,42687,7560,archive,
1580,42687,7584,bow_window/indoor,
1581,42687,7584,clean_room,
1582,42687,7584,office,
1583,42687,7584,veterinarians_office,
1584,42687,7584,nursery,
1585,42687,7608,bow_window/indoor,
1586,42687,7608,alcove,
1587,42687,7608,office,
1588,42687,7608,reception,
1589,42687,7608,closet,
1590,42687,7632,clean_room,
1591,42687,7632,elevator/door,
1592,42687,7632,office,
1593,42687,7632,jail_cell,
1594,42687,7632,art_gallery,
1595,42687,7656,clean_room,
1596,42687,7656,archive,
1597,42687,7656,dressing_room,
1598,42687,7656,staircase,
1599,42687,7656,nursery,
1600,42687,7680,staircase,
1601,42687,7680,corridor,
1602,42687,7680,mezzanine,
1603,42687,7680,entrance_hall,
1604,42687,7680,balcony/interior,
1605,42687,7704,corridor,
1606,42687,7704,staircase,
1607,42687,7704,balcony/interior,
1608,42687,7704,mezzanine,
1609,42687,7704,bow_window/indoor,
1610,42687,7728,staircase,
1611,42687,7728,corridor,
1612,42687,7728,mezzanine,
1613,42687,7728,balcony/interior,
1614,42687,7728,bow_window/indoor,
1615,42687,7752,corridor,
1616,42687,7752,staircase,
1617,42687,7752,balcony/interior,
1618,42687,7752,mezzanine,
1619,42687,7752,bow_window/indoor,
1620,42687,7776,corridor,
1621,42687,7776,staircase,
1622,42687,7776,balcony/interior,
1623,42687,7776,bow_window/indoor,
1624,42687,7776,mezzanine,
1625,42687,7800,corridor,
1626,42687,7800,staircase,
1627,42687,7800,balcony/interior,
1628,42687,7800,bow_window/indoor,
1629,42687,7800,mezzanine,
1630,42687,7824,bow_window/indoor,
1631,42687,7824,nursery,
1632,42687,7824,archive,
1633,42687,7824,clean_room,
1634,42687,7824,sauna,
1635,42687,7848,bow_window/indoor,
1636,42687,7848,clean_room,
1637,42687,7848,sauna,
1638,42687,7848,reception,
1639,42687,7848,shower,
1640,42687,7872,bow_window/indoor,
1641,42687,7872,alcove,
1642,42687,7872,artists_loft,
1643,42687,7872,closet,
1644,42687,7872,nursery,
1645,42687,7896,bow_window/indoor,
1646,42687,7896,art_gallery,
1647,42687,7896,clean_room,
1648,42687,7896,alcove,
1649,42687,7896,artists_loft,
1650,42687,7920,bow_window/indoor,
1651,42687,7920,alcove,
1652,42687,7920,artists_loft,
1653,42687,7920,bedroom,
1654,42687,7920,nursery,
1655,42687,7944,bow_window/indoor,
1656,42687,7944,shower,
1657,42687,7944,bathroom,
1658,42687,7944,closet,
1659,42687,7944,dressing_room,
1660,42687,7968,clean_room,
1661,42687,7968,archive,
1662,42687,7968,shower,
1663,42687,7968,bathroom,
1664,42687,7968,closet,
1665,42687,7992,clean_room,
1666,42687,7992,art_gallery,
1667,42687,7992,dressing_room,
1668,42687,7992,beauty_salon,
1669,42687,7992,bathroom,
1670,42687,8016,clean_room,
1671,42687,8016,bathroom,
1672,42687,8016,shower,
1673,42687,8016,dressing_room,
1674,42687,8016,beauty_salon,
1675,42687,8040,clean_room,
1676,42687,8040,dressing_room,
1677,42687,8040,art_gallery,
1678,42687,8040,beauty_salon,
1679,42687,8040,hospital_room,
1680,42687,8064,clean_room,
1681,42687,8064,bathroom,
1682,42687,8064,art_gallery,
1683,42687,8064,museum/indoor,
1684,42687,8064,chemistry_lab,
1685,42687,8088,clean_room,
1686,42687,8088,chemistry_lab,
1687,42687,8088,dressing_room,
1688,42687,8088,biology_laboratory,
1689,42687,8088,beauty_salon,
1690,42687,8112,shower,
1691,42687,8112,clean_room,
1692,42687,8112,bathroom,
1693,42687,8112,dressing_room,
1694,42687,8112,sauna,
1695,42687,8136,shower,
1696,42687,8136,dressing_room,
1697,42687,8136,clean_room,
1698,42687,8136,bathroom,
1699,42687,8136,beauty_salon,
1700,42687,8160,shower,
1701,42687,8160,bathroom,
1702,42687,8160,clean_room,
1703,42687,8160,dressing_room,
1704,42687,8160,beauty_salon,
1705,42687,8184,shower,
1706,42687,8184,bathroom,
1707,42687,8184,dressing_room,
1708,42687,8184,clean_room,
1709,42687,8184,sauna,
1710,42687,8208,shower,
1711,42687,8208,bathroom,
1712,42687,8208,dressing_room,
1713,42687,8208,clean_room,
1714,42687,8208,sauna,
1715,42687,8232,shower,
1716,42687,8232,bathroom,
1717,42687,8232,dressing_room,
1718,42687,8232,clean_room,
1719,42687,8232,sauna,
1720,42687,8256,clean_room,
1721,42687,8256,dressing_room,
1722,42687,8256,museum/indoor,
1723,42687,8256,art_gallery,
1724,42687,8256,bathroom,
1725,42687,8280,clean_room,
1726,42687,8280,chemistry_lab,
1727,42687,8280,biology_laboratory,
1728,42687,8280,museum/indoor,
1729,42687,8280,art_gallery,
1730,42687,8304,clean_room,
1731,42687,8304,museum/indoor,
1732,42687,8304,chemistry_lab,
1733,42687,8304,art_gallery,
1734,42687,8304,biology_laboratory,
1735,42687,8328,clean_room,
1736,42687,8328,dressing_room,
1737,42687,8328,biology_laboratory,
1738,42687,8328,museum/indoor,
1739,42687,8328,art_gallery,
1740,42687,8352,clean_room,
1741,42687,8352,chemistry_lab,
1742,42687,8352,biology_laboratory,
1743,42687,8352,physics_laboratory,
1744,42687,8352,museum/indoor,
1745,42687,8376,clean_room,
1746,42687,8376,dressing_room,
1747,42687,8376,chemistry_lab,
1748,42687,8376,biology_laboratory,
1749,42687,8376,museum/indoor,
1750,42687,8400,chemistry_lab,
1751,42687,8400,clean_room,
1752,42687,8400,biology_laboratory,
1753,42687,8400,museum/indoor,
1754,42687,8400,physics_laboratory,
1755,42687,8424,clean_room,
1756,42687,8424,chemistry_lab,
1757,42687,8424,biology_laboratory,
1758,42687,8424,physics_laboratory,
1759,42687,8424,dressing_room,
1760,42687,8448,dressing_room,
1761,42687,8448,museum/indoor,
1762,42687,8448,art_gallery,
1763,42687,8448,clean_room,
1764,42687,8448,sauna,
1765,42687,8472,dressing_room,
1766,42687,8472,clean_room,
1767,42687,8472,shower,
1768,42687,8472,sauna,
1769,42687,8472,bathroom,
1770,42687,8496,dressing_room,
1771,42687,8496,clean_room,
1772,42687,8496,bathroom,
1773,42687,8496,art_gallery,
1774,42687,8496,beauty_salon,
1775,42687,8520,dressing_room,
1776,42687,8520,art_gallery,
1777,42687,8520,clean_room,
1778,42687,8520,museum/indoor,
1779,42687,8520,artists_loft,
1780,42687,8544,dressing_room,
1781,42687,8544,clean_room,
1782,42687,8544,art_gallery,
1783,42687,8544,bathroom,
1784,42687,8544,museum/indoor,
1785,42687,8568,dressing_room,
1786,42687,8568,clean_room,
1787,42687,8568,art_gallery,
1788,42687,8568,bathroom,
1789,42687,8568,museum/indoor,
1790,42687,8592,dressing_room,
1791,42687,8592,clean_room,
1792,42687,8592,art_gallery,
1793,42687,8592,bathroom,
1794,42687,8592,museum/indoor,
1795,42687,8616,dressing_room,
1796,42687,8616,clean_room,
1797,42687,8616,art_gallery,
1798,42687,8616,museum/indoor,
1799,42687,8616,bathroom,
1800,42687,8640,dressing_room,
1801,42687,8640,clean_room,
1802,42687,8640,art_gallery,
1803,42687,8640,bathroom,
1804,42687,8640,museum/indoor,
1805,42687,8664,dressing_room,
1806,42687,8664,clean_room,
1807,42687,8664,bathroom,
1808,42687,8664,bow_window/indoor,
1809,42687,8664,art_gallery,
1810,42687,8688,dressing_room,
1811,42687,8688,clean_room,
1812,42687,8688,sauna,
1813,42687,8688,bathroom,
1814,42687,8688,shower,
1815,42687,8712,shower,
1816,42687,8712,bathroom,
1817,42687,8712,bow_window/indoor,
1818,42687,8712,dressing_room,
1819,42687,8712,art_gallery,
1820,42687,8736,bow_window/indoor,
1821,42687,8736,dressing_room,
1822,42687,8736,bedroom,
1823,42687,8736,hotel_room,
1824,42687,8736,living_room,
1825,42687,8760,clean_room,
1826,42687,8760,dressing_room,
1827,42687,8760,museum/indoor,
1828,42687,8760,beauty_salon,
1829,42687,8760,bow_window/indoor,
1830,42687,8784,museum/indoor,
1831,42687,8784,art_gallery,
1832,42687,8784,bow_window/indoor,
1833,42687,8784,archive,
1834,42687,8784,sauna,
1835,42687,8808,office,
1836,42687,8808,art_gallery,
1837,42687,8808,home_office,
1838,42687,8808,living_room,
1839,42687,8808,home_theater,
1840,42687,8832,dressing_room,
1841,42687,8832,coffee_shop,
1842,42687,8832,dining_room,
1843,42687,8832,beauty_salon,
1844,42687,8832,restaurant,
1845,42687,8856,dressing_room,
1846,42687,8856,beauty_salon,
1847,42687,8856,coffee_shop,
1848,42687,8856,art_gallery,
1849,42687,8856,art_studio,
1850,42687,8880,dining_room,
1851,42687,8880,restaurant,
1852,42687,8880,dressing_room,
1853,42687,8880,coffee_shop,
1854,42687,8880,cafeteria,
1855,42687,8904,clean_room,
1856,42687,8904,dressing_room,
1857,42687,8904,art_gallery,
1858,42687,8904,art_studio,
1859,42687,8904,archive,
1860,42687,8928,dressing_room,
1861,42687,8928,clean_room,
1862,42687,8928,beauty_salon,
1863,42687,8928,chemistry_lab,
1864,42687,8928,discotheque,
1865,42687,8952,archive,
1866,42687,8952,clean_room,
1867,42687,8952,dressing_room,
1868,42687,8952,office,
1869,42687,8952,music_studio,
1870,42687,8976,clean_room,
1871,42687,8976,museum/indoor,
1872,42687,8976,art_gallery,
1873,42687,8976,archive,
1874,42687,8976,art_studio,
1875,42687,9000,clean_room,
1876,42687,9000,museum/indoor,
1877,42687,9000,archive,
1878,42687,9000,art_gallery,
1879,42687,9000,dressing_room,
1880,42687,9024,clean_room,
1881,42687,9024,dressing_room,
1882,42687,9024,archive,
1883,42687,9024,museum/indoor,
1884,42687,9024,hospital_room,
1885,42687,9048,clean_room,
1886,42687,9048,museum/indoor,
1887,42687,9048,dressing_room,
1888,42687,9048,archive,
1889,42687,9048,clothing_store,
1890,42687,9072,clean_room,
1891,42687,9072,museum/indoor,
1892,42687,9072,dressing_room,
1893,42687,9072,archive,
1894,42687,9072,art_studio,
1895,42687,9096,clean_room,
1896,42687,9096,archive,
1897,42687,9096,dressing_room,
1898,42687,9096,museum/indoor,
1899,42687,9096,art_studio,
1900,42687,9120,clean_room,
1901,42687,9120,dressing_room,
1902,42687,9120,museum/indoor,
1903,42687,9120,archive,
1904,42687,9120,art_studio,
1905,42687,9144,clean_room,
1906,42687,9144,museum/indoor,
1907,42687,9144,archive,
1908,42687,9144,dressing_room,
1909,42687,9144,art_studio,
1910,42687,9168,clean_room,
1911,42687,9168,archive,
1912,42687,9168,museum/indoor,
1913,42687,9168,dressing_room,
1914,42687,9168,dining_room,
1915,42687,9192,clean_room,
1916,42687,9192,museum/indoor,
1917,42687,9192,archive,
1918,42687,9192,hospital_room,
1919,42687,9192,dressing_room,
1920,42687,9216,dining_room,
1921,42687,9216,archive,
1922,42687,9216,clean_room,
1923,42687,9216,museum/indoor,
1924,42687,9216,classroom,
1925,42687,9240,clean_room,
1926,42687,9240,archive,
1927,42687,9240,dining_room,
1928,42687,9240,hospital_room,
1929,42687,9240,museum/indoor,
1930,42687,9264,clean_room,
1931,42687,9264,archive,
1932,42687,9264,museum/indoor,
1933,42687,9264,hospital_room,
1934,42687,9264,operating_room,
1935,42687,9288,clean_room,
1936,42687,9288,archive,
1937,42687,9288,classroom,
1938,42687,9288,operating_room,
1939,42687,9288,hospital_room,
1940,42687,9312,clean_room,
1941,42687,9312,archive,
1942,42687,9312,museum/indoor,
1943,42687,9312,classroom,
1944,42687,9312,hospital_room,
1945,42687,9336,clean_room,
1946,42687,9336,archive,
1947,42687,9336,museum/indoor,
1948,42687,9336,hospital_room,
1949,42687,9336,classroom,
1950,42687,9360,clean_room,
1951,42687,9360,archive,
1952,42687,9360,classroom,
1953,42687,9360,dining_room,
1954,42687,9360,museum/indoor,
1955,42687,9384,clean_room,
1956,42687,9384,museum/indoor,
1957,42687,9384,art_gallery,
1958,42687,9384,dressing_room,
1959,42687,9384,archive,
1960,42687,9408,clean_room,
1961,42687,9408,dressing_room,
1962,42687,9408,sauna,
1963,42687,9408,beauty_salon,
1964,42687,9408,bathroom,
1965,42687,9432,clean_room,
1966,42687,9432,art_gallery,
1967,42687,9432,museum/indoor,
1968,42687,9432,dressing_room,
1969,42687,9432,chemistry_lab,
1970,42687,9456,clean_room,
1971,42687,9456,art_gallery,
1972,42687,9456,museum/indoor,
1973,42687,9456,alcove,
1974,42687,9456,dressing_room,
1975,42687,9480,dressing_room,
1976,42687,9480,sauna,
1977,42687,9480,museum/indoor,
1978,42687,9480,clean_room,
1979,42687,9480,art_gallery,
1980,42687,9504,dressing_room,
1981,42687,9504,museum/indoor,
1982,42687,9504,bar,
1983,42687,9504,clean_room,
1984,42687,9504,discotheque,
1985,42687,9528,clean_room,
1986,42687,9528,dressing_room,
1987,42687,9528,museum/indoor,
1988,42687,9528,art_gallery,
1989,42687,9528,beauty_salon,
1990,42687,9552,clean_room,
1991,42687,9552,museum/indoor,
1992,42687,9552,dressing_room,
1993,42687,9552,art_gallery,
1994,42687,9552,archive,
1995,42687,9576,museum/indoor,
1996,42687,9576,clean_room,
1997,42687,9576,dressing_room,
1998,42687,9576,archive,
1999,42687,9576,schoolhouse,
2000,42687,9600,clean_room,
2001,42687,9600,museum/indoor,
2002,42687,9600,dressing_room,
2003,42687,9600,archive,
2004,42687,9600,clothing_store,
2005,42687,9624,museum/indoor,
2006,42687,9624,clean_room,
2007,42687,9624,archive,
2008,42687,9624,schoolhouse,
2009,42687,9624,dressing_room,
2010,42687,9648,museum/indoor,
2011,42687,9648,clean_room,
2012,42687,9648,archive,
2013,42687,9648,dressing_room,
2014,42687,9648,schoolhouse,
2015,42687,9672,museum/indoor,
2016,42687,9672,clean_room,
2017,42687,9672,archive,
2018,42687,9672,dressing_room,
2019,42687,9672,stage/indoor,
2020,42687,9696,dressing_room,
2021,42687,9696,clean_room,
2022,42687,9696,discotheque,
2023,42687,9696,shower,
2024,42687,9696,elevator/door,
2025,42687,9720,dressing_room,
2026,42687,9720,clean_room,
2027,42687,9720,discotheque,
2028,42687,9720,stage/indoor,
2029,42687,9720,shower,
2030,42687,9744,dressing_room,
2031,42687,9744,discotheque,
2032,42687,9744,clean_room,
2033,42687,9744,stage/indoor,
2034,42687,9744,ballroom,
2035,42687,9768,dressing_room,
2036,42687,9768,discotheque,
2037,42687,9768,clean_room,
2038,42687,9768,stage/indoor,
2039,42687,9768,elevator/door,
2040,42687,9792,dressing_room,
2041,42687,9792,discotheque,
2042,42687,9792,clean_room,
2043,42687,9792,stage/indoor,
2044,42687,9792,elevator/door,
2045,42687,9816,dressing_room,
2046,42687,9816,discotheque,
2047,42687,9816,clean_room,
2048,42687,9816,stage/indoor,
2049,42687,9816,elevator/door,
2050,42687,9840,dressing_room,
2051,42687,9840,clean_room,
2052,42687,9840,discotheque,
2053,42687,9840,stage/indoor,
2054,42687,9840,clothing_store,
2055,42687,9864,dressing_room,
2056,42687,9864,discotheque,
2057,42687,9864,clean_room,
2058,42687,9864,stage/indoor,
2059,42687,9864,ballroom,
2060,42687,9888,dressing_room,
2061,42687,9888,clean_room,
2062,42687,9888,art_gallery,
2063,42687,9888,elevator/door,
2064,42687,9888,sauna,
2065,42687,9912,dressing_room,
2066,42687,9912,clean_room,
2067,42687,9912,sauna,
2068,42687,9912,museum/indoor,
2069,42687,9912,art_studio,
2070,42687,9936,dressing_room,
2071,42687,9936,clean_room,
2072,42687,9936,museum/indoor,
2073,42687,9936,art_gallery,
2074,42687,9936,sauna,
2075,42687,9960,dressing_room,
2076,42687,9960,clean_room,
2077,42687,9960,museum/indoor,
2078,42687,9960,art_gallery,
2079,42687,9960,art_studio,
2080,42687,9984,museum/indoor,
2081,42687,9984,art_gallery,
2082,42687,9984,clean_room,
2083,42687,9984,dressing_room,
2084,42687,9984,art_studio,
2085,42687,10008,clean_room,
2086,42687,10008,dressing_room,
2087,42687,10008,museum/indoor,
2088,42687,10008,archive,
2089,42687,10008,operating_room,
2090,42687,10032,clean_room,
2091,42687,10032,dressing_room,
2092,42687,10032,museum/indoor,
2093,42687,10032,archive,
2094,42687,10032,operating_room,
2095,42687,10056,clean_room,
2096,42687,10056,dressing_room,
2097,42687,10056,operating_room,
2098,42687,10056,museum/indoor,
2099,42687,10056,archive,
2100,42687,10080,clean_room,
2101,42687,10080,dressing_room,
2102,42687,10080,operating_room,
2103,42687,10080,museum/indoor,
2104,42687,10080,art_studio,
2105,42687,10104,clean_room,
2106,42687,10104,dressing_room,
2107,42687,10104,museum/indoor,
2108,42687,10104,operating_room,
2109,42687,10104,archive,
2110,42687,10128,clean_room,
2111,42687,10128,dressing_room,
2112,42687,10128,museum/indoor,
2113,42687,10128,art_gallery,
2114,42687,10128,operating_room,
2115,42687,10152,clean_room,
2116,42687,10152,dressing_room,
2117,42687,10152,museum/indoor,
2118,42687,10152,art_gallery,
2119,42687,10152,archive,
2120,42687,10176,clean_room,
2121,42687,10176,dressing_room,
2122,42687,10176,museum/indoor,
2123,42687,10176,archive,
2124,42687,10176,operating_room,
2125,42687,10200,clean_room,
2126,42687,10200,dressing_room,
2127,42687,10200,museum/indoor,
2128,42687,10200,art_gallery,
2129,42687,10200,archive,
2130,42687,10224,clean_room,
2131,42687,10224,dressing_room,
2132,42687,10224,museum/indoor,
2133,42687,10224,art_gallery,
2134,42687,10224,art_studio,
2135,42687,10248,clean_room,
2136,42687,10248,dressing_room,
2137,42687,10248,operating_room,
2138,42687,10248,hospital_room,
2139,42687,10248,museum/indoor,
2140,42687,10272,clean_room,
2141,42687,10272,dressing_room,
2142,42687,10272,operating_room,
2143,42687,10272,hospital_room,
2144,42687,10272,sauna,
2145,42687,10296,clean_room,
2146,42687,10296,museum/indoor,
2147,42687,10296,operating_room,
2148,42687,10296,dressing_room,
2149,42687,10296,archive,
2150,42687,10320,clean_room,
2151,42687,10320,dressing_room,
2152,42687,10320,operating_room,
2153,42687,10320,hospital_room,
2154,42687,10320,archive,
2155,42687,10344,clean_room,
2156,42687,10344,dressing_room,
2157,42687,10344,hospital_room,
2158,42687,10344,operating_room,
2159,42687,10344,museum/indoor,
2160,42687,10368,clean_room,
2161,42687,10368,dressing_room,
2162,42687,10368,operating_room,
2163,42687,10368,hospital_room,
2164,42687,10368,archive,
2165,42687,10392,clean_room,
2166,42687,10392,museum/indoor,
2167,42687,10392,dressing_room,
2168,42687,10392,art_gallery,
2169,42687,10392,artists_loft,
2170,42687,10416,clean_room,
2171,42687,10416,dressing_room,
2172,42687,10416,sauna,
2173,42687,10416,museum/indoor,
2174,42687,10416,archive,
2175,42687,10440,dressing_room,
2176,42687,10440,clean_room,
2177,42687,10440,clothing_store,
2178,42687,10440,closet,
2179,42687,10440,locker_room,
2180,42687,10464,clean_room,
2181,42687,10464,dressing_room,
2182,42687,10464,clothing_store,
2183,42687,10464,museum/indoor,
2184,42687,10464,nursery,
2185,42687,10488,clean_room,
2186,42687,10488,dressing_room,
2187,42687,10488,locker_room,
2188,42687,10488,clothing_store,
2189,42687,10488,hospital_room,
2190,42687,10512,clean_room,
2191,42687,10512,dressing_room,
2192,42687,10512,museum/indoor,
2193,42687,10512,locker_room,
2194,42687,10512,hospital_room,
2195,42687,10536,clean_room,
2196,42687,10536,dressing_room,
2197,42687,10536,hospital_room,
2198,42687,10536,operating_room,
2199,42687,10536,shower,
2200,42687,10560,clean_room,
2201,42687,10560,dressing_room,
2202,42687,10560,hospital_room,
2203,42687,10560,operating_room,
2204,42687,10560,shower,
2205,42687,10584,clean_room,
2206,42687,10584,dressing_room,
2207,42687,10584,hospital_room,
2208,42687,10584,shower,
2209,42687,10584,operating_room,
2210,42687,10608,clean_room,
2211,42687,10608,dressing_room,
2212,42687,10608,hospital_room,
2213,42687,10608,operating_room,
2214,42687,10608,beauty_salon,
2215,42687,10632,clean_room,
2216,42687,10632,dressing_room,
2217,42687,10632,hospital_room,
2218,42687,10632,chemistry_lab,
2219,42687,10632,operating_room,
2220,42687,10656,clean_room,
2221,42687,10656,dressing_room,
2222,42687,10656,hospital_room,
2223,42687,10656,museum/indoor,
2224,42687,10656,shower,
2225,42687,10680,clean_room,
2226,42687,10680,dressing_room,
2227,42687,10680,bathroom,
2228,42687,10680,shower,
2229,42687,10680,operating_room,
2230,42687,10704,clean_room,
2231,42687,10704,dressing_room,
2232,42687,10704,operating_room,
2233,42687,10704,shower,
2234,42687,10704,bathroom,
2235,42687,10728,clean_room,
2236,42687,10728,dressing_room,
2237,42687,10728,operating_room,
2238,42687,10728,bathroom,
2239,42687,10728,shower,
2240,42687,10752,clean_room,
2241,42687,10752,dressing_room,
2242,42687,10752,bathroom,
2243,42687,10752,operating_room,
2244,42687,10752,beauty_salon,
2245,42687,10776,dressing_room,
2246,42687,10776,bathroom,
2247,42687,10776,shower,
2248,42687,10776,clean_room,
2249,42687,10776,beauty_salon,
2250,42687,10800,dressing_room,
2251,42687,10800,clean_room,
2252,42687,10800,bathroom,
2253,42687,10800,hospital_room,
2254,42687,10800,beauty_salon,
2255,42687,10824,dressing_room,
2256,42687,10824,clean_room,
2257,42687,10824,beauty_salon,
2258,42687,10824,bathroom,
2259,42687,10824,hospital_room,
2260,42687,10848,dressing_room,
2261,42687,10848,clean_room,
2262,42687,10848,bathroom,
2263,42687,10848,beauty_salon,
2264,42687,10848,operating_room,
2265,42687,10872,dressing_room,
2266,42687,10872,bathroom,
2267,42687,10872,beauty_salon,
2268,42687,10872,clean_room,
2269,42687,10872,shower,
2270,42687,10896,dressing_room,
2271,42687,10896,bathroom,
2272,42687,10896,beauty_salon,
2273,42687,10896,clean_room,
2274,42687,10896,shower,
2275,42687,10920,dressing_room,
2276,42687,10920,bathroom,
2277,42687,10920,beauty_salon,
2278,42687,10920,clean_room,
2279,42687,10920,shower,
2280,42687,10944,dressing_room,
2281,42687,10944,clean_room,
2282,42687,10944,bathroom,
2283,42687,10944,shower,
2284,42687,10944,beauty_salon,
2285,42687,10968,dressing_room,
2286,42687,10968,museum/indoor,
2287,42687,10968,discotheque,
2288,42687,10968,clean_room,
2289,42687,10968,beauty_salon,
2290,42687,10992,dressing_room,
2291,42687,10992,museum/indoor,
2292,42687,10992,discotheque,
2293,42687,10992,clean_room,
2294,42687,10992,beauty_salon,
2295,42687,11016,dressing_room,
2296,42687,11016,museum/indoor,
2297,42687,11016,clean_room,
2298,42687,11016,discotheque,
2299,42687,11016,beauty_salon,
2300,42687,11040,dressing_room,
2301,42687,11040,museum/indoor,
2302,42687,11040,discotheque,
2303,42687,11040,beauty_salon,
2304,42687,11040,clean_room,
2305,42687,11064,dressing_room,
2306,42687,11064,museum/indoor,
2307,42687,11064,clean_room,
2308,42687,11064,art_gallery,
2309,42687,11064,discotheque,
2310,42687,11088,dressing_room,
2311,42687,11088,museum/indoor,
2312,42687,11088,clean_room,
2313,42687,11088,discotheque,
2314,42687,11088,beauty_salon,
2315,42687,11112,dressing_room,
2316,42687,11112,museum/indoor,
2317,42687,11112,beauty_salon,
2318,42687,11112,art_gallery,
2319,42687,11112,discotheque,
2320,42687,11136,dressing_room,
2321,42687,11136,museum/indoor,
2322,42687,11136,clean_room,
2323,42687,11136,discotheque,
2324,42687,11136,beauty_salon,
2325,42687,11160,dressing_room,
2326,42687,11160,museum/indoor,
2327,42687,11160,discotheque,
2328,42687,11160,clean_room,
2329,42687,11160,stage/indoor,
2330,42687,11184,dressing_room,
2331,42687,11184,museum/indoor,
2332,42687,11184,discotheque,
2333,42687,11184,clean_room,
2334,42687,11184,beauty_salon,
2335,42687,11208,dressing_room,
2336,42687,11208,museum/indoor,
2337,42687,11208,discotheque,
2338,42687,11208,clean_room,
2339,42687,11208,beauty_salon,
2340,42687,11232,dressing_room,
2341,42687,11232,museum/indoor,
2342,42687,11232,clean_room,
2343,42687,11232,discotheque,
2344,42687,11232,beauty_salon,
2345,42687,11256,dressing_room,
2346,42687,11256,clean_room,
2347,42687,11256,museum/indoor,
2348,42687,11256,discotheque,
2349,42687,11256,beauty_salon,
2350,42687,11280,museum/indoor,
2351,42687,11280,dressing_room,
2352,42687,11280,shower,
2353,42687,11280,clean_room,
2354,42687,11280,discotheque,
2355,42687,11304,dressing_room,
2356,42687,11304,bathroom,
2357,42687,11304,shower,
2358,42687,11304,sauna,
2359,42687,11304,clean_room,
2360,42687,11328,dressing_room,
2361,42687,11328,shower,
2362,42687,11328,bathroom,
2363,42687,11328,museum/indoor,
2364,42687,11328,sauna,
2365,42687,11352,dressing_room,
2366,42687,11352,museum/indoor,
2367,42687,11352,clean_room,
2368,42687,11352,sauna,
2369,42687,11352,art_gallery,
2370,42687,11376,dressing_room,
2371,42687,11376,sauna,
2372,42687,11376,bathroom,
2373,42687,11376,museum/indoor,
2374,42687,11376,shower,
2375,42687,11400,museum/indoor,
2376,42687,11400,clean_room,
2377,42687,11400,dressing_room,
2378,42687,11400,sauna,
2379,42687,11400,art_gallery,
2380,42687,11424,dressing_room,
2381,42687,11424,sauna,
2382,42687,11424,bathroom,
2383,42687,11424,shower,
2384,42687,11424,museum/indoor,
2385,42687,11448,dressing_room,
2386,42687,11448,sauna,
2387,42687,11448,clean_room,
2388,42687,11448,museum/indoor,
2389,42687,11448,bathroom,
2390,42687,11472,sauna,
2391,42687,11472,dressing_room,
2392,42687,11472,bathroom,
2393,42687,11472,shower,
2394,42687,11472,museum/indoor,
2395,42687,11496,dressing_room,
2396,42687,11496,sauna,
2397,42687,11496,bathroom,
2398,42687,11496,museum/indoor,
2399,42687,11496,clean_room,
2400,42687,11520,dressing_room,
2401,42687,11520,sauna,
2402,42687,11520,museum/indoor,
2403,42687,11520,bathroom,
2404,42687,11520,clean_room,
2405,42687,11544,sauna,
2406,42687,11544,dressing_room,
2407,42687,11544,museum/indoor,
2408,42687,11544,bathroom,
2409,42687,11544,shower,
2410,42687,11568,dressing_room,
2411,42687,11568,sauna,
2412,42687,11568,bathroom,
2413,42687,11568,museum/indoor,
2414,42687,11568,shower,
2415,42687,11592,dressing_room,
2416,42687,11592,shower,
2417,42687,11592,sauna,
2418,42687,11592,bathroom,
2419,42687,11592,museum/indoor,
2420,42687,11616,iceberg,
2421,42687,11616,nursery,
2422,42687,11616,museum/indoor,
2423,42687,11616,ice_shelf,
2424,42687,11616,dressing_room,
2425,42687,11640,dressing_room,
2426,42687,11640,discotheque,
2427,42687,11640,beauty_salon,
2428,42687,11640,museum/indoor,
2429,42687,11640,sauna,
2430,42687,11664,dressing_room,
2431,42687,11664,discotheque,
2432,42687,11664,museum/indoor,
2433,42687,11664,stage/indoor,
2434,42687,11664,clean_room,
2435,42687,11688,dressing_room,
2436,42687,11688,discotheque,
2437,42687,11688,beauty_salon,
2438,42687,11688,clean_room,
2439,42687,11688,stage/indoor,
2440,42687,11712,dressing_room,
2441,42687,11712,beauty_salon,
2442,42687,11712,hospital_room,
2443,42687,11712,ice_cream_parlor,
2444,42687,11712,discotheque,
2445,42687,11736,dressing_room,
2446,42687,11736,hospital_room,
2447,42687,11736,beauty_salon,
2448,42687,11736,discotheque,
2449,42687,11736,nursery,
2450,42687,11760,dressing_room,
2451,42687,11760,hospital_room,
2452,42687,11760,beauty_salon,
2453,42687,11760,nursing_home,
2454,42687,11760,nursery,
2455,42687,11784,dressing_room,
2456,42687,11784,hospital_room,
2457,42687,11784,beauty_salon,
2458,42687,11784,art_gallery,
2459,42687,11784,nursing_home,
2460,42687,11808,dressing_room,
2461,42687,11808,hospital_room,
2462,42687,11808,beauty_salon,
2463,42687,11808,art_gallery,
2464,42687,11808,nursing_home,
2465,42687,11832,dressing_room,
2466,42687,11832,hospital_room,
2467,42687,11832,art_gallery,
2468,42687,11832,beauty_salon,
2469,42687,11832,nursery,
2470,42687,11856,dressing_room,
2471,42687,11856,beauty_salon,
2472,42687,11856,hospital_room,
2473,42687,11856,bedroom,
2474,42687,11856,shower,
2475,42687,11880,dressing_room,
2476,42687,11880,beauty_salon,
2477,42687,11880,hospital_room,
2478,42687,11880,art_gallery,
2479,42687,11880,bedroom,
2480,42687,11904,dressing_room,
2481,42687,11904,beauty_salon,
2482,42687,11904,discotheque,
2483,42687,11904,museum/indoor,
2484,42687,11904,clean_room,
2485,42687,11928,dressing_room,
2486,42687,11928,beauty_salon,
2487,42687,11928,museum/indoor,
2488,42687,11928,discotheque,
2489,42687,11928,clean_room,
2490,42687,11952,dressing_room,
2491,42687,11952,clean_room,
2492,42687,11952,shower,
2493,42687,11952,museum/indoor,
2494,42687,11952,art_gallery,
2495,42687,11976,dressing_room,
2496,42687,11976,bathroom,
2497,42687,11976,shower,
2498,42687,11976,clean_room,
2499,42687,11976,art_gallery,
2500,42687,12000,dressing_room,
2501,42687,12000,museum/indoor,
2502,42687,12000,bathroom,
2503,42687,12000,sauna,
2504,42687,12000,clean_room,
2505,42687,12024,dressing_room,
2506,42687,12024,sauna,
2507,42687,12024,bathroom,
2508,42687,12024,museum/indoor,
2509,42687,12024,shower,
2510,42687,12048,dressing_room,
2511,42687,12048,sauna,
2512,42687,12048,bathroom,
2513,42687,12048,museum/indoor,
2514,42687,12048,shower,
2515,42687,12072,dressing_room,
2516,42687,12072,bathroom,
2517,42687,12072,sauna,
2518,42687,12072,shower,
2519,42687,12072,museum/indoor,
2520,42687,12096,dressing_room,
2521,42687,12096,sauna,
2522,42687,12096,museum/indoor,
2523,42687,12096,bathroom,
2524,42687,12096,shower,
2525,42687,12120,dressing_room,
2526,42687,12120,bathroom,
2527,42687,12120,sauna,
2528,42687,12120,shower,
2529,42687,12120,museum/indoor,
2530,42687,12144,dressing_room,
2531,42687,12144,bathroom,
2532,42687,12144,sauna,
2533,42687,12144,museum/indoor,
2534,42687,12144,shower,
2535,42687,12168,dressing_room,
2536,42687,12168,sauna,
2537,42687,12168,bathroom,
2538,42687,12168,shower,
2539,42687,12168,museum/indoor,
2540,42687,12192,dressing_room,
2541,42687,12192,bathroom,
2542,42687,12192,shower,
2543,42687,12192,sauna,
2544,42687,12192,beauty_salon,
2545,42687,12216,dressing_room,
2546,42687,12216,bathroom,
2547,42687,12216,shower,
2548,42687,12216,sauna,
2549,42687,12216,beauty_salon,
2550,42687,12240,dressing_room,
2551,42687,12240,clothing_store,
2552,42687,12240,bathroom,
2553,42687,12240,shower,
2554,42687,12240,clean_room,
2555,42687,12264,shower,
2556,42687,12264,dressing_room,
2557,42687,12264,museum/indoor,
2558,42687,12264,bathroom,
2559,42687,12264,art_gallery,
2560,42687,12288,museum/indoor,
2561,42687,12288,dressing_room,
2562,42687,12288,art_gallery,
2563,42687,12288,artists_loft,
2564,42687,12288,shower,
2565,42687,12312,dressing_room,
2566,42687,12312,bathroom,
2567,42687,12312,shower,
2568,42687,12312,alcove,
2569,42687,12312,bow_window/indoor,
2570,42687,12336,dressing_room,
2571,42687,12336,museum/indoor,
2572,42687,12336,art_gallery,
2573,42687,12336,shower,
2574,42687,12336,alcove,
2575,42687,12360,dressing_room,
2576,42687,12360,alcove,
2577,42687,12360,shower,
2578,42687,12360,museum/indoor,
2579,42687,12360,bathroom,
2580,42687,12384,dressing_room,
2581,42687,12384,art_gallery,
2582,42687,12384,shower,
2583,42687,12384,museum/indoor,
2584,42687,12384,bathroom,
2585,42687,12408,museum/indoor,
2586,42687,12408,art_gallery,
2587,42687,12408,clothing_store,
2588,42687,12408,dressing_room,
2589,42687,12408,artists_loft,
2590,42687,12432,clean_room,
2591,42687,12432,museum/indoor,
2592,42687,12432,dressing_room,
2593,42687,12432,art_gallery,
2594,42687,12432,clothing_store,
2595,42687,12456,clean_room,
2596,42687,12456,museum/indoor,
2597,42687,12456,art_gallery,
2598,42687,12456,artists_loft,
2599,42687,12456,dressing_room,
2600,42687,12480,clean_room,
2601,42687,12480,museum/indoor,
2602,42687,12480,art_gallery,
2603,42687,12480,artists_loft,
2604,42687,12480,dressing_room,
2605,42687,12504,clean_room,
2606,42687,12504,museum/indoor,
2607,42687,12504,art_gallery,
2608,42687,12504,clothing_store,
2609,42687,12504,operating_room,
2610,42687,12528,clean_room,
2611,42687,12528,museum/indoor,
2612,42687,12528,dressing_room,
2613,42687,12528,art_gallery,
2614,42687,12528,clothing_store,
2615,42687,12552,clean_room,
2616,42687,12552,museum/indoor,
2617,42687,12552,dressing_room,
2618,42687,12552,art_gallery,
2619,42687,12552,operating_room,
2620,42687,12576,clean_room,
2621,42687,12576,museum/indoor,
2622,42687,12576,dressing_room,
2623,42687,12576,operating_room,
2624,42687,12576,art_gallery,
2625,42687,12600,clean_room,
2626,42687,12600,museum/indoor,
2627,42687,12600,art_gallery,
2628,42687,12600,dressing_room,
2629,42687,12600,operating_room,
2630,42687,12624,clean_room,
2631,42687,12624,museum/indoor,
2632,42687,12624,dressing_room,
2633,42687,12624,art_gallery,
2634,42687,12624,clothing_store,
2635,42687,12648,museum/indoor,
2636,42687,12648,clean_room,
2637,42687,12648,shower,
2638,42687,12648,art_gallery,
2639,42687,12648,dressing_room,
2640,42687,12672,shower,
2641,42687,12672,clean_room,
2642,42687,12672,museum/indoor,
2643,42687,12672,dressing_room,
2644,42687,12672,bathroom,
2645,42687,12696,clean_room,
2646,42687,12696,shower,
2647,42687,12696,dressing_room,
2648,42687,12696,bathroom,
2649,42687,12696,sauna,
2650,42687,12720,clean_room,
2651,42687,12720,shower,
2652,42687,12720,bathroom,
2653,42687,12720,museum/indoor,
2654,42687,12720,dressing_room,
2655,42687,12744,shower,
2656,42687,12744,clean_room,
2657,42687,12744,bathroom,
2658,42687,12744,alcove,
2659,42687,12744,artists_loft,
2660,42687,12768,bow_window/indoor,
2661,42687,12768,artists_loft,
2662,42687,12768,alcove,
2663,42687,12768,shower,
2664,42687,12768,museum/indoor,
2665,42687,12792,museum/indoor,
2666,42687,12792,shower,
2667,42687,12792,clean_room,
2668,42687,12792,art_gallery,
2669,42687,12792,alcove,
2670,42687,12816,art_gallery,
2671,42687,12816,museum/indoor,
2672,42687,12816,clean_room,
2673,42687,12816,shower,
2674,42687,12816,sauna,
2675,42687,12840,clean_room,
2676,42687,12840,dressing_room,
2677,42687,12840,art_gallery,
2678,42687,12840,museum/indoor,
2679,42687,12840,artists_loft,
2680,42687,12864,dressing_room,
2681,42687,12864,clean_room,
2682,42687,12864,art_gallery,
2683,42687,12864,stage/indoor,
2684,42687,12864,skyscraper,
2685,42687,12888,dressing_room,
2686,42687,12888,clean_room,
2687,42687,12888,clothing_store,
2688,42687,12888,locker_room,
2689,42687,12888,bathroom,
2690,42687,12912,dressing_room,
2691,42687,12912,clean_room,
2692,42687,12912,museum/indoor,
2693,42687,12912,art_gallery,
2694,42687,12912,nursery,
2695,42687,12936,dressing_room,
2696,42687,12936,clean_room,
2697,42687,12936,art_gallery,
2698,42687,12936,museum/indoor,
2699,42687,12936,elevator/door,
2700,42687,12960,dressing_room,
2701,42687,12960,clean_room,
2702,42687,12960,beauty_salon,
2703,42687,12960,nursery,
2704,42687,12960,locker_room,
2705,42687,12984,dressing_room,
2706,42687,12984,nursery,
2707,42687,12984,museum/indoor,
2708,42687,12984,clean_room,
2709,42687,12984,martial_arts_gym,
2710,42687,13008,clean_room,
2711,42687,13008,nursery,
2712,42687,13008,museum/indoor,
2713,42687,13008,dressing_room,
2714,42687,13008,martial_arts_gym,
2715,42687,13032,dressing_room,
2716,42687,13032,clean_room,
2717,42687,13032,nursery,
2718,42687,13032,bathroom,
2719,42687,13032,museum/indoor,
2720,42687,13056,clean_room,
2721,42687,13056,dressing_room,
2722,42687,13056,nursery,
2723,42687,13056,locker_room,
2724,42687,13056,bathroom,
2725,42687,13080,clean_room,
2726,42687,13080,dressing_room,
2727,42687,13080,nursery,
2728,42687,13080,locker_room,
2729,42687,13080,bathroom,
2730,42687,13104,corridor,
2731,42687,13104,clean_room,
2732,42687,13104,elevator_lobby,
2733,42687,13104,elevator/door,
2734,42687,13104,server_room,
2735,42687,13128,clean_room,
2736,42687,13128,chemistry_lab,
2737,42687,13128,dressing_room,
2738,42687,13128,art_gallery,
2739,42687,13128,shower,
2740,42687,13152,clean_room,
2741,42687,13152,dressing_room,
2742,42687,13152,beauty_salon,
2743,42687,13152,dining_room,
2744,42687,13152,artists_loft,
2745,42687,13176,clean_room,
2746,42687,13176,dressing_room,
2747,42687,13176,beauty_salon,
2748,42687,13176,dining_room,
2749,42687,13176,artists_loft,
2750,42687,13200,clean_room,
2751,42687,13200,dining_room,
2752,42687,13200,beauty_salon,
2753,42687,13200,dressing_room,
2754,42687,13200,artists_loft,
2755,42687,13224,clean_room,
2756,42687,13224,dining_room,
2757,42687,13224,beauty_salon,
2758,42687,13224,dressing_room,
2759,42687,13224,entrance_hall,
2760,42687,13248,clean_room,
2761,42687,13248,dining_room,
2762,42687,13248,beauty_salon,
2763,42687,13248,entrance_hall,
2764,42687,13248,bow_window/indoor,
2765,42687,13272,clean_room,
2766,42687,13272,museum/indoor,
2767,42687,13272,bow_window/indoor,
2768,42687,13272,dressing_room,
2769,42687,13272,entrance_hall,
2770,42687,13296,clean_room,
2771,42687,13296,entrance_hall,
2772,42687,13296,bow_window/indoor,
2773,42687,13296,dressing_room,
2774,42687,13296,artists_loft,
2775,42687,13320,clean_room,
2776,42687,13320,entrance_hall,
2777,42687,13320,bow_window/indoor,
2778,42687,13320,museum/indoor,
2779,42687,13320,alcove,
2780,42687,13344,clean_room,
2781,42687,13344,museum/indoor,
2782,42687,13344,art_gallery,
2783,42687,13344,dressing_room,
2784,42687,13344,alcove,
2785,42687,13368,clean_room,
2786,42687,13368,dressing_room,
2787,42687,13368,museum/indoor,
2788,42687,13368,art_gallery,
2789,42687,13368,clothing_store,
2790,42687,13392,clean_room,
2791,42687,13392,corridor,
2792,42687,13392,elevator_lobby,
2793,42687,13392,entrance_hall,
2794,42687,13392,elevator/door,
2795,42687,13416,clean_room,
2796,42687,13416,locker_room,
2797,42687,13416,clothing_store,
2798,42687,13416,dressing_room,
2799,42687,13416,elevator_lobby,
2800,42687,13440,clean_room,
2801,42687,13440,elevator_lobby,
2802,42687,13440,corridor,
2803,42687,13440,elevator/door,
2804,42687,13440,dressing_room,
2805,42687,13464,staircase,
2806,42687,13464,clean_room,
2807,42687,13464,museum/indoor,
2808,42687,13464,entrance_hall,
2809,42687,13464,clothing_store,
2810,42687,13488,clean_room,
2811,42687,13488,staircase,
2812,42687,13488,entrance_hall,
2813,42687,13488,museum/indoor,
2814,42687,13488,atrium/public,
2815,42687,13512,staircase,
2816,42687,13512,entrance_hall,
2817,42687,13512,museum/indoor,
2818,42687,13512,corridor,
2819,42687,13512,atrium/public,
2820,42687,13536,clean_room,
2821,42687,13536,staircase,
2822,42687,13536,entrance_hall,
2823,42687,13536,atrium/public,
2824,42687,13536,museum/indoor,
2825,42687,13560,clean_room,
2826,42687,13560,staircase,
2827,42687,13560,entrance_hall,
2828,42687,13560,atrium/public,
2829,42687,13560,museum/indoor,
2830,42687,13584,staircase,
2831,42687,13584,clean_room,
2832,42687,13584,museum/indoor,
2833,42687,13584,entrance_hall,
2834,42687,13584,atrium/public,
2835,42687,13608,museum/indoor,
2836,42687,13608,staircase,
2837,42687,13608,clean_room,
2838,42687,13608,entrance_hall,
2839,42687,13608,art_gallery,
2840,42687,13632,elevator/door,
2841,42687,13632,elevator_lobby,
2842,42687,13632,dressing_room,
2843,42687,13632,corridor,
2844,42687,13632,locker_room,
2845,42687,13656,clean_room,
2846,42687,13656,locker_room,
2847,42687,13656,museum/indoor,
2848,42687,13656,dressing_room,
2849,42687,13656,elevator_lobby,
2850,42687,13680,clean_room,
2851,42687,13680,dressing_room,
2852,42687,13680,museum/indoor,
2853,42687,13680,art_gallery,
2854,42687,13680,clothing_store,
2855,42687,13704,clean_room,
2856,42687,13704,dressing_room,
2857,42687,13704,museum/indoor,
2858,42687,13704,locker_room,
2859,42687,13704,entrance_hall,
2860,42687,13728,clean_room,
2861,42687,13728,corridor,
2862,42687,13728,locker_room,
2863,42687,13728,dressing_room,
2864,42687,13728,elevator_lobby,
2865,42687,13752,staircase,
2866,42687,13752,elevator_lobby,
2867,42687,13752,corridor,
2868,42687,13752,entrance_hall,
2869,42687,13752,dressing_room,
2870,42687,13776,staircase,
2871,42687,13776,entrance_hall,
2872,42687,13776,clothing_store,
2873,42687,13776,dressing_room,
2874,42687,13776,clean_room,
2875,42687,13800,museum/indoor,
2876,42687,13800,staircase,
2877,42687,13800,entrance_hall,
2878,42687,13800,clean_room,
2879,42687,13800,atrium/public,
2880,42687,13824,clean_room,
2881,42687,13824,atrium/public,
2882,42687,13824,staircase,
2883,42687,13824,entrance_hall,
2884,42687,13824,clothing_store,
2885,42687,13848,staircase,
2886,42687,13848,entrance_hall,
2887,42687,13848,atrium/public,
2888,42687,13848,dressing_room,
2889,42687,13848,shopping_mall/indoor,
2890,42687,13872,home_office,
2891,42687,13872,office,
2892,42687,13872,living_room,
2893,42687,13872,beauty_salon,
2894,42687,13872,bathroom,
2895,42687,13896,beauty_salon,
2896,42687,13896,home_office,
2897,42687,13896,living_room,
2898,42687,13896,clean_room,
2899,42687,13896,dressing_room,
2900,42687,13920,beauty_salon,
2901,42687,13920,bathroom,
2902,42687,13920,clean_room,
2903,42687,13920,shower,
2904,42687,13920,dressing_room,
2905,42687,13944,beauty_salon,
2906,42687,13944,clean_room,
2907,42687,13944,bathroom,
2908,42687,13944,dressing_room,
2909,42687,13944,shower,
2910,42687,13968,clean_room,
2911,42687,13968,beauty_salon,
2912,42687,13968,bathroom,
2913,42687,13968,operating_room,
2914,42687,13968,shower,
2915,42687,13992,clean_room,
2916,42687,13992,operating_room,
2917,42687,13992,hospital_room,
2918,42687,13992,beauty_salon,
2919,42687,13992,dressing_room,
2920,42687,14016,dining_room,
2921,42687,14016,clean_room,
2922,42687,14016,office,
2923,42687,14016,dressing_room,
2924,42687,14016,living_room,
2925,42687,14040,clean_room,
2926,42687,14040,dressing_room,
2927,42687,14040,office,
2928,42687,14040,office_cubicles,
2929,42687,14040,home_office,
2930,42687,14064,clean_room,
2931,42687,14064,beauty_salon,
2932,42687,14064,pharmacy,
2933,42687,14064,office,
2934,42687,14064,biology_laboratory,
2935,42687,14088,museum/indoor,
2936,42687,14088,clean_room,
2937,42687,14088,nursery,
2938,42687,14088,elevator/door,
2939,42687,14088,art_gallery,
2940,42687,14112,clean_room,
2941,42687,14112,museum/indoor,
2942,42687,14112,archive,
2943,42687,14112,dressing_room,
2944,42687,14112,office,
2945,42687,14136,clean_room,
2946,42687,14136,museum/indoor,
2947,42687,14136,art_gallery,
2948,42687,14136,archive,
2949,42687,14136,elevator/door,
2950,42687,14160,clean_room,
2951,42687,14160,dressing_room,
2952,42687,14160,archive,
2953,42687,14160,bow_window/indoor,
2954,42687,14160,corridor,
2955,42687,14184,clean_room,
2956,42687,14184,corridor,
2957,42687,14184,archive,
2958,42687,14184,bow_window/indoor,
2959,42687,14184,hospital_room,
2960,42687,14208,clean_room,
2961,42687,14208,archive,
2962,42687,14208,corridor,
2963,42687,14208,hospital_room,
2964,42687,14208,dressing_room,
2965,42687,14232,clean_room,
2966,42687,14232,bow_window/indoor,
2967,42687,14232,art_gallery,
2968,42687,14232,dressing_room,
2969,42687,14232,shower,
2970,42687,14256,clean_room,
2971,42687,14256,bow_window/indoor,
2972,42687,14256,office,
2973,42687,14256,art_gallery,
2974,42687,14256,archive,
2975,42687,14280,clean_room,
2976,42687,14280,bow_window/indoor,
2977,42687,14280,office,
2978,42687,14280,art_gallery,
2979,42687,14280,closet,
2980,42687,14304,clean_room,
2981,42687,14304,bow_window/indoor,
2982,42687,14304,office,
2983,42687,14304,dressing_room,
2984,42687,14304,archive,
2985,42687,14328,clean_room,
2986,42687,14328,dressing_room,
2987,42687,14328,archive,
2988,42687,14328,corridor,
2989,42687,14328,locker_room,
2990,42687,14352,clean_room,
2991,42687,14352,archive,
2992,42687,14352,dressing_room,
2993,42687,14352,sauna,
2994,42687,14352,bow_window/indoor,
2995,42687,14376,archive,
2996,42687,14376,clean_room,
2997,42687,14376,corridor,
2998,42687,14376,bow_window/indoor,
2999,42687,14376,art_gallery,
3000,42687,14400,bow_window/indoor,
3001,42687,14400,closet,
3002,42687,14400,clean_room,
3003,42687,14400,alcove,
3004,42687,14400,nursery,
3005,42687,14424,clean_room,
3006,42687,14424,bow_window/indoor,
3007,42687,14424,kitchen,
3008,42687,14424,closet,
3009,42687,14424,utility_room,
3010,42687,14448,clean_room,
3011,42687,14448,dressing_room,
3012,42687,14448,laundromat,
3013,42687,14448,kitchen,
3014,42687,14448,utility_room,
3015,42687,14472,clean_room,
3016,42687,14472,office,
3017,42687,14472,archive,
3018,42687,14472,chemistry_lab,
3019,42687,14472,dressing_room,
3020,42687,14496,bow_window/indoor,
3021,42687,14496,archive,
3022,42687,14496,clean_room,
3023,42687,14496,sauna,
3024,42687,14496,office,
3025,42687,14520,clean_room,
3026,42687,14520,music_studio,
3027,42687,14520,office,
3028,42687,14520,office_cubicles,
3029,42687,14520,dressing_room,
3030,42687,14544,clean_room,
3031,42687,14544,dressing_room,
3032,42687,14544,operating_room,
3033,42687,14544,hospital_room,
3034,42687,14544,nursery,
3035,42687,14568,dressing_room,
3036,42687,14568,clean_room,
3037,42687,14568,nursery,
3038,42687,14568,bow_window/indoor,
3039,42687,14568,locker_room,
3040,42687,14592,clean_room,
3041,42687,14592,dressing_room,
3042,42687,14592,nursery,
3043,42687,14592,bow_window/indoor,
3044,42687,14592,bedroom,
3045,42687,14616,clean_room,
3046,42687,14616,dressing_room,
3047,42687,14616,nursery,
3048,42687,14616,operating_room,
3049,42687,14616,nursing_home,
3050,42687,14640,dressing_room,
3051,42687,14640,clean_room,
3052,42687,14640,nursing_home,
3053,42687,14640,operating_room,
3054,42687,14640,discotheque,
3055,42687,14664,dressing_room,
3056,42687,14664,clean_room,
3057,42687,14664,nursing_home,
3058,42687,14664,operating_room,
3059,42687,14664,discotheque,
3060,42687,14688,clean_room,
3061,42687,14688,dressing_room,
3062,42687,14688,nursing_home,
3063,42687,14688,operating_room,
3064,42687,14688,hospital_room,
3065,42687,14712,clean_room,
3066,42687,14712,dressing_room,
3067,42687,14712,archive,
3068,42687,14712,operating_room,
3069,42687,14712,hospital_room,
3070,42687,14736,clean_room,
3071,42687,14736,dressing_room,
3072,42687,14736,archive,
3073,42687,14736,hospital_room,
3074,42687,14736,operating_room,
3075,42687,14760,clean_room,
3076,42687,14760,dressing_room,
3077,42687,14760,archive,
3078,42687,14760,operating_room,
3079,42687,14760,museum/indoor,
3080,42687,14784,clean_room,
3081,42687,14784,dressing_room,
3082,42687,14784,archive,
3083,42687,14784,museum/indoor,
3084,42687,14784,operating_room,
3085,42687,14808,clean_room,
3086,42687,14808,dressing_room,
3087,42687,14808,locker_room,
3088,42687,14808,archive,
3089,42687,14808,martial_arts_gym,
3090,42687,14832,clean_room,
3091,42687,14832,dressing_room,
3092,42687,14832,locker_room,
3093,42687,14832,archive,
3094,42687,14832,hospital_room,
3095,42687,14856,clean_room,
3096,42687,14856,dressing_room,
3097,42687,14856,archive,
3098,42687,14856,locker_room,
3099,42687,14856,hospital_room,
3100,42687,14880,clean_room,
3101,42687,14880,dressing_room,
3102,42687,14880,archive,
3103,42687,14880,operating_room,
3104,42687,14880,locker_room,
3105,42687,14904,clean_room,
3106,42687,14904,dressing_room,
3107,42687,14904,operating_room,
3108,42687,14904,hospital_room,
3109,42687,14904,archive,
3110,42687,14928,clean_room,
3111,42687,14928,dressing_room,
3112,42687,14928,archive,
3113,42687,14928,operating_room,
3114,42687,14928,hospital_room,
3115,42687,14952,clean_room,
3116,42687,14952,dressing_room,
3117,42687,14952,operating_room,
3118,42687,14952,hospital_room,
3119,42687,14952,archive,
3120,42687,14976,clean_room,
3121,42687,14976,dressing_room,
3122,42687,14976,operating_room,
3123,42687,14976,archive,
3124,42687,14976,hospital_room,
3125,42687,15000,clean_room,
3126,42687,15000,dressing_room,
3127,42687,15000,operating_room,
3128,42687,15000,nursing_home,
3129,42687,15000,hospital_room,
3130,42687,15024,dressing_room,
3131,42687,15024,clean_room,
3132,42687,15024,nursery,
3133,42687,15024,nursing_home,
3134,42687,15024,museum/indoor,
3135,42687,15048,clean_room,
3136,42687,15048,dressing_room,
3137,42687,15048,museum/indoor,
3138,42687,15048,art_gallery,
3139,42687,15048,clothing_store,
3140,42687,15072,clean_room,
3141,42687,15072,dressing_room,
3142,42687,15072,art_gallery,
3143,42687,15072,museum/indoor,
3144,42687,15072,nursery,
3145,42687,15096,dressing_room,
3146,42687,15096,clean_room,
3147,42687,15096,closet,
3148,42687,15096,bathroom,
3149,42687,15096,shower,
3150,42687,15120,dressing_room,
3151,42687,15120,clean_room,
3152,42687,15120,bathroom,
3153,42687,15120,shower,
3154,42687,15120,bedroom,
3155,42687,15144,clean_room,
3156,42687,15144,office,
3157,42687,15144,living_room,
3158,42687,15144,dressing_room,
3159,42687,15144,office_cubicles,
3160,42687,15168,clean_room,
3161,42687,15168,dressing_room,
3162,42687,15168,martial_arts_gym,
3163,42687,15168,nursery,
3164,42687,15168,hospital_room,
3165,42687,15192,clean_room,
3166,42687,15192,dressing_room,
3167,42687,15192,nursery,
3168,42687,15192,martial_arts_gym,
3169,42687,15192,hospital_room,
3170,42687,15216,clean_room,
3171,42687,15216,dressing_room,
3172,42687,15216,nursery,
3173,42687,15216,hospital_room,
3174,42687,15216,operating_room,
3175,42687,15240,clean_room,
3176,42687,15240,dressing_room,
3177,42687,15240,sauna,
3178,42687,15240,operating_room,
3179,42687,15240,hospital_room,
3180,42687,15264,clean_room,
3181,42687,15264,dressing_room,
3182,42687,15264,hospital_room,
3183,42687,15264,nursery,
3184,42687,15264,operating_room,
3185,42687,15288,clean_room,
3186,42687,15288,dressing_room,
3187,42687,15288,sauna,
3188,42687,15288,operating_room,
3189,42687,15288,hospital_room,
3190,42687,15312,clean_room,
3191,42687,15312,dressing_room,
3192,42687,15312,nursery,
3193,42687,15312,martial_arts_gym,
3194,42687,15312,sauna,
3195,42687,15336,clean_room,
3196,42687,15336,dressing_room,
3197,42687,15336,nursery,
3198,42687,15336,sauna,
3199,42687,15336,martial_arts_gym,
3200,42687,15360,clean_room,
3201,42687,15360,dressing_room,
3202,42687,15360,sauna,
3203,42687,15360,nursery,
3204,42687,15360,bathroom,
3205,42687,15384,clean_room,
3206,42687,15384,dressing_room,
3207,42687,15384,sauna,
3208,42687,15384,living_room,
3209,42687,15384,nursery,
3210,42687,15408,clean_room,
3211,42687,15408,dressing_room,
3212,42687,15408,hospital_room,
3213,42687,15408,operating_room,
3214,42687,15408,nursery,
3215,42687,15432,clean_room,
3216,42687,15432,dressing_room,
3217,42687,15432,hospital_room,
3218,42687,15432,nursery,
3219,42687,15432,operating_room,
3220,42687,15456,clean_room,
3221,42687,15456,nursery,
3222,42687,15456,hospital_room,
3223,42687,15456,operating_room,
3224,42687,15456,dressing_room,
3225,42687,15480,clean_room,
3226,42687,15480,nursery,
3227,42687,15480,dressing_room,
3228,42687,15480,hospital_room,
3229,42687,15480,operating_room,
3230,42687,15504,clean_room,
3231,42687,15504,dressing_room,
3232,42687,15504,nursery,
3233,42687,15504,hospital_room,
3234,42687,15504,operating_room,
3235,42687,15528,clean_room,
3236,42687,15528,dressing_room,
3237,42687,15528,nursery,
3238,42687,15528,hospital_room,
3239,42687,15528,operating_room,
3240,42687,15552,clean_room,
3241,42687,15552,dressing_room,
3242,42687,15552,hospital_room,
3243,42687,15552,nursery,
3244,42687,15552,operating_room,
3245,42687,15576,clean_room,
3246,42687,15576,dressing_room,
3247,42687,15576,martial_arts_gym,
3248,42687,15576,nursery,
3249,42687,15576,archive,
3250,42687,15600,clean_room,
3251,42687,15600,dressing_room,
3252,42687,15600,martial_arts_gym,
3253,42687,15600,hospital_room,
3254,42687,15600,nursery,
3255,42687,15624,clean_room,
3256,42687,15624,dressing_room,
3257,42687,15624,hospital_room,
3258,42687,15624,operating_room,
3259,42687,15624,chemistry_lab,
3260,42687,15648,clean_room,
3261,42687,15648,hospital_room,
3262,42687,15648,operating_room,
3263,42687,15648,dressing_room,
3264,42687,15648,chemistry_lab,
3265,42687,15672,clean_room,
3266,42687,15672,hospital_room,
3267,42687,15672,operating_room,
3268,42687,15672,dressing_room,
3269,42687,15672,chemistry_lab,
3270,42687,15696,clean_room,
3271,42687,15696,dressing_room,
3272,42687,15696,hospital_room,
3273,42687,15696,operating_room,
3274,42687,15696,nursery,
3275,42687,15720,clean_room,
3276,42687,15720,dressing_room,
3277,42687,15720,operating_room,
3278,42687,15720,locker_room,
3279,42687,15720,hospital_room,
3280,42687,15744,clean_room,
3281,42687,15744,dressing_room,
3282,42687,15744,hospital_room,
3283,42687,15744,sauna,
3284,42687,15744,locker_room,
3285,42687,15768,dressing_room,
3286,42687,15768,clean_room,
3287,42687,15768,museum/indoor,
3288,42687,15768,operating_room,
3289,42687,15768,locker_room,
3290,42687,15792,dressing_room,
3291,42687,15792,clean_room,
3292,42687,15792,museum/indoor,
3293,42687,15792,locker_room,
3294,42687,15792,art_gallery,
3295,42687,15816,dressing_room,
3296,42687,15816,clean_room,
3297,42687,15816,museum/indoor,
3298,42687,15816,locker_room,
3299,42687,15816,art_gallery,
3300,42687,15840,dressing_room,
3301,42687,15840,clean_room,
3302,42687,15840,museum/indoor,
3303,42687,15840,locker_room,
3304,42687,15840,art_gallery,
3305,42687,15864,dressing_room,
3306,42687,15864,museum/indoor,
3307,42687,15864,clean_room,
3308,42687,15864,locker_room,
3309,42687,15864,sauna,
3310,42687,15888,dressing_room,
3311,42687,15888,clean_room,
3312,42687,15888,museum/indoor,
3313,42687,15888,locker_room,
3314,42687,15888,clothing_store,
3315,42687,15912,dressing_room,
3316,42687,15912,clean_room,
3317,42687,15912,clothing_store,
3318,42687,15912,museum/indoor,
3319,42687,15912,locker_room,
3320,42687,15936,dressing_room,
3321,42687,15936,clean_room,
3322,42687,15936,museum/indoor,
3323,42687,15936,clothing_store,
3324,42687,15936,locker_room,
3325,42687,15960,clean_room,
3326,42687,15960,dressing_room,
3327,42687,15960,archive,
3328,42687,15960,museum/indoor,
3329,42687,15960,nursery,
3330,42687,15984,dressing_room,
3331,42687,15984,clean_room,
3332,42687,15984,nursery,
3333,42687,15984,archive,
3334,42687,15984,museum/indoor,
3335,42687,16008,clean_room,
3336,42687,16008,dressing_room,
3337,42687,16008,nursery,
3338,42687,16008,museum/indoor,
3339,42687,16008,sauna,
3340,42687,16032,clean_room,
3341,42687,16032,nursery,
3342,42687,16032,dressing_room,
3343,42687,16032,archive,
3344,42687,16032,museum/indoor,
3345,42687,16056,clean_room,
3346,42687,16056,nursery,
3347,42687,16056,dressing_room,
3348,42687,16056,archive,
3349,42687,16056,museum/indoor,
3350,42687,16080,dressing_room,
3351,42687,16080,museum/indoor,
3352,42687,16080,clean_room,
3353,42687,16080,art_gallery,
3354,42687,16080,sauna,
3355,42687,16104,dressing_room,
3356,42687,16104,museum/indoor,
3357,42687,16104,clean_room,
3358,42687,16104,sauna,
3359,42687,16104,shower,
3360,42687,16128,dressing_room,
3361,42687,16128,clean_room,
3362,42687,16128,museum/indoor,
3363,42687,16128,art_gallery,
3364,42687,16128,sauna,
3365,42687,16152,dressing_room,
3366,42687,16152,clean_room,
3367,42687,16152,museum/indoor,
3368,42687,16152,art_gallery,
3369,42687,16152,locker_room,
3370,42687,16176,dressing_room,
3371,42687,16176,clean_room,
3372,42687,16176,museum/indoor,
3373,42687,16176,art_gallery,
3374,42687,16176,sauna,
3375,42687,16200,dressing_room,
3376,42687,16200,clean_room,
3377,42687,16200,museum/indoor,
3378,42687,16200,sauna,
3379,42687,16200,art_gallery,
3380,42687,16224,dressing_room,
3381,42687,16224,clean_room,
3382,42687,16224,sauna,
3383,42687,16224,museum/indoor,
3384,42687,16224,shower,
3385,42687,16248,clean_room,
3386,42687,16248,dressing_room,
3387,42687,16248,nursery,
3388,42687,16248,archive,
3389,42687,16248,office_cubicles,
3390,42687,16272,clean_room,
3391,42687,16272,dressing_room,
3392,42687,16272,nursery,
3393,42687,16272,archive,
3394,42687,16272,office_cubicles,
3395,42687,16296,clean_room,
3396,42687,16296,dressing_room,
3397,42687,16296,nursery,
3398,42687,16296,archive,
3399,42687,16296,office_cubicles,
3400,42687,16320,clean_room,
3401,42687,16320,nursery,
3402,42687,16320,archive,
3403,42687,16320,dressing_room,
3404,42687,16320,staircase,
3405,42687,16344,clean_room,
3406,42687,16344,archive,
3407,42687,16344,dressing_room,
3408,42687,16344,nursery,
3409,42687,16344,museum/indoor,
3410,42687,16368,clean_room,
3411,42687,16368,archive,
3412,42687,16368,dressing_room,
3413,42687,16368,nursery,
3414,42687,16368,office_cubicles,
3415,42687,16392,clean_room,
3416,42687,16392,archive,
3417,42687,16392,dressing_room,
3418,42687,16392,nursery,
3419,42687,16392,museum/indoor,
3420,42687,16416,clean_room,
3421,42687,16416,dressing_room,
3422,42687,16416,nursery,
3423,42687,16416,archive,
3424,42687,16416,office_cubicles,
3425,42687,16440,clean_room,
3426,42687,16440,dressing_room,
3427,42687,16440,nursery,
3428,42687,16440,archive,
3429,42687,16440,museum/indoor,
3430,42687,16464,clean_room,
3431,42687,16464,dressing_room,
3432,42687,16464,nursery,
3433,42687,16464,archive,
3434,42687,16464,museum/indoor,
3435,42687,16488,clean_room,
3436,42687,16488,dressing_room,
3437,42687,16488,nursery,
3438,42687,16488,archive,
3439,42687,16488,museum/indoor,
3440,42687,16512,clean_room,
3441,42687,16512,dressing_room,
3442,42687,16512,nursery,
3443,42687,16512,museum/indoor,
3444,42687,16512,archive,
3445,42687,16536,clean_room,
3446,42687,16536,nursery,
3447,42687,16536,dressing_room,
3448,42687,16536,archive,
3449,42687,16536,museum/indoor,
3450,42687,16560,clean_room,
3451,42687,16560,dressing_room,
3452,42687,16560,nursery,
3453,42687,16560,archive,
3454,42687,16560,museum/indoor,
3455,42687,16584,clean_room,
3456,42687,16584,dressing_room,
3457,42687,16584,museum/indoor,
3458,42687,16584,nursery,
3459,42687,16584,art_gallery,
3460,42687,16608,clean_room,
3461,42687,16608,dressing_room,
3462,42687,16608,nursery,
3463,42687,16608,museum/indoor,
3464,42687,16608,art_gallery,
3465,42687,16632,clean_room,
3466,42687,16632,dressing_room,
3467,42687,16632,nursery,
3468,42687,16632,museum/indoor,
3469,42687,16632,art_gallery,
3470,42687,16656,clean_room,
3471,42687,16656,dressing_room,
3472,42687,16656,nursery,
3473,42687,16656,art_gallery,
3474,42687,16656,museum/indoor,
3475,42687,16680,clean_room,
3476,42687,16680,dressing_room,
3477,42687,16680,art_gallery,
3478,42687,16680,museum/indoor,
3479,42687,16680,nursery,
3480,42687,16704,dressing_room,
3481,42687,16704,clean_room,
3482,42687,16704,museum/indoor,
3483,42687,16704,clothing_store,
3484,42687,16704,art_gallery,
3485,42687,16728,dressing_room,
3486,42687,16728,museum/indoor,
3487,42687,16728,clean_room,
3488,42687,16728,art_gallery,
3489,42687,16728,clothing_store,
3490,42687,16752,dressing_room,
3491,42687,16752,clean_room,
3492,42687,16752,museum/indoor,
3493,42687,16752,locker_room,
3494,42687,16752,sauna,
3495,42687,16776,dressing_room,
3496,42687,16776,clean_room,
3497,42687,16776,museum/indoor,
3498,42687,16776,sauna,
3499,42687,16776,locker_room,
3500,42687,16800,dressing_room,
3501,42687,16800,clean_room,
3502,42687,16800,sauna,
3503,42687,16800,locker_room,
3504,42687,16800,museum/indoor,
3505,42687,16824,dressing_room,
3506,42687,16824,clean_room,
3507,42687,16824,locker_room,
3508,42687,16824,museum/indoor,
3509,42687,16824,sauna,
3510,42687,16848,dressing_room,
3511,42687,16848,clean_room,
3512,42687,16848,museum/indoor,
3513,42687,16848,locker_room,
3514,42687,16848,clothing_store,
3515,42687,16872,dressing_room,
3516,42687,16872,clean_room,
3517,42687,16872,museum/indoor,
3518,42687,16872,clothing_store,
3519,42687,16872,art_gallery,
3520,42687,16896,dressing_room,
3521,42687,16896,clean_room,
3522,42687,16896,elevator/door,
3523,42687,16896,museum/indoor,
3524,42687,16896,elevator_lobby,
3525,42687,16920,dressing_room,
3526,42687,16920,clean_room,
3527,42687,16920,elevator/door,
3528,42687,16920,locker_room,
3529,42687,16920,elevator_lobby,
3530,42687,16944,dressing_room,
3531,42687,16944,clean_room,
3532,42687,16944,elevator/door,
3533,42687,16944,locker_room,
3534,42687,16944,bathroom,
3535,42687,16968,dressing_room,
3536,42687,16968,clean_room,
3537,42687,16968,nursery,
3538,42687,16968,museum/indoor,
3539,42687,16968,art_gallery,
3540,42687,16992,dressing_room,
3541,42687,16992,clean_room,
3542,42687,16992,nursery,
3543,42687,16992,museum/indoor,
3544,42687,16992,art_gallery,
3545,42687,17016,dressing_room,
3546,42687,17016,clean_room,
3547,42687,17016,nursery,
3548,42687,17016,museum/indoor,
3549,42687,17016,art_gallery,
3550,42687,17040,clean_room,
3551,42687,17040,dressing_room,
3552,42687,17040,nursery,
3553,42687,17040,museum/indoor,
3554,42687,17040,clothing_store,
3555,42687,17064,dressing_room,
3556,42687,17064,clean_room,
3557,42687,17064,nursery,
3558,42687,17064,museum/indoor,
3559,42687,17064,clothing_store,
3560,42687,17088,clean_room,
3561,42687,17088,dressing_room,
3562,42687,17088,nursery,
3563,42687,17088,museum/indoor,
3564,42687,17088,archive,
3565,42687,17112,clean_room,
3566,42687,17112,dressing_room,
3567,42687,17112,nursery,
3568,42687,17112,museum/indoor,
3569,42687,17112,archive,
3570,42687,17136,clean_room,
3571,42687,17136,dressing_room,
3572,42687,17136,nursery,
3573,42687,17136,museum/indoor,
3574,42687,17136,archive,
3575,42687,17160,clean_room,
3576,42687,17160,dressing_room,
3577,42687,17160,nursery,
3578,42687,17160,museum/indoor,
3579,42687,17160,archive,
3580,42687,17184,clean_room,
3581,42687,17184,dressing_room,
3582,42687,17184,museum/indoor,
3583,42687,17184,nursery,
3584,42687,17184,art_gallery,
3585,42687,17208,clean_room,
3586,42687,17208,dressing_room,
3587,42687,17208,nursery,
3588,42687,17208,archive,
3589,42687,17208,clothing_store,
3590,42687,17232,clean_room,
3591,42687,17232,dressing_room,
3592,42687,17232,archive,
3593,42687,17232,nursery,
3594,42687,17232,museum/indoor,
3595,42687,17256,clean_room,
3596,42687,17256,dressing_room,
3597,42687,17256,archive,
3598,42687,17256,hospital_room,
3599,42687,17256,nursery,
3600,42687,17280,clean_room,
3601,42687,17280,dressing_room,
3602,42687,17280,museum/indoor,
3603,42687,17280,archive,
3604,42687,17280,art_gallery,
3605,42687,17304,clean_room,
3606,42687,17304,dressing_room,
3607,42687,17304,nursery,
3608,42687,17304,museum/indoor,
3609,42687,17304,hospital_room,
3610,42687,17328,clean_room,
3611,42687,17328,dressing_room,
3612,42687,17328,nursery,
3613,42687,17328,clothing_store,
3614,42687,17328,archive,
3615,42687,17352,dressing_room,
3616,42687,17352,clean_room,
3617,42687,17352,nursery,
3618,42687,17352,clothing_store,
3619,42687,17352,hospital_room,
3620,42687,17376,clean_room,
3621,42687,17376,dressing_room,
3622,42687,17376,archive,
3623,42687,17376,nursery,
3624,42687,17376,hospital_room,
3625,42687,17400,dressing_room,
3626,42687,17400,clean_room,
3627,42687,17400,nursery,
3628,42687,17400,clothing_store,
3629,42687,17400,hospital_room,
3630,42687,17424,clean_room,
3631,42687,17424,dressing_room,
3632,42687,17424,museum/indoor,
3633,42687,17424,art_gallery,
3634,42687,17424,nursery,
3635,42687,17448,dressing_room,
3636,42687,17448,clean_room,
3637,42687,17448,nursery,
3638,42687,17448,museum/indoor,
3639,42687,17448,clothing_store,
3640,42687,17472,clean_room,
3641,42687,17472,dressing_room,
3642,42687,17472,nursery,
3643,42687,17472,archive,
3644,42687,17472,hospital_room,
3645,42687,17496,clean_room,
3646,42687,17496,dressing_room,
3647,42687,17496,archive,
3648,42687,17496,nursery,
3649,42687,17496,hospital_room,
3650,42687,17520,clean_room,
3651,42687,17520,dressing_room,
3652,42687,17520,hospital_room,
3653,42687,17520,nursery,
3654,42687,17520,archive,
3655,42687,17544,clean_room,
3656,42687,17544,dressing_room,
3657,42687,17544,nursery,
3658,42687,17544,archive,
3659,42687,17544,hospital_room,
3660,42687,17568,clean_room,
3661,42687,17568,dressing_room,
3662,42687,17568,nursery,
3663,42687,17568,clothing_store,
3664,42687,17568,archive,
3665,42687,17592,dressing_room,
3666,42687,17592,clean_room,
3667,42687,17592,museum/indoor,
3668,42687,17592,locker_room,
3669,42687,17592,clothing_store,
3670,42687,17616,dressing_room,
3671,42687,17616,clean_room,
3672,42687,17616,elevator/door,
3673,42687,17616,clothing_store,
3674,42687,17616,locker_room,
3675,42687,17640,dressing_room,
3676,42687,17640,clean_room,
3677,42687,17640,elevator/door,
3678,42687,17640,locker_room,
3679,42687,17640,elevator_lobby,
3680,42687,17664,dressing_room,
3681,42687,17664,clean_room,
3682,42687,17664,locker_room,
3683,42687,17664,elevator/door,
3684,42687,17664,clothing_store,
3685,42687,17688,dressing_room,
3686,42687,17688,clean_room,
3687,42687,17688,locker_room,
3688,42687,17688,sauna,
3689,42687,17688,museum/indoor,
3690,42687,17712,dressing_room,
3691,42687,17712,clean_room,
3692,42687,17712,locker_room,
3693,42687,17712,sauna,
3694,42687,17712,shower,
3695,42687,17736,dressing_room,
3696,42687,17736,clean_room,
3697,42687,17736,locker_room,
3698,42687,17736,sauna,
3699,42687,17736,museum/indoor,
3700,42687,17760,dressing_room,
3701,42687,17760,clean_room,
3702,42687,17760,locker_room,
3703,42687,17760,museum/indoor,
3704,42687,17760,sauna,
3705,42687,17784,dressing_room,
3706,42687,17784,clean_room,
3707,42687,17784,hospital_room,
3708,42687,17784,locker_room,
3709,42687,17784,elevator/door,
3710,42687,17808,dressing_room,
3711,42687,17808,clean_room,
3712,42687,17808,locker_room,
3713,42687,17808,clothing_store,
3714,42687,17808,museum/indoor,
3715,42687,17832,dressing_room,
3716,42687,17832,clean_room,
3717,42687,17832,locker_room,
3718,42687,17832,clothing_store,
3719,42687,17832,museum/indoor,
3720,42687,17856,dressing_room,
3721,42687,17856,clean_room,
3722,42687,17856,nursery,
3723,42687,17856,clothing_store,
3724,42687,17856,hospital_room,
3725,42687,17880,clean_room,
3726,42687,17880,dressing_room,
3727,42687,17880,nursery,
3728,42687,17880,clothing_store,
3729,42687,17880,hospital_room,
3730,42687,17904,clean_room,
3731,42687,17904,dressing_room,
3732,42687,17904,nursery,
3733,42687,17904,hospital_room,
3734,42687,17904,clothing_store,
3735,42687,17928,clean_room,
3736,42687,17928,dressing_room,
3737,42687,17928,nursery,
3738,42687,17928,hospital_room,
3739,42687,17928,clothing_store,
3740,42687,17952,clean_room,
3741,42687,17952,dressing_room,
3742,42687,17952,nursery,
3743,42687,17952,hospital_room,
3744,42687,17952,clothing_store,
3745,42687,17976,dressing_room,
3746,42687,17976,clean_room,
3747,42687,17976,nursery,
3748,42687,17976,clothing_store,
3749,42687,17976,hospital_room,
3750,42687,18000,dressing_room,
3751,42687,18000,clean_room,
3752,42687,18000,nursery,
3753,42687,18000,clothing_store,
3754,42687,18000,hospital_room,
3755,42687,18024,dressing_room,
3756,42687,18024,clean_room,
3757,42687,18024,nursery,
3758,42687,18024,clothing_store,
3759,42687,18024,hospital_room,
3760,42687,18048,dressing_room,
3761,42687,18048,clean_room,
3762,42687,18048,nursery,
3763,42687,18048,clothing_store,
3764,42687,18048,hospital_room,
3765,42687,18072,clean_room,
3766,42687,18072,dressing_room,
3767,42687,18072,nursery,
3768,42687,18072,clothing_store,
3769,42687,18072,hospital_room,
3770,42687,18096,clean_room,
3771,42687,18096,dressing_room,
3772,42687,18096,nursery,
3773,42687,18096,clothing_store,
3774,42687,18096,hospital_room,
3775,42687,18120,clean_room,
3776,42687,18120,dressing_room,
3777,42687,18120,nursery,
3778,42687,18120,hospital_room,
3779,42687,18120,operating_room,
3780,42687,18144,clean_room,
3781,42687,18144,dressing_room,
3782,42687,18144,nursery,
3783,42687,18144,hospital_room,
3784,42687,18144,clothing_store,
3785,42687,18168,dressing_room,
3786,42687,18168,museum/indoor,
3787,42687,18168,clean_room,
3788,42687,18168,art_gallery,
3789,42687,18168,clothing_store,
3790,42687,18192,dressing_room,
3791,42687,18192,museum/indoor,
3792,42687,18192,clean_room,
3793,42687,18192,art_gallery,
3794,42687,18192,clothing_store,
3795,42687,18216,dressing_room,
3796,42687,18216,museum/indoor,
3797,42687,18216,art_gallery,
3798,42687,18216,clean_room,
3799,42687,18216,elevator_lobby,
3800,42687,18240,dressing_room,
3801,42687,18240,clean_room,
3802,42687,18240,museum/indoor,
3803,42687,18240,art_gallery,
3804,42687,18240,clothing_store,
3805,42687,18264,dressing_room,
3806,42687,18264,clean_room,
3807,42687,18264,museum/indoor,
3808,42687,18264,locker_room,
3809,42687,18264,elevator/door,
3810,42687,18288,dressing_room,
3811,42687,18288,clean_room,
3812,42687,18288,museum/indoor,
3813,42687,18288,art_gallery,
3814,42687,18288,elevator/door,
3815,42687,18312,dressing_room,
3816,42687,18312,clean_room,
3817,42687,18312,museum/indoor,
3818,42687,18312,clothing_store,
3819,42687,18312,art_gallery,
3820,42687,18336,dressing_room,
3821,42687,18336,clean_room,
3822,42687,18336,nursery,
3823,42687,18336,clothing_store,
3824,42687,18336,museum/indoor,
3825,42687,18360,dressing_room,
3826,42687,18360,nursery,
3827,42687,18360,clothing_store,
3828,42687,18360,clean_room,
3829,42687,18360,locker_room,
3830,42687,18384,dressing_room,
3831,42687,18384,clean_room,
3832,42687,18384,nursery,
3833,42687,18384,clothing_store,
3834,42687,18384,museum/indoor,
3835,42687,18408,dressing_room,
3836,42687,18408,clean_room,
3837,42687,18408,nursery,
3838,42687,18408,clothing_store,
3839,42687,18408,locker_room,
3840,42687,18432,dressing_room,
3841,42687,18432,clean_room,
3842,42687,18432,nursery,
3843,42687,18432,clothing_store,
3844,42687,18432,archive,
3845,42687,18456,living_room,
3846,42687,18456,office,
3847,42687,18456,home_office,
3848,42687,18456,bedroom,
3849,42687,18456,hotel_room,
3850,42687,18480,living_room,
3851,42687,18480,dining_room,
3852,42687,18480,office,
3853,42687,18480,home_office,
3854,42687,18480,bedroom,
3855,42687,18504,living_room,
3856,42687,18504,office,
3857,42687,18504,home_office,
3858,42687,18504,bedroom,
3859,42687,18504,office_cubicles,
3860,42687,18528,living_room,
3861,42687,18528,dining_room,
3862,42687,18528,clean_room,
3863,42687,18528,dressing_room,
3864,42687,18528,archive,
3865,42687,18552,dressing_room,
3866,42687,18552,living_room,
3867,42687,18552,clean_room,
3868,42687,18552,dining_room,
3869,42687,18552,archive,
3870,42687,18576,dressing_room,
3871,42687,18576,clean_room,
3872,42687,18576,museum/indoor,
3873,42687,18576,archive,
3874,42687,18576,music_studio,
3875,42687,18600,dressing_room,
3876,42687,18600,clean_room,
3877,42687,18600,locker_room,
3878,42687,18600,museum/indoor,
3879,42687,18600,sauna,
3880,42687,18624,dressing_room,
3881,42687,18624,clean_room,
3882,42687,18624,museum/indoor,
3883,42687,18624,music_studio,
3884,42687,18624,nursery,
3885,42687,18648,dressing_room,
3886,42687,18648,clean_room,
3887,42687,18648,museum/indoor,
3888,42687,18648,sauna,
3889,42687,18648,archive,
3890,42687,18672,dressing_room,
3891,42687,18672,clean_room,
3892,42687,18672,museum/indoor,
3893,42687,18672,music_studio,
3894,42687,18672,archive,
3895,42687,18696,dressing_room,
3896,42687,18696,clean_room,
3897,42687,18696,museum/indoor,
3898,42687,18696,operating_room,
3899,42687,18696,archive,
3900,42687,18720,dressing_room,
3901,42687,18720,clean_room,
3902,42687,18720,museum/indoor,
3903,42687,18720,archive,
3904,42687,18720,sauna,
3905,42687,18744,clean_room,
3906,42687,18744,dressing_room,
3907,42687,18744,operating_room,
3908,42687,18744,hospital_room,
3909,42687,18744,archive,
3910,42687,18768,nursery,
3911,42687,18768,clean_room,
3912,42687,18768,dressing_room,
3913,42687,18768,archive,
3914,42687,18768,living_room,
3915,42687,18792,archive,
3916,42687,18792,dressing_room,
3917,42687,18792,office,
3918,42687,18792,clean_room,
3919,42687,18792,home_office,
3920,42687,18816,dressing_room,
3921,42687,18816,museum/indoor,
3922,42687,18816,clean_room,
3923,42687,18816,archive,
3924,42687,18816,bathroom,
3925,42687,18840,clean_room,
3926,42687,18840,dressing_room,
3927,42687,18840,archive,
3928,42687,18840,bathroom,
3929,42687,18840,museum/indoor,
3930,42687,18864,clean_room,
3931,42687,18864,dressing_room,
3932,42687,18864,nursery,
3933,42687,18864,hospital_room,
3934,42687,18864,operating_room,
3935,42687,18888,dressing_room,
3936,42687,18888,clean_room,
3937,42687,18888,living_room,
3938,42687,18888,museum/indoor,
3939,42687,18888,reception,
3940,42687,18912,clean_room,
3941,42687,18912,dressing_room,
3942,42687,18912,reception,
3943,42687,18912,bathroom,
3944,42687,18912,art_gallery,
3945,42687,18936,corridor,
3946,42687,18936,entrance_hall,
3947,42687,18936,dining_room,
3948,42687,18936,living_room,
3949,42687,18936,museum/indoor,
3950,42687,18960,corridor,
3951,42687,18960,entrance_hall,
3952,42687,18960,clean_room,
3953,42687,18960,museum/indoor,
3954,42687,18960,living_room,
3955,42687,18984,museum/indoor,
3956,42687,18984,corridor,
3957,42687,18984,clean_room,
3958,42687,18984,dressing_room,
3959,42687,18984,entrance_hall,
3960,42687,19008,clean_room,
3961,42687,19008,corridor,
3962,42687,19008,martial_arts_gym,
3963,42687,19008,dressing_room,
3964,42687,19008,gymnasium/indoor,
3965,42687,19032,corridor,
3966,42687,19032,clean_room,
3967,42687,19032,dressing_room,
3968,42687,19032,elevator/door,
3969,42687,19032,closet,
3970,42687,19056,elevator/door,
3971,42687,19056,closet,
3972,42687,19056,corridor,
3973,42687,19056,elevator_lobby,
3974,42687,19056,bow_window/indoor,
3975,42687,19080,elevator/door,
3976,42687,19080,dressing_room,
3977,42687,19080,elevator_lobby,
3978,42687,19080,clean_room,
3979,42687,19080,shower,
3980,42687,19104,dressing_room,
3981,42687,19104,closet,
3982,42687,19104,shower,
3983,42687,19104,elevator/door,
3984,42687,19104,locker_room,
3985,42687,19128,clean_room,
3986,42687,19128,corridor,
3987,42687,19128,clothing_store,
3988,42687,19128,museum/indoor,
3989,42687,19128,dressing_room,
3990,42687,19152,clean_room,
3991,42687,19152,corridor,
3992,42687,19152,dressing_room,
3993,42687,19152,clothing_store,
3994,42687,19152,museum/indoor,
3995,42687,19176,clean_room,
3996,42687,19176,elevator/door,
3997,42687,19176,dressing_room,
3998,42687,19176,museum/indoor,
3999,42687,19176,clothing_store,
4000,42687,19200,clean_room,
4001,42687,19200,elevator/door,
4002,42687,19200,dressing_room,
4003,42687,19200,museum/indoor,
4004,42687,19200,art_gallery,
4005,42687,19224,clean_room,
4006,42687,19224,elevator/door,
4007,42687,19224,dressing_room,
4008,42687,19224,server_room,
4009,42687,19224,elevator_lobby,
4010,42687,19248,clean_room,
4011,42687,19248,elevator/door,
4012,42687,19248,museum/indoor,
4013,42687,19248,dressing_room,
4014,42687,19248,art_gallery,
4015,42687,19272,clean_room,
4016,42687,19272,elevator/door,
4017,42687,19272,museum/indoor,
4018,42687,19272,dressing_room,
4019,42687,19272,art_gallery,
4020,42687,19296,clean_room,
4021,42687,19296,elevator/door,
4022,42687,19296,museum/indoor,
4023,42687,19296,dressing_room,
4024,42687,19296,art_gallery,
4025,42687,19320,clean_room,
4026,42687,19320,elevator/door,
4027,42687,19320,museum/indoor,
4028,42687,19320,dressing_room,
4029,42687,19320,art_gallery,
4030,42687,19344,clean_room,
4031,42687,19344,museum/indoor,
4032,42687,19344,dressing_room,
4033,42687,19344,elevator/door,
4034,42687,19344,art_gallery,
4035,42687,19368,clean_room,
4036,42687,19368,elevator/door,
4037,42687,19368,dressing_room,
4038,42687,19368,locker_room,
4039,42687,19368,elevator_lobby,
4040,42687,19392,elevator/door,
4041,42687,19392,bow_window/indoor,
4042,42687,19392,closet,
4043,42687,19392,elevator_lobby,
4044,42687,19392,shower,
4045,42687,19416,bow_window/indoor,
4046,42687,19416,elevator/door,
4047,42687,19416,closet,
4048,42687,19416,doorway/outdoor,
4049,42687,19416,corridor,
4050,42687,19440,bow_window/indoor,
4051,42687,19440,elevator/door,
4052,42687,19440,closet,
4053,42687,19440,shower,
4054,42687,19440,alcove,
4055,42687,19464,bow_window/indoor,
4056,42687,19464,elevator/door,
4057,42687,19464,alcove,
4058,42687,19464,closet,
4059,42687,19464,shower,
4060,42687,19488,bow_window/indoor,
4061,42687,19488,closet,
4062,42687,19488,alcove,
4063,42687,19488,elevator/door,
4064,42687,19488,shower,
4065,42687,19512,skyscraper,
4066,42687,19512,tower,
4067,42687,19512,museum/indoor,
4068,42687,19512,music_studio,
4069,42687,19512,office_building,
4070,42687,19536,bedroom,
4071,42687,19536,hotel_room,
4072,42687,19536,living_room,
4073,42687,19536,dressing_room,
4074,42687,19536,clean_room,
4075,42687,19560,bedroom,
4076,42687,19560,bedchamber,
4077,42687,19560,hotel_room,
4078,42687,19560,bow_window/indoor,
4079,42687,19560,living_room,
4080,42687,19584,bedroom,
4081,42687,19584,hotel_room,
4082,42687,19584,living_room,
4083,42687,19584,bedchamber,
4084,42687,19584,dining_room,
4085,42687,19608,bedroom,
4086,42687,19608,hotel_room,
4087,42687,19608,clean_room,
4088,42687,19608,living_room,
4089,42687,19608,office,
4090,42687,19632,bedroom,
4091,42687,19632,bow_window/indoor,
4092,42687,19632,bedchamber,
4093,42687,19632,hotel_room,
4094,42687,19632,living_room,
4095,42687,19656,museum/indoor,
4096,42687,19656,dressing_room,
4097,42687,19656,office,
4098,42687,19656,clean_room,
4099,42687,19656,art_gallery,
4100,42687,19680,clean_room,
4101,42687,19680,bow_window/indoor,
4102,42687,19680,alcove,
4103,42687,19680,dining_room,
4104,42687,19680,office,
4105,42687,19704,museum/indoor,
4106,42687,19704,art_gallery,
4107,42687,19704,artists_loft,
4108,42687,19704,clean_room,
4109,42687,19704,dressing_room,
4110,42687,19728,artists_loft,
4111,42687,19728,art_gallery,
4112,42687,19728,museum/indoor,
4113,42687,19728,dressing_room,
4114,42687,19728,clean_room,
4115,42687,19752,museum/indoor,
4116,42687,19752,art_gallery,
4117,42687,19752,clean_room,
4118,42687,19752,dressing_room,
4119,42687,19752,artists_loft,
4120,42687,19776,museum/indoor,
4121,42687,19776,art_gallery,
4122,42687,19776,clean_room,
4123,42687,19776,artists_loft,
4124,42687,19776,dressing_room,
4125,42687,19800,museum/indoor,
4126,42687,19800,art_gallery,
4127,42687,19800,artists_loft,
4128,42687,19800,clean_room,
4129,42687,19800,dressing_room,
4130,42687,19824,museum/indoor,
4131,42687,19824,art_gallery,
4132,42687,19824,artists_loft,
4133,42687,19824,office,
4134,42687,19824,dressing_room,
4135,42687,19848,art_gallery,
4136,42687,19848,artists_loft,
4137,42687,19848,museum/indoor,
4138,42687,19848,dressing_room,
4139,42687,19848,office,
4140,42687,19872,artists_loft,
4141,42687,19872,museum/indoor,
4142,42687,19872,art_gallery,
4143,42687,19872,bow_window/indoor,
4144,42687,19872,dressing_room,
4145,42687,19896,dressing_room,
4146,42687,19896,museum/indoor,
4147,42687,19896,clean_room,
4148,42687,19896,art_gallery,
4149,42687,19896,artists_loft,
4150,42687,19920,entrance_hall,
4151,42687,19920,staircase,
4152,42687,19920,corridor,
4153,42687,19920,dressing_room,
4154,42687,19920,clean_room,
4155,42687,19944,clean_room,
4156,42687,19944,dressing_room,
4157,42687,19944,staircase,
4158,42687,19944,entrance_hall,
4159,42687,19944,museum/indoor,
4160,42687,19968,clean_room,
4161,42687,19968,archive,
4162,42687,19968,museum/indoor,
4163,42687,19968,art_gallery,
4164,42687,19968,corridor,
4165,42687,19992,bow_window/indoor,
4166,42687,19992,elevator/door,
4167,42687,19992,corridor,
4168,42687,19992,archive,
4169,42687,19992,staircase,
4170,42687,20016,dressing_room,
4171,42687,20016,clean_room,
4172,42687,20016,office,
4173,42687,20016,hospital_room,
4174,42687,20016,archive,
4175,42687,20040,dressing_room,
4176,42687,20040,clean_room,
4177,42687,20040,bow_window/indoor,
4178,42687,20040,artists_loft,
4179,42687,20040,living_room,
4180,42687,20064,clean_room,
4181,42687,20064,dressing_room,
4182,42687,20064,hospital_room,
4183,42687,20064,nursery,
4184,42687,20064,operating_room,
4185,42687,20088,clean_room,
4186,42687,20088,dressing_room,
4187,42687,20088,hospital_room,
4188,42687,20088,nursery,
4189,42687,20088,operating_room,
4190,42687,20112,clean_room,
4191,42687,20112,dressing_room,
4192,42687,20112,hospital_room,
4193,42687,20112,nursery,
4194,42687,20112,operating_room,
4195,42687,20136,dressing_room,
4196,42687,20136,clean_room,
4197,42687,20136,nursery,
4198,42687,20136,bedroom,
4199,42687,20136,hospital_room,
4200,42687,20160,clean_room,
4201,42687,20160,hospital_room,
4202,42687,20160,operating_room,
4203,42687,20160,dressing_room,
4204,42687,20160,bathroom,
4205,42687,20184,clean_room,
4206,42687,20184,operating_room,
4207,42687,20184,dressing_room,
4208,42687,20184,hospital_room,
4209,42687,20184,nursery,
4210,42687,20208,clean_room,
4211,42687,20208,dressing_room,
4212,42687,20208,operating_room,
4213,42687,20208,hospital_room,
4214,42687,20208,bedroom,
4215,42687,20232,clean_room,
4216,42687,20232,operating_room,
4217,42687,20232,hospital_room,
4218,42687,20232,dressing_room,
4219,42687,20232,bedroom,
4220,42687,20256,clean_room,
4221,42687,20256,operating_room,
4222,42687,20256,hospital_room,
4223,42687,20256,dressing_room,
4224,42687,20256,bedroom,
4225,42687,20280,bow_window/indoor,
4226,42687,20280,alcove,
4227,42687,20280,museum/indoor,
4228,42687,20280,archive,
4229,42687,20280,artists_loft,
4230,42687,20304,bow_window/indoor,
4231,42687,20304,museum/indoor,
4232,42687,20304,alcove,
4233,42687,20304,archive,
4234,42687,20304,artists_loft,
4235,42687,20328,museum/indoor,
4236,42687,20328,bow_window/indoor,
4237,42687,20328,artists_loft,
4238,42687,20328,art_gallery,
4239,42687,20328,archive,
4240,42687,20352,bow_window/indoor,
4241,42687,20352,artists_loft,
4242,42687,20352,alcove,
4243,42687,20352,art_gallery,
4244,42687,20352,museum/indoor,
4245,42687,20376,museum/indoor,
4246,42687,20376,art_gallery,
4247,42687,20376,artists_loft,
4248,42687,20376,bow_window/indoor,
4249,42687,20376,staircase,
4250,42687,20400,clean_room,
4251,42687,20400,hospital_room,
4252,42687,20400,operating_room,
4253,42687,20400,bedroom,
4254,42687,20400,nursery,
4255,42687,20424,clean_room,
4256,42687,20424,operating_room,
4257,42687,20424,hospital_room,
4258,42687,20424,dressing_room,
4259,42687,20424,bedroom,
4260,42687,20448,clean_room,
4261,42687,20448,operating_room,
4262,42687,20448,hospital_room,
4263,42687,20448,dressing_room,
4264,42687,20448,beauty_salon,
4265,42687,20472,nursery,
4266,42687,20472,staircase,
4267,42687,20472,corridor,
4268,42687,20472,bow_window/indoor,
4269,42687,20472,balcony/interior,
4270,42687,20496,corridor,
4271,42687,20496,nursery,
4272,42687,20496,staircase,
4273,42687,20496,artists_loft,
4274,42687,20496,jail_cell,
4275,42687,20520,staircase,
4276,42687,20520,corridor,
4277,42687,20520,mezzanine,
4278,42687,20520,entrance_hall,
4279,42687,20520,artists_loft,
4280,42687,20544,staircase,
4281,42687,20544,nursery,
4282,42687,20544,mezzanine,
4283,42687,20544,entrance_hall,
4284,42687,20544,corridor,
4285,42687,20568,nursery,
4286,42687,20568,staircase,
4287,42687,20568,mezzanine,
4288,42687,20568,bedroom,
4289,42687,20568,corridor,
4290,42687,20592,clean_room,
4291,42687,20592,archive,
4292,42687,20592,chemistry_lab,
4293,42687,20592,biology_laboratory,
4294,42687,20592,museum/indoor,
4295,42687,20616,clean_room,
4296,42687,20616,archive,
4297,42687,20616,chemistry_lab,
4298,42687,20616,biology_laboratory,
4299,42687,20616,hospital_room,
4300,42687,20640,clean_room,
4301,42687,20640,archive,
4302,42687,20640,hospital_room,
4303,42687,20640,dining_room,
4304,42687,20640,chemistry_lab,
4305,42687,20664,clean_room,
4306,42687,20664,archive,
4307,42687,20664,staircase,
4308,42687,20664,corridor,
4309,42687,20664,entrance_hall,
4310,42687,20688,clean_room,
4311,42687,20688,dining_room,
4312,42687,20688,entrance_hall,
4313,42687,20688,staircase,
4314,42687,20688,corridor,
4315,42687,20712,clean_room,
4316,42687,20712,dining_room,
4317,42687,20712,entrance_hall,
4318,42687,20712,staircase,
4319,42687,20712,lobby,
4320,42687,20736,clean_room,
4321,42687,20736,dining_room,
4322,42687,20736,entrance_hall,
4323,42687,20736,corridor,
4324,42687,20736,staircase,
4325,42687,20760,staircase,
4326,42687,20760,clean_room,
4327,42687,20760,bow_window/indoor,
4328,42687,20760,entrance_hall,
4329,42687,20760,corridor,
4330,42687,20784,staircase,
4331,42687,20784,porch,
4332,42687,20784,nursery,
4333,42687,20784,entrance_hall,
4334,42687,20784,clean_room,
4335,42687,20808,staircase,
4336,42687,20808,nursery,
4337,42687,20808,porch,
4338,42687,20808,entrance_hall,
4339,42687,20808,clean_room,
4340,42687,20832,staircase,
4341,42687,20832,entrance_hall,
4342,42687,20832,nursery,
4343,42687,20832,clean_room,
4344,42687,20832,lobby,
4345,42687,20856,staircase,
4346,42687,20856,nursery,
4347,42687,20856,entrance_hall,
4348,42687,20856,clean_room,
4349,42687,20856,mezzanine,
4350,42687,20880,staircase,
4351,42687,20880,nursery,
4352,42687,20880,porch,
4353,42687,20880,entrance_hall,
4354,42687,20880,clean_room,
4355,42687,20904,staircase,
4356,42687,20904,nursery,
4357,42687,20904,entrance_hall,
4358,42687,20904,mezzanine,
4359,42687,20904,porch,
4360,42687,20928,staircase,
4361,42687,20928,nursery,
4362,42687,20928,entrance_hall,
4363,42687,20928,lobby,
4364,42687,20928,mezzanine,
4365,42687,20952,staircase,
4366,42687,20952,nursery,
4367,42687,20952,entrance_hall,
4368,42687,20952,clean_room,
4369,42687,20952,childs_room,
4370,42687,20976,dining_room,
4371,42687,20976,banquet_hall,
4372,42687,20976,dining_hall,
4373,42687,20976,restaurant,
4374,42687,20976,conference_room,
4375,42687,21000,dining_room,
4376,42687,21000,dining_hall,
4377,42687,21000,banquet_hall,
4378,42687,21000,restaurant,
4379,42687,21000,conference_room,
4380,42687,21024,dining_room,
4381,42687,21024,banquet_hall,
4382,42687,21024,dining_hall,
4383,42687,21024,restaurant,
4384,42687,21024,conference_room,
4385,42687,21048,dining_room,
4386,42687,21048,dining_hall,
4387,42687,21048,banquet_hall,
4388,42687,21048,restaurant,
4389,42687,21048,cafeteria,
4390,42687,21072,dining_room,
4391,42687,21072,banquet_hall,
4392,42687,21072,dining_hall,
4393,42687,21072,restaurant,
4394,42687,21072,library/indoor,
4395,42687,21096,dining_room,
4396,42687,21096,banquet_hall,
4397,42687,21096,dining_hall,
4398,42687,21096,restaurant,
4399,42687,21096,cafeteria,
4400,42687,21120,dining_room,
4401,42687,21120,banquet_hall,
4402,42687,21120,dining_hall,
4403,42687,21120,restaurant,
4404,42687,21120,cafeteria,
4405,42687,21144,dining_room,
4406,42687,21144,banquet_hall,
4407,42687,21144,dining_hall,
4408,42687,21144,restaurant,
4409,42687,21144,cafeteria,
4410,42687,21168,dining_room,
4411,42687,21168,banquet_hall,
4412,42687,21168,dining_hall,
4413,42687,21168,restaurant,
4414,42687,21168,cafeteria,
4415,42687,21192,dining_room,
4416,42687,21192,banquet_hall,
4417,42687,21192,dining_hall,
4418,42687,21192,restaurant,
4419,42687,21192,conference_room,
4420,42687,21216,dining_room,
4421,42687,21216,dining_hall,
4422,42687,21216,banquet_hall,
4423,42687,21216,restaurant,
4424,42687,21216,library/indoor,
4425,42687,21240,dining_room,
4426,42687,21240,dining_hall,
4427,42687,21240,banquet_hall,
4428,42687,21240,restaurant,
4429,42687,21240,library/indoor,
4430,42687,21264,dining_room,
4431,42687,21264,dining_hall,
4432,42687,21264,banquet_hall,
4433,42687,21264,restaurant,
4434,42687,21264,conference_room,
4435,42687,21288,dining_room,
4436,42687,21288,dining_hall,
4437,42687,21288,banquet_hall,
4438,42687,21288,restaurant,
4439,42687,21288,library/indoor,
4440,42687,21312,dining_room,
4441,42687,21312,dining_hall,
4442,42687,21312,banquet_hall,
4443,42687,21312,restaurant,
4444,42687,21312,library/indoor,
4445,42687,21336,dining_room,
4446,42687,21336,dining_hall,
4447,42687,21336,banquet_hall,
4448,42687,21336,restaurant,
4449,42687,21336,library/indoor,
4450,42687,21360,dining_room,
4451,42687,21360,dining_hall,
4452,42687,21360,banquet_hall,
4453,42687,21360,restaurant,
4454,42687,21360,cafeteria,
4455,42687,21384,chemistry_lab,
4456,42687,21384,ice_cream_parlor,
4457,42687,21384,restaurant,
4458,42687,21384,pharmacy,
4459,42687,21384,biology_laboratory,
4460,42687,21408,chemistry_lab,
4461,42687,21408,ice_cream_parlor,
4462,42687,21408,restaurant,
4463,42687,21408,pharmacy,
4464,42687,21408,biology_laboratory,
4465,42687,21432,ice_cream_parlor,
4466,42687,21432,chemistry_lab,
4467,42687,21432,restaurant,
4468,42687,21432,pharmacy,
4469,42687,21432,clean_room,
4470,42687,21456,chemistry_lab,
4471,42687,21456,ice_cream_parlor,
4472,42687,21456,restaurant,
4473,42687,21456,pharmacy,
4474,42687,21456,bar,
4475,42687,21480,chemistry_lab,
4476,42687,21480,ice_cream_parlor,
4477,42687,21480,restaurant,
4478,42687,21480,pharmacy,
4479,42687,21480,biology_laboratory,
4480,42687,21504,chemistry_lab,
4481,42687,21504,ice_cream_parlor,
4482,42687,21504,pharmacy,
4483,42687,21504,restaurant,
4484,42687,21504,clean_room,
4485,42687,21528,ice_cream_parlor,
4486,42687,21528,chemistry_lab,
4487,42687,21528,pharmacy,
4488,42687,21528,restaurant,
4489,42687,21528,clean_room,
4490,42687,21552,clean_room,
4491,42687,21552,dressing_room,
4492,42687,21552,chemistry_lab,
4493,42687,21552,biology_laboratory,
4494,42687,21552,hospital_room,
4495,42687,21576,clean_room,
4496,42687,21576,dressing_room,
4497,42687,21576,chemistry_lab,
4498,42687,21576,archive,
4499,42687,21576,biology_laboratory,
4500,42687,21600,dining_room,
4501,42687,21600,bow_window/indoor,
4502,42687,21600,dining_hall,
4503,42687,21600,banquet_hall,
4504,42687,21600,living_room,
4505,42687,21624,dining_room,
4506,42687,21624,entrance_hall,
4507,42687,21624,living_room,
4508,42687,21624,bow_window/indoor,
4509,42687,21624,dining_hall,
4510,42687,21648,dining_room,
4511,42687,21648,dining_hall,
4512,42687,21648,banquet_hall,
4513,42687,21648,bow_window/indoor,
4514,42687,21648,restaurant,
4515,42687,21672,dining_room,
4516,42687,21672,clean_room,
4517,42687,21672,dining_hall,
4518,42687,21672,restaurant,
4519,42687,21672,banquet_hall,
4520,42687,21696,clean_room,
4521,42687,21696,dressing_room,
4522,42687,21696,restaurant,
4523,42687,21696,dining_room,
4524,42687,21696,dining_hall,
4525,42687,21720,clean_room,
4526,42687,21720,dressing_room,
4527,42687,21720,restaurant,
4528,42687,21720,dining_room,
4529,42687,21720,chemistry_lab,
4530,42687,21744,clean_room,
4531,42687,21744,restaurant,
4532,42687,21744,dining_room,
4533,42687,21744,dining_hall,
4534,42687,21744,dressing_room,
4535,42687,21768,clean_room,
4536,42687,21768,restaurant,
4537,42687,21768,dressing_room,
4538,42687,21768,dining_room,
4539,42687,21768,chemistry_lab,
4540,42687,21792,clean_room,
4541,42687,21792,dressing_room,
4542,42687,21792,dining_room,
4543,42687,21792,restaurant,
4544,42687,21792,chemistry_lab,
4545,42687,21816,clean_room,
4546,42687,21816,chemistry_lab,
4547,42687,21816,dressing_room,
4548,42687,21816,restaurant,
4549,42687,21816,dining_room,
4550,42687,21840,restaurant,
4551,42687,21840,dining_room,
4552,42687,21840,dressing_room,
4553,42687,21840,dining_hall,
4554,42687,21840,cafeteria,
4555,42687,21864,restaurant,
4556,42687,21864,dressing_room,
4557,42687,21864,dining_room,
4558,42687,21864,dining_hall,
4559,42687,21864,cafeteria,
4560,42687,21888,dressing_room,
4561,42687,21888,clean_room,
4562,42687,21888,dining_room,
4563,42687,21888,restaurant,
4564,42687,21888,chemistry_lab,
4565,42687,21912,dressing_room,
4566,42687,21912,restaurant,
4567,42687,21912,clean_room,
4568,42687,21912,dining_room,
4569,42687,21912,dining_hall,
4570,42687,21936,dressing_room,
4571,42687,21936,clean_room,
4572,42687,21936,restaurant,
4573,42687,21936,dining_room,
4574,42687,21936,dining_hall,
4575,42687,21960,dressing_room,
4576,42687,21960,clean_room,
4577,42687,21960,restaurant,
4578,42687,21960,dining_room,
4579,42687,21960,beauty_salon,
4580,42687,21984,dressing_room,
4581,42687,21984,clean_room,
4582,42687,21984,dining_room,
4583,42687,21984,restaurant,
4584,42687,21984,dining_hall,
4585,42687,22008,dressing_room,
4586,42687,22008,clean_room,
4587,42687,22008,dining_room,
4588,42687,22008,restaurant,
4589,42687,22008,chemistry_lab,
4590,42687,22032,dressing_room,
4591,42687,22032,clean_room,
4592,42687,22032,dining_room,
4593,42687,22032,restaurant,
4594,42687,22032,chemistry_lab,
4595,42687,22056,dressing_room,
4596,42687,22056,clean_room,
4597,42687,22056,dining_room,
4598,42687,22056,restaurant,
4599,42687,22056,chemistry_lab,
4600,42687,22080,dressing_room,
4601,42687,22080,clean_room,
4602,42687,22080,restaurant,
4603,42687,22080,dining_room,
4604,42687,22080,beauty_salon,
4605,42687,22104,dressing_room,
4606,42687,22104,clean_room,
4607,42687,22104,restaurant,
4608,42687,22104,dining_room,
4609,42687,22104,beauty_salon,
4610,42687,22128,dressing_room,
4611,42687,22128,clean_room,
4612,42687,22128,restaurant,
4613,42687,22128,dining_room,
4614,42687,22128,chemistry_lab,
4615,42687,22152,dressing_room,
4616,42687,22152,clean_room,
4617,42687,22152,dining_room,
4618,42687,22152,restaurant,
4619,42687,22152,chemistry_lab,
4620,42687,22176,dressing_room,
4621,42687,22176,restaurant,
4622,42687,22176,banquet_hall,
4623,42687,22176,dining_hall,
4624,42687,22176,dining_room,
4625,42687,22200,restaurant,
4626,42687,22200,dining_hall,
4627,42687,22200,banquet_hall,
4628,42687,22200,dining_room,
4629,42687,22200,cafeteria,
4630,42687,22224,dining_room,
4631,42687,22224,restaurant,
4632,42687,22224,coffee_shop,
4633,42687,22224,kitchen,
4634,42687,22224,dining_hall,
4635,42687,22248,dressing_room,
4636,42687,22248,chemistry_lab,
4637,42687,22248,ice_cream_parlor,
4638,42687,22248,beauty_salon,
4639,42687,22248,coffee_shop,
4640,42687,22272,chemistry_lab,
4641,42687,22272,beauty_salon,
4642,42687,22272,pharmacy,
4643,42687,22272,bar,
4644,42687,22272,biology_laboratory,
4645,42687,22296,chemistry_lab,
4646,42687,22296,pharmacy,
4647,42687,22296,beauty_salon,
4648,42687,22296,biology_laboratory,
4649,42687,22296,drugstore,
4650,42687,22320,dressing_room,
4651,42687,22320,museum/indoor,
4652,42687,22320,clean_room,
4653,42687,22320,art_gallery,
4654,42687,22320,elevator_lobby,
4655,42687,22344,dressing_room,
4656,42687,22344,clean_room,
4657,42687,22344,beauty_salon,
4658,42687,22344,discotheque,
4659,42687,22344,music_studio,
4660,42687,22368,dressing_room,
4661,42687,22368,clean_room,
4662,42687,22368,beauty_salon,
4663,42687,22368,museum/indoor,
4664,42687,22368,elevator_lobby,
4665,42687,22392,dressing_room,
4666,42687,22392,clothing_store,
4667,42687,22392,museum/indoor,
4668,42687,22392,clean_room,
4669,42687,22392,locker_room,
4670,42687,22416,dressing_room,
4671,42687,22416,clean_room,
4672,42687,22416,clothing_store,
4673,42687,22416,martial_arts_gym,
4674,42687,22416,discotheque,
4675,42687,22440,dressing_room,
4676,42687,22440,beauty_salon,
4677,42687,22440,bar,
4678,42687,22440,chemistry_lab,
4679,42687,22440,clean_room,
4680,42687,22464,dressing_room,
4681,42687,22464,beauty_salon,
4682,42687,22464,bathroom,
4683,42687,22464,clean_room,
4684,42687,22464,shower,
4685,42687,22488,archive,
4686,42687,22488,clean_room,
4687,42687,22488,pantry,
4688,42687,22488,kitchen,
4689,42687,22488,beauty_salon,
4690,42687,22512,archive,
4691,42687,22512,clean_room,
4692,42687,22512,dressing_room,
4693,42687,22512,beauty_salon,
4694,42687,22512,kitchen,
4695,42687,22536,clean_room,
4696,42687,22536,dressing_room,
4697,42687,22536,chemistry_lab,
4698,42687,22536,biology_laboratory,
4699,42687,22536,archive,
4700,42687,22560,clean_room,
4701,42687,22560,dressing_room,
4702,42687,22560,chemistry_lab,
4703,42687,22560,bathroom,
4704,42687,22560,beauty_salon,
4705,42687,22584,dressing_room,
4706,42687,22584,clean_room,
4707,42687,22584,chemistry_lab,
4708,42687,22584,dining_room,
4709,42687,22584,bathroom,
4710,42687,22608,dressing_room,
4711,42687,22608,clean_room,
4712,42687,22608,archive,
4713,42687,22608,art_studio,
4714,42687,22608,chemistry_lab,
4715,42687,22632,clean_room,
4716,42687,22632,dressing_room,
4717,42687,22632,chemistry_lab,
4718,42687,22632,bathroom,
4719,42687,22632,art_studio,
4720,42687,22656,clean_room,
4721,42687,22656,kitchen,
4722,42687,22656,dressing_room,
4723,42687,22656,chemistry_lab,
4724,42687,22656,restaurant_kitchen,
4725,42687,22680,clean_room,
4726,42687,22680,dressing_room,
4727,42687,22680,chemistry_lab,
4728,42687,22680,kitchen,
4729,42687,22680,dining_room,
4730,42687,22704,chemistry_lab,
4731,42687,22704,pharmacy,
4732,42687,22704,bar,
4733,42687,22704,ice_cream_parlor,
4734,42687,22704,biology_laboratory,
4735,42687,22728,chemistry_lab,
4736,42687,22728,ice_cream_parlor,
4737,42687,22728,pharmacy,
4738,42687,22728,bar,
4739,42687,22728,biology_laboratory,
4740,42687,22752,chemistry_lab,
4741,42687,22752,ice_cream_parlor,
4742,42687,22752,pharmacy,
4743,42687,22752,bar,
4744,42687,22752,biology_laboratory,
4745,42687,22776,chemistry_lab,
4746,42687,22776,ice_cream_parlor,
4747,42687,22776,pharmacy,
4748,42687,22776,bar,
4749,42687,22776,biology_laboratory,
4750,42687,22800,chemistry_lab,
4751,42687,22800,ice_cream_parlor,
4752,42687,22800,pharmacy,
4753,42687,22800,biology_laboratory,
4754,42687,22800,beauty_salon,
4755,42687,22824,chemistry_lab,
4756,42687,22824,pharmacy,
4757,42687,22824,ice_cream_parlor,
4758,42687,22824,bar,
4759,42687,22824,biology_laboratory,
4760,42687,22848,chemistry_lab,
4761,42687,22848,pharmacy,
4762,42687,22848,ice_cream_parlor,
4763,42687,22848,bar,
4764,42687,22848,biology_laboratory,
4765,42687,22872,chemistry_lab,
4766,42687,22872,pharmacy,
4767,42687,22872,ice_cream_parlor,
4768,42687,22872,biology_laboratory,
4769,42687,22872,bar,
4770,42687,22896,chemistry_lab,
4771,42687,22896,ice_cream_parlor,
4772,42687,22896,pharmacy,
4773,42687,22896,bar,
4774,42687,22896,restaurant,
4775,42687,22920,chemistry_lab,
4776,42687,22920,ice_cream_parlor,
4777,42687,22920,pharmacy,
4778,42687,22920,bar,
4779,42687,22920,restaurant,
4780,42687,22944,pharmacy,
4781,42687,22944,chemistry_lab,
4782,42687,22944,ice_cream_parlor,
4783,42687,22944,beauty_salon,
4784,42687,22944,drugstore,
4785,42687,22968,chemistry_lab,
4786,42687,22968,ice_cream_parlor,
4787,42687,22968,pharmacy,
4788,42687,22968,bar,
4789,42687,22968,biology_laboratory,
4790,42687,22992,chemistry_lab,
4791,42687,22992,ice_cream_parlor,
4792,42687,22992,pharmacy,
4793,42687,22992,bar,
4794,42687,22992,beauty_salon,
4795,42687,23016,ice_cream_parlor,
4796,42687,23016,chemistry_lab,
4797,42687,23016,pharmacy,
4798,42687,23016,restaurant,
4799,42687,23016,biology_laboratory,
4800,42687,23040,chemistry_lab,
4801,42687,23040,ice_cream_parlor,
4802,42687,23040,pharmacy,
4803,42687,23040,biology_laboratory,
4804,42687,23040,bar,
4805,42687,23064,ice_cream_parlor,
4806,42687,23064,chemistry_lab,
4807,42687,23064,pharmacy,
4808,42687,23064,bar,
4809,42687,23064,drugstore,
4810,42687,23088,ice_cream_parlor,
4811,42687,23088,pharmacy,
4812,42687,23088,chemistry_lab,
4813,42687,23088,coffee_shop,
4814,42687,23088,drugstore,
4815,42687,23112,chemistry_lab,
4816,42687,23112,pharmacy,
4817,42687,23112,ice_cream_parlor,
4818,42687,23112,drugstore,
4819,42687,23112,bar,
4820,42687,23136,clean_room,
4821,42687,23136,archive,
4822,42687,23136,pharmacy,
4823,42687,23136,chemistry_lab,
4824,42687,23136,biology_laboratory,
4825,42687,23160,clean_room,
4826,42687,23160,pharmacy,
4827,42687,23160,chemistry_lab,
4828,42687,23160,biology_laboratory,
4829,42687,23160,archive,
4830,42687,23184,clean_room,
4831,42687,23184,pharmacy,
4832,42687,23184,archive,
4833,42687,23184,chemistry_lab,
4834,42687,23184,biology_laboratory,
4835,42687,23208,clean_room,
4836,42687,23208,pharmacy,
4837,42687,23208,chemistry_lab,
4838,42687,23208,archive,
4839,42687,23208,biology_laboratory,
4840,42687,23232,clean_room,
4841,42687,23232,archive,
4842,42687,23232,pharmacy,
4843,42687,23232,chemistry_lab,
4844,42687,23232,biology_laboratory,
4845,42687,23256,clean_room,
4846,42687,23256,pharmacy,
4847,42687,23256,archive,
4848,42687,23256,chemistry_lab,
4849,42687,23256,biology_laboratory,
4850,42687,23280,chemistry_lab,
4851,42687,23280,pharmacy,
4852,42687,23280,ice_cream_parlor,
4853,42687,23280,beauty_salon,
4854,42687,23280,bar,
4855,42687,23304,chemistry_lab,
4856,42687,23304,ice_cream_parlor,
4857,42687,23304,pharmacy,
4858,42687,23304,beauty_salon,
4859,42687,23304,biology_laboratory,
4860,42687,23328,chemistry_lab,
4861,42687,23328,beauty_salon,
4862,42687,23328,pharmacy,
4863,42687,23328,ice_cream_parlor,
4864,42687,23328,biology_laboratory,
4865,42687,23352,chemistry_lab,
4866,42687,23352,pharmacy,
4867,42687,23352,ice_cream_parlor,
4868,42687,23352,beauty_salon,
4869,42687,23352,biology_laboratory,
4870,42687,23376,chemistry_lab,
4871,42687,23376,pharmacy,
4872,42687,23376,ice_cream_parlor,
4873,42687,23376,beauty_salon,
4874,42687,23376,biology_laboratory,
4875,42687,23400,chemistry_lab,
4876,42687,23400,ice_cream_parlor,
4877,42687,23400,pharmacy,
4878,42687,23400,beauty_salon,
4879,42687,23400,biology_laboratory,
4880,42687,23424,chemistry_lab,
4881,42687,23424,ice_cream_parlor,
4882,42687,23424,pharmacy,
4883,42687,23424,clean_room,
4884,42687,23424,beauty_salon,
4885,42687,23448,chemistry_lab,
4886,42687,23448,ice_cream_parlor,
4887,42687,23448,pharmacy,
4888,42687,23448,beauty_salon,
4889,42687,23448,clean_room,
4890,42687,23472,clean_room,
4891,42687,23472,dressing_room,
4892,42687,23472,chemistry_lab,
4893,42687,23472,archive,
4894,42687,23472,beauty_salon,
4895,42687,23496,clean_room,
4896,42687,23496,dressing_room,
4897,42687,23496,chemistry_lab,
4898,42687,23496,biology_laboratory,
4899,42687,23496,beauty_salon,
4900,42687,23520,clean_room,
4901,42687,23520,dressing_room,
4902,42687,23520,chemistry_lab,
4903,42687,23520,beauty_salon,
4904,42687,23520,biology_laboratory,
4905,42687,23544,chemistry_lab,
4906,42687,23544,ice_cream_parlor,
4907,42687,23544,bar,
4908,42687,23544,pharmacy,
4909,42687,23544,biology_laboratory,
4910,42687,23568,chemistry_lab,
4911,42687,23568,ice_cream_parlor,
4912,42687,23568,pharmacy,
4913,42687,23568,bar,
4914,42687,23568,biology_laboratory,
4915,42687,23592,chemistry_lab,
4916,42687,23592,pharmacy,
4917,42687,23592,ice_cream_parlor,
4918,42687,23592,biology_laboratory,
4919,42687,23592,bar,
4920,42687,23616,chemistry_lab,
4921,42687,23616,bar,
4922,42687,23616,biology_laboratory,
4923,42687,23616,pharmacy,
4924,42687,23616,ice_cream_parlor,
4925,42687,23640,chemistry_lab,
4926,42687,23640,biology_laboratory,
4927,42687,23640,pharmacy,
4928,42687,23640,bar,
4929,42687,23640,ice_cream_parlor,
4930,42687,23664,chemistry_lab,
4931,42687,23664,pharmacy,
4932,42687,23664,biology_laboratory,
4933,42687,23664,ice_cream_parlor,
4934,42687,23664,beauty_salon,
4935,42687,23688,chemistry_lab,
4936,42687,23688,biology_laboratory,
4937,42687,23688,pharmacy,
4938,42687,23688,ice_cream_parlor,
4939,42687,23688,bar,
4940,42687,23712,chemistry_lab,
4941,42687,23712,biology_laboratory,
4942,42687,23712,ice_cream_parlor,
4943,42687,23712,pharmacy,
4944,42687,23712,bar,
4945,42687,23736,chemistry_lab,
4946,42687,23736,biology_laboratory,
4947,42687,23736,pharmacy,
4948,42687,23736,ice_cream_parlor,
4949,42687,23736,bar,
4950,42687,23760,chemistry_lab,
4951,42687,23760,bar,
4952,42687,23760,ice_cream_parlor,
4953,42687,23760,pharmacy,
4954,42687,23760,biology_laboratory,
4955,42687,23784,chemistry_lab,
4956,42687,23784,ice_cream_parlor,
4957,42687,23784,pharmacy,
4958,42687,23784,bar,
4959,42687,23784,biology_laboratory,
4960,42687,23808,chemistry_lab,
4961,42687,23808,clean_room,
4962,42687,23808,bar,
4963,42687,23808,ice_cream_parlor,
4964,42687,23808,banquet_hall,
4965,42687,23832,clean_room,
4966,42687,23832,chemistry_lab,
4967,42687,23832,banquet_hall,
4968,42687,23832,museum/indoor,
4969,42687,23832,dining_room,
4970,42687,23856,museum/indoor,
4971,42687,23856,dining_room,
4972,42687,23856,banquet_hall,
4973,42687,23856,chemistry_lab,
4974,42687,23856,clean_room,
4975,42687,23880,chemistry_lab,
4976,42687,23880,dressing_room,
4977,42687,23880,clean_room,
4978,42687,23880,beauty_salon,
4979,42687,23880,archive,
4980,42687,23904,archive,
4981,42687,23904,locker_room,
4982,42687,23904,clean_room,
4983,42687,23904,sauna,
4984,42687,23904,dressing_room,
4985,42687,23928,cafeteria,
4986,42687,23928,food_court,
4987,42687,23928,restaurant,
4988,42687,23928,archive,
4989,42687,23928,dining_hall,
4990,42687,23952,staircase,
4991,42687,23952,clean_room,
4992,42687,23952,archive,
4993,42687,23952,entrance_hall,
4994,42687,23952,assembly_line,
4995,42687,23976,clean_room,
4996,42687,23976,archive,
4997,42687,23976,staircase,
4998,42687,23976,library/indoor,
4999,42687,23976,entrance_hall,
5000,42687,24000,staircase,
5001,42687,24000,clean_room,
5002,42687,24000,archive,
5003,42687,24000,entrance_hall,
5004,42687,24000,cafeteria,
5005,42687,24024,clean_room,
5006,42687,24024,pharmacy,
5007,42687,24024,archive,
5008,42687,24024,assembly_line,
5009,42687,24024,staircase,
5010,42687,24048,clean_room,
5011,42687,24048,dressing_room,
5012,42687,24048,corridor,
5013,42687,24048,locker_room,
5014,42687,24048,clothing_store,
5015,42687,24072,clean_room,
5016,42687,24072,corridor,
5017,42687,24072,archive,
5018,42687,24072,pharmacy,
5019,42687,24072,jewelry_shop,
5020,42687,24096,clean_room,
5021,42687,24096,corridor,
5022,42687,24096,closet,
5023,42687,24096,locker_room,
5024,42687,24096,elevator/door,
5025,42687,24120,clean_room,
5026,42687,24120,dressing_room,
5027,42687,24120,artists_loft,
5028,42687,24120,locker_room,
5029,42687,24120,closet,
5030,42687,24144,dressing_room,
5031,42687,24144,clean_room,
5032,42687,24144,locker_room,
5033,42687,24144,closet,
5034,42687,24144,museum/indoor,
5035,42687,24168,clean_room,
5036,42687,24168,dressing_room,
5037,42687,24168,archive,
5038,42687,24168,locker_room,
5039,42687,24168,clothing_store,
5040,42687,24192,clean_room,
5041,42687,24192,dressing_room,
5042,42687,24192,locker_room,
5043,42687,24192,shower,
5044,42687,24192,bathroom,
5045,42687,24216,dressing_room,
5046,42687,24216,discotheque,
5047,42687,24216,music_studio,
5048,42687,24216,clean_room,
5049,42687,24216,stage/indoor,
5050,42687,24240,dressing_room,
5051,42687,24240,art_gallery,
5052,42687,24240,clean_room,
5053,42687,24240,museum/indoor,
5054,42687,24240,discotheque,
5055,42687,24264,dressing_room,
5056,42687,24264,clean_room,
5057,42687,24264,art_gallery,
5058,42687,24264,beauty_salon,
5059,42687,24264,art_studio,
5060,42687,24288,dressing_room,
5061,42687,24288,clean_room,
5062,42687,24288,locker_room,
5063,42687,24288,clothing_store,
5064,42687,24288,hospital_room,
5065,42687,24312,dressing_room,
5066,42687,24312,clean_room,
5067,42687,24312,clothing_store,
5068,42687,24312,closet,
5069,42687,24312,locker_room,
5070,42687,24336,clean_room,
5071,42687,24336,dressing_room,
5072,42687,24336,locker_room,
5073,42687,24336,closet,
5074,42687,24336,clothing_store,
5075,42687,24360,dressing_room,
5076,42687,24360,clean_room,
5077,42687,24360,clothing_store,
5078,42687,24360,closet,
5079,42687,24360,locker_room,
5080,42687,24384,dressing_room,
5081,42687,24384,clean_room,
5082,42687,24384,locker_room,
5083,42687,24384,closet,
5084,42687,24384,clothing_store,
5085,42687,24408,dressing_room,
5086,42687,24408,closet,
5087,42687,24408,clean_room,
5088,42687,24408,locker_room,
5089,42687,24408,shower,
5090,42687,24432,dressing_room,
5091,42687,24432,clean_room,
5092,42687,24432,closet,
5093,42687,24432,locker_room,
5094,42687,24432,clothing_store,
5095,42687,24456,dressing_room,
5096,42687,24456,clean_room,
5097,42687,24456,closet,
5098,42687,24456,locker_room,
5099,42687,24456,clothing_store,
5100,42687,24480,dressing_room,
5101,42687,24480,closet,
5102,42687,24480,locker_room,
5103,42687,24480,clean_room,
5104,42687,24480,elevator/door,
5105,42687,24504,dressing_room,
5106,42687,24504,closet,
5107,42687,24504,shower,
5108,42687,24504,locker_room,
5109,42687,24504,clean_room,
5110,42687,24528,dressing_room,
5111,42687,24528,clean_room,
5112,42687,24528,locker_room,
5113,42687,24528,shower,
5114,42687,24528,closet,
5115,42687,24552,dressing_room,
5116,42687,24552,shower,
5117,42687,24552,locker_room,
5118,42687,24552,clean_room,
5119,42687,24552,closet,
5120,42687,24576,clean_room,
5121,42687,24576,dressing_room,
5122,42687,24576,locker_room,
5123,42687,24576,operating_room,
5124,42687,24576,clothing_store,
5125,42687,24600,clean_room,
5126,42687,24600,operating_room,
5127,42687,24600,hospital_room,
5128,42687,24600,dressing_room,
5129,42687,24600,chemistry_lab,
5130,42687,24624,clean_room,
5131,42687,24624,dressing_room,
5132,42687,24624,pharmacy,
5133,42687,24624,beauty_salon,
5134,42687,24624,drugstore,
5135,42687,24648,clean_room,
5136,42687,24648,corridor,
5137,42687,24648,elevator/door,
5138,42687,24648,dressing_room,
5139,42687,24648,locker_room,
5140,42687,24672,clean_room,
5141,42687,24672,dressing_room,
5142,42687,24672,operating_room,
5143,42687,24672,corridor,
5144,42687,24672,elevator/door,
5145,42687,24696,clean_room,
5146,42687,24696,elevator/door,
5147,42687,24696,corridor,
5148,42687,24696,dressing_room,
5149,42687,24696,pharmacy,
5150,42687,24720,clean_room,
5151,42687,24720,corridor,
5152,42687,24720,hospital_room,
5153,42687,24720,pharmacy,
5154,42687,24720,elevator/door,
5155,42687,24744,clean_room,
5156,42687,24744,elevator/door,
5157,42687,24744,corridor,
5158,42687,24744,closet,
5159,42687,24744,elevator_lobby,
5160,42687,24768,clean_room,
5161,42687,24768,elevator/door,
5162,42687,24768,corridor,
5163,42687,24768,dressing_room,
5164,42687,24768,operating_room,
5165,42687,24792,clean_room,
5166,42687,24792,elevator/door,
5167,42687,24792,dressing_room,
5168,42687,24792,closet,
5169,42687,24792,shower,
5170,42687,24816,clean_room,
5171,42687,24816,closet,
5172,42687,24816,dressing_room,
5173,42687,24816,clothing_store,
5174,42687,24816,elevator/door,
5175,42687,24840,clean_room,
5176,42687,24840,closet,
5177,42687,24840,dressing_room,
5178,42687,24840,clothing_store,
5179,42687,24840,locker_room,
5180,42687,24864,closet,
5181,42687,24864,clean_room,
5182,42687,24864,dressing_room,
5183,42687,24864,art_gallery,
5184,42687,24864,clothing_store,
5185,42687,24888,closet,
5186,42687,24888,dressing_room,
5187,42687,24888,clean_room,
5188,42687,24888,locker_room,
5189,42687,24888,clothing_store,
5190,42687,24912,clean_room,
5191,42687,24912,dressing_room,
5192,42687,24912,locker_room,
5193,42687,24912,hospital_room,
5194,42687,24912,elevator/door,
5195,42687,24936,dressing_room,
5196,42687,24936,clean_room,
5197,42687,24936,elevator/door,
5198,42687,24936,closet,
5199,42687,24936,bow_window/indoor,
5200,42687,24960,bow_window/indoor,
5201,42687,24960,dressing_room,
5202,42687,24960,shower,
5203,42687,24960,clean_room,
5204,42687,24960,closet,
5205,42687,24984,corridor,
5206,42687,24984,clean_room,
5207,42687,24984,dressing_room,
5208,42687,24984,elevator_lobby,
5209,42687,24984,entrance_hall,
5210,42687,25008,clean_room,
5211,42687,25008,dressing_room,
5212,42687,25008,entrance_hall,
5213,42687,25008,bow_window/indoor,
5214,42687,25008,corridor,
5215,42687,25032,entrance_hall,
5216,42687,25032,clean_room,
5217,42687,25032,museum/indoor,
5218,42687,25032,dressing_room,
5219,42687,25032,bow_window/indoor,
5220,42687,25056,clean_room,
5221,42687,25056,bow_window/indoor,
5222,42687,25056,dressing_room,
5223,42687,25056,dining_room,
5224,42687,25056,entrance_hall,
5225,42687,25080,clean_room,
5226,42687,25080,entrance_hall,
5227,42687,25080,dressing_room,
5228,42687,25080,museum/indoor,
5229,42687,25080,artists_loft,
5230,42687,25104,clean_room,
5231,42687,25104,dressing_room,
5232,42687,25104,entrance_hall,
5233,42687,25104,bow_window/indoor,
5234,42687,25104,museum/indoor,
5235,42687,25128,clean_room,
5236,42687,25128,beauty_salon,
5237,42687,25128,dressing_room,
5238,42687,25128,dining_room,
5239,42687,25128,chemistry_lab,
5240,42687,25152,clean_room,
5241,42687,25152,dressing_room,
5242,42687,25152,entrance_hall,
5243,42687,25152,bow_window/indoor,
5244,42687,25152,museum/indoor,
5245,42687,25176,clean_room,
5246,42687,25176,dressing_room,
5247,42687,25176,beauty_salon,
5248,42687,25176,sauna,
5249,42687,25176,museum/indoor,
5250,42687,25200,clean_room,
5251,42687,25200,entrance_hall,
5252,42687,25200,sauna,
5253,42687,25200,dressing_room,
5254,42687,25200,bow_window/indoor,
5255,42687,25224,clean_room,
5256,42687,25224,beauty_salon,
5257,42687,25224,dressing_room,
5258,42687,25224,entrance_hall,
5259,42687,25224,artists_loft,
5260,42687,25248,clean_room,
5261,42687,25248,dressing_room,
5262,42687,25248,beauty_salon,
5263,42687,25248,entrance_hall,
5264,42687,25248,gymnasium/indoor,
5265,42687,25272,clean_room,
5266,42687,25272,dressing_room,
5267,42687,25272,entrance_hall,
5268,42687,25272,sauna,
5269,42687,25272,beauty_salon,
5270,42687,25296,dressing_room,
5271,42687,25296,clean_room,
5272,42687,25296,sauna,
5273,42687,25296,entrance_hall,
5274,42687,25296,gymnasium/indoor,
5275,42687,25320,clean_room,
5276,42687,25320,museum/indoor,
5277,42687,25320,entrance_hall,
5278,42687,25320,jewelry_shop,
5279,42687,25320,dressing_room,
5280,42687,25344,clean_room,
5281,42687,25344,museum/indoor,
5282,42687,25344,entrance_hall,
5283,42687,25344,bow_window/indoor,
5284,42687,25344,atrium/public,
5285,42687,25368,entrance_hall,
5286,42687,25368,staircase,
5287,42687,25368,atrium/public,
5288,42687,25368,lobby,
5289,42687,25368,bow_window/indoor,
5290,42687,25392,entrance_hall,
5291,42687,25392,staircase,
5292,42687,25392,museum/indoor,
5293,42687,25392,atrium/public,
5294,42687,25392,clean_room,
5295,42687,25416,staircase,
5296,42687,25416,entrance_hall,
5297,42687,25416,clean_room,
5298,42687,25416,museum/indoor,
5299,42687,25416,archive,
5300,42687,25440,entrance_hall,
5301,42687,25440,corridor,
5302,42687,25440,staircase,
5303,42687,25440,dressing_room,
5304,42687,25440,living_room,
5305,42687,25464,dressing_room,
5306,42687,25464,clean_room,
5307,42687,25464,museum/indoor,
5308,42687,25464,living_room,
5309,42687,25464,sauna,
5310,42687,25488,museum/indoor,
5311,42687,25488,dressing_room,
5312,42687,25488,sauna,
5313,42687,25488,living_room,
5314,42687,25488,entrance_hall,
5315,42687,25512,dressing_room,
5316,42687,25512,clean_room,
5317,42687,25512,museum/indoor,
5318,42687,25512,entrance_hall,
5319,42687,25512,archive,
5320,42687,25536,entrance_hall,
5321,42687,25536,staircase,
5322,42687,25536,corridor,
5323,42687,25536,museum/indoor,
5324,42687,25536,clean_room,
5325,42687,25560,entrance_hall,
5326,42687,25560,staircase,
5327,42687,25560,museum/indoor,
5328,42687,25560,clean_room,
5329,42687,25560,dressing_room,
5330,42687,25584,entrance_hall,
5331,42687,25584,staircase,
5332,42687,25584,clean_room,
5333,42687,25584,museum/indoor,
5334,42687,25584,corridor,
5335,42687,25608,entrance_hall,
5336,42687,25608,staircase,
5337,42687,25608,museum/indoor,
5338,42687,25608,dressing_room,
5339,42687,25608,corridor,
5340,42687,25632,entrance_hall,
5341,42687,25632,staircase,
5342,42687,25632,corridor,
5343,42687,25632,museum/indoor,
5344,42687,25632,clean_room,
5345,42687,25656,staircase,
5346,42687,25656,entrance_hall,
5347,42687,25656,corridor,
5348,42687,25656,dressing_room,
5349,42687,25656,clean_room,
5350,42687,25680,clean_room,
5351,42687,25680,dressing_room,
5352,42687,25680,museum/indoor,
5353,42687,25680,art_gallery,
5354,42687,25680,living_room,
5355,42687,25704,clean_room,
5356,42687,25704,dressing_room,
5357,42687,25704,museum/indoor,
5358,42687,25704,living_room,
5359,42687,25704,operating_room,
5360,42687,25728,entrance_hall,
5361,42687,25728,living_room,
5362,42687,25728,clean_room,
5363,42687,25728,bow_window/indoor,
5364,42687,25728,dressing_room,
5365,42687,25752,clean_room,
5366,42687,25752,entrance_hall,
5367,42687,25752,museum/indoor,
5368,42687,25752,living_room,
5369,42687,25752,staircase,
5370,42687,25776,clean_room,
5371,42687,25776,museum/indoor,
5372,42687,25776,entrance_hall,
5373,42687,25776,dressing_room,
5374,42687,25776,corridor,
5375,42687,25800,clean_room,
5376,42687,25800,museum/indoor,
5377,42687,25800,entrance_hall,
5378,42687,25800,corridor,
5379,42687,25800,dressing_room,
5380,42687,25824,clean_room,
5381,42687,25824,museum/indoor,
5382,42687,25824,entrance_hall,
5383,42687,25824,corridor,
5384,42687,25824,staircase,
5385,42687,25848,clean_room,
5386,42687,25848,museum/indoor,
5387,42687,25848,entrance_hall,
5388,42687,25848,corridor,
5389,42687,25848,staircase,
5390,42687,25872,clean_room,
5391,42687,25872,museum/indoor,
5392,42687,25872,dressing_room,
5393,42687,25872,corridor,
5394,42687,25872,clothing_store,
5395,42687,25896,clean_room,
5396,42687,25896,museum/indoor,
5397,42687,25896,dressing_room,
5398,42687,25896,clothing_store,
5399,42687,25896,corridor,
5400,42687,25920,clean_room,
5401,42687,25920,museum/indoor,
5402,42687,25920,dressing_room,
5403,42687,25920,clothing_store,
5404,42687,25920,archive,
5405,42687,25944,clean_room,
5406,42687,25944,museum/indoor,
5407,42687,25944,dressing_room,
5408,42687,25944,entrance_hall,
5409,42687,25944,clothing_store,
5410,42687,25968,clean_room,
5411,42687,25968,museum/indoor,
5412,42687,25968,dressing_room,
5413,42687,25968,clothing_store,
5414,42687,25968,corridor,
5415,42687,25992,clean_room,
5416,42687,25992,dressing_room,
5417,42687,25992,museum/indoor,
5418,42687,25992,clothing_store,
5419,42687,25992,archive,
5420,42687,26016,clean_room,
5421,42687,26016,museum/indoor,
5422,42687,26016,dressing_room,
5423,42687,26016,clothing_store,
5424,42687,26016,art_gallery,
5425,42687,26040,clean_room,
5426,42687,26040,museum/indoor,
5427,42687,26040,clothing_store,
5428,42687,26040,dressing_room,
5429,42687,26040,entrance_hall,
5430,42687,26064,clean_room,
5431,42687,26064,clothing_store,
5432,42687,26064,dressing_room,
5433,42687,26064,museum/indoor,
5434,42687,26064,closet,
5435,42687,26088,clean_room,
5436,42687,26088,clothing_store,
5437,42687,26088,museum/indoor,
5438,42687,26088,dressing_room,
5439,42687,26088,entrance_hall,
5440,42687,26112,clean_room,
5441,42687,26112,museum/indoor,
5442,42687,26112,clothing_store,
5443,42687,26112,dressing_room,
5444,42687,26112,entrance_hall,
5445,42687,26136,clean_room,
5446,42687,26136,dressing_room,
5447,42687,26136,archive,
5448,42687,26136,entrance_hall,
5449,42687,26136,corridor,
5450,42687,26160,clean_room,
5451,42687,26160,dressing_room,
5452,42687,26160,clothing_store,
5453,42687,26160,museum/indoor,
5454,42687,26160,archive,
5455,42687,26184,clean_room,
5456,42687,26184,dressing_room,
5457,42687,26184,archive,
5458,42687,26184,museum/indoor,
5459,42687,26184,sauna,
5460,42687,26208,clean_room,
5461,42687,26208,museum/indoor,
5462,42687,26208,dressing_room,
5463,42687,26208,archive,
5464,42687,26208,sauna,
5465,42687,26232,dressing_room,
5466,42687,26232,museum/indoor,
5467,42687,26232,clean_room,
5468,42687,26232,archive,
5469,42687,26232,sauna,
5470,42687,26256,dressing_room,
5471,42687,26256,clean_room,
5472,42687,26256,museum/indoor,
5473,42687,26256,archive,
5474,42687,26256,clothing_store,
5475,42687,26280,clean_room,
5476,42687,26280,dressing_room,
5477,42687,26280,museum/indoor,
5478,42687,26280,hospital_room,
5479,42687,26280,nursing_home,
5480,42687,26304,dressing_room,
5481,42687,26304,museum/indoor,
5482,42687,26304,sauna,
5483,42687,26304,shower,
5484,42687,26304,clean_room,
5485,42687,26328,clean_room,
5486,42687,26328,dressing_room,
5487,42687,26328,operating_room,
5488,42687,26328,museum/indoor,
5489,42687,26328,hospital_room,
5490,42687,26352,dressing_room,
5491,42687,26352,clean_room,
5492,42687,26352,archive,
5493,42687,26352,museum/indoor,
5494,42687,26352,beauty_salon,
5495,42687,26376,staircase,
5496,42687,26376,entrance_hall,
5497,42687,26376,corridor,
5498,42687,26376,lobby,
5499,42687,26376,living_room,
5500,42687,26400,entrance_hall,
5501,42687,26400,staircase,
5502,42687,26400,living_room,
5503,42687,26400,lobby,
5504,42687,26400,corridor,
5505,42687,26424,chemistry_lab,
5506,42687,26424,clean_room,
5507,42687,26424,bow_window/indoor,
5508,42687,26424,science_museum,
5509,42687,26424,dining_room,
5510,42687,26448,clean_room,
5511,42687,26448,beauty_salon,
5512,42687,26448,dressing_room,
5513,42687,26448,museum/indoor,
5514,42687,26448,coffee_shop,
5515,42687,26472,museum/indoor,
5516,42687,26472,archive,
5517,42687,26472,clean_room,
5518,42687,26472,office,
5519,42687,26472,physics_laboratory,
5520,42687,26496,clean_room,
5521,42687,26496,museum/indoor,
5522,42687,26496,archive,
5523,42687,26496,office,
5524,42687,26496,dressing_room,
5525,42687,26520,clean_room,
5526,42687,26520,museum/indoor,
5527,42687,26520,archive,
5528,42687,26520,office,
5529,42687,26520,physics_laboratory,
5530,42687,26544,museum/indoor,
5531,42687,26544,clean_room,
5532,42687,26544,archive,
5533,42687,26544,dressing_room,
5534,42687,26544,office,
5535,42687,26568,archive,
5536,42687,26568,clean_room,
5537,42687,26568,office,
5538,42687,26568,museum/indoor,
5539,42687,26568,chemistry_lab,
5540,42687,26592,clean_room,
5541,42687,26592,museum/indoor,
5542,42687,26592,archive,
5543,42687,26592,office,
5544,42687,26592,physics_laboratory,
5545,42687,26616,clean_room,
5546,42687,26616,museum/indoor,
5547,42687,26616,archive,
5548,42687,26616,physics_laboratory,
5549,42687,26616,office,
5550,42687,26640,museum/indoor,
5551,42687,26640,clean_room,
5552,42687,26640,archive,
5553,42687,26640,office,
5554,42687,26640,art_gallery,
5555,42687,26664,clean_room,
5556,42687,26664,museum/indoor,
5557,42687,26664,archive,
5558,42687,26664,office,
5559,42687,26664,operating_room,
5560,42687,26688,museum/indoor,
5561,42687,26688,clean_room,
5562,42687,26688,archive,
5563,42687,26688,office,
5564,42687,26688,physics_laboratory,
5565,42687,26712,clean_room,
5566,42687,26712,museum/indoor,
5567,42687,26712,archive,
5568,42687,26712,physics_laboratory,
5569,42687,26712,office,
5570,42687,26736,clean_room,
5571,42687,26736,museum/indoor,
5572,42687,26736,dressing_room,
5573,42687,26736,beauty_salon,
5574,42687,26736,staircase,
5575,42687,26760,clean_room,
5576,42687,26760,museum/indoor,
5577,42687,26760,dressing_room,
5578,42687,26760,bow_window/indoor,
5579,42687,26760,staircase,
5580,42687,26784,clean_room,
5581,42687,26784,dressing_room,
5582,42687,26784,beauty_salon,
5583,42687,26784,museum/indoor,
5584,42687,26784,artists_loft,
5585,42687,26808,clean_room,
5586,42687,26808,dressing_room,
5587,42687,26808,beauty_salon,
5588,42687,26808,bow_window/indoor,
5589,42687,26808,artists_loft,
5590,42687,26832,clean_room,
5591,42687,26832,dressing_room,
5592,42687,26832,beauty_salon,
5593,42687,26832,museum/indoor,
5594,42687,26832,bow_window/indoor,
5595,42687,26856,clean_room,
5596,42687,26856,dressing_room,
5597,42687,26856,nursery,
5598,42687,26856,bow_window/indoor,
5599,42687,26856,beauty_salon,
5600,42687,26880,clean_room,
5601,42687,26880,dressing_room,
5602,42687,26880,bow_window/indoor,
5603,42687,26880,nursery,
5604,42687,26880,beauty_salon,
5605,42687,26904,clean_room,
5606,42687,26904,archive,
5607,42687,26904,museum/indoor,
5608,42687,26904,office,
5609,42687,26904,physics_laboratory,
5610,42687,26928,clean_room,
5611,42687,26928,archive,
5612,42687,26928,museum/indoor,
5613,42687,26928,office,
5614,42687,26928,physics_laboratory,
5615,42687,26952,clean_room,
5616,42687,26952,museum/indoor,
5617,42687,26952,archive,
5618,42687,26952,office,
5619,42687,26952,physics_laboratory,
5620,42687,26976,clean_room,
5621,42687,26976,museum/indoor,
5622,42687,26976,archive,
5623,42687,26976,office,
5624,42687,26976,physics_laboratory,
5625,42687,27000,clean_room,
5626,42687,27000,nursing_home,
5627,42687,27000,archive,
5628,42687,27000,chemistry_lab,
5629,42687,27000,office,
5630,42687,27024,booth/indoor,
5631,42687,27024,pharmacy,
5632,42687,27024,drugstore,
5633,42687,27024,hospital,
5634,42687,27024,archive,
5635,42687,27048,booth/indoor,
5636,42687,27048,pharmacy,
5637,42687,27048,drugstore,
5638,42687,27048,archive,
5639,42687,27048,museum/indoor,
5640,42687,27072,booth/indoor,
5641,42687,27072,pharmacy,
5642,42687,27072,drugstore,
5643,42687,27072,hospital,
5644,42687,27072,archive,
5645,42687,27096,booth/indoor,
5646,42687,27096,pharmacy,
5647,42687,27096,drugstore,
5648,42687,27096,hospital,
5649,42687,27096,hospital_room,
5650,42687,27120,clean_room,
5651,42687,27120,archive,
5652,42687,27120,nursing_home,
5653,42687,27120,office,
5654,42687,27120,museum/indoor,
5655,42687,27144,clean_room,
5656,42687,27144,archive,
5657,42687,27144,museum/indoor,
5658,42687,27144,office,
5659,42687,27144,physics_laboratory,
5660,42687,27168,clean_room,
5661,42687,27168,archive,
5662,42687,27168,museum/indoor,
5663,42687,27168,office,
5664,42687,27168,physics_laboratory,
5665,42687,27192,staircase,
5666,42687,27192,entrance_hall,
5667,42687,27192,corridor,
5668,42687,27192,clean_room,
5669,42687,27192,coffee_shop,
5670,42687,27216,clean_room,
5671,42687,27216,staircase,
5672,42687,27216,entrance_hall,
5673,42687,27216,corridor,
5674,42687,27216,museum/indoor,
5675,42687,27240,staircase,
5676,42687,27240,entrance_hall,
5677,42687,27240,clean_room,
5678,42687,27240,museum/indoor,
5679,42687,27240,living_room,
5680,42687,27264,staircase,
5681,42687,27264,entrance_hall,
5682,42687,27264,clean_room,
5683,42687,27264,museum/indoor,
5684,42687,27264,living_room,
5685,42687,27288,living_room,
5686,42687,27288,bedroom,
5687,42687,27288,bow_window/indoor,
5688,42687,27288,hotel_room,
5689,42687,27288,bedchamber,
5690,42687,27312,living_room,
5691,42687,27312,bow_window/indoor,
5692,42687,27312,bedroom,
5693,42687,27312,bedchamber,
5694,42687,27312,alcove,
5695,42687,27336,living_room,
5696,42687,27336,entrance_hall,
5697,42687,27336,lobby,
5698,42687,27336,dining_room,
5699,42687,27336,corridor,
5700,42687,27360,entrance_hall,
5701,42687,27360,living_room,
5702,42687,27360,corridor,
5703,42687,27360,staircase,
5704,42687,27360,bow_window/indoor,
5705,42687,27384,entrance_hall,
5706,42687,27384,living_room,
5707,42687,27384,corridor,
5708,42687,27384,staircase,
5709,42687,27384,lobby,
5710,42687,27408,entrance_hall,
5711,42687,27408,living_room,
5712,42687,27408,corridor,
5713,42687,27408,lobby,
5714,42687,27408,staircase,
5715,42687,27432,living_room,
5716,42687,27432,entrance_hall,
5717,42687,27432,bow_window/indoor,
5718,42687,27432,lobby,
5719,42687,27432,library/indoor,
5720,42687,27456,clean_room,
5721,42687,27456,dressing_room,
5722,42687,27456,sauna,
5723,42687,27456,shower,
5724,42687,27456,locker_room,
5725,42687,27480,clean_room,
5726,42687,27480,shower,
5727,42687,27480,bathroom,
5728,42687,27480,bow_window/indoor,
5729,42687,27480,dressing_room,
5730,42687,27504,dressing_room,
5731,42687,27504,clean_room,
5732,42687,27504,discotheque,
5733,42687,27504,bathroom,
5734,42687,27504,shower,
5735,42687,27528,clean_room,
5736,42687,27528,museum/indoor,
5737,42687,27528,bow_window/indoor,
5738,42687,27528,art_gallery,
5739,42687,27528,artists_loft,
5740,42687,27552,clean_room,
5741,42687,27552,locker_room,
5742,42687,27552,shower,
5743,42687,27552,elevator/door,
5744,42687,27552,jail_cell,
5745,42687,27576,clean_room,
5746,42687,27576,museum/indoor,
5747,42687,27576,clothing_store,
5748,42687,27576,art_gallery,
5749,42687,27576,elevator/door,
5750,42687,27600,museum/indoor,
5751,42687,27600,clothing_store,
5752,42687,27600,art_gallery,
5753,42687,27600,clean_room,
5754,42687,27600,elevator/door,
5755,42687,27624,museum/indoor,
5756,42687,27624,clean_room,
5757,42687,27624,clothing_store,
5758,42687,27624,art_gallery,
5759,42687,27624,elevator/door,
5760,42687,27648,clean_room,
5761,42687,27648,museum/indoor,
5762,42687,27648,clothing_store,
5763,42687,27648,art_gallery,
5764,42687,27648,elevator/door,
5765,42687,27672,museum/indoor,
5766,42687,27672,clean_room,
5767,42687,27672,art_gallery,
5768,42687,27672,clothing_store,
5769,42687,27672,artists_loft,
5770,42687,27696,clean_room,
5771,42687,27696,dressing_room,
5772,42687,27696,clothing_store,
5773,42687,27696,operating_room,
5774,42687,27696,museum/indoor,
5775,42687,27720,museum/indoor,
5776,42687,27720,art_gallery,
5777,42687,27720,clean_room,
5778,42687,27720,clothing_store,
5779,42687,27720,stage/indoor,
5780,42687,27744,clean_room,
5781,42687,27744,dressing_room,
5782,42687,27744,museum/indoor,
5783,42687,27744,art_gallery,
5784,42687,27744,clothing_store,
5785,42687,27768,museum/indoor,
5786,42687,27768,art_gallery,
5787,42687,27768,clothing_store,
5788,42687,27768,dressing_room,
5789,42687,27768,clean_room,
5790,42687,27792,clean_room,
5791,42687,27792,dressing_room,
5792,42687,27792,art_gallery,
5793,42687,27792,museum/indoor,
5794,42687,27792,martial_arts_gym,
5795,42687,27816,clean_room,
5796,42687,27816,museum/indoor,
5797,42687,27816,art_gallery,
5798,42687,27816,science_museum,
5799,42687,27816,bow_window/indoor,
5800,42687,27840,clean_room,
5801,42687,27840,laundromat,
5802,42687,27840,museum/indoor,
5803,42687,27840,art_gallery,
5804,42687,27840,dressing_room,
5805,42687,27864,clean_room,
5806,42687,27864,archive,
5807,42687,27864,laundromat,
5808,42687,27864,museum/indoor,
5809,42687,27864,art_gallery,
5810,42687,27888,clean_room,
5811,42687,27888,beauty_salon,
5812,42687,27888,clothing_store,
5813,42687,27888,assembly_line,
5814,42687,27888,auto_factory,
5815,42687,27912,clean_room,
5816,42687,27912,clothing_store,
5817,42687,27912,beauty_salon,
5818,42687,27912,archive,
5819,42687,27912,locker_room,
5820,42687,27936,clothing_store,
5821,42687,27936,clean_room,
5822,42687,27936,beauty_salon,
5823,42687,27936,auto_factory,
5824,42687,27936,assembly_line,
5825,42687,27960,clothing_store,
5826,42687,27960,clean_room,
5827,42687,27960,beauty_salon,
5828,42687,27960,department_store,
5829,42687,27960,shoe_shop,
5830,42687,27984,clothing_store,
5831,42687,27984,clean_room,
5832,42687,27984,department_store,
5833,42687,27984,locker_room,
5834,42687,27984,beauty_salon,
5835,42687,28008,clean_room,
5836,42687,28008,archive,
5837,42687,28008,museum/indoor,
5838,42687,28008,art_gallery,
5839,42687,28008,dressing_room,
5840,42687,28032,clean_room,
5841,42687,28032,museum/indoor,
5842,42687,28032,archive,
5843,42687,28032,art_gallery,
5844,42687,28032,bow_window/indoor,
5845,42687,28056,clean_room,
5846,42687,28056,museum/indoor,
5847,42687,28056,art_gallery,
5848,42687,28056,dressing_room,
5849,42687,28056,sauna,
5850,42687,28080,clean_room,
5851,42687,28080,pharmacy,
5852,42687,28080,operating_room,
5853,42687,28080,archive,
5854,42687,28080,hospital_room,
5855,42687,28104,clean_room,
5856,42687,28104,operating_room,
5857,42687,28104,hospital_room,
5858,42687,28104,chemistry_lab,
5859,42687,28104,pharmacy,
5860,42687,28128,clean_room,
5861,42687,28128,locker_room,
5862,42687,28128,chemistry_lab,
5863,42687,28128,operating_room,
5864,42687,28128,hospital_room,
5865,42687,28152,clean_room,
5866,42687,28152,archive,
5867,42687,28152,staircase,
5868,42687,28152,entrance_hall,
5869,42687,28152,dressing_room,
5870,42687,28176,clean_room,
5871,42687,28176,locker_room,
5872,42687,28176,operating_room,
5873,42687,28176,archive,
5874,42687,28176,dressing_room,
5875,42687,28200,clean_room,
5876,42687,28200,clothing_store,
5877,42687,28200,dressing_room,
5878,42687,28200,locker_room,
5879,42687,28200,pharmacy,
5880,42687,28224,clean_room,
5881,42687,28224,pharmacy,
5882,42687,28224,operating_room,
5883,42687,28224,chemistry_lab,
5884,42687,28224,hospital_room,
5885,42687,28248,clean_room,
5886,42687,28248,archive,
5887,42687,28248,pharmacy,
5888,42687,28248,butchers_shop,
5889,42687,28248,hospital_room,
5890,42687,28272,clean_room,
5891,42687,28272,pharmacy,
5892,42687,28272,clothing_store,
5893,42687,28272,museum/indoor,
5894,42687,28272,beauty_salon,
5895,42687,28296,clean_room,
5896,42687,28296,dressing_room,
5897,42687,28296,pharmacy,
5898,42687,28296,clothing_store,
5899,42687,28296,closet,
5900,42687,28320,clean_room,
5901,42687,28320,pharmacy,
5902,42687,28320,archive,
5903,42687,28320,drugstore,
5904,42687,28320,chemistry_lab,
5905,42687,28344,clean_room,
5906,42687,28344,pharmacy,
5907,42687,28344,beauty_salon,
5908,42687,28344,chemistry_lab,
5909,42687,28344,drugstore,
5910,42687,28368,clean_room,
5911,42687,28368,pharmacy,
5912,42687,28368,archive,
5913,42687,28368,locker_room,
5914,42687,28368,drugstore,
5915,42687,28392,clean_room,
5916,42687,28392,pharmacy,
5917,42687,28392,locker_room,
5918,42687,28392,hospital_room,
5919,42687,28392,clothing_store,
5920,42687,28416,clean_room,
5921,42687,28416,pharmacy,
5922,42687,28416,hospital_room,
5923,42687,28416,locker_room,
5924,42687,28416,beauty_salon,
5925,42687,28440,clean_room,
5926,42687,28440,locker_room,
5927,42687,28440,dressing_room,
5928,42687,28440,hospital_room,
5929,42687,28440,operating_room,
5930,42687,28464,dressing_room,
5931,42687,28464,clean_room,
5932,42687,28464,locker_room,
5933,42687,28464,closet,
5934,42687,28464,clothing_store,
5935,42687,28488,clean_room,
5936,42687,28488,clothing_store,
5937,42687,28488,pharmacy,
5938,42687,28488,locker_room,
5939,42687,28488,server_room,
5940,42687,28512,clean_room,
5941,42687,28512,clothing_store,
5942,42687,28512,elevator/door,
5943,42687,28512,locker_room,
5944,42687,28512,server_room,
5945,42687,28536,clean_room,
5946,42687,28536,pharmacy,
5947,42687,28536,drugstore,
5948,42687,28536,hospital_room,
5949,42687,28536,operating_room,
5950,42687,28560,clean_room,
5951,42687,28560,pharmacy,
5952,42687,28560,hospital_room,
5953,42687,28560,locker_room,
5954,42687,28560,operating_room,
5955,42687,28584,clean_room,
5956,42687,28584,pharmacy,
5957,42687,28584,hospital_room,
5958,42687,28584,drugstore,
5959,42687,28584,clothing_store,
5960,42687,28608,clean_room,
5961,42687,28608,pharmacy,
5962,42687,28608,locker_room,
5963,42687,28608,hospital_room,
5964,42687,28608,archive,
5965,42687,28632,clean_room,
5966,42687,28632,hospital_room,
5967,42687,28632,archive,
5968,42687,28632,operating_room,
5969,42687,28632,pharmacy,
5970,42687,28656,clean_room,
5971,42687,28656,pharmacy,
5972,42687,28656,archive,
5973,42687,28656,chemistry_lab,
5974,42687,28656,biology_laboratory,
5975,42687,28680,clean_room,
5976,42687,28680,server_room,
5977,42687,28680,operating_room,
5978,42687,28680,archive,
5979,42687,28680,hospital_room,
5980,42687,28704,clean_room,
5981,42687,28704,locker_room,
5982,42687,28704,hospital_room,
5983,42687,28704,dressing_room,
5984,42687,28704,operating_room,
5985,42687,28728,locker_room,
5986,42687,28728,archive,
5987,42687,28728,elevator/door,
5988,42687,28728,clean_room,
5989,42687,28728,dressing_room,
5990,42687,28752,clean_room,
5991,42687,28752,museum/indoor,
5992,42687,28752,art_gallery,
5993,42687,28752,locker_room,
5994,42687,28752,clothing_store,
5995,42687,28776,clean_room,
5996,42687,28776,locker_room,
5997,42687,28776,operating_room,
5998,42687,28776,hospital_room,
5999,42687,28776,server_room,
6000,42687,28800,archive,
6001,42687,28800,pharmacy,
6002,42687,28800,clean_room,
6003,42687,28800,bookstore,
6004,42687,28800,drugstore,
6005,42687,28824,clean_room,
6006,42687,28824,pharmacy,
6007,42687,28824,archive,
6008,42687,28824,drugstore,
6009,42687,28824,martial_arts_gym,
6010,42687,28848,clean_room,
6011,42687,28848,martial_arts_gym,
6012,42687,28848,operating_room,
6013,42687,28848,pharmacy,
6014,42687,28848,archive,
6015,42687,28872,clean_room,
6016,42687,28872,martial_arts_gym,
6017,42687,28872,operating_room,
6018,42687,28872,archive,
6019,42687,28872,pharmacy,
6020,42687,28896,clean_room,
6021,42687,28896,martial_arts_gym,
6022,42687,28896,archive,
6023,42687,28896,pharmacy,
6024,42687,28896,operating_room,
6025,42687,28920,clean_room,
6026,42687,28920,martial_arts_gym,
6027,42687,28920,archive,
6028,42687,28920,operating_room,
6029,42687,28920,dressing_room,
6030,42687,28944,dressing_room,
6031,42687,28944,clean_room,
6032,42687,28944,beauty_salon,
6033,42687,28944,clothing_store,
6034,42687,28944,locker_room,
6035,42687,28968,dressing_room,
6036,42687,28968,clean_room,
6037,42687,28968,beauty_salon,
6038,42687,28968,clothing_store,
6039,42687,28968,discotheque,
6040,42687,28992,dressing_room,
6041,42687,28992,clean_room,
6042,42687,28992,clothing_store,
6043,42687,28992,beauty_salon,
6044,42687,28992,discotheque,
6045,42687,29016,dressing_room,
6046,42687,29016,clean_room,
6047,42687,29016,clothing_store,
6048,42687,29016,beauty_salon,
6049,42687,29016,discotheque,
6050,42687,29040,dressing_room,
6051,42687,29040,clean_room,
6052,42687,29040,clothing_store,
6053,42687,29040,hospital_room,
6054,42687,29040,beauty_salon,
6055,42687,29064,clean_room,
6056,42687,29064,dressing_room,
6057,42687,29064,hospital_room,
6058,42687,29064,operating_room,
6059,42687,29064,beauty_salon,
6060,42687,29088,clean_room,
6061,42687,29088,dressing_room,
6062,42687,29088,hospital_room,
6063,42687,29088,operating_room,
6064,42687,29088,clothing_store,
6065,42687,29112,clean_room,
6066,42687,29112,dressing_room,
6067,42687,29112,hospital_room,
6068,42687,29112,operating_room,
6069,42687,29112,beauty_salon,
6070,42687,29136,clean_room,
6071,42687,29136,dressing_room,
6072,42687,29136,hospital_room,
6073,42687,29136,beauty_salon,
6074,42687,29136,nursing_home,
6075,42687,29160,clean_room,
6076,42687,29160,dressing_room,
6077,42687,29160,hospital_room,
6078,42687,29160,operating_room,
6079,42687,29160,beauty_salon,
6080,42687,29184,clean_room,
6081,42687,29184,dressing_room,
6082,42687,29184,hospital_room,
6083,42687,29184,beauty_salon,
6084,42687,29184,operating_room,
6085,42687,29208,clean_room,
6086,42687,29208,dressing_room,
6087,42687,29208,hospital_room,
6088,42687,29208,beauty_salon,
6089,42687,29208,operating_room,
6090,42687,29232,dressing_room,
6091,42687,29232,discotheque,
6092,42687,29232,beauty_salon,
6093,42687,29232,bar,
6094,42687,29232,bowling_alley,
6095,42687,29256,dressing_room,
6096,42687,29256,clothing_store,
6097,42687,29256,discotheque,
6098,42687,29256,beauty_salon,
6099,42687,29256,locker_room,
6100,42687,29280,dressing_room,
6101,42687,29280,clothing_store,
6102,42687,29280,beauty_salon,
6103,42687,29280,discotheque,
6104,42687,29280,clean_room,
6105,42687,29304,dressing_room,
6106,42687,29304,clothing_store,
6107,42687,29304,beauty_salon,
6108,42687,29304,discotheque,
6109,42687,29304,clean_room,
6110,42687,29328,dressing_room,
6111,42687,29328,beauty_salon,
6112,42687,29328,clothing_store,
6113,42687,29328,clean_room,
6114,42687,29328,discotheque,
6115,42687,29352,dressing_room,
6116,42687,29352,clean_room,
6117,42687,29352,beauty_salon,
6118,42687,29352,clothing_store,
6119,42687,29352,hospital_room,
6120,42687,29376,dressing_room,
6121,42687,29376,clean_room,
6122,42687,29376,beauty_salon,
6123,42687,29376,clothing_store,
6124,42687,29376,archive,
6125,42687,29400,dressing_room,
6126,42687,29400,clean_room,
6127,42687,29400,beauty_salon,
6128,42687,29400,nursery,
6129,42687,29400,hospital_room,
6130,42687,29424,dressing_room,
6131,42687,29424,clean_room,
6132,42687,29424,beauty_salon,
6133,42687,29424,clothing_store,
6134,42687,29424,nursery,
6135,42687,29448,dressing_room,
6136,42687,29448,clean_room,
6137,42687,29448,beauty_salon,
6138,42687,29448,clothing_store,
6139,42687,29448,discotheque,
6140,42687,29472,clean_room,
6141,42687,29472,dressing_room,
6142,42687,29472,hospital_room,
6143,42687,29472,clothing_store,
6144,42687,29472,beauty_salon,
6145,42687,29496,clean_room,
6146,42687,29496,dressing_room,
6147,42687,29496,hospital_room,
6148,42687,29496,operating_room,
6149,42687,29496,archive,
6150,42687,29520,clean_room,
6151,42687,29520,dressing_room,
6152,42687,29520,hospital_room,
6153,42687,29520,clothing_store,
6154,42687,29520,archive,
6155,42687,29544,clean_room,
6156,42687,29544,dressing_room,
6157,42687,29544,hospital_room,
6158,42687,29544,clothing_store,
6159,42687,29544,beauty_salon,
6160,42687,29568,clean_room,
6161,42687,29568,dressing_room,
6162,42687,29568,hospital_room,
6163,42687,29568,archive,
6164,42687,29568,clothing_store,
6165,42687,29592,dressing_room,
6166,42687,29592,clean_room,
6167,42687,29592,beauty_salon,
6168,42687,29592,archive,
6169,42687,29592,clothing_store,
6170,42687,29616,dressing_room,
6171,42687,29616,clean_room,
6172,42687,29616,clothing_store,
6173,42687,29616,beauty_salon,
6174,42687,29616,discotheque,
6175,42687,29640,dressing_room,
6176,42687,29640,clean_room,
6177,42687,29640,beauty_salon,
6178,42687,29640,clothing_store,
6179,42687,29640,discotheque,
6180,42687,29664,dressing_room,
6181,42687,29664,clean_room,
6182,42687,29664,beauty_salon,
6183,42687,29664,discotheque,
6184,42687,29664,clothing_store,
6185,42687,29688,dressing_room,
6186,42687,29688,clean_room,
6187,42687,29688,beauty_salon,
6188,42687,29688,clothing_store,
6189,42687,29688,discotheque,
6190,42687,29712,dressing_room,
6191,42687,29712,clean_room,
6192,42687,29712,beauty_salon,
6193,42687,29712,clothing_store,
6194,42687,29712,nursery,
6195,42687,29736,dressing_room,
6196,42687,29736,clean_room,
6197,42687,29736,clothing_store,
6198,42687,29736,discotheque,
6199,42687,29736,nursery,
6200,42687,29760,dressing_room,
6201,42687,29760,clean_room,
6202,42687,29760,beauty_salon,
6203,42687,29760,clothing_store,
6204,42687,29760,discotheque,
6205,42687,29784,dressing_room,
6206,42687,29784,clean_room,
6207,42687,29784,clothing_store,
6208,42687,29784,beauty_salon,
6209,42687,29784,discotheque,
6210,42687,29808,dressing_room,
6211,42687,29808,clean_room,
6212,42687,29808,clothing_store,
6213,42687,29808,beauty_salon,
6214,42687,29808,archive,
6215,42687,29832,dressing_room,
6216,42687,29832,clothing_store,
6217,42687,29832,clean_room,
6218,42687,29832,beauty_salon,
6219,42687,29832,closet,
6220,42687,29856,dressing_room,
6221,42687,29856,clean_room,
6222,42687,29856,clothing_store,
6223,42687,29856,beauty_salon,
6224,42687,29856,discotheque,
6225,42687,29880,dressing_room,
6226,42687,29880,clean_room,
6227,42687,29880,clothing_store,
6228,42687,29880,discotheque,
6229,42687,29880,beauty_salon,
6230,42687,29904,dressing_room,
6231,42687,29904,clean_room,
6232,42687,29904,discotheque,
6233,42687,29904,nursery,
6234,42687,29904,closet,
6235,42687,29928,clean_room,
6236,42687,29928,dressing_room,
6237,42687,29928,hospital_room,
6238,42687,29928,beauty_salon,
6239,42687,29928,archive,
6240,42687,29952,clean_room,
6241,42687,29952,dressing_room,
6242,42687,29952,hospital_room,
6243,42687,29952,clothing_store,
6244,42687,29952,archive,
6245,42687,29976,clean_room,
6246,42687,29976,dressing_room,
6247,42687,29976,hospital_room,
6248,42687,29976,clothing_store,
6249,42687,29976,operating_room,
6250,42687,30000,clean_room,
6251,42687,30000,dressing_room,
6252,42687,30000,hospital_room,
6253,42687,30000,operating_room,
6254,42687,30000,nursing_home,
6255,42687,30024,clean_room,
6256,42687,30024,dressing_room,
6257,42687,30024,hospital_room,
6258,42687,30024,locker_room,
6259,42687,30024,operating_room,
6260,42687,30048,clean_room,
6261,42687,30048,dressing_room,
6262,42687,30048,hospital_room,
6263,42687,30048,locker_room,
6264,42687,30048,clothing_store,
6265,42687,30072,clean_room,
6266,42687,30072,dressing_room,
6267,42687,30072,hospital_room,
6268,42687,30072,clothing_store,
6269,42687,30072,operating_room,
6270,42687,30096,clean_room,
6271,42687,30096,dressing_room,
6272,42687,30096,hospital_room,
6273,42687,30096,locker_room,
6274,42687,30096,operating_room,
6275,42687,30120,clean_room,
6276,42687,30120,dressing_room,
6277,42687,30120,hospital_room,
6278,42687,30120,locker_room,
6279,42687,30120,operating_room,
6280,42687,30144,clean_room,
6281,42687,30144,dressing_room,
6282,42687,30144,hospital_room,
6283,42687,30144,locker_room,
6284,42687,30144,operating_room,
6285,42687,30168,dressing_room,
6286,42687,30168,clean_room,
6287,42687,30168,beauty_salon,
6288,42687,30168,clothing_store,
6289,42687,30168,archive,
6290,42687,30192,dressing_room,
6291,42687,30192,clean_room,
6292,42687,30192,beauty_salon,
6293,42687,30192,archive,
6294,42687,30192,closet,
6295,42687,30216,dressing_room,
6296,42687,30216,clean_room,
6297,42687,30216,closet,
6298,42687,30216,archive,
6299,42687,30216,beauty_salon,
6300,42687,30240,dressing_room,
6301,42687,30240,clean_room,
6302,42687,30240,beauty_salon,
6303,42687,30240,archive,
6304,42687,30240,closet,
6305,42687,30264,dressing_room,
6306,42687,30264,clean_room,
6307,42687,30264,archive,
6308,42687,30264,beauty_salon,
6309,42687,30264,closet,
6310,42687,30288,dressing_room,
6311,42687,30288,clean_room,
6312,42687,30288,archive,
6313,42687,30288,locker_room,
6314,42687,30288,closet,
6315,42687,30312,dressing_room,
6316,42687,30312,clean_room,
6317,42687,30312,locker_room,
6318,42687,30312,closet,
6319,42687,30312,archive,
6320,42687,30336,dressing_room,
6321,42687,30336,clean_room,
6322,42687,30336,locker_room,
6323,42687,30336,archive,
6324,42687,30336,beauty_salon,
6325,42687,30360,dressing_room,
6326,42687,30360,clean_room,
6327,42687,30360,beauty_salon,
6328,42687,30360,archive,
6329,42687,30360,pharmacy,
6330,42687,30384,dressing_room,
6331,42687,30384,clean_room,
6332,42687,30384,beauty_salon,
6333,42687,30384,discotheque,
6334,42687,30384,hospital_room,
6335,42687,30408,clean_room,
6336,42687,30408,shower,
6337,42687,30408,elevator/door,
6338,42687,30408,museum/indoor,
6339,42687,30408,art_gallery,
6340,42687,30432,clean_room,
6341,42687,30432,locker_room,
6342,42687,30432,archive,
6343,42687,30432,dressing_room,
6344,42687,30432,museum/indoor,
6345,42687,30456,clean_room,
6346,42687,30456,science_museum,
6347,42687,30456,lecture_room,
6348,42687,30456,office,
6349,42687,30456,music_studio,
6350,42687,30480,martial_arts_gym,
6351,42687,30480,stage/indoor,
6352,42687,30480,discotheque,
6353,42687,30480,clean_room,
6354,42687,30480,locker_room,
6355,42687,30504,clean_room,
6356,42687,30504,biology_laboratory,
6357,42687,30504,chemistry_lab,
6358,42687,30504,office,
6359,42687,30504,pharmacy,
6360,42687,30528,clean_room,
6361,42687,30528,operating_room,
6362,42687,30528,martial_arts_gym,
6363,42687,30528,biology_laboratory,
6364,42687,30528,chemistry_lab,
6365,42687,30552,clean_room,
6366,42687,30552,dressing_room,
6367,42687,30552,museum/indoor,
6368,42687,30552,discotheque,
6369,42687,30552,martial_arts_gym,
6370,42687,30576,clean_room,
6371,42687,30576,museum/indoor,
6372,42687,30576,dressing_room,
6373,42687,30576,discotheque,
6374,42687,30576,art_gallery,
6375,42687,30600,martial_arts_gym,
6376,42687,30600,clean_room,
6377,42687,30600,dressing_room,
6378,42687,30600,museum/indoor,
6379,42687,30600,locker_room,
6380,42687,30624,clean_room,
6381,42687,30624,martial_arts_gym,
6382,42687,30624,dressing_room,
6383,42687,30624,operating_room,
6384,42687,30624,hospital_room,
6385,42687,30648,dressing_room,
6386,42687,30648,clean_room,
6387,42687,30648,beauty_salon,
6388,42687,30648,museum/indoor,
6389,42687,30648,art_gallery,
6390,42687,30672,clean_room,
6391,42687,30672,martial_arts_gym,
6392,42687,30672,hospital_room,
6393,42687,30672,dressing_room,
6394,42687,30672,office,
6395,42687,30696,archive,
6396,42687,30696,art_gallery,
6397,42687,30696,locker_room,
6398,42687,30696,clothing_store,
6399,42687,30696,dressing_room,
6400,42687,30720,archive,
6401,42687,30720,art_gallery,
6402,42687,30720,clean_room,
6403,42687,30720,server_room,
6404,42687,30720,museum/indoor,
6405,42687,30744,archive,
6406,42687,30744,art_gallery,
6407,42687,30744,locker_room,
6408,42687,30744,clean_room,
6409,42687,30744,museum/indoor,
6410,42687,30768,art_gallery,
6411,42687,30768,museum/indoor,
6412,42687,30768,archive,
6413,42687,30768,medina,
6414,42687,30768,dressing_room,
6415,42687,30792,corridor,
6416,42687,30792,alley,
6417,42687,30792,archive,
6418,42687,30792,subway_station/platform,
6419,42687,30792,staircase,
6420,42687,30816,bow_window/indoor,
6421,42687,30816,elevator/door,
6422,42687,30816,alcove,
6423,42687,30816,closet,
6424,42687,30816,shower,
6425,42687,30840,bow_window/indoor,
6426,42687,30840,closet,
6427,42687,30840,alcove,
6428,42687,30840,elevator/door,
6429,42687,30840,basement,
6430,42687,30864,archive,
6431,42687,30864,art_gallery,
6432,42687,30864,locker_room,
6433,42687,30864,clean_room,
6434,42687,30864,museum/indoor,
6435,42687,30888,archive,
6436,42687,30888,art_gallery,
6437,42687,30888,clothing_store,
6438,42687,30888,science_museum,
6439,42687,30888,museum/indoor,
6440,42687,30912,art_gallery,
6441,42687,30912,science_museum,
6442,42687,30912,shower,
6443,42687,30912,museum/indoor,
6444,42687,30912,art_studio,
6445,42687,30936,shower,
6446,42687,30936,bathroom,
6447,42687,30936,bow_window/indoor,
6448,42687,30936,art_gallery,
6449,42687,30936,elevator/door,
6450,42687,30960,shower,
6451,42687,30960,bathroom,
6452,42687,30960,bow_window/indoor,
6453,42687,30960,art_gallery,
6454,42687,30960,beauty_salon,
6455,42687,30984,bathroom,
6456,42687,30984,shower,
6457,42687,30984,atrium/public,
6458,42687,30984,elevator_lobby,
6459,42687,30984,elevator/door,
6460,42687,31008,shower,
6461,42687,31008,bathroom,
6462,42687,31008,atrium/public,
6463,42687,31008,elevator_lobby,
6464,42687,31008,elevator/door,
6465,42687,31032,archive,
6466,42687,31032,clean_room,
6467,42687,31032,office,
6468,42687,31032,locker_room,
6469,42687,31032,hospital_room,
6470,42687,31056,clean_room,
6471,42687,31056,archive,
6472,42687,31056,locker_room,
6473,42687,31056,nursery,
6474,42687,31056,hospital_room,
6475,42687,31080,clean_room,
6476,42687,31080,archive,
6477,42687,31080,locker_room,
6478,42687,31080,nursery,
6479,42687,31080,hospital_room,
6480,42687,31104,archive,
6481,42687,31104,clean_room,
6482,42687,31104,nursery,
6483,42687,31104,locker_room,
6484,42687,31104,hospital_room,
6485,42687,31128,archive,
6486,42687,31128,clean_room,
6487,42687,31128,hospital_room,
6488,42687,31128,locker_room,
6489,42687,31128,office,
6490,42687,31152,archive,
6491,42687,31152,clean_room,
6492,42687,31152,nursery,
6493,42687,31152,hospital_room,
6494,42687,31152,locker_room,
6495,42687,31176,clean_room,
6496,42687,31176,archive,
6497,42687,31176,locker_room,
6498,42687,31176,nursery,
6499,42687,31176,hospital_room,
6500,42687,31200,clean_room,
6501,42687,31200,archive,
6502,42687,31200,locker_room,
6503,42687,31200,nursery,
6504,42687,31200,hospital_room,
6505,42687,31224,archive,
6506,42687,31224,clean_room,
6507,42687,31224,nursery,
6508,42687,31224,locker_room,
6509,42687,31224,hospital_room,
6510,42687,31248,clean_room,
6511,42687,31248,archive,
6512,42687,31248,operating_room,
6513,42687,31248,hospital_room,
6514,42687,31248,chemistry_lab,
6515,42687,31272,clean_room,
6516,42687,31272,archive,
6517,42687,31272,hospital_room,
6518,42687,31272,chemistry_lab,
6519,42687,31272,locker_room,
6520,42687,31296,archive,
6521,42687,31296,clean_room,
6522,42687,31296,locker_room,
6523,42687,31296,hospital_room,
6524,42687,31296,office,
6525,42687,31320,archive,
6526,42687,31320,clean_room,
6527,42687,31320,hospital_room,
6528,42687,31320,office,
6529,42687,31320,locker_room,
6530,42687,31344,clean_room,
6531,42687,31344,archive,
6532,42687,31344,hospital_room,
6533,42687,31344,nursing_home,
6534,42687,31344,operating_room,
6535,42687,31368,archive,
6536,42687,31368,clean_room,
6537,42687,31368,hospital_room,
6538,42687,31368,nursing_home,
6539,42687,31368,office,
6540,42687,31392,clean_room,
6541,42687,31392,archive,
6542,42687,31392,chemistry_lab,
6543,42687,31392,locker_room,
6544,42687,31392,hospital_room,
6545,42687,31416,clean_room,
6546,42687,31416,archive,
6547,42687,31416,operating_room,
6548,42687,31416,locker_room,
6549,42687,31416,hospital_room,
6550,42687,31440,clean_room,
6551,42687,31440,archive,
6552,42687,31440,operating_room,
6553,42687,31440,hospital_room,
6554,42687,31440,locker_room,
6555,42687,31464,clean_room,
6556,42687,31464,archive,
6557,42687,31464,operating_room,
6558,42687,31464,locker_room,
6559,42687,31464,hospital_room,
6560,42687,31488,clean_room,
6561,42687,31488,archive,
6562,42687,31488,operating_room,
6563,42687,31488,hospital_room,
6564,42687,31488,nursery,
6565,42687,31512,clean_room,
6566,42687,31512,archive,
6567,42687,31512,nursing_home,
6568,42687,31512,hospital_room,
6569,42687,31512,operating_room,
6570,42687,31536,clean_room,
6571,42687,31536,archive,
6572,42687,31536,operating_room,
6573,42687,31536,nursing_home,
6574,42687,31536,hospital_room,
6575,42687,31560,office,
6576,42687,31560,clean_room,
6577,42687,31560,dining_room,
6578,42687,31560,home_office,
6579,42687,31560,living_room,
6580,42687,31584,clean_room,
6581,42687,31584,office,
6582,42687,31584,archive,
6583,42687,31584,dining_room,
6584,42687,31584,home_office,
6585,42687,31608,office,
6586,42687,31608,archive,
6587,42687,31608,clean_room,
6588,42687,31608,dining_room,
6589,42687,31608,home_office,
6590,42687,31632,clean_room,
6591,42687,31632,archive,
6592,42687,31632,dressing_room,
6593,42687,31632,office,
6594,42687,31632,biology_laboratory,
6595,42687,31656,clean_room,
6596,42687,31656,dressing_room,
6597,42687,31656,archive,
6598,42687,31656,chemistry_lab,
6599,42687,31656,hospital_room,
6600,42687,31680,clean_room,
6601,42687,31680,dressing_room,
6602,42687,31680,archive,
6603,42687,31680,hospital_room,
6604,42687,31680,chemistry_lab,
6605,42687,31704,clean_room,
6606,42687,31704,dressing_room,
6607,42687,31704,locker_room,
6608,42687,31704,archive,
6609,42687,31704,hospital_room,
6610,42687,31728,clean_room,
6611,42687,31728,dressing_room,
6612,42687,31728,locker_room,
6613,42687,31728,archive,
6614,42687,31728,hospital_room,
6615,42687,31752,clean_room,
6616,42687,31752,dressing_room,
6617,42687,31752,archive,
6618,42687,31752,locker_room,
6619,42687,31752,hospital_room,
6620,42687,31776,office,
6621,42687,31776,clean_room,
6622,42687,31776,archive,
6623,42687,31776,dining_room,
6624,42687,31776,library/indoor,
6625,42687,31800,dining_room,
6626,42687,31800,office,
6627,42687,31800,clean_room,
6628,42687,31800,library/indoor,
6629,42687,31800,living_room,
6630,42687,31824,chemistry_lab,
6631,42687,31824,dining_room,
6632,42687,31824,clean_room,
6633,42687,31824,beauty_salon,
6634,42687,31824,dressing_room,
6635,42687,31848,chemistry_lab,
6636,42687,31848,biology_laboratory,
6637,42687,31848,clean_room,
6638,42687,31848,pharmacy,
6639,42687,31848,dressing_room,
6640,42687,31872,clean_room,
6641,42687,31872,archive,
6642,42687,31872,office,
6643,42687,31872,biology_laboratory,
6644,42687,31872,chemistry_lab,
6645,42687,31896,clean_room,
6646,42687,31896,biology_laboratory,
6647,42687,31896,chemistry_lab,
6648,42687,31896,archive,
6649,42687,31896,hospital_room,
6650,42687,31920,clean_room,
6651,42687,31920,biology_laboratory,
6652,42687,31920,chemistry_lab,
6653,42687,31920,archive,
6654,42687,31920,hospital_room,
6655,42687,31944,clean_room,
6656,42687,31944,chemistry_lab,
6657,42687,31944,biology_laboratory,
6658,42687,31944,hospital_room,
6659,42687,31944,operating_room,
6660,42687,31968,clean_room,
6661,42687,31968,chemistry_lab,
6662,42687,31968,biology_laboratory,
6663,42687,31968,beauty_salon,
6664,42687,31968,hospital_room,
6665,42687,31992,clean_room,
6666,42687,31992,biology_laboratory,
6667,42687,31992,chemistry_lab,
6668,42687,31992,beauty_salon,
6669,42687,31992,hospital_room,
6670,42687,32016,clean_room,
6671,42687,32016,chemistry_lab,
6672,42687,32016,biology_laboratory,
6673,42687,32016,dressing_room,
6674,42687,32016,beauty_salon,
6675,42687,32040,clean_room,
6676,42687,32040,chemistry_lab,
6677,42687,32040,biology_laboratory,
6678,42687,32040,office,
6679,42687,32040,beauty_salon,
6680,42687,32064,clean_room,
6681,42687,32064,chemistry_lab,
6682,42687,32064,biology_laboratory,
6683,42687,32064,dressing_room,
6684,42687,32064,beauty_salon,
6685,42687,32088,clean_room,
6686,42687,32088,chemistry_lab,
6687,42687,32088,biology_laboratory,
6688,42687,32088,beauty_salon,
6689,42687,32088,office,
6690,42687,32112,clean_room,
6691,42687,32112,chemistry_lab,
6692,42687,32112,hospital_room,
6693,42687,32112,office,
6694,42687,32112,biology_laboratory,
6695,42687,32136,clean_room,
6696,42687,32136,chemistry_lab,
6697,42687,32136,biology_laboratory,
6698,42687,32136,hospital_room,
6699,42687,32136,office,
6700,42687,32160,clean_room,
6701,42687,32160,chemistry_lab,
6702,42687,32160,office,
6703,42687,32160,biology_laboratory,
6704,42687,32160,dressing_room,
6705,42687,32184,clean_room,
6706,42687,32184,chemistry_lab,
6707,42687,32184,beauty_salon,
6708,42687,32184,biology_laboratory,
6709,42687,32184,office,
6710,42687,32208,clean_room,
6711,42687,32208,chemistry_lab,
6712,42687,32208,biology_laboratory,
6713,42687,32208,beauty_salon,
6714,42687,32208,office,
6715,42687,32232,clean_room,
6716,42687,32232,chemistry_lab,
6717,42687,32232,biology_laboratory,
6718,42687,32232,office,
6719,42687,32232,archive,
6720,42687,32256,clean_room,
6721,42687,32256,chemistry_lab,
6722,42687,32256,dressing_room,
6723,42687,32256,biology_laboratory,
6724,42687,32256,archive,
6725,42687,32280,dressing_room,
6726,42687,32280,chemistry_lab,
6727,42687,32280,clean_room,
6728,42687,32280,dining_room,
6729,42687,32280,office,
6730,42687,32304,clean_room,
6731,42687,32304,dressing_room,
6732,42687,32304,elevator_lobby,
6733,42687,32304,office,
6734,42687,32304,shower,
6735,42687,32328,dressing_room,
6736,42687,32328,bathroom,
6737,42687,32328,clean_room,
6738,42687,32328,beauty_salon,
6739,42687,32328,corridor,
6740,42687,32352,corridor,
6741,42687,32352,clean_room,
6742,42687,32352,dressing_room,
6743,42687,32352,elevator_lobby,
6744,42687,32352,bathroom,
6745,42687,32376,clean_room,
6746,42687,32376,dressing_room,
6747,42687,32376,corridor,
6748,42687,32376,elevator_lobby,
6749,42687,32376,art_gallery,
6750,42687,32400,clean_room,
6751,42687,32400,dressing_room,
6752,42687,32400,hospital_room,
6753,42687,32400,locker_room,
6754,42687,32400,operating_room,
6755,42687,32424,clean_room,
6756,42687,32424,dressing_room,
6757,42687,32424,archive,
6758,42687,32424,locker_room,
6759,42687,32424,hospital_room,
6760,42687,32448,clean_room,
6761,42687,32448,dressing_room,
6762,42687,32448,locker_room,
6763,42687,32448,archive,
6764,42687,32448,hospital_room,
6765,42687,32472,clean_room,
6766,42687,32472,dressing_room,
6767,42687,32472,locker_room,
6768,42687,32472,archive,
6769,42687,32472,hospital_room,
6770,42687,32496,dressing_room,
6771,42687,32496,clean_room,
6772,42687,32496,corridor,
6773,42687,32496,bathroom,
6774,42687,32496,beauty_salon,
6775,42687,32520,dressing_room,
6776,42687,32520,clean_room,
6777,42687,32520,bathroom,
6778,42687,32520,corridor,
6779,42687,32520,elevator_lobby,
6780,42687,32544,bathroom,
6781,42687,32544,shower,
6782,42687,32544,clean_room,
6783,42687,32544,corridor,
6784,42687,32544,elevator_lobby,
6785,42687,32568,bow_window/indoor,
6786,42687,32568,clean_room,
6787,42687,32568,elevator/door,
6788,42687,32568,shower,
6789,42687,32568,bathroom,
6790,42687,32592,bow_window/indoor,
6791,42687,32592,office,
6792,42687,32592,alcove,
6793,42687,32592,balcony/interior,
6794,42687,32592,living_room,
6795,42687,32616,bow_window/indoor,
6796,42687,32616,bathroom,
6797,42687,32616,utility_room,
6798,42687,32616,corridor,
6799,42687,32616,elevator/door,
6800,42687,32640,elevator/door,
6801,42687,32640,bow_window/indoor,
6802,42687,32640,office,
6803,42687,32640,dressing_room,
6804,42687,32640,corridor,
6805,42687,32664,bow_window/indoor,
6806,42687,32664,corridor,
6807,42687,32664,office,
6808,42687,32664,elevator/door,
6809,42687,32664,clean_room,
6810,42687,32688,bow_window/indoor,
6811,42687,32688,doorway/outdoor,
6812,42687,32688,corridor,
6813,42687,32688,elevator/door,
6814,42687,32688,dining_room,
6815,42687,32712,bow_window/indoor,
6816,42687,32712,elevator/door,
6817,42687,32712,doorway/outdoor,
6818,42687,32712,alcove,
6819,42687,32712,elevator_lobby,
6820,42687,32736,beauty_salon,
6821,42687,32736,pharmacy,
6822,42687,32736,elevator/door,
6823,42687,32736,clothing_store,
6824,42687,32736,museum/indoor,
6825,42687,32760,dressing_room,
6826,42687,32760,beauty_salon,
6827,42687,32760,clean_room,
6828,42687,32760,locker_room,
6829,42687,32760,clothing_store,
6830,42687,32784,dressing_room,
6831,42687,32784,clean_room,
6832,42687,32784,locker_room,
6833,42687,32784,clothing_store,
6834,42687,32784,beauty_salon,
6835,42687,32808,clean_room,
6836,42687,32808,dressing_room,
6837,42687,32808,locker_room,
6838,42687,32808,clothing_store,
6839,42687,32808,pharmacy,
6840,42687,32832,clean_room,
6841,42687,32832,corridor,
6842,42687,32832,elevator_lobby,
6843,42687,32832,archive,
6844,42687,32832,locker_room,
6845,42687,32856,clean_room,
6846,42687,32856,elevator_lobby,
6847,42687,32856,airport_terminal,
6848,42687,32856,server_room,
6849,42687,32856,locker_room,
6850,42687,32880,clean_room,
6851,42687,32880,dressing_room,
6852,42687,32880,locker_room,
6853,42687,32880,clothing_store,
6854,42687,32880,hospital_room,
6855,42687,32904,dressing_room,
6856,42687,32904,clean_room,
6857,42687,32904,ballroom,
6858,42687,32904,locker_room,
6859,42687,32904,hospital_room,
6860,42687,32928,dressing_room,
6861,42687,32928,clean_room,
6862,42687,32928,discotheque,
6863,42687,32928,chemistry_lab,
6864,42687,32928,locker_room,
6865,42687,32952,clean_room,
6866,42687,32952,discotheque,
6867,42687,32952,dressing_room,
6868,42687,32952,shower,
6869,42687,32952,locker_room,
6870,42687,32976,clean_room,
6871,42687,32976,locker_room,
6872,42687,32976,dressing_room,
6873,42687,32976,jail_cell,
6874,42687,32976,operating_room,
6875,42687,33000,dressing_room,
6876,42687,33000,discotheque,
6877,42687,33000,clean_room,
6878,42687,33000,martial_arts_gym,
6879,42687,33000,locker_room,
6880,42687,33024,clean_room,
6881,42687,33024,museum/indoor,
6882,42687,33024,locker_room,
6883,42687,33024,dressing_room,
6884,42687,33024,operating_room,
6885,42687,33048,clean_room,
6886,42687,33048,dressing_room,
6887,42687,33048,locker_room,
6888,42687,33048,operating_room,
6889,42687,33048,hospital_room,
6890,42687,33072,clean_room,
6891,42687,33072,dressing_room,
6892,42687,33072,bathroom,
6893,42687,33072,locker_room,
6894,42687,33072,shower,
6895,42687,33096,clean_room,
6896,42687,33096,dressing_room,
6897,42687,33096,archive,
6898,42687,33096,classroom,
6899,42687,33096,museum/indoor,
6900,42687,33120,clean_room,
6901,42687,33120,discotheque,
6902,42687,33120,dressing_room,
6903,42687,33120,museum/indoor,
6904,42687,33120,locker_room,
6905,42687,33144,clean_room,
6906,42687,33144,dressing_room,
6907,42687,33144,museum/indoor,
6908,42687,33144,shower,
6909,42687,33144,locker_room,
6910,42687,33168,dressing_room,
6911,42687,33168,museum/indoor,
6912,42687,33168,clothing_store,
6913,42687,33168,clean_room,
6914,42687,33168,shower,
6915,42687,33192,clean_room,
6916,42687,33192,discotheque,
6917,42687,33192,airplane_cabin,
6918,42687,33192,bathroom,
6919,42687,33192,shower,
6920,42687,33216,dressing_room,
6921,42687,33216,beauty_salon,
6922,42687,33216,clean_room,
6923,42687,33216,locker_room,
6924,42687,33216,office,
6925,42687,33240,clean_room,
6926,42687,33240,dressing_room,
6927,42687,33240,beauty_salon,
6928,42687,33240,clothing_store,
6929,42687,33240,locker_room,
6930,42687,33264,dressing_room,
6931,42687,33264,clean_room,
6932,42687,33264,locker_room,
6933,42687,33264,clothing_store,
6934,42687,33264,beauty_salon,
6935,42687,33288,dressing_room,
6936,42687,33288,clean_room,
6937,42687,33288,locker_room,
6938,42687,33288,discotheque,
6939,42687,33288,classroom,
6940,42687,33312,dressing_room,
6941,42687,33312,clean_room,
6942,42687,33312,locker_room,
6943,42687,33312,chemistry_lab,
6944,42687,33312,hospital_room,
6945,42687,33336,clean_room,
6946,42687,33336,dressing_room,
6947,42687,33336,locker_room,
6948,42687,33336,elevator/door,
6949,42687,33336,clothing_store,
6950,42687,33360,clean_room,
6951,42687,33360,dressing_room,
6952,42687,33360,locker_room,
6953,42687,33360,hospital_room,
6954,42687,33360,elevator/door,
6955,42687,33384,dressing_room,
6956,42687,33384,beauty_salon,
6957,42687,33384,clean_room,
6958,42687,33384,clothing_store,
6959,42687,33384,discotheque,
6960,42687,33408,clean_room,
6961,42687,33408,locker_room,
6962,42687,33408,dressing_room,
6963,42687,33408,elevator/door,
6964,42687,33408,elevator_lobby,
6965,42687,33432,clean_room,
6966,42687,33432,elevator/door,
6967,42687,33432,dressing_room,
6968,42687,33432,locker_room,
6969,42687,33432,museum/indoor,
6970,42687,33456,clean_room,
6971,42687,33456,dressing_room,
6972,42687,33456,locker_room,
6973,42687,33456,operating_room,
6974,42687,33456,hospital_room,
6975,42687,33480,dressing_room,
6976,42687,33480,clean_room,
6977,42687,33480,locker_room,
6978,42687,33480,beauty_salon,
6979,42687,33480,operating_room,
6980,42687,33504,clean_room,
6981,42687,33504,dressing_room,
6982,42687,33504,operating_room,
6983,42687,33504,museum/indoor,
6984,42687,33504,locker_room,
6985,42687,33528,science_museum,
6986,42687,33528,clean_room,
6987,42687,33528,aquarium,
6988,42687,33528,museum/indoor,
6989,42687,33528,natural_history_museum,
6990,42687,33552,clean_room,
6991,42687,33552,dressing_room,
6992,42687,33552,shower,
6993,42687,33552,hospital_room,
6994,42687,33552,discotheque,
6995,42687,33576,dressing_room,
6996,42687,33576,clean_room,
6997,42687,33576,locker_room,
6998,42687,33576,discotheque,
6999,42687,33576,hospital_room,
7000,42687,33600,discotheque,
7001,42687,33600,clean_room,
7002,42687,33600,dressing_room,
7003,42687,33600,shower,
7004,42687,33600,bathroom,
7005,42687,33624,clean_room,
7006,42687,33624,dressing_room,
7007,42687,33624,discotheque,
7008,42687,33624,locker_room,
7009,42687,33624,hospital_room,
7010,42687,33648,dressing_room,
7011,42687,33648,clean_room,
7012,42687,33648,discotheque,
7013,42687,33648,shower,
7014,42687,33648,locker_room,
7015,42687,33672,clean_room,
7016,42687,33672,locker_room,
7017,42687,33672,shower,
7018,42687,33672,discotheque,
7019,42687,33672,chemistry_lab,
7020,42687,33696,shower,
7021,42687,33696,clean_room,
7022,42687,33696,locker_room,
7023,42687,33696,bathroom,
7024,42687,33696,elevator/door,
7025,42687,33720,shower,
7026,42687,33720,locker_room,
7027,42687,33720,clean_room,
7028,42687,33720,discotheque,
7029,42687,33720,bathroom,
7030,42687,33744,locker_room,
7031,42687,33744,shower,
7032,42687,33744,clean_room,
7033,42687,33744,discotheque,
7034,42687,33744,elevator/door,
7035,42687,33768,locker_room,
7036,42687,33768,clean_room,
7037,42687,33768,shower,
7038,42687,33768,elevator/door,
7039,42687,33768,discotheque,
7040,42687,33792,shower,
7041,42687,33792,locker_room,
7042,42687,33792,clean_room,
7043,42687,33792,bathroom,
7044,42687,33792,elevator/door,
7045,42687,33816,clean_room,
7046,42687,33816,shower,
7047,42687,33816,locker_room,
7048,42687,33816,chemistry_lab,
7049,42687,33816,elevator/door,
7050,42687,33840,clean_room,
7051,42687,33840,locker_room,
7052,42687,33840,shower,
7053,42687,33840,chemistry_lab,
7054,42687,33840,discotheque,
7055,42687,33864,clean_room,
7056,42687,33864,locker_room,
7057,42687,33864,shower,
7058,42687,33864,elevator/door,
7059,42687,33864,bathroom,
7060,42687,33888,dressing_room,
7061,42687,33888,clean_room,
7062,42687,33888,shower,
7063,42687,33888,beauty_salon,
7064,42687,33888,discotheque,
7065,42687,33912,dressing_room,
7066,42687,33912,shower,
7067,42687,33912,discotheque,
7068,42687,33912,clean_room,
7069,42687,33912,beauty_salon,
7070,42687,33936,clean_room,
7071,42687,33936,dressing_room,
7072,42687,33936,shower,
7073,42687,33936,chemistry_lab,
7074,42687,33936,discotheque,
7075,42687,33960,clean_room,
7076,42687,33960,dressing_room,
7077,42687,33960,discotheque,
7078,42687,33960,shower,
7079,42687,33960,chemistry_lab,
7080,42687,33984,discotheque,
7081,42687,33984,clean_room,
7082,42687,33984,dressing_room,
7083,42687,33984,shower,
7084,42687,33984,stage/indoor,
7085,42687,34008,shower,
7086,42687,34008,bathroom,
7087,42687,34008,clean_room,
7088,42687,34008,dressing_room,
7089,42687,34008,nursery,
7090,42687,34032,clean_room,
7091,42687,34032,shower,
7092,42687,34032,lecture_room,
7093,42687,34032,auditorium,
7094,42687,34032,bathroom,
7095,42687,34056,lecture_room,
7096,42687,34056,clean_room,
7097,42687,34056,shower,
7098,42687,34056,auditorium,
7099,42687,34056,chemistry_lab,
7100,42687,34080,clean_room,
7101,42687,34080,shower,
7102,42687,34080,lecture_room,
7103,42687,34080,bathroom,
7104,42687,34080,chemistry_lab,
7105,42687,34104,shower,
7106,42687,34104,lecture_room,
7107,42687,34104,clean_room,
7108,42687,34104,auditorium,
7109,42687,34104,bathroom,
7110,42687,34128,discotheque,
7111,42687,34128,kindergarden_classroom,
7112,42687,34128,nursery,
7113,42687,34128,classroom,
7114,42687,34128,stage/indoor,
7115,42687,34152,discotheque,
7116,42687,34152,kindergarden_classroom,
7117,42687,34152,nursery,
7118,42687,34152,dressing_room,
7119,42687,34152,sauna,
7120,42687,34176,discotheque,
7121,42687,34176,kindergarden_classroom,
7122,42687,34176,nursery,
7123,42687,34176,clean_room,
7124,42687,34176,dressing_room,
7125,42687,34200,discotheque,
7126,42687,34200,nursery,
7127,42687,34200,kindergarden_classroom,
7128,42687,34200,stage/indoor,
7129,42687,34200,clean_room,
7130,42687,34224,discotheque,
7131,42687,34224,nursery,
7132,42687,34224,shower,
7133,42687,34224,kindergarden_classroom,
7134,42687,34224,clean_room,
7135,42687,34248,discotheque,
7136,42687,34248,stage/indoor,
7137,42687,34248,music_studio,
7138,42687,34248,dressing_room,
7139,42687,34248,kindergarden_classroom,
7140,42687,34272,clean_room,
7141,42687,34272,dressing_room,
7142,42687,34272,museum/indoor,
7143,42687,34272,science_museum,
7144,42687,34272,discotheque,
7145,42687,34296,clean_room,
7146,42687,34296,museum/indoor,
7147,42687,34296,dressing_room,
7148,42687,34296,hospital_room,
7149,42687,34296,science_museum,
7150,42687,34320,clean_room,
7151,42687,34320,hospital_room,
7152,42687,34320,museum/indoor,
7153,42687,34320,discotheque,
7154,42687,34320,science_museum,
7155,42687,34344,clean_room,
7156,42687,34344,discotheque,
7157,42687,34344,museum/indoor,
7158,42687,34344,shower,
7159,42687,34344,stage/indoor,
7160,42687,34368,clean_room,
7161,42687,34368,discotheque,
7162,42687,34368,stage/indoor,
7163,42687,34368,shower,
7164,42687,34368,museum/indoor,
7165,42687,34392,discotheque,
7166,42687,34392,clean_room,
7167,42687,34392,stage/indoor,
7168,42687,34392,shower,
7169,42687,34392,lecture_room,
7170,42687,34416,clean_room,
7171,42687,34416,discotheque,
7172,42687,34416,stage/indoor,
7173,42687,34416,hospital_room,
7174,42687,34416,lecture_room,
7175,42687,34440,discotheque,
7176,42687,34440,stage/indoor,
7177,42687,34440,museum/indoor,
7178,42687,34440,kindergarden_classroom,
7179,42687,34440,nursery,
7180,42687,34464,discotheque,
7181,42687,34464,stage/indoor,
7182,42687,34464,kindergarden_classroom,
7183,42687,34464,museum/indoor,
7184,42687,34464,nursery,
7185,42687,34488,discotheque,
7186,42687,34488,stage/indoor,
7187,42687,34488,kindergarden_classroom,
7188,42687,34488,nursery,
7189,42687,34488,museum/indoor,
7190,42687,34512,clean_room,
7191,42687,34512,discotheque,
7192,42687,34512,stage/indoor,
7193,42687,34512,dressing_room,
7194,42687,34512,hospital_room,
7195,42687,34536,clean_room,
7196,42687,34536,chemistry_lab,
7197,42687,34536,dressing_room,
7198,42687,34536,museum/indoor,
7199,42687,34536,science_museum,
7200,42687,34560,clean_room,
7201,42687,34560,museum/indoor,
7202,42687,34560,chemistry_lab,
7203,42687,34560,science_museum,
7204,42687,34560,art_gallery,
7205,42687,34584,clean_room,
7206,42687,34584,chemistry_lab,
7207,42687,34584,dressing_room,
7208,42687,34584,science_museum,
7209,42687,34584,shower,
7210,42687,34608,discotheque,
7211,42687,34608,chemistry_lab,
7212,42687,34608,stage/indoor,
7213,42687,34608,classroom,
7214,42687,34608,dressing_room,
7215,42687,34632,discotheque,
7216,42687,34632,stage/indoor,
7217,42687,34632,shower,
7218,42687,34632,auditorium,
7219,42687,34632,clean_room,
7220,42687,34656,clean_room,
7221,42687,34656,chemistry_lab,
7222,42687,34656,discotheque,
7223,42687,34656,shower,
7224,42687,34656,biology_laboratory,
7225,42687,34680,clean_room,
7226,42687,34680,shower,
7227,42687,34680,discotheque,
7228,42687,34680,chemistry_lab,
7229,42687,34680,bathroom,
7230,42687,34704,clean_room,
7231,42687,34704,shower,
7232,42687,34704,discotheque,
7233,42687,34704,bathroom,
7234,42687,34704,chemistry_lab,
7235,42687,34728,discotheque,
7236,42687,34728,stage/indoor,
7237,42687,34728,museum/indoor,
7238,42687,34728,dressing_room,
7239,42687,34728,nursery,
7240,42687,34752,discotheque,
7241,42687,34752,stage/indoor,
7242,42687,34752,museum/indoor,
7243,42687,34752,dressing_room,
7244,42687,34752,nursery,
7245,42687,34776,discotheque,
7246,42687,34776,kindergarden_classroom,
7247,42687,34776,stage/indoor,
7248,42687,34776,playroom,
7249,42687,34776,nursery,
7250,42687,34800,discotheque,
7251,42687,34800,nursery,
7252,42687,34800,kindergarden_classroom,
7253,42687,34800,museum/indoor,
7254,42687,34800,playroom,
7255,42687,34824,discotheque,
7256,42687,34824,nursery,
7257,42687,34824,museum/indoor,
7258,42687,34824,kindergarden_classroom,
7259,42687,34824,playroom,
7260,42687,34848,discotheque,
7261,42687,34848,nursery,
7262,42687,34848,museum/indoor,
7263,42687,34848,kindergarden_classroom,
7264,42687,34848,playroom,
7265,42687,34872,kindergarden_classroom,
7266,42687,34872,discotheque,
7267,42687,34872,museum/indoor,
7268,42687,34872,nursery,
7269,42687,34872,classroom,
7270,42687,34896,discotheque,
7271,42687,34896,kindergarden_classroom,
7272,42687,34896,nursery,
7273,42687,34896,museum/indoor,
7274,42687,34896,stage/indoor,
7275,42687,34920,discotheque,
7276,42687,34920,museum/indoor,
7277,42687,34920,kindergarden_classroom,
7278,42687,34920,nursery,
7279,42687,34920,playroom,
7280,42687,34944,discotheque,
7281,42687,34944,stage/indoor,
7282,42687,34944,museum/indoor,
7283,42687,34944,music_studio,
7284,42687,34944,kindergarden_classroom,
7285,42687,34968,shower,
7286,42687,34968,science_museum,
7287,42687,34968,museum/indoor,
7288,42687,34968,natural_history_museum,
7289,42687,34968,discotheque,
7290,42687,34992,clean_room,
7291,42687,34992,corridor,
7292,42687,34992,elevator/door,
7293,42687,34992,server_room,
7294,42687,34992,basement,
7295,42687,35016,clean_room,
7296,42687,35016,corridor,
7297,42687,35016,jail_cell,
7298,42687,35016,chemistry_lab,
7299,42687,35016,server_room,
7300,42687,35040,clean_room,
7301,42687,35040,mosque/outdoor,
7302,42687,35040,industrial_area,
7303,42687,35040,chemistry_lab,
7304,42687,35040,hospital,
7305,42687,35064,clean_room,
7306,42687,35064,corridor,
7307,42687,35064,chemistry_lab,
7308,42687,35064,server_room,
7309,42687,35064,office,
7310,42687,35088,clean_room,
7311,42687,35088,server_room,
7312,42687,35088,office_cubicles,
7313,42687,35088,office,
7314,42687,35088,corridor,
7315,42687,35112,clean_room,
7316,42687,35112,server_room,
7317,42687,35112,office_cubicles,
7318,42687,35112,chemistry_lab,
7319,42687,35112,corridor,
7320,42687,35136,clean_room,
7321,42687,35136,server_room,
7322,42687,35136,chemistry_lab,
7323,42687,35136,corridor,
7324,42687,35136,locker_room,
7325,42687,35160,clean_room,
7326,42687,35160,locker_room,
7327,42687,35160,laundromat,
7328,42687,35160,shower,
7329,42687,35160,highway,
7330,42687,35184,stage/indoor,
7331,42687,35184,classroom,
7332,42687,35184,clean_room,
7333,42687,35184,server_room,
7334,42687,35184,locker_room,
7335,42687,35208,archive,
7336,42687,35208,locker_room,
7337,42687,35208,clean_room,
7338,42687,35208,classroom,
7339,42687,35208,lecture_room,
7340,42687,35232,clean_room,
7341,42687,35232,dressing_room,
7342,42687,35232,locker_room,
7343,42687,35232,elevator/door,
7344,42687,35232,chemistry_lab,
7345,42687,35256,clean_room,
7346,42687,35256,locker_room,
7347,42687,35256,shower,
7348,42687,35256,corridor,
7349,42687,35256,elevator/door,
7350,42687,35280,clean_room,
7351,42687,35280,locker_room,
7352,42687,35280,elevator/door,
7353,42687,35280,corridor,
7354,42687,35280,dressing_room,
7355,42687,35304,discotheque,
7356,42687,35304,clean_room,
7357,42687,35304,dressing_room,
7358,42687,35304,stage/indoor,
7359,42687,35304,music_studio,
7360,42687,35328,dressing_room,
7361,42687,35328,clean_room,
7362,42687,35328,discotheque,
7363,42687,35328,locker_room,
7364,42687,35328,music_studio,
7365,42687,35352,clean_room,
7366,42687,35352,elevator/door,
7367,42687,35352,discotheque,
7368,42687,35352,elevator_lobby,
7369,42687,35352,dressing_room,
7370,42687,35376,clean_room,
7371,42687,35376,dressing_room,
7372,42687,35376,shower,
7373,42687,35376,corridor,
7374,42687,35376,museum/indoor,
7375,42687,35400,dressing_room,
7376,42687,35400,shower,
7377,42687,35400,elevator/door,
7378,42687,35400,closet,
7379,42687,35400,sauna,
7380,42687,35424,elevator/door,
7381,42687,35424,jail_cell,
7382,42687,35424,locker_room,
7383,42687,35424,dressing_room,
7384,42687,35424,shower,
7385,42687,35448,dressing_room,
7386,42687,35448,elevator/door,
7387,42687,35448,elevator_lobby,
7388,42687,35448,clean_room,
7389,42687,35448,clothing_store,
7390,42687,35472,dressing_room,
7391,42687,35472,clean_room,
7392,42687,35472,clothing_store,
7393,42687,35472,museum/indoor,
7394,42687,35472,elevator/door,
7395,42687,35496,clean_room,
7396,42687,35496,dressing_room,
7397,42687,35496,clothing_store,
7398,42687,35496,museum/indoor,
7399,42687,35496,art_gallery,
7400,42687,35520,dressing_room,
7401,42687,35520,clean_room,
7402,42687,35520,elevator_lobby,
7403,42687,35520,elevator/door,
7404,42687,35520,locker_room,
7405,42687,35544,dressing_room,
7406,42687,35544,clean_room,
7407,42687,35544,beauty_salon,
7408,42687,35544,elevator/door,
7409,42687,35544,discotheque,
7410,42687,35568,dressing_room,
7411,42687,35568,elevator/door,
7412,42687,35568,elevator_lobby,
7413,42687,35568,clean_room,
7414,42687,35568,bedroom,
7415,42687,35592,dressing_room,
7416,42687,35592,elevator/door,
7417,42687,35592,locker_room,
7418,42687,35592,clean_room,
7419,42687,35592,elevator_lobby,
7420,42687,35616,dressing_room,
7421,42687,35616,elevator/door,
7422,42687,35616,elevator_lobby,
7423,42687,35616,locker_room,
7424,42687,35616,bedroom,
7425,42687,35640,dressing_room,
7426,42687,35640,elevator/door,
7427,42687,35640,elevator_lobby,
7428,42687,35640,clean_room,
7429,42687,35640,corridor,
7430,42687,35664,dressing_room,
7431,42687,35664,elevator/door,
7432,42687,35664,elevator_lobby,
7433,42687,35664,clean_room,
7434,42687,35664,locker_room,
7435,42687,35688,clean_room,
7436,42687,35688,elevator/door,
7437,42687,35688,locker_room,
7438,42687,35688,corridor,
7439,42687,35688,closet,
7440,42687,35712,corridor,
7441,42687,35712,clean_room,
7442,42687,35712,entrance_hall,
7443,42687,35712,lobby,
7444,42687,35712,dining_room,
7445,42687,35736,clean_room,
7446,42687,35736,corridor,
7447,42687,35736,entrance_hall,
7448,42687,35736,hospital_room,
7449,42687,35736,dining_room,
7450,42687,35760,clean_room,
7451,42687,35760,corridor,
7452,42687,35760,hospital_room,
7453,42687,35760,entrance_hall,
7454,42687,35760,dining_room,
7455,42687,35784,corridor,
7456,42687,35784,clean_room,
7457,42687,35784,dressing_room,
7458,42687,35784,lobby,
7459,42687,35784,living_room,
7460,42687,35808,dressing_room,
7461,42687,35808,clean_room,
7462,42687,35808,sauna,
7463,42687,35808,locker_room,
7464,42687,35808,shower,
7465,42687,35832,clean_room,
7466,42687,35832,museum/indoor,
7467,42687,35832,dressing_room,
7468,42687,35832,archive,
7469,42687,35832,art_gallery,
7470,42687,35856,clean_room,
7471,42687,35856,dressing_room,
7472,42687,35856,museum/indoor,
7473,42687,35856,art_gallery,
7474,42687,35856,archive,
7475,42687,35880,clean_room,
7476,42687,35880,dressing_room,
7477,42687,35880,museum/indoor,
7478,42687,35880,art_gallery,
7479,42687,35880,archive,
7480,42687,35904,clean_room,
7481,42687,35904,museum/indoor,
7482,42687,35904,elevator/door,
7483,42687,35904,science_museum,
7484,42687,35904,art_gallery,
7485,42687,35928,entrance_hall,
7486,42687,35928,corridor,
7487,42687,35928,art_gallery,
7488,42687,35928,elevator/door,
7489,42687,35928,staircase,
7490,42687,35952,entrance_hall,
7491,42687,35952,corridor,
7492,42687,35952,art_gallery,
7493,42687,35952,elevator/door,
7494,42687,35952,elevator_lobby,
7495,42687,35976,entrance_hall,
7496,42687,35976,corridor,
7497,42687,35976,art_gallery,
7498,42687,35976,staircase,
7499,42687,35976,museum/indoor,
7500,42687,36000,clean_room,
7501,42687,36000,museum/indoor,
7502,42687,36000,locker_room,
7503,42687,36000,hospital_room,
7504,42687,36000,shower,
7505,42687,36024,clean_room,
7506,42687,36024,hospital_room,
7507,42687,36024,archive,
7508,42687,36024,chemistry_lab,
7509,42687,36024,museum/indoor,
7510,42687,36048,clean_room,
7511,42687,36048,museum/indoor,
7512,42687,36048,archive,
7513,42687,36048,hospital_room,
7514,42687,36048,operating_room,
7515,42687,36072,clean_room,
7516,42687,36072,museum/indoor,
7517,42687,36072,archive,
7518,42687,36072,hospital_room,
7519,42687,36072,bow_window/indoor,
7520,42687,36096,museum/indoor,
7521,42687,36096,archive,
7522,42687,36096,elevator/door,
7523,42687,36096,clean_room,
7524,42687,36096,locker_room,
7525,42687,36120,clean_room,
7526,42687,36120,archive,
7527,42687,36120,museum/indoor,
7528,42687,36120,locker_room,
7529,42687,36120,elevator/door,
7530,42687,36144,archive,
7531,42687,36144,clean_room,
7532,42687,36144,museum/indoor,
7533,42687,36144,jail_cell,
7534,42687,36144,sauna,
7535,42687,36168,clean_room,
7536,42687,36168,archive,
7537,42687,36168,museum/indoor,
7538,42687,36168,chemistry_lab,
7539,42687,36168,locker_room,
7540,42687,36192,living_room,
7541,42687,36192,clean_room,
7542,42687,36192,bow_window/indoor,
7543,42687,36192,nursery,
7544,42687,36192,hospital_room,
7545,42687,36216,clean_room,
7546,42687,36216,museum/indoor,
7547,42687,36216,living_room,
7548,42687,36216,hospital_room,
7549,42687,36216,art_gallery,
7550,42687,36240,clean_room,
7551,42687,36240,living_room,
7552,42687,36240,dressing_room,
7553,42687,36240,hospital_room,
7554,42687,36240,operating_room,
7555,42687,36264,living_room,
7556,42687,36264,bow_window/indoor,
7557,42687,36264,bedroom,
7558,42687,36264,alcove,
7559,42687,36264,dressing_room,
7560,42687,36288,living_room,
7561,42687,36288,museum/indoor,
7562,42687,36288,alcove,
7563,42687,36288,bow_window/indoor,
7564,42687,36288,art_gallery,
7565,42687,36312,dressing_room,
7566,42687,36312,clean_room,
7567,42687,36312,museum/indoor,
7568,42687,36312,living_room,
7569,42687,36312,bedroom,
7570,42687,36336,dressing_room,
7571,42687,36336,living_room,
7572,42687,36336,museum/indoor,
7573,42687,36336,clean_room,
7574,42687,36336,alcove,
7575,42687,36360,clean_room,
7576,42687,36360,operating_room,
7577,42687,36360,dressing_room,
7578,42687,36360,museum/indoor,
7579,42687,36360,hospital_room,
7580,42687,36384,clean_room,
7581,42687,36384,living_room,
7582,42687,36384,museum/indoor,
7583,42687,36384,dressing_room,
7584,42687,36384,operating_room,
7585,42687,36408,clean_room,
7586,42687,36408,living_room,
7587,42687,36408,museum/indoor,
7588,42687,36408,dressing_room,
7589,42687,36408,operating_room,
7590,42687,36432,living_room,
7591,42687,36432,clean_room,
7592,42687,36432,museum/indoor,
7593,42687,36432,dressing_room,
7594,42687,36432,nursery,
7595,42687,36456,living_room,
7596,42687,36456,clean_room,
7597,42687,36456,dressing_room,
7598,42687,36456,operating_room,
7599,42687,36456,nursery,
7600,42687,36480,dressing_room,
7601,42687,36480,clean_room,
7602,42687,36480,bedroom,
7603,42687,36480,living_room,
7604,42687,36480,hospital_room,
7605,42687,36504,bedroom,
7606,42687,36504,living_room,
7607,42687,36504,clean_room,
7608,42687,36504,dressing_room,
7609,42687,36504,childs_room,
7610,42687,36528,living_room,
7611,42687,36528,bedroom,
7612,42687,36528,clean_room,
7613,42687,36528,dressing_room,
7614,42687,36528,childs_room,
7615,42687,36552,clean_room,
7616,42687,36552,bedroom,
7617,42687,36552,dressing_room,
7618,42687,36552,living_room,
7619,42687,36552,hospital_room,
7620,42687,36576,clean_room,
7621,42687,36576,living_room,
7622,42687,36576,dressing_room,
7623,42687,36576,bedroom,
7624,42687,36576,hospital_room,
7625,42687,36600,clean_room,
7626,42687,36600,dressing_room,
7627,42687,36600,living_room,
7628,42687,36600,bedroom,
7629,42687,36600,hospital_room,
7630,42687,36624,clean_room,
7631,42687,36624,bedroom,
7632,42687,36624,living_room,
7633,42687,36624,dressing_room,
7634,42687,36624,hospital_room,
7635,42687,36648,clean_room,
7636,42687,36648,dressing_room,
7637,42687,36648,shower,
7638,42687,36648,hospital_room,
7639,42687,36648,operating_room,
7640,42687,36672,clean_room,
7641,42687,36672,dressing_room,
7642,42687,36672,hospital_room,
7643,42687,36672,operating_room,
7644,42687,36672,shower,
7645,42687,36696,clean_room,
7646,42687,36696,hospital_room,
7647,42687,36696,dressing_room,
7648,42687,36696,operating_room,
7649,42687,36696,shower,
7650,42687,36720,clean_room,
7651,42687,36720,dressing_room,
7652,42687,36720,shower,
7653,42687,36720,hospital_room,
7654,42687,36720,operating_room,
7655,42687,36744,clean_room,
7656,42687,36744,dressing_room,
7657,42687,36744,shower,
7658,42687,36744,hospital_room,
7659,42687,36744,operating_room,
7660,42687,36768,clean_room,
7661,42687,36768,dressing_room,
7662,42687,36768,museum/indoor,
7663,42687,36768,art_gallery,
7664,42687,36768,beauty_salon,
7665,42687,36792,clean_room,
7666,42687,36792,dressing_room,
7667,42687,36792,museum/indoor,
7668,42687,36792,beauty_salon,
7669,42687,36792,operating_room,
7670,42687,36816,clean_room,
7671,42687,36816,dressing_room,
7672,42687,36816,museum/indoor,
7673,42687,36816,beauty_salon,
7674,42687,36816,art_gallery,
7675,42687,36840,dressing_room,
7676,42687,36840,clean_room,
7677,42687,36840,museum/indoor,
7678,42687,36840,art_gallery,
7679,42687,36840,music_studio,
7680,42687,36864,dressing_room,
7681,42687,36864,clean_room,
7682,42687,36864,museum/indoor,
7683,42687,36864,art_gallery,
7684,42687,36864,clothing_store,
7685,42687,36888,clean_room,
7686,42687,36888,dressing_room,
7687,42687,36888,museum/indoor,
7688,42687,36888,art_gallery,
7689,42687,36888,clothing_store,
7690,42687,36912,dressing_room,
7691,42687,36912,clean_room,
7692,42687,36912,museum/indoor,
7693,42687,36912,art_gallery,
7694,42687,36912,beauty_salon,
7695,42687,36936,clean_room,
7696,42687,36936,dressing_room,
7697,42687,36936,operating_room,
7698,42687,36936,hospital_room,
7699,42687,36936,living_room,
7700,42687,36960,clean_room,
7701,42687,36960,dressing_room,
7702,42687,36960,operating_room,
7703,42687,36960,living_room,
7704,42687,36960,hospital_room,
7705,42687,36984,clean_room,
7706,42687,36984,dressing_room,
7707,42687,36984,operating_room,
7708,42687,36984,living_room,
7709,42687,36984,hospital_room,
7710,42687,37008,dressing_room,
7711,42687,37008,clean_room,
7712,42687,37008,museum/indoor,
7713,42687,37008,art_gallery,
7714,42687,37008,art_studio,
7715,42687,37032,clean_room,
7716,42687,37032,museum/indoor,
7717,42687,37032,art_gallery,
7718,42687,37032,dressing_room,
7719,42687,37032,art_studio,
7720,42687,37056,clean_room,
7721,42687,37056,museum/indoor,
7722,42687,37056,art_gallery,
7723,42687,37056,dressing_room,
7724,42687,37056,science_museum,
7725,42687,37080,clean_room,
7726,42687,37080,museum/indoor,
7727,42687,37080,dressing_room,
7728,42687,37080,art_gallery,
7729,42687,37080,science_museum,
7730,42687,37104,clean_room,
7731,42687,37104,dressing_room,
7732,42687,37104,museum/indoor,
7733,42687,37104,operating_room,
7734,42687,37104,beauty_salon,
7735,42687,37128,clean_room,
7736,42687,37128,dressing_room,
7737,42687,37128,museum/indoor,
7738,42687,37128,operating_room,
7739,42687,37128,chemistry_lab,
7740,42687,37152,clean_room,
7741,42687,37152,dressing_room,
7742,42687,37152,museum/indoor,
7743,42687,37152,operating_room,
7744,42687,37152,chemistry_lab,
7745,42687,37176,clean_room,
7746,42687,37176,museum/indoor,
7747,42687,37176,dressing_room,
7748,42687,37176,art_gallery,
7749,42687,37176,chemistry_lab,
7750,42687,37200,clean_room,
7751,42687,37200,dressing_room,
7752,42687,37200,museum/indoor,
7753,42687,37200,art_gallery,
7754,42687,37200,shower,
7755,42687,37224,shower,
7756,42687,37224,bow_window/indoor,
7757,42687,37224,elevator/door,
7758,42687,37224,dressing_room,
7759,42687,37224,museum/indoor,
7760,42687,37248,bow_window/indoor,
7761,42687,37248,shower,
7762,42687,37248,museum/indoor,
7763,42687,37248,dressing_room,
7764,42687,37248,elevator/door,
7765,42687,37272,dressing_room,
7766,42687,37272,museum/indoor,
7767,42687,37272,clean_room,
7768,42687,37272,archive,
7769,42687,37272,elevator/door,
7770,42687,37296,clean_room,
7771,42687,37296,archive,
7772,42687,37296,dressing_room,
7773,42687,37296,shower,
7774,42687,37296,chemistry_lab,
7775,42687,37320,museum/indoor,
7776,42687,37320,dressing_room,
7777,42687,37320,archive,
7778,42687,37320,clean_room,
7779,42687,37320,art_gallery,
7780,42687,37344,clean_room,
7781,42687,37344,museum/indoor,
7782,42687,37344,dressing_room,
7783,42687,37344,music_studio,
7784,42687,37344,stage/indoor,
7785,42687,37368,dressing_room,
7786,42687,37368,chemistry_lab,
7787,42687,37368,museum/indoor,
7788,42687,37368,clean_room,
7789,42687,37368,shower,
7790,42687,37392,bow_window/indoor,
7791,42687,37392,doorway/outdoor,
7792,42687,37392,elevator/door,
7793,42687,37392,alcove,
7794,42687,37392,shower,
7795,42687,37416,bow_window/indoor,
7796,42687,37416,shower,
7797,42687,37416,doorway/outdoor,
7798,42687,37416,bathroom,
7799,42687,37416,elevator/door,
7800,42687,37440,bow_window/indoor,
7801,42687,37440,alcove,
7802,42687,37440,corridor,
7803,42687,37440,entrance_hall,
7804,42687,37440,closet,
7805,42687,37464,bow_window/indoor,
7806,42687,37464,bathroom,
7807,42687,37464,shower,
7808,42687,37464,alcove,
7809,42687,37464,clean_room,
7810,42687,37488,bow_window/indoor,
7811,42687,37488,bathroom,
7812,42687,37488,shower,
7813,42687,37488,dressing_room,
7814,42687,37488,clean_room,
7815,42687,37512,clean_room,
7816,42687,37512,bathroom,
7817,42687,37512,dressing_room,
7818,42687,37512,bow_window/indoor,
7819,42687,37512,shower,
7820,42687,37536,dressing_room,
7821,42687,37536,clean_room,
7822,42687,37536,museum/indoor,
7823,42687,37536,artists_loft,
7824,42687,37536,art_gallery,
7825,42687,37560,museum/indoor,
7826,42687,37560,art_gallery,
7827,42687,37560,clean_room,
7828,42687,37560,art_studio,
7829,42687,37560,artists_loft,
7830,42687,37584,museum/indoor,
7831,42687,37584,clean_room,
7832,42687,37584,stage/indoor,
7833,42687,37584,art_gallery,
7834,42687,37584,music_studio,
7835,42687,37608,dressing_room,
7836,42687,37608,bow_window/indoor,
7837,42687,37608,dining_room,
7838,42687,37608,clean_room,
7839,42687,37608,office,
7840,42687,37632,museum/indoor,
7841,42687,37632,bow_window/indoor,
7842,42687,37632,archive,
7843,42687,37632,artists_loft,
7844,42687,37632,recreation_room,
7845,42687,37656,museum/indoor,
7846,42687,37656,music_studio,
7847,42687,37656,art_gallery,
7848,42687,37656,stage/indoor,
7849,42687,37656,television_studio,
7850,42687,37680,music_studio,
7851,42687,37680,stage/indoor,
7852,42687,37680,clean_room,
7853,42687,37680,museum/indoor,
7854,42687,37680,bow_window/indoor,
7855,42687,37704,dressing_room,
7856,42687,37704,archive,
7857,42687,37704,clean_room,
7858,42687,37704,museum/indoor,
7859,42687,37704,art_gallery,
7860,42687,37728,clean_room,
7861,42687,37728,dressing_room,
7862,42687,37728,museum/indoor,
7863,42687,37728,operating_room,
7864,42687,37728,shower,
7865,42687,37752,dressing_room,
7866,42687,37752,clean_room,
7867,42687,37752,shower,
7868,42687,37752,bathroom,
7869,42687,37752,art_gallery,
7870,42687,37776,clean_room,
7871,42687,37776,elevator/door,
7872,42687,37776,locker_room,
7873,42687,37776,museum/indoor,
7874,42687,37776,shower,
7875,42687,37800,clean_room,
7876,42687,37800,dressing_room,
7877,42687,37800,bow_window/indoor,
7878,42687,37800,closet,
7879,42687,37800,clothing_store,
7880,42687,37824,bow_window/indoor,
7881,42687,37824,elevator/door,
7882,42687,37824,closet,
7883,42687,37824,corridor,
7884,42687,37824,staircase,
7885,42687,37848,bow_window/indoor,
7886,42687,37848,elevator/door,
7887,42687,37848,clean_room,
7888,42687,37848,jail_cell,
7889,42687,37848,staircase,
7890,42687,37872,clean_room,
7891,42687,37872,bow_window/indoor,
7892,42687,37872,corridor,
7893,42687,37872,entrance_hall,
7894,42687,37872,dressing_room,
7895,42687,37896,clean_room,
7896,42687,37896,corridor,
7897,42687,37896,entrance_hall,
7898,42687,37896,bow_window/indoor,
7899,42687,37896,elevator/door,
7900,42687,37920,staircase,
7901,42687,37920,clean_room,
7902,42687,37920,entrance_hall,
7903,42687,37920,corridor,
7904,42687,37920,museum/indoor,
7905,42687,37944,dressing_room,
7906,42687,37944,clean_room,
7907,42687,37944,museum/indoor,
7908,42687,37944,archive,
7909,42687,37944,music_studio,
7910,42687,37968,dressing_room,
7911,42687,37968,clean_room,
7912,42687,37968,discotheque,
7913,42687,37968,stage/indoor,
7914,42687,37968,music_studio,
7915,42687,37992,dressing_room,
7916,42687,37992,stage/indoor,
7917,42687,37992,clean_room,
7918,42687,37992,music_studio,
7919,42687,37992,discotheque,
7920,42687,38016,staircase,
7921,42687,38016,entrance_hall,
7922,42687,38016,mezzanine,
7923,42687,38016,corridor,
7924,42687,38016,artists_loft,
7925,42687,38040,staircase,
7926,42687,38040,entrance_hall,
7927,42687,38040,mezzanine,
7928,42687,38040,artists_loft,
7929,42687,38040,corridor,
7930,42687,38064,staircase,
7931,42687,38064,entrance_hall,
7932,42687,38064,mezzanine,
7933,42687,38064,artists_loft,
7934,42687,38064,corridor,
7935,42687,38088,staircase,
7936,42687,38088,entrance_hall,
7937,42687,38088,mezzanine,
7938,42687,38088,artists_loft,
7939,42687,38088,corridor,
7940,42687,38112,staircase,
7941,42687,38112,entrance_hall,
7942,42687,38112,mezzanine,
7943,42687,38112,artists_loft,
7944,42687,38112,corridor,
7945,42687,38136,staircase,
7946,42687,38136,entrance_hall,
7947,42687,38136,mezzanine,
7948,42687,38136,artists_loft,
7949,42687,38136,corridor,
7950,42687,38160,dressing_room,
7951,42687,38160,clean_room,
7952,42687,38160,clothing_store,
7953,42687,38160,art_gallery,
7954,42687,38160,museum/indoor,
7955,42687,38184,clean_room,
7956,42687,38184,dressing_room,
7957,42687,38184,clothing_store,
7958,42687,38184,museum/indoor,
7959,42687,38184,art_gallery,
7960,42687,38208,clean_room,
7961,42687,38208,clothing_store,
7962,42687,38208,dressing_room,
7963,42687,38208,museum/indoor,
7964,42687,38208,art_gallery,
7965,42687,38232,staircase,
7966,42687,38232,entrance_hall,
7967,42687,38232,mezzanine,
7968,42687,38232,artists_loft,
7969,42687,38232,corridor,
7970,42687,38256,staircase,
7971,42687,38256,entrance_hall,
7972,42687,38256,mezzanine,
7973,42687,38256,artists_loft,
7974,42687,38256,corridor,
7975,42687,38280,staircase,
7976,42687,38280,entrance_hall,
7977,42687,38280,mezzanine,
7978,42687,38280,corridor,
7979,42687,38280,basement,
7980,42687,38304,staircase,
7981,42687,38304,entrance_hall,
7982,42687,38304,mezzanine,
7983,42687,38304,corridor,
7984,42687,38304,artists_loft,
7985,42687,38328,clean_room,
7986,42687,38328,chemistry_lab,
7987,42687,38328,dressing_room,
7988,42687,38328,hospital_room,
7989,42687,38328,operating_room,
7990,42687,38352,clean_room,
7991,42687,38352,dressing_room,
7992,42687,38352,museum/indoor,
7993,42687,38352,martial_arts_gym,
7994,42687,38352,art_gallery,
7995,42687,38376,clean_room,
7996,42687,38376,dressing_room,
7997,42687,38376,museum/indoor,
7998,42687,38376,archive,
7999,42687,38376,beauty_salon,
8000,42687,38400,clean_room,
8001,42687,38400,dressing_room,
8002,42687,38400,museum/indoor,
8003,42687,38400,art_gallery,
8004,42687,38400,corridor,
8005,42687,38424,dressing_room,
8006,42687,38424,clean_room,
8007,42687,38424,museum/indoor,
8008,42687,38424,beauty_salon,
8009,42687,38424,nursing_home,
8010,42687,38448,dressing_room,
8011,42687,38448,clean_room,
8012,42687,38448,museum/indoor,
8013,42687,38448,beauty_salon,
8014,42687,38448,nursing_home,
8015,42687,38472,dressing_room,
8016,42687,38472,clean_room,
8017,42687,38472,museum/indoor,
8018,42687,38472,nursing_home,
8019,42687,38472,beauty_salon,
8020,42687,38496,dressing_room,
8021,42687,38496,clean_room,
8022,42687,38496,museum/indoor,
8023,42687,38496,music_studio,
8024,42687,38496,beauty_salon,
8025,42687,38520,dressing_room,
8026,42687,38520,clean_room,
8027,42687,38520,nursing_home,
8028,42687,38520,music_studio,
8029,42687,38520,beauty_salon,
8030,42687,38544,dressing_room,
8031,42687,38544,clean_room,
8032,42687,38544,locker_room,
8033,42687,38544,art_gallery,
8034,42687,38544,museum/indoor,
8035,42687,38568,dressing_room,
8036,42687,38568,clean_room,
8037,42687,38568,locker_room,
8038,42687,38568,museum/indoor,
8039,42687,38568,art_gallery,
8040,42687,38592,dressing_room,
8041,42687,38592,clean_room,
8042,42687,38592,museum/indoor,
8043,42687,38592,art_gallery,
8044,42687,38592,clothing_store,
8045,42687,38616,dressing_room,
8046,42687,38616,clean_room,
8047,42687,38616,museum/indoor,
8048,42687,38616,art_gallery,
8049,42687,38616,ballroom,
8050,42687,38640,dressing_room,
8051,42687,38640,clean_room,
8052,42687,38640,museum/indoor,
8053,42687,38640,art_gallery,
8054,42687,38640,clothing_store,
8055,42687,38664,dressing_room,
8056,42687,38664,clean_room,
8057,42687,38664,music_studio,
8058,42687,38664,nursing_home,
8059,42687,38664,museum/indoor,
8060,42687,38688,dressing_room,
8061,42687,38688,ballroom,
8062,42687,38688,nursing_home,
8063,42687,38688,music_studio,
8064,42687,38688,clean_room,
8065,42687,38712,dressing_room,
8066,42687,38712,museum/indoor,
8067,42687,38712,clean_room,
8068,42687,38712,music_studio,
8069,42687,38712,ballroom,
8070,42687,38736,dressing_room,
8071,42687,38736,museum/indoor,
8072,42687,38736,music_studio,
8073,42687,38736,ballroom,
8074,42687,38736,stage/indoor,
8075,42687,38760,dressing_room,
8076,42687,38760,music_studio,
8077,42687,38760,stage/indoor,
8078,42687,38760,ballroom,
8079,42687,38760,clean_room,
8080,42687,38784,dressing_room,
8081,42687,38784,clean_room,
8082,42687,38784,music_studio,
8083,42687,38784,nursing_home,
8084,42687,38784,museum/indoor,
8085,42687,38808,dressing_room,
8086,42687,38808,clean_room,
8087,42687,38808,nursing_home,
8088,42687,38808,museum/indoor,
8089,42687,38808,music_studio,
8090,42687,38832,dressing_room,
8091,42687,38832,clean_room,
8092,42687,38832,museum/indoor,
8093,42687,38832,music_studio,
8094,42687,38832,nursing_home,
8095,42687,38856,dressing_room,
8096,42687,38856,locker_room,
8097,42687,38856,clothing_store,
8098,42687,38856,clean_room,
8099,42687,38856,closet,
8100,42687,38880,dressing_room,
8101,42687,38880,clean_room,
8102,42687,38880,clothing_store,
8103,42687,38880,locker_room,
8104,42687,38880,closet,
8105,42687,38904,dressing_room,
8106,42687,38904,clothing_store,
8107,42687,38904,clean_room,
8108,42687,38904,locker_room,
8109,42687,38904,closet,
8110,42687,38928,dressing_room,
8111,42687,38928,locker_room,
8112,42687,38928,clean_room,
8113,42687,38928,clothing_store,
8114,42687,38928,nursery,
8115,42687,38952,dressing_room,
8116,42687,38952,clothing_store,
8117,42687,38952,locker_room,
8118,42687,38952,clean_room,
8119,42687,38952,nursery,
8120,42687,38976,dressing_room,
8121,42687,38976,clothing_store,
8122,42687,38976,clean_room,
8123,42687,38976,locker_room,
8124,42687,38976,beauty_salon,
8125,42687,39000,dressing_room,
8126,42687,39000,clothing_store,
8127,42687,39000,clean_room,
8128,42687,39000,locker_room,
8129,42687,39000,closet,
8130,42687,39024,dressing_room,
8131,42687,39024,clothing_store,
8132,42687,39024,locker_room,
8133,42687,39024,clean_room,
8134,42687,39024,beauty_salon,
8135,42687,39048,dressing_room,
8136,42687,39048,clean_room,
8137,42687,39048,ballroom,
8138,42687,39048,music_studio,
8139,42687,39048,nursing_home,
8140,42687,39072,dressing_room,
8141,42687,39072,clean_room,
8142,42687,39072,music_studio,
8143,42687,39072,ballroom,
8144,42687,39072,stage/indoor,
8145,42687,39096,dressing_room,
8146,42687,39096,clean_room,
8147,42687,39096,music_studio,
8148,42687,39096,stage/indoor,
8149,42687,39096,nursing_home,
8150,42687,39120,dressing_room,
8151,42687,39120,clean_room,
8152,42687,39120,music_studio,
8153,42687,39120,nursing_home,
8154,42687,39120,beauty_salon,
8155,42687,39144,dressing_room,
8156,42687,39144,clean_room,
8157,42687,39144,music_studio,
8158,42687,39144,museum/indoor,
8159,42687,39144,ballroom,
8160,42687,39168,dressing_room,
8161,42687,39168,clean_room,
8162,42687,39168,music_studio,
8163,42687,39168,nursing_home,
8164,42687,39168,beauty_salon,
8165,42687,39192,dressing_room,
8166,42687,39192,clean_room,
8167,42687,39192,nursing_home,
8168,42687,39192,ballroom,
8169,42687,39192,museum/indoor,
8170,42687,39216,dressing_room,
8171,42687,39216,clean_room,
8172,42687,39216,nursing_home,
8173,42687,39216,hospital_room,
8174,42687,39216,beauty_salon,
8175,42687,39240,dressing_room,
8176,42687,39240,clean_room,
8177,42687,39240,nursing_home,
8178,42687,39240,hospital_room,
8179,42687,39240,beauty_salon,
8180,42687,39264,dressing_room,
8181,42687,39264,clean_room,
8182,42687,39264,nursing_home,
8183,42687,39264,music_studio,
8184,42687,39264,hospital_room,
8185,42687,39288,dressing_room,
8186,42687,39288,locker_room,
8187,42687,39288,shower,
8188,42687,39288,clothing_store,
8189,42687,39288,beauty_salon,
8190,42687,39312,dressing_room,
8191,42687,39312,locker_room,
8192,42687,39312,clean_room,
8193,42687,39312,clothing_store,
8194,42687,39312,beauty_salon,
8195,42687,39336,dressing_room,
8196,42687,39336,clothing_store,
8197,42687,39336,clean_room,
8198,42687,39336,beauty_salon,
8199,42687,39336,locker_room,
8200,42687,39360,dressing_room,
8201,42687,39360,locker_room,
8202,42687,39360,clean_room,
8203,42687,39360,clothing_store,
8204,42687,39360,beauty_salon,
8205,42687,39384,dressing_room,
8206,42687,39384,clean_room,
8207,42687,39384,museum/indoor,
8208,42687,39384,art_gallery,
8209,42687,39384,clothing_store,
8210,42687,39408,dressing_room,
8211,42687,39408,clean_room,
8212,42687,39408,museum/indoor,
8213,42687,39408,art_gallery,
8214,42687,39408,locker_room,
8215,42687,39432,dressing_room,
8216,42687,39432,clean_room,
8217,42687,39432,museum/indoor,
8218,42687,39432,art_gallery,
8219,42687,39432,locker_room,
8220,42687,39456,dressing_room,
8221,42687,39456,clean_room,
8222,42687,39456,museum/indoor,
8223,42687,39456,locker_room,
8224,42687,39456,art_gallery,
8225,42687,39480,dressing_room,
8226,42687,39480,clean_room,
8227,42687,39480,discotheque,
8228,42687,39480,nursing_home,
8229,42687,39480,martial_arts_gym,
8230,42687,39504,dressing_room,
8231,42687,39504,clean_room,
8232,42687,39504,discotheque,
8233,42687,39504,nursing_home,
8234,42687,39504,martial_arts_gym,
8235,42687,39528,dressing_room,
8236,42687,39528,clean_room,
8237,42687,39528,discotheque,
8238,42687,39528,nursing_home,
8239,42687,39528,operating_room,
8240,42687,39552,dressing_room,
8241,42687,39552,clean_room,
8242,42687,39552,locker_room,
8243,42687,39552,museum/indoor,
8244,42687,39552,art_gallery,
8245,42687,39576,dressing_room,
8246,42687,39576,clean_room,
8247,42687,39576,locker_room,
8248,42687,39576,museum/indoor,
8249,42687,39576,art_gallery,
8250,42687,39600,dressing_room,
8251,42687,39600,clean_room,
8252,42687,39600,museum/indoor,
8253,42687,39600,locker_room,
8254,42687,39600,art_gallery,
8255,42687,39624,dressing_room,
8256,42687,39624,clean_room,
8257,42687,39624,museum/indoor,
8258,42687,39624,locker_room,
8259,42687,39624,art_gallery,
8260,42687,39648,dressing_room,
8261,42687,39648,clean_room,
8262,42687,39648,locker_room,
8263,42687,39648,museum/indoor,
8264,42687,39648,art_gallery,
8265,42687,39672,dressing_room,
8266,42687,39672,clean_room,
8267,42687,39672,locker_room,
8268,42687,39672,museum/indoor,
8269,42687,39672,art_gallery,
8270,42687,39696,dressing_room,
8271,42687,39696,clean_room,
8272,42687,39696,locker_room,
8273,42687,39696,museum/indoor,
8274,42687,39696,art_gallery,
8275,42687,39720,dressing_room,
8276,42687,39720,clean_room,
8277,42687,39720,locker_room,
8278,42687,39720,museum/indoor,
8279,42687,39720,art_gallery,
8280,42687,39744,dressing_room,
8281,42687,39744,clean_room,
8282,42687,39744,locker_room,
8283,42687,39744,beauty_salon,
8284,42687,39744,nursery,
8285,42687,39768,dressing_room,
8286,42687,39768,clean_room,
8287,42687,39768,locker_room,
8288,42687,39768,museum/indoor,
8289,42687,39768,art_gallery,
8290,42687,39792,dressing_room,
8291,42687,39792,clean_room,
8292,42687,39792,museum/indoor,
8293,42687,39792,locker_room,
8294,42687,39792,art_gallery,
8295,42687,39816,dressing_room,
8296,42687,39816,clean_room,
8297,42687,39816,museum/indoor,
8298,42687,39816,art_gallery,
8299,42687,39816,locker_room,
8300,42687,39840,dressing_room,
8301,42687,39840,clean_room,
8302,42687,39840,discotheque,
8303,42687,39840,stage/indoor,
8304,42687,39840,nursing_home,
8305,42687,39864,clean_room,
8306,42687,39864,dressing_room,
8307,42687,39864,discotheque,
8308,42687,39864,nursing_home,
8309,42687,39864,operating_room,
8310,42687,39888,dressing_room,
8311,42687,39888,clean_room,
8312,42687,39888,discotheque,
8313,42687,39888,stage/indoor,
8314,42687,39888,nursing_home,
8315,42687,39912,dressing_room,
8316,42687,39912,clean_room,
8317,42687,39912,discotheque,
8318,42687,39912,nursing_home,
8319,42687,39912,stage/indoor,
8320,42687,39936,dressing_room,
8321,42687,39936,clean_room,
8322,42687,39936,locker_room,
8323,42687,39936,museum/indoor,
8324,42687,39936,clothing_store,
8325,42687,39960,dressing_room,
8326,42687,39960,clean_room,
8327,42687,39960,locker_room,
8328,42687,39960,museum/indoor,
8329,42687,39960,clothing_store,
8330,42687,39984,dressing_room,
8331,42687,39984,clean_room,
8332,42687,39984,locker_room,
8333,42687,39984,museum/indoor,
8334,42687,39984,clothing_store,
8335,42687,40008,dressing_room,
8336,42687,40008,clean_room,
8337,42687,40008,museum/indoor,
8338,42687,40008,locker_room,
8339,42687,40008,art_gallery,
8340,42687,40032,dressing_room,
8341,42687,40032,clean_room,
8342,42687,40032,museum/indoor,
8343,42687,40032,art_gallery,
8344,42687,40032,locker_room,
8345,42687,40056,dressing_room,
8346,42687,40056,clean_room,
8347,42687,40056,locker_room,
8348,42687,40056,museum/indoor,
8349,42687,40056,art_gallery,
8350,42687,40080,dressing_room,
8351,42687,40080,clean_room,
8352,42687,40080,museum/indoor,
8353,42687,40080,locker_room,
8354,42687,40080,art_gallery,
8355,42687,40104,dressing_room,
8356,42687,40104,clean_room,
8357,42687,40104,locker_room,
8358,42687,40104,museum/indoor,
8359,42687,40104,art_gallery,
8360,42687,40128,dressing_room,
8361,42687,40128,clean_room,
8362,42687,40128,locker_room,
8363,42687,40128,museum/indoor,
8364,42687,40128,art_gallery,
8365,42687,40152,dressing_room,
8366,42687,40152,clean_room,
8367,42687,40152,locker_room,
8368,42687,40152,art_gallery,
8369,42687,40152,museum/indoor,
8370,42687,40176,dressing_room,
8371,42687,40176,discotheque,
8372,42687,40176,clean_room,
8373,42687,40176,stage/indoor,
8374,42687,40176,music_studio,
8375,42687,40200,dressing_room,
8376,42687,40200,clean_room,
8377,42687,40200,discotheque,
8378,42687,40200,stage/indoor,
8379,42687,40200,museum/indoor,
8380,42687,40224,clean_room,
8381,42687,40224,dressing_room,
8382,42687,40224,discotheque,
8383,42687,40224,operating_room,
8384,42687,40224,hospital_room,
8385,42687,40248,dressing_room,
8386,42687,40248,clean_room,
8387,42687,40248,museum/indoor,
8388,42687,40248,discotheque,
8389,42687,40248,martial_arts_gym,
8390,42687,40272,dressing_room,
8391,42687,40272,clean_room,
8392,42687,40272,discotheque,
8393,42687,40272,museum/indoor,
8394,42687,40272,nursing_home,
8395,42687,40296,dressing_room,
8396,42687,40296,clean_room,
8397,42687,40296,museum/indoor,
8398,42687,40296,art_gallery,
8399,42687,40296,locker_room,
8400,42687,40320,dressing_room,
8401,42687,40320,clean_room,
8402,42687,40320,locker_room,
8403,42687,40320,museum/indoor,
8404,42687,40320,art_gallery,
8405,42687,40344,dressing_room,
8406,42687,40344,clean_room,
8407,42687,40344,museum/indoor,
8408,42687,40344,art_gallery,
8409,42687,40344,locker_room,
8410,42687,40368,dressing_room,
8411,42687,40368,clean_room,
8412,42687,40368,locker_room,
8413,42687,40368,beauty_salon,
8414,42687,40368,martial_arts_gym,
8415,42687,40392,dressing_room,
8416,42687,40392,locker_room,
8417,42687,40392,clean_room,
8418,42687,40392,art_gallery,
8419,42687,40392,museum/indoor,
8420,42687,40416,dressing_room,
8421,42687,40416,clean_room,
8422,42687,40416,locker_room,
8423,42687,40416,art_gallery,
8424,42687,40416,discotheque,
8425,42687,40440,dressing_room,
8426,42687,40440,clean_room,
8427,42687,40440,locker_room,
8428,42687,40440,discotheque,
8429,42687,40440,art_gallery,
8430,42687,40464,dressing_room,
8431,42687,40464,clean_room,
8432,42687,40464,locker_room,
8433,42687,40464,art_gallery,
8434,42687,40464,museum/indoor,
8435,42687,40488,dressing_room,
8436,42687,40488,clean_room,
8437,42687,40488,locker_room,
8438,42687,40488,museum/indoor,
8439,42687,40488,art_gallery,
8440,42687,40512,dressing_room,
8441,42687,40512,clean_room,
8442,42687,40512,locker_room,
8443,42687,40512,museum/indoor,
8444,42687,40512,art_gallery,
8445,42687,40536,dressing_room,
8446,42687,40536,clean_room,
8447,42687,40536,locker_room,
8448,42687,40536,beauty_salon,
8449,42687,40536,museum/indoor,
8450,42687,40560,dressing_room,
8451,42687,40560,clean_room,
8452,42687,40560,museum/indoor,
8453,42687,40560,locker_room,
8454,42687,40560,art_gallery,
8455,42687,40584,dressing_room,
8456,42687,40584,clean_room,
8457,42687,40584,museum/indoor,
8458,42687,40584,art_gallery,
8459,42687,40584,martial_arts_gym,
8460,42687,40608,dressing_room,
8461,42687,40608,museum/indoor,
8462,42687,40608,clean_room,
8463,42687,40608,art_gallery,
8464,42687,40608,discotheque,
8465,42687,40632,dressing_room,
8466,42687,40632,clean_room,
8467,42687,40632,museum/indoor,
8468,42687,40632,art_gallery,
8469,42687,40632,discotheque,
8470,42687,40656,dressing_room,
8471,42687,40656,museum/indoor,
8472,42687,40656,clean_room,
8473,42687,40656,art_gallery,
8474,42687,40656,nursing_home,
8475,42687,40680,dressing_room,
8476,42687,40680,clean_room,
8477,42687,40680,museum/indoor,
8478,42687,40680,art_gallery,
8479,42687,40680,stage/indoor,
8480,42687,40704,dressing_room,
8481,42687,40704,clean_room,
8482,42687,40704,museum/indoor,
8483,42687,40704,art_gallery,
8484,42687,40704,nursing_home,
8485,42687,40728,dressing_room,
8486,42687,40728,clean_room,
8487,42687,40728,museum/indoor,
8488,42687,40728,art_gallery,
8489,42687,40728,nursing_home,
8490,42687,40752,dressing_room,
8491,42687,40752,discotheque,
8492,42687,40752,clean_room,
8493,42687,40752,music_studio,
8494,42687,40752,stage/indoor,
8495,42687,40776,clean_room,
8496,42687,40776,dressing_room,
8497,42687,40776,discotheque,
8498,42687,40776,archive,
8499,42687,40776,locker_room,
8500,42687,40800,staircase,
8501,42687,40800,escalator/indoor,
8502,42687,40800,archive,
8503,42687,40800,elevator/door,
8504,42687,40800,corridor,
8505,42687,40824,staircase,
8506,42687,40824,corridor,
8507,42687,40824,entrance_hall,
8508,42687,40824,escalator/indoor,
8509,42687,40824,elevator/door,
8510,42687,40848,staircase,
8511,42687,40848,entrance_hall,
8512,42687,40848,corridor,
8513,42687,40848,artists_loft,
8514,42687,40848,mezzanine,
8515,42687,40872,dressing_room,
8516,42687,40872,clean_room,
8517,42687,40872,nursery,
8518,42687,40872,museum/indoor,
8519,42687,40872,art_gallery,
8520,42687,40896,dressing_room,
8521,42687,40896,clean_room,
8522,42687,40896,art_gallery,
8523,42687,40896,locker_room,
8524,42687,40896,clothing_store,
8525,42687,40920,dressing_room,
8526,42687,40920,clean_room,
8527,42687,40920,locker_room,
8528,42687,40920,museum/indoor,
8529,42687,40920,art_gallery,
8530,42687,40944,dressing_room,
8531,42687,40944,clean_room,
8532,42687,40944,art_gallery,
8533,42687,40944,museum/indoor,
8534,42687,40944,clothing_store,
8535,42687,40968,dressing_room,
8536,42687,40968,clean_room,
8537,42687,40968,museum/indoor,
8538,42687,40968,art_gallery,
8539,42687,40968,locker_room,
8540,42687,40992,dressing_room,
8541,42687,40992,clean_room,
8542,42687,40992,locker_room,
8543,42687,40992,museum/indoor,
8544,42687,40992,beauty_salon,
8545,42687,41016,dressing_room,
8546,42687,41016,clean_room,
8547,42687,41016,locker_room,
8548,42687,41016,museum/indoor,
8549,42687,41016,art_gallery,
8550,42687,41040,dressing_room,
8551,42687,41040,clean_room,
8552,42687,41040,locker_room,
8553,42687,41040,art_gallery,
8554,42687,41040,beauty_salon,
8555,42687,41064,dressing_room,
8556,42687,41064,clean_room,
8557,42687,41064,museum/indoor,
8558,42687,41064,art_gallery,
8559,42687,41064,locker_room,
8560,42687,41088,dressing_room,
8561,42687,41088,clean_room,
8562,42687,41088,museum/indoor,
8563,42687,41088,locker_room,
8564,42687,41088,art_gallery,
8565,42687,41112,dressing_room,
8566,42687,41112,clean_room,
8567,42687,41112,museum/indoor,
8568,42687,41112,art_gallery,
8569,42687,41112,locker_room,
8570,42687,41136,dressing_room,
8571,42687,41136,clean_room,
8572,42687,41136,museum/indoor,
8573,42687,41136,art_gallery,
8574,42687,41136,beauty_salon,
8575,42687,41160,dressing_room,
8576,42687,41160,clean_room,
8577,42687,41160,museum/indoor,
8578,42687,41160,art_gallery,
8579,42687,41160,clothing_store,
8580,42687,41184,dressing_room,
8581,42687,41184,clean_room,
8582,42687,41184,museum/indoor,
8583,42687,41184,art_gallery,
8584,42687,41184,locker_room,
8585,42687,41208,dressing_room,
8586,42687,41208,clean_room,
8587,42687,41208,museum/indoor,
8588,42687,41208,art_gallery,
8589,42687,41208,locker_room,
8590,42687,41232,dressing_room,
8591,42687,41232,clean_room,
8592,42687,41232,locker_room,
8593,42687,41232,museum/indoor,
8594,42687,41232,art_gallery,
8595,42687,41256,dressing_room,
8596,42687,41256,clean_room,
8597,42687,41256,discotheque,
8598,42687,41256,locker_room,
8599,42687,41256,beauty_salon,
8600,42687,41280,dressing_room,
8601,42687,41280,clean_room,
8602,42687,41280,discotheque,
8603,42687,41280,locker_room,
8604,42687,41280,beauty_salon,
8605,42687,41304,dressing_room,
8606,42687,41304,clean_room,
8607,42687,41304,operating_room,
8608,42687,41304,museum/indoor,
8609,42687,41304,discotheque,
8610,42687,41328,clean_room,
8611,42687,41328,dressing_room,
8612,42687,41328,discotheque,
8613,42687,41328,stage/indoor,
8614,42687,41328,operating_room,
8615,42687,41352,dressing_room,
8616,42687,41352,clean_room,
8617,42687,41352,discotheque,
8618,42687,41352,ballroom,
8619,42687,41352,beauty_salon,
8620,42687,41376,clean_room,
8621,42687,41376,dressing_room,
8622,42687,41376,hospital_room,
8623,42687,41376,beauty_salon,
8624,42687,41376,discotheque,
8625,42687,41400,dressing_room,
8626,42687,41400,clean_room,
8627,42687,41400,hospital_room,
8628,42687,41400,beauty_salon,
8629,42687,41400,operating_room,
8630,42687,41424,dressing_room,
8631,42687,41424,clean_room,
8632,42687,41424,discotheque,
8633,42687,41424,locker_room,
8634,42687,41424,ballroom,
8635,42687,41448,dressing_room,
8636,42687,41448,clean_room,
8637,42687,41448,locker_room,
8638,42687,41448,beauty_salon,
8639,42687,41448,discotheque,
8640,42687,41472,dressing_room,
8641,42687,41472,clean_room,
8642,42687,41472,beauty_salon,
8643,42687,41472,locker_room,
8644,42687,41472,discotheque,
8645,42687,41496,dressing_room,
8646,42687,41496,clean_room,
8647,42687,41496,beauty_salon,
8648,42687,41496,locker_room,
8649,42687,41496,discotheque,
8650,42687,41520,dressing_room,
8651,42687,41520,clean_room,
8652,42687,41520,locker_room,
8653,42687,41520,discotheque,
8654,42687,41520,beauty_salon,
8655,42687,41544,dressing_room,
8656,42687,41544,clean_room,
8657,42687,41544,discotheque,
8658,42687,41544,beauty_salon,
8659,42687,41544,ballroom,
8660,42687,41568,dressing_room,
8661,42687,41568,clean_room,
8662,42687,41568,beauty_salon,
8663,42687,41568,ballroom,
8664,42687,41568,locker_room,
8665,42687,41592,dressing_room,
8666,42687,41592,clean_room,
8667,42687,41592,corridor,
8668,42687,41592,locker_room,
8669,42687,41592,hospital_room,
8670,42687,41616,dressing_room,
8671,42687,41616,clean_room,
8672,42687,41616,corridor,
8673,42687,41616,locker_room,
8674,42687,41616,elevator/door,
8675,42687,41640,dressing_room,
8676,42687,41640,clean_room,
8677,42687,41640,corridor,
8678,42687,41640,martial_arts_gym,
8679,42687,41640,locker_room,
8680,42687,41664,clean_room,
8681,42687,41664,dressing_room,
8682,42687,41664,ballroom,
8683,42687,41664,corridor,
8684,42687,41664,locker_room,
8685,42687,41688,dressing_room,
8686,42687,41688,clean_room,
8687,42687,41688,music_studio,
8688,42687,41688,corridor,
8689,42687,41688,locker_room,
8690,42687,41712,dressing_room,
8691,42687,41712,clean_room,
8692,42687,41712,sauna,
8693,42687,41712,locker_room,
8694,42687,41712,corridor,
8695,42687,41736,dressing_room,
8696,42687,41736,clean_room,
8697,42687,41736,locker_room,
8698,42687,41736,nursery,
8699,42687,41736,closet,
8700,42687,41760,dressing_room,
8701,42687,41760,clean_room,
8702,42687,41760,corridor,
8703,42687,41760,closet,
8704,42687,41760,art_gallery,
8705,42687,41784,dressing_room,
8706,42687,41784,clean_room,
8707,42687,41784,locker_room,
8708,42687,41784,art_gallery,
8709,42687,41784,operating_room,
8710,42687,41808,dressing_room,
8711,42687,41808,clean_room,
8712,42687,41808,corridor,
8713,42687,41808,art_gallery,
8714,42687,41808,locker_room,
8715,42687,41832,dressing_room,
8716,42687,41832,clean_room,
8717,42687,41832,locker_room,
8718,42687,41832,art_gallery,
8719,42687,41832,corridor,
8720,42687,41856,dressing_room,
8721,42687,41856,clean_room,
8722,42687,41856,locker_room,
8723,42687,41856,art_gallery,
8724,42687,41856,corridor,
8725,42687,41880,dressing_room,
8726,42687,41880,clean_room,
8727,42687,41880,locker_room,
8728,42687,41880,art_gallery,
8729,42687,41880,corridor,
8730,42687,41904,dressing_room,
8731,42687,41904,clean_room,
8732,42687,41904,locker_room,
8733,42687,41904,art_gallery,
8734,42687,41904,museum/indoor,
8735,42687,41928,dressing_room,
8736,42687,41928,clean_room,
8737,42687,41928,art_gallery,
8738,42687,41928,locker_room,
8739,42687,41928,museum/indoor,
8740,42687,41952,dressing_room,
8741,42687,41952,clean_room,
8742,42687,41952,operating_room,
8743,42687,41952,corridor,
8744,42687,41952,locker_room,
8745,42687,41976,clean_room,
8746,42687,41976,dressing_room,
8747,42687,41976,staircase,
8748,42687,41976,music_studio,
8749,42687,41976,martial_arts_gym,
8750,42687,42000,staircase,
8751,42687,42000,entrance_hall,
8752,42687,42000,clean_room,
8753,42687,42000,dressing_room,
8754,42687,42000,mezzanine,
8755,42687,42024,staircase,
8756,42687,42024,entrance_hall,
8757,42687,42024,mezzanine,
8758,42687,42024,escalator/indoor,
8759,42687,42024,corridor,
8760,42687,42048,staircase,
8761,42687,42048,museum/indoor,
8762,42687,42048,nursery,
8763,42687,42048,art_gallery,
8764,42687,42048,corridor,
8765,42687,42072,museum/indoor,
8766,42687,42072,art_gallery,
8767,42687,42072,staircase,
8768,42687,42072,artists_loft,
8769,42687,42072,archive,
8770,42687,42096,museum/indoor,
8771,42687,42096,art_gallery,
8772,42687,42096,staircase,
8773,42687,42096,nursery,
8774,42687,42096,nursing_home,
8775,42687,42120,staircase,
8776,42687,42120,museum/indoor,
8777,42687,42120,art_gallery,
8778,42687,42120,nursery,
8779,42687,42120,corridor,
8780,42687,42144,staircase,
8781,42687,42144,nursery,
8782,42687,42144,museum/indoor,
8783,42687,42144,corridor,
8784,42687,42144,archive,
8785,42687,42168,staircase,
8786,42687,42168,mezzanine,
8787,42687,42168,corridor,
8788,42687,42168,balcony/interior,
8789,42687,42168,nursery,
8790,42687,42192,corridor,
8791,42687,42192,staircase,
8792,42687,42192,mezzanine,
8793,42687,42192,entrance_hall,
8794,42687,42192,atrium/public,
8795,42687,42216,corridor,
8796,42687,42216,staircase,
8797,42687,42216,mezzanine,
8798,42687,42216,nursery,
8799,42687,42216,entrance_hall,
8800,42687,42240,staircase,
8801,42687,42240,clean_room,
8802,42687,42240,museum/indoor,
8803,42687,42240,corridor,
8804,42687,42240,art_gallery,
8805,42687,42264,museum/indoor,
8806,42687,42264,clean_room,
8807,42687,42264,science_museum,
8808,42687,42264,art_gallery,
8809,42687,42264,arch,
8810,42687,42288,museum/indoor,
8811,42687,42288,clean_room,
8812,42687,42288,art_gallery,
8813,42687,42288,science_museum,
8814,42687,42288,beauty_salon,
8815,42687,42312,museum/indoor,
8816,42687,42312,clean_room,
8817,42687,42312,art_gallery,
8818,42687,42312,beauty_salon,
8819,42687,42312,science_museum,
8820,42687,42336,museum/indoor,
8821,42687,42336,clean_room,
8822,42687,42336,beauty_salon,
8823,42687,42336,art_gallery,
8824,42687,42336,science_museum,
8825,42687,42360,museum/indoor,
8826,42687,42360,clean_room,
8827,42687,42360,beauty_salon,
8828,42687,42360,art_gallery,
8829,42687,42360,bathroom,
8830,42687,42384,museum/indoor,
8831,42687,42384,clean_room,
8832,42687,42384,beauty_salon,
8833,42687,42384,art_gallery,
8834,42687,42384,science_museum,
8835,42687,42408,bedroom,
8836,42687,42408,hotel_room,
8837,42687,42408,dorm_room,
8838,42687,42408,dressing_room,
8839,42687,42408,hospital_room,
8840,42687,42432,bedroom,
8841,42687,42432,hotel_room,
8842,42687,42432,hospital_room,
8843,42687,42432,dorm_room,
8844,42687,42432,dressing_room,
8845,42687,42456,bedroom,
8846,42687,42456,hotel_room,
8847,42687,42456,hospital_room,
8848,42687,42456,dorm_room,
8849,42687,42456,dressing_room,
8850,42687,42480,bedroom,
8851,42687,42480,hotel_room,
8852,42687,42480,dressing_room,
8853,42687,42480,dorm_room,
8854,42687,42480,hospital_room,
8855,42687,42504,bedroom,
8856,42687,42504,dressing_room,
8857,42687,42504,hotel_room,
8858,42687,42504,dorm_room,
8859,42687,42504,hospital_room,
8860,42687,42528,bedroom,
8861,42687,42528,hotel_room,
8862,42687,42528,dressing_room,
8863,42687,42528,hospital_room,
8864,42687,42528,dorm_room,
8865,42687,42552,bedroom,
8866,42687,42552,hotel_room,
8867,42687,42552,dorm_room,
8868,42687,42552,hospital_room,
8869,42687,42552,dressing_room,
8870,42687,42576,bedroom,
8871,42687,42576,hotel_room,
8872,42687,42576,dorm_room,
8873,42687,42576,dressing_room,
8874,42687,42576,hospital_room,
8875,42687,42600,bedroom,
8876,42687,42600,hotel_room,
8877,42687,42600,dressing_room,
8878,42687,42600,dorm_room,
8879,42687,42600,hospital_room,
8880,42687,42624,bedroom,
8881,42687,42624,hotel_room,
8882,42687,42624,dressing_room,
8883,42687,42624,hospital_room,
8884,42687,42624,dorm_room,
8885,42687,42648,bedroom,
8886,42687,42648,hotel_room,
8887,42687,42648,dorm_room,
8888,42687,42648,dressing_room,
8889,42687,42648,hospital_room,
8890,42687,42672,bedroom,
8891,42687,42672,hotel_room,
8892,42687,42672,hospital_room,
8893,42687,42672,dorm_room,
8894,42687,42672,dressing_room,
8895,42687,42696,museum/indoor,
8896,42687,42696,clean_room,
8897,42687,42696,science_museum,
8898,42687,42696,art_gallery,
8899,42687,42696,beauty_salon,
8900,42687,42720,museum/indoor,
8901,42687,42720,art_gallery,
8902,42687,42720,art_studio,
8903,42687,42720,science_museum,
8904,42687,42720,art_school,
8905,42687,42744,museum/indoor,
8906,42687,42744,art_gallery,
8907,42687,42744,clean_room,
8908,42687,42744,science_museum,
8909,42687,42744,art_studio,
8910,42687,42768,clean_room,
8911,42687,42768,museum/indoor,
8912,42687,42768,art_gallery,
8913,42687,42768,beauty_salon,
8914,42687,42768,art_studio,
8915,42687,42792,museum/indoor,
8916,42687,42792,art_gallery,
8917,42687,42792,clean_room,
8918,42687,42792,arch,
8919,42687,42792,office,
8920,42687,42816,museum/indoor,
8921,42687,42816,art_gallery,
8922,42687,42816,skyscraper,
8923,42687,42816,shower,
8924,42687,42816,art_studio,
8925,42687,42840,museum/indoor,
8926,42687,42840,science_museum,
8927,42687,42840,art_gallery,
8928,42687,42840,chemistry_lab,
8929,42687,42840,art_studio,
8930,42687,42864,museum/indoor,
8931,42687,42864,art_gallery,
8932,42687,42864,art_studio,
8933,42687,42864,clean_room,
8934,42687,42864,classroom,
8935,42687,42888,sauna,
8936,42687,42888,dressing_room,
8937,42687,42888,museum/indoor,
8938,42687,42888,bathroom,
8939,42687,42888,hotel_room,
8940,42687,42912,dressing_room,
8941,42687,42912,sauna,
8942,42687,42912,bedroom,
8943,42687,42912,hotel_room,
8944,42687,42912,hospital_room,
8945,42687,42936,dressing_room,
8946,42687,42936,hospital_room,
8947,42687,42936,hotel_room,
8948,42687,42936,bedroom,
8949,42687,42936,clean_room,
8950,42687,42960,dressing_room,
8951,42687,42960,museum/indoor,
8952,42687,42960,bedroom,
8953,42687,42960,hotel_room,
8954,42687,42960,hospital_room,
8955,42687,42984,dressing_room,
8956,42687,42984,bedroom,
8957,42687,42984,museum/indoor,
8958,42687,42984,hotel_room,
8959,42687,42984,hospital_room,
8960,42687,43008,dressing_room,
8961,42687,43008,bedroom,
8962,42687,43008,hotel_room,
8963,42687,43008,museum/indoor,
8964,42687,43008,hospital_room,
8965,42687,43032,dressing_room,
8966,42687,43032,hotel_room,
8967,42687,43032,museum/indoor,
8968,42687,43032,bedroom,
8969,42687,43032,sauna,
8970,42687,43056,dressing_room,
8971,42687,43056,bedroom,
8972,42687,43056,hotel_room,
8973,42687,43056,sauna,
8974,42687,43056,museum/indoor,
8975,42687,43080,dressing_room,
8976,42687,43080,bedroom,
8977,42687,43080,hotel_room,
8978,42687,43080,museum/indoor,
8979,42687,43080,hospital_room,
8980,42687,43104,dressing_room,
8981,42687,43104,museum/indoor,
8982,42687,43104,clean_room,
8983,42687,43104,bedroom,
8984,42687,43104,hospital_room,
8985,42687,43128,dressing_room,
8986,42687,43128,sauna,
8987,42687,43128,museum/indoor,
8988,42687,43128,hotel_room,
8989,42687,43128,bedroom,
8990,42687,43152,clean_room,
8991,42687,43152,dressing_room,
8992,42687,43152,hospital_room,
8993,42687,43152,operating_room,
8994,42687,43152,hotel_room,
8995,42687,43176,clean_room,
8996,42687,43176,dressing_room,
8997,42687,43176,hospital_room,
8998,42687,43176,operating_room,
8999,42687,43176,hotel_room,
9000,42687,43200,clean_room,
9001,42687,43200,dressing_room,
9002,42687,43200,hospital_room,
9003,42687,43200,operating_room,
9004,42687,43200,museum/indoor,
9005,42687,43224,clean_room,
9006,42687,43224,hospital_room,
9007,42687,43224,operating_room,
9008,42687,43224,dressing_room,
9009,42687,43224,hotel_room,
9010,42687,43248,hospital_room,
9011,42687,43248,clean_room,
9012,42687,43248,operating_room,
9013,42687,43248,dressing_room,
9014,42687,43248,hotel_room,
9015,42687,43272,clean_room,
9016,42687,43272,hospital_room,
9017,42687,43272,operating_room,
9018,42687,43272,dressing_room,
9019,42687,43272,hotel_room,
9020,42687,43296,clean_room,
9021,42687,43296,operating_room,
9022,42687,43296,hospital_room,
9023,42687,43296,dressing_room,
9024,42687,43296,hotel_room,
9025,42687,43320,clean_room,
9026,42687,43320,hospital_room,
9027,42687,43320,operating_room,
9028,42687,43320,dressing_room,
9029,42687,43320,nursing_home,
9030,42687,43344,dressing_room,
9031,42687,43344,clean_room,
9032,42687,43344,hospital_room,
9033,42687,43344,museum/indoor,
9034,42687,43344,beauty_salon,
9035,42687,43368,clean_room,
9036,42687,43368,hospital_room,
9037,42687,43368,dressing_room,
9038,42687,43368,operating_room,
9039,42687,43368,hotel_room,
9040,42687,43392,clean_room,
9041,42687,43392,hospital_room,
9042,42687,43392,dressing_room,
9043,42687,43392,operating_room,
9044,42687,43392,hotel_room,
9045,42687,43416,dressing_room,
9046,42687,43416,hotel_room,
9047,42687,43416,bedroom,
9048,42687,43416,hospital_room,
9049,42687,43416,clean_room,
9050,42687,43440,dressing_room,
9051,42687,43440,art_gallery,
9052,42687,43440,clean_room,
9053,42687,43440,museum/indoor,
9054,42687,43440,hospital_room,
9055,42687,43464,hospital_room,
9056,42687,43464,bedroom,
9057,42687,43464,clean_room,
9058,42687,43464,hotel_room,
9059,42687,43464,dressing_room,
9060,42687,43488,hospital_room,
9061,42687,43488,clean_room,
9062,42687,43488,hotel_room,
9063,42687,43488,bedroom,
9064,42687,43488,dressing_room,
9065,42687,43512,hospital_room,
9066,42687,43512,clean_room,
9067,42687,43512,dressing_room,
9068,42687,43512,hotel_room,
9069,42687,43512,bedroom,
9070,42687,43536,clean_room,
9071,42687,43536,hospital_room,
9072,42687,43536,hotel_room,
9073,42687,43536,dressing_room,
9074,42687,43536,operating_room,
9075,42687,43560,clean_room,
9076,42687,43560,hospital_room,
9077,42687,43560,dressing_room,
9078,42687,43560,hotel_room,
9079,42687,43560,bedroom,
9080,42687,43584,clean_room,
9081,42687,43584,dressing_room,
9082,42687,43584,hospital_room,
9083,42687,43584,museum/indoor,
9084,42687,43584,art_gallery,
9085,42687,43608,dressing_room,
9086,42687,43608,clean_room,
9087,42687,43608,art_gallery,
9088,42687,43608,museum/indoor,
9089,42687,43608,nursery,
9090,42687,43632,clean_room,
9091,42687,43632,dressing_room,
9092,42687,43632,museum/indoor,
9093,42687,43632,art_gallery,
9094,42687,43632,hospital_room,
9095,42687,43656,clean_room,
9096,42687,43656,dressing_room,
9097,42687,43656,hospital_room,
9098,42687,43656,museum/indoor,
9099,42687,43656,operating_room,
9100,42687,43680,clean_room,
9101,42687,43680,dressing_room,
9102,42687,43680,hospital_room,
9103,42687,43680,museum/indoor,
9104,42687,43680,operating_room,
9105,42687,43704,clean_room,
9106,42687,43704,dressing_room,
9107,42687,43704,museum/indoor,
9108,42687,43704,hospital_room,
9109,42687,43704,sauna,
9110,42687,43728,clean_room,
9111,42687,43728,hospital_room,
9112,42687,43728,operating_room,
9113,42687,43728,dressing_room,
9114,42687,43728,nursing_home,
9115,42687,43752,clean_room,
9116,42687,43752,hospital_room,
9117,42687,43752,operating_room,
9118,42687,43752,dressing_room,
9119,42687,43752,nursing_home,
9120,42687,43776,clean_room,
9121,42687,43776,hospital_room,
9122,42687,43776,operating_room,
9123,42687,43776,dressing_room,
9124,42687,43776,nursing_home,
9125,42687,43800,clean_room,
9126,42687,43800,hospital_room,
9127,42687,43800,operating_room,
9128,42687,43800,dressing_room,
9129,42687,43800,nursing_home,
9130,42687,43824,clean_room,
9131,42687,43824,dressing_room,
9132,42687,43824,hospital_room,
9133,42687,43824,hotel_room,
9134,42687,43824,operating_room,
9135,42687,43848,clean_room,
9136,42687,43848,dressing_room,
9137,42687,43848,hospital_room,
9138,42687,43848,hotel_room,
9139,42687,43848,bedroom,
9140,42687,43872,dressing_room,
9141,42687,43872,clean_room,
9142,42687,43872,bedroom,
9143,42687,43872,hospital_room,
9144,42687,43872,hotel_room,
9145,42687,43896,clean_room,
9146,42687,43896,dressing_room,
9147,42687,43896,hospital_room,
9148,42687,43896,operating_room,
9149,42687,43896,art_gallery,
9150,42687,43920,clean_room,
9151,42687,43920,dressing_room,
9152,42687,43920,hospital_room,
9153,42687,43920,operating_room,
9154,42687,43920,hotel_room,
9155,42687,43944,clean_room,
9156,42687,43944,dressing_room,
9157,42687,43944,hospital_room,
9158,42687,43944,operating_room,
9159,42687,43944,art_gallery,
9160,42687,43968,clean_room,
9161,42687,43968,dressing_room,
9162,42687,43968,hospital_room,
9163,42687,43968,bedroom,
9164,42687,43968,hotel_room,
9165,42687,43992,clean_room,
9166,42687,43992,hospital_room,
9167,42687,43992,dressing_room,
9168,42687,43992,operating_room,
9169,42687,43992,museum/indoor,
9170,42687,44016,clean_room,
9171,42687,44016,hospital_room,
9172,42687,44016,dressing_room,
9173,42687,44016,operating_room,
9174,42687,44016,nursery,
9175,42687,44040,dressing_room,
9176,42687,44040,clean_room,
9177,42687,44040,hospital_room,
9178,42687,44040,operating_room,
9179,42687,44040,museum/indoor,
9180,42687,44064,clean_room,
9181,42687,44064,hospital_room,
9182,42687,44064,operating_room,
9183,42687,44064,dressing_room,
9184,42687,44064,museum/indoor,
9185,42687,44088,clean_room,
9186,42687,44088,hospital_room,
9187,42687,44088,operating_room,
9188,42687,44088,dressing_room,
9189,42687,44088,nursing_home,
9190,42687,44112,clean_room,
9191,42687,44112,operating_room,
9192,42687,44112,hospital_room,
9193,42687,44112,dressing_room,
9194,42687,44112,nursing_home,
9195,42687,44136,clean_room,
9196,42687,44136,hospital_room,
9197,42687,44136,operating_room,
9198,42687,44136,dressing_room,
9199,42687,44136,nursing_home,
9200,42687,44160,clean_room,
9201,42687,44160,dressing_room,
9202,42687,44160,hotel_room,
9203,42687,44160,hospital_room,
9204,42687,44160,bedroom,
9205,42687,44184,clean_room,
9206,42687,44184,dressing_room,
9207,42687,44184,hospital_room,
9208,42687,44184,hotel_room,
9209,42687,44184,beauty_salon,
9210,42687,44208,clean_room,
9211,42687,44208,hospital_room,
9212,42687,44208,dressing_room,
9213,42687,44208,hotel_room,
9214,42687,44208,operating_room,
9215,42687,44232,clean_room,
9216,42687,44232,hotel_room,
9217,42687,44232,dressing_room,
9218,42687,44232,hospital_room,
9219,42687,44232,operating_room,
9220,42687,44256,clean_room,
9221,42687,44256,hotel_room,
9222,42687,44256,hospital_room,
9223,42687,44256,dressing_room,
9224,42687,44256,bedroom,
9225,42687,44280,clean_room,
9226,42687,44280,hospital_room,
9227,42687,44280,dressing_room,
9228,42687,44280,hotel_room,
9229,42687,44280,operating_room,
9230,42687,44304,clean_room,
9231,42687,44304,hospital_room,
9232,42687,44304,dressing_room,
9233,42687,44304,hotel_room,
9234,42687,44304,operating_room,
9235,42687,44328,clean_room,
9236,42687,44328,hospital_room,
9237,42687,44328,dressing_room,
9238,42687,44328,hotel_room,
9239,42687,44328,operating_room,
9240,42687,44352,clean_room,
9241,42687,44352,hospital_room,
9242,42687,44352,dressing_room,
9243,42687,44352,hotel_room,
9244,42687,44352,operating_room,
9245,42687,44376,dressing_room,
9246,42687,44376,art_gallery,
9247,42687,44376,bedroom,
9248,42687,44376,art_studio,
9249,42687,44376,museum/indoor,
9250,42687,44400,art_gallery,
9251,42687,44400,art_studio,
9252,42687,44400,museum/indoor,
9253,42687,44400,dressing_room,
9254,42687,44400,clean_room,
9255,42687,44424,clean_room,
9256,42687,44424,art_gallery,
9257,42687,44424,dressing_room,
9258,42687,44424,museum/indoor,
9259,42687,44424,nursery,
9260,42687,44448,art_gallery,
9261,42687,44448,museum/indoor,
9262,42687,44448,clean_room,
9263,42687,44448,dressing_room,
9264,42687,44448,artists_loft,
9265,42687,44472,clean_room,
9266,42687,44472,dressing_room,
9267,42687,44472,art_studio,
9268,42687,44472,art_gallery,
9269,42687,44472,museum/indoor,
9270,42687,44496,clean_room,
9271,42687,44496,art_gallery,
9272,42687,44496,dressing_room,
9273,42687,44496,museum/indoor,
9274,42687,44496,hospital_room,
9275,42687,44520,clean_room,
9276,42687,44520,artists_loft,
9277,42687,44520,art_gallery,
9278,42687,44520,museum/indoor,
9279,42687,44520,art_studio,
9280,42687,44544,clean_room,
9281,42687,44544,museum/indoor,
9282,42687,44544,art_gallery,
9283,42687,44544,artists_loft,
9284,42687,44544,dressing_room,
9285,42687,44568,alcove,
9286,42687,44568,clean_room,
9287,42687,44568,artists_loft,
9288,42687,44568,dressing_room,
9289,42687,44568,shower,
9290,42687,44592,alcove,
9291,42687,44592,shower,
9292,42687,44592,artists_loft,
9293,42687,44592,bathroom,
9294,42687,44592,closet,
9295,42687,44616,shower,
9296,42687,44616,bow_window/indoor,
9297,42687,44616,bathroom,
9298,42687,44616,clean_room,
9299,42687,44616,dressing_room,
9300,42687,44640,shower,
9301,42687,44640,bathroom,
9302,42687,44640,clean_room,
9303,42687,44640,dressing_room,
9304,42687,44640,chemistry_lab,
9305,42687,44664,shower,
9306,42687,44664,clean_room,
9307,42687,44664,bathroom,
9308,42687,44664,dressing_room,
9309,42687,44664,elevator/door,
9310,42687,44688,clean_room,
9311,42687,44688,shower,
9312,42687,44688,museum/indoor,
9313,42687,44688,dressing_room,
9314,42687,44688,bathroom,
9315,42687,44712,clean_room,
9316,42687,44712,shower,
9317,42687,44712,museum/indoor,
9318,42687,44712,chemistry_lab,
9319,42687,44712,art_gallery,
9320,42687,44736,clean_room,
9321,42687,44736,museum/indoor,
9322,42687,44736,shower,
9323,42687,44736,art_gallery,
9324,42687,44736,dressing_room,
9325,42687,44760,clean_room,
9326,42687,44760,museum/indoor,
9327,42687,44760,shower,
9328,42687,44760,art_gallery,
9329,42687,44760,dressing_room,
9330,42687,44784,museum/indoor,
9331,42687,44784,art_gallery,
9332,42687,44784,clean_room,
9333,42687,44784,natural_history_museum,
9334,42687,44784,science_museum,
9335,42687,44808,clean_room,
9336,42687,44808,iceberg,
9337,42687,44808,art_gallery,
9338,42687,44808,museum/indoor,
9339,42687,44808,operating_room,
9340,42687,44832,clean_room,
9341,42687,44832,hospital_room,
9342,42687,44832,operating_room,
9343,42687,44832,nursery,
9344,42687,44832,art_gallery,
9345,42687,44856,clean_room,
9346,42687,44856,nursery,
9347,42687,44856,sauna,
9348,42687,44856,dressing_room,
9349,42687,44856,shower,
9350,42687,44880,clean_room,
9351,42687,44880,operating_room,
9352,42687,44880,hospital_room,
9353,42687,44880,bedroom,
9354,42687,44880,nursery,
9355,42687,44904,clean_room,
9356,42687,44904,hospital_room,
9357,42687,44904,operating_room,
9358,42687,44904,bedroom,
9359,42687,44904,hotel_room,
9360,42687,44928,clean_room,
9361,42687,44928,shower,
9362,42687,44928,bedroom,
9363,42687,44928,nursery,
9364,42687,44928,hospital_room,
9365,42687,44952,clean_room,
9366,42687,44952,nursery,
9367,42687,44952,bedroom,
9368,42687,44952,hospital_room,
9369,42687,44952,operating_room,
9370,42687,44976,clean_room,
9371,42687,44976,bedroom,
9372,42687,44976,nursery,
9373,42687,44976,hotel_room,
9374,42687,44976,hospital_room,
9375,42687,45000,clean_room,
9376,42687,45000,operating_room,
9377,42687,45000,hospital_room,
9378,42687,45000,nursery,
9379,42687,45000,dressing_room,
9380,42687,45024,clean_room,
9381,42687,45024,nursery,
9382,42687,45024,bedroom,
9383,42687,45024,operating_room,
9384,42687,45024,hospital_room,
9385,42687,45048,clean_room,
9386,42687,45048,dressing_room,
9387,42687,45048,hospital_room,
9388,42687,45048,operating_room,
9389,42687,45048,art_gallery,
9390,42687,45072,dressing_room,
9391,42687,45072,shower,
9392,42687,45072,clean_room,
9393,42687,45072,nursery,
9394,42687,45072,closet,
9395,42687,45096,clean_room,
9396,42687,45096,nursery,
9397,42687,45096,dressing_room,
9398,42687,45096,museum/indoor,
9399,42687,45096,bow_window/indoor,
9400,42687,45120,clean_room,
9401,42687,45120,shower,
9402,42687,45120,dressing_room,
9403,42687,45120,nursery,
9404,42687,45120,bathroom,
9405,42687,45144,bow_window/indoor,
9406,42687,45144,clean_room,
9407,42687,45144,bedroom,
9408,42687,45144,nursery,
9409,42687,45144,closet,
9410,42687,45168,clean_room,
9411,42687,45168,bow_window/indoor,
9412,42687,45168,hospital_room,
9413,42687,45168,bedroom,
9414,42687,45168,hotel_room,
9415,42687,45192,nursery,
9416,42687,45192,clean_room,
9417,42687,45192,childs_room,
9418,42687,45192,hospital_room,
9419,42687,45192,bedroom,
9420,42687,45216,dressing_room,
9421,42687,45216,bedroom,
9422,42687,45216,clean_room,
9423,42687,45216,hospital_room,
9424,42687,45216,nursery,
9425,42687,45240,clean_room,
9426,42687,45240,childs_room,
9427,42687,45240,nursery,
9428,42687,45240,bedroom,
9429,42687,45240,dressing_room,
9430,42687,45264,nursery,
9431,42687,45264,childs_room,
9432,42687,45264,bow_window/indoor,
9433,42687,45264,clean_room,
9434,42687,45264,bedroom,
9435,42687,45288,clean_room,
9436,42687,45288,nursery,
9437,42687,45288,childs_room,
9438,42687,45288,dressing_room,
9439,42687,45288,hospital_room,
9440,42687,45312,clean_room,
9441,42687,45312,dressing_room,
9442,42687,45312,hospital_room,
9443,42687,45312,nursery,
9444,42687,45312,operating_room,
9445,42687,45336,clean_room,
9446,42687,45336,hospital_room,
9447,42687,45336,biology_laboratory,
9448,42687,45336,dressing_room,
9449,42687,45336,operating_room,
9450,42687,45360,clean_room,
9451,42687,45360,dressing_room,
9452,42687,45360,operating_room,
9453,42687,45360,hospital_room,
9454,42687,45360,nursery,
9455,42687,45384,clean_room,
9456,42687,45384,dressing_room,
9457,42687,45384,hospital_room,
9458,42687,45384,nursery,
9459,42687,45384,operating_room,
9460,42687,45408,clean_room,
9461,42687,45408,dressing_room,
9462,42687,45408,hospital_room,
9463,42687,45408,art_gallery,
9464,42687,45408,iceberg,
9465,42687,45432,clean_room,
9466,42687,45432,hospital_room,
9467,42687,45432,operating_room,
9468,42687,45432,dressing_room,
9469,42687,45432,nursery,
9470,42687,45456,clean_room,
9471,42687,45456,hospital_room,
9472,42687,45456,operating_room,
9473,42687,45456,dressing_room,
9474,42687,45456,nursery,
9475,42687,45480,clean_room,
9476,42687,45480,hospital_room,
9477,42687,45480,operating_room,
9478,42687,45480,dressing_room,
9479,42687,45480,locker_room,
9480,42687,45504,clean_room,
9481,42687,45504,dressing_room,
9482,42687,45504,hospital_room,
9483,42687,45504,operating_room,
9484,42687,45504,locker_room,
9485,42687,45528,clean_room,
9486,42687,45528,dressing_room,
9487,42687,45528,hospital_room,
9488,42687,45528,locker_room,
9489,42687,45528,operating_room,
9490,42687,45552,clean_room,
9491,42687,45552,dressing_room,
9492,42687,45552,nursery,
9493,42687,45552,closet,
9494,42687,45552,shower,
9495,42687,45576,nursery,
9496,42687,45576,dressing_room,
9497,42687,45576,clean_room,
9498,42687,45576,childs_room,
9499,42687,45576,bedroom,
9500,42687,45600,nursery,
9501,42687,45600,clean_room,
9502,42687,45600,bow_window/indoor,
9503,42687,45600,hospital_room,
9504,42687,45600,bedroom,
9505,42687,45624,bow_window/indoor,
9506,42687,45624,shower,
9507,42687,45624,nursery,
9508,42687,45624,bedroom,
9509,42687,45624,closet,
9510,42687,45648,bow_window/indoor,
9511,42687,45648,closet,
9512,42687,45648,elevator/door,
9513,42687,45648,alcove,
9514,42687,45648,shower,
9515,42687,45672,bow_window/indoor,
9516,42687,45672,elevator/door,
9517,42687,45672,closet,
9518,42687,45672,shower,
9519,42687,45672,alcove,
9520,42687,45696,booth/indoor,
9521,42687,45696,lecture_room,
9522,42687,45696,science_museum,
9523,42687,45696,classroom,
9524,42687,45696,kindergarden_classroom,
9525,42687,45720,booth/indoor,
9526,42687,45720,elevator/door,
9527,42687,45720,museum/indoor,
9528,42687,45720,beauty_salon,
9529,42687,45720,coffee_shop,
9530,42687,45744,booth/indoor,
9531,42687,45744,elevator/door,
9532,42687,45744,coffee_shop,
9533,42687,45744,museum/indoor,
9534,42687,45744,hospital_room,
9535,42687,45768,booth/indoor,
9536,42687,45768,elevator/door,
9537,42687,45768,coffee_shop,
9538,42687,45768,hospital_room,
9539,42687,45768,museum/indoor,
9540,42687,45792,booth/indoor,
9541,42687,45792,elevator/door,
9542,42687,45792,coffee_shop,
9543,42687,45792,hospital_room,
9544,42687,45792,museum/indoor,
9545,42687,45816,booth/indoor,
9546,42687,45816,elevator/door,
9547,42687,45816,coffee_shop,
9548,42687,45816,museum/indoor,
9549,42687,45816,hospital_room,
9550,42687,45840,booth/indoor,
9551,42687,45840,elevator/door,
9552,42687,45840,coffee_shop,
9553,42687,45840,museum/indoor,
9554,42687,45840,hospital_room,
9555,42687,45864,booth/indoor,
9556,42687,45864,elevator/door,
9557,42687,45864,coffee_shop,
9558,42687,45864,hospital_room,
9559,42687,45864,beauty_salon,
9560,42687,45888,elevator/door,
9561,42687,45888,elevator_lobby,
9562,42687,45888,server_room,
9563,42687,45888,bank_vault,
9564,42687,45888,airport_terminal,
9565,42687,45912,elevator/door,
9566,42687,45912,elevator_lobby,
9567,42687,45912,phone_booth,
9568,42687,45912,clean_room,
9569,42687,45912,server_room,
9570,42687,45936,elevator/door,
9571,42687,45936,clean_room,
9572,42687,45936,elevator_lobby,
9573,42687,45936,museum/indoor,
9574,42687,45936,phone_booth,
9575,42687,45960,elevator/door,
9576,42687,45960,clean_room,
9577,42687,45960,museum/indoor,
9578,42687,45960,elevator_lobby,
9579,42687,45960,doorway/outdoor,
9580,42687,45984,elevator/door,
9581,42687,45984,clean_room,
9582,42687,45984,museum/indoor,
9583,42687,45984,elevator_lobby,
9584,42687,45984,doorway/outdoor,
9585,42687,46008,elevator/door,
9586,42687,46008,clean_room,
9587,42687,46008,museum/indoor,
9588,42687,46008,elevator_lobby,
9589,42687,46008,science_museum,
9590,42687,46032,clean_room,
9591,42687,46032,elevator/door,
9592,42687,46032,museum/indoor,
9593,42687,46032,elevator_lobby,
9594,42687,46032,doorway/outdoor,
9595,42687,46056,clean_room,
9596,42687,46056,shower,
9597,42687,46056,bathroom,
9598,42687,46056,dressing_room,
9599,42687,46056,office,
9600,42687,46080,clean_room,
9601,42687,46080,dressing_room,
9602,42687,46080,shower,
9603,42687,46080,sauna,
9604,42687,46080,bathroom,
9605,42687,46104,clean_room,
9606,42687,46104,archive,
9607,42687,46104,dressing_room,
9608,42687,46104,hospital_room,
9609,42687,46104,office,
9610,42687,46128,office,
9611,42687,46128,dorm_room,
9612,42687,46128,living_room,
9613,42687,46128,home_office,
9614,42687,46128,dressing_room,
9615,42687,46152,clean_room,
9616,42687,46152,hospital_room,
9617,42687,46152,beauty_salon,
9618,42687,46152,dressing_room,
9619,42687,46152,biology_laboratory,
9620,42687,46176,clean_room,
9621,42687,46176,hospital_room,
9622,42687,46176,office,
9623,42687,46176,office_cubicles,
9624,42687,46176,archive,
9625,42687,46200,office,
9626,42687,46200,office_cubicles,
9627,42687,46200,hospital_room,
9628,42687,46200,clean_room,
9629,42687,46200,computer_room,
9630,42687,46224,office,
9631,42687,46224,hospital_room,
9632,42687,46224,dorm_room,
9633,42687,46224,home_office,
9634,42687,46224,hotel_room,
9635,42687,46248,museum/indoor,
9636,42687,46248,artists_loft,
9637,42687,46248,art_gallery,
9638,42687,46248,dressing_room,
9639,42687,46248,clothing_store,
9640,42687,46272,museum/indoor,
9641,42687,46272,artists_loft,
9642,42687,46272,art_gallery,
9643,42687,46272,dressing_room,
9644,42687,46272,bow_window/indoor,
9645,42687,46296,artists_loft,
9646,42687,46296,art_gallery,
9647,42687,46296,dressing_room,
9648,42687,46296,museum/indoor,
9649,42687,46296,clothing_store,
9650,42687,46320,dressing_room,
9651,42687,46320,artists_loft,
9652,42687,46320,clothing_store,
9653,42687,46320,museum/indoor,
9654,42687,46320,art_gallery,
9655,42687,46344,hospital_room,
9656,42687,46344,clean_room,
9657,42687,46344,archive,
9658,42687,46344,operating_room,
9659,42687,46344,home_office,
9660,42687,46368,hospital_room,
9661,42687,46368,clean_room,
9662,42687,46368,archive,
9663,42687,46368,operating_room,
9664,42687,46368,classroom,
9665,42687,46392,hospital_room,
9666,42687,46392,clean_room,
9667,42687,46392,computer_room,
9668,42687,46392,archive,
9669,42687,46392,office,
9670,42687,46416,hospital_room,
9671,42687,46416,operating_room,
9672,42687,46416,clean_room,
9673,42687,46416,archive,
9674,42687,46416,computer_room,
9675,42687,46440,hospital_room,
9676,42687,46440,clean_room,
9677,42687,46440,archive,
9678,42687,46440,operating_room,
9679,42687,46440,computer_room,
9680,42687,46464,hospital_room,
9681,42687,46464,clean_room,
9682,42687,46464,operating_room,
9683,42687,46464,archive,
9684,42687,46464,computer_room,
9685,42687,46488,hospital_room,
9686,42687,46488,clean_room,
9687,42687,46488,archive,
9688,42687,46488,computer_room,
9689,42687,46488,home_office,
9690,42687,46512,hospital_room,
9691,42687,46512,bedroom,
9692,42687,46512,clean_room,
9693,42687,46512,home_office,
9694,42687,46512,archive,
9695,42687,46536,hospital_room,
9696,42687,46536,clean_room,
9697,42687,46536,archive,
9698,42687,46536,operating_room,
9699,42687,46536,bedroom,
9700,42687,46560,hospital_room,
9701,42687,46560,archive,
9702,42687,46560,clean_room,
9703,42687,46560,home_office,
9704,42687,46560,bedroom,
9705,42687,46584,hospital_room,
9706,42687,46584,archive,
9707,42687,46584,clean_room,
9708,42687,46584,operating_room,
9709,42687,46584,home_office,
9710,42687,46608,hospital_room,
9711,42687,46608,archive,
9712,42687,46608,clean_room,
9713,42687,46608,computer_room,
9714,42687,46608,office,
9715,42687,46632,clean_room,
9716,42687,46632,operating_room,
9717,42687,46632,hospital_room,
9718,42687,46632,archive,
9719,42687,46632,nursing_home,
9720,42687,46656,clean_room,
9721,42687,46656,operating_room,
9722,42687,46656,hospital_room,
9723,42687,46656,archive,
9724,42687,46656,nursing_home,
9725,42687,46680,clean_room,
9726,42687,46680,operating_room,
9727,42687,46680,hospital_room,
9728,42687,46680,archive,
9729,42687,46680,biology_laboratory,
9730,42687,46704,clean_room,
9731,42687,46704,operating_room,
9732,42687,46704,hospital_room,
9733,42687,46704,archive,
9734,42687,46704,office,
9735,42687,46728,clean_room,
9736,42687,46728,operating_room,
9737,42687,46728,hospital_room,
9738,42687,46728,archive,
9739,42687,46728,classroom,
9740,42687,46752,clean_room,
9741,42687,46752,operating_room,
9742,42687,46752,hospital_room,
9743,42687,46752,archive,
9744,42687,46752,nursing_home,
9745,42687,46776,clean_room,
9746,42687,46776,operating_room,
9747,42687,46776,hospital_room,
9748,42687,46776,archive,
9749,42687,46776,office,
9750,42687,46800,clean_room,
9751,42687,46800,operating_room,
9752,42687,46800,hospital_room,
9753,42687,46800,nursing_home,
9754,42687,46800,archive,
9755,42687,46824,clean_room,
9756,42687,46824,operating_room,
9757,42687,46824,hospital_room,
9758,42687,46824,archive,
9759,42687,46824,nursing_home,
9760,42687,46848,clean_room,
9761,42687,46848,operating_room,
9762,42687,46848,hospital_room,
9763,42687,46848,archive,
9764,42687,46848,biology_laboratory,
9765,42687,46872,clean_room,
9766,42687,46872,operating_room,
9767,42687,46872,hospital_room,
9768,42687,46872,archive,
9769,42687,46872,classroom,
9770,42687,46896,clean_room,
9771,42687,46896,operating_room,
9772,42687,46896,hospital_room,
9773,42687,46896,archive,
9774,42687,46896,classroom,
9775,42687,46920,clean_room,
9776,42687,46920,operating_room,
9777,42687,46920,hospital_room,
9778,42687,46920,archive,
9779,42687,46920,classroom,
9780,42687,46944,clean_room,
9781,42687,46944,operating_room,
9782,42687,46944,hospital_room,
9783,42687,46944,nursing_home,
9784,42687,46944,classroom,
9785,42687,46968,clean_room,
9786,42687,46968,hospital_room,
9787,42687,46968,operating_room,
9788,42687,46968,nursing_home,
9789,42687,46968,veterinarians_office,
9790,42687,46992,clean_room,
9791,42687,46992,operating_room,
9792,42687,46992,hospital_room,
9793,42687,46992,nursing_home,
9794,42687,46992,classroom,
9795,42687,47016,clean_room,
9796,42687,47016,operating_room,
9797,42687,47016,hospital_room,
9798,42687,47016,archive,
9799,42687,47016,office,
9800,42687,47040,clean_room,
9801,42687,47040,operating_room,
9802,42687,47040,hospital_room,
9803,42687,47040,archive,
9804,42687,47040,classroom,
9805,42687,47064,clean_room,
9806,42687,47064,operating_room,
9807,42687,47064,hospital_room,
9808,42687,47064,archive,
9809,42687,47064,classroom,
9810,42687,47088,clean_room,
9811,42687,47088,operating_room,
9812,42687,47088,archive,
9813,42687,47088,hospital_room,
9814,42687,47088,classroom,
9815,42687,47112,clean_room,
9816,42687,47112,operating_room,
9817,42687,47112,hospital_room,
9818,42687,47112,archive,
9819,42687,47112,classroom,
9820,42687,47136,clean_room,
9821,42687,47136,operating_room,
9822,42687,47136,hospital_room,
9823,42687,47136,archive,
9824,42687,47136,classroom,
9825,42687,47160,clean_room,
9826,42687,47160,operating_room,
9827,42687,47160,hospital_room,
9828,42687,47160,archive,
9829,42687,47160,classroom,
9830,42687,47184,archive,
9831,42687,47184,hospital_room,
9832,42687,47184,clean_room,
9833,42687,47184,computer_room,
9834,42687,47184,office,
9835,42687,47208,hospital_room,
9836,42687,47208,archive,
9837,42687,47208,clean_room,
9838,42687,47208,computer_room,
9839,42687,47208,office,
9840,42687,47232,hospital_room,
9841,42687,47232,clean_room,
9842,42687,47232,archive,
9843,42687,47232,computer_room,
9844,42687,47232,office,
9845,42687,47256,hospital_room,
9846,42687,47256,clean_room,
9847,42687,47256,archive,
9848,42687,47256,computer_room,
9849,42687,47256,home_office,
9850,42687,47280,hospital_room,
9851,42687,47280,clean_room,
9852,42687,47280,archive,
9853,42687,47280,computer_room,
9854,42687,47280,office,
9855,42687,47304,archive,
9856,42687,47304,computer_room,
9857,42687,47304,hospital_room,
9858,42687,47304,office,
9859,42687,47304,clean_room,
9860,42687,47328,computer_room,
9861,42687,47328,home_office,
9862,42687,47328,office,
9863,42687,47328,hospital_room,
9864,42687,47328,archive,
9865,42687,47352,hospital_room,
9866,42687,47352,clean_room,
9867,42687,47352,archive,
9868,42687,47352,computer_room,
9869,42687,47352,operating_room,
9870,42687,47376,clean_room,
9871,42687,47376,computer_room,
9872,42687,47376,hospital_room,
9873,42687,47376,office,
9874,42687,47376,archive,
9875,42687,47400,computer_room,
9876,42687,47400,office,
9877,42687,47400,hospital_room,
9878,42687,47400,home_office,
9879,42687,47400,archive,
9880,42687,47424,clean_room,
9881,42687,47424,operating_room,
9882,42687,47424,hospital_room,
9883,42687,47424,archive,
9884,42687,47424,veterinarians_office,
9885,42687,47448,clean_room,
9886,42687,47448,operating_room,
9887,42687,47448,hospital_room,
9888,42687,47448,veterinarians_office,
9889,42687,47448,archive,
9890,42687,47472,clean_room,
9891,42687,47472,operating_room,
9892,42687,47472,hospital_room,
9893,42687,47472,archive,
9894,42687,47472,classroom,
9895,42687,47496,clean_room,
9896,42687,47496,operating_room,
9897,42687,47496,hospital_room,
9898,42687,47496,archive,
9899,42687,47496,nursing_home,
9900,42687,47520,clean_room,
9901,42687,47520,operating_room,
9902,42687,47520,hospital_room,
9903,42687,47520,archive,
9904,42687,47520,veterinarians_office,
9905,42687,47544,clean_room,
9906,42687,47544,operating_room,
9907,42687,47544,hospital_room,
9908,42687,47544,archive,
9909,42687,47544,dressing_room,
9910,42687,47568,clean_room,
9911,42687,47568,operating_room,
9912,42687,47568,hospital_room,
9913,42687,47568,archive,
9914,42687,47568,biology_laboratory,
9915,42687,47592,clean_room,
9916,42687,47592,operating_room,
9917,42687,47592,hospital_room,
9918,42687,47592,archive,
9919,42687,47592,biology_laboratory,
9920,42687,47616,clean_room,
9921,42687,47616,operating_room,
9922,42687,47616,hospital_room,
9923,42687,47616,archive,
9924,42687,47616,veterinarians_office,
9925,42687,47640,clean_room,
9926,42687,47640,operating_room,
9927,42687,47640,archive,
9928,42687,47640,hospital_room,
9929,42687,47640,classroom,
9930,42687,47664,computer_room,
9931,42687,47664,office,
9932,42687,47664,office_cubicles,
9933,42687,47664,hospital_room,
9934,42687,47664,clean_room,
9935,42687,47688,office,
9936,42687,47688,computer_room,
9937,42687,47688,office_cubicles,
9938,42687,47688,hospital_room,
9939,42687,47688,clean_room,
9940,42687,47712,office,
9941,42687,47712,computer_room,
9942,42687,47712,office_cubicles,
9943,42687,47712,biology_laboratory,
9944,42687,47712,clean_room,
9945,42687,47736,clean_room,
9946,42687,47736,office,
9947,42687,47736,hospital_room,
9948,42687,47736,home_office,
9949,42687,47736,computer_room,
9950,42687,47760,clean_room,
9951,42687,47760,locker_room,
9952,42687,47760,dressing_room,
9953,42687,47760,office,
9954,42687,47760,hospital_room,
9955,42687,47784,clean_room,
9956,42687,47784,hospital_room,
9957,42687,47784,dressing_room,
9958,42687,47784,operating_room,
9959,42687,47784,reception,
9960,42687,47808,clean_room,
9961,42687,47808,operating_room,
9962,42687,47808,office,
9963,42687,47808,reception,
9964,42687,47808,shower,
9965,42687,47832,clean_room,
9966,42687,47832,operating_room,
9967,42687,47832,office,
9968,42687,47832,reception,
9969,42687,47832,hospital_room,
9970,42687,47856,clean_room,
9971,42687,47856,operating_room,
9972,42687,47856,museum/indoor,
9973,42687,47856,office,
9974,42687,47856,bow_window/indoor,
9975,42687,47880,clean_room,
9976,42687,47880,museum/indoor,
9977,42687,47880,art_gallery,
9978,42687,47880,bow_window/indoor,
9979,42687,47880,operating_room,
9980,42687,47904,clean_room,
9981,42687,47904,museum/indoor,
9982,42687,47904,dressing_room,
9983,42687,47904,operating_room,
9984,42687,47904,bow_window/indoor,
9985,42687,47928,clean_room,
9986,42687,47928,museum/indoor,
9987,42687,47928,operating_room,
9988,42687,47928,dressing_room,
9989,42687,47928,bow_window/indoor,
9990,42687,47952,clean_room,
9991,42687,47952,museum/indoor,
9992,42687,47952,bow_window/indoor,
9993,42687,47952,operating_room,
9994,42687,47952,dressing_room,
9995,42687,47976,clean_room,
9996,42687,47976,museum/indoor,
9997,42687,47976,bow_window/indoor,
9998,42687,47976,operating_room,
9999,42687,47976,dressing_room,
10000,42687,48000,clean_room,
10001,42687,48000,museum/indoor,
10002,42687,48000,bow_window/indoor,
10003,42687,48000,dressing_room,
10004,42687,48000,operating_room,
10005,42687,48024,clean_room,
10006,42687,48024,museum/indoor,
10007,42687,48024,art_gallery,
10008,42687,48024,reception,
10009,42687,48024,office,
10010,42687,48048,classroom,
10011,42687,48048,office,
10012,42687,48048,lecture_room,
10013,42687,48048,chemistry_lab,
10014,42687,48048,biology_laboratory,
10015,42687,48072,clean_room,
10016,42687,48072,dressing_room,
10017,42687,48072,beauty_salon,
10018,42687,48072,chemistry_lab,
10019,42687,48072,archive,
10020,42687,48096,clean_room,
10021,42687,48096,dressing_room,
10022,42687,48096,operating_room,
10023,42687,48096,hospital_room,
10024,42687,48096,locker_room,
10025,42687,48120,clean_room,
10026,42687,48120,dressing_room,
10027,42687,48120,operating_room,
10028,42687,48120,hospital_room,
10029,42687,48120,archive,
10030,42687,48144,clean_room,
10031,42687,48144,dressing_room,
10032,42687,48144,locker_room,
10033,42687,48144,operating_room,
10034,42687,48144,hospital_room,
10035,42687,48168,clean_room,
10036,42687,48168,dressing_room,
10037,42687,48168,locker_room,
10038,42687,48168,shower,
10039,42687,48168,bow_window/indoor,
10040,42687,48192,clean_room,
10041,42687,48192,chemistry_lab,
10042,42687,48192,dressing_room,
10043,42687,48192,operating_room,
10044,42687,48192,hospital_room,
10045,42687,48216,clean_room,
10046,42687,48216,dressing_room,
10047,42687,48216,operating_room,
10048,42687,48216,hospital_room,
10049,42687,48216,shower,
10050,42687,48240,clean_room,
10051,42687,48240,dressing_room,
10052,42687,48240,bow_window/indoor,
10053,42687,48240,sauna,
10054,42687,48240,museum/indoor,
10055,42687,48264,clean_room,
10056,42687,48264,dressing_room,
10057,42687,48264,museum/indoor,
10058,42687,48264,shower,
10059,42687,48264,operating_room,
10060,42687,48288,clean_room,
10061,42687,48288,dressing_room,
10062,42687,48288,museum/indoor,
10063,42687,48288,operating_room,
10064,42687,48288,shower,
10065,42687,48312,clean_room,
10066,42687,48312,dressing_room,
10067,42687,48312,museum/indoor,
10068,42687,48312,operating_room,
10069,42687,48312,locker_room,
10070,42687,48336,clean_room,
10071,42687,48336,dressing_room,
10072,42687,48336,operating_room,
10073,42687,48336,archive,
10074,42687,48336,locker_room,
10075,42687,48360,clean_room,
10076,42687,48360,dressing_room,
10077,42687,48360,museum/indoor,
10078,42687,48360,operating_room,
10079,42687,48360,archive,
10080,42687,48384,clean_room,
10081,42687,48384,dressing_room,
10082,42687,48384,operating_room,
10083,42687,48384,archive,
10084,42687,48384,museum/indoor,
10085,42687,48408,clean_room,
10086,42687,48408,dressing_room,
10087,42687,48408,operating_room,
10088,42687,48408,museum/indoor,
10089,42687,48408,art_gallery,
10090,42687,48432,clean_room,
10091,42687,48432,dressing_room,
10092,42687,48432,operating_room,
10093,42687,48432,hospital_room,
10094,42687,48432,museum/indoor,
10095,42687,48456,clean_room,
10096,42687,48456,dressing_room,
10097,42687,48456,museum/indoor,
10098,42687,48456,operating_room,
10099,42687,48456,bow_window/indoor,
10100,42687,48480,clean_room,
10101,42687,48480,dressing_room,
10102,42687,48480,locker_room,
10103,42687,48480,chemistry_lab,
10104,42687,48480,clothing_store,
10105,42687,48504,clean_room,
10106,42687,48504,operating_room,
10107,42687,48504,dressing_room,
10108,42687,48504,hospital_room,
10109,42687,48504,clothing_store,
10110,42687,48528,clean_room,
10111,42687,48528,dressing_room,
10112,42687,48528,locker_room,
10113,42687,48528,shower,
10114,42687,48528,elevator/door,
10115,42687,48552,clean_room,
10116,42687,48552,dressing_room,
10117,42687,48552,elevator/door,
10118,42687,48552,locker_room,
10119,42687,48552,shower,
10120,42687,48576,dressing_room,
10121,42687,48576,clean_room,
10122,42687,48576,shower,
10123,42687,48576,elevator/door,
10124,42687,48576,sauna,
10125,42687,48600,clean_room,
10126,42687,48600,shower,
10127,42687,48600,dressing_room,
10128,42687,48600,corridor,
10129,42687,48600,elevator/door,
10130,42687,48624,clean_room,
10131,42687,48624,shower,
10132,42687,48624,corridor,
10133,42687,48624,elevator/door,
10134,42687,48624,dressing_room,
10135,42687,48648,clean_room,
10136,42687,48648,shower,
10137,42687,48648,dressing_room,
10138,42687,48648,closet,
10139,42687,48648,corridor,
10140,42687,48672,clean_room,
10141,42687,48672,shower,
10142,42687,48672,bathroom,
10143,42687,48672,dressing_room,
10144,42687,48672,locker_room,
10145,42687,48696,clean_room,
10146,42687,48696,bathroom,
10147,42687,48696,shower,
10148,42687,48696,locker_room,
10149,42687,48696,dressing_room,
10150,42687,48720,clean_room,
10151,42687,48720,sauna,
10152,42687,48720,shower,
10153,42687,48720,dressing_room,
10154,42687,48720,bathroom,
10155,42687,48744,dressing_room,
10156,42687,48744,clean_room,
10157,42687,48744,sauna,
10158,42687,48744,locker_room,
10159,42687,48744,entrance_hall,
10160,42687,48768,dressing_room,
10161,42687,48768,clean_room,
10162,42687,48768,art_gallery,
10163,42687,48768,bathroom,
10164,42687,48768,museum/indoor,
10165,42687,48792,clean_room,
10166,42687,48792,dressing_room,
10167,42687,48792,corridor,
10168,42687,48792,shower,
10169,42687,48792,closet,
10170,42687,48816,clean_room,
10171,42687,48816,museum/indoor,
10172,42687,48816,dressing_room,
10173,42687,48816,art_gallery,
10174,42687,48816,locker_room,
10175,42687,48840,clean_room,
10176,42687,48840,museum/indoor,
10177,42687,48840,operating_room,
10178,42687,48840,archive,
10179,42687,48840,chemistry_lab,
10180,42687,48864,clean_room,
10181,42687,48864,dressing_room,
10182,42687,48864,museum/indoor,
10183,42687,48864,art_gallery,
10184,42687,48864,operating_room,
10185,42687,48888,clean_room,
10186,42687,48888,dressing_room,
10187,42687,48888,museum/indoor,
10188,42687,48888,art_gallery,
10189,42687,48888,artists_loft,
10190,42687,48912,clean_room,
10191,42687,48912,museum/indoor,
10192,42687,48912,bow_window/indoor,
10193,42687,48912,dressing_room,
10194,42687,48912,archive,
10195,42687,48936,clean_room,
10196,42687,48936,pharmacy,
10197,42687,48936,dressing_room,
10198,42687,48936,chemistry_lab,
10199,42687,48936,archive,
10200,42687,48960,clean_room,
10201,42687,48960,museum/indoor,
10202,42687,48960,dressing_room,
10203,42687,48960,operating_room,
10204,42687,48960,art_gallery,
10205,42687,48984,clean_room,
10206,42687,48984,museum/indoor,
10207,42687,48984,dressing_room,
10208,42687,48984,sauna,
10209,42687,48984,art_gallery,
10210,42687,49008,clean_room,
10211,42687,49008,dressing_room,
10212,42687,49008,hospital_room,
10213,42687,49008,elevator/door,
10214,42687,49008,corridor,
10215,42687,49032,clean_room,
10216,42687,49032,dressing_room,
10217,42687,49032,closet,
10218,42687,49032,clothing_store,
10219,42687,49032,shower,
10220,42687,49056,dressing_room,
10221,42687,49056,clean_room,
10222,42687,49056,closet,
10223,42687,49056,shower,
10224,42687,49056,locker_room,
10225,42687,49080,clean_room,
10226,42687,49080,dressing_room,
10227,42687,49080,hospital_room,
10228,42687,49080,clothing_store,
10229,42687,49080,shower,
10230,42687,49104,clean_room,
10231,42687,49104,dressing_room,
10232,42687,49104,clothing_store,
10233,42687,49104,operating_room,
10234,42687,49104,hospital_room,
10235,42687,49128,clean_room,
10236,42687,49128,dressing_room,
10237,42687,49128,clothing_store,
10238,42687,49128,operating_room,
10239,42687,49128,museum/indoor,
10240,42687,49152,clean_room,
10241,42687,49152,dressing_room,
10242,42687,49152,operating_room,
10243,42687,49152,hospital_room,
10244,42687,49152,museum/indoor,
10245,42687,49176,clean_room,
10246,42687,49176,dressing_room,
10247,42687,49176,operating_room,
10248,42687,49176,hospital_room,
10249,42687,49176,clothing_store,
10250,42687,49200,clean_room,
10251,42687,49200,dressing_room,
10252,42687,49200,museum/indoor,
10253,42687,49200,clothing_store,
10254,42687,49200,operating_room,
10255,42687,49224,clean_room,
10256,42687,49224,dressing_room,
10257,42687,49224,hospital_room,
10258,42687,49224,operating_room,
10259,42687,49224,nursing_home,
10260,42687,49248,clean_room,
10261,42687,49248,dressing_room,
10262,42687,49248,operating_room,
10263,42687,49248,hospital_room,
10264,42687,49248,beauty_salon,
10265,42687,49272,clean_room,
10266,42687,49272,dressing_room,
10267,42687,49272,operating_room,
10268,42687,49272,hospital_room,
10269,42687,49272,chemistry_lab,
10270,42687,49296,clean_room,
10271,42687,49296,dressing_room,
10272,42687,49296,chemistry_lab,
10273,42687,49296,hospital_room,
10274,42687,49296,beauty_salon,
10275,42687,49320,clean_room,
10276,42687,49320,dressing_room,
10277,42687,49320,operating_room,
10278,42687,49320,hospital_room,
10279,42687,49320,chemistry_lab,
10280,42687,49344,clean_room,
10281,42687,49344,dressing_room,
10282,42687,49344,operating_room,
10283,42687,49344,clothing_store,
10284,42687,49344,hospital_room,
10285,42687,49368,clean_room,
10286,42687,49368,hospital_room,
10287,42687,49368,beauty_salon,
10288,42687,49368,dressing_room,
10289,42687,49368,operating_room,
10290,42687,49392,clean_room,
10291,42687,49392,dining_room,
10292,42687,49392,hospital_room,
10293,42687,49392,dressing_room,
10294,42687,49392,operating_room,
10295,42687,49416,clean_room,
10296,42687,49416,dressing_room,
10297,42687,49416,dining_room,
10298,42687,49416,chemistry_lab,
10299,42687,49416,operating_room,
10300,42687,49440,dining_room,
10301,42687,49440,clean_room,
10302,42687,49440,hospital_room,
10303,42687,49440,dressing_room,
10304,42687,49440,chemistry_lab,
10305,42687,49464,dining_room,
10306,42687,49464,dressing_room,
10307,42687,49464,dining_hall,
10308,42687,49464,restaurant,
10309,42687,49464,clean_room,
10310,42687,49488,dressing_room,
10311,42687,49488,clean_room,
10312,42687,49488,chemistry_lab,
10313,42687,49488,beauty_salon,
10314,42687,49488,biology_laboratory,
10315,42687,49512,clean_room,
10316,42687,49512,dressing_room,
10317,42687,49512,chemistry_lab,
10318,42687,49512,operating_room,
10319,42687,49512,biology_laboratory,
10320,42687,49536,clean_room,
10321,42687,49536,dressing_room,
10322,42687,49536,chemistry_lab,
10323,42687,49536,operating_room,
10324,42687,49536,biology_laboratory,
10325,42687,49560,clean_room,
10326,42687,49560,dressing_room,
10327,42687,49560,chemistry_lab,
10328,42687,49560,biology_laboratory,
10329,42687,49560,operating_room,
10330,42687,49584,clean_room,
10331,42687,49584,dressing_room,
10332,42687,49584,operating_room,
10333,42687,49584,biology_laboratory,
10334,42687,49584,chemistry_lab,
10335,42687,49608,clean_room,
10336,42687,49608,dressing_room,
10337,42687,49608,biology_laboratory,
10338,42687,49608,chemistry_lab,
10339,42687,49608,operating_room,
10340,42687,49632,clean_room,
10341,42687,49632,dressing_room,
10342,42687,49632,chemistry_lab,
10343,42687,49632,biology_laboratory,
10344,42687,49632,dining_room,
10345,42687,49656,dressing_room,
10346,42687,49656,clean_room,
10347,42687,49656,dining_room,
10348,42687,49656,chemistry_lab,
10349,42687,49656,biology_laboratory,
10350,42687,49680,clean_room,
10351,42687,49680,chemistry_lab,
10352,42687,49680,operating_room,
10353,42687,49680,dressing_room,
10354,42687,49680,biology_laboratory,
10355,42687,49704,clean_room,
10356,42687,49704,dressing_room,
10357,42687,49704,chemistry_lab,
10358,42687,49704,biology_laboratory,
10359,42687,49704,beauty_salon,
10360,42687,49728,clean_room,
10361,42687,49728,chemistry_lab,
10362,42687,49728,dressing_room,
10363,42687,49728,biology_laboratory,
10364,42687,49728,operating_room,
10365,42687,49752,clean_room,
10366,42687,49752,chemistry_lab,
10367,42687,49752,dressing_room,
10368,42687,49752,biology_laboratory,
10369,42687,49752,operating_room,
10370,42687,49776,dressing_room,
10371,42687,49776,clean_room,
10372,42687,49776,chemistry_lab,
10373,42687,49776,operating_room,
10374,42687,49776,biology_laboratory,
10375,42687,49800,clean_room,
10376,42687,49800,chemistry_lab,
10377,42687,49800,biology_laboratory,
10378,42687,49800,dressing_room,
10379,42687,49800,operating_room,
10380,42687,49824,clean_room,
10381,42687,49824,dressing_room,
10382,42687,49824,chemistry_lab,
10383,42687,49824,biology_laboratory,
10384,42687,49824,operating_room,
10385,42687,49848,clean_room,
10386,42687,49848,dressing_room,
10387,42687,49848,biology_laboratory,
10388,42687,49848,chemistry_lab,
10389,42687,49848,operating_room,
10390,42687,49872,clean_room,
10391,42687,49872,chemistry_lab,
10392,42687,49872,biology_laboratory,
10393,42687,49872,dressing_room,
10394,42687,49872,operating_room,
10395,42687,49896,clean_room,
10396,42687,49896,dressing_room,
10397,42687,49896,chemistry_lab,
10398,42687,49896,dining_room,
10399,42687,49896,archive,
10400,42687,49920,clean_room,
10401,42687,49920,dressing_room,
10402,42687,49920,biology_laboratory,
10403,42687,49920,chemistry_lab,
10404,42687,49920,operating_room,
10405,42687,49944,clean_room,
10406,42687,49944,operating_room,
10407,42687,49944,biology_laboratory,
10408,42687,49944,chemistry_lab,
10409,42687,49944,dressing_room,
10410,42687,49968,clean_room,
10411,42687,49968,operating_room,
10412,42687,49968,chemistry_lab,
10413,42687,49968,biology_laboratory,
10414,42687,49968,pharmacy,
10415,42687,49992,clean_room,
10416,42687,49992,operating_room,
10417,42687,49992,chemistry_lab,
10418,42687,49992,biology_laboratory,
10419,42687,49992,hospital_room,
10420,42687,50016,clean_room,
10421,42687,50016,operating_room,
10422,42687,50016,biology_laboratory,
10423,42687,50016,chemistry_lab,
10424,42687,50016,hospital_room,
10425,42687,50040,clean_room,
10426,42687,50040,operating_room,
10427,42687,50040,biology_laboratory,
10428,42687,50040,chemistry_lab,
10429,42687,50040,hospital_room,
10430,42687,50064,clean_room,
10431,42687,50064,operating_room,
10432,42687,50064,chemistry_lab,
10433,42687,50064,dressing_room,
10434,42687,50064,biology_laboratory,
10435,42687,50088,staircase,
10436,42687,50088,entrance_hall,
10437,42687,50088,mezzanine,
10438,42687,50088,corridor,
10439,42687,50088,basement,
10440,42687,50112,staircase,
10441,42687,50112,bathroom,
10442,42687,50112,shower,
10443,42687,50112,clean_room,
10444,42687,50112,entrance_hall,
10445,42687,50136,clean_room,
10446,42687,50136,operating_room,
10447,42687,50136,chemistry_lab,
10448,42687,50136,biology_laboratory,
10449,42687,50136,physics_laboratory,
10450,42687,50160,chemistry_lab,
10451,42687,50160,clean_room,
10452,42687,50160,biology_laboratory,
10453,42687,50160,pharmacy,
10454,42687,50160,bar,
10455,42687,50184,clean_room,
10456,42687,50184,chemistry_lab,
10457,42687,50184,biology_laboratory,
10458,42687,50184,operating_room,
10459,42687,50184,archive,
10460,42687,50208,clean_room,
10461,42687,50208,chemistry_lab,
10462,42687,50208,biology_laboratory,
10463,42687,50208,pharmacy,
10464,42687,50208,operating_room,
10465,42687,50232,clean_room,
10466,42687,50232,chemistry_lab,
10467,42687,50232,biology_laboratory,
10468,42687,50232,pharmacy,
10469,42687,50232,archive,
10470,42687,50256,clean_room,
10471,42687,50256,chemistry_lab,
10472,42687,50256,archive,
10473,42687,50256,biology_laboratory,
10474,42687,50256,operating_room,
10475,42687,50280,clean_room,
10476,42687,50280,chemistry_lab,
10477,42687,50280,dining_room,
10478,42687,50280,biology_laboratory,
10479,42687,50280,restaurant,
10480,42687,50304,clean_room,
10481,42687,50304,operating_room,
10482,42687,50304,chemistry_lab,
10483,42687,50304,archive,
10484,42687,50304,biology_laboratory,
10485,42687,50328,clean_room,
10486,42687,50328,chemistry_lab,
10487,42687,50328,biology_laboratory,
10488,42687,50328,physics_laboratory,
10489,42687,50328,pharmacy,
10490,42687,50352,clean_room,
10491,42687,50352,chemistry_lab,
10492,42687,50352,biology_laboratory,
10493,42687,50352,ice_cream_parlor,
10494,42687,50352,pharmacy,
10495,42687,50376,clean_room,
10496,42687,50376,chemistry_lab,
10497,42687,50376,biology_laboratory,
10498,42687,50376,pharmacy,
10499,42687,50376,ice_cream_parlor,
10500,42687,50400,clean_room,
10501,42687,50400,chemistry_lab,
10502,42687,50400,biology_laboratory,
10503,42687,50400,pharmacy,
10504,42687,50400,ice_cream_parlor,
10505,42687,50424,clean_room,
10506,42687,50424,chemistry_lab,
10507,42687,50424,biology_laboratory,
10508,42687,50424,pharmacy,
10509,42687,50424,ice_cream_parlor,
10510,42687,50448,clean_room,
10511,42687,50448,chemistry_lab,
10512,42687,50448,biology_laboratory,
10513,42687,50448,pharmacy,
10514,42687,50448,physics_laboratory,
10515,42687,50472,chemistry_lab,
10516,42687,50472,clean_room,
10517,42687,50472,biology_laboratory,
10518,42687,50472,pharmacy,
10519,42687,50472,museum/indoor,
10520,42687,50496,clean_room,
10521,42687,50496,chemistry_lab,
10522,42687,50496,biology_laboratory,
10523,42687,50496,pharmacy,
10524,42687,50496,physics_laboratory,
10525,42687,50520,clean_room,
10526,42687,50520,chemistry_lab,
10527,42687,50520,biology_laboratory,
10528,42687,50520,operating_room,
10529,42687,50520,physics_laboratory,
10530,42687,50544,clean_room,
10531,42687,50544,operating_room,
10532,42687,50544,dressing_room,
10533,42687,50544,museum/indoor,
10534,42687,50544,chemistry_lab,
10535,42687,50568,dressing_room,
10536,42687,50568,clean_room,
10537,42687,50568,archive,
10538,42687,50568,beauty_salon,
10539,42687,50568,sauna,
10540,42687,50592,coffee_shop,
10541,42687,50592,pharmacy,
10542,42687,50592,restaurant,
10543,42687,50592,cafeteria,
10544,42687,50592,drugstore,
10545,42687,50616,clean_room,
10546,42687,50616,pharmacy,
10547,42687,50616,chemistry_lab,
10548,42687,50616,beauty_salon,
10549,42687,50616,drugstore,
10550,42687,50640,clean_room,
10551,42687,50640,pharmacy,
10552,42687,50640,chemistry_lab,
10553,42687,50640,archive,
10554,42687,50640,drugstore,
10555,42687,50664,staircase,
10556,42687,50664,clean_room,
10557,42687,50664,pharmacy,
10558,42687,50664,beauty_salon,
10559,42687,50664,cafeteria,
10560,42687,50688,clean_room,
10561,42687,50688,beauty_salon,
10562,42687,50688,pharmacy,
10563,42687,50688,chemistry_lab,
10564,42687,50688,staircase,
10565,42687,50712,archive,
10566,42687,50712,clean_room,
10567,42687,50712,pharmacy,
10568,42687,50712,cafeteria,
10569,42687,50712,chemistry_lab,
10570,42687,50736,beauty_salon,
10571,42687,50736,clean_room,
10572,42687,50736,archive,
10573,42687,50736,chemistry_lab,
10574,42687,50736,music_studio,
10575,42687,50760,clean_room,
10576,42687,50760,beauty_salon,
10577,42687,50760,chemistry_lab,
10578,42687,50760,pharmacy,
10579,42687,50760,archive,
10580,42687,50784,clean_room,
10581,42687,50784,beauty_salon,
10582,42687,50784,dressing_room,
10583,42687,50784,chemistry_lab,
10584,42687,50784,archive,
10585,42687,50808,clean_room,
10586,42687,50808,chemistry_lab,
10587,42687,50808,operating_room,
10588,42687,50808,beauty_salon,
10589,42687,50808,dressing_room,
10590,42687,50832,clean_room,
10591,42687,50832,archive,
10592,42687,50832,chemistry_lab,
10593,42687,50832,beauty_salon,
10594,42687,50832,biology_laboratory,
10595,42687,50856,clean_room,
10596,42687,50856,chemistry_lab,
10597,42687,50856,operating_room,
10598,42687,50856,beauty_salon,
10599,42687,50856,archive,
10600,42687,50880,clean_room,
10601,42687,50880,chemistry_lab,
10602,42687,50880,pharmacy,
10603,42687,50880,beauty_salon,
10604,42687,50880,biology_laboratory,
10605,42687,50904,clean_room,
10606,42687,50904,chemistry_lab,
10607,42687,50904,pharmacy,
10608,42687,50904,beauty_salon,
10609,42687,50904,archive,
10610,42687,50928,restaurant,
10611,42687,50928,cafeteria,
10612,42687,50928,clean_room,
10613,42687,50928,dining_hall,
10614,42687,50928,pharmacy,
10615,42687,50952,clean_room,
10616,42687,50952,archive,
10617,42687,50952,pharmacy,
10618,42687,50952,chemistry_lab,
10619,42687,50952,beauty_salon,
10620,42687,50976,clean_room,
10621,42687,50976,archive,
10622,42687,50976,chemistry_lab,
10623,42687,50976,pharmacy,
10624,42687,50976,beauty_salon,
10625,42687,51000,clean_room,
10626,42687,51000,chemistry_lab,
10627,42687,51000,pharmacy,
10628,42687,51000,archive,
10629,42687,51000,beauty_salon,
10630,42687,51024,clean_room,
10631,42687,51024,staircase,
10632,42687,51024,entrance_hall,
10633,42687,51024,corridor,
10634,42687,51024,nursery,
10635,42687,51048,dressing_room,
10636,42687,51048,entrance_hall,
10637,42687,51048,staircase,
10638,42687,51048,museum/indoor,
10639,42687,51048,clean_room,
10640,42687,51072,staircase,
10641,42687,51072,entrance_hall,
10642,42687,51072,mezzanine,
10643,42687,51072,corridor,
10644,42687,51072,bow_window/indoor,
10645,42687,51096,staircase,
10646,42687,51096,entrance_hall,
10647,42687,51096,corridor,
10648,42687,51096,mezzanine,
10649,42687,51096,museum/indoor,
10650,42687,51120,staircase,
10651,42687,51120,entrance_hall,
10652,42687,51120,mezzanine,
10653,42687,51120,corridor,
10654,42687,51120,atrium/public,
10655,42687,51144,staircase,
10656,42687,51144,entrance_hall,
10657,42687,51144,mezzanine,
10658,42687,51144,corridor,
10659,42687,51144,atrium/public,
10660,42687,51168,staircase,
10661,42687,51168,entrance_hall,
10662,42687,51168,mezzanine,
10663,42687,51168,atrium/public,
10664,42687,51168,corridor,
10665,42687,51192,museum/indoor,
10666,42687,51192,clean_room,
10667,42687,51192,archive,
10668,42687,51192,nursery,
10669,42687,51192,art_gallery,
10670,42687,51216,museum/indoor,
10671,42687,51216,dining_room,
10672,42687,51216,porch,
10673,42687,51216,classroom,
10674,42687,51216,living_room,
10675,42687,51240,museum/indoor,
10676,42687,51240,porch,
10677,42687,51240,dining_room,
10678,42687,51240,balcony/interior,
10679,42687,51240,art_gallery,
10680,42687,51264,museum/indoor,
10681,42687,51264,porch,
10682,42687,51264,dining_room,
10683,42687,51264,balcony/interior,
10684,42687,51264,art_gallery,
10685,42687,51288,dining_room,
10686,42687,51288,museum/indoor,
10687,42687,51288,nursery,
10688,42687,51288,porch,
10689,42687,51288,art_gallery,
10690,42687,51312,dining_room,
10691,42687,51312,porch,
10692,42687,51312,nursery,
10693,42687,51312,bow_window/indoor,
10694,42687,51312,balcony/interior,
10695,42687,51336,dining_room,
10696,42687,51336,museum/indoor,
10697,42687,51336,porch,
10698,42687,51336,art_gallery,
10699,42687,51336,coffee_shop,
10700,42687,51360,dining_room,
10701,42687,51360,museum/indoor,
10702,42687,51360,art_gallery,
10703,42687,51360,porch,
10704,42687,51360,nursery,
10705,42687,51384,dining_room,
10706,42687,51384,museum/indoor,
10707,42687,51384,porch,
10708,42687,51384,art_gallery,
10709,42687,51384,restaurant,
10710,42687,51408,dining_room,
10711,42687,51408,museum/indoor,
10712,42687,51408,porch,
10713,42687,51408,art_gallery,
10714,42687,51408,coffee_shop,
10715,42687,51432,dining_room,
10716,42687,51432,museum/indoor,
10717,42687,51432,porch,
10718,42687,51432,restaurant,
10719,42687,51432,living_room,
10720,42687,51456,porch,
10721,42687,51456,dining_room,
10722,42687,51456,balcony/interior,
10723,42687,51456,museum/indoor,
10724,42687,51456,bow_window/indoor,
10725,42687,51480,dining_room,
10726,42687,51480,museum/indoor,
10727,42687,51480,porch,
10728,42687,51480,living_room,
10729,42687,51480,restaurant,
10730,42687,51504,dining_room,
10731,42687,51504,porch,
10732,42687,51504,museum/indoor,
10733,42687,51504,balcony/interior,
10734,42687,51504,nursery,
10735,42687,51528,dining_room,
10736,42687,51528,museum/indoor,
10737,42687,51528,porch,
10738,42687,51528,balcony/interior,
10739,42687,51528,nursery,
10740,42687,51552,dining_room,
10741,42687,51552,porch,
10742,42687,51552,balcony/interior,
10743,42687,51552,museum/indoor,
10744,42687,51552,coffee_shop,
10745,42687,51576,dining_room,
10746,42687,51576,museum/indoor,
10747,42687,51576,coffee_shop,
10748,42687,51576,nursery,
10749,42687,51576,living_room,
10750,42687,51600,dining_room,
10751,42687,51600,museum/indoor,
10752,42687,51600,living_room,
10753,42687,51600,nursery,
10754,42687,51600,porch,
10755,42687,51624,dining_room,
10756,42687,51624,museum/indoor,
10757,42687,51624,living_room,
10758,42687,51624,porch,
10759,42687,51624,art_gallery,
10760,42687,51648,dining_room,
10761,42687,51648,museum/indoor,
10762,42687,51648,porch,
10763,42687,51648,art_gallery,
10764,42687,51648,balcony/interior,
10765,42687,51672,museum/indoor,
10766,42687,51672,dining_room,
10767,42687,51672,dressing_room,
10768,42687,51672,art_gallery,
10769,42687,51672,porch,
10770,42687,51696,museum/indoor,
10771,42687,51696,art_gallery,
10772,42687,51696,clean_room,
10773,42687,51696,art_studio,
10774,42687,51696,jail_cell,
10775,42687,51720,bathroom,
10776,42687,51720,shower,
10777,42687,51720,dressing_room,
10778,42687,51720,museum/indoor,
10779,42687,51720,bow_window/indoor,
10780,42687,51744,bathroom,
10781,42687,51744,shower,
10782,42687,51744,dressing_room,
10783,42687,51744,chemistry_lab,
10784,42687,51744,clean_room,
10785,42687,51768,bathroom,
10786,42687,51768,dressing_room,
10787,42687,51768,office,
10788,42687,51768,beauty_salon,
10789,42687,51768,shower,
10790,42687,51792,bow_window/indoor,
10791,42687,51792,clean_room,
10792,42687,51792,bathroom,
10793,42687,51792,hotel_room,
10794,42687,51792,dressing_room,
10795,42687,51816,staircase,
10796,42687,51816,entrance_hall,
10797,42687,51816,mezzanine,
10798,42687,51816,corridor,
10799,42687,51816,escalator/indoor,
10800,42687,51840,entrance_hall,
10801,42687,51840,staircase,
10802,42687,51840,mezzanine,
10803,42687,51840,corridor,
10804,42687,51840,escalator/indoor,
10805,42687,51864,staircase,
10806,42687,51864,entrance_hall,
10807,42687,51864,mezzanine,
10808,42687,51864,corridor,
10809,42687,51864,artists_loft,
10810,42687,51888,staircase,
10811,42687,51888,entrance_hall,
10812,42687,51888,mezzanine,
10813,42687,51888,corridor,
10814,42687,51888,artists_loft,
10815,42687,51912,entrance_hall,
10816,42687,51912,staircase,
10817,42687,51912,mezzanine,
10818,42687,51912,escalator/indoor,
10819,42687,51912,atrium/public,
10820,42687,51936,entrance_hall,
10821,42687,51936,staircase,
10822,42687,51936,mezzanine,
10823,42687,51936,atrium/public,
10824,42687,51936,corridor,
10825,42687,51960,staircase,
10826,42687,51960,entrance_hall,
10827,42687,51960,mezzanine,
10828,42687,51960,corridor,
10829,42687,51960,escalator/indoor,
10830,42687,51984,staircase,
10831,42687,51984,entrance_hall,
10832,42687,51984,mezzanine,
10833,42687,51984,escalator/indoor,
10834,42687,51984,atrium/public,
10835,42687,52008,staircase,
10836,42687,52008,entrance_hall,
10837,42687,52008,atrium/public,
10838,42687,52008,mezzanine,
10839,42687,52008,archive,
10840,42687,52032,staircase,
10841,42687,52032,entrance_hall,
10842,42687,52032,atrium/public,
10843,42687,52032,archive,
10844,42687,52032,museum/indoor,
10845,42687,52056,staircase,
10846,42687,52056,entrance_hall,
10847,42687,52056,corridor,
10848,42687,52056,atrium/public,
10849,42687,52056,museum/indoor,
10850,42687,52080,staircase,
10851,42687,52080,entrance_hall,
10852,42687,52080,corridor,
10853,42687,52080,atrium/public,
10854,42687,52080,fire_escape,
10855,42687,52104,staircase,
10856,42687,52104,entrance_hall,
10857,42687,52104,corridor,
10858,42687,52104,atrium/public,
10859,42687,52104,mezzanine,
10860,42687,52128,clean_room,
10861,42687,52128,locker_room,
10862,42687,52128,archive,
10863,42687,52128,elevator/door,
10864,42687,52128,operating_room,
10865,42687,52152,clean_room,
10866,42687,52152,dressing_room,
10867,42687,52152,clothing_store,
10868,42687,52152,locker_room,
10869,42687,52152,museum/indoor,
10870,42687,52176,clean_room,
10871,42687,52176,dressing_room,
10872,42687,52176,locker_room,
10873,42687,52176,museum/indoor,
10874,42687,52176,clothing_store,
10875,42687,52200,clean_room,
10876,42687,52200,dressing_room,
10877,42687,52200,locker_room,
10878,42687,52200,museum/indoor,
10879,42687,52200,art_gallery,
10880,42687,52224,clean_room,
10881,42687,52224,museum/indoor,
10882,42687,52224,art_gallery,
10883,42687,52224,dressing_room,
10884,42687,52224,locker_room,
10885,42687,52248,clean_room,
10886,42687,52248,museum/indoor,
10887,42687,52248,dressing_room,
10888,42687,52248,locker_room,
10889,42687,52248,art_gallery,
10890,42687,52272,clean_room,
10891,42687,52272,locker_room,
10892,42687,52272,dressing_room,
10893,42687,52272,museum/indoor,
10894,42687,52272,archive,
10895,42687,52296,clean_room,
10896,42687,52296,dressing_room,
10897,42687,52296,closet,
10898,42687,52296,corridor,
10899,42687,52296,locker_room,
10900,42687,52320,dressing_room,
10901,42687,52320,clean_room,
10902,42687,52320,clothing_store,
10903,42687,52320,beauty_salon,
10904,42687,52320,locker_room,
10905,42687,52344,dressing_room,
10906,42687,52344,clean_room,
10907,42687,52344,shower,
10908,42687,52344,bathroom,
10909,42687,52344,sauna,
10910,42687,52368,clean_room,
10911,42687,52368,dressing_room,
10912,42687,52368,museum/indoor,
10913,42687,52368,shower,
10914,42687,52368,chemistry_lab,
10915,42687,52392,clean_room,
10916,42687,52392,chemistry_lab,
10917,42687,52392,biology_laboratory,
10918,42687,52392,archive,
10919,42687,52392,operating_room,
10920,42687,52416,dressing_room,
10921,42687,52416,clean_room,
10922,42687,52416,bow_window/indoor,
10923,42687,52416,beauty_salon,
10924,42687,52416,office,
10925,42687,52440,clean_room,
10926,42687,52440,operating_room,
10927,42687,52440,hospital_room,
10928,42687,52440,museum/indoor,
10929,42687,52440,chemistry_lab,
10930,42687,52464,clean_room,
10931,42687,52464,museum/indoor,
10932,42687,52464,chemistry_lab,
10933,42687,52464,dressing_room,
10934,42687,52464,operating_room,
10935,42687,52488,clean_room,
10936,42687,52488,operating_room,
10937,42687,52488,hospital_room,
10938,42687,52488,dressing_room,
10939,42687,52488,chemistry_lab,
10940,42687,52512,clean_room,
10941,42687,52512,museum/indoor,
10942,42687,52512,operating_room,
10943,42687,52512,hospital_room,
10944,42687,52512,dressing_room,
10945,42687,52536,clean_room,
10946,42687,52536,museum/indoor,
10947,42687,52536,operating_room,
10948,42687,52536,dressing_room,
10949,42687,52536,hospital_room,
10950,42687,52560,clean_room,
10951,42687,52560,museum/indoor,
10952,42687,52560,operating_room,
10953,42687,52560,dressing_room,
10954,42687,52560,hospital_room,
10955,42687,52584,clean_room,
10956,42687,52584,operating_room,
10957,42687,52584,museum/indoor,
10958,42687,52584,hospital_room,
10959,42687,52584,physics_laboratory,
10960,42687,52608,clean_room,
10961,42687,52608,museum/indoor,
10962,42687,52608,operating_room,
10963,42687,52608,dressing_room,
10964,42687,52608,hospital_room,
10965,42687,52632,clean_room,
10966,42687,52632,museum/indoor,
10967,42687,52632,operating_room,
10968,42687,52632,dressing_room,
10969,42687,52632,hospital_room,
10970,42687,52656,clean_room,
10971,42687,52656,museum/indoor,
10972,42687,52656,operating_room,
10973,42687,52656,hospital_room,
10974,42687,52656,physics_laboratory,
10975,42687,52680,clean_room,
10976,42687,52680,museum/indoor,
10977,42687,52680,operating_room,
10978,42687,52680,dressing_room,
10979,42687,52680,hospital_room,
10980,42687,52704,clean_room,
10981,42687,52704,museum/indoor,
10982,42687,52704,operating_room,
10983,42687,52704,physics_laboratory,
10984,42687,52704,chemistry_lab,
10985,42687,52728,clean_room,
10986,42687,52728,operating_room,
10987,42687,52728,hospital_room,
10988,42687,52728,dressing_room,
10989,42687,52728,museum/indoor,
10990,42687,52752,clean_room,
10991,42687,52752,museum/indoor,
10992,42687,52752,dressing_room,
10993,42687,52752,bow_window/indoor,
10994,42687,52752,living_room,
10995,42687,52776,clean_room,
10996,42687,52776,museum/indoor,
10997,42687,52776,dressing_room,
10998,42687,52776,bow_window/indoor,
10999,42687,52776,alcove,
11000,42687,52800,living_room,
11001,42687,52800,bow_window/indoor,
11002,42687,52800,entrance_hall,
11003,42687,52800,alcove,
11004,42687,52800,nursery,
11005,42687,52824,bow_window/indoor,
11006,42687,52824,museum/indoor,
11007,42687,52824,living_room,
11008,42687,52824,nursery,
11009,42687,52824,entrance_hall,
11010,42687,52848,museum/indoor,
11011,42687,52848,clean_room,
11012,42687,52848,living_room,
11013,42687,52848,bow_window/indoor,
11014,42687,52848,nursery,
11015,42687,52872,clean_room,
11016,42687,52872,museum/indoor,
11017,42687,52872,bow_window/indoor,
11018,42687,52872,alcove,
11019,42687,52872,living_room,
11020,42687,52896,bow_window/indoor,
11021,42687,52896,alcove,
11022,42687,52896,clean_room,
11023,42687,52896,nursery,
11024,42687,52896,living_room,
11025,42687,52920,clean_room,
11026,42687,52920,chemistry_lab,
11027,42687,52920,museum/indoor,
11028,42687,52920,hospital_room,
11029,42687,52920,bow_window/indoor,
11030,42687,52944,clean_room,
11031,42687,52944,museum/indoor,
11032,42687,52944,chemistry_lab,
11033,42687,52944,dressing_room,
11034,42687,52944,beauty_salon,
11035,42687,52968,archive,
11036,42687,52968,dressing_room,
11037,42687,52968,clean_room,
11038,42687,52968,museum/indoor,
11039,42687,52968,beauty_salon,
11040,42687,52992,dressing_room,
11041,42687,52992,archive,
11042,42687,52992,bathroom,
11043,42687,52992,closet,
11044,42687,52992,sauna,
11045,42687,53016,sauna,
11046,42687,53016,dressing_room,
11047,42687,53016,archive,
11048,42687,53016,shower,
11049,42687,53016,closet,
11050,42687,53040,dressing_room,
11051,42687,53040,bow_window/indoor,
11052,42687,53040,archive,
11053,42687,53040,living_room,
11054,42687,53040,sauna,
11055,42687,53064,archive,
11056,42687,53064,library/indoor,
11057,42687,53064,dressing_room,
11058,42687,53064,sauna,
11059,42687,53064,living_room,
11060,42687,53088,dressing_room,
11061,42687,53088,clean_room,
11062,42687,53088,museum/indoor,
11063,42687,53088,shower,
11064,42687,53088,art_gallery,
11065,42687,53112,bow_window/indoor,
11066,42687,53112,museum/indoor,
11067,42687,53112,art_gallery,
11068,42687,53112,artists_loft,
11069,42687,53112,alcove,
11070,42687,53136,elevator/door,
11071,42687,53136,bow_window/indoor,
11072,42687,53136,shower,
11073,42687,53136,closet,
11074,42687,53136,elevator_lobby,
11075,42687,53160,museum/indoor,
11076,42687,53160,clean_room,
11077,42687,53160,dressing_room,
11078,42687,53160,art_gallery,
11079,42687,53160,nursery,
11080,42687,53184,clean_room,
11081,42687,53184,museum/indoor,
11082,42687,53184,dressing_room,
11083,42687,53184,science_museum,
11084,42687,53184,art_gallery,
11085,42687,53208,clean_room,
11086,42687,53208,museum/indoor,
11087,42687,53208,dressing_room,
11088,42687,53208,science_museum,
11089,42687,53208,discotheque,
11090,42687,53232,clean_room,
11091,42687,53232,museum/indoor,
11092,42687,53232,dressing_room,
11093,42687,53232,chemistry_lab,
11094,42687,53232,science_museum,
11095,42687,53256,discotheque,
11096,42687,53256,museum/indoor,
11097,42687,53256,clean_room,
11098,42687,53256,nursery,
11099,42687,53256,science_museum,
11100,42687,53280,clean_room,
11101,42687,53280,museum/indoor,
11102,42687,53280,dressing_room,
11103,42687,53280,discotheque,
11104,42687,53280,science_museum,
11105,42687,53304,clean_room,
11106,42687,53304,dressing_room,
11107,42687,53304,beauty_salon,
11108,42687,53304,office,
11109,42687,53304,nursery,
11110,42687,53328,clean_room,
11111,42687,53328,dressing_room,
11112,42687,53328,museum/indoor,
11113,42687,53328,office,
11114,42687,53328,locker_room,
11115,42687,53352,clean_room,
11116,42687,53352,dressing_room,
11117,42687,53352,museum/indoor,
11118,42687,53352,archive,
11119,42687,53352,locker_room,
11120,42687,53376,clean_room,
11121,42687,53376,dressing_room,
11122,42687,53376,museum/indoor,
11123,42687,53376,art_gallery,
11124,42687,53376,archive,
11125,42687,53400,clean_room,
11126,42687,53400,dressing_room,
11127,42687,53400,museum/indoor,
11128,42687,53400,art_gallery,
11129,42687,53400,office,
11130,42687,53424,bow_window/indoor,
11131,42687,53424,museum/indoor,
11132,42687,53424,art_gallery,
11133,42687,53424,clean_room,
11134,42687,53424,artists_loft,
11135,42687,53448,clean_room,
11136,42687,53448,museum/indoor,
11137,42687,53448,dressing_room,
11138,42687,53448,art_gallery,
11139,42687,53448,clothing_store,
11140,42687,53472,museum/indoor,
11141,42687,53472,clean_room,
11142,42687,53472,art_gallery,
11143,42687,53472,science_museum,
11144,42687,53472,dressing_room,
11145,42687,53496,museum/indoor,
11146,42687,53496,clean_room,
11147,42687,53496,art_gallery,
11148,42687,53496,science_museum,
11149,42687,53496,beauty_salon,
11150,42687,53520,museum/indoor,
11151,42687,53520,clean_room,
11152,42687,53520,art_gallery,
11153,42687,53520,dressing_room,
11154,42687,53520,artists_loft,
11155,42687,53544,museum/indoor,
11156,42687,53544,dressing_room,
11157,42687,53544,art_gallery,
11158,42687,53544,clean_room,
11159,42687,53544,bow_window/indoor,
11160,42687,53568,museum/indoor,
11161,42687,53568,clean_room,
11162,42687,53568,art_gallery,
11163,42687,53568,bow_window/indoor,
11164,42687,53568,dressing_room,
11165,42687,53592,clean_room,
11166,42687,53592,museum/indoor,
11167,42687,53592,art_gallery,
11168,42687,53592,dressing_room,
11169,42687,53592,science_museum,
11170,42687,53616,clean_room,
11171,42687,53616,museum/indoor,
11172,42687,53616,art_gallery,
11173,42687,53616,science_museum,
11174,42687,53616,dressing_room,
11175,42687,53640,museum/indoor,
11176,42687,53640,clean_room,
11177,42687,53640,art_gallery,
11178,42687,53640,dressing_room,
11179,42687,53640,science_museum,
11180,42687,53664,dressing_room,
11181,42687,53664,museum/indoor,
11182,42687,53664,clean_room,
11183,42687,53664,art_gallery,
11184,42687,53664,clothing_store,
11185,42687,53688,museum/indoor,
11186,42687,53688,clean_room,
11187,42687,53688,art_gallery,
11188,42687,53688,dressing_room,
11189,42687,53688,shower,
11190,42687,53712,museum/indoor,
11191,42687,53712,clean_room,
11192,42687,53712,art_gallery,
11193,42687,53712,dressing_room,
11194,42687,53712,science_museum,
11195,42687,53736,clean_room,
11196,42687,53736,museum/indoor,
11197,42687,53736,art_gallery,
11198,42687,53736,artists_loft,
11199,42687,53736,dressing_room,
11200,42687,53760,museum/indoor,
11201,42687,53760,clean_room,
11202,42687,53760,art_gallery,
11203,42687,53760,dressing_room,
11204,42687,53760,artists_loft,
11205,42687,53784,museum/indoor,
11206,42687,53784,art_gallery,
11207,42687,53784,clean_room,
11208,42687,53784,artists_loft,
11209,42687,53784,dressing_room,
11210,42687,53808,museum/indoor,
11211,42687,53808,art_gallery,
11212,42687,53808,dressing_room,
11213,42687,53808,clean_room,
11214,42687,53808,archive,
11215,42687,53832,museum/indoor,
11216,42687,53832,art_gallery,
11217,42687,53832,dressing_room,
11218,42687,53832,clean_room,
11219,42687,53832,artists_loft,
11220,42687,53856,museum/indoor,
11221,42687,53856,art_gallery,
11222,42687,53856,clean_room,
11223,42687,53856,archive,
11224,42687,53856,dressing_room,
11225,42687,53880,dressing_room,
11226,42687,53880,museum/indoor,
11227,42687,53880,art_gallery,
11228,42687,53880,discotheque,
11229,42687,53880,clean_room,
11230,42687,53904,museum/indoor,
11231,42687,53904,art_gallery,
11232,42687,53904,clean_room,
11233,42687,53904,archive,
11234,42687,53904,dressing_room,
11235,42687,53928,clean_room,
11236,42687,53928,museum/indoor,
11237,42687,53928,corridor,
11238,42687,53928,entrance_hall,
11239,42687,53928,art_gallery,
11240,42687,53952,dressing_room,
11241,42687,53952,clean_room,
11242,42687,53952,museum/indoor,
11243,42687,53952,elevator_lobby,
11244,42687,53952,locker_room,
11245,42687,53976,archive,
11246,42687,53976,museum/indoor,
11247,42687,53976,clean_room,
11248,42687,53976,art_gallery,
11249,42687,53976,locker_room,
11250,42687,54000,archive,
11251,42687,54000,bow_window/indoor,
11252,42687,54000,museum/indoor,
11253,42687,54000,clean_room,
11254,42687,54000,art_gallery,
11255,42687,54024,clean_room,
11256,42687,54024,dressing_room,
11257,42687,54024,bow_window/indoor,
11258,42687,54024,archive,
11259,42687,54024,art_gallery,
11260,42687,54048,clean_room,
11261,42687,54048,lobby,
11262,42687,54048,office,
11263,42687,54048,bow_window/indoor,
11264,42687,54048,conference_room,
11265,42687,54072,museum/indoor,
11266,42687,54072,clean_room,
11267,42687,54072,dressing_room,
11268,42687,54072,hospital_room,
11269,42687,54072,dining_room,
11270,42687,54096,clean_room,
11271,42687,54096,office,
11272,42687,54096,dining_room,
11273,42687,54096,living_room,
11274,42687,54096,home_office,
11275,42687,54120,art_gallery,
11276,42687,54120,museum/indoor,
11277,42687,54120,clean_room,
11278,42687,54120,bathroom,
11279,42687,54120,science_museum,
11280,42687,54144,art_gallery,
11281,42687,54144,museum/indoor,
11282,42687,54144,dressing_room,
11283,42687,54144,shower,
11284,42687,54144,bathroom,
11285,42687,54168,museum/indoor,
11286,42687,54168,clean_room,
11287,42687,54168,art_gallery,
11288,42687,54168,dressing_room,
11289,42687,54168,science_museum,
11290,42687,54192,museum/indoor,
11291,42687,54192,jewelry_shop,
11292,42687,54192,art_gallery,
11293,42687,54192,artists_loft,
11294,42687,54192,clean_room,
11295,42687,54216,museum/indoor,
11296,42687,54216,art_gallery,
11297,42687,54216,clean_room,
11298,42687,54216,artists_loft,
11299,42687,54216,jewelry_shop,
11300,42687,54240,museum/indoor,
11301,42687,54240,art_gallery,
11302,42687,54240,jewelry_shop,
11303,42687,54240,science_museum,
11304,42687,54240,beauty_salon,
11305,42687,54264,museum/indoor,
11306,42687,54264,art_gallery,
11307,42687,54264,jewelry_shop,
11308,42687,54264,pharmacy,
11309,42687,54264,archive,
11310,42687,54288,museum/indoor,
11311,42687,54288,art_gallery,
11312,42687,54288,clean_room,
11313,42687,54288,jewelry_shop,
11314,42687,54288,pharmacy,
11315,42687,54312,museum/indoor,
11316,42687,54312,art_gallery,
11317,42687,54312,clean_room,
11318,42687,54312,science_museum,
11319,42687,54312,jewelry_shop,
11320,42687,54336,clean_room,
11321,42687,54336,corridor,
11322,42687,54336,locker_room,
11323,42687,54336,server_room,
11324,42687,54336,elevator/door,
11325,42687,54360,clean_room,
11326,42687,54360,archive,
11327,42687,54360,corridor,
11328,42687,54360,locker_room,
11329,42687,54360,dressing_room,
11330,42687,54384,corridor,
11331,42687,54384,archive,
11332,42687,54384,clean_room,
11333,42687,54384,office_cubicles,
11334,42687,54384,atrium/public,
11335,42687,54408,archive,
11336,42687,54408,clean_room,
11337,42687,54408,office_cubicles,
11338,42687,54408,office,
11339,42687,54408,art_gallery,
11340,42687,54432,clean_room,
11341,42687,54432,archive,
11342,42687,54432,corridor,
11343,42687,54432,office,
11344,42687,54432,office_cubicles,
11345,42687,54456,archive,
11346,42687,54456,clean_room,
11347,42687,54456,office,
11348,42687,54456,office_cubicles,
11349,42687,54456,corridor,
11350,42687,54480,clean_room,
11351,42687,54480,archive,
11352,42687,54480,museum/indoor,
11353,42687,54480,art_gallery,
11354,42687,54480,dressing_room,
11355,42687,54504,dressing_room,
11356,42687,54504,museum/indoor,
11357,42687,54504,television_studio,
11358,42687,54504,art_gallery,
11359,42687,54504,discotheque,
11360,42687,54528,dressing_room,
11361,42687,54528,beauty_salon,
11362,42687,54528,art_studio,
11363,42687,54528,television_studio,
11364,42687,54528,music_studio,
11365,42687,54552,dressing_room,
11366,42687,54552,discotheque,
11367,42687,54552,museum/indoor,
11368,42687,54552,music_studio,
11369,42687,54552,art_gallery,
11370,42687,54576,dressing_room,
11371,42687,54576,discotheque,
11372,42687,54576,music_studio,
11373,42687,54576,museum/indoor,
11374,42687,54576,beauty_salon,
11375,42687,54600,dressing_room,
11376,42687,54600,museum/indoor,
11377,42687,54600,art_gallery,
11378,42687,54600,discotheque,
11379,42687,54600,art_studio,
11380,42687,54624,clean_room,
11381,42687,54624,dressing_room,
11382,42687,54624,locker_room,
11383,42687,54624,archive,
11384,42687,54624,discotheque,
11385,42687,54648,clean_room,
11386,42687,54648,archive,
11387,42687,54648,dressing_room,
11388,42687,54648,office,
11389,42687,54648,office_cubicles,
11390,42687,54672,clean_room,
11391,42687,54672,office,
11392,42687,54672,reception,
11393,42687,54672,archive,
11394,42687,54672,office_cubicles,
11395,42687,54696,archive,
11396,42687,54696,office,
11397,42687,54696,office_cubicles,
11398,42687,54696,clean_room,
11399,42687,54696,corridor,
11400,42687,54720,clean_room,
11401,42687,54720,archive,
11402,42687,54720,office,
11403,42687,54720,office_cubicles,
11404,42687,54720,corridor,
11405,42687,54744,museum/indoor,
11406,42687,54744,dressing_room,
11407,42687,54744,shower,
11408,42687,54744,art_gallery,
11409,42687,54744,locker_room,
11410,42687,54768,dressing_room,
11411,42687,54768,museum/indoor,
11412,42687,54768,clean_room,
11413,42687,54768,locker_room,
11414,42687,54768,shower,
11415,42687,54792,dressing_room,
11416,42687,54792,museum/indoor,
11417,42687,54792,clean_room,
11418,42687,54792,bathroom,
11419,42687,54792,art_gallery,
11420,42687,54816,dressing_room,
11421,42687,54816,museum/indoor,
11422,42687,54816,clean_room,
11423,42687,54816,art_gallery,
11424,42687,54816,shower,
11425,42687,54840,dressing_room,
11426,42687,54840,museum/indoor,
11427,42687,54840,clean_room,
11428,42687,54840,bathroom,
11429,42687,54840,shower,
11430,42687,54864,dressing_room,
11431,42687,54864,museum/indoor,
11432,42687,54864,clean_room,
11433,42687,54864,art_gallery,
11434,42687,54864,bathroom,
11435,42687,54888,dressing_room,
11436,42687,54888,museum/indoor,
11437,42687,54888,clean_room,
11438,42687,54888,bathroom,
11439,42687,54888,shower,
11440,42687,54912,dressing_room,
11441,42687,54912,museum/indoor,
11442,42687,54912,clean_room,
11443,42687,54912,beauty_salon,
11444,42687,54912,science_museum,
11445,42687,54936,nursery,
11446,42687,54936,staircase,
11447,42687,54936,living_room,
11448,42687,54936,home_office,
11449,42687,54936,dining_room,
11450,42687,54960,nursery,
11451,42687,54960,staircase,
11452,42687,54960,living_room,
11453,42687,54960,home_office,
11454,42687,54960,dining_room,
11455,42687,54984,nursery,
11456,42687,54984,staircase,
11457,42687,54984,living_room,
11458,42687,54984,entrance_hall,
11459,42687,54984,home_office,
11460,42687,55008,nursery,
11461,42687,55008,staircase,
11462,42687,55008,living_room,
11463,42687,55008,home_office,
11464,42687,55008,dining_room,
11465,42687,55032,nursery,
11466,42687,55032,staircase,
11467,42687,55032,living_room,
11468,42687,55032,entrance_hall,
11469,42687,55032,home_office,
11470,42687,55056,nursery,
11471,42687,55056,staircase,
11472,42687,55056,living_room,
11473,42687,55056,entrance_hall,
11474,42687,55056,dining_room,
11475,42687,55080,nursery,
11476,42687,55080,staircase,
11477,42687,55080,living_room,
11478,42687,55080,entrance_hall,
11479,42687,55080,dining_room,
11480,42687,55104,nursery,
11481,42687,55104,staircase,
11482,42687,55104,living_room,
11483,42687,55104,home_office,
11484,42687,55104,dining_room,
11485,42687,55128,nursery,
11486,42687,55128,staircase,
11487,42687,55128,living_room,
11488,42687,55128,entrance_hall,
11489,42687,55128,home_office,
11490,42687,55152,nursery,
11491,42687,55152,staircase,
11492,42687,55152,living_room,
11493,42687,55152,entrance_hall,
11494,42687,55152,dining_room,
11495,42687,55176,nursery,
11496,42687,55176,staircase,
11497,42687,55176,living_room,
11498,42687,55176,home_office,
11499,42687,55176,entrance_hall,
11500,42687,55200,dressing_room,
11501,42687,55200,clean_room,
11502,42687,55200,museum/indoor,
11503,42687,55200,locker_room,
11504,42687,55200,art_gallery,
11505,42687,55224,dressing_room,
11506,42687,55224,clean_room,
11507,42687,55224,museum/indoor,
11508,42687,55224,beauty_salon,
11509,42687,55224,bathroom,
11510,42687,55248,dressing_room,
11511,42687,55248,museum/indoor,
11512,42687,55248,clean_room,
11513,42687,55248,locker_room,
11514,42687,55248,clothing_store,
11515,42687,55272,dressing_room,
11516,42687,55272,museum/indoor,
11517,42687,55272,clean_room,
11518,42687,55272,bathroom,
11519,42687,55272,art_gallery,
11520,42687,55296,dressing_room,
11521,42687,55296,museum/indoor,
11522,42687,55296,clean_room,
11523,42687,55296,music_studio,
11524,42687,55296,discotheque,
11525,42687,55320,dressing_room,
11526,42687,55320,museum/indoor,
11527,42687,55320,clean_room,
11528,42687,55320,shower,
11529,42687,55320,art_gallery,
11530,42687,55344,clean_room,
11531,42687,55344,dressing_room,
11532,42687,55344,museum/indoor,
11533,42687,55344,beauty_salon,
11534,42687,55344,locker_room,
11535,42687,55368,nursery,
11536,42687,55368,staircase,
11537,42687,55368,living_room,
11538,42687,55368,entrance_hall,
11539,42687,55368,corridor,
11540,42687,55392,nursery,
11541,42687,55392,staircase,
11542,42687,55392,living_room,
11543,42687,55392,entrance_hall,
11544,42687,55392,bedroom,
11545,42687,55416,nursery,
11546,42687,55416,staircase,
11547,42687,55416,living_room,
11548,42687,55416,bedroom,
11549,42687,55416,hotel_room,
11550,42687,55440,dressing_room,
11551,42687,55440,museum/indoor,
11552,42687,55440,art_gallery,
11553,42687,55440,clean_room,
11554,42687,55440,clothing_store,
11555,42687,55464,dressing_room,
11556,42687,55464,museum/indoor,
11557,42687,55464,locker_room,
11558,42687,55464,clothing_store,
11559,42687,55464,clean_room,
11560,42687,55488,dressing_room,
11561,42687,55488,museum/indoor,
11562,42687,55488,clean_room,
11563,42687,55488,bathroom,
11564,42687,55488,art_gallery,
11565,42687,55512,dressing_room,
11566,42687,55512,museum/indoor,
11567,42687,55512,clean_room,
11568,42687,55512,shower,
11569,42687,55512,bathroom,
11570,42687,55536,dressing_room,
11571,42687,55536,museum/indoor,
11572,42687,55536,art_gallery,
11573,42687,55536,clean_room,
11574,42687,55536,bathroom,
11575,42687,55560,dressing_room,
11576,42687,55560,clean_room,
11577,42687,55560,museum/indoor,
11578,42687,55560,bathroom,
11579,42687,55560,locker_room,
11580,42687,55584,museum/indoor,
11581,42687,55584,dressing_room,
11582,42687,55584,art_gallery,
11583,42687,55584,clean_room,
11584,42687,55584,shower,
11585,42687,55608,dressing_room,
11586,42687,55608,museum/indoor,
11587,42687,55608,clean_room,
11588,42687,55608,art_gallery,
11589,42687,55608,bathroom,
11590,42687,55632,staircase,
11591,42687,55632,nursery,
11592,42687,55632,living_room,
11593,42687,55632,clean_room,
11594,42687,55632,corridor,
11595,42687,55656,nursery,
11596,42687,55656,staircase,
11597,42687,55656,clean_room,
11598,42687,55656,living_room,
11599,42687,55656,corridor,
11600,42687,55680,staircase,
11601,42687,55680,nursery,
11602,42687,55680,corridor,
11603,42687,55680,living_room,
11604,42687,55680,clean_room,
11605,42687,55704,nursery,
11606,42687,55704,staircase,
11607,42687,55704,living_room,
11608,42687,55704,corridor,
11609,42687,55704,entrance_hall,
11610,42687,55728,nursery,
11611,42687,55728,staircase,
11612,42687,55728,living_room,
11613,42687,55728,corridor,
11614,42687,55728,entrance_hall,
11615,42687,55752,staircase,
11616,42687,55752,nursery,
11617,42687,55752,corridor,
11618,42687,55752,living_room,
11619,42687,55752,dressing_room,
11620,42687,55776,nursery,
11621,42687,55776,staircase,
11622,42687,55776,clean_room,
11623,42687,55776,living_room,
11624,42687,55776,corridor,
11625,42687,55800,nursery,
11626,42687,55800,staircase,
11627,42687,55800,living_room,
11628,42687,55800,home_office,
11629,42687,55800,hotel_room,
11630,42687,55824,nursery,
11631,42687,55824,staircase,
11632,42687,55824,living_room,
11633,42687,55824,home_office,
11634,42687,55824,hotel_room,
11635,42687,55848,museum/indoor,
11636,42687,55848,dressing_room,
11637,42687,55848,shower,
11638,42687,55848,bathroom,
11639,42687,55848,clean_room,
11640,42687,55872,dressing_room,
11641,42687,55872,museum/indoor,
11642,42687,55872,shower,
11643,42687,55872,bathroom,
11644,42687,55872,locker_room,
11645,42687,55896,dressing_room,
11646,42687,55896,museum/indoor,
11647,42687,55896,clean_room,
11648,42687,55896,locker_room,
11649,42687,55896,bathroom,
11650,42687,55920,museum/indoor,
11651,42687,55920,dressing_room,
11652,42687,55920,clean_room,
11653,42687,55920,art_gallery,
11654,42687,55920,science_museum,
11655,42687,55944,museum/indoor,
11656,42687,55944,dressing_room,
11657,42687,55944,clean_room,
11658,42687,55944,art_gallery,
11659,42687,55944,bathroom,
11660,42687,55968,museum/indoor,
11661,42687,55968,dressing_room,
11662,42687,55968,clean_room,
11663,42687,55968,art_gallery,
11664,42687,55968,science_museum,
11665,42687,55992,museum/indoor,
11666,42687,55992,dressing_room,
11667,42687,55992,art_gallery,
11668,42687,55992,clean_room,
11669,42687,55992,locker_room,
11670,42687,56016,dressing_room,
11671,42687,56016,museum/indoor,
11672,42687,56016,art_gallery,
11673,42687,56016,television_studio,
11674,42687,56016,clean_room,
11675,42687,56040,dressing_room,
11676,42687,56040,museum/indoor,
11677,42687,56040,bathroom,
11678,42687,56040,clean_room,
11679,42687,56040,art_gallery,
11680,42687,56064,dressing_room,
11681,42687,56064,museum/indoor,
11682,42687,56064,art_gallery,
11683,42687,56064,clean_room,
11684,42687,56064,bathroom,
11685,42687,56088,nursery,
11686,42687,56088,staircase,
11687,42687,56088,living_room,
11688,42687,56088,bedroom,
11689,42687,56088,childs_room,
11690,42687,56112,nursery,
11691,42687,56112,staircase,
11692,42687,56112,living_room,
11693,42687,56112,entrance_hall,
11694,42687,56112,clean_room,
11695,42687,56136,nursery,
11696,42687,56136,staircase,
11697,42687,56136,living_room,
11698,42687,56136,corridor,
11699,42687,56136,entrance_hall,
11700,42687,56160,nursery,
11701,42687,56160,staircase,
11702,42687,56160,living_room,
11703,42687,56160,clean_room,
11704,42687,56160,bedroom,
11705,42687,56184,nursery,
11706,42687,56184,staircase,
11707,42687,56184,clean_room,
11708,42687,56184,dressing_room,
11709,42687,56184,living_room,
11710,42687,56208,nursery,
11711,42687,56208,staircase,
11712,42687,56208,dressing_room,
11713,42687,56208,clean_room,
11714,42687,56208,living_room,
11715,42687,56232,nursery,
11716,42687,56232,dressing_room,
11717,42687,56232,staircase,
11718,42687,56232,clean_room,
11719,42687,56232,living_room,
11720,42687,56256,dressing_room,
11721,42687,56256,museum/indoor,
11722,42687,56256,clean_room,
11723,42687,56256,art_gallery,
11724,42687,56256,bathroom,
11725,42687,56280,dressing_room,
11726,42687,56280,museum/indoor,
11727,42687,56280,clean_room,
11728,42687,56280,locker_room,
11729,42687,56280,clothing_store,
11730,42687,56304,dressing_room,
11731,42687,56304,museum/indoor,
11732,42687,56304,clean_room,
11733,42687,56304,shower,
11734,42687,56304,bathroom,
11735,42687,56328,dressing_room,
11736,42687,56328,museum/indoor,
11737,42687,56328,clean_room,
11738,42687,56328,shower,
11739,42687,56328,clothing_store,
11740,42687,56352,nursery,
11741,42687,56352,staircase,
11742,42687,56352,dressing_room,
11743,42687,56352,clean_room,
11744,42687,56352,hotel_room,
11745,42687,56376,dressing_room,
11746,42687,56376,staircase,
11747,42687,56376,nursery,
11748,42687,56376,clean_room,
11749,42687,56376,corridor,
11750,42687,56400,nursery,
11751,42687,56400,staircase,
11752,42687,56400,clean_room,
11753,42687,56400,living_room,
11754,42687,56400,dressing_room,
11755,42687,56424,nursery,
11756,42687,56424,clean_room,
11757,42687,56424,staircase,
11758,42687,56424,dressing_room,
11759,42687,56424,beauty_salon,
11760,42687,56448,staircase,
11761,42687,56448,clean_room,
11762,42687,56448,dressing_room,
11763,42687,56448,nursery,
11764,42687,56448,art_gallery,
11765,42687,56472,nursery,
11766,42687,56472,staircase,
11767,42687,56472,clean_room,
11768,42687,56472,dressing_room,
11769,42687,56472,hospital_room,
11770,42687,56496,nursery,
11771,42687,56496,staircase,
11772,42687,56496,dressing_room,
11773,42687,56496,clean_room,
11774,42687,56496,beauty_salon,
11775,42687,56520,museum/indoor,
11776,42687,56520,dressing_room,
11777,42687,56520,clean_room,
11778,42687,56520,beauty_salon,
11779,42687,56520,shower,
11780,42687,56544,dressing_room,
11781,42687,56544,shower,
11782,42687,56544,bathroom,
11783,42687,56544,museum/indoor,
11784,42687,56544,clean_room,
11785,42687,56568,dressing_room,
11786,42687,56568,museum/indoor,
11787,42687,56568,clean_room,
11788,42687,56568,bathroom,
11789,42687,56568,shower,
11790,42687,56592,dressing_room,
11791,42687,56592,clean_room,
11792,42687,56592,museum/indoor,
11793,42687,56592,locker_room,
11794,42687,56592,bathroom,
11795,42687,56616,dressing_room,
11796,42687,56616,clean_room,
11797,42687,56616,museum/indoor,
11798,42687,56616,shower,
11799,42687,56616,beauty_salon,
11800,42687,56640,dressing_room,
11801,42687,56640,museum/indoor,
11802,42687,56640,clean_room,
11803,42687,56640,art_gallery,
11804,42687,56640,clothing_store,
11805,42687,56664,dressing_room,
11806,42687,56664,museum/indoor,
11807,42687,56664,art_gallery,
11808,42687,56664,clean_room,
11809,42687,56664,clothing_store,
11810,42687,56688,dressing_room,
11811,42687,56688,clean_room,
11812,42687,56688,museum/indoor,
11813,42687,56688,shower,
11814,42687,56688,locker_room,
11815,42687,56712,dressing_room,
11816,42687,56712,clean_room,
11817,42687,56712,museum/indoor,
11818,42687,56712,art_gallery,
11819,42687,56712,clothing_store,
11820,42687,56736,dressing_room,
11821,42687,56736,museum/indoor,
11822,42687,56736,clean_room,
11823,42687,56736,locker_room,
11824,42687,56736,art_gallery,
11825,42687,56760,museum/indoor,
11826,42687,56760,dressing_room,
11827,42687,56760,art_gallery,
11828,42687,56760,clean_room,
11829,42687,56760,clothing_store,
11830,42687,56784,museum/indoor,
11831,42687,56784,dressing_room,
11832,42687,56784,art_gallery,
11833,42687,56784,clean_room,
11834,42687,56784,shower,
11835,42687,56808,museum/indoor,
11836,42687,56808,dressing_room,
11837,42687,56808,art_gallery,
11838,42687,56808,clean_room,
11839,42687,56808,science_museum,
11840,42687,56832,museum/indoor,
11841,42687,56832,dressing_room,
11842,42687,56832,art_gallery,
11843,42687,56832,clean_room,
11844,42687,56832,clothing_store,
11845,42687,56856,nursery,
11846,42687,56856,clean_room,
11847,42687,56856,staircase,
11848,42687,56856,hotel_room,
11849,42687,56856,corridor,
11850,42687,56880,nursery,
11851,42687,56880,staircase,
11852,42687,56880,clean_room,
11853,42687,56880,corridor,
11854,42687,56880,dressing_room,
11855,42687,56904,nursery,
11856,42687,56904,clean_room,
11857,42687,56904,staircase,
11858,42687,56904,corridor,
11859,42687,56904,dressing_room,
11860,42687,56928,nursery,
11861,42687,56928,staircase,
11862,42687,56928,clean_room,
11863,42687,56928,living_room,
11864,42687,56928,corridor,
11865,42687,56952,nursery,
11866,42687,56952,staircase,
11867,42687,56952,clean_room,
11868,42687,56952,hotel_room,
11869,42687,56952,hospital_room,
11870,42687,56976,nursery,
11871,42687,56976,staircase,
11872,42687,56976,clean_room,
11873,42687,56976,dressing_room,
11874,42687,56976,corridor,
11875,42687,57000,nursery,
11876,42687,57000,staircase,
11877,42687,57000,clean_room,
11878,42687,57000,corridor,
11879,42687,57000,dressing_room,
11880,42687,57024,nursery,
11881,42687,57024,staircase,
11882,42687,57024,clean_room,
11883,42687,57024,corridor,
11884,42687,57024,dressing_room,
11885,42687,57048,nursery,
11886,42687,57048,staircase,
11887,42687,57048,clean_room,
11888,42687,57048,corridor,
11889,42687,57048,hospital_room,
11890,42687,57072,clean_room,
11891,42687,57072,staircase,
11892,42687,57072,nursery,
11893,42687,57072,corridor,
11894,42687,57072,hospital_room,
11895,42687,57096,dressing_room,
11896,42687,57096,museum/indoor,
11897,42687,57096,art_gallery,
11898,42687,57096,clean_room,
11899,42687,57096,shower,
11900,42687,57120,dressing_room,
11901,42687,57120,museum/indoor,
11902,42687,57120,clean_room,
11903,42687,57120,art_gallery,
11904,42687,57120,locker_room,
11905,42687,57144,dressing_room,
11906,42687,57144,museum/indoor,
11907,42687,57144,clean_room,
11908,42687,57144,art_gallery,
11909,42687,57144,bathroom,
11910,42687,57168,dressing_room,
11911,42687,57168,clean_room,
11912,42687,57168,museum/indoor,
11913,42687,57168,music_studio,
11914,42687,57168,art_gallery,
11915,42687,57192,museum/indoor,
11916,42687,57192,clean_room,
11917,42687,57192,dressing_room,
11918,42687,57192,science_museum,
11919,42687,57192,natural_history_museum,
11920,42687,57216,museum/indoor,
11921,42687,57216,clean_room,
11922,42687,57216,dressing_room,
11923,42687,57216,science_museum,
11924,42687,57216,art_gallery,
11925,42687,57240,clean_room,
11926,42687,57240,dressing_room,
11927,42687,57240,archive,
11928,42687,57240,office,
11929,42687,57240,beauty_salon,
11930,42687,57264,dressing_room,
11931,42687,57264,museum/indoor,
11932,42687,57264,clean_room,
11933,42687,57264,archive,
11934,42687,57264,art_gallery,
11935,42687,57288,museum/indoor,
11936,42687,57288,clean_room,
11937,42687,57288,archive,
11938,42687,57288,dressing_room,
11939,42687,57288,music_studio,
11940,42687,57312,museum/indoor,
11941,42687,57312,clean_room,
11942,42687,57312,archive,
11943,42687,57312,art_gallery,
11944,42687,57312,dressing_room,
11945,42687,57336,museum/indoor,
11946,42687,57336,clean_room,
11947,42687,57336,art_gallery,
11948,42687,57336,archive,
11949,42687,57336,dressing_room,
11950,42687,57360,clean_room,
11951,42687,57360,museum/indoor,
11952,42687,57360,archive,
11953,42687,57360,art_gallery,
11954,42687,57360,dressing_room,
11955,42687,57384,clean_room,
11956,42687,57384,archive,
11957,42687,57384,museum/indoor,
11958,42687,57384,hospital_room,
11959,42687,57384,dressing_room,
11960,42687,57408,clean_room,
11961,42687,57408,dressing_room,
11962,42687,57408,museum/indoor,
11963,42687,57408,archive,
11964,42687,57408,hospital_room,
11965,42687,57432,clean_room,
11966,42687,57432,museum/indoor,
11967,42687,57432,archive,
11968,42687,57432,dressing_room,
11969,42687,57432,ballroom,
11970,42687,57456,clean_room,
11971,42687,57456,museum/indoor,
11972,42687,57456,dressing_room,
11973,42687,57456,archive,
11974,42687,57456,hospital_room,
11975,42687,57480,clean_room,
11976,42687,57480,museum/indoor,
11977,42687,57480,art_gallery,
11978,42687,57480,science_museum,
11979,42687,57480,dressing_room,
11980,42687,57504,museum/indoor,
11981,42687,57504,clean_room,
11982,42687,57504,art_gallery,
11983,42687,57504,dressing_room,
11984,42687,57504,archive,
11985,42687,57528,museum/indoor,
11986,42687,57528,clean_room,
11987,42687,57528,art_gallery,
11988,42687,57528,dressing_room,
11989,42687,57528,archive,
11990,42687,57552,clean_room,
11991,42687,57552,clothing_store,
11992,42687,57552,archive,
11993,42687,57552,locker_room,
11994,42687,57552,corridor,
11995,42687,57576,clean_room,
11996,42687,57576,archive,
11997,42687,57576,clothing_store,
11998,42687,57576,locker_room,
11999,42687,57576,corridor,
12000,42687,57600,clean_room,
12001,42687,57600,archive,
12002,42687,57600,corridor,
12003,42687,57600,pharmacy,
12004,42687,57600,dressing_room,
12005,42687,57624,clean_room,
12006,42687,57624,dressing_room,
12007,42687,57624,archive,
12008,42687,57624,clothing_store,
12009,42687,57624,operating_room,
12010,42687,57648,clean_room,
12011,42687,57648,dressing_room,
12012,42687,57648,archive,
12013,42687,57648,clothing_store,
12014,42687,57648,pharmacy,
12015,42687,57672,clean_room,
12016,42687,57672,dressing_room,
12017,42687,57672,archive,
12018,42687,57672,clothing_store,
12019,42687,57672,locker_room,
12020,42687,57696,clean_room,
12021,42687,57696,locker_room,
12022,42687,57696,dressing_room,
12023,42687,57696,archive,
12024,42687,57696,clothing_store,
12025,42687,57720,clean_room,
12026,42687,57720,dressing_room,
12027,42687,57720,archive,
12028,42687,57720,locker_room,
12029,42687,57720,clothing_store,
12030,42687,57744,clean_room,
12031,42687,57744,archive,
12032,42687,57744,dressing_room,
12033,42687,57744,corridor,
12034,42687,57744,locker_room,
12035,42687,57768,clean_room,
12036,42687,57768,archive,
12037,42687,57768,dressing_room,
12038,42687,57768,corridor,
12039,42687,57768,atrium/public,
12040,42687,57792,clean_room,
12041,42687,57792,archive,
12042,42687,57792,server_room,
12043,42687,57792,corridor,
12044,42687,57792,dressing_room,
12045,42687,57816,clean_room,
12046,42687,57816,archive,
12047,42687,57816,dressing_room,
12048,42687,57816,pharmacy,
12049,42687,57816,museum/indoor,
12050,42687,57840,clean_room,
12051,42687,57840,archive,
12052,42687,57840,corridor,
12053,42687,57840,pharmacy,
12054,42687,57840,server_room,
12055,42687,57864,clean_room,
12056,42687,57864,archive,
12057,42687,57864,corridor,
12058,42687,57864,pharmacy,
12059,42687,57864,dressing_room,
12060,42687,57888,clean_room,
12061,42687,57888,archive,
12062,42687,57888,corridor,
12063,42687,57888,pharmacy,
12064,42687,57888,clothing_store,
12065,42687,57912,clean_room,
12066,42687,57912,dressing_room,
12067,42687,57912,museum/indoor,
12068,42687,57912,locker_room,
12069,42687,57912,chemistry_lab,
12070,42687,57936,clean_room,
12071,42687,57936,dressing_room,
12072,42687,57936,museum/indoor,
12073,42687,57936,art_gallery,
12074,42687,57936,hospital_room,
12075,42687,57960,clean_room,
12076,42687,57960,dressing_room,
12077,42687,57960,museum/indoor,
12078,42687,57960,art_gallery,
12079,42687,57960,chemistry_lab,
12080,42687,57984,dressing_room,
12081,42687,57984,clean_room,
12082,42687,57984,museum/indoor,
12083,42687,57984,locker_room,
12084,42687,57984,clothing_store,
12085,42687,58008,clean_room,
12086,42687,58008,dressing_room,
12087,42687,58008,hospital_room,
12088,42687,58008,locker_room,
12089,42687,58008,clothing_store,
12090,42687,58032,clean_room,
12091,42687,58032,dressing_room,
12092,42687,58032,hospital_room,
12093,42687,58032,museum/indoor,
12094,42687,58032,locker_room,
12095,42687,58056,clean_room,
12096,42687,58056,dressing_room,
12097,42687,58056,hospital_room,
12098,42687,58056,museum/indoor,
12099,42687,58056,beauty_salon,
12100,42687,58080,clean_room,
12101,42687,58080,dressing_room,
12102,42687,58080,locker_room,
12103,42687,58080,hospital_room,
12104,42687,58080,elevator_lobby,
12105,42687,58104,clean_room,
12106,42687,58104,dressing_room,
12107,42687,58104,hospital_room,
12108,42687,58104,locker_room,
12109,42687,58104,reception,
12110,42687,58128,clean_room,
12111,42687,58128,corridor,
12112,42687,58128,museum/indoor,
12113,42687,58128,clothing_store,
12114,42687,58128,archive,
12115,42687,58152,clean_room,
12116,42687,58152,pharmacy,
12117,42687,58152,archive,
12118,42687,58152,clothing_store,
12119,42687,58152,corridor,
12120,42687,58176,clean_room,
12121,42687,58176,archive,
12122,42687,58176,pharmacy,
12123,42687,58176,clothing_store,
12124,42687,58176,corridor,
12125,42687,58200,clean_room,
12126,42687,58200,clothing_store,
12127,42687,58200,archive,
12128,42687,58200,pharmacy,
12129,42687,58200,corridor,
12130,42687,58224,clean_room,
12131,42687,58224,archive,
12132,42687,58224,clothing_store,
12133,42687,58224,corridor,
12134,42687,58224,pharmacy,
12135,42687,58248,clean_room,
12136,42687,58248,clothing_store,
12137,42687,58248,archive,
12138,42687,58248,dressing_room,
12139,42687,58248,corridor,
12140,42687,58272,clean_room,
12141,42687,58272,archive,
12142,42687,58272,dressing_room,
12143,42687,58272,pharmacy,
12144,42687,58272,corridor,
12145,42687,58296,clean_room,
12146,42687,58296,archive,
12147,42687,58296,pharmacy,
12148,42687,58296,atrium/public,
12149,42687,58296,corridor,
12150,42687,58320,clean_room,
12151,42687,58320,archive,
12152,42687,58320,pharmacy,
12153,42687,58320,dressing_room,
12154,42687,58320,corridor,
12155,42687,58344,clean_room,
12156,42687,58344,archive,
12157,42687,58344,pharmacy,
12158,42687,58344,dressing_room,
12159,42687,58344,operating_room,
12160,42687,58368,clean_room,
12161,42687,58368,archive,
12162,42687,58368,pharmacy,
12163,42687,58368,dressing_room,
12164,42687,58368,locker_room,
12165,42687,58392,clean_room,
12166,42687,58392,archive,
12167,42687,58392,pharmacy,
12168,42687,58392,dressing_room,
12169,42687,58392,museum/indoor,
12170,42687,58416,clean_room,
12171,42687,58416,archive,
12172,42687,58416,elevator/door,
12173,42687,58416,dressing_room,
12174,42687,58416,elevator_lobby,
12175,42687,58440,clean_room,
12176,42687,58440,archive,
12177,42687,58440,elevator/door,
12178,42687,58440,corridor,
12179,42687,58440,elevator_lobby,
12180,42687,58464,dressing_room,
12181,42687,58464,beauty_salon,
12182,42687,58464,clean_room,
12183,42687,58464,discotheque,
12184,42687,58464,museum/indoor,
12185,42687,58488,dressing_room,
12186,42687,58488,beauty_salon,
12187,42687,58488,clean_room,
12188,42687,58488,museum/indoor,
12189,42687,58488,art_gallery,
12190,42687,58512,dressing_room,
12191,42687,58512,clean_room,
12192,42687,58512,museum/indoor,
12193,42687,58512,art_gallery,
12194,42687,58512,beauty_salon,
12195,42687,58536,dressing_room,
12196,42687,58536,clean_room,
12197,42687,58536,museum/indoor,
12198,42687,58536,beauty_salon,
12199,42687,58536,jewelry_shop,
12200,42687,58560,clean_room,
12201,42687,58560,dressing_room,
12202,42687,58560,museum/indoor,
12203,42687,58560,art_gallery,
12204,42687,58560,beauty_salon,
12205,42687,58584,clean_room,
12206,42687,58584,dressing_room,
12207,42687,58584,museum/indoor,
12208,42687,58584,art_gallery,
12209,42687,58584,beauty_salon,
12210,42687,58608,clean_room,
12211,42687,58608,dressing_room,
12212,42687,58608,discotheque,
12213,42687,58608,beauty_salon,
12214,42687,58608,biology_laboratory,
12215,42687,58632,clean_room,
12216,42687,58632,dressing_room,
12217,42687,58632,hospital_room,
12218,42687,58632,locker_room,
12219,42687,58632,chemistry_lab,
12220,42687,58656,clean_room,
12221,42687,58656,dressing_room,
12222,42687,58656,hospital_room,
12223,42687,58656,locker_room,
12224,42687,58656,operating_room,
12225,42687,58680,clean_room,
12226,42687,58680,dressing_room,
12227,42687,58680,locker_room,
12228,42687,58680,hospital_room,
12229,42687,58680,museum/indoor,
12230,42687,58704,clean_room,
12231,42687,58704,corridor,
12232,42687,58704,locker_room,
12233,42687,58704,elevator_lobby,
12234,42687,58704,elevator/door,
12235,42687,58728,clean_room,
12236,42687,58728,archive,
12237,42687,58728,corridor,
12238,42687,58728,locker_room,
12239,42687,58728,dressing_room,
12240,42687,58752,clean_room,
12241,42687,58752,dressing_room,
12242,42687,58752,archive,
12243,42687,58752,locker_room,
12244,42687,58752,corridor,
12245,42687,58776,clean_room,
12246,42687,58776,archive,
12247,42687,58776,dressing_room,
12248,42687,58776,locker_room,
12249,42687,58776,martial_arts_gym,
12250,42687,58800,clean_room,
12251,42687,58800,archive,
12252,42687,58800,dressing_room,
12253,42687,58800,hospital_room,
12254,42687,58800,locker_room,
12255,42687,58824,clean_room,
12256,42687,58824,archive,
12257,42687,58824,locker_room,
12258,42687,58824,corridor,
12259,42687,58824,dressing_room,
12260,42687,58848,clean_room,
12261,42687,58848,archive,
12262,42687,58848,pharmacy,
12263,42687,58848,hospital_room,
12264,42687,58848,operating_room,
12265,42687,58872,clean_room,
12266,42687,58872,dressing_room,
12267,42687,58872,museum/indoor,
12268,42687,58872,beauty_salon,
12269,42687,58872,art_gallery,
12270,42687,58896,dressing_room,
12271,42687,58896,clean_room,
12272,42687,58896,beauty_salon,
12273,42687,58896,museum/indoor,
12274,42687,58896,clothing_store,
12275,42687,58920,dressing_room,
12276,42687,58920,clean_room,
12277,42687,58920,beauty_salon,
12278,42687,58920,discotheque,
12279,42687,58920,museum/indoor,
12280,42687,58944,dressing_room,
12281,42687,58944,discotheque,
12282,42687,58944,beauty_salon,
12283,42687,58944,clean_room,
12284,42687,58944,museum/indoor,
12285,42687,58968,dressing_room,
12286,42687,58968,clean_room,
12287,42687,58968,beauty_salon,
12288,42687,58968,clothing_store,
12289,42687,58968,discotheque,
12290,42687,58992,dressing_room,
12291,42687,58992,clean_room,
12292,42687,58992,museum/indoor,
12293,42687,58992,beauty_salon,
12294,42687,58992,discotheque,
12295,42687,59016,discotheque,
12296,42687,59016,dressing_room,
12297,42687,59016,clean_room,
12298,42687,59016,beauty_salon,
12299,42687,59016,hospital_room,
12300,42687,59040,dressing_room,
12301,42687,59040,clean_room,
12302,42687,59040,beauty_salon,
12303,42687,59040,discotheque,
12304,42687,59040,locker_room,
12305,42687,59064,dressing_room,
12306,42687,59064,clean_room,
12307,42687,59064,beauty_salon,
12308,42687,59064,discotheque,
12309,42687,59064,clothing_store,
12310,42687,59088,dressing_room,
12311,42687,59088,beauty_salon,
12312,42687,59088,clean_room,
12313,42687,59088,discotheque,
12314,42687,59088,clothing_store,
12315,42687,59112,dressing_room,
12316,42687,59112,museum/indoor,
12317,42687,59112,discotheque,
12318,42687,59112,beauty_salon,
12319,42687,59112,clothing_store,
12320,42687,59136,museum/indoor,
12321,42687,59136,dressing_room,
12322,42687,59136,beauty_salon,
12323,42687,59136,clean_room,
12324,42687,59136,clothing_store,
12325,42687,59160,clean_room,
12326,42687,59160,archive,
12327,42687,59160,pharmacy,
12328,42687,59160,operating_room,
12329,42687,59160,biology_laboratory,
12330,42687,59184,clean_room,
12331,42687,59184,archive,
12332,42687,59184,pharmacy,
12333,42687,59184,drugstore,
12334,42687,59184,server_room,
12335,42687,59208,clean_room,
12336,42687,59208,archive,
12337,42687,59208,pharmacy,
12338,42687,59208,drugstore,
12339,42687,59208,server_room,
12340,42687,59232,clean_room,
12341,42687,59232,archive,
12342,42687,59232,pharmacy,
12343,42687,59232,dressing_room,
12344,42687,59232,locker_room,
12345,42687,59256,clean_room,
12346,42687,59256,archive,
12347,42687,59256,pharmacy,
12348,42687,59256,dressing_room,
12349,42687,59256,drugstore,
12350,42687,59280,clean_room,
12351,42687,59280,archive,
12352,42687,59280,pharmacy,
12353,42687,59280,drugstore,
12354,42687,59280,server_room,
12355,42687,59304,clean_room,
12356,42687,59304,archive,
12357,42687,59304,dressing_room,
12358,42687,59304,clothing_store,
12359,42687,59304,museum/indoor,
12360,42687,59328,dressing_room,
12361,42687,59328,museum/indoor,
12362,42687,59328,clean_room,
12363,42687,59328,beauty_salon,
12364,42687,59328,clothing_store,
12365,42687,59352,clean_room,
12366,42687,59352,dressing_room,
12367,42687,59352,discotheque,
12368,42687,59352,museum/indoor,
12369,42687,59352,archive,
12370,42687,59376,discotheque,
12371,42687,59376,clean_room,
12372,42687,59376,dressing_room,
12373,42687,59376,museum/indoor,
12374,42687,59376,television_studio,
12375,42687,59400,discotheque,
12376,42687,59400,dressing_room,
12377,42687,59400,museum/indoor,
12378,42687,59400,television_studio,
12379,42687,59400,clean_room,
12380,42687,59424,dressing_room,
12381,42687,59424,museum/indoor,
12382,42687,59424,clean_room,
12383,42687,59424,art_gallery,
12384,42687,59424,science_museum,
12385,42687,59448,clean_room,
12386,42687,59448,dressing_room,
12387,42687,59448,pharmacy,
12388,42687,59448,operating_room,
12389,42687,59448,clothing_store,
12390,42687,59472,clean_room,
12391,42687,59472,dressing_room,
12392,42687,59472,clothing_store,
12393,42687,59472,archive,
12394,42687,59472,pharmacy,
12395,42687,59496,clean_room,
12396,42687,59496,dressing_room,
12397,42687,59496,archive,
12398,42687,59496,hospital_room,
12399,42687,59496,operating_room,
12400,42687,59520,clean_room,
12401,42687,59520,dressing_room,
12402,42687,59520,museum/indoor,
12403,42687,59520,archive,
12404,42687,59520,hospital_room,
12405,42687,59544,clean_room,
12406,42687,59544,dressing_room,
12407,42687,59544,operating_room,
12408,42687,59544,hospital_room,
12409,42687,59544,museum/indoor,
12410,42687,59568,clean_room,
12411,42687,59568,dressing_room,
12412,42687,59568,clothing_store,
12413,42687,59568,museum/indoor,
12414,42687,59568,operating_room,
12415,42687,59592,clean_room,
12416,42687,59592,dressing_room,
12417,42687,59592,archive,
12418,42687,59592,operating_room,
12419,42687,59592,museum/indoor,
12420,42687,59616,clean_room,
12421,42687,59616,pharmacy,
12422,42687,59616,operating_room,
12423,42687,59616,biology_laboratory,
12424,42687,59616,chemistry_lab,
12425,42687,59640,clean_room,
12426,42687,59640,pharmacy,
12427,42687,59640,operating_room,
12428,42687,59640,archive,
12429,42687,59640,biology_laboratory,
12430,42687,59664,clean_room,
12431,42687,59664,pharmacy,
12432,42687,59664,archive,
12433,42687,59664,operating_room,
12434,42687,59664,museum/indoor,
12435,42687,59688,clean_room,
12436,42687,59688,pharmacy,
12437,42687,59688,archive,
12438,42687,59688,drugstore,
12439,42687,59688,operating_room,
12440,42687,59712,clean_room,
12441,42687,59712,pharmacy,
12442,42687,59712,archive,
12443,42687,59712,operating_room,
12444,42687,59712,museum/indoor,
12445,42687,59736,clean_room,
12446,42687,59736,archive,
12447,42687,59736,pharmacy,
12448,42687,59736,operating_room,
12449,42687,59736,hospital_room,
12450,42687,59760,clean_room,
12451,42687,59760,archive,
12452,42687,59760,pharmacy,
12453,42687,59760,hospital_room,
12454,42687,59760,operating_room,
12455,42687,59784,clean_room,
12456,42687,59784,archive,
12457,42687,59784,pharmacy,
12458,42687,59784,operating_room,
12459,42687,59784,hospital_room,
12460,42687,59808,dressing_room,
12461,42687,59808,clean_room,
12462,42687,59808,sauna,
12463,42687,59808,archive,
12464,42687,59808,locker_room,
12465,42687,59832,clean_room,
12466,42687,59832,archive,
12467,42687,59832,pharmacy,
12468,42687,59832,locker_room,
12469,42687,59832,hospital_room,
12470,42687,59856,dressing_room,
12471,42687,59856,sauna,
12472,42687,59856,locker_room,
12473,42687,59856,clean_room,
12474,42687,59856,hospital_room,
12475,42687,59880,staircase,
12476,42687,59880,entrance_hall,
12477,42687,59880,mezzanine,
12478,42687,59880,lobby,
12479,42687,59880,corridor,
12480,42687,59904,staircase,
12481,42687,59904,entrance_hall,
12482,42687,59904,corridor,
12483,42687,59904,mezzanine,
12484,42687,59904,lobby,
12485,42687,59928,staircase,
12486,42687,59928,entrance_hall,
12487,42687,59928,mezzanine,
12488,42687,59928,corridor,
12489,42687,59928,lobby,
12490,42687,59952,staircase,
12491,42687,59952,entrance_hall,
12492,42687,59952,lobby,
12493,42687,59952,corridor,
12494,42687,59952,mezzanine,
12495,42687,59976,staircase,
12496,42687,59976,corridor,
12497,42687,59976,entrance_hall,
12498,42687,59976,clean_room,
12499,42687,59976,lobby,
12500,42687,60000,clean_room,
12501,42687,60000,archive,
12502,42687,60000,pharmacy,
12503,42687,60000,corridor,
12504,42687,60000,staircase,
12505,42687,60024,staircase,
12506,42687,60024,archive,
12507,42687,60024,clean_room,
12508,42687,60024,entrance_hall,
12509,42687,60024,atrium/public,
12510,42687,60048,clean_room,
12511,42687,60048,archive,
12512,42687,60048,staircase,
12513,42687,60048,museum/indoor,
12514,42687,60048,corridor,
12515,42687,60072,clean_room,
12516,42687,60072,archive,
12517,42687,60072,staircase,
12518,42687,60072,museum/indoor,
12519,42687,60072,corridor,
12520,42687,60096,clean_room,
12521,42687,60096,staircase,
12522,42687,60096,archive,
12523,42687,60096,corridor,
12524,42687,60096,pharmacy,
12525,42687,60120,clean_room,
12526,42687,60120,archive,
12527,42687,60120,museum/indoor,
12528,42687,60120,pharmacy,
12529,42687,60120,corridor,
12530,42687,60144,clean_room,
12531,42687,60144,archive,
12532,42687,60144,museum/indoor,
12533,42687,60144,clothing_store,
12534,42687,60144,martial_arts_gym,
12535,42687,60168,clean_room,
12536,42687,60168,staircase,
12537,42687,60168,corridor,
12538,42687,60168,clothing_store,
12539,42687,60168,archive,
12540,42687,60192,staircase,
12541,42687,60192,entrance_hall,
12542,42687,60192,corridor,
12543,42687,60192,atrium/public,
12544,42687,60192,museum/indoor,
12545,42687,60216,clean_room,
12546,42687,60216,museum/indoor,
12547,42687,60216,archive,
12548,42687,60216,clothing_store,
12549,42687,60216,art_gallery,
12550,42687,60240,clean_room,
12551,42687,60240,museum/indoor,
12552,42687,60240,corridor,
12553,42687,60240,entrance_hall,
12554,42687,60240,art_gallery,
12555,42687,60264,staircase,
12556,42687,60264,archive,
12557,42687,60264,escalator/indoor,
12558,42687,60264,entrance_hall,
12559,42687,60264,atrium/public,
12560,42687,60288,clean_room,
12561,42687,60288,beauty_salon,
12562,42687,60288,artists_loft,
12563,42687,60288,archive,
12564,42687,60288,bow_window/indoor,
12565,42687,60312,hospital_room,
12566,42687,60312,clean_room,
12567,42687,60312,beauty_salon,
12568,42687,60312,bedroom,
12569,42687,60312,operating_room,
12570,42687,60336,clean_room,
12571,42687,60336,dressing_room,
12572,42687,60336,hospital_room,
12573,42687,60336,museum/indoor,
12574,42687,60336,operating_room,
12575,42687,60360,clean_room,
12576,42687,60360,museum/indoor,
12577,42687,60360,archive,
12578,42687,60360,dressing_room,
12579,42687,60360,art_gallery,
12580,42687,60384,museum/indoor,
12581,42687,60384,art_gallery,
12582,42687,60384,entrance_hall,
12583,42687,60384,bow_window/indoor,
12584,42687,60384,lobby,
12585,42687,60408,museum/indoor,
12586,42687,60408,clean_room,
12587,42687,60408,dressing_room,
12588,42687,60408,beauty_salon,
12589,42687,60408,art_gallery,
12590,42687,60432,clean_room,
12591,42687,60432,museum/indoor,
12592,42687,60432,entrance_hall,
12593,42687,60432,staircase,
12594,42687,60432,lobby,
12595,42687,60456,staircase,
12596,42687,60456,entrance_hall,
12597,42687,60456,living_room,
12598,42687,60456,bow_window/indoor,
12599,42687,60456,clean_room,
12600,42687,60480,staircase,
12601,42687,60480,clean_room,
12602,42687,60480,archive,
12603,42687,60480,entrance_hall,
12604,42687,60480,atrium/public,
12605,42687,60504,clean_room,
12606,42687,60504,archive,
12607,42687,60504,nursing_home,
12608,42687,60504,nursery,
12609,42687,60504,operating_room,
12610,42687,60528,archive,
12611,42687,60528,clean_room,
12612,42687,60528,museum/indoor,
12613,42687,60528,lecture_room,
12614,42687,60528,nursery,
12615,42687,60552,clean_room,
12616,42687,60552,archive,
12617,42687,60552,lecture_room,
12618,42687,60552,classroom,
12619,42687,60552,office,
12620,42687,60576,clean_room,
12621,42687,60576,archive,
12622,42687,60576,nursery,
12623,42687,60576,museum/indoor,
12624,42687,60576,operating_room,
12625,42687,60600,archive,
12626,42687,60600,classroom,
12627,42687,60600,clean_room,
12628,42687,60600,operating_room,
12629,42687,60600,office,
12630,42687,60624,clean_room,
12631,42687,60624,archive,
12632,42687,60624,operating_room,
12633,42687,60624,hospital_room,
12634,42687,60624,office,
12635,42687,60648,clean_room,
12636,42687,60648,museum/indoor,
12637,42687,60648,operating_room,
12638,42687,60648,archive,
12639,42687,60648,nursery,
12640,42687,60672,museum/indoor,
12641,42687,60672,archive,
12642,42687,60672,classroom,
12643,42687,60672,nursery,
12644,42687,60672,ballroom,
12645,42687,60696,archive,
12646,42687,60696,clean_room,
12647,42687,60696,locker_room,
12648,42687,60696,pharmacy,
12649,42687,60696,hospital_room,
12650,42687,60720,clean_room,
12651,42687,60720,archive,
12652,42687,60720,dressing_room,
12653,42687,60720,chemistry_lab,
12654,42687,60720,hospital_room,
12655,42687,60744,archive,
12656,42687,60744,clean_room,
12657,42687,60744,dressing_room,
12658,42687,60744,beauty_salon,
12659,42687,60744,chemistry_lab,
12660,42687,60768,archive,
12661,42687,60768,clean_room,
12662,42687,60768,dressing_room,
12663,42687,60768,beauty_salon,
12664,42687,60768,chemistry_lab,
12665,42687,60792,dressing_room,
12666,42687,60792,archive,
12667,42687,60792,clean_room,
12668,42687,60792,locker_room,
12669,42687,60792,beauty_salon,
12670,42687,60816,archive,
12671,42687,60816,dressing_room,
12672,42687,60816,locker_room,
12673,42687,60816,clean_room,
12674,42687,60816,office,
12675,42687,60840,archive,
12676,42687,60840,dressing_room,
12677,42687,60840,clean_room,
12678,42687,60840,locker_room,
12679,42687,60840,office,
12680,42687,60864,archive,
12681,42687,60864,pharmacy,
12682,42687,60864,clean_room,
12683,42687,60864,bookstore,
12684,42687,60864,dressing_room,
12685,42687,60888,clean_room,
12686,42687,60888,archive,
12687,42687,60888,museum/indoor,
12688,42687,60888,pharmacy,
12689,42687,60888,nursery,
12690,42687,60912,clean_room,
12691,42687,60912,archive,
12692,42687,60912,pharmacy,
12693,42687,60912,dressing_room,
12694,42687,60912,chemistry_lab,
12695,42687,60936,clean_room,
12696,42687,60936,archive,
12697,42687,60936,dressing_room,
12698,42687,60936,chemistry_lab,
12699,42687,60936,pharmacy,
12700,42687,60960,clean_room,
12701,42687,60960,archive,
12702,42687,60960,museum/indoor,
12703,42687,60960,chemistry_lab,
12704,42687,60960,dressing_room,
12705,42687,60984,dressing_room,
12706,42687,60984,clean_room,
12707,42687,60984,archive,
12708,42687,60984,beauty_salon,
12709,42687,60984,hospital_room,
12710,42687,61008,clean_room,
12711,42687,61008,dressing_room,
12712,42687,61008,archive,
12713,42687,61008,locker_room,
12714,42687,61008,hospital_room,
12715,42687,61032,clean_room,
12716,42687,61032,dressing_room,
12717,42687,61032,hospital_room,
12718,42687,61032,archive,
12719,42687,61032,chemistry_lab,
12720,42687,61056,clean_room,
12721,42687,61056,dressing_room,
12722,42687,61056,hospital_room,
12723,42687,61056,ice_cream_parlor,
12724,42687,61056,nursery,
12725,42687,61080,clean_room,
12726,42687,61080,dressing_room,
12727,42687,61080,hospital_room,
12728,42687,61080,archive,
12729,42687,61080,nursery,
12730,42687,61104,clean_room,
12731,42687,61104,dressing_room,
12732,42687,61104,ice_cream_parlor,
12733,42687,61104,hospital_room,
12734,42687,61104,archive,
12735,42687,61128,dressing_room,
12736,42687,61128,clean_room,
12737,42687,61128,archive,
12738,42687,61128,locker_room,
12739,42687,61128,nursery,
12740,42687,61152,dressing_room,
12741,42687,61152,clean_room,
12742,42687,61152,hospital_room,
12743,42687,61152,nursery,
12744,42687,61152,archive,
12745,42687,61176,dressing_room,
12746,42687,61176,locker_room,
12747,42687,61176,archive,
12748,42687,61176,clean_room,
12749,42687,61176,hospital_room,
12750,42687,61200,clean_room,
12751,42687,61200,chemistry_lab,
12752,42687,61200,biology_laboratory,
12753,42687,61200,physics_laboratory,
12754,42687,61200,archive,
12755,42687,61224,clean_room,
12756,42687,61224,chemistry_lab,
12757,42687,61224,biology_laboratory,
12758,42687,61224,archive,
12759,42687,61224,physics_laboratory,
12760,42687,61248,clean_room,
12761,42687,61248,biology_laboratory,
12762,42687,61248,chemistry_lab,
12763,42687,61248,archive,
12764,42687,61248,physics_laboratory,
12765,42687,61272,clean_room,
12766,42687,61272,biology_laboratory,
12767,42687,61272,chemistry_lab,
12768,42687,61272,physics_laboratory,
12769,42687,61272,dressing_room,
12770,42687,61296,clean_room,
12771,42687,61296,biology_laboratory,
12772,42687,61296,chemistry_lab,
12773,42687,61296,operating_room,
12774,42687,61296,physics_laboratory,
12775,42687,61320,clean_room,
12776,42687,61320,biology_laboratory,
12777,42687,61320,chemistry_lab,
12778,42687,61320,operating_room,
12779,42687,61320,physics_laboratory,
12780,42687,61344,clean_room,
12781,42687,61344,chemistry_lab,
12782,42687,61344,biology_laboratory,
12783,42687,61344,archive,
12784,42687,61344,physics_laboratory,
12785,42687,61368,clean_room,
12786,42687,61368,chemistry_lab,
12787,42687,61368,biology_laboratory,
12788,42687,61368,archive,
12789,42687,61368,physics_laboratory,
12790,42687,61392,clean_room,
12791,42687,61392,chemistry_lab,
12792,42687,61392,biology_laboratory,
12793,42687,61392,archive,
12794,42687,61392,physics_laboratory,
12795,42687,61416,clean_room,
12796,42687,61416,museum/indoor,
12797,42687,61416,archive,
12798,42687,61416,operating_room,
12799,42687,61416,art_gallery,
12800,42687,61440,museum/indoor,
12801,42687,61440,archive,
12802,42687,61440,clean_room,
12803,42687,61440,operating_room,
12804,42687,61440,nursery,
12805,42687,61464,clean_room,
12806,42687,61464,museum/indoor,
12807,42687,61464,archive,
12808,42687,61464,operating_room,
12809,42687,61464,natural_history_museum,
12810,42687,61488,clean_room,
12811,42687,61488,archive,
12812,42687,61488,museum/indoor,
12813,42687,61488,nursery,
12814,42687,61488,martial_arts_gym,
12815,42687,61512,museum/indoor,
12816,42687,61512,clean_room,
12817,42687,61512,archive,
12818,42687,61512,operating_room,
12819,42687,61512,natural_history_museum,
12820,42687,61536,clean_room,
12821,42687,61536,archive,
12822,42687,61536,museum/indoor,
12823,42687,61536,nursery,
12824,42687,61536,natural_history_museum,
12825,42687,61560,clean_room,
12826,42687,61560,museum/indoor,
12827,42687,61560,archive,
12828,42687,61560,nursery,
12829,42687,61560,operating_room,
12830,42687,61584,clean_room,
12831,42687,61584,archive,
12832,42687,61584,nursery,
12833,42687,61584,museum/indoor,
12834,42687,61584,operating_room,
12835,42687,61608,clean_room,
12836,42687,61608,dressing_room,
12837,42687,61608,operating_room,
12838,42687,61608,hospital_room,
12839,42687,61608,clothing_store,
12840,42687,61632,clean_room,
12841,42687,61632,dressing_room,
12842,42687,61632,operating_room,
12843,42687,61632,hospital_room,
12844,42687,61632,archive,
12845,42687,61656,clean_room,
12846,42687,61656,dressing_room,
12847,42687,61656,operating_room,
12848,42687,61656,archive,
12849,42687,61656,museum/indoor,
12850,42687,61680,clean_room,
12851,42687,61680,dressing_room,
12852,42687,61680,archive,
12853,42687,61680,operating_room,
12854,42687,61680,chemistry_lab,
12855,42687,61704,clean_room,
12856,42687,61704,museum/indoor,
12857,42687,61704,archive,
12858,42687,61704,dressing_room,
12859,42687,61704,operating_room,
12860,42687,61728,clean_room,
12861,42687,61728,museum/indoor,
12862,42687,61728,archive,
12863,42687,61728,dressing_room,
12864,42687,61728,nursery,
12865,42687,61752,clean_room,
12866,42687,61752,museum/indoor,
12867,42687,61752,archive,
12868,42687,61752,operating_room,
12869,42687,61752,nursery,
12870,42687,61776,clean_room,
12871,42687,61776,archive,
12872,42687,61776,museum/indoor,
12873,42687,61776,dressing_room,
12874,42687,61776,operating_room,
12875,42687,61800,clean_room,
12876,42687,61800,museum/indoor,
12877,42687,61800,archive,
12878,42687,61800,dressing_room,
12879,42687,61800,operating_room,
12880,42687,61824,clean_room,
12881,42687,61824,archive,
12882,42687,61824,dressing_room,
12883,42687,61824,museum/indoor,
12884,42687,61824,operating_room,
12885,42687,61848,clean_room,
12886,42687,61848,archive,
12887,42687,61848,dressing_room,
12888,42687,61848,museum/indoor,
12889,42687,61848,ballroom,
12890,42687,61872,clean_room,
12891,42687,61872,archive,
12892,42687,61872,museum/indoor,
12893,42687,61872,dressing_room,
12894,42687,61872,physics_laboratory,
12895,42687,61896,clean_room,
12896,42687,61896,archive,
12897,42687,61896,museum/indoor,
12898,42687,61896,physics_laboratory,
12899,42687,61896,dressing_room,
12900,42687,61920,clean_room,
12901,42687,61920,archive,
12902,42687,61920,museum/indoor,
12903,42687,61920,dressing_room,
12904,42687,61920,physics_laboratory,
12905,42687,61944,clean_room,
12906,42687,61944,archive,
12907,42687,61944,dressing_room,
12908,42687,61944,physics_laboratory,
12909,42687,61944,operating_room,
12910,42687,61968,clean_room,
12911,42687,61968,archive,
12912,42687,61968,dressing_room,
12913,42687,61968,office,
12914,42687,61968,locker_room,
12915,42687,61992,clean_room,
12916,42687,61992,archive,
12917,42687,61992,museum/indoor,
12918,42687,61992,operating_room,
12919,42687,61992,office,
12920,42687,62016,clean_room,
12921,42687,62016,corridor,
12922,42687,62016,nursing_home,
12923,42687,62016,hospital_room,
12924,42687,62016,museum/indoor,
12925,42687,62040,clean_room,
12926,42687,62040,operating_room,
12927,42687,62040,entrance_hall,
12928,42687,62040,museum/indoor,
12929,42687,62040,corridor,
12930,42687,62064,clean_room,
12931,42687,62064,corridor,
12932,42687,62064,dressing_room,
12933,42687,62064,museum/indoor,
12934,42687,62064,entrance_hall,
12935,42687,62088,clean_room,
12936,42687,62088,corridor,
12937,42687,62088,entrance_hall,
12938,42687,62088,museum/indoor,
12939,42687,62088,dressing_room,
12940,42687,62112,clean_room,
12941,42687,62112,corridor,
12942,42687,62112,entrance_hall,
12943,42687,62112,museum/indoor,
12944,42687,62112,staircase,
12945,42687,62136,entrance_hall,
12946,42687,62136,living_room,
12947,42687,62136,museum/indoor,
12948,42687,62136,staircase,
12949,42687,62136,nursery,
12950,42687,62160,corridor,
12951,42687,62160,entrance_hall,
12952,42687,62160,clean_room,
12953,42687,62160,living_room,
12954,42687,62160,staircase,
12955,42687,62184,entrance_hall,
12956,42687,62184,clean_room,
12957,42687,62184,corridor,
12958,42687,62184,staircase,
12959,42687,62184,living_room,
12960,42687,62208,dressing_room,
12961,42687,62208,dining_room,
12962,42687,62208,wet_bar,
12963,42687,62208,clean_room,
12964,42687,62208,living_room,
12965,42687,62232,dressing_room,
12966,42687,62232,clean_room,
12967,42687,62232,locker_room,
12968,42687,62232,clothing_store,
12969,42687,62232,martial_arts_gym,
12970,42687,62256,clean_room,
12971,42687,62256,dressing_room,
12972,42687,62256,archive,
12973,42687,62256,museum/indoor,
12974,42687,62256,art_gallery,
12975,42687,62280,clean_room,
12976,42687,62280,dressing_room,
12977,42687,62280,archive,
12978,42687,62280,locker_room,
12979,42687,62280,operating_room,
12980,42687,62304,clean_room,
12981,42687,62304,dressing_room,
12982,42687,62304,operating_room,
12983,42687,62304,archive,
12984,42687,62304,hospital_room,
12985,42687,62328,clean_room,
12986,42687,62328,dressing_room,
12987,42687,62328,clothing_store,
12988,42687,62328,museum/indoor,
12989,42687,62328,locker_room,
12990,42687,62352,archive,
12991,42687,62352,clean_room,
12992,42687,62352,office,
12993,42687,62352,nursery,
12994,42687,62352,museum/indoor,
12995,42687,62376,archive,
12996,42687,62376,clean_room,
12997,42687,62376,museum/indoor,
12998,42687,62376,office,
12999,42687,62376,library/indoor,
13000,42687,62400,archive,
13001,42687,62400,clean_room,
13002,42687,62400,museum/indoor,
13003,42687,62400,nursery,
13004,42687,62400,office,
13005,42687,62424,archive,
13006,42687,62424,clean_room,
13007,42687,62424,museum/indoor,
13008,42687,62424,lecture_room,
13009,42687,62424,natural_history_museum,
13010,42687,62448,archive,
13011,42687,62448,clean_room,
13012,42687,62448,office,
13013,42687,62448,museum/indoor,
13014,42687,62448,lecture_room,
13015,42687,62472,archive,
13016,42687,62472,museum/indoor,
13017,42687,62472,clean_room,
13018,42687,62472,office,
13019,42687,62472,lecture_room,
13020,42687,62496,museum/indoor,
13021,42687,62496,archive,
13022,42687,62496,clean_room,
13023,42687,62496,natural_history_museum,
13024,42687,62496,art_gallery,
13025,42687,62520,museum/indoor,
13026,42687,62520,archive,
13027,42687,62520,clean_room,
13028,42687,62520,lecture_room,
13029,42687,62520,art_gallery,
13030,42687,62544,clean_room,
13031,42687,62544,dressing_room,
13032,42687,62544,museum/indoor,
13033,42687,62544,clothing_store,
13034,42687,62544,archive,
13035,42687,62568,clean_room,
13036,42687,62568,dressing_room,
13037,42687,62568,archive,
13038,42687,62568,locker_room,
13039,42687,62568,museum/indoor,
13040,42687,62592,clean_room,
13041,42687,62592,dressing_room,
13042,42687,62592,archive,
13043,42687,62592,museum/indoor,
13044,42687,62592,operating_room,
13045,42687,62616,clean_room,
13046,42687,62616,dressing_room,
13047,42687,62616,museum/indoor,
13048,42687,62616,art_gallery,
13049,42687,62616,archive,
13050,42687,62640,dressing_room,
13051,42687,62640,clean_room,
13052,42687,62640,museum/indoor,
13053,42687,62640,locker_room,
13054,42687,62640,art_gallery,
13055,42687,62664,clean_room,
13056,42687,62664,dressing_room,
13057,42687,62664,art_gallery,
13058,42687,62664,museum/indoor,
13059,42687,62664,locker_room,
13060,42687,62688,clean_room,
13061,42687,62688,chemistry_lab,
13062,42687,62688,operating_room,
13063,42687,62688,biology_laboratory,
13064,42687,62688,physics_laboratory,
13065,42687,62712,clean_room,
13066,42687,62712,chemistry_lab,
13067,42687,62712,biology_laboratory,
13068,42687,62712,physics_laboratory,
13069,42687,62712,operating_room,
13070,42687,62736,clean_room,
13071,42687,62736,chemistry_lab,
13072,42687,62736,operating_room,
13073,42687,62736,physics_laboratory,
13074,42687,62736,biology_laboratory,
13075,42687,62760,clean_room,
13076,42687,62760,archive,
13077,42687,62760,chemistry_lab,
13078,42687,62760,biology_laboratory,
13079,42687,62760,physics_laboratory,
13080,42687,62784,clean_room,
13081,42687,62784,chemistry_lab,
13082,42687,62784,biology_laboratory,
13083,42687,62784,archive,
13084,42687,62784,operating_room,
13085,42687,62808,clean_room,
13086,42687,62808,chemistry_lab,
13087,42687,62808,biology_laboratory,
13088,42687,62808,dressing_room,
13089,42687,62808,beauty_salon,
13090,42687,62832,clean_room,
13091,42687,62832,chemistry_lab,
13092,42687,62832,beauty_salon,
13093,42687,62832,dressing_room,
13094,42687,62832,operating_room,
13095,42687,62856,clean_room,
13096,42687,62856,beauty_salon,
13097,42687,62856,archive,
13098,42687,62856,operating_room,
13099,42687,62856,museum/indoor,
13100,42687,62880,clean_room,
13101,42687,62880,beauty_salon,
13102,42687,62880,operating_room,
13103,42687,62880,chemistry_lab,
13104,42687,62880,archive,
13105,42687,62904,clean_room,
13106,42687,62904,beauty_salon,
13107,42687,62904,museum/indoor,
13108,42687,62904,archive,
13109,42687,62904,operating_room,
13110,42687,62928,clean_room,
13111,42687,62928,beauty_salon,
13112,42687,62928,dressing_room,
13113,42687,62928,museum/indoor,
13114,42687,62928,operating_room,
13115,42687,62952,clean_room,
13116,42687,62952,museum/indoor,
13117,42687,62952,physics_laboratory,
13118,42687,62952,operating_room,
13119,42687,62952,archive,
13120,42687,62976,clean_room,
13121,42687,62976,operating_room,
13122,42687,62976,physics_laboratory,
13123,42687,62976,chemistry_lab,
13124,42687,62976,archive,
13125,42687,63000,clean_room,
13126,42687,63000,museum/indoor,
13127,42687,63000,archive,
13128,42687,63000,physics_laboratory,
13129,42687,63000,operating_room,
13130,42687,63024,clean_room,
13131,42687,63024,operating_room,
13132,42687,63024,beauty_salon,
13133,42687,63024,dressing_room,
13134,42687,63024,hospital_room,
13135,42687,63048,clean_room,
13136,42687,63048,operating_room,
13137,42687,63048,hospital_room,
13138,42687,63048,beauty_salon,
13139,42687,63048,chemistry_lab,
13140,42687,63072,clean_room,
13141,42687,63072,operating_room,
13142,42687,63072,beauty_salon,
13143,42687,63072,hospital_room,
13144,42687,63072,dressing_room,
13145,42687,63096,clean_room,
13146,42687,63096,operating_room,
13147,42687,63096,archive,
13148,42687,63096,hospital_room,
13149,42687,63096,chemistry_lab,
13150,42687,63120,clean_room,
13151,42687,63120,operating_room,
13152,42687,63120,beauty_salon,
13153,42687,63120,archive,
13154,42687,63120,chemistry_lab,
13155,42687,63144,clean_room,
13156,42687,63144,archive,
13157,42687,63144,museum/indoor,
13158,42687,63144,dressing_room,
13159,42687,63144,operating_room,
13160,42687,63168,clean_room,
13161,42687,63168,museum/indoor,
13162,42687,63168,archive,
13163,42687,63168,dressing_room,
13164,42687,63168,biology_laboratory,
13165,42687,63192,clean_room,
13166,42687,63192,museum/indoor,
13167,42687,63192,dressing_room,
13168,42687,63192,art_gallery,
13169,42687,63192,clothing_store,
13170,42687,63216,clean_room,
13171,42687,63216,dressing_room,
13172,42687,63216,locker_room,
13173,42687,63216,clothing_store,
13174,42687,63216,museum/indoor,
13175,42687,63240,clean_room,
13176,42687,63240,dressing_room,
13177,42687,63240,museum/indoor,
13178,42687,63240,clothing_store,
13179,42687,63240,locker_room,
13180,42687,63264,clean_room,
13181,42687,63264,dressing_room,
13182,42687,63264,clothing_store,
13183,42687,63264,museum/indoor,
13184,42687,63264,hospital_room,
13185,42687,63288,clean_room,
13186,42687,63288,dressing_room,
13187,42687,63288,museum/indoor,
13188,42687,63288,clothing_store,
13189,42687,63288,locker_room,
13190,42687,63312,dressing_room,
13191,42687,63312,clean_room,
13192,42687,63312,museum/indoor,
13193,42687,63312,clothing_store,
13194,42687,63312,art_gallery,
13195,42687,63336,clean_room,
13196,42687,63336,museum/indoor,
13197,42687,63336,art_gallery,
13198,42687,63336,dressing_room,
13199,42687,63336,martial_arts_gym,
13200,42687,63360,clean_room,
13201,42687,63360,dressing_room,
13202,42687,63360,hospital_room,
13203,42687,63360,museum/indoor,
13204,42687,63360,locker_room,
13205,42687,63384,clean_room,
13206,42687,63384,museum/indoor,
13207,42687,63384,dressing_room,
13208,42687,63384,operating_room,
13209,42687,63384,hospital_room,
13210,42687,63408,dressing_room,
13211,42687,63408,living_room,
13212,42687,63408,clean_room,
13213,42687,63408,ballroom,
13214,42687,63408,beauty_salon,
13215,42687,63432,dressing_room,
13216,42687,63432,bedroom,
13217,42687,63432,hotel_room,
13218,42687,63432,childs_room,
13219,42687,63432,living_room,
13220,42687,63456,dressing_room,
13221,42687,63456,bedroom,
13222,42687,63456,hotel_room,
13223,42687,63456,living_room,
13224,42687,63456,wet_bar,
13225,42687,63480,dressing_room,
13226,42687,63480,living_room,
13227,42687,63480,beauty_salon,
13228,42687,63480,bedroom,
13229,42687,63480,clean_room,
13230,42687,63504,dressing_room,
13231,42687,63504,bedroom,
13232,42687,63504,clean_room,
13233,42687,63504,living_room,
13234,42687,63504,beauty_salon,
13235,42687,63528,bedroom,
13236,42687,63528,dressing_room,
13237,42687,63528,childs_room,
13238,42687,63528,living_room,
13239,42687,63528,bedchamber,
13240,42687,63552,dressing_room,
13241,42687,63552,bedroom,
13242,42687,63552,living_room,
13243,42687,63552,alcove,
13244,42687,63552,childs_room,
13245,42687,63576,dressing_room,
13246,42687,63576,bedroom,
13247,42687,63576,clean_room,
13248,42687,63576,living_room,
13249,42687,63576,hospital_room,
13250,42687,63600,clean_room,
13251,42687,63600,dressing_room,
13252,42687,63600,corridor,
13253,42687,63600,museum/indoor,
13254,42687,63600,elevator_lobby,
13255,42687,63624,entrance_hall,
13256,42687,63624,lobby,
13257,42687,63624,staircase,
13258,42687,63624,corridor,
13259,42687,63624,living_room,
13260,42687,63648,banquet_hall,
13261,42687,63648,dining_room,
13262,42687,63648,chemistry_lab,
13263,42687,63648,dining_hall,
13264,42687,63648,restaurant,
13265,42687,63672,dining_room,
13266,42687,63672,dining_hall,
13267,42687,63672,banquet_hall,
13268,42687,63672,cafeteria,
13269,42687,63672,restaurant,
13270,42687,63696,dining_room,
13271,42687,63696,dining_hall,
13272,42687,63696,banquet_hall,
13273,42687,63696,cafeteria,
13274,42687,63696,restaurant,
13275,42687,63720,dining_room,
13276,42687,63720,dining_hall,
13277,42687,63720,banquet_hall,
13278,42687,63720,cafeteria,
13279,42687,63720,restaurant,
13280,42687,63744,dining_room,
13281,42687,63744,dining_hall,
13282,42687,63744,banquet_hall,
13283,42687,63744,restaurant,
13284,42687,63744,cafeteria,
13285,42687,63768,dining_room,
13286,42687,63768,dining_hall,
13287,42687,63768,banquet_hall,
13288,42687,63768,cafeteria,
13289,42687,63768,restaurant,
13290,42687,63792,dining_room,
13291,42687,63792,dining_hall,
13292,42687,63792,banquet_hall,
13293,42687,63792,cafeteria,
13294,42687,63792,restaurant,
13295,42687,63816,dining_room,
13296,42687,63816,dining_hall,
13297,42687,63816,banquet_hall,
13298,42687,63816,restaurant,
13299,42687,63816,cafeteria,
13300,42687,63840,dining_room,
13301,42687,63840,dining_hall,
13302,42687,63840,banquet_hall,
13303,42687,63840,restaurant,
13304,42687,63840,cafeteria,
13305,42687,63864,dining_room,
13306,42687,63864,dining_hall,
13307,42687,63864,banquet_hall,
13308,42687,63864,restaurant,
13309,42687,63864,cafeteria,
13310,42687,63888,dining_room,
13311,42687,63888,dining_hall,
13312,42687,63888,banquet_hall,
13313,42687,63888,restaurant,
13314,42687,63888,cafeteria,
13315,42687,63912,dining_room,
13316,42687,63912,dining_hall,
13317,42687,63912,banquet_hall,
13318,42687,63912,cafeteria,
13319,42687,63912,restaurant,
13320,42687,63936,dining_room,
13321,42687,63936,dining_hall,
13322,42687,63936,banquet_hall,
13323,42687,63936,restaurant,
13324,42687,63936,cafeteria,
13325,42687,63960,dining_room,
13326,42687,63960,dining_hall,
13327,42687,63960,banquet_hall,
13328,42687,63960,restaurant,
13329,42687,63960,cafeteria,
13330,42687,63984,dining_room,
13331,42687,63984,dining_hall,
13332,42687,63984,banquet_hall,
13333,42687,63984,restaurant,
13334,42687,63984,cafeteria,
13335,42687,64008,dining_room,
13336,42687,64008,dining_hall,
13337,42687,64008,banquet_hall,
13338,42687,64008,restaurant,
13339,42687,64008,cafeteria,
13340,42687,64032,dining_room,
13341,42687,64032,dining_hall,
13342,42687,64032,banquet_hall,
13343,42687,64032,cafeteria,
13344,42687,64032,restaurant,
13345,42687,64056,dining_room,
13346,42687,64056,dining_hall,
13347,42687,64056,banquet_hall,
13348,42687,64056,cafeteria,
13349,42687,64056,restaurant,
13350,42687,64080,dining_room,
13351,42687,64080,dining_hall,
13352,42687,64080,banquet_hall,
13353,42687,64080,restaurant,
13354,42687,64080,cafeteria,
13355,42687,64104,dining_room,
13356,42687,64104,dining_hall,
13357,42687,64104,banquet_hall,
13358,42687,64104,restaurant,
13359,42687,64104,cafeteria,
13360,42687,64128,dining_room,
13361,42687,64128,dining_hall,
13362,42687,64128,banquet_hall,
13363,42687,64128,restaurant,
13364,42687,64128,cafeteria,
13365,42687,64152,dining_room,
13366,42687,64152,dining_hall,
13367,42687,64152,banquet_hall,
13368,42687,64152,restaurant,
13369,42687,64152,cafeteria,
13370,42687,64176,dining_room,
13371,42687,64176,dining_hall,
13372,42687,64176,banquet_hall,
13373,42687,64176,restaurant,
13374,42687,64176,cafeteria,
13375,42687,64200,dining_room,
13376,42687,64200,dining_hall,
13377,42687,64200,banquet_hall,
13378,42687,64200,restaurant,
13379,42687,64200,cafeteria,
13380,42687,64224,dining_room,
13381,42687,64224,dining_hall,
13382,42687,64224,banquet_hall,
13383,42687,64224,restaurant,
13384,42687,64224,cafeteria,
13385,42687,64248,dining_room,
13386,42687,64248,dining_hall,
13387,42687,64248,banquet_hall,
13388,42687,64248,restaurant,
13389,42687,64248,cafeteria,
13390,42687,64272,dining_room,
13391,42687,64272,dining_hall,
13392,42687,64272,banquet_hall,
13393,42687,64272,restaurant,
13394,42687,64272,cafeteria,
13395,42687,64296,dining_room,
13396,42687,64296,dining_hall,
13397,42687,64296,banquet_hall,
13398,42687,64296,restaurant,
13399,42687,64296,cafeteria,
13400,42687,64320,dining_room,
13401,42687,64320,banquet_hall,
13402,42687,64320,dining_hall,
13403,42687,64320,restaurant,
13404,42687,64320,cafeteria,
13405,42687,64344,dining_room,
13406,42687,64344,dining_hall,
13407,42687,64344,banquet_hall,
13408,42687,64344,restaurant,
13409,42687,64344,cafeteria,
13410,42687,64368,banquet_hall,
13411,42687,64368,dining_room,
13412,42687,64368,dining_hall,
13413,42687,64368,restaurant,
13414,42687,64368,cafeteria,
13415,42687,64392,banquet_hall,
13416,42687,64392,dining_room,
13417,42687,64392,dining_hall,
13418,42687,64392,restaurant,
13419,42687,64392,cafeteria,
13420,42687,64416,banquet_hall,
13421,42687,64416,dining_hall,
13422,42687,64416,dining_room,
13423,42687,64416,restaurant,
13424,42687,64416,cafeteria,
13425,42687,64440,banquet_hall,
13426,42687,64440,dining_room,
13427,42687,64440,dining_hall,
13428,42687,64440,restaurant,
13429,42687,64440,dressing_room,
13430,42687,64464,banquet_hall,
13431,42687,64464,dining_room,
13432,42687,64464,dining_hall,
13433,42687,64464,restaurant,
13434,42687,64464,dressing_room,
13435,42687,64488,banquet_hall,
13436,42687,64488,dining_room,
13437,42687,64488,dining_hall,
13438,42687,64488,restaurant,
13439,42687,64488,dressing_room,
13440,42687,64512,banquet_hall,
13441,42687,64512,dining_room,
13442,42687,64512,dining_hall,
13443,42687,64512,restaurant,
13444,42687,64512,cafeteria,
13445,42687,64536,banquet_hall,
13446,42687,64536,dining_room,
13447,42687,64536,dining_hall,
13448,42687,64536,restaurant,
13449,42687,64536,cafeteria,
13450,42687,64560,banquet_hall,
13451,42687,64560,dining_room,
13452,42687,64560,dining_hall,
13453,42687,64560,restaurant,
13454,42687,64560,cafeteria,
13455,42687,64584,banquet_hall,
13456,42687,64584,dining_room,
13457,42687,64584,dining_hall,
13458,42687,64584,restaurant,
13459,42687,64584,cafeteria,
13460,42687,64608,banquet_hall,
13461,42687,64608,dining_hall,
13462,42687,64608,dining_room,
13463,42687,64608,restaurant,
13464,42687,64608,cafeteria,
13465,42687,64632,banquet_hall,
13466,42687,64632,dining_hall,
13467,42687,64632,dining_room,
13468,42687,64632,restaurant,
13469,42687,64632,cafeteria,
13470,42687,64656,banquet_hall,
13471,42687,64656,dining_room,
13472,42687,64656,dining_hall,
13473,42687,64656,restaurant,
13474,42687,64656,cafeteria,
13475,42687,64680,banquet_hall,
13476,42687,64680,dining_room,
13477,42687,64680,dining_hall,
13478,42687,64680,restaurant,
13479,42687,64680,cafeteria,
13480,42687,64704,banquet_hall,
13481,42687,64704,dining_room,
13482,42687,64704,dining_hall,
13483,42687,64704,restaurant,
13484,42687,64704,cafeteria,
13485,42687,64728,banquet_hall,
13486,42687,64728,dining_room,
13487,42687,64728,dining_hall,
13488,42687,64728,restaurant,
13489,42687,64728,cafeteria,
13490,42687,64752,banquet_hall,
13491,42687,64752,dining_room,
13492,42687,64752,dining_hall,
13493,42687,64752,restaurant,
13494,42687,64752,cafeteria,
13495,42687,64776,banquet_hall,
13496,42687,64776,dining_room,
13497,42687,64776,dining_hall,
13498,42687,64776,restaurant,
13499,42687,64776,dressing_room,
13500,42687,64800,banquet_hall,
13501,42687,64800,dining_room,
13502,42687,64800,dining_hall,
13503,42687,64800,restaurant,
13504,42687,64800,dressing_room,
13505,42687,64824,banquet_hall,
13506,42687,64824,dining_room,
13507,42687,64824,dining_hall,
13508,42687,64824,dressing_room,
13509,42687,64824,restaurant,
13510,42687,64848,banquet_hall,
13511,42687,64848,dining_room,
13512,42687,64848,dining_hall,
13513,42687,64848,dressing_room,
13514,42687,64848,restaurant,
13515,42687,64872,restaurant,
13516,42687,64872,dining_room,
13517,42687,64872,dining_hall,
13518,42687,64872,banquet_hall,
13519,42687,64872,cafeteria,
13520,42687,64896,restaurant,
13521,42687,64896,dining_room,
13522,42687,64896,dining_hall,
13523,42687,64896,banquet_hall,
13524,42687,64896,cafeteria,
13525,42687,64920,restaurant,
13526,42687,64920,dining_room,
13527,42687,64920,dining_hall,
13528,42687,64920,banquet_hall,
13529,42687,64920,cafeteria,
13530,42687,64944,restaurant,
13531,42687,64944,dining_room,
13532,42687,64944,dining_hall,
13533,42687,64944,banquet_hall,
13534,42687,64944,cafeteria,
13535,42687,64968,banquet_hall,
13536,42687,64968,dining_room,
13537,42687,64968,dining_hall,
13538,42687,64968,restaurant,
13539,42687,64968,dressing_room,
13540,42687,64992,banquet_hall,
13541,42687,64992,dining_room,
13542,42687,64992,dining_hall,
13543,42687,64992,restaurant,
13544,42687,64992,dressing_room,
13545,42687,65016,banquet_hall,
13546,42687,65016,dining_room,
13547,42687,65016,dining_hall,
13548,42687,65016,restaurant,
13549,42687,65016,cafeteria,
13550,42687,65040,banquet_hall,
13551,42687,65040,dining_room,
13552,42687,65040,dining_hall,
13553,42687,65040,dressing_room,
13554,42687,65040,restaurant,
13555,42687,65064,banquet_hall,
13556,42687,65064,dining_room,
13557,42687,65064,dining_hall,
13558,42687,65064,restaurant,
13559,42687,65064,dressing_room,
13560,42687,65088,banquet_hall,
13561,42687,65088,dining_room,
13562,42687,65088,dining_hall,
13563,42687,65088,restaurant,
13564,42687,65088,dressing_room,
13565,42687,65112,banquet_hall,
13566,42687,65112,dining_room,
13567,42687,65112,dining_hall,
13568,42687,65112,restaurant,
13569,42687,65112,dressing_room,
13570,42687,65136,banquet_hall,
13571,42687,65136,dining_room,
13572,42687,65136,dining_hall,
13573,42687,65136,restaurant,
13574,42687,65136,cafeteria,
13575,42687,65160,banquet_hall,
13576,42687,65160,dining_room,
13577,42687,65160,dining_hall,
13578,42687,65160,restaurant,
13579,42687,65160,cafeteria,
13580,42687,65184,pharmacy,
13581,42687,65184,dressing_room,
13582,42687,65184,clean_room,
13583,42687,65184,chemistry_lab,
13584,42687,65184,beauty_salon,
13585,42687,65208,pharmacy,
13586,42687,65208,clean_room,
13587,42687,65208,dressing_room,
13588,42687,65208,chemistry_lab,
13589,42687,65208,biology_laboratory,
13590,42687,65232,clean_room,
13591,42687,65232,pharmacy,
13592,42687,65232,dressing_room,
13593,42687,65232,chemistry_lab,
13594,42687,65232,biology_laboratory,
13595,42687,65256,dressing_room,
13596,42687,65256,clean_room,
13597,42687,65256,pharmacy,
13598,42687,65256,beauty_salon,
13599,42687,65256,chemistry_lab,
13600,42687,65280,dressing_room,
13601,42687,65280,clean_room,
13602,42687,65280,pharmacy,
13603,42687,65280,chemistry_lab,
13604,42687,65280,beauty_salon,
13605,42687,65304,dressing_room,
13606,42687,65304,clean_room,
13607,42687,65304,pharmacy,
13608,42687,65304,chemistry_lab,
13609,42687,65304,beauty_salon,
13610,42687,65328,banquet_hall,
13611,42687,65328,dining_room,
13612,42687,65328,dining_hall,
13613,42687,65328,dressing_room,
13614,42687,65328,restaurant,
13615,42687,65352,banquet_hall,
13616,42687,65352,dining_room,
13617,42687,65352,dining_hall,
13618,42687,65352,restaurant,
13619,42687,65352,cafeteria,
13620,42687,65376,banquet_hall,
13621,42687,65376,dining_room,
13622,42687,65376,dining_hall,
13623,42687,65376,restaurant,
13624,42687,65376,cafeteria,
13625,42687,65400,dining_room,
13626,42687,65400,banquet_hall,
13627,42687,65400,dining_hall,
13628,42687,65400,restaurant,
13629,42687,65400,dressing_room,
13630,42687,65424,banquet_hall,
13631,42687,65424,dining_room,
13632,42687,65424,dining_hall,
13633,42687,65424,restaurant,
13634,42687,65424,dressing_room,
13635,42687,65448,clean_room,
13636,42687,65448,dressing_room,
13637,42687,65448,chemistry_lab,
13638,42687,65448,pharmacy,
13639,42687,65448,biology_laboratory,
13640,42687,65472,dressing_room,
13641,42687,65472,clean_room,
13642,42687,65472,chemistry_lab,
13643,42687,65472,beauty_salon,
13644,42687,65472,hospital_room,
13645,42687,65496,dressing_room,
13646,42687,65496,clean_room,
13647,42687,65496,beauty_salon,
13648,42687,65496,hospital_room,
13649,42687,65496,nursery,
13650,42687,65520,dressing_room,
13651,42687,65520,clean_room,
13652,42687,65520,beauty_salon,
13653,42687,65520,hospital_room,
13654,42687,65520,nursery,
13655,42687,65544,dressing_room,
13656,42687,65544,clean_room,
13657,42687,65544,nursery,
13658,42687,65544,beauty_salon,
13659,42687,65544,hospital_room,
13660,42687,65568,dressing_room,
13661,42687,65568,clean_room,
13662,42687,65568,beauty_salon,
13663,42687,65568,chemistry_lab,
13664,42687,65568,pharmacy,
13665,42687,65592,banquet_hall,
13666,42687,65592,dining_room,
13667,42687,65592,dining_hall,
13668,42687,65592,museum/indoor,
13669,42687,65592,archive,
13670,42687,65616,dining_room,
13671,42687,65616,banquet_hall,
13672,42687,65616,dining_hall,
13673,42687,65616,chemistry_lab,
13674,42687,65616,bow_window/indoor,
13675,42687,65640,dining_room,
13676,42687,65640,banquet_hall,
13677,42687,65640,dining_hall,
13678,42687,65640,museum/indoor,
13679,42687,65640,archive,
13680,42687,65664,banquet_hall,
13681,42687,65664,dining_room,
13682,42687,65664,dining_hall,
13683,42687,65664,restaurant,
13684,42687,65664,dressing_room,
13685,42687,65688,banquet_hall,
13686,42687,65688,dining_hall,
13687,42687,65688,dining_room,
13688,42687,65688,ballroom,
13689,42687,65688,restaurant,
13690,42687,65712,banquet_hall,
13691,42687,65712,dining_room,
13692,42687,65712,dining_hall,
13693,42687,65712,ballroom,
13694,42687,65712,restaurant,
13695,42687,65736,banquet_hall,
13696,42687,65736,dining_hall,
13697,42687,65736,dining_room,
13698,42687,65736,ballroom,
13699,42687,65736,restaurant,
13700,42687,65760,banquet_hall,
13701,42687,65760,dining_hall,
13702,42687,65760,dining_room,
13703,42687,65760,museum/indoor,
13704,42687,65760,ballroom,
13705,42687,65784,museum/indoor,
13706,42687,65784,dressing_room,
13707,42687,65784,banquet_hall,
13708,42687,65784,dining_room,
13709,42687,65784,chemistry_lab,
13710,42687,65808,banquet_hall,
13711,42687,65808,dining_room,
13712,42687,65808,dining_hall,
13713,42687,65808,museum/indoor,
13714,42687,65808,bow_window/indoor,
13715,42687,65832,museum/indoor,
13716,42687,65832,bow_window/indoor,
13717,42687,65832,clean_room,
13718,42687,65832,chemistry_lab,
13719,42687,65832,archive,
13720,42687,65856,dining_room,
13721,42687,65856,restaurant,
13722,42687,65856,dining_hall,
13723,42687,65856,banquet_hall,
13724,42687,65856,cafeteria,
13725,42687,65880,dining_room,
13726,42687,65880,restaurant,
13727,42687,65880,dining_hall,
13728,42687,65880,banquet_hall,
13729,42687,65880,cafeteria,
13730,42687,65904,restaurant,
13731,42687,65904,dining_room,
13732,42687,65904,dining_hall,
13733,42687,65904,banquet_hall,
13734,42687,65904,cafeteria,
13735,42687,65928,restaurant,
13736,42687,65928,dining_room,
13737,42687,65928,dining_hall,
13738,42687,65928,cafeteria,
13739,42687,65928,banquet_hall,
13740,42687,65952,restaurant,
13741,42687,65952,dining_room,
13742,42687,65952,dining_hall,
13743,42687,65952,banquet_hall,
13744,42687,65952,cafeteria,
13745,42687,65976,museum/indoor,
13746,42687,65976,clean_room,
13747,42687,65976,bow_window/indoor,
13748,42687,65976,archive,
13749,42687,65976,dressing_room,
13750,42687,66000,museum/indoor,
13751,42687,66000,dressing_room,
13752,42687,66000,bow_window/indoor,
13753,42687,66000,clean_room,
13754,42687,66000,archive,
13755,42687,66024,museum/indoor,
13756,42687,66024,dressing_room,
13757,42687,66024,clean_room,
13758,42687,66024,bow_window/indoor,
13759,42687,66024,kindergarden_classroom,
13760,42687,66048,museum/indoor,
13761,42687,66048,archive,
13762,42687,66048,dressing_room,
13763,42687,66048,clean_room,
13764,42687,66048,bow_window/indoor,
13765,42687,66072,museum/indoor,
13766,42687,66072,bow_window/indoor,
13767,42687,66072,dressing_room,
13768,42687,66072,shower,
13769,42687,66072,clean_room,
13770,42687,66096,museum/indoor,
13771,42687,66096,dressing_room,
13772,42687,66096,clean_room,
13773,42687,66096,bow_window/indoor,
13774,42687,66096,archive,
13775,42687,66120,museum/indoor,
13776,42687,66120,dressing_room,
13777,42687,66120,bow_window/indoor,
13778,42687,66120,archive,
13779,42687,66120,clean_room,
13780,42687,66144,museum/indoor,
13781,42687,66144,bow_window/indoor,
13782,42687,66144,dressing_room,
13783,42687,66144,archive,
13784,42687,66144,chemistry_lab,
13785,42687,66168,museum/indoor,
13786,42687,66168,dressing_room,
13787,42687,66168,archive,
13788,42687,66168,clean_room,
13789,42687,66168,bow_window/indoor,
13790,42687,66192,museum/indoor,
13791,42687,66192,archive,
13792,42687,66192,clean_room,
13793,42687,66192,bow_window/indoor,
13794,42687,66192,dressing_room,
13795,42687,66216,museum/indoor,
13796,42687,66216,archive,
13797,42687,66216,dressing_room,
13798,42687,66216,bow_window/indoor,
13799,42687,66216,clean_room,
13800,42687,66240,museum/indoor,
13801,42687,66240,clean_room,
13802,42687,66240,archive,
13803,42687,66240,dressing_room,
13804,42687,66240,bow_window/indoor,
13805,42687,66264,bow_window/indoor,
13806,42687,66264,museum/indoor,
13807,42687,66264,clean_room,
13808,42687,66264,archive,
13809,42687,66264,dressing_room,
13810,42687,66288,museum/indoor,
13811,42687,66288,bow_window/indoor,
13812,42687,66288,dressing_room,
13813,42687,66288,clean_room,
13814,42687,66288,archive,
13815,42687,66312,banquet_hall,
13816,42687,66312,bow_window/indoor,
13817,42687,66312,clean_room,
13818,42687,66312,dressing_room,
13819,42687,66312,archive,
13820,42687,66336,dressing_room,
13821,42687,66336,archive,
13822,42687,66336,bow_window/indoor,
13823,42687,66336,office,
13824,42687,66336,clean_room,
13825,42687,66360,bow_window/indoor,
13826,42687,66360,banquet_hall,
13827,42687,66360,dressing_room,
13828,42687,66360,bedroom,
13829,42687,66360,dining_room,
13830,42687,66384,bow_window/indoor,
13831,42687,66384,dressing_room,
13832,42687,66384,dining_room,
13833,42687,66384,banquet_hall,
13834,42687,66384,office,
13835,42687,66408,dressing_room,
13836,42687,66408,bow_window/indoor,
13837,42687,66408,archive,
13838,42687,66408,banquet_hall,
13839,42687,66408,office,
13840,42687,66432,dressing_room,
13841,42687,66432,bow_window/indoor,
13842,42687,66432,archive,
13843,42687,66432,office,
13844,42687,66432,banquet_hall,
13845,42687,66456,dressing_room,
13846,42687,66456,bow_window/indoor,
13847,42687,66456,archive,
13848,42687,66456,banquet_hall,
13849,42687,66456,office,
13850,42687,66480,dressing_room,
13851,42687,66480,bow_window/indoor,
13852,42687,66480,archive,
13853,42687,66480,office,
13854,42687,66480,banquet_hall,
13855,42687,66504,bow_window/indoor,
13856,42687,66504,dressing_room,
13857,42687,66504,nursing_home,
13858,42687,66504,banquet_hall,
13859,42687,66504,archive,
13860,42687,66528,bow_window/indoor,
13861,42687,66528,dressing_room,
13862,42687,66528,banquet_hall,
13863,42687,66528,bedroom,
13864,42687,66528,dining_room,
13865,42687,66552,dressing_room,
13866,42687,66552,bow_window/indoor,
13867,42687,66552,banquet_hall,
13868,42687,66552,office,
13869,42687,66552,archive,
13870,42687,66576,bow_window/indoor,
13871,42687,66576,dressing_room,
13872,42687,66576,office,
13873,42687,66576,nursing_home,
13874,42687,66576,dining_room,
13875,42687,66600,banquet_hall,
13876,42687,66600,dressing_room,
13877,42687,66600,dining_room,
13878,42687,66600,office,
13879,42687,66600,bow_window/indoor,
13880,42687,66624,bow_window/indoor,
13881,42687,66624,office,
13882,42687,66624,clean_room,
13883,42687,66624,archive,
13884,42687,66624,dressing_room,
13885,42687,66648,dining_room,
13886,42687,66648,dressing_room,
13887,42687,66648,dining_hall,
13888,42687,66648,museum/indoor,
13889,42687,66648,banquet_hall,
13890,42687,66672,dining_room,
13891,42687,66672,dressing_room,
13892,42687,66672,dining_hall,
13893,42687,66672,restaurant,
13894,42687,66672,chemistry_lab,
13895,42687,66696,dressing_room,
13896,42687,66696,clean_room,
13897,42687,66696,dining_room,
13898,42687,66696,museum/indoor,
13899,42687,66696,chemistry_lab,
13900,42687,66720,dressing_room,
13901,42687,66720,dining_room,
13902,42687,66720,dining_hall,
13903,42687,66720,bathroom,
13904,42687,66720,restaurant,
13905,42687,66744,dressing_room,
13906,42687,66744,dining_room,
13907,42687,66744,banquet_hall,
13908,42687,66744,dining_hall,
13909,42687,66744,restaurant,
13910,42687,66768,dressing_room,
13911,42687,66768,dining_room,
13912,42687,66768,restaurant,
13913,42687,66768,kitchen,
13914,42687,66768,dining_hall,
13915,42687,66792,dressing_room,
13916,42687,66792,ice_cream_parlor,
13917,42687,66792,pantry,
13918,42687,66792,museum/indoor,
13919,42687,66792,archive,
13920,42687,66816,dressing_room,
13921,42687,66816,dining_room,
13922,42687,66816,chemistry_lab,
13923,42687,66816,ice_cream_parlor,
13924,42687,66816,bathroom,
13925,42687,66840,dining_room,
13926,42687,66840,ice_cream_parlor,
13927,42687,66840,coffee_shop,
13928,42687,66840,kitchen,
13929,42687,66840,restaurant,
13930,42687,66864,dining_room,
13931,42687,66864,ice_cream_parlor,
13932,42687,66864,dressing_room,
13933,42687,66864,restaurant,
13934,42687,66864,kitchen,
13935,42687,66888,dining_room,
13936,42687,66888,dressing_room,
13937,42687,66888,kitchen,
13938,42687,66888,ice_cream_parlor,
13939,42687,66888,bathroom,
13940,42687,66912,dining_room,
13941,42687,66912,dressing_room,
13942,42687,66912,ice_cream_parlor,
13943,42687,66912,restaurant,
13944,42687,66912,bathroom,
13945,42687,66936,dining_room,
13946,42687,66936,dressing_room,
13947,42687,66936,ice_cream_parlor,
13948,42687,66936,restaurant,
13949,42687,66936,bathroom,
13950,42687,66960,dressing_room,
13951,42687,66960,beauty_salon,
13952,42687,66960,pantry,
13953,42687,66960,dining_room,
13954,42687,66960,kitchen,
13955,42687,66984,dressing_room,
13956,42687,66984,dining_room,
13957,42687,66984,beauty_salon,
13958,42687,66984,bathroom,
13959,42687,66984,ice_cream_parlor,
13960,42687,67008,dining_room,
13961,42687,67008,dressing_room,
13962,42687,67008,ice_cream_parlor,
13963,42687,67008,restaurant,
13964,42687,67008,kitchen,
13965,42687,67032,dining_room,
13966,42687,67032,ice_cream_parlor,
13967,42687,67032,dressing_room,
13968,42687,67032,restaurant,
13969,42687,67032,kitchen,
13970,42687,67056,dressing_room,
13971,42687,67056,dining_room,
13972,42687,67056,ice_cream_parlor,
13973,42687,67056,restaurant,
13974,42687,67056,kitchen,
13975,42687,67080,dining_room,
13976,42687,67080,dressing_room,
13977,42687,67080,ice_cream_parlor,
13978,42687,67080,restaurant,
13979,42687,67080,bathroom,
13980,42687,67104,dressing_room,
13981,42687,67104,dining_room,
13982,42687,67104,restaurant,
13983,42687,67104,ice_cream_parlor,
13984,42687,67104,beauty_salon,
13985,42687,67128,dressing_room,
13986,42687,67128,dining_room,
13987,42687,67128,restaurant,
13988,42687,67128,ice_cream_parlor,
13989,42687,67128,bathroom,
13990,42687,67152,dressing_room,
13991,42687,67152,nursing_home,
13992,42687,67152,dining_room,
13993,42687,67152,clean_room,
13994,42687,67152,bow_window/indoor,
13995,42687,67176,dressing_room,
13996,42687,67176,office,
13997,42687,67176,nursing_home,
13998,42687,67176,clean_room,
13999,42687,67176,dining_room,
14000,42687,67200,dressing_room,
14001,42687,67200,dining_room,
14002,42687,67200,bathroom,
14003,42687,67200,kitchen,
14004,42687,67200,beauty_salon,
14005,42687,67224,dining_room,
14006,42687,67224,dressing_room,
14007,42687,67224,beauty_salon,
14008,42687,67224,bathroom,
14009,42687,67224,kitchen,
14010,42687,67248,dining_room,
14011,42687,67248,dressing_room,
14012,42687,67248,beauty_salon,
14013,42687,67248,kitchen,
14014,42687,67248,ice_cream_parlor,
14015,42687,67272,dining_room,
14016,42687,67272,restaurant,
14017,42687,67272,dressing_room,
14018,42687,67272,ice_cream_parlor,
14019,42687,67272,dining_hall,
14020,42687,67296,dining_room,
14021,42687,67296,dressing_room,
14022,42687,67296,restaurant,
14023,42687,67296,ice_cream_parlor,
14024,42687,67296,beauty_salon,
14025,42687,67320,ice_cream_parlor,
14026,42687,67320,banquet_hall,
14027,42687,67320,restaurant,
14028,42687,67320,chemistry_lab,
14029,42687,67320,dining_hall,
14030,42687,67344,ice_cream_parlor,
14031,42687,67344,jewelry_shop,
14032,42687,67344,chemistry_lab,
14033,42687,67344,restaurant,
14034,42687,67344,banquet_hall,
14035,42687,67368,ice_cream_parlor,
14036,42687,67368,restaurant,
14037,42687,67368,chemistry_lab,
14038,42687,67368,banquet_hall,
14039,42687,67368,dining_hall,
14040,42687,67392,ice_cream_parlor,
14041,42687,67392,banquet_hall,
14042,42687,67392,restaurant,
14043,42687,67392,dining_hall,
14044,42687,67392,dining_room,
14045,42687,67416,ice_cream_parlor,
14046,42687,67416,banquet_hall,
14047,42687,67416,restaurant,
14048,42687,67416,dining_hall,
14049,42687,67416,dining_room,
14050,42687,67440,ice_cream_parlor,
14051,42687,67440,banquet_hall,
14052,42687,67440,restaurant,
14053,42687,67440,dining_hall,
14054,42687,67440,dining_room,
14055,42687,67464,ice_cream_parlor,
14056,42687,67464,banquet_hall,
14057,42687,67464,restaurant,
14058,42687,67464,dining_hall,
14059,42687,67464,cafeteria,
14060,42687,67488,ice_cream_parlor,
14061,42687,67488,banquet_hall,
14062,42687,67488,restaurant,
14063,42687,67488,dining_hall,
14064,42687,67488,dining_room,
14065,42687,67512,ice_cream_parlor,
14066,42687,67512,banquet_hall,
14067,42687,67512,restaurant,
14068,42687,67512,jewelry_shop,
14069,42687,67512,dining_hall,
14070,42687,67536,ice_cream_parlor,
14071,42687,67536,banquet_hall,
14072,42687,67536,restaurant,
14073,42687,67536,dining_hall,
14074,42687,67536,jewelry_shop,
14075,42687,67560,ice_cream_parlor,
14076,42687,67560,banquet_hall,
14077,42687,67560,restaurant,
14078,42687,67560,dining_hall,
14079,42687,67560,dining_room,
14080,42687,67584,ice_cream_parlor,
14081,42687,67584,banquet_hall,
14082,42687,67584,restaurant,
14083,42687,67584,dining_hall,
14084,42687,67584,dining_room,
14085,42687,67608,ice_cream_parlor,
14086,42687,67608,banquet_hall,
14087,42687,67608,restaurant,
14088,42687,67608,dining_hall,
14089,42687,67608,dining_room,
14090,42687,67632,ice_cream_parlor,
14091,42687,67632,restaurant,
14092,42687,67632,banquet_hall,
14093,42687,67632,dining_hall,
14094,42687,67632,dining_room,
14095,42687,67656,ice_cream_parlor,
14096,42687,67656,restaurant,
14097,42687,67656,banquet_hall,
14098,42687,67656,dining_hall,
14099,42687,67656,dining_room,
14100,42687,67680,ice_cream_parlor,
14101,42687,67680,restaurant,
14102,42687,67680,banquet_hall,
14103,42687,67680,dining_hall,
14104,42687,67680,dining_room,
14105,42687,67704,ice_cream_parlor,
14106,42687,67704,restaurant,
14107,42687,67704,banquet_hall,
14108,42687,67704,jewelry_shop,
14109,42687,67704,chemistry_lab,
14110,42687,67728,dining_room,
14111,42687,67728,dressing_room,
14112,42687,67728,beauty_salon,
14113,42687,67728,restaurant,
14114,42687,67728,ice_cream_parlor,
14115,42687,67752,dining_room,
14116,42687,67752,dressing_room,
14117,42687,67752,restaurant,
14118,42687,67752,ice_cream_parlor,
14119,42687,67752,beauty_salon,
14120,42687,67776,dining_room,
14121,42687,67776,dressing_room,
14122,42687,67776,restaurant,
14123,42687,67776,kitchen,
14124,42687,67776,coffee_shop,
14125,42687,67800,dining_room,
14126,42687,67800,dressing_room,
14127,42687,67800,restaurant,
14128,42687,67800,ice_cream_parlor,
14129,42687,67800,bar,
14130,42687,67824,dining_room,
14131,42687,67824,dressing_room,
14132,42687,67824,restaurant,
14133,42687,67824,ice_cream_parlor,
14134,42687,67824,beauty_salon,
14135,42687,67848,dining_room,
14136,42687,67848,restaurant,
14137,42687,67848,ice_cream_parlor,
14138,42687,67848,dressing_room,
14139,42687,67848,coffee_shop,
14140,42687,67872,ice_cream_parlor,
14141,42687,67872,restaurant,
14142,42687,67872,banquet_hall,
14143,42687,67872,chemistry_lab,
14144,42687,67872,dining_hall,
14145,42687,67896,banquet_hall,
14146,42687,67896,ice_cream_parlor,
14147,42687,67896,restaurant,
14148,42687,67896,dining_hall,
14149,42687,67896,dining_room,
14150,42687,67920,ice_cream_parlor,
14151,42687,67920,restaurant,
14152,42687,67920,chemistry_lab,
14153,42687,67920,dining_room,
14154,42687,67920,banquet_hall,
14155,42687,67944,ice_cream_parlor,
14156,42687,67944,restaurant,
14157,42687,67944,banquet_hall,
14158,42687,67944,dining_room,
14159,42687,67944,dining_hall,
14160,42687,67968,ice_cream_parlor,
14161,42687,67968,restaurant,
14162,42687,67968,banquet_hall,
14163,42687,67968,dining_room,
14164,42687,67968,dining_hall,
14165,42687,67992,ice_cream_parlor,
14166,42687,67992,banquet_hall,
14167,42687,67992,restaurant,
14168,42687,67992,chemistry_lab,
14169,42687,67992,dining_hall,
14170,42687,68016,ice_cream_parlor,
14171,42687,68016,restaurant,
14172,42687,68016,banquet_hall,
14173,42687,68016,dining_room,
14174,42687,68016,dining_hall,
14175,42687,68040,ice_cream_parlor,
14176,42687,68040,restaurant,
14177,42687,68040,dining_room,
14178,42687,68040,banquet_hall,
14179,42687,68040,dining_hall,
14180,42687,68064,dressing_room,
14181,42687,68064,clean_room,
14182,42687,68064,archive,
14183,42687,68064,sauna,
14184,42687,68064,hospital_room,
14185,42687,68088,clean_room,
14186,42687,68088,dressing_room,
14187,42687,68088,archive,
14188,42687,68088,hospital_room,
14189,42687,68088,chemistry_lab,
14190,42687,68112,clean_room,
14191,42687,68112,dressing_room,
14192,42687,68112,archive,
14193,42687,68112,hospital_room,
14194,42687,68112,chemistry_lab,
14195,42687,68136,dressing_room,
14196,42687,68136,clean_room,
14197,42687,68136,archive,
14198,42687,68136,hospital_room,
14199,42687,68136,locker_room,
14200,42687,68160,dressing_room,
14201,42687,68160,dining_room,
14202,42687,68160,bow_window/indoor,
14203,42687,68160,ice_cream_parlor,
14204,42687,68160,bar,
14205,42687,68184,dressing_room,
14206,42687,68184,bow_window/indoor,
14207,42687,68184,dining_room,
14208,42687,68184,ice_cream_parlor,
14209,42687,68184,bar,
14210,42687,68208,dressing_room,
14211,42687,68208,nursing_home,
14212,42687,68208,dining_room,
14213,42687,68208,bow_window/indoor,
14214,42687,68208,office,
14215,42687,68232,dressing_room,
14216,42687,68232,nursing_home,
14217,42687,68232,ice_cream_parlor,
14218,42687,68232,bow_window/indoor,
14219,42687,68232,dining_room,
14220,42687,68256,nursing_home,
14221,42687,68256,bow_window/indoor,
14222,42687,68256,dressing_room,
14223,42687,68256,dining_room,
14224,42687,68256,ice_cream_parlor,
14225,42687,68280,dressing_room,
14226,42687,68280,bow_window/indoor,
14227,42687,68280,bar,
14228,42687,68280,dining_room,
14229,42687,68280,ice_cream_parlor,
14230,42687,68304,dressing_room,
14231,42687,68304,bow_window/indoor,
14232,42687,68304,nursing_home,
14233,42687,68304,museum/indoor,
14234,42687,68304,office,
14235,42687,68328,dressing_room,
14236,42687,68328,bow_window/indoor,
14237,42687,68328,museum/indoor,
14238,42687,68328,nursing_home,
14239,42687,68328,office,
14240,42687,68352,dressing_room,
14241,42687,68352,bow_window/indoor,
14242,42687,68352,dining_room,
14243,42687,68352,nursing_home,
14244,42687,68352,ice_cream_parlor,
14245,42687,68376,clean_room,
14246,42687,68376,dressing_room,
14247,42687,68376,archive,
14248,42687,68376,hospital_room,
14249,42687,68376,museum/indoor,
14250,42687,68400,clean_room,
14251,42687,68400,dressing_room,
14252,42687,68400,hospital_room,
14253,42687,68400,archive,
14254,42687,68400,operating_room,
14255,42687,68424,clean_room,
14256,42687,68424,dressing_room,
14257,42687,68424,archive,
14258,42687,68424,hospital_room,
14259,42687,68424,operating_room,
14260,42687,68448,clean_room,
14261,42687,68448,dressing_room,
14262,42687,68448,archive,
14263,42687,68448,hospital_room,
14264,42687,68448,chemistry_lab,
14265,42687,68472,clean_room,
14266,42687,68472,dressing_room,
14267,42687,68472,archive,
14268,42687,68472,chemistry_lab,
14269,42687,68472,hospital_room,
14270,42687,68496,dining_room,
14271,42687,68496,dressing_room,
14272,42687,68496,dining_hall,
14273,42687,68496,bow_window/indoor,
14274,42687,68496,conference_room,
14275,42687,68520,dining_room,
14276,42687,68520,dressing_room,
14277,42687,68520,dining_hall,
14278,42687,68520,restaurant,
14279,42687,68520,bow_window/indoor,
14280,42687,68544,dressing_room,
14281,42687,68544,dining_room,
14282,42687,68544,beauty_salon,
14283,42687,68544,office,
14284,42687,68544,restaurant,
14285,42687,68568,dressing_room,
14286,42687,68568,dining_room,
14287,42687,68568,beauty_salon,
14288,42687,68568,dorm_room,
14289,42687,68568,living_room,
14290,42687,68592,dressing_room,
14291,42687,68592,dining_room,
14292,42687,68592,beauty_salon,
14293,42687,68592,restaurant,
14294,42687,68592,dorm_room,
14295,42687,68616,dressing_room,
14296,42687,68616,beauty_salon,
14297,42687,68616,dining_room,
14298,42687,68616,bathroom,
14299,42687,68616,clean_room,
14300,42687,68640,dressing_room,
14301,42687,68640,beauty_salon,
14302,42687,68640,dining_room,
14303,42687,68640,archive,
14304,42687,68640,chemistry_lab,
14305,42687,68664,dressing_room,
14306,42687,68664,beauty_salon,
14307,42687,68664,clean_room,
14308,42687,68664,archive,
14309,42687,68664,chemistry_lab,
14310,42687,68688,dressing_room,
14311,42687,68688,beauty_salon,
14312,42687,68688,dining_room,
14313,42687,68688,ice_cream_parlor,
14314,42687,68688,restaurant,
14315,42687,68712,dressing_room,
14316,42687,68712,dining_room,
14317,42687,68712,beauty_salon,
14318,42687,68712,bow_window/indoor,
14319,42687,68712,clean_room,
14320,42687,68736,dressing_room,
14321,42687,68736,clean_room,
14322,42687,68736,bathroom,
14323,42687,68736,dining_room,
14324,42687,68736,locker_room,
14325,42687,68760,dressing_room,
14326,42687,68760,bathroom,
14327,42687,68760,shower,
14328,42687,68760,clean_room,
14329,42687,68760,sauna,
14330,42687,68784,banquet_hall,
14331,42687,68784,dining_hall,
14332,42687,68784,dining_room,
14333,42687,68784,restaurant,
14334,42687,68784,cafeteria,
14335,42687,68808,banquet_hall,
14336,42687,68808,dining_hall,
14337,42687,68808,dining_room,
14338,42687,68808,restaurant,
14339,42687,68808,cafeteria,
14340,42687,68832,banquet_hall,
14341,42687,68832,dining_hall,
14342,42687,68832,dining_room,
14343,42687,68832,restaurant,
14344,42687,68832,cafeteria,
14345,42687,68856,banquet_hall,
14346,42687,68856,dining_hall,
14347,42687,68856,dining_room,
14348,42687,68856,restaurant,
14349,42687,68856,cafeteria,
14350,42687,68880,banquet_hall,
14351,42687,68880,dining_hall,
14352,42687,68880,dining_room,
14353,42687,68880,restaurant,
14354,42687,68880,cafeteria,
14355,42687,68904,banquet_hall,
14356,42687,68904,dining_hall,
14357,42687,68904,dining_room,
14358,42687,68904,restaurant,
14359,42687,68904,cafeteria,
14360,42687,68928,banquet_hall,
14361,42687,68928,dining_hall,
14362,42687,68928,dining_room,
14363,42687,68928,restaurant,
14364,42687,68928,cafeteria,
14365,42687,68952,banquet_hall,
14366,42687,68952,dining_hall,
14367,42687,68952,dining_room,
14368,42687,68952,restaurant,
14369,42687,68952,cafeteria,
14370,42687,68976,banquet_hall,
14371,42687,68976,dining_hall,
14372,42687,68976,dining_room,
14373,42687,68976,restaurant,
14374,42687,68976,cafeteria,
14375,42687,69000,banquet_hall,
14376,42687,69000,dining_hall,
14377,42687,69000,dining_room,
14378,42687,69000,restaurant,
14379,42687,69000,cafeteria,
14380,42687,69024,banquet_hall,
14381,42687,69024,dining_hall,
14382,42687,69024,dining_room,
14383,42687,69024,restaurant,
14384,42687,69024,cafeteria,
14385,42687,69048,banquet_hall,
14386,42687,69048,dining_room,
14387,42687,69048,dining_hall,
14388,42687,69048,restaurant,
14389,42687,69048,cafeteria,
14390,42687,69072,banquet_hall,
14391,42687,69072,dining_room,
14392,42687,69072,dining_hall,
14393,42687,69072,restaurant,
14394,42687,69072,cafeteria,
14395,42687,69096,banquet_hall,
14396,42687,69096,dining_room,
14397,42687,69096,dining_hall,
14398,42687,69096,restaurant,
14399,42687,69096,cafeteria,
14400,42687,69120,dressing_room,
14401,42687,69120,dining_room,
14402,42687,69120,bathroom,
14403,42687,69120,restaurant,
14404,42687,69120,kitchen,
14405,42687,69144,dressing_room,
14406,42687,69144,dining_room,
14407,42687,69144,bathroom,
14408,42687,69144,beauty_salon,
14409,42687,69144,restaurant,
14410,42687,69168,dining_room,
14411,42687,69168,dressing_room,
14412,42687,69168,restaurant,
14413,42687,69168,kitchen,
14414,42687,69168,bathroom,
14415,42687,69192,dining_room,
14416,42687,69192,dressing_room,
14417,42687,69192,restaurant,
14418,42687,69192,kitchen,
14419,42687,69192,bathroom,
14420,42687,69216,dressing_room,
14421,42687,69216,office,
14422,42687,69216,clean_room,
14423,42687,69216,bow_window/indoor,
14424,42687,69216,nursery,
14425,42687,69240,dressing_room,
14426,42687,69240,bow_window/indoor,
14427,42687,69240,ice_cream_parlor,
14428,42687,69240,office,
14429,42687,69240,nursing_home,
14430,42687,69264,dressing_room,
14431,42687,69264,nursery,
14432,42687,69264,beauty_salon,
14433,42687,69264,ice_cream_parlor,
14434,42687,69264,office,
14435,42687,69288,nursing_home,
14436,42687,69288,bow_window/indoor,
14437,42687,69288,office,
14438,42687,69288,ice_cream_parlor,
14439,42687,69288,dining_room,
14440,42687,69312,bow_window/indoor,
14441,42687,69312,office,
14442,42687,69312,nursing_home,
14443,42687,69312,dining_room,
14444,42687,69312,museum/indoor,
14445,42687,69336,nursing_home,
14446,42687,69336,dining_room,
14447,42687,69336,office,
14448,42687,69336,bow_window/indoor,
14449,42687,69336,banquet_hall,
14450,42687,69360,nursing_home,
14451,42687,69360,dining_room,
14452,42687,69360,office,
14453,42687,69360,bow_window/indoor,
14454,42687,69360,banquet_hall,
14455,42687,69384,nursing_home,
14456,42687,69384,dining_room,
14457,42687,69384,bow_window/indoor,
14458,42687,69384,office,
14459,42687,69384,banquet_hall,
14460,42687,69408,dressing_room,
14461,42687,69408,dining_room,
14462,42687,69408,bathroom,
14463,42687,69408,beauty_salon,
14464,42687,69408,kitchen,
14465,42687,69432,dressing_room,
14466,42687,69432,dining_room,
14467,42687,69432,bathroom,
14468,42687,69432,kitchen,
14469,42687,69432,beauty_salon,
14470,42687,69456,dressing_room,
14471,42687,69456,dining_room,
14472,42687,69456,bathroom,
14473,42687,69456,kitchen,
14474,42687,69456,beauty_salon,
14475,42687,69480,dressing_room,
14476,42687,69480,dining_room,
14477,42687,69480,bathroom,
14478,42687,69480,kitchen,
14479,42687,69480,restaurant,
14480,42687,69504,dining_room,
14481,42687,69504,dressing_room,
14482,42687,69504,bathroom,
14483,42687,69504,kitchen,
14484,42687,69504,restaurant,
14485,42687,69528,dining_room,
14486,42687,69528,dressing_room,
14487,42687,69528,bathroom,
14488,42687,69528,restaurant,
14489,42687,69528,kitchen,
14490,42687,69552,dressing_room,
14491,42687,69552,dining_room,
14492,42687,69552,restaurant,
14493,42687,69552,bathroom,
14494,42687,69552,beauty_salon,
14495,42687,69576,dining_room,
14496,42687,69576,dressing_room,
14497,42687,69576,restaurant,
14498,42687,69576,kitchen,
14499,42687,69576,dining_hall,
14500,42687,69600,dining_room,
14501,42687,69600,restaurant,
14502,42687,69600,dressing_room,
14503,42687,69600,dining_hall,
14504,42687,69600,kitchen,
14505,42687,69624,dining_room,
14506,42687,69624,dressing_room,
14507,42687,69624,bathroom,
14508,42687,69624,kitchen,
14509,42687,69624,restaurant,
14510,42687,69648,dressing_room,
14511,42687,69648,nursing_home,
14512,42687,69648,dining_room,
14513,42687,69648,ice_cream_parlor,
14514,42687,69648,bow_window/indoor,
14515,42687,69672,nursing_home,
14516,42687,69672,dressing_room,
14517,42687,69672,dining_room,
14518,42687,69672,bow_window/indoor,
14519,42687,69672,office,
14520,42687,69696,nursing_home,
14521,42687,69696,dressing_room,
14522,42687,69696,dining_room,
14523,42687,69696,banquet_hall,
14524,42687,69696,bow_window/indoor,
14525,42687,69720,dressing_room,
14526,42687,69720,dining_room,
14527,42687,69720,nursing_home,
14528,42687,69720,bow_window/indoor,
14529,42687,69720,banquet_hall,
14530,42687,69744,dining_room,
14531,42687,69744,dressing_room,
14532,42687,69744,nursing_home,
14533,42687,69744,bow_window/indoor,
14534,42687,69744,banquet_hall,
14535,42687,69768,dressing_room,
14536,42687,69768,dining_room,
14537,42687,69768,nursing_home,
14538,42687,69768,bow_window/indoor,
14539,42687,69768,banquet_hall,
14540,42687,69792,dining_room,
14541,42687,69792,bow_window/indoor,
14542,42687,69792,dressing_room,
14543,42687,69792,nursing_home,
14544,42687,69792,banquet_hall,
14545,42687,69816,nursery,
14546,42687,69816,dressing_room,
14547,42687,69816,bow_window/indoor,
14548,42687,69816,dining_room,
14549,42687,69816,nursing_home,
14550,42687,69840,nursing_home,
14551,42687,69840,nursery,
14552,42687,69840,dressing_room,
14553,42687,69840,dining_room,
14554,42687,69840,bow_window/indoor,
14555,42687,69864,dressing_room,
14556,42687,69864,nursery,
14557,42687,69864,nursing_home,
14558,42687,69864,bow_window/indoor,
14559,42687,69864,dining_room,
14560,42687,69888,dressing_room,
14561,42687,69888,nursery,
14562,42687,69888,nursing_home,
14563,42687,69888,bow_window/indoor,
14564,42687,69888,dining_room,
14565,42687,69912,dressing_room,
14566,42687,69912,nursing_home,
14567,42687,69912,nursery,
14568,42687,69912,dining_room,
14569,42687,69912,clean_room,
14570,42687,69936,nursery,
14571,42687,69936,dressing_room,
14572,42687,69936,nursing_home,
14573,42687,69936,dining_room,
14574,42687,69936,bow_window/indoor,
14575,42687,69960,nursery,
14576,42687,69960,dressing_room,
14577,42687,69960,nursing_home,
14578,42687,69960,dining_room,
14579,42687,69960,bow_window/indoor,
14580,42687,69984,nursery,
14581,42687,69984,nursing_home,
14582,42687,69984,dressing_room,
14583,42687,69984,bow_window/indoor,
14584,42687,69984,dining_room,
14585,42687,70008,dressing_room,
14586,42687,70008,clean_room,
14587,42687,70008,museum/indoor,
14588,42687,70008,beauty_salon,
14589,42687,70008,chemistry_lab,
14590,42687,70032,dressing_room,
14591,42687,70032,clean_room,
14592,42687,70032,hospital_room,
14593,42687,70032,beauty_salon,
14594,42687,70032,operating_room,
14595,42687,70056,chemistry_lab,
14596,42687,70056,pharmacy,
14597,42687,70056,biology_laboratory,
14598,42687,70056,clean_room,
14599,42687,70056,drugstore,
14600,42687,70080,pharmacy,
14601,42687,70080,drugstore,
14602,42687,70080,chemistry_lab,
14603,42687,70080,beauty_salon,
14604,42687,70080,biology_laboratory,
14605,42687,70104,pharmacy,
14606,42687,70104,drugstore,
14607,42687,70104,chemistry_lab,
14608,42687,70104,pantry,
14609,42687,70104,biology_laboratory,
14610,42687,70128,bar,
14611,42687,70128,chemistry_lab,
14612,42687,70128,ice_cream_parlor,
14613,42687,70128,beauty_salon,
14614,42687,70128,pharmacy,
14615,42687,70152,bar,
14616,42687,70152,chemistry_lab,
14617,42687,70152,restaurant,
14618,42687,70152,ice_cream_parlor,
14619,42687,70152,coffee_shop,
14620,42687,70176,dressing_room,
14621,42687,70176,nursery,
14622,42687,70176,clean_room,
14623,42687,70176,nursing_home,
14624,42687,70176,bow_window/indoor,
14625,42687,70200,nursery,
14626,42687,70200,dressing_room,
14627,42687,70200,childs_room,
14628,42687,70200,playroom,
14629,42687,70200,nursing_home,
14630,42687,70224,nursery,
14631,42687,70224,bow_window/indoor,
14632,42687,70224,nursing_home,
14633,42687,70224,dressing_room,
14634,42687,70224,dining_room,
14635,42687,70248,nursery,
14636,42687,70248,bow_window/indoor,
14637,42687,70248,nursing_home,
14638,42687,70248,dressing_room,
14639,42687,70248,dining_room,
14640,42687,70272,nursery,
14641,42687,70272,bow_window/indoor,
14642,42687,70272,dressing_room,
14643,42687,70272,nursing_home,
14644,42687,70272,dining_room,
14645,42687,70296,nursery,
14646,42687,70296,bow_window/indoor,
14647,42687,70296,dressing_room,
14648,42687,70296,living_room,
14649,42687,70296,dining_room,
14650,42687,70320,bow_window/indoor,
14651,42687,70320,nursery,
14652,42687,70320,dressing_room,
14653,42687,70320,dining_room,
14654,42687,70320,nursing_home,
14655,42687,70344,dressing_room,
14656,42687,70344,clean_room,
14657,42687,70344,archive,
14658,42687,70344,hospital_room,
14659,42687,70344,chemistry_lab,
14660,42687,70368,dressing_room,
14661,42687,70368,clean_room,
14662,42687,70368,beauty_salon,
14663,42687,70368,hospital_room,
14664,42687,70368,archive,
14665,42687,70392,dressing_room,
14666,42687,70392,clean_room,
14667,42687,70392,chemistry_lab,
14668,42687,70392,operating_room,
14669,42687,70392,beauty_salon,
14670,42687,70416,dressing_room,
14671,42687,70416,clean_room,
14672,42687,70416,beauty_salon,
14673,42687,70416,archive,
14674,42687,70416,hospital_room,
14675,42687,70440,dressing_room,
14676,42687,70440,clean_room,
14677,42687,70440,hospital_room,
14678,42687,70440,beauty_salon,
14679,42687,70440,chemistry_lab,
14680,42687,70464,dressing_room,
14681,42687,70464,clean_room,
14682,42687,70464,hospital_room,
14683,42687,70464,operating_room,
14684,42687,70464,chemistry_lab,
14685,42687,70488,clean_room,
14686,42687,70488,dressing_room,
14687,42687,70488,chemistry_lab,
14688,42687,70488,operating_room,
14689,42687,70488,hospital_room,
14690,42687,70512,dressing_room,
14691,42687,70512,clean_room,
14692,42687,70512,chemistry_lab,
14693,42687,70512,hospital_room,
14694,42687,70512,operating_room,
14695,42687,70536,dressing_room,
14696,42687,70536,clean_room,
14697,42687,70536,chemistry_lab,
14698,42687,70536,hospital_room,
14699,42687,70536,beauty_salon,
14700,42687,70560,dressing_room,
14701,42687,70560,clean_room,
14702,42687,70560,hospital_room,
14703,42687,70560,archive,
14704,42687,70560,operating_room,
14705,42687,70584,dressing_room,
14706,42687,70584,corridor,
14707,42687,70584,elevator/door,
14708,42687,70584,clean_room,
14709,42687,70584,shower,
14710,42687,70608,corridor,
14711,42687,70608,bow_window/indoor,
14712,42687,70608,elevator/door,
14713,42687,70608,closet,
14714,42687,70608,dressing_room,
14715,42687,70632,corridor,
14716,42687,70632,elevator_lobby,
14717,42687,70632,shower,
14718,42687,70632,bathroom,
14719,42687,70632,locker_room,
14720,42687,70656,shower,
14721,42687,70656,bathroom,
14722,42687,70656,dressing_room,
14723,42687,70656,closet,
14724,42687,70656,clean_room,
14725,42687,70680,clean_room,
14726,42687,70680,dressing_room,
14727,42687,70680,shower,
14728,42687,70680,closet,
14729,42687,70680,bathroom,
14730,42687,70704,clean_room,
14731,42687,70704,dressing_room,
14732,42687,70704,museum/indoor,
14733,42687,70704,operating_room,
14734,42687,70704,shower,
14735,42687,70728,clean_room,
14736,42687,70728,museum/indoor,
14737,42687,70728,dressing_room,
14738,42687,70728,operating_room,
14739,42687,70728,shower,
14740,42687,70752,clean_room,
14741,42687,70752,dressing_room,
14742,42687,70752,museum/indoor,
14743,42687,70752,shower,
14744,42687,70752,art_gallery,
14745,42687,70776,clean_room,
14746,42687,70776,dressing_room,
14747,42687,70776,shower,
14748,42687,70776,sauna,
14749,42687,70776,locker_room,
14750,42687,70800,dressing_room,
14751,42687,70800,shower,
14752,42687,70800,clean_room,
14753,42687,70800,sauna,
14754,42687,70800,locker_room,
14755,42687,70824,clean_room,
14756,42687,70824,museum/indoor,
14757,42687,70824,dressing_room,
14758,42687,70824,art_gallery,
14759,42687,70824,shower,
14760,42687,70848,banquet_hall,
14761,42687,70848,dining_hall,
14762,42687,70848,dining_room,
14763,42687,70848,restaurant,
14764,42687,70848,cafeteria,
14765,42687,70872,banquet_hall,
14766,42687,70872,dining_hall,
14767,42687,70872,dining_room,
14768,42687,70872,restaurant,
14769,42687,70872,cafeteria,
14770,42687,70896,banquet_hall,
14771,42687,70896,dining_hall,
14772,42687,70896,restaurant,
14773,42687,70896,dining_room,
14774,42687,70896,cafeteria,
14775,42687,70920,banquet_hall,
14776,42687,70920,dining_hall,
14777,42687,70920,dining_room,
14778,42687,70920,restaurant,
14779,42687,70920,cafeteria,
14780,42687,70944,banquet_hall,
14781,42687,70944,dining_hall,
14782,42687,70944,dining_room,
14783,42687,70944,restaurant,
14784,42687,70944,dressing_room,
14785,42687,70968,banquet_hall,
14786,42687,70968,dining_hall,
14787,42687,70968,dining_room,
14788,42687,70968,restaurant,
14789,42687,70968,cafeteria,
14790,42687,70992,banquet_hall,
14791,42687,70992,dining_hall,
14792,42687,70992,dressing_room,
14793,42687,70992,restaurant,
14794,42687,70992,dining_room,
14795,42687,71016,banquet_hall,
14796,42687,71016,dressing_room,
14797,42687,71016,dining_hall,
14798,42687,71016,restaurant,
14799,42687,71016,dining_room,
14800,42687,71040,banquet_hall,
14801,42687,71040,dining_hall,
14802,42687,71040,dressing_room,
14803,42687,71040,restaurant,
14804,42687,71040,dining_room,
14805,42687,71064,dressing_room,
14806,42687,71064,restaurant,
14807,42687,71064,banquet_hall,
14808,42687,71064,dining_hall,
14809,42687,71064,dining_room,
14810,42687,71088,dressing_room,
14811,42687,71088,beauty_salon,
14812,42687,71088,museum/indoor,
14813,42687,71088,banquet_hall,
14814,42687,71088,chemistry_lab,
14815,42687,71112,dressing_room,
14816,42687,71112,clean_room,
14817,42687,71112,chemistry_lab,
14818,42687,71112,biology_laboratory,
14819,42687,71112,museum/indoor,
14820,42687,71136,clean_room,
14821,42687,71136,chemistry_lab,
14822,42687,71136,dressing_room,
14823,42687,71136,operating_room,
14824,42687,71136,biology_laboratory,
14825,42687,71160,clean_room,
14826,42687,71160,dressing_room,
14827,42687,71160,beauty_salon,
14828,42687,71160,nursery,
14829,42687,71160,shower,
14830,42687,71184,clean_room,
14831,42687,71184,dressing_room,
14832,42687,71184,shower,
14833,42687,71184,museum/indoor,
14834,42687,71184,operating_room,
14835,42687,71208,clean_room,
14836,42687,71208,dressing_room,
14837,42687,71208,operating_room,
14838,42687,71208,museum/indoor,
14839,42687,71208,beauty_salon,
14840,42687,71232,discotheque,
14841,42687,71232,dressing_room,
14842,42687,71232,stage/indoor,
14843,42687,71232,beauty_salon,
14844,42687,71232,clean_room,
14845,42687,71256,discotheque,
14846,42687,71256,dressing_room,
14847,42687,71256,clean_room,
14848,42687,71256,stage/indoor,
14849,42687,71256,beauty_salon,
14850,42687,71280,discotheque,
14851,42687,71280,dressing_room,
14852,42687,71280,beauty_salon,
14853,42687,71280,clean_room,
14854,42687,71280,stage/indoor,
14855,42687,71304,dressing_room,
14856,42687,71304,discotheque,
14857,42687,71304,beauty_salon,
14858,42687,71304,clean_room,
14859,42687,71304,stage/indoor,
14860,42687,71328,dressing_room,
14861,42687,71328,clean_room,
14862,42687,71328,discotheque,
14863,42687,71328,clothing_store,
14864,42687,71328,stage/indoor,
14865,42687,71352,discotheque,
14866,42687,71352,dressing_room,
14867,42687,71352,stage/indoor,
14868,42687,71352,clean_room,
14869,42687,71352,museum/indoor,
14870,42687,71376,discotheque,
14871,42687,71376,stage/indoor,
14872,42687,71376,dressing_room,
14873,42687,71376,clean_room,
14874,42687,71376,clothing_store,
14875,42687,71400,stage/indoor,
14876,42687,71400,discotheque,
14877,42687,71400,dressing_room,
14878,42687,71400,clothing_store,
14879,42687,71400,clean_room,
14880,42687,71424,dressing_room,
14881,42687,71424,stage/indoor,
14882,42687,71424,discotheque,
14883,42687,71424,clothing_store,
14884,42687,71424,clean_room,
14885,42687,71448,dressing_room,
14886,42687,71448,discotheque,
14887,42687,71448,stage/indoor,
14888,42687,71448,clean_room,
14889,42687,71448,museum/indoor,
14890,42687,71472,discotheque,
14891,42687,71472,dressing_room,
14892,42687,71472,stage/indoor,
14893,42687,71472,clean_room,
14894,42687,71472,clothing_store,
14895,42687,71496,discotheque,
14896,42687,71496,dressing_room,
14897,42687,71496,stage/indoor,
14898,42687,71496,clean_room,
14899,42687,71496,clothing_store,
14900,42687,71520,discotheque,
14901,42687,71520,dressing_room,
14902,42687,71520,stage/indoor,
14903,42687,71520,clean_room,
14904,42687,71520,music_studio,
14905,42687,71544,discotheque,
14906,42687,71544,dressing_room,
14907,42687,71544,clean_room,
14908,42687,71544,stage/indoor,
14909,42687,71544,clothing_store,
14910,42687,71568,discotheque,
14911,42687,71568,dressing_room,
14912,42687,71568,stage/indoor,
14913,42687,71568,ballroom,
14914,42687,71568,clothing_store,
14915,42687,71592,dressing_room,
14916,42687,71592,discotheque,
14917,42687,71592,stage/indoor,
14918,42687,71592,clean_room,
14919,42687,71592,ballroom,
14920,42687,71616,dressing_room,
14921,42687,71616,discotheque,
14922,42687,71616,clean_room,
14923,42687,71616,beauty_salon,
14924,42687,71616,clothing_store,
14925,42687,71640,discotheque,
14926,42687,71640,dressing_room,
14927,42687,71640,stage/indoor,
14928,42687,71640,clothing_store,
14929,42687,71640,beauty_salon,
14930,42687,71664,dressing_room,
14931,42687,71664,clothing_store,
14932,42687,71664,clean_room,
14933,42687,71664,beauty_salon,
14934,42687,71664,museum/indoor,
14935,42687,71688,dressing_room,
14936,42687,71688,clean_room,
14937,42687,71688,beauty_salon,
14938,42687,71688,museum/indoor,
14939,42687,71688,archive,
14940,42687,71712,dressing_room,
14941,42687,71712,clean_room,
14942,42687,71712,beauty_salon,
14943,42687,71712,chemistry_lab,
14944,42687,71712,music_studio,
14945,42687,71736,dressing_room,
14946,42687,71736,beauty_salon,
14947,42687,71736,clean_room,
14948,42687,71736,sauna,
14949,42687,71736,museum/indoor,
14950,42687,71760,dressing_room,
14951,42687,71760,clean_room,
14952,42687,71760,beauty_salon,
14953,42687,71760,museum/indoor,
14954,42687,71760,hospital_room,
14955,42687,71784,dressing_room,
14956,42687,71784,clean_room,
14957,42687,71784,beauty_salon,
14958,42687,71784,chemistry_lab,
14959,42687,71784,hospital_room,
14960,42687,71808,dressing_room,
14961,42687,71808,beauty_salon,
14962,42687,71808,clean_room,
14963,42687,71808,jewelry_shop,
14964,42687,71808,chemistry_lab,
14965,42687,71832,dressing_room,
14966,42687,71832,clean_room,
14967,42687,71832,beauty_salon,
14968,42687,71832,jewelry_shop,
14969,42687,71832,biology_laboratory,
14970,42687,71856,clean_room,
14971,42687,71856,dressing_room,
14972,42687,71856,chemistry_lab,
14973,42687,71856,biology_laboratory,
14974,42687,71856,jewelry_shop,
14975,42687,71880,dressing_room,
14976,42687,71880,beauty_salon,
14977,42687,71880,office,
14978,42687,71880,archive,
14979,42687,71880,clean_room,
14980,42687,71904,dressing_room,
14981,42687,71904,beauty_salon,
14982,42687,71904,office,
14983,42687,71904,reception,
14984,42687,71904,archive,
14985,42687,71928,dressing_room,
14986,42687,71928,beauty_salon,
14987,42687,71928,office,
14988,42687,71928,reception,
14989,42687,71928,clean_room,
14990,42687,71952,dressing_room,
14991,42687,71952,beauty_salon,
14992,42687,71952,office,
14993,42687,71952,clean_room,
14994,42687,71952,reception,
14995,42687,71976,dressing_room,
14996,42687,71976,beauty_salon,
14997,42687,71976,office,
14998,42687,71976,biology_laboratory,
14999,42687,71976,chemistry_lab,
15000,42687,72000,dressing_room,
15001,42687,72000,office,
15002,42687,72000,beauty_salon,
15003,42687,72000,clean_room,
15004,42687,72000,office_cubicles,
15005,42687,72024,clean_room,
15006,42687,72024,museum/indoor,
15007,42687,72024,operating_room,
15008,42687,72024,dressing_room,
15009,42687,72024,locker_room,
15010,42687,72048,clean_room,
15011,42687,72048,chemistry_lab,
15012,42687,72048,dressing_room,
15013,42687,72048,beauty_salon,
15014,42687,72048,museum/indoor,
15015,42687,72072,museum/indoor,
15016,42687,72072,dressing_room,
15017,42687,72072,clean_room,
15018,42687,72072,art_gallery,
15019,42687,72072,archive,
15020,42687,72096,museum/indoor,
15021,42687,72096,clean_room,
15022,42687,72096,dressing_room,
15023,42687,72096,operating_room,
15024,42687,72096,art_gallery,
15025,42687,72120,clean_room,
15026,42687,72120,museum/indoor,
15027,42687,72120,banquet_hall,
15028,42687,72120,chemistry_lab,
15029,42687,72120,archive,
15030,42687,72144,clean_room,
15031,42687,72144,museum/indoor,
15032,42687,72144,chemistry_lab,
15033,42687,72144,archive,
15034,42687,72144,operating_room,
15035,42687,72168,clean_room,
15036,42687,72168,museum/indoor,
15037,42687,72168,chemistry_lab,
15038,42687,72168,operating_room,
15039,42687,72168,archive,
15040,42687,72192,clean_room,
15041,42687,72192,chemistry_lab,
15042,42687,72192,operating_room,
15043,42687,72192,museum/indoor,
15044,42687,72192,banquet_hall,
15045,42687,72216,clean_room,
15046,42687,72216,bow_window/indoor,
15047,42687,72216,archive,
15048,42687,72216,office,
15049,42687,72216,dressing_room,
15050,42687,72240,clean_room,
15051,42687,72240,bow_window/indoor,
15052,42687,72240,office,
15053,42687,72240,archive,
15054,42687,72240,dressing_room,
15055,42687,72264,clean_room,
15056,42687,72264,bow_window/indoor,
15057,42687,72264,archive,
15058,42687,72264,office,
15059,42687,72264,dressing_room,
15060,42687,72288,dressing_room,
15061,42687,72288,stage/indoor,
15062,42687,72288,museum/indoor,
15063,42687,72288,discotheque,
15064,42687,72288,music_studio,
15065,42687,72312,dressing_room,
15066,42687,72312,museum/indoor,
15067,42687,72312,clean_room,
15068,42687,72312,stage/indoor,
15069,42687,72312,clothing_store,
15070,42687,72336,dressing_room,
15071,42687,72336,museum/indoor,
15072,42687,72336,clean_room,
15073,42687,72336,clothing_store,
15074,42687,72336,stage/indoor,
15075,42687,72360,museum/indoor,
15076,42687,72360,dressing_room,
15077,42687,72360,clean_room,
15078,42687,72360,stage/indoor,
15079,42687,72360,operating_room,
15080,42687,72384,dressing_room,
15081,42687,72384,clean_room,
15082,42687,72384,operating_room,
15083,42687,72384,museum/indoor,
15084,42687,72384,stage/indoor,
15085,42687,72408,dressing_room,
15086,42687,72408,clean_room,
15087,42687,72408,museum/indoor,
15088,42687,72408,operating_room,
15089,42687,72408,stage/indoor,
15090,42687,72432,clean_room,
15091,42687,72432,dressing_room,
15092,42687,72432,archive,
15093,42687,72432,museum/indoor,
15094,42687,72432,clothing_store,
15095,42687,72456,museum/indoor,
15096,42687,72456,clean_room,
15097,42687,72456,dressing_room,
15098,42687,72456,chemistry_lab,
15099,42687,72456,art_gallery,
15100,42687,72480,dressing_room,
15101,42687,72480,clean_room,
15102,42687,72480,museum/indoor,
15103,42687,72480,shower,
15104,42687,72480,beauty_salon,
15105,42687,72504,dressing_room,
15106,42687,72504,clean_room,
15107,42687,72504,museum/indoor,
15108,42687,72504,archive,
15109,42687,72504,operating_room,
15110,42687,72528,dressing_room,
15111,42687,72528,clean_room,
15112,42687,72528,beauty_salon,
15113,42687,72528,discotheque,
15114,42687,72528,museum/indoor,
15115,42687,72552,dressing_room,
15116,42687,72552,museum/indoor,
15117,42687,72552,clean_room,
15118,42687,72552,beauty_salon,
15119,42687,72552,discotheque,
15120,42687,72576,clean_room,
15121,42687,72576,dressing_room,
15122,42687,72576,museum/indoor,
15123,42687,72576,discotheque,
15124,42687,72576,chemistry_lab,
15125,42687,72600,dressing_room,
15126,42687,72600,beauty_salon,
15127,42687,72600,bar,
15128,42687,72600,restaurant,
15129,42687,72600,bathroom,
15130,42687,72624,dressing_room,
15131,42687,72624,restaurant,
15132,42687,72624,beauty_salon,
15133,42687,72624,banquet_hall,
15134,42687,72624,bar,
15135,42687,72648,dressing_room,
15136,42687,72648,bathroom,
15137,42687,72648,beauty_salon,
15138,42687,72648,restaurant,
15139,42687,72648,banquet_hall,
15140,42687,72672,dressing_room,
15141,42687,72672,museum/indoor,
15142,42687,72672,clean_room,
15143,42687,72672,shower,
15144,42687,72672,discotheque,
15145,42687,72696,dressing_room,
15146,42687,72696,museum/indoor,
15147,42687,72696,beauty_salon,
15148,42687,72696,clean_room,
15149,42687,72696,ballroom,
15150,42687,72720,dressing_room,
15151,42687,72720,museum/indoor,
15152,42687,72720,ballroom,
15153,42687,72720,clean_room,
15154,42687,72720,discotheque,
15155,42687,72744,dressing_room,
15156,42687,72744,museum/indoor,
15157,42687,72744,clothing_store,
15158,42687,72744,ballroom,
15159,42687,72744,discotheque,
15160,42687,72768,dressing_room,
15161,42687,72768,museum/indoor,
15162,42687,72768,ballroom,
15163,42687,72768,clothing_store,
15164,42687,72768,discotheque,
15165,42687,72792,dressing_room,
15166,42687,72792,museum/indoor,
15167,42687,72792,ballroom,
15168,42687,72792,nursing_home,
15169,42687,72792,discotheque,
15170,42687,72816,dressing_room,
15171,42687,72816,museum/indoor,
15172,42687,72816,discotheque,
15173,42687,72816,ballroom,
15174,42687,72816,clothing_store,
15175,42687,72840,dressing_room,
15176,42687,72840,beauty_salon,
15177,42687,72840,clean_room,
15178,42687,72840,bathroom,
15179,42687,72840,chemistry_lab,
15180,42687,72864,dressing_room,
15181,42687,72864,clean_room,
15182,42687,72864,chemistry_lab,
15183,42687,72864,beauty_salon,
15184,42687,72864,bar,
15185,42687,72888,dressing_room,
15186,42687,72888,restaurant,
15187,42687,72888,banquet_hall,
15188,42687,72888,chemistry_lab,
15189,42687,72888,bar,
15190,42687,72912,clean_room,
15191,42687,72912,chemistry_lab,
15192,42687,72912,dressing_room,
15193,42687,72912,beauty_salon,
15194,42687,72912,biology_laboratory,
15195,42687,72936,dressing_room,
15196,42687,72936,beauty_salon,
15197,42687,72936,clean_room,
15198,42687,72936,chemistry_lab,
15199,42687,72936,biology_laboratory,
15200,42687,72960,dressing_room,
15201,42687,72960,museum/indoor,
15202,42687,72960,clean_room,
15203,42687,72960,beauty_salon,
15204,42687,72960,chemistry_lab,
15205,42687,72984,clean_room,
15206,42687,72984,beauty_salon,
15207,42687,72984,museum/indoor,
15208,42687,72984,chemistry_lab,
15209,42687,72984,physics_laboratory,
15210,42687,73008,museum/indoor,
15211,42687,73008,clean_room,
15212,42687,73008,dressing_room,
15213,42687,73008,chemistry_lab,
15214,42687,73008,science_museum,
15215,42687,73032,museum/indoor,
15216,42687,73032,clean_room,
15217,42687,73032,chemistry_lab,
15218,42687,73032,physics_laboratory,
15219,42687,73032,science_museum,
15220,42687,73056,dressing_room,
15221,42687,73056,nursery,
15222,42687,73056,clean_room,
15223,42687,73056,locker_room,
15224,42687,73056,beauty_salon,
15225,42687,73080,dressing_room,
15226,42687,73080,clean_room,
15227,42687,73080,nursery,
15228,42687,73080,beauty_salon,
15229,42687,73080,nursing_home,
15230,42687,73104,dressing_room,
15231,42687,73104,clean_room,
15232,42687,73104,office,
15233,42687,73104,nursery,
15234,42687,73104,beauty_salon,
15235,42687,73128,dressing_room,
15236,42687,73128,clean_room,
15237,42687,73128,archive,
15238,42687,73128,office,
15239,42687,73128,beauty_salon,
15240,42687,73152,museum/indoor,
15241,42687,73152,clean_room,
15242,42687,73152,beauty_salon,
15243,42687,73152,chemistry_lab,
15244,42687,73152,physics_laboratory,
15245,42687,73176,museum/indoor,
15246,42687,73176,clean_room,
15247,42687,73176,dressing_room,
15248,42687,73176,beauty_salon,
15249,42687,73176,chemistry_lab,
15250,42687,73200,museum/indoor,
15251,42687,73200,dressing_room,
15252,42687,73200,bar,
15253,42687,73200,archive,
15254,42687,73200,stage/indoor,
15255,42687,73224,dressing_room,
15256,42687,73224,clean_room,
15257,42687,73224,archive,
15258,42687,73224,office,
15259,42687,73224,nursery,
15260,42687,73248,dressing_room,
15261,42687,73248,office,
15262,42687,73248,nursery,
15263,42687,73248,archive,
15264,42687,73248,nursing_home,
15265,42687,73272,dressing_room,
15266,42687,73272,office,
15267,42687,73272,nursery,
15268,42687,73272,archive,
15269,42687,73272,clean_room,
15270,42687,73296,dressing_room,
15271,42687,73296,office,
15272,42687,73296,clean_room,
15273,42687,73296,nursery,
15274,42687,73296,nursing_home,
15275,42687,73320,dressing_room,
15276,42687,73320,office,
15277,42687,73320,clean_room,
15278,42687,73320,nursing_home,
15279,42687,73320,beauty_salon,
15280,42687,73344,dressing_room,
15281,42687,73344,clean_room,
15282,42687,73344,office,
15283,42687,73344,archive,
15284,42687,73344,nursing_home,
15285,42687,73368,dressing_room,
15286,42687,73368,office,
15287,42687,73368,clean_room,
15288,42687,73368,nursery,
15289,42687,73368,nursing_home,
15290,42687,73392,dressing_room,
15291,42687,73392,clean_room,
15292,42687,73392,beauty_salon,
15293,42687,73392,office,
15294,42687,73392,nursing_home,
15295,42687,73416,dressing_room,
15296,42687,73416,clean_room,
15297,42687,73416,beauty_salon,
15298,42687,73416,nursing_home,
15299,42687,73416,hospital_room,
15300,42687,73440,dressing_room,
15301,42687,73440,clean_room,
15302,42687,73440,nursery,
15303,42687,73440,museum/indoor,
15304,42687,73440,office,
15305,42687,73464,dressing_room,
15306,42687,73464,clean_room,
15307,42687,73464,hospital_room,
15308,42687,73464,office,
15309,42687,73464,operating_room,
15310,42687,73488,dressing_room,
15311,42687,73488,clean_room,
15312,42687,73488,nursery,
15313,42687,73488,hospital_room,
15314,42687,73488,operating_room,
15315,42687,73512,dressing_room,
15316,42687,73512,clean_room,
15317,42687,73512,hospital_room,
15318,42687,73512,operating_room,
15319,42687,73512,nursery,
15320,42687,73536,dressing_room,
15321,42687,73536,clean_room,
15322,42687,73536,hospital_room,
15323,42687,73536,nursery,
15324,42687,73536,operating_room,
15325,42687,73560,dressing_room,
15326,42687,73560,clean_room,
15327,42687,73560,office,
15328,42687,73560,hospital_room,
15329,42687,73560,operating_room,
15330,42687,73584,dressing_room,
15331,42687,73584,beauty_salon,
15332,42687,73584,shower,
15333,42687,73584,sauna,
15334,42687,73584,chemistry_lab,
15335,42687,73608,chemistry_lab,
15336,42687,73608,dressing_room,
15337,42687,73608,bar,
15338,42687,73608,beauty_salon,
15339,42687,73608,discotheque,
15340,42687,73632,pharmacy,
15341,42687,73632,drugstore,
15342,42687,73632,bar,
15343,42687,73632,chemistry_lab,
15344,42687,73632,archive,
15345,42687,73656,beauty_salon,
15346,42687,73656,chemistry_lab,
15347,42687,73656,pharmacy,
15348,42687,73656,drugstore,
15349,42687,73656,archive,
15350,42687,73680,dressing_room,
15351,42687,73680,office,
15352,42687,73680,clean_room,
15353,42687,73680,nursing_home,
15354,42687,73680,beauty_salon,
15355,42687,73704,dressing_room,
15356,42687,73704,clean_room,
15357,42687,73704,nursery,
15358,42687,73704,museum/indoor,
15359,42687,73704,office,
15360,42687,73728,dressing_room,
15361,42687,73728,clean_room,
15362,42687,73728,museum/indoor,
15363,42687,73728,beauty_salon,
15364,42687,73728,office,
15365,42687,73752,dressing_room,
15366,42687,73752,museum/indoor,
15367,42687,73752,clean_room,
15368,42687,73752,office,
15369,42687,73752,nursery,
15370,42687,73776,dressing_room,
15371,42687,73776,office,
15372,42687,73776,office_cubicles,
15373,42687,73776,clean_room,
15374,42687,73776,locker_room,
15375,42687,73800,dressing_room,
15376,42687,73800,clean_room,
15377,42687,73800,office,
15378,42687,73800,nursing_home,
15379,42687,73800,museum/indoor,
15380,42687,73824,dressing_room,
15381,42687,73824,clean_room,
15382,42687,73824,office,
15383,42687,73824,nursing_home,
15384,42687,73824,beauty_salon,
15385,42687,73848,dressing_room,
15386,42687,73848,clean_room,
15387,42687,73848,nursing_home,
15388,42687,73848,hospital_room,
15389,42687,73848,office,
15390,42687,73872,dressing_room,
15391,42687,73872,clean_room,
15392,42687,73872,beauty_salon,
15393,42687,73872,hospital_room,
15394,42687,73872,discotheque,
15395,42687,73896,dressing_room,
15396,42687,73896,nursing_home,
15397,42687,73896,office,
15398,42687,73896,nursery,
15399,42687,73896,lecture_room,
15400,42687,73920,dressing_room,
15401,42687,73920,clean_room,
15402,42687,73920,office,
15403,42687,73920,nursery,
15404,42687,73920,archive,
15405,42687,73944,dressing_room,
15406,42687,73944,clean_room,
15407,42687,73944,museum/indoor,
15408,42687,73944,archive,
15409,42687,73944,nursery,
15410,42687,73968,dressing_room,
15411,42687,73968,nursery,
15412,42687,73968,clean_room,
15413,42687,73968,museum/indoor,
15414,42687,73968,hospital_room,
15415,42687,73992,dressing_room,
15416,42687,73992,nursery,
15417,42687,73992,clean_room,
15418,42687,73992,discotheque,
15419,42687,73992,nursing_home,
15420,42687,74016,dressing_room,
15421,42687,74016,nursery,
15422,42687,74016,nursing_home,
15423,42687,74016,clean_room,
15424,42687,74016,kindergarden_classroom,
15425,42687,74040,clean_room,
15426,42687,74040,nursery,
15427,42687,74040,dressing_room,
15428,42687,74040,nursing_home,
15429,42687,74040,hospital_room,
15430,42687,74064,clean_room,
15431,42687,74064,dressing_room,
15432,42687,74064,nursery,
15433,42687,74064,nursing_home,
15434,42687,74064,archive,
15435,42687,74088,clean_room,
15436,42687,74088,dressing_room,
15437,42687,74088,nursery,
15438,42687,74088,nursing_home,
15439,42687,74088,office,
15440,42687,74112,clean_room,
15441,42687,74112,dressing_room,
15442,42687,74112,nursery,
15443,42687,74112,office,
15444,42687,74112,archive,
15445,42687,74136,dressing_room,
15446,42687,74136,clean_room,
15447,42687,74136,nursing_home,
15448,42687,74136,discotheque,
15449,42687,74136,office,
15450,42687,74160,dressing_room,
15451,42687,74160,clean_room,
15452,42687,74160,discotheque,
15453,42687,74160,nursery,
15454,42687,74160,museum/indoor,
15455,42687,74184,dressing_room,
15456,42687,74184,clean_room,
15457,42687,74184,discotheque,
15458,42687,74184,museum/indoor,
15459,42687,74184,nursery,
15460,42687,74208,dressing_room,
15461,42687,74208,clean_room,
15462,42687,74208,discotheque,
15463,42687,74208,office,
15464,42687,74208,beauty_salon,
15465,42687,74232,dressing_room,
15466,42687,74232,clean_room,
15467,42687,74232,discotheque,
15468,42687,74232,nursing_home,
15469,42687,74232,office,
15470,42687,74256,museum/indoor,
15471,42687,74256,archive,
15472,42687,74256,chemistry_lab,
15473,42687,74256,library/indoor,
15474,42687,74256,pharmacy,
15475,42687,74280,museum/indoor,
15476,42687,74280,chemistry_lab,
15477,42687,74280,archive,
15478,42687,74280,pharmacy,
15479,42687,74280,library/indoor,
15480,42687,74304,museum/indoor,
15481,42687,74304,archive,
15482,42687,74304,art_gallery,
15483,42687,74304,chemistry_lab,
15484,42687,74304,library/indoor,
15485,42687,74328,dressing_room,
15486,42687,74328,clean_room,
15487,42687,74328,museum/indoor,
15488,42687,74328,locker_room,
15489,42687,74328,nursery,
15490,42687,74352,dressing_room,
15491,42687,74352,clean_room,
15492,42687,74352,museum/indoor,
15493,42687,74352,hospital_room,
15494,42687,74352,operating_room,
15495,42687,74376,dressing_room,
15496,42687,74376,clean_room,
15497,42687,74376,museum/indoor,
15498,42687,74376,nursery,
15499,42687,74376,locker_room,
15500,42687,74400,dressing_room,
15501,42687,74400,clean_room,
15502,42687,74400,museum/indoor,
15503,42687,74400,nursery,
15504,42687,74400,bow_window/indoor,
15505,42687,74424,dressing_room,
15506,42687,74424,clean_room,
15507,42687,74424,museum/indoor,
15508,42687,74424,nursery,
15509,42687,74424,operating_room,
15510,42687,74448,dressing_room,
15511,42687,74448,clean_room,
15512,42687,74448,museum/indoor,
15513,42687,74448,nursery,
15514,42687,74448,hospital_room,
15515,42687,74472,clean_room,
15516,42687,74472,dressing_room,
15517,42687,74472,museum/indoor,
15518,42687,74472,operating_room,
15519,42687,74472,hospital_room,
15520,42687,74496,dressing_room,
15521,42687,74496,clean_room,
15522,42687,74496,museum/indoor,
15523,42687,74496,nursery,
15524,42687,74496,hospital_room,
15525,42687,74520,dressing_room,
15526,42687,74520,nursery,
15527,42687,74520,clean_room,
15528,42687,74520,childs_room,
15529,42687,74520,locker_room,
15530,42687,74544,dressing_room,
15531,42687,74544,nursery,
15532,42687,74544,clean_room,
15533,42687,74544,archive,
15534,42687,74544,locker_room,
15535,42687,74568,dressing_room,
15536,42687,74568,nursery,
15537,42687,74568,clean_room,
15538,42687,74568,discotheque,
15539,42687,74568,archive,
15540,42687,74592,dressing_room,
15541,42687,74592,clean_room,
15542,42687,74592,nursery,
15543,42687,74592,beauty_salon,
15544,42687,74592,discotheque,
15545,42687,74616,dressing_room,
15546,42687,74616,clean_room,
15547,42687,74616,nursery,
15548,42687,74616,beauty_salon,
15549,42687,74616,archive,
15550,42687,74640,dressing_room,
15551,42687,74640,clean_room,
15552,42687,74640,nursery,
15553,42687,74640,beauty_salon,
15554,42687,74640,discotheque,
15555,42687,74664,dressing_room,
15556,42687,74664,clean_room,
15557,42687,74664,nursery,
15558,42687,74664,chemistry_lab,
15559,42687,74664,beauty_salon,
15560,42687,74688,dressing_room,
15561,42687,74688,clean_room,
15562,42687,74688,nursery,
15563,42687,74688,discotheque,
15564,42687,74688,beauty_salon,
15565,42687,74712,dressing_room,
15566,42687,74712,clean_room,
15567,42687,74712,beauty_salon,
15568,42687,74712,chemistry_lab,
15569,42687,74712,nursery,
15570,42687,74736,dressing_room,
15571,42687,74736,clean_room,
15572,42687,74736,nursery,
15573,42687,74736,discotheque,
15574,42687,74736,locker_room,
15575,42687,74760,dressing_room,
15576,42687,74760,nursery,
15577,42687,74760,clean_room,
15578,42687,74760,discotheque,
15579,42687,74760,archive,
15580,42687,74784,dressing_room,
15581,42687,74784,clean_room,
15582,42687,74784,nursery,
15583,42687,74784,archive,
15584,42687,74784,locker_room,
15585,42687,74808,dressing_room,
15586,42687,74808,clean_room,
15587,42687,74808,nursery,
15588,42687,74808,archive,
15589,42687,74808,beauty_salon,
15590,42687,74832,dressing_room,
15591,42687,74832,nursery,
15592,42687,74832,clean_room,
15593,42687,74832,archive,
15594,42687,74832,locker_room,
15595,42687,74856,dressing_room,
15596,42687,74856,clean_room,
15597,42687,74856,nursery,
15598,42687,74856,beauty_salon,
15599,42687,74856,archive,
15600,42687,74880,dressing_room,
15601,42687,74880,clean_room,
15602,42687,74880,beauty_salon,
15603,42687,74880,hospital_room,
15604,42687,74880,office,
15605,42687,74904,dressing_room,
15606,42687,74904,clean_room,
15607,42687,74904,museum/indoor,
15608,42687,74904,hospital_room,
15609,42687,74904,office,
15610,42687,74928,dressing_room,
15611,42687,74928,clean_room,
15612,42687,74928,operating_room,
15613,42687,74928,hospital_room,
15614,42687,74928,museum/indoor,
15615,42687,74952,dressing_room,
15616,42687,74952,clean_room,
15617,42687,74952,operating_room,
15618,42687,74952,hospital_room,
15619,42687,74952,museum/indoor,
15620,42687,74976,dressing_room,
15621,42687,74976,clean_room,
15622,42687,74976,hospital_room,
15623,42687,74976,museum/indoor,
15624,42687,74976,operating_room,
15625,42687,75000,dressing_room,
15626,42687,75000,clean_room,
15627,42687,75000,chemistry_lab,
15628,42687,75000,office,
15629,42687,75000,archive,
15630,42687,75024,dressing_room,
15631,42687,75024,discotheque,
15632,42687,75024,nursery,
15633,42687,75024,clean_room,
15634,42687,75024,locker_room,
15635,42687,75048,dressing_room,
15636,42687,75048,discotheque,
15637,42687,75048,stage/indoor,
15638,42687,75048,locker_room,
15639,42687,75048,beauty_salon,
15640,42687,75072,dressing_room,
15641,42687,75072,clean_room,
15642,42687,75072,museum/indoor,
15643,42687,75072,art_gallery,
15644,42687,75072,locker_room,
15645,42687,75096,dressing_room,
15646,42687,75096,clean_room,
15647,42687,75096,museum/indoor,
15648,42687,75096,art_gallery,
15649,42687,75096,locker_room,
15650,42687,75120,dressing_room,
15651,42687,75120,clean_room,
15652,42687,75120,nursery,
15653,42687,75120,discotheque,
15654,42687,75120,museum/indoor,
15655,42687,75144,dressing_room,
15656,42687,75144,clean_room,
15657,42687,75144,museum/indoor,
15658,42687,75144,nursery,
15659,42687,75144,art_gallery,
15660,42687,75168,dressing_room,
15661,42687,75168,clean_room,
15662,42687,75168,museum/indoor,
15663,42687,75168,archive,
15664,42687,75168,nursery,
15665,42687,75192,dressing_room,
15666,42687,75192,clean_room,
15667,42687,75192,museum/indoor,
15668,42687,75192,archive,
15669,42687,75192,nursery,
15670,42687,75216,dressing_room,
15671,42687,75216,clean_room,
15672,42687,75216,archive,
15673,42687,75216,museum/indoor,
15674,42687,75216,nursery,
15675,42687,75240,dressing_room,
15676,42687,75240,clean_room,
15677,42687,75240,museum/indoor,
15678,42687,75240,archive,
15679,42687,75240,nursery,
15680,42687,75264,dressing_room,
15681,42687,75264,clean_room,
15682,42687,75264,locker_room,
15683,42687,75264,art_gallery,
15684,42687,75264,museum/indoor,
15685,42687,75288,dressing_room,
15686,42687,75288,clean_room,
15687,42687,75288,museum/indoor,
15688,42687,75288,archive,
15689,42687,75288,art_gallery,
15690,42687,75312,dressing_room,
15691,42687,75312,clean_room,
15692,42687,75312,museum/indoor,
15693,42687,75312,locker_room,
15694,42687,75312,nursery,
15695,42687,75336,dressing_room,
15696,42687,75336,clean_room,
15697,42687,75336,museum/indoor,
15698,42687,75336,archive,
15699,42687,75336,locker_room,
15700,42687,75360,dressing_room,
15701,42687,75360,clean_room,
15702,42687,75360,locker_room,
15703,42687,75360,office,
15704,42687,75360,museum/indoor,
15705,42687,75384,dressing_room,
15706,42687,75384,clean_room,
15707,42687,75384,locker_room,
15708,42687,75384,office,
15709,42687,75384,archive,
15710,42687,75408,dressing_room,
15711,42687,75408,bathroom,
15712,42687,75408,shower,
15713,42687,75408,clean_room,
15714,42687,75408,elevator/door,
15715,42687,75432,dressing_room,
15716,42687,75432,shower,
15717,42687,75432,bathroom,
15718,42687,75432,bow_window/indoor,
15719,42687,75432,clean_room,
15720,42687,75456,dressing_room,
15721,42687,75456,bathroom,
15722,42687,75456,shower,
15723,42687,75456,nursery,
15724,42687,75456,bow_window/indoor,
15725,42687,75480,dressing_room,
15726,42687,75480,shower,
15727,42687,75480,bathroom,
15728,42687,75480,nursery,
15729,42687,75480,bow_window/indoor,
15730,42687,75504,dressing_room,
15731,42687,75504,clean_room,
15732,42687,75504,bow_window/indoor,
15733,42687,75504,nursery,
15734,42687,75504,beauty_salon,
15735,42687,75528,dressing_room,
15736,42687,75528,bow_window/indoor,
15737,42687,75528,clean_room,
15738,42687,75528,nursery,
15739,42687,75528,beauty_salon,
15740,42687,75552,dressing_room,
15741,42687,75552,nursery,
15742,42687,75552,bow_window/indoor,
15743,42687,75552,clean_room,
15744,42687,75552,office,
15745,42687,75576,dressing_room,
15746,42687,75576,clean_room,
15747,42687,75576,bow_window/indoor,
15748,42687,75576,office,
15749,42687,75576,nursery,
15750,42687,75600,dressing_room,
15751,42687,75600,clean_room,
15752,42687,75600,bow_window/indoor,
15753,42687,75600,nursery,
15754,42687,75600,living_room,
15755,42687,75624,dressing_room,
15756,42687,75624,clean_room,
15757,42687,75624,bow_window/indoor,
15758,42687,75624,museum/indoor,
15759,42687,75624,office,
15760,42687,75648,dressing_room,
15761,42687,75648,clean_room,
15762,42687,75648,museum/indoor,
15763,42687,75648,bow_window/indoor,
15764,42687,75648,art_gallery,
15765,42687,75672,dressing_room,
15766,42687,75672,clean_room,
15767,42687,75672,museum/indoor,
15768,42687,75672,bow_window/indoor,
15769,42687,75672,jewelry_shop,
15770,42687,75696,dressing_room,
15771,42687,75696,clean_room,
15772,42687,75696,museum/indoor,
15773,42687,75696,bow_window/indoor,
15774,42687,75696,office,
15775,42687,75720,dressing_room,
15776,42687,75720,office,
15777,42687,75720,bow_window/indoor,
15778,42687,75720,clean_room,
15779,42687,75720,reception,
15780,42687,75744,dressing_room,
15781,42687,75744,bow_window/indoor,
15782,42687,75744,clean_room,
15783,42687,75744,office,
15784,42687,75744,nursery,
15785,42687,75768,dining_room,
15786,42687,75768,banquet_hall,
15787,42687,75768,dining_hall,
15788,42687,75768,restaurant,
15789,42687,75768,dressing_room,
15790,42687,75792,dining_room,
15791,42687,75792,banquet_hall,
15792,42687,75792,dining_hall,
15793,42687,75792,restaurant,
15794,42687,75792,cafeteria,
15795,42687,75816,dining_room,
15796,42687,75816,banquet_hall,
15797,42687,75816,dining_hall,
15798,42687,75816,restaurant,
15799,42687,75816,dressing_room,
15800,42687,75840,dining_room,
15801,42687,75840,banquet_hall,
15802,42687,75840,dining_hall,
15803,42687,75840,dressing_room,
15804,42687,75840,restaurant,
15805,42687,75864,dining_room,
15806,42687,75864,dressing_room,
15807,42687,75864,banquet_hall,
15808,42687,75864,dining_hall,
15809,42687,75864,clean_room,
15810,42687,75888,dining_room,
15811,42687,75888,banquet_hall,
15812,42687,75888,dining_hall,
15813,42687,75888,dressing_room,
15814,42687,75888,restaurant,
15815,42687,75912,dining_room,
15816,42687,75912,dressing_room,
15817,42687,75912,banquet_hall,
15818,42687,75912,dining_hall,
15819,42687,75912,restaurant,
15820,42687,75936,dressing_room,
15821,42687,75936,clean_room,
15822,42687,75936,dining_room,
15823,42687,75936,banquet_hall,
15824,42687,75936,operating_room,
15825,42687,75960,dressing_room,
15826,42687,75960,dining_room,
15827,42687,75960,clean_room,
15828,42687,75960,banquet_hall,
15829,42687,75960,dining_hall,
15830,42687,75984,dining_room,
15831,42687,75984,dressing_room,
15832,42687,75984,clean_room,
15833,42687,75984,dining_hall,
15834,42687,75984,banquet_hall,
15835,42687,76008,dressing_room,
15836,42687,76008,clean_room,
15837,42687,76008,dining_room,
15838,42687,76008,chemistry_lab,
15839,42687,76008,banquet_hall,
15840,42687,76032,dressing_room,
15841,42687,76032,dining_room,
15842,42687,76032,clean_room,
15843,42687,76032,chemistry_lab,
15844,42687,76032,restaurant,
15845,42687,76056,dining_room,
15846,42687,76056,banquet_hall,
15847,42687,76056,dining_hall,
15848,42687,76056,dressing_room,
15849,42687,76056,restaurant,
15850,42687,76080,dining_room,
15851,42687,76080,banquet_hall,
15852,42687,76080,dining_hall,
15853,42687,76080,dressing_room,
15854,42687,76080,restaurant,
15855,42687,76104,dressing_room,
15856,42687,76104,clean_room,
15857,42687,76104,dining_room,
15858,42687,76104,banquet_hall,
15859,42687,76104,dining_hall,
15860,42687,76128,clean_room,
15861,42687,76128,dressing_room,
15862,42687,76128,dining_room,
15863,42687,76128,chemistry_lab,
15864,42687,76128,operating_room,
15865,42687,76152,clean_room,
15866,42687,76152,museum/indoor,
15867,42687,76152,dressing_room,
15868,42687,76152,art_studio,
15869,42687,76152,chemistry_lab,
15870,42687,76176,clean_room,
15871,42687,76176,dressing_room,
15872,42687,76176,museum/indoor,
15873,42687,76176,chemistry_lab,
15874,42687,76176,bow_window/indoor,
15875,42687,76200,clean_room,
15876,42687,76200,dressing_room,
15877,42687,76200,nursery,
15878,42687,76200,museum/indoor,
15879,42687,76200,bow_window/indoor,
15880,42687,76224,clean_room,
15881,42687,76224,dressing_room,
15882,42687,76224,nursery,
15883,42687,76224,museum/indoor,
15884,42687,76224,nursing_home,
15885,42687,76248,clean_room,
15886,42687,76248,dressing_room,
15887,42687,76248,nursery,
15888,42687,76248,bow_window/indoor,
15889,42687,76248,stage/indoor,
15890,42687,76272,clean_room,
15891,42687,76272,dressing_room,
15892,42687,76272,nursery,
15893,42687,76272,museum/indoor,
15894,42687,76272,stage/indoor,
15895,42687,76296,clean_room,
15896,42687,76296,dressing_room,
15897,42687,76296,nursery,
15898,42687,76296,museum/indoor,
15899,42687,76296,stage/indoor,
15900,42687,76320,nursery,
15901,42687,76320,museum/indoor,
15902,42687,76320,dressing_room,
15903,42687,76320,clean_room,
15904,42687,76320,bow_window/indoor,
15905,42687,76344,dressing_room,
15906,42687,76344,clean_room,
15907,42687,76344,museum/indoor,
15908,42687,76344,art_studio,
15909,42687,76344,bow_window/indoor,
15910,42687,76368,dressing_room,
15911,42687,76368,bow_window/indoor,
15912,42687,76368,clean_room,
15913,42687,76368,chemistry_lab,
15914,42687,76368,office,
15915,42687,76392,dressing_room,
15916,42687,76392,clean_room,
15917,42687,76392,office,
15918,42687,76392,physics_laboratory,
15919,42687,76392,museum/indoor,
15920,42687,76416,dining_room,
15921,42687,76416,dressing_room,
15922,42687,76416,clean_room,
15923,42687,76416,banquet_hall,
15924,42687,76416,dining_hall,
15925,42687,76440,dressing_room,
15926,42687,76440,clean_room,
15927,42687,76440,dining_room,
15928,42687,76440,museum/indoor,
15929,42687,76440,banquet_hall,
15930,42687,76464,dining_room,
15931,42687,76464,dressing_room,
15932,42687,76464,banquet_hall,
15933,42687,76464,dining_hall,
15934,42687,76464,clean_room,
15935,42687,76488,dressing_room,
15936,42687,76488,dining_room,
15937,42687,76488,banquet_hall,
15938,42687,76488,dining_hall,
15939,42687,76488,restaurant,
15940,42687,76512,dining_room,
15941,42687,76512,banquet_hall,
15942,42687,76512,dining_hall,
15943,42687,76512,clean_room,
15944,42687,76512,dressing_room,
15945,42687,76536,dining_room,
15946,42687,76536,banquet_hall,
15947,42687,76536,dining_hall,
15948,42687,76536,restaurant,
15949,42687,76536,clean_room,
15950,42687,76560,dining_room,
15951,42687,76560,dressing_room,
15952,42687,76560,banquet_hall,
15953,42687,76560,clean_room,
15954,42687,76560,dining_hall,
15955,42687,76584,dressing_room,
15956,42687,76584,clean_room,
15957,42687,76584,dining_room,
15958,42687,76584,banquet_hall,
15959,42687,76584,dining_hall,
15960,42687,76608,clean_room,
15961,42687,76608,shower,
15962,42687,76608,bathroom,
15963,42687,76608,bow_window/indoor,
15964,42687,76608,sauna,
15965,42687,76632,clean_room,
15966,42687,76632,beauty_salon,
15967,42687,76632,dressing_room,
15968,42687,76632,dining_room,
15969,42687,76632,bow_window/indoor,
15970,42687,76656,bow_window/indoor,
15971,42687,76656,archive,
15972,42687,76656,clean_room,
15973,42687,76656,office,
15974,42687,76656,atrium/public,
15975,42687,76680,shower,
15976,42687,76680,clean_room,
15977,42687,76680,bathroom,
15978,42687,76680,sauna,
15979,42687,76680,dressing_room,
15980,42687,76704,clean_room,
15981,42687,76704,beauty_salon,
15982,42687,76704,dressing_room,
15983,42687,76704,chemistry_lab,
15984,42687,76704,biology_laboratory,
15985,42687,76728,bar,
15986,42687,76728,archive,
15987,42687,76728,coffee_shop,
15988,42687,76728,beauty_salon,
15989,42687,76728,library/indoor,
15990,42687,76752,clean_room,
15991,42687,76752,elevator/door,
15992,42687,76752,jail_cell,
15993,42687,76752,corridor,
15994,42687,76752,locker_room,
15995,42687,76776,museum/indoor,
15996,42687,76776,dressing_room,
15997,42687,76776,art_gallery,
15998,42687,76776,clean_room,
15999,42687,76776,music_studio,
16000,42687,76800,elevator/door,
16001,42687,76800,clean_room,
16002,42687,76800,elevator_lobby,
16003,42687,76800,art_gallery,
16004,42687,76800,dressing_room,
16005,42687,76824,museum/indoor,
16006,42687,76824,art_gallery,
16007,42687,76824,elevator/door,
16008,42687,76824,clean_room,
16009,42687,76824,elevator_lobby,
16010,42687,76848,museum/indoor,
16011,42687,76848,art_gallery,
16012,42687,76848,clean_room,
16013,42687,76848,archive,
16014,42687,76848,elevator/door,
16015,42687,76872,museum/indoor,
16016,42687,76872,art_gallery,
16017,42687,76872,archive,
16018,42687,76872,elevator/door,
16019,42687,76872,clean_room,
16020,42687,76896,museum/indoor,
16021,42687,76896,art_gallery,
16022,42687,76896,archive,
16023,42687,76896,clean_room,
16024,42687,76896,elevator/door,
16025,42687,76920,museum/indoor,
16026,42687,76920,art_gallery,
16027,42687,76920,clean_room,
16028,42687,76920,elevator/door,
16029,42687,76920,artists_loft,
16030,42687,76944,museum/indoor,
16031,42687,76944,art_gallery,
16032,42687,76944,archive,
16033,42687,76944,clean_room,
16034,42687,76944,artists_loft,
16035,42687,76968,museum/indoor,
16036,42687,76968,art_gallery,
16037,42687,76968,archive,
16038,42687,76968,clean_room,
16039,42687,76968,artists_loft,
16040,42687,76992,museum/indoor,
16041,42687,76992,art_gallery,
16042,42687,76992,clean_room,
16043,42687,76992,archive,
16044,42687,76992,artists_loft,
16045,42687,77016,museum/indoor,
16046,42687,77016,art_gallery,
16047,42687,77016,archive,
16048,42687,77016,clean_room,
16049,42687,77016,artists_loft,
16050,42687,77040,museum/indoor,
16051,42687,77040,art_gallery,
16052,42687,77040,archive,
16053,42687,77040,clean_room,
16054,42687,77040,artists_loft,
16055,42687,77064,museum/indoor,
16056,42687,77064,art_gallery,
16057,42687,77064,archive,
16058,42687,77064,clean_room,
16059,42687,77064,artists_loft,
16060,42687,77088,museum/indoor,
16061,42687,77088,art_gallery,
16062,42687,77088,clean_room,
16063,42687,77088,archive,
16064,42687,77088,artists_loft,
16065,42687,77112,museum/indoor,
16066,42687,77112,art_gallery,
16067,42687,77112,archive,
16068,42687,77112,clean_room,
16069,42687,77112,artists_loft,
16070,42687,77136,museum/indoor,
16071,42687,77136,art_gallery,
16072,42687,77136,clean_room,
16073,42687,77136,archive,
16074,42687,77136,elevator/door,
16075,42687,77160,museum/indoor,
16076,42687,77160,art_gallery,
16077,42687,77160,clean_room,
16078,42687,77160,archive,
16079,42687,77160,artists_loft,
16080,42687,77184,museum/indoor,
16081,42687,77184,art_gallery,
16082,42687,77184,clean_room,
16083,42687,77184,archive,
16084,42687,77184,artists_loft,
16085,42687,77208,museum/indoor,
16086,42687,77208,art_gallery,
16087,42687,77208,clean_room,
16088,42687,77208,archive,
16089,42687,77208,art_studio,
16090,42687,77232,museum/indoor,
16091,42687,77232,art_gallery,
16092,42687,77232,archive,
16093,42687,77232,clean_room,
16094,42687,77232,art_studio,
16095,42687,77256,museum/indoor,
16096,42687,77256,art_gallery,
16097,42687,77256,archive,
16098,42687,77256,clean_room,
16099,42687,77256,art_studio,
16100,42687,77280,museum/indoor,
16101,42687,77280,art_gallery,
16102,42687,77280,archive,
16103,42687,77280,clean_room,
16104,42687,77280,art_studio,
16105,42687,77304,museum/indoor,
16106,42687,77304,art_gallery,
16107,42687,77304,archive,
16108,42687,77304,clean_room,
16109,42687,77304,art_studio,
16110,42687,77328,museum/indoor,
16111,42687,77328,art_gallery,
16112,42687,77328,archive,
16113,42687,77328,clean_room,
16114,42687,77328,art_studio,
16115,42687,77352,museum/indoor,
16116,42687,77352,art_gallery,
16117,42687,77352,archive,
16118,42687,77352,clean_room,
16119,42687,77352,artists_loft,
16120,42687,77376,museum/indoor,
16121,42687,77376,art_gallery,
16122,42687,77376,archive,
16123,42687,77376,clean_room,
16124,42687,77376,artists_loft,
16125,42687,77400,museum/indoor,
16126,42687,77400,art_gallery,
16127,42687,77400,clean_room,
16128,42687,77400,archive,
16129,42687,77400,elevator/door,
16130,42687,77424,museum/indoor,
16131,42687,77424,art_gallery,
16132,42687,77424,clean_room,
16133,42687,77424,archive,
16134,42687,77424,artists_loft,
16135,42687,77448,museum/indoor,
16136,42687,77448,art_gallery,
16137,42687,77448,clean_room,
16138,42687,77448,archive,
16139,42687,77448,artists_loft,
16140,42687,77472,museum/indoor,
16141,42687,77472,art_gallery,
16142,42687,77472,clean_room,
16143,42687,77472,archive,
16144,42687,77472,elevator/door,
16145,42687,77496,museum/indoor,
16146,42687,77496,art_gallery,
16147,42687,77496,archive,
16148,42687,77496,clean_room,
16149,42687,77496,art_studio,
16150,42687,77520,museum/indoor,
16151,42687,77520,art_gallery,
16152,42687,77520,clean_room,
16153,42687,77520,archive,
16154,42687,77520,artists_loft,
16155,42687,77544,museum/indoor,
16156,42687,77544,art_gallery,
16157,42687,77544,clean_room,
16158,42687,77544,archive,
16159,42687,77544,artists_loft,
16160,42687,77568,museum/indoor,
16161,42687,77568,art_gallery,
16162,42687,77568,clean_room,
16163,42687,77568,archive,
16164,42687,77568,artists_loft,
16165,42687,77592,museum/indoor,
16166,42687,77592,art_gallery,
16167,42687,77592,clean_room,
16168,42687,77592,archive,
16169,42687,77592,artists_loft,
16170,42687,77616,museum/indoor,
16171,42687,77616,art_gallery,
16172,42687,77616,clean_room,
16173,42687,77616,archive,
16174,42687,77616,artists_loft,
16175,42687,77640,museum/indoor,
16176,42687,77640,art_gallery,
16177,42687,77640,clean_room,
16178,42687,77640,elevator/door,
16179,42687,77640,archive,
16180,42687,77664,museum/indoor,
16181,42687,77664,locker_room,
16182,42687,77664,art_gallery,
16183,42687,77664,clean_room,
16184,42687,77664,dressing_room,
16185,42687,77688,bow_window/indoor,
16186,42687,77688,clean_room,
16187,42687,77688,elevator/door,
16188,42687,77688,museum/indoor,
16189,42687,77688,elevator_lobby,
16190,42687,77712,bow_window/indoor,
16191,42687,77712,artists_loft,
16192,42687,77712,museum/indoor,
16193,42687,77712,art_gallery,
16194,42687,77712,locker_room,
16195,42687,77736,staircase,
16196,42687,77736,atrium/public,
16197,42687,77736,entrance_hall,
16198,42687,77736,mezzanine,
16199,42687,77736,fire_escape,
16200,42687,77760,staircase,
16201,42687,77760,corridor,
16202,42687,77760,entrance_hall,
16203,42687,77760,atrium/public,
16204,42687,77760,mezzanine,
16205,42687,77784,staircase,
16206,42687,77784,corridor,
16207,42687,77784,entrance_hall,
16208,42687,77784,clean_room,
16209,42687,77784,museum/indoor,
16210,42687,77808,staircase,
16211,42687,77808,entrance_hall,
16212,42687,77808,atrium/public,
16213,42687,77808,mezzanine,
16214,42687,77808,escalator/indoor,
16215,42687,77832,bow_window/indoor,
16216,42687,77832,locker_room,
16217,42687,77832,dressing_room,
16218,42687,77832,elevator/door,
16219,42687,77832,artists_loft,
16220,42687,77856,elevator/door,
16221,42687,77856,bow_window/indoor,
16222,42687,77856,clean_room,
16223,42687,77856,locker_room,
16224,42687,77856,elevator_lobby,
16225,42687,77880,bow_window/indoor,
16226,42687,77880,elevator/door,
16227,42687,77880,doorway/outdoor,
16228,42687,77880,clean_room,
16229,42687,77880,locker_room,
16230,42687,77904,bow_window/indoor,
16231,42687,77904,elevator/door,
16232,42687,77904,doorway/outdoor,
16233,42687,77904,archive,
16234,42687,77904,clean_room,
16235,42687,77928,bow_window/indoor,
16236,42687,77928,archive,
16237,42687,77928,museum/indoor,
16238,42687,77928,clean_room,
16239,42687,77928,art_gallery,
16240,42687,77952,bow_window/indoor,
16241,42687,77952,archive,
16242,42687,77952,clean_room,
16243,42687,77952,office,
16244,42687,77952,art_gallery,
16245,42687,77976,bow_window/indoor,
16246,42687,77976,doorway/outdoor,
16247,42687,77976,elevator/door,
16248,42687,77976,closet,
16249,42687,77976,dressing_room,
16250,42687,78000,bow_window/indoor,
16251,42687,78000,archive,
16252,42687,78000,clean_room,
16253,42687,78000,museum/indoor,
16254,42687,78000,office,
16255,42687,78024,bow_window/indoor,
16256,42687,78024,museum/indoor,
16257,42687,78024,archive,
16258,42687,78024,office,
16259,42687,78024,clean_room,
16260,42687,78048,bow_window/indoor,
16261,42687,78048,museum/indoor,
16262,42687,78048,archive,
16263,42687,78048,office,
16264,42687,78048,clean_room,
16265,42687,78072,bow_window/indoor,
16266,42687,78072,closet,
16267,42687,78072,alcove,
16268,42687,78072,bathroom,
16269,42687,78072,shower,
16270,42687,78096,bow_window/indoor,
16271,42687,78096,closet,
16272,42687,78096,elevator/door,
16273,42687,78096,doorway/outdoor,
16274,42687,78096,art_gallery,
16275,42687,78120,bow_window/indoor,
16276,42687,78120,closet,
16277,42687,78120,alcove,
16278,42687,78120,dressing_room,
16279,42687,78120,artists_loft,
16280,42687,78144,bow_window/indoor,
16281,42687,78144,elevator/door,
16282,42687,78144,closet,
16283,42687,78144,doorway/outdoor,
16284,42687,78144,corridor,
16285,42687,78168,bow_window/indoor,
16286,42687,78168,doorway/outdoor,
16287,42687,78168,elevator/door,
16288,42687,78168,closet,
16289,42687,78168,alcove,
16290,42687,78192,bow_window/indoor,
16291,42687,78192,elevator/door,
16292,42687,78192,doorway/outdoor,
16293,42687,78192,closet,
16294,42687,78192,alcove,
16295,42687,78216,bow_window/indoor,
16296,42687,78216,closet,
16297,42687,78216,doorway/outdoor,
16298,42687,78216,elevator/door,
16299,42687,78216,alcove,
16300,42687,78240,bow_window/indoor,
16301,42687,78240,closet,
16302,42687,78240,alcove,
16303,42687,78240,balcony/interior,
16304,42687,78240,artists_loft,
16305,42687,78264,bow_window/indoor,
16306,42687,78264,closet,
16307,42687,78264,corridor,
16308,42687,78264,balcony/interior,
16309,42687,78264,elevator/door,
16310,42687,78288,bow_window/indoor,
16311,42687,78288,closet,
16312,42687,78288,doorway/outdoor,
16313,42687,78288,elevator/door,
16314,42687,78288,corridor,
16315,42687,78312,dressing_room,
16316,42687,78312,clothing_store,
16317,42687,78312,clean_room,
16318,42687,78312,beauty_salon,
16319,42687,78312,museum/indoor,
16320,42687,78336,dressing_room,
16321,42687,78336,museum/indoor,
16322,42687,78336,discotheque,
16323,42687,78336,stage/indoor,
16324,42687,78336,clean_room,
16325,42687,78360,clean_room,
16326,42687,78360,museum/indoor,
16327,42687,78360,dressing_room,
16328,42687,78360,art_gallery,
16329,42687,78360,artists_loft,
16330,42687,78384,clean_room,
16331,42687,78384,dressing_room,
16332,42687,78384,museum/indoor,
16333,42687,78384,art_gallery,
16334,42687,78384,clothing_store,
16335,42687,78408,dressing_room,
16336,42687,78408,museum/indoor,
16337,42687,78408,clean_room,
16338,42687,78408,clothing_store,
16339,42687,78408,art_gallery,
16340,42687,78432,dressing_room,
16341,42687,78432,museum/indoor,
16342,42687,78432,clean_room,
16343,42687,78432,clothing_store,
16344,42687,78432,stage/indoor,
16345,42687,78456,dressing_room,
16346,42687,78456,museum/indoor,
16347,42687,78456,clean_room,
16348,42687,78456,clothing_store,
16349,42687,78456,beauty_salon,
16350,42687,78480,dressing_room,
16351,42687,78480,clean_room,
16352,42687,78480,archive,
16353,42687,78480,museum/indoor,
16354,42687,78480,operating_room,
16355,42687,78504,dressing_room,
16356,42687,78504,clean_room,
16357,42687,78504,archive,
16358,42687,78504,museum/indoor,
16359,42687,78504,operating_room,
16360,42687,78528,dressing_room,
16361,42687,78528,clean_room,
16362,42687,78528,archive,
16363,42687,78528,beauty_salon,
16364,42687,78528,operating_room,
16365,42687,78552,dressing_room,
16366,42687,78552,clean_room,
16367,42687,78552,archive,
16368,42687,78552,beauty_salon,
16369,42687,78552,museum/indoor,
16370,42687,78576,dressing_room,
16371,42687,78576,clean_room,
16372,42687,78576,archive,
16373,42687,78576,museum/indoor,
16374,42687,78576,beauty_salon,
16375,42687,78600,dressing_room,
16376,42687,78600,clean_room,
16377,42687,78600,archive,
16378,42687,78600,museum/indoor,
16379,42687,78600,beauty_salon,
16380,42687,78624,dressing_room,
16381,42687,78624,clean_room,
16382,42687,78624,archive,
16383,42687,78624,museum/indoor,
16384,42687,78624,beauty_salon,
16385,42687,78648,dressing_room,
16386,42687,78648,museum/indoor,
16387,42687,78648,archive,
16388,42687,78648,clean_room,
16389,42687,78648,art_gallery,
16390,42687,78672,dressing_room,
16391,42687,78672,museum/indoor,
16392,42687,78672,clean_room,
16393,42687,78672,archive,
16394,42687,78672,beauty_salon,
16395,42687,78696,dressing_room,
16396,42687,78696,museum/indoor,
16397,42687,78696,clean_room,
16398,42687,78696,beauty_salon,
16399,42687,78696,archive,
16400,42687,78720,dressing_room,
16401,42687,78720,clean_room,
16402,42687,78720,museum/indoor,
16403,42687,78720,beauty_salon,
16404,42687,78720,archive,
16405,42687,78744,clean_room,
16406,42687,78744,dressing_room,
16407,42687,78744,archive,
16408,42687,78744,museum/indoor,
16409,42687,78744,operating_room,
16410,42687,78768,dressing_room,
16411,42687,78768,clean_room,
16412,42687,78768,archive,
16413,42687,78768,museum/indoor,
16414,42687,78768,operating_room,
16415,42687,78792,dressing_room,
16416,42687,78792,clean_room,
16417,42687,78792,archive,
16418,42687,78792,museum/indoor,
16419,42687,78792,operating_room,
16420,42687,78816,dressing_room,
16421,42687,78816,clean_room,
16422,42687,78816,archive,
16423,42687,78816,museum/indoor,
16424,42687,78816,operating_room,
16425,42687,78840,dressing_room,
16426,42687,78840,archive,
16427,42687,78840,museum/indoor,
16428,42687,78840,beauty_salon,
16429,42687,78840,clean_room,
16430,42687,78864,dressing_room,
16431,42687,78864,clean_room,
16432,42687,78864,beauty_salon,
16433,42687,78864,archive,
16434,42687,78864,museum/indoor,
16435,42687,78888,dressing_room,
16436,42687,78888,clean_room,
16437,42687,78888,beauty_salon,
16438,42687,78888,archive,
16439,42687,78888,museum/indoor,
16440,42687,78912,dressing_room,
16441,42687,78912,clean_room,
16442,42687,78912,museum/indoor,
16443,42687,78912,archive,
16444,42687,78912,beauty_salon,
16445,42687,78936,dressing_room,
16446,42687,78936,clean_room,
16447,42687,78936,archive,
16448,42687,78936,museum/indoor,
16449,42687,78936,beauty_salon,
16450,42687,78960,dressing_room,
16451,42687,78960,archive,
16452,42687,78960,clean_room,
16453,42687,78960,museum/indoor,
16454,42687,78960,office,
16455,42687,78984,dressing_room,
16456,42687,78984,clean_room,
16457,42687,78984,archive,
16458,42687,78984,operating_room,
16459,42687,78984,museum/indoor,
16460,42687,79008,clean_room,
16461,42687,79008,dressing_room,
16462,42687,79008,archive,
16463,42687,79008,operating_room,
16464,42687,79008,museum/indoor,
16465,42687,79032,dressing_room,
16466,42687,79032,clean_room,
16467,42687,79032,archive,
16468,42687,79032,museum/indoor,
16469,42687,79032,operating_room,
16470,42687,79056,dressing_room,
16471,42687,79056,archive,
16472,42687,79056,clean_room,
16473,42687,79056,museum/indoor,
16474,42687,79056,art_gallery,
16475,42687,79080,dressing_room,
16476,42687,79080,archive,
16477,42687,79080,clean_room,
16478,42687,79080,beauty_salon,
16479,42687,79080,chemistry_lab,
16480,42687,79104,dressing_room,
16481,42687,79104,clean_room,
16482,42687,79104,museum/indoor,
16483,42687,79104,art_gallery,
16484,42687,79104,archive,
16485,42687,79128,dressing_room,
16486,42687,79128,museum/indoor,
16487,42687,79128,clean_room,
16488,42687,79128,archive,
16489,42687,79128,locker_room,
16490,42687,79152,dressing_room,
16491,42687,79152,clean_room,
16492,42687,79152,archive,
16493,42687,79152,museum/indoor,
16494,42687,79152,locker_room,
16495,42687,79176,dressing_room,
16496,42687,79176,museum/indoor,
16497,42687,79176,clean_room,
16498,42687,79176,archive,
16499,42687,79176,locker_room,
16500,42687,79200,dressing_room,
16501,42687,79200,museum/indoor,
16502,42687,79200,archive,
16503,42687,79200,clean_room,
16504,42687,79200,locker_room,
16505,42687,79224,dressing_room,
16506,42687,79224,museum/indoor,
16507,42687,79224,clean_room,
16508,42687,79224,clothing_store,
16509,42687,79224,locker_room,
16510,42687,79248,dressing_room,
16511,42687,79248,museum/indoor,
16512,42687,79248,clean_room,
16513,42687,79248,clothing_store,
16514,42687,79248,locker_room,
16515,42687,79272,dressing_room,
16516,42687,79272,museum/indoor,
16517,42687,79272,clean_room,
16518,42687,79272,clothing_store,
16519,42687,79272,locker_room,
16520,42687,79296,dressing_room,
16521,42687,79296,museum/indoor,
16522,42687,79296,clean_room,
16523,42687,79296,clothing_store,
16524,42687,79296,locker_room,
16525,42687,79320,dressing_room,
16526,42687,79320,museum/indoor,
16527,42687,79320,clean_room,
16528,42687,79320,clothing_store,
16529,42687,79320,locker_room,
16530,42687,79344,dressing_room,
16531,42687,79344,museum/indoor,
16532,42687,79344,clean_room,
16533,42687,79344,clothing_store,
16534,42687,79344,shower,
16535,42687,79368,dressing_room,
16536,42687,79368,museum/indoor,
16537,42687,79368,clean_room,
16538,42687,79368,clothing_store,
16539,42687,79368,locker_room,
16540,42687,79392,dressing_room,
16541,42687,79392,museum/indoor,
16542,42687,79392,clean_room,
16543,42687,79392,locker_room,
16544,42687,79392,clothing_store,
16545,42687,79416,dressing_room,
16546,42687,79416,museum/indoor,
16547,42687,79416,clean_room,
16548,42687,79416,archive,
16549,42687,79416,locker_room,
16550,42687,79440,dressing_room,
16551,42687,79440,museum/indoor,
16552,42687,79440,clean_room,
16553,42687,79440,archive,
16554,42687,79440,locker_room,
16555,42687,79464,dressing_room,
16556,42687,79464,clean_room,
16557,42687,79464,museum/indoor,
16558,42687,79464,archive,
16559,42687,79464,locker_room,
16560,42687,79488,clean_room,
16561,42687,79488,museum/indoor,
16562,42687,79488,dressing_room,
16563,42687,79488,discotheque,
16564,42687,79488,science_museum,
16565,42687,79512,shoe_shop,
16566,42687,79512,museum/indoor,
16567,42687,79512,science_museum,
16568,42687,79512,clean_room,
16569,42687,79512,natural_history_museum,
16570,42687,79536,shoe_shop,
16571,42687,79536,clothing_store,
16572,42687,79536,museum/indoor,
16573,42687,79536,science_museum,
16574,42687,79536,gift_shop,
16575,42687,79560,shoe_shop,
16576,42687,79560,clothing_store,
16577,42687,79560,museum/indoor,
16578,42687,79560,science_museum,
16579,42687,79560,clean_room,
16580,42687,79584,shoe_shop,
16581,42687,79584,clothing_store,
16582,42687,79584,museum/indoor,
16583,42687,79584,science_museum,
16584,42687,79584,clean_room,
16585,42687,79608,shoe_shop,
16586,42687,79608,clothing_store,
16587,42687,79608,museum/indoor,
16588,42687,79608,science_museum,
16589,42687,79608,clean_room,
16590,42687,79632,clean_room,
16591,42687,79632,shoe_shop,
16592,42687,79632,science_museum,
16593,42687,79632,museum/indoor,
16594,42687,79632,biology_laboratory,
16595,42687,79656,clean_room,
16596,42687,79656,dressing_room,
16597,42687,79656,museum/indoor,
16598,42687,79656,art_studio,
16599,42687,79656,nursery,
16600,42687,79680,dressing_room,
16601,42687,79680,clean_room,
16602,42687,79680,nursery,
16603,42687,79680,museum/indoor,
16604,42687,79680,archive,
16605,42687,79704,dressing_room,
16606,42687,79704,clean_room,
16607,42687,79704,childs_room,
16608,42687,79704,nursery,
16609,42687,79704,archive,
16610,42687,79728,clean_room,
16611,42687,79728,dressing_room,
16612,42687,79728,archive,
16613,42687,79728,museum/indoor,
16614,42687,79728,beauty_salon,
16615,42687,79752,clean_room,
16616,42687,79752,dressing_room,
16617,42687,79752,archive,
16618,42687,79752,museum/indoor,
16619,42687,79752,living_room,
16620,42687,79776,clean_room,
16621,42687,79776,dressing_room,
16622,42687,79776,nursery,
16623,42687,79776,childs_room,
16624,42687,79776,museum/indoor,
16625,42687,79800,clean_room,
16626,42687,79800,nursery,
16627,42687,79800,dressing_room,
16628,42687,79800,childs_room,
16629,42687,79800,archive,
16630,42687,79824,clean_room,
16631,42687,79824,dressing_room,
16632,42687,79824,archive,
16633,42687,79824,museum/indoor,
16634,42687,79824,nursery,
16635,42687,79848,clean_room,
16636,42687,79848,dressing_room,
16637,42687,79848,archive,
16638,42687,79848,museum/indoor,
16639,42687,79848,nursery,
16640,42687,79872,clean_room,
16641,42687,79872,archive,
16642,42687,79872,dressing_room,
16643,42687,79872,nursery,
16644,42687,79872,museum/indoor,
16645,42687,79896,dressing_room,
16646,42687,79896,nursery,
16647,42687,79896,childs_room,
16648,42687,79896,beauty_salon,
16649,42687,79896,playroom,
16650,42687,79920,dressing_room,
16651,42687,79920,childs_room,
16652,42687,79920,beauty_salon,
16653,42687,79920,nursery,
16654,42687,79920,playroom,
16655,42687,79944,dressing_room,
16656,42687,79944,beauty_salon,
16657,42687,79944,nursery,
16658,42687,79944,childs_room,
16659,42687,79944,playroom,
16660,42687,79968,dressing_room,
16661,42687,79968,childs_room,
16662,42687,79968,nursery,
16663,42687,79968,playroom,
16664,42687,79968,beauty_salon,
16665,42687,79992,dressing_room,
16666,42687,79992,childs_room,
16667,42687,79992,nursery,
16668,42687,79992,beauty_salon,
16669,42687,79992,playroom,
16670,42687,80016,dressing_room,
16671,42687,80016,childs_room,
16672,42687,80016,nursery,
16673,42687,80016,playroom,
16674,42687,80016,beauty_salon,
16675,42687,80040,dressing_room,
16676,42687,80040,childs_room,
16677,42687,80040,nursery,
16678,42687,80040,beauty_salon,
16679,42687,80040,playroom,
16680,42687,80064,dressing_room,
16681,42687,80064,childs_room,
16682,42687,80064,beauty_salon,
16683,42687,80064,bedroom,
16684,42687,80064,nursery,
16685,42687,80088,dressing_room,
16686,42687,80088,childs_room,
16687,42687,80088,nursery,
16688,42687,80088,beauty_salon,
16689,42687,80088,bedroom,
16690,42687,80112,dressing_room,
16691,42687,80112,nursery,
16692,42687,80112,childs_room,
16693,42687,80112,playroom,
16694,42687,80112,bedroom,
16695,42687,80136,dressing_room,
16696,42687,80136,nursery,
16697,42687,80136,childs_room,
16698,42687,80136,playroom,
16699,42687,80136,beauty_salon,
16700,42687,80160,dressing_room,
16701,42687,80160,beauty_salon,
16702,42687,80160,childs_room,
16703,42687,80160,nursery,
16704,42687,80160,bedroom,
16705,42687,80184,dressing_room,
16706,42687,80184,beauty_salon,
16707,42687,80184,childs_room,
16708,42687,80184,nursery,
16709,42687,80184,bedroom,
16710,42687,80208,dressing_room,
16711,42687,80208,childs_room,
16712,42687,80208,nursery,
16713,42687,80208,bedroom,
16714,42687,80208,playroom,
16715,42687,80232,dressing_room,
16716,42687,80232,childs_room,
16717,42687,80232,bedroom,
16718,42687,80232,nursery,
16719,42687,80232,playroom,
16720,42687,80256,dressing_room,
16721,42687,80256,beauty_salon,
16722,42687,80256,bedroom,
16723,42687,80256,childs_room,
16724,42687,80256,nursery,
16725,42687,80280,dressing_room,
16726,42687,80280,nursery,
16727,42687,80280,childs_room,
16728,42687,80280,bedroom,
16729,42687,80280,closet,
16730,42687,80304,dressing_room,
16731,42687,80304,nursery,
16732,42687,80304,bedroom,
16733,42687,80304,childs_room,
16734,42687,80304,closet,
16735,42687,80328,dressing_room,
16736,42687,80328,nursery,
16737,42687,80328,bedroom,
16738,42687,80328,nursing_home,
16739,42687,80328,childs_room,
16740,42687,80352,dressing_room,
16741,42687,80352,nursery,
16742,42687,80352,locker_room,
16743,42687,80352,clean_room,
16744,42687,80352,clothing_store,
16745,42687,80376,dressing_room,
16746,42687,80376,nursery,
16747,42687,80376,locker_room,
16748,42687,80376,clean_room,
16749,42687,80376,discotheque,
16750,42687,80400,dressing_room,
16751,42687,80400,nursery,
16752,42687,80400,childs_room,
16753,42687,80400,bedroom,
16754,42687,80400,playroom,
16755,42687,80424,dressing_room,
16756,42687,80424,beauty_salon,
16757,42687,80424,hospital_room,
16758,42687,80424,nursery,
16759,42687,80424,clean_room,
16760,42687,80448,dressing_room,
16761,42687,80448,hospital_room,
16762,42687,80448,nursery,
16763,42687,80448,clean_room,
16764,42687,80448,beauty_salon,
16765,42687,80472,dressing_room,
16766,42687,80472,nursery,
16767,42687,80472,clean_room,
16768,42687,80472,hospital_room,
16769,42687,80472,kindergarden_classroom,
16770,42687,80496,dressing_room,
16771,42687,80496,nursery,
16772,42687,80496,hospital_room,
16773,42687,80496,clean_room,
16774,42687,80496,nursing_home,
16775,42687,80520,dressing_room,
16776,42687,80520,clean_room,
16777,42687,80520,nursery,
16778,42687,80520,hospital_room,
16779,42687,80520,childs_room,
16780,42687,80544,clean_room,
16781,42687,80544,hospital_room,
16782,42687,80544,nursery,
16783,42687,80544,dressing_room,
16784,42687,80544,operating_room,
16785,42687,80568,clean_room,
16786,42687,80568,hospital_room,
16787,42687,80568,operating_room,
16788,42687,80568,nursery,
16789,42687,80568,nursing_home,
16790,42687,80592,clean_room,
16791,42687,80592,operating_room,
16792,42687,80592,hospital_room,
16793,42687,80592,nursing_home,
16794,42687,80592,dressing_room,
16795,42687,80616,clean_room,
16796,42687,80616,operating_room,
16797,42687,80616,nursery,
16798,42687,80616,dressing_room,
16799,42687,80616,hospital_room,
16800,42687,80640,clean_room,
16801,42687,80640,operating_room,
16802,42687,80640,nursing_home,
16803,42687,80640,hospital_room,
16804,42687,80640,archive,
16805,42687,80664,clean_room,
16806,42687,80664,operating_room,
16807,42687,80664,hospital_room,
16808,42687,80664,nursing_home,
16809,42687,80664,archive,
16810,42687,80688,clean_room,
16811,42687,80688,operating_room,
16812,42687,80688,hospital_room,
16813,42687,80688,nursing_home,
16814,42687,80688,chemistry_lab,
16815,42687,80712,clean_room,
16816,42687,80712,dressing_room,
16817,42687,80712,operating_room,
16818,42687,80712,hospital_room,
16819,42687,80712,nursery,
16820,42687,80736,clean_room,
16821,42687,80736,dressing_room,
16822,42687,80736,hospital_room,
16823,42687,80736,nursing_home,
16824,42687,80736,operating_room,
16825,42687,80760,dressing_room,
16826,42687,80760,clean_room,
16827,42687,80760,hospital_room,
16828,42687,80760,nursery,
16829,42687,80760,nursing_home,
16830,42687,80784,dressing_room,
16831,42687,80784,clean_room,
16832,42687,80784,hospital_room,
16833,42687,80784,nursery,
16834,42687,80784,operating_room,
16835,42687,80808,clean_room,
16836,42687,80808,dressing_room,
16837,42687,80808,hospital_room,
16838,42687,80808,operating_room,
16839,42687,80808,nursing_home,
16840,42687,80832,clean_room,
16841,42687,80832,dressing_room,
16842,42687,80832,hospital_room,
16843,42687,80832,operating_room,
16844,42687,80832,nursing_home,
16845,42687,80856,clean_room,
16846,42687,80856,dressing_room,
16847,42687,80856,hospital_room,
16848,42687,80856,operating_room,
16849,42687,80856,nursing_home,
16850,42687,80880,dressing_room,
16851,42687,80880,clean_room,
16852,42687,80880,nursery,
16853,42687,80880,hospital_room,
16854,42687,80880,nursing_home,
16855,42687,80904,clean_room,
16856,42687,80904,dressing_room,
16857,42687,80904,hospital_room,
16858,42687,80904,operating_room,
16859,42687,80904,nursing_home,
16860,42687,80928,dressing_room,
16861,42687,80928,clean_room,
16862,42687,80928,hospital_room,
16863,42687,80928,locker_room,
16864,42687,80928,nursery,
16865,42687,80952,dressing_room,
16866,42687,80952,clean_room,
16867,42687,80952,hospital_room,
16868,42687,80952,nursing_home,
16869,42687,80952,nursery,
16870,42687,80976,clean_room,
16871,42687,80976,dressing_room,
16872,42687,80976,hospital_room,
16873,42687,80976,nursing_home,
16874,42687,80976,nursery,
16875,42687,81000,clean_room,
16876,42687,81000,dressing_room,
16877,42687,81000,hospital_room,
16878,42687,81000,nursery,
16879,42687,81000,nursing_home,
16880,42687,81024,clean_room,
16881,42687,81024,dressing_room,
16882,42687,81024,hospital_room,
16883,42687,81024,nursery,
16884,42687,81024,operating_room,
16885,42687,81048,clean_room,
16886,42687,81048,dressing_room,
16887,42687,81048,hospital_room,
16888,42687,81048,nursing_home,
16889,42687,81048,nursery,
16890,42687,81072,hospital_room,
16891,42687,81072,clean_room,
16892,42687,81072,nursing_home,
16893,42687,81072,operating_room,
16894,42687,81072,dressing_room,
16895,42687,81096,clean_room,
16896,42687,81096,hospital_room,
16897,42687,81096,dressing_room,
16898,42687,81096,operating_room,
16899,42687,81096,nursing_home,
16900,42687,81120,hospital_room,
16901,42687,81120,dressing_room,
16902,42687,81120,clean_room,
16903,42687,81120,nursing_home,
16904,42687,81120,operating_room,
16905,42687,81144,dressing_room,
16906,42687,81144,hospital_room,
16907,42687,81144,clean_room,
16908,42687,81144,nursing_home,
16909,42687,81144,nursery,
16910,42687,81168,dressing_room,
16911,42687,81168,hospital_room,
16912,42687,81168,clean_room,
16913,42687,81168,nursing_home,
16914,42687,81168,nursery,
16915,42687,81192,dressing_room,
16916,42687,81192,hospital_room,
16917,42687,81192,clean_room,
16918,42687,81192,nursing_home,
16919,42687,81192,operating_room,
16920,42687,81216,dressing_room,
16921,42687,81216,hospital_room,
16922,42687,81216,clean_room,
16923,42687,81216,nursery,
16924,42687,81216,childs_room,
16925,42687,81240,dressing_room,
16926,42687,81240,hospital_room,
16927,42687,81240,clean_room,
16928,42687,81240,nursing_home,
16929,42687,81240,operating_room,
16930,42687,81264,dressing_room,
16931,42687,81264,hospital_room,
16932,42687,81264,clean_room,
16933,42687,81264,nursing_home,
16934,42687,81264,operating_room,
16935,42687,81288,hospital_room,
16936,42687,81288,dressing_room,
16937,42687,81288,clean_room,
16938,42687,81288,nursing_home,
16939,42687,81288,operating_room,
16940,42687,81312,dressing_room,
16941,42687,81312,hospital_room,
16942,42687,81312,clean_room,
16943,42687,81312,nursing_home,
16944,42687,81312,nursery,
16945,42687,81336,dressing_room,
16946,42687,81336,clean_room,
16947,42687,81336,hospital_room,
16948,42687,81336,childs_room,
16949,42687,81336,nursing_home,
16950,42687,81360,dressing_room,
16951,42687,81360,hospital_room,
16952,42687,81360,clean_room,
16953,42687,81360,operating_room,
16954,42687,81360,nursing_home,
16955,42687,81384,dressing_room,
16956,42687,81384,hospital_room,
16957,42687,81384,clean_room,
16958,42687,81384,nursery,
16959,42687,81384,childs_room,
16960,42687,81408,dressing_room,
16961,42687,81408,hospital_room,
16962,42687,81408,clean_room,
16963,42687,81408,nursing_home,
16964,42687,81408,nursery,
16965,42687,81432,dressing_room,
16966,42687,81432,clean_room,
16967,42687,81432,hospital_room,
16968,42687,81432,operating_room,
16969,42687,81432,nursing_home,
16970,42687,81456,dressing_room,
16971,42687,81456,clean_room,
16972,42687,81456,hospital_room,
16973,42687,81456,nursing_home,
16974,42687,81456,operating_room,
16975,42687,81480,dressing_room,
16976,42687,81480,clean_room,
16977,42687,81480,nursing_home,
16978,42687,81480,hospital_room,
16979,42687,81480,operating_room,
16980,42687,81504,dressing_room,
16981,42687,81504,clean_room,
16982,42687,81504,hospital_room,
16983,42687,81504,nursing_home,
16984,42687,81504,operating_room,
16985,42687,81528,dressing_room,
16986,42687,81528,clean_room,
16987,42687,81528,hospital_room,
16988,42687,81528,nursing_home,
16989,42687,81528,operating_room,
16990,42687,81552,dressing_room,
16991,42687,81552,clean_room,
16992,42687,81552,nursing_home,
16993,42687,81552,hospital_room,
16994,42687,81552,operating_room,
16995,42687,81576,dressing_room,
16996,42687,81576,clean_room,
16997,42687,81576,hospital_room,
16998,42687,81576,nursing_home,
16999,42687,81576,operating_room,
17000,42687,81600,dressing_room,
17001,42687,81600,clean_room,
17002,42687,81600,hospital_room,
17003,42687,81600,operating_room,
17004,42687,81600,nursing_home,
17005,42687,81624,dressing_room,
17006,42687,81624,clean_room,
17007,42687,81624,hospital_room,
17008,42687,81624,nursing_home,
17009,42687,81624,operating_room,
17010,42687,81648,dressing_room,
17011,42687,81648,clean_room,
17012,42687,81648,hospital_room,
17013,42687,81648,nursing_home,
17014,42687,81648,nursery,
17015,42687,81672,nursing_home,
17016,42687,81672,hospital_room,
17017,42687,81672,dressing_room,
17018,42687,81672,clean_room,
17019,42687,81672,operating_room,
17020,42687,81696,clean_room,
17021,42687,81696,dressing_room,
17022,42687,81696,nursing_home,
17023,42687,81696,hospital_room,
17024,42687,81696,operating_room,
17025,42687,81720,dressing_room,
17026,42687,81720,clean_room,
17027,42687,81720,nursing_home,
17028,42687,81720,hospital_room,
17029,42687,81720,operating_room,
17030,42687,81744,clean_room,
17031,42687,81744,dressing_room,
17032,42687,81744,hospital_room,
17033,42687,81744,nursing_home,
17034,42687,81744,operating_room,
17035,42687,81768,clean_room,
17036,42687,81768,dressing_room,
17037,42687,81768,nursing_home,
17038,42687,81768,hospital_room,
17039,42687,81768,operating_room,
17040,42687,81792,dressing_room,
17041,42687,81792,clean_room,
17042,42687,81792,nursing_home,
17043,42687,81792,operating_room,
17044,42687,81792,nursery,
17045,42687,81816,dressing_room,
17046,42687,81816,clean_room,
17047,42687,81816,nursing_home,
17048,42687,81816,nursery,
17049,42687,81816,hospital_room,
17050,42687,81840,dressing_room,
17051,42687,81840,clean_room,
17052,42687,81840,nursery,
17053,42687,81840,nursing_home,
17054,42687,81840,hospital_room,
17055,42687,81864,dressing_room,
17056,42687,81864,clean_room,
17057,42687,81864,nursing_home,
17058,42687,81864,nursery,
17059,42687,81864,hospital_room,
17060,42687,81888,dressing_room,
17061,42687,81888,clean_room,
17062,42687,81888,nursing_home,
17063,42687,81888,nursery,
17064,42687,81888,operating_room,
17065,42687,81912,dressing_room,
17066,42687,81912,clean_room,
17067,42687,81912,nursing_home,
17068,42687,81912,operating_room,
17069,42687,81912,nursery,
17070,42687,81936,clean_room,
17071,42687,81936,dressing_room,
17072,42687,81936,operating_room,
17073,42687,81936,nursing_home,
17074,42687,81936,hospital_room,
17075,42687,81960,clean_room,
17076,42687,81960,dressing_room,
17077,42687,81960,operating_room,
17078,42687,81960,nursing_home,
17079,42687,81960,hospital_room,
17080,42687,81984,clean_room,
17081,42687,81984,nursing_home,
17082,42687,81984,dressing_room,
17083,42687,81984,operating_room,
17084,42687,81984,hospital_room,
17085,42687,82008,clean_room,
17086,42687,82008,dressing_room,
17087,42687,82008,nursing_home,
17088,42687,82008,operating_room,
17089,42687,82008,hospital_room,
17090,42687,82032,clean_room,
17091,42687,82032,dressing_room,
17092,42687,82032,operating_room,
17093,42687,82032,nursing_home,
17094,42687,82032,hospital_room,
17095,42687,82056,clean_room,
17096,42687,82056,nursing_home,
17097,42687,82056,dressing_room,
17098,42687,82056,hospital_room,
17099,42687,82056,operating_room,
17100,42687,82080,dressing_room,
17101,42687,82080,clean_room,
17102,42687,82080,hospital_room,
17103,42687,82080,nursery,
17104,42687,82080,nursing_home,
17105,42687,82104,dressing_room,
17106,42687,82104,clean_room,
17107,42687,82104,hospital_room,
17108,42687,82104,nursing_home,
17109,42687,82104,operating_room,
17110,42687,82128,clean_room,
17111,42687,82128,dressing_room,
17112,42687,82128,operating_room,
17113,42687,82128,hospital_room,
17114,42687,82128,nursing_home,
17115,42687,82152,clean_room,
17116,42687,82152,operating_room,
17117,42687,82152,dressing_room,
17118,42687,82152,hospital_room,
17119,42687,82152,nursing_home,
17120,42687,82176,clean_room,
17121,42687,82176,dressing_room,
17122,42687,82176,operating_room,
17123,42687,82176,hospital_room,
17124,42687,82176,nursing_home,
17125,42687,82200,clean_room,
17126,42687,82200,operating_room,
17127,42687,82200,dressing_room,
17128,42687,82200,hospital_room,
17129,42687,82200,nursing_home,
17130,42687,82224,clean_room,
17131,42687,82224,operating_room,
17132,42687,82224,dressing_room,
17133,42687,82224,hospital_room,
17134,42687,82224,nursing_home,
17135,42687,82248,dressing_room,
17136,42687,82248,clean_room,
17137,42687,82248,locker_room,
17138,42687,82248,discotheque,
17139,42687,82248,hospital_room,
17140,42687,82272,dressing_room,
17141,42687,82272,clean_room,
17142,42687,82272,locker_room,
17143,42687,82272,discotheque,
17144,42687,82272,hospital_room,
17145,42687,82296,dressing_room,
17146,42687,82296,clean_room,
17147,42687,82296,locker_room,
17148,42687,82296,beauty_salon,
17149,42687,82296,clothing_store,
17150,42687,82320,dressing_room,
17151,42687,82320,clean_room,
17152,42687,82320,locker_room,
17153,42687,82320,museum/indoor,
17154,42687,82320,sauna,
17155,42687,82344,dressing_room,
17156,42687,82344,clean_room,
17157,42687,82344,locker_room,
17158,42687,82344,discotheque,
17159,42687,82344,beauty_salon,
17160,42687,82368,dressing_room,
17161,42687,82368,locker_room,
17162,42687,82368,clean_room,
17163,42687,82368,sauna,
17164,42687,82368,discotheque,
17165,42687,82392,dressing_room,
17166,42687,82392,locker_room,
17167,42687,82392,clean_room,
17168,42687,82392,museum/indoor,
17169,42687,82392,bathroom,
17170,42687,82416,dressing_room,
17171,42687,82416,locker_room,
17172,42687,82416,clean_room,
17173,42687,82416,bathroom,
17174,42687,82416,sauna,
17175,42687,82440,dressing_room,
17176,42687,82440,locker_room,
17177,42687,82440,clean_room,
17178,42687,82440,martial_arts_gym,
17179,42687,82440,discotheque,
17180,42687,82464,clean_room,
17181,42687,82464,dressing_room,
17182,42687,82464,operating_room,
17183,42687,82464,hospital_room,
17184,42687,82464,museum/indoor,
17185,42687,82488,dressing_room,
17186,42687,82488,clean_room,
17187,42687,82488,museum/indoor,
17188,42687,82488,art_gallery,
17189,42687,82488,bathroom,
17190,42687,82512,clean_room,
17191,42687,82512,dressing_room,
17192,42687,82512,operating_room,
17193,42687,82512,hospital_room,
17194,42687,82512,museum/indoor,
17195,42687,82536,dressing_room,
17196,42687,82536,clean_room,
17197,42687,82536,beauty_salon,
17198,42687,82536,art_studio,
17199,42687,82536,biology_laboratory,
17200,42687,82560,dressing_room,
17201,42687,82560,clean_room,
17202,42687,82560,clothing_store,
17203,42687,82560,museum/indoor,
17204,42687,82560,art_gallery,
17205,42687,82584,bow_window/indoor,
17206,42687,82584,clean_room,
17207,42687,82584,shower,
17208,42687,82584,bathroom,
17209,42687,82584,sauna,
17210,42687,82608,clean_room,
17211,42687,82608,bow_window/indoor,
17212,42687,82608,shower,
17213,42687,82608,bathroom,
17214,42687,82608,sauna,
17215,42687,82632,clean_room,
17216,42687,82632,bow_window/indoor,
17217,42687,82632,dressing_room,
17218,42687,82632,childs_room,
17219,42687,82632,nursery,
17220,42687,82656,clean_room,
17221,42687,82656,dressing_room,
17222,42687,82656,operating_room,
17223,42687,82656,chemistry_lab,
17224,42687,82656,biology_laboratory,
17225,42687,82680,dressing_room,
17226,42687,82680,clean_room,
17227,42687,82680,hospital_room,
17228,42687,82680,bedroom,
17229,42687,82680,operating_room,
17230,42687,82704,clean_room,
17231,42687,82704,dressing_room,
17232,42687,82704,bedroom,
17233,42687,82704,hospital_room,
17234,42687,82704,archive,
17235,42687,82728,dressing_room,
17236,42687,82728,bedroom,
17237,42687,82728,clean_room,
17238,42687,82728,hospital_room,
17239,42687,82728,archive,
17240,42687,82752,clean_room,
17241,42687,82752,dressing_room,
17242,42687,82752,hospital_room,
17243,42687,82752,archive,
17244,42687,82752,operating_room,
17245,42687,82776,clean_room,
17246,42687,82776,hospital_room,
17247,42687,82776,operating_room,
17248,42687,82776,dressing_room,
17249,42687,82776,archive,
17250,42687,82800,clean_room,
17251,42687,82800,dressing_room,
17252,42687,82800,hospital_room,
17253,42687,82800,operating_room,
17254,42687,82800,archive,
17255,42687,82824,clean_room,
17256,42687,82824,dressing_room,
17257,42687,82824,hospital_room,
17258,42687,82824,chemistry_lab,
17259,42687,82824,closet,
17260,42687,82848,bow_window/indoor,
17261,42687,82848,clean_room,
17262,42687,82848,art_gallery,
17263,42687,82848,shower,
17264,42687,82848,elevator/door,
17265,42687,82872,closet,
17266,42687,82872,bow_window/indoor,
17267,42687,82872,bedroom,
17268,42687,82872,shower,
17269,42687,82872,art_gallery,
17270,42687,82896,clean_room,
17271,42687,82896,chemistry_lab,
17272,42687,82896,hospital_room,
17273,42687,82896,operating_room,
17274,42687,82896,science_museum,
17275,42687,82920,clean_room,
17276,42687,82920,hospital_room,
17277,42687,82920,dressing_room,
17278,42687,82920,bedroom,
17279,42687,82920,closet,
17280,42687,82944,clean_room,
17281,42687,82944,dressing_room,
17282,42687,82944,art_gallery,
17283,42687,82944,ice_cream_parlor,
17284,42687,82944,chemistry_lab,
17285,42687,82968,clean_room,
17286,42687,82968,dressing_room,
17287,42687,82968,hospital_room,
17288,42687,82968,chemistry_lab,
17289,42687,82968,ice_cream_parlor,
17290,42687,82992,clean_room,
17291,42687,82992,dressing_room,
17292,42687,82992,hospital_room,
17293,42687,82992,ice_cream_parlor,
17294,42687,82992,beauty_salon,
17295,42687,83016,clean_room,
17296,42687,83016,hospital_room,
17297,42687,83016,dressing_room,
17298,42687,83016,operating_room,
17299,42687,83016,beauty_salon,
17300,42687,83040,hospital_room,
17301,42687,83040,shower,
17302,42687,83040,clean_room,
17303,42687,83040,hotel_room,
17304,42687,83040,bedroom,
17305,42687,83064,bow_window/indoor,
17306,42687,83064,clean_room,
17307,42687,83064,closet,
17308,42687,83064,nursery,
17309,42687,83064,bedroom,
17310,42687,83088,bow_window/indoor,
17311,42687,83088,corridor,
17312,42687,83088,closet,
17313,42687,83088,elevator/door,
17314,42687,83088,basement,
17315,42687,83112,reception,
17316,42687,83112,bathroom,
17317,42687,83112,clean_room,
17318,42687,83112,office,
17319,42687,83112,wet_bar,
17320,42687,83136,bow_window/indoor,
17321,42687,83136,alcove,
17322,42687,83136,archive,
17323,42687,83136,clean_room,
17324,42687,83136,basement,
17325,42687,83160,bow_window/indoor,
17326,42687,83160,closet,
17327,42687,83160,shower,
17328,42687,83160,clean_room,
17329,42687,83160,bathroom,
17330,42687,83184,corridor,
17331,42687,83184,bedroom,
17332,42687,83184,hotel_room,
17333,42687,83184,bow_window/indoor,
17334,42687,83184,alcove,
17335,42687,83208,hotel_room,
17336,42687,83208,bedroom,
17337,42687,83208,clean_room,
17338,42687,83208,dorm_room,
17339,42687,83208,hospital_room,
17340,42687,83232,clean_room,
17341,42687,83232,nursery,
17342,42687,83232,hotel_room,
17343,42687,83232,hospital_room,
17344,42687,83232,chemistry_lab,
17345,42687,83256,clean_room,
17346,42687,83256,bathroom,
17347,42687,83256,art_gallery,
17348,42687,83256,shower,
17349,42687,83256,chemistry_lab,
17350,42687,83280,clean_room,
17351,42687,83280,chemistry_lab,
17352,42687,83280,biology_laboratory,
17353,42687,83280,hospital_room,
17354,42687,83280,bathroom,
17355,42687,83304,clean_room,
17356,42687,83304,chemistry_lab,
17357,42687,83304,biology_laboratory,
17358,42687,83304,bathroom,
17359,42687,83304,dressing_room,
17360,42687,83328,clean_room,
17361,42687,83328,bathroom,
17362,42687,83328,chemistry_lab,
17363,42687,83328,beauty_salon,
17364,42687,83328,shower,
17365,42687,83352,clean_room,
17366,42687,83352,bathroom,
17367,42687,83352,beauty_salon,
17368,42687,83352,dressing_room,
17369,42687,83352,shower,
17370,42687,83376,clean_room,
17371,42687,83376,shower,
17372,42687,83376,bathroom,
17373,42687,83376,corridor,
17374,42687,83376,art_gallery,
17375,42687,83400,clean_room,
17376,42687,83400,bathroom,
17377,42687,83400,dressing_room,
17378,42687,83400,closet,
17379,42687,83400,hospital_room,
17380,42687,83424,clean_room,
17381,42687,83424,martial_arts_gym,
17382,42687,83424,nursery,
17383,42687,83424,dressing_room,
17384,42687,83424,locker_room,
17385,42687,83448,dressing_room,
17386,42687,83448,clean_room,
17387,42687,83448,nursery,
17388,42687,83448,hospital_room,
17389,42687,83448,ballroom,
17390,42687,83472,dressing_room,
17391,42687,83472,clean_room,
17392,42687,83472,martial_arts_gym,
17393,42687,83472,bedroom,
17394,42687,83472,hotel_room,
17395,42687,83496,dressing_room,
17396,42687,83496,clean_room,
17397,42687,83496,ballroom,
17398,42687,83496,office,
17399,42687,83496,beauty_salon,
17400,42687,83520,dressing_room,
17401,42687,83520,beauty_salon,
17402,42687,83520,ballroom,
17403,42687,83520,martial_arts_gym,
17404,42687,83520,music_studio,
17405,42687,83544,dressing_room,
17406,42687,83544,martial_arts_gym,
17407,42687,83544,beauty_salon,
17408,42687,83544,locker_room,
17409,42687,83544,ballroom,
17410,42687,83568,dressing_room,
17411,42687,83568,martial_arts_gym,
17412,42687,83568,locker_room,
17413,42687,83568,beauty_salon,
17414,42687,83568,clean_room,
17415,42687,83592,dressing_room,
17416,42687,83592,martial_arts_gym,
17417,42687,83592,ballroom,
17418,42687,83592,locker_room,
17419,42687,83592,clean_room,
17420,42687,83616,dressing_room,
17421,42687,83616,clean_room,
17422,42687,83616,martial_arts_gym,
17423,42687,83616,ballroom,
17424,42687,83616,locker_room,
17425,42687,83640,dressing_room,
17426,42687,83640,ballroom,
17427,42687,83640,clean_room,
17428,42687,83640,martial_arts_gym,
17429,42687,83640,locker_room,
17430,42687,83664,dressing_room,
17431,42687,83664,martial_arts_gym,
17432,42687,83664,ballroom,
17433,42687,83664,locker_room,
17434,42687,83664,clean_room,
17435,42687,83688,dressing_room,
17436,42687,83688,clean_room,
17437,42687,83688,ballroom,
17438,42687,83688,martial_arts_gym,
17439,42687,83688,locker_room,
17440,42687,83712,dressing_room,
17441,42687,83712,ballroom,
17442,42687,83712,clean_room,
17443,42687,83712,martial_arts_gym,
17444,42687,83712,locker_room,
17445,42687,83736,dressing_room,
17446,42687,83736,martial_arts_gym,
17447,42687,83736,ballroom,
17448,42687,83736,clean_room,
17449,42687,83736,locker_room,
17450,42687,83760,dressing_room,
17451,42687,83760,martial_arts_gym,
17452,42687,83760,clean_room,
17453,42687,83760,ballroom,
17454,42687,83760,locker_room,
17455,42687,83784,dressing_room,
17456,42687,83784,ballroom,
17457,42687,83784,martial_arts_gym,
17458,42687,83784,clean_room,
17459,42687,83784,locker_room,
17460,42687,83808,dressing_room,
17461,42687,83808,clean_room,
17462,42687,83808,ballroom,
17463,42687,83808,martial_arts_gym,
17464,42687,83808,beauty_salon,
17465,42687,83832,dressing_room,
17466,42687,83832,clean_room,
17467,42687,83832,martial_arts_gym,
17468,42687,83832,ballroom,
17469,42687,83832,locker_room,
17470,42687,83856,dressing_room,
17471,42687,83856,martial_arts_gym,
17472,42687,83856,ballroom,
17473,42687,83856,clean_room,
17474,42687,83856,locker_room,
17475,42687,83880,dressing_room,
17476,42687,83880,ballroom,
17477,42687,83880,clean_room,
17478,42687,83880,martial_arts_gym,
17479,42687,83880,locker_room,
17480,42687,83904,dressing_room,
17481,42687,83904,clean_room,
17482,42687,83904,martial_arts_gym,
17483,42687,83904,ballroom,
17484,42687,83904,locker_room,
17485,42687,83928,dressing_room,
17486,42687,83928,ballroom,
17487,42687,83928,clean_room,
17488,42687,83928,martial_arts_gym,
17489,42687,83928,locker_room,
17490,42687,83952,dressing_room,
17491,42687,83952,clean_room,
17492,42687,83952,ballroom,
17493,42687,83952,beauty_salon,
17494,42687,83952,martial_arts_gym,
17495,42687,83976,dressing_room,
17496,42687,83976,clean_room,
17497,42687,83976,ballroom,
17498,42687,83976,martial_arts_gym,
17499,42687,83976,beauty_salon,
17500,42687,84000,dressing_room,
17501,42687,84000,clean_room,
17502,42687,84000,ballroom,
17503,42687,84000,martial_arts_gym,
17504,42687,84000,beauty_salon,
17505,42687,84024,dressing_room,
17506,42687,84024,clean_room,
17507,42687,84024,martial_arts_gym,
17508,42687,84024,ballroom,
17509,42687,84024,beauty_salon,
17510,42687,84048,dressing_room,
17511,42687,84048,clean_room,
17512,42687,84048,ballroom,
17513,42687,84048,martial_arts_gym,
17514,42687,84048,beauty_salon,
17515,42687,84072,dressing_room,
17516,42687,84072,clean_room,
17517,42687,84072,ballroom,
17518,42687,84072,martial_arts_gym,
17519,42687,84072,beauty_salon,
17520,42687,84096,dressing_room,
17521,42687,84096,ballroom,
17522,42687,84096,clean_room,
17523,42687,84096,martial_arts_gym,
17524,42687,84096,locker_room,
17525,42687,84120,dressing_room,
17526,42687,84120,clean_room,
17527,42687,84120,ballroom,
17528,42687,84120,martial_arts_gym,
17529,42687,84120,beauty_salon,
17530,42687,84144,dressing_room,
17531,42687,84144,clean_room,
17532,42687,84144,martial_arts_gym,
17533,42687,84144,ballroom,
17534,42687,84144,locker_room,
17535,42687,84168,dressing_room,
17536,42687,84168,clean_room,
17537,42687,84168,martial_arts_gym,
17538,42687,84168,ballroom,
17539,42687,84168,locker_room,
17540,42687,84192,dressing_room,
17541,42687,84192,clean_room,
17542,42687,84192,ballroom,
17543,42687,84192,locker_room,
17544,42687,84192,martial_arts_gym,
17545,42687,84216,dressing_room,
17546,42687,84216,clean_room,
17547,42687,84216,ballroom,
17548,42687,84216,beauty_salon,
17549,42687,84216,martial_arts_gym,
17550,42687,84240,dressing_room,
17551,42687,84240,locker_room,
17552,42687,84240,ballroom,
17553,42687,84240,martial_arts_gym,
17554,42687,84240,clean_room,
17555,42687,84264,museum/indoor,
17556,42687,84264,clean_room,
17557,42687,84264,art_gallery,
17558,42687,84264,shower,
17559,42687,84264,elevator/door,
17560,42687,84288,shower,
17561,42687,84288,elevator/door,
17562,42687,84288,closet,
17563,42687,84288,bow_window/indoor,
17564,42687,84288,basement,
17565,42687,84312,bow_window/indoor,
17566,42687,84312,alcove,
17567,42687,84312,shower,
17568,42687,84312,closet,
17569,42687,84312,elevator/door,
17570,42687,84336,bow_window/indoor,
17571,42687,84336,shower,
17572,42687,84336,elevator/door,
17573,42687,84336,clean_room,
17574,42687,84336,closet,
17575,42687,84360,bow_window/indoor,
17576,42687,84360,entrance_hall,
17577,42687,84360,dining_room,
17578,42687,84360,clean_room,
17579,42687,84360,artists_loft,
17580,42687,84384,entrance_hall,
17581,42687,84384,dining_room,
17582,42687,84384,bow_window/indoor,
17583,42687,84384,staircase,
17584,42687,84384,artists_loft,
17585,42687,84408,entrance_hall,
17586,42687,84408,dining_room,
17587,42687,84408,staircase,
17588,42687,84408,artists_loft,
17589,42687,84408,bow_window/indoor,
17590,42687,84432,entrance_hall,
17591,42687,84432,bow_window/indoor,
17592,42687,84432,dining_room,
17593,42687,84432,staircase,
17594,42687,84432,artists_loft,
17595,42687,84456,dining_room,
17596,42687,84456,entrance_hall,
17597,42687,84456,bow_window/indoor,
17598,42687,84456,staircase,
17599,42687,84456,artists_loft,
17600,42687,84480,entrance_hall,
17601,42687,84480,dining_room,
17602,42687,84480,artists_loft,
17603,42687,84480,staircase,
17604,42687,84480,bow_window/indoor,
17605,42687,84504,entrance_hall,
17606,42687,84504,bow_window/indoor,
17607,42687,84504,dining_room,
17608,42687,84504,staircase,
17609,42687,84504,artists_loft,
17610,42687,84528,bow_window/indoor,
17611,42687,84528,dressing_room,
17612,42687,84528,museum/indoor,
17613,42687,84528,entrance_hall,
17614,42687,84528,dining_room,
17615,42687,84552,clean_room,
17616,42687,84552,dressing_room,
17617,42687,84552,museum/indoor,
17618,42687,84552,operating_room,
17619,42687,84552,sauna,
17620,42687,84576,clean_room,
17621,42687,84576,dressing_room,
17622,42687,84576,dining_room,
17623,42687,84576,operating_room,
17624,42687,84576,museum/indoor,
17625,42687,84600,clean_room,
17626,42687,84600,museum/indoor,
17627,42687,84600,dressing_room,
17628,42687,84600,operating_room,
17629,42687,84600,art_gallery,
17630,42687,84624,clean_room,
17631,42687,84624,dressing_room,
17632,42687,84624,operating_room,
17633,42687,84624,museum/indoor,
17634,42687,84624,hospital_room,
17635,42687,84648,dressing_room,
17636,42687,84648,museum/indoor,
17637,42687,84648,clean_room,
17638,42687,84648,art_studio,
17639,42687,84648,archive,
17640,42687,84672,clean_room,
17641,42687,84672,dressing_room,
17642,42687,84672,museum/indoor,
17643,42687,84672,operating_room,
17644,42687,84672,dining_room,
17645,42687,84696,museum/indoor,
17646,42687,84696,clean_room,
17647,42687,84696,dressing_room,
17648,42687,84696,art_studio,
17649,42687,84696,archive,
17650,42687,84720,clean_room,
17651,42687,84720,dressing_room,
17652,42687,84720,museum/indoor,
17653,42687,84720,operating_room,
17654,42687,84720,sauna,
17655,42687,84744,museum/indoor,
17656,42687,84744,clean_room,
17657,42687,84744,dressing_room,
17658,42687,84744,art_gallery,
17659,42687,84744,art_studio,
17660,42687,84768,clean_room,
17661,42687,84768,museum/indoor,
17662,42687,84768,dressing_room,
17663,42687,84768,art_gallery,
17664,42687,84768,artists_loft,
17665,42687,84792,clean_room,
17666,42687,84792,museum/indoor,
17667,42687,84792,dressing_room,
17668,42687,84792,art_gallery,
17669,42687,84792,music_studio,
17670,42687,84816,clean_room,
17671,42687,84816,museum/indoor,
17672,42687,84816,dressing_room,
17673,42687,84816,art_gallery,
17674,42687,84816,art_studio,
17675,42687,84840,clean_room,
17676,42687,84840,museum/indoor,
17677,42687,84840,dressing_room,
17678,42687,84840,art_gallery,
17679,42687,84840,operating_room,
17680,42687,84864,clean_room,
17681,42687,84864,museum/indoor,
17682,42687,84864,dressing_room,
17683,42687,84864,art_gallery,
17684,42687,84864,art_studio,
17685,42687,84888,clean_room,
17686,42687,84888,museum/indoor,
17687,42687,84888,dressing_room,
17688,42687,84888,art_gallery,
17689,42687,84888,music_studio,
17690,42687,84912,museum/indoor,
17691,42687,84912,clean_room,
17692,42687,84912,dressing_room,
17693,42687,84912,art_gallery,
17694,42687,84912,art_studio,
17695,42687,84936,dressing_room,
17696,42687,84936,archive,
17697,42687,84936,staircase,
17698,42687,84936,locker_room,
17699,42687,84936,clean_room,
17700,42687,84960,clean_room,
17701,42687,84960,bow_window/indoor,
17702,42687,84960,elevator/door,
17703,42687,84960,elevator_lobby,
17704,42687,84960,locker_room,
17705,42687,84984,dressing_room,
17706,42687,84984,clean_room,
17707,42687,84984,locker_room,
17708,42687,84984,music_studio,
17709,42687,84984,beauty_salon,
17710,42687,85008,dressing_room,
17711,42687,85008,clean_room,
17712,42687,85008,locker_room,
17713,42687,85008,music_studio,
17714,42687,85008,beauty_salon,
17715,42687,85032,dressing_room,
17716,42687,85032,clean_room,
17717,42687,85032,music_studio,
17718,42687,85032,archive,
17719,42687,85032,locker_room,
17720,42687,85056,clean_room,
17721,42687,85056,dressing_room,
17722,42687,85056,bathroom,
17723,42687,85056,art_gallery,
17724,42687,85056,shower,
17725,42687,85080,dressing_room,
17726,42687,85080,clean_room,
17727,42687,85080,elevator/door,
17728,42687,85080,shower,
17729,42687,85080,locker_room,
17730,42687,85104,dressing_room,
17731,42687,85104,shower,
17732,42687,85104,clean_room,
17733,42687,85104,nursery,
17734,42687,85104,hospital_room,
17735,42687,85128,clean_room,
17736,42687,85128,dressing_room,
17737,42687,85128,elevator/door,
17738,42687,85128,closet,
17739,42687,85128,shower,
17740,42687,85152,dressing_room,
17741,42687,85152,clean_room,
17742,42687,85152,closet,
17743,42687,85152,shower,
17744,42687,85152,locker_room,
17745,42687,85176,dressing_room,
17746,42687,85176,clean_room,
17747,42687,85176,beauty_salon,
17748,42687,85176,office_cubicles,
17749,42687,85176,discotheque,
17750,42687,85200,dressing_room,
17751,42687,85200,clean_room,
17752,42687,85200,archive,
17753,42687,85200,locker_room,
17754,42687,85200,hospital_room,
17755,42687,85224,dressing_room,
17756,42687,85224,clean_room,
17757,42687,85224,clothing_store,
17758,42687,85224,archive,
17759,42687,85224,closet,
17760,42687,85248,dressing_room,
17761,42687,85248,clean_room,
17762,42687,85248,archive,
17763,42687,85248,clothing_store,
17764,42687,85248,locker_room,
17765,42687,85272,clean_room,
17766,42687,85272,archive,
17767,42687,85272,dressing_room,
17768,42687,85272,clothing_store,
17769,42687,85272,closet,
17770,42687,85296,dressing_room,
17771,42687,85296,clean_room,
17772,42687,85296,archive,
17773,42687,85296,elevator/door,
17774,42687,85296,locker_room,
17775,42687,85320,clean_room,
17776,42687,85320,dressing_room,
17777,42687,85320,archive,
17778,42687,85320,locker_room,
17779,42687,85320,elevator/door,
17780,42687,85344,dressing_room,
17781,42687,85344,clean_room,
17782,42687,85344,museum/indoor,
17783,42687,85344,art_gallery,
17784,42687,85344,shower,
17785,42687,85368,dressing_room,
17786,42687,85368,museum/indoor,
17787,42687,85368,clean_room,
17788,42687,85368,art_gallery,
17789,42687,85368,shower,
17790,42687,85392,dressing_room,
17791,42687,85392,museum/indoor,
17792,42687,85392,clean_room,
17793,42687,85392,shower,
17794,42687,85392,art_gallery,
17795,42687,85416,dressing_room,
17796,42687,85416,clean_room,
17797,42687,85416,museum/indoor,
17798,42687,85416,art_gallery,
17799,42687,85416,archive,
17800,42687,85440,dressing_room,
17801,42687,85440,museum/indoor,
17802,42687,85440,clean_room,
17803,42687,85440,art_gallery,
17804,42687,85440,beauty_salon,
17805,42687,85464,dressing_room,
17806,42687,85464,museum/indoor,
17807,42687,85464,clean_room,
17808,42687,85464,art_gallery,
17809,42687,85464,archive,
17810,42687,85488,dressing_room,
17811,42687,85488,clean_room,
17812,42687,85488,museum/indoor,
17813,42687,85488,art_gallery,
17814,42687,85488,beauty_salon,
17815,42687,85512,clean_room,
17816,42687,85512,archive,
17817,42687,85512,dressing_room,
17818,42687,85512,closet,
17819,42687,85512,locker_room,
17820,42687,85536,clean_room,
17821,42687,85536,archive,
17822,42687,85536,dressing_room,
17823,42687,85536,locker_room,
17824,42687,85536,clothing_store,
17825,42687,85560,clean_room,
17826,42687,85560,archive,
17827,42687,85560,dressing_room,
17828,42687,85560,locker_room,
17829,42687,85560,clothing_store,
17830,42687,85584,clean_room,
17831,42687,85584,archive,
17832,42687,85584,dressing_room,
17833,42687,85584,locker_room,
17834,42687,85584,clothing_store,
17835,42687,85608,clean_room,
17836,42687,85608,archive,
17837,42687,85608,dressing_room,
17838,42687,85608,locker_room,
17839,42687,85608,closet,
17840,42687,85632,clean_room,
17841,42687,85632,archive,
17842,42687,85632,dressing_room,
17843,42687,85632,locker_room,
17844,42687,85632,closet,
17845,42687,85656,clean_room,
17846,42687,85656,archive,
17847,42687,85656,dressing_room,
17848,42687,85656,locker_room,
17849,42687,85656,closet,
17850,42687,85680,clean_room,
17851,42687,85680,archive,
17852,42687,85680,dressing_room,
17853,42687,85680,locker_room,
17854,42687,85680,clothing_store,
17855,42687,85704,clean_room,
17856,42687,85704,operating_room,
17857,42687,85704,dressing_room,
17858,42687,85704,hospital_room,
17859,42687,85704,biology_laboratory,
17860,42687,85728,clean_room,
17861,42687,85728,dressing_room,
17862,42687,85728,operating_room,
17863,42687,85728,biology_laboratory,
17864,42687,85728,beauty_salon,
17865,42687,85752,clean_room,
17866,42687,85752,operating_room,
17867,42687,85752,dressing_room,
17868,42687,85752,hospital_room,
17869,42687,85752,biology_laboratory,
17870,42687,85776,clean_room,
17871,42687,85776,dressing_room,
17872,42687,85776,operating_room,
17873,42687,85776,museum/indoor,
17874,42687,85776,art_gallery,
17875,42687,85800,clean_room,
17876,42687,85800,dressing_room,
17877,42687,85800,museum/indoor,
17878,42687,85800,archive,
17879,42687,85800,operating_room,
17880,42687,85824,dressing_room,
17881,42687,85824,clean_room,
17882,42687,85824,bathroom,
17883,42687,85824,corridor,
17884,42687,85824,beauty_salon,
17885,42687,85848,dressing_room,
17886,42687,85848,corridor,
17887,42687,85848,clean_room,
17888,42687,85848,locker_room,
17889,42687,85848,bathroom,
17890,42687,85872,clean_room,
17891,42687,85872,dressing_room,
17892,42687,85872,corridor,
17893,42687,85872,beauty_salon,
17894,42687,85872,art_gallery,
17895,42687,85896,clean_room,
17896,42687,85896,dressing_room,
17897,42687,85896,corridor,
17898,42687,85896,beauty_salon,
17899,42687,85896,hospital_room,
17900,42687,85920,clean_room,
17901,42687,85920,dressing_room,
17902,42687,85920,corridor,
17903,42687,85920,beauty_salon,
17904,42687,85920,bathroom,
17905,42687,85944,clean_room,
17906,42687,85944,dressing_room,
17907,42687,85944,beauty_salon,
17908,42687,85944,bathroom,
17909,42687,85944,corridor,
17910,42687,85968,clean_room,
17911,42687,85968,dressing_room,
17912,42687,85968,shower,
17913,42687,85968,bathroom,
17914,42687,85968,elevator_lobby,
17915,42687,85992,clean_room,
17916,42687,85992,corridor,
17917,42687,85992,dressing_room,
17918,42687,85992,museum/indoor,
17919,42687,85992,locker_room,
17920,42687,86016,clean_room,
17921,42687,86016,museum/indoor,
17922,42687,86016,corridor,
17923,42687,86016,art_gallery,
17924,42687,86016,dressing_room,
17925,42687,86040,clean_room,
17926,42687,86040,dressing_room,
17927,42687,86040,museum/indoor,
17928,42687,86040,art_gallery,
17929,42687,86040,locker_room,
17930,42687,86064,bow_window/indoor,
17931,42687,86064,closet,
17932,42687,86064,artists_loft,
17933,42687,86064,museum/indoor,
17934,42687,86064,art_gallery,
17935,42687,86088,clean_room,
17936,42687,86088,museum/indoor,
17937,42687,86088,dressing_room,
17938,42687,86088,locker_room,
17939,42687,86088,bow_window/indoor,
17940,42687,86112,clean_room,
17941,42687,86112,hospital_room,
17942,42687,86112,shower,
17943,42687,86112,dressing_room,
17944,42687,86112,operating_room,
17945,42687,86136,clean_room,
17946,42687,86136,dressing_room,
17947,42687,86136,hospital_room,
17948,42687,86136,shower,
17949,42687,86136,bathroom,
17950,42687,86160,clean_room,
17951,42687,86160,dressing_room,
17952,42687,86160,shower,
17953,42687,86160,bathroom,
17954,42687,86160,hospital_room,
17955,42687,86184,clean_room,
17956,42687,86184,dressing_room,
17957,42687,86184,shower,
17958,42687,86184,bathroom,
17959,42687,86184,sauna,
17960,42687,86208,clean_room,
17961,42687,86208,dressing_room,
17962,42687,86208,sauna,
17963,42687,86208,shower,
17964,42687,86208,bathroom,
17965,42687,86232,clean_room,
17966,42687,86232,dressing_room,
17967,42687,86232,shower,
17968,42687,86232,bathroom,
17969,42687,86232,hospital_room,
17970,42687,86256,sauna,
17971,42687,86256,clean_room,
17972,42687,86256,dressing_room,
17973,42687,86256,shower,
17974,42687,86256,bathroom,
17975,42687,86280,clean_room,
17976,42687,86280,hospital_room,
17977,42687,86280,archive,
17978,42687,86280,dressing_room,
17979,42687,86280,beauty_salon,
17980,42687,86304,clean_room,
17981,42687,86304,hospital_room,
17982,42687,86304,dressing_room,
17983,42687,86304,nursery,
17984,42687,86304,archive,
17985,42687,86328,clean_room,
17986,42687,86328,dressing_room,
17987,42687,86328,hospital_room,
17988,42687,86328,nursery,
17989,42687,86328,beauty_salon,
17990,42687,86352,clean_room,
17991,42687,86352,hospital_room,
17992,42687,86352,beauty_salon,
17993,42687,86352,dressing_room,
17994,42687,86352,nursery,
17995,42687,86376,clean_room,
17996,42687,86376,hospital_room,
17997,42687,86376,beauty_salon,
17998,42687,86376,operating_room,
17999,42687,86376,dressing_room,
18000,42687,86400,clean_room,
18001,42687,86400,hospital_room,
18002,42687,86400,operating_room,
18003,42687,86400,beauty_salon,
18004,42687,86400,dressing_room,
18005,42687,86424,clean_room,
18006,42687,86424,hospital_room,
18007,42687,86424,dressing_room,
18008,42687,86424,beauty_salon,
18009,42687,86424,operating_room,
18010,42687,86448,clean_room,
18011,42687,86448,hospital_room,
18012,42687,86448,beauty_salon,
18013,42687,86448,operating_room,
18014,42687,86448,dressing_room,
18015,42687,86472,clean_room,
18016,42687,86472,hospital_room,
18017,42687,86472,nursery,
18018,42687,86472,dressing_room,
18019,42687,86472,beauty_salon,
18020,42687,86496,clean_room,
18021,42687,86496,hospital_room,
18022,42687,86496,dressing_room,
18023,42687,86496,operating_room,
18024,42687,86496,beauty_salon,
18025,42687,86520,clean_room,
18026,42687,86520,dressing_room,
18027,42687,86520,hospital_room,
18028,42687,86520,beauty_salon,
18029,42687,86520,operating_room,
18030,42687,86544,clean_room,
18031,42687,86544,hospital_room,
18032,42687,86544,dressing_room,
18033,42687,86544,beauty_salon,
18034,42687,86544,operating_room,
18035,42687,86568,clean_room,
18036,42687,86568,dressing_room,
18037,42687,86568,shower,
18038,42687,86568,hospital_room,
18039,42687,86568,bathroom,
18040,42687,86592,clean_room,
18041,42687,86592,dressing_room,
18042,42687,86592,hospital_room,
18043,42687,86592,beauty_salon,
18044,42687,86592,operating_room,
18045,42687,86616,clean_room,
18046,42687,86616,dressing_room,
18047,42687,86616,hospital_room,
18048,42687,86616,beauty_salon,
18049,42687,86616,archive,
18050,42687,86640,clean_room,
18051,42687,86640,hospital_room,
18052,42687,86640,nursery,
18053,42687,86640,dressing_room,
18054,42687,86640,archive,
18055,42687,86664,clean_room,
18056,42687,86664,hospital_room,
18057,42687,86664,dressing_room,
18058,42687,86664,beauty_salon,
18059,42687,86664,operating_room,
18060,42687,86688,clean_room,
18061,42687,86688,hospital_room,
18062,42687,86688,dressing_room,
18063,42687,86688,beauty_salon,
18064,42687,86688,operating_room,
18065,42687,86712,clean_room,
18066,42687,86712,hospital_room,
18067,42687,86712,beauty_salon,
18068,42687,86712,dressing_room,
18069,42687,86712,operating_room,
18070,42687,86736,clean_room,
18071,42687,86736,hospital_room,
18072,42687,86736,beauty_salon,
18073,42687,86736,dressing_room,
18074,42687,86736,operating_room,
18075,42687,86760,clean_room,
18076,42687,86760,hospital_room,
18077,42687,86760,operating_room,
18078,42687,86760,beauty_salon,
18079,42687,86760,dressing_room,
18080,42687,86784,clean_room,
18081,42687,86784,hospital_room,
18082,42687,86784,dressing_room,
18083,42687,86784,beauty_salon,
18084,42687,86784,operating_room,
18085,42687,86808,clean_room,
18086,42687,86808,hospital_room,
18087,42687,86808,dressing_room,
18088,42687,86808,beauty_salon,
18089,42687,86808,operating_room,
18090,42687,86832,clean_room,
18091,42687,86832,dressing_room,
18092,42687,86832,hospital_room,
18093,42687,86832,beauty_salon,
18094,42687,86832,operating_room,
18095,42687,86856,clean_room,
18096,42687,86856,hospital_room,
18097,42687,86856,dressing_room,
18098,42687,86856,beauty_salon,
18099,42687,86856,operating_room,
18100,42687,86880,clean_room,
18101,42687,86880,hospital_room,
18102,42687,86880,beauty_salon,
18103,42687,86880,operating_room,
18104,42687,86880,dressing_room,
18105,42687,86904,clean_room,
18106,42687,86904,beauty_salon,
18107,42687,86904,hospital_room,
18108,42687,86904,biology_laboratory,
18109,42687,86904,archive,
18110,42687,86928,clean_room,
18111,42687,86928,dressing_room,
18112,42687,86928,beauty_salon,
18113,42687,86928,hospital_room,
18114,42687,86928,bathroom,
18115,42687,86952,dressing_room,
18116,42687,86952,clean_room,
18117,42687,86952,beauty_salon,
18118,42687,86952,living_room,
18119,42687,86952,hospital_room,
18120,42687,86976,clean_room,
18121,42687,86976,dressing_room,
18122,42687,86976,operating_room,
18123,42687,86976,hospital_room,
18124,42687,86976,shower,
18125,42687,87000,clean_room,
18126,42687,87000,dressing_room,
18127,42687,87000,operating_room,
18128,42687,87000,shower,
18129,42687,87000,hospital_room,
18130,42687,87024,clean_room,
18131,42687,87024,dressing_room,
18132,42687,87024,sauna,
18133,42687,87024,shower,
18134,42687,87024,operating_room,
18135,42687,87048,clean_room,
18136,42687,87048,dressing_room,
18137,42687,87048,sauna,
18138,42687,87048,operating_room,
18139,42687,87048,hospital_room,
18140,42687,87072,clean_room,
18141,42687,87072,sauna,
18142,42687,87072,operating_room,
18143,42687,87072,hospital_room,
18144,42687,87072,dressing_room,
18145,42687,87096,clean_room,
18146,42687,87096,operating_room,
18147,42687,87096,hospital_room,
18148,42687,87096,sauna,
18149,42687,87096,archive,
18150,42687,87120,clean_room,
18151,42687,87120,operating_room,
18152,42687,87120,dressing_room,
18153,42687,87120,hospital_room,
18154,42687,87120,sauna,
18155,42687,87144,clean_room,
18156,42687,87144,operating_room,
18157,42687,87144,hospital_room,
18158,42687,87144,dressing_room,
18159,42687,87144,archive,
18160,42687,87168,clean_room,
18161,42687,87168,hospital_room,
18162,42687,87168,operating_room,
18163,42687,87168,archive,
18164,42687,87168,dressing_room,
18165,42687,87192,clean_room,
18166,42687,87192,dressing_room,
18167,42687,87192,sauna,
18168,42687,87192,operating_room,
18169,42687,87192,hospital_room,
18170,42687,87216,clean_room,
18171,42687,87216,dressing_room,
18172,42687,87216,beauty_salon,
18173,42687,87216,operating_room,
18174,42687,87216,museum/indoor,
18175,42687,87240,clean_room,
18176,42687,87240,dressing_room,
18177,42687,87240,beauty_salon,
18178,42687,87240,operating_room,
18179,42687,87240,hospital_room,
18180,42687,87264,clean_room,
18181,42687,87264,dressing_room,
18182,42687,87264,beauty_salon,
18183,42687,87264,hospital_room,
18184,42687,87264,bathroom,
18185,42687,87288,clean_room,
18186,42687,87288,beauty_salon,
18187,42687,87288,dressing_room,
18188,42687,87288,office,
18189,42687,87288,hospital_room,
18190,42687,87312,dressing_room,
18191,42687,87312,clean_room,
18192,42687,87312,sauna,
18193,42687,87312,shower,
18194,42687,87312,bathroom,
18195,42687,87336,clean_room,
18196,42687,87336,sauna,
18197,42687,87336,shower,
18198,42687,87336,dressing_room,
18199,42687,87336,bathroom,
18200,42687,87360,clean_room,
18201,42687,87360,sauna,
18202,42687,87360,shower,
18203,42687,87360,dressing_room,
18204,42687,87360,hospital_room,
18205,42687,87384,clean_room,
18206,42687,87384,shower,
18207,42687,87384,sauna,
18208,42687,87384,dressing_room,
18209,42687,87384,bathroom,
18210,42687,87408,shower,
18211,42687,87408,bathroom,
18212,42687,87408,sauna,
18213,42687,87408,clean_room,
18214,42687,87408,dressing_room,
18215,42687,87432,shower,
18216,42687,87432,sauna,
18217,42687,87432,bathroom,
18218,42687,87432,dressing_room,
18219,42687,87432,clean_room,
18220,42687,87456,shower,
18221,42687,87456,bathroom,
18222,42687,87456,sauna,
18223,42687,87456,dressing_room,
18224,42687,87456,clean_room,
18225,42687,87480,clean_room,
18226,42687,87480,shower,
18227,42687,87480,bathroom,
18228,42687,87480,operating_room,
18229,42687,87480,dressing_room,
18230,42687,87504,clean_room,
18231,42687,87504,operating_room,
18232,42687,87504,hospital_room,
18233,42687,87504,dressing_room,
18234,42687,87504,archive,
18235,42687,87528,clean_room,
18236,42687,87528,operating_room,
18237,42687,87528,dressing_room,
18238,42687,87528,hospital_room,
18239,42687,87528,archive,
18240,42687,87552,clean_room,
18241,42687,87552,dressing_room,
18242,42687,87552,operating_room,
18243,42687,87552,hospital_room,
18244,42687,87552,beauty_salon,
18245,42687,87576,clean_room,
18246,42687,87576,operating_room,
18247,42687,87576,hospital_room,
18248,42687,87576,chemistry_lab,
18249,42687,87576,shower,
18250,42687,87600,clean_room,
18251,42687,87600,operating_room,
18252,42687,87600,hospital_room,
18253,42687,87600,chemistry_lab,
18254,42687,87600,dressing_room,
18255,42687,87624,clean_room,
18256,42687,87624,operating_room,
18257,42687,87624,hospital_room,
18258,42687,87624,dressing_room,
18259,42687,87624,beauty_salon,
18260,42687,87648,clean_room,
18261,42687,87648,shower,
18262,42687,87648,operating_room,
18263,42687,87648,bathroom,
18264,42687,87648,hospital_room,
18265,42687,87672,clean_room,
18266,42687,87672,operating_room,
18267,42687,87672,dressing_room,
18268,42687,87672,hospital_room,
18269,42687,87672,shower,
18270,42687,87696,clean_room,
18271,42687,87696,hospital_room,
18272,42687,87696,operating_room,
18273,42687,87696,chemistry_lab,
18274,42687,87696,bathroom,
18275,42687,87720,clean_room,
18276,42687,87720,operating_room,
18277,42687,87720,hospital_room,
18278,42687,87720,beauty_salon,
18279,42687,87720,bathroom,
18280,42687,87744,clean_room,
18281,42687,87744,hospital_room,
18282,42687,87744,operating_room,
18283,42687,87744,dressing_room,
18284,42687,87744,beauty_salon,
18285,42687,87768,clean_room,
18286,42687,87768,operating_room,
18287,42687,87768,hospital_room,
18288,42687,87768,dressing_room,
18289,42687,87768,beauty_salon,
18290,42687,87792,clean_room,
18291,42687,87792,operating_room,
18292,42687,87792,hospital_room,
18293,42687,87792,chemistry_lab,
18294,42687,87792,archive,
18295,42687,87816,clean_room,
18296,42687,87816,operating_room,
18297,42687,87816,hospital_room,
18298,42687,87816,chemistry_lab,
18299,42687,87816,archive,
18300,42687,87840,clean_room,
18301,42687,87840,operating_room,
18302,42687,87840,hospital_room,
18303,42687,87840,dressing_room,
18304,42687,87840,chemistry_lab,
18305,42687,87864,clean_room,
18306,42687,87864,bathroom,
18307,42687,87864,dressing_room,
18308,42687,87864,shower,
18309,42687,87864,hospital_room,
18310,42687,87888,clean_room,
18311,42687,87888,dressing_room,
18312,42687,87888,bathroom,
18313,42687,87888,beauty_salon,
18314,42687,87888,shower,
18315,42687,87912,clean_room,
18316,42687,87912,dressing_room,
18317,42687,87912,beauty_salon,
18318,42687,87912,hospital_room,
18319,42687,87912,chemistry_lab,
18320,42687,87936,clean_room,
18321,42687,87936,beauty_salon,
18322,42687,87936,dressing_room,
18323,42687,87936,hospital_room,
18324,42687,87936,chemistry_lab,
18325,42687,87960,clean_room,
18326,42687,87960,dressing_room,
18327,42687,87960,bathroom,
18328,42687,87960,beauty_salon,
18329,42687,87960,shower,
18330,42687,87984,hospital_room,
18331,42687,87984,clean_room,
18332,42687,87984,operating_room,
18333,42687,87984,dorm_room,
18334,42687,87984,bedroom,
18335,42687,88008,clean_room,
18336,42687,88008,dining_room,
18337,42687,88008,dressing_room,
18338,42687,88008,entrance_hall,
18339,42687,88008,staircase,
18340,42687,88032,clean_room,
18341,42687,88032,dressing_room,
18342,42687,88032,beauty_salon,
18343,42687,88032,dining_room,
18344,42687,88032,elevator_lobby,
18345,42687,88056,clean_room,
18346,42687,88056,beauty_salon,
18347,42687,88056,dressing_room,
18348,42687,88056,chemistry_lab,
18349,42687,88056,bathroom,
18350,42687,88080,beauty_salon,
18351,42687,88080,clean_room,
18352,42687,88080,dressing_room,
18353,42687,88080,dining_room,
18354,42687,88080,music_studio,
18355,42687,88104,clean_room,
18356,42687,88104,beauty_salon,
18357,42687,88104,dressing_room,
18358,42687,88104,dining_room,
18359,42687,88104,office,
18360,42687,88128,clean_room,
18361,42687,88128,beauty_salon,
18362,42687,88128,dressing_room,
18363,42687,88128,dining_room,
18364,42687,88128,hospital_room,
18365,42687,88152,clean_room,
18366,42687,88152,dining_room,
18367,42687,88152,dressing_room,
18368,42687,88152,staircase,
18369,42687,88152,entrance_hall,
18370,42687,88176,clean_room,
18371,42687,88176,dressing_room,
18372,42687,88176,beauty_salon,
18373,42687,88176,hospital_room,
18374,42687,88176,operating_room,
18375,42687,88200,dining_room,
18376,42687,88200,clean_room,
18377,42687,88200,staircase,
18378,42687,88200,entrance_hall,
18379,42687,88200,corridor,
18380,42687,88224,clean_room,
18381,42687,88224,staircase,
18382,42687,88224,dining_room,
18383,42687,88224,lobby,
18384,42687,88224,corridor,
18385,42687,88248,clean_room,
18386,42687,88248,staircase,
18387,42687,88248,corridor,
18388,42687,88248,dining_room,
18389,42687,88248,lobby,
18390,42687,88272,clean_room,
18391,42687,88272,dining_room,
18392,42687,88272,entrance_hall,
18393,42687,88272,staircase,
18394,42687,88272,beauty_salon,
18395,42687,88296,clean_room,
18396,42687,88296,corridor,
18397,42687,88296,dining_room,
18398,42687,88296,beauty_salon,
18399,42687,88296,staircase,
18400,42687,88320,clean_room,
18401,42687,88320,corridor,
18402,42687,88320,beauty_salon,
18403,42687,88320,entrance_hall,
18404,42687,88320,lobby,
18405,42687,88344,clean_room,
18406,42687,88344,beauty_salon,
18407,42687,88344,corridor,
18408,42687,88344,staircase,
18409,42687,88344,lobby,
18410,42687,88368,clean_room,
18411,42687,88368,beauty_salon,
18412,42687,88368,corridor,
18413,42687,88368,entrance_hall,
18414,42687,88368,lobby,
18415,42687,88392,clean_room,
18416,42687,88392,beauty_salon,
18417,42687,88392,corridor,
18418,42687,88392,entrance_hall,
18419,42687,88392,staircase,
18420,42687,88416,clean_room,
18421,42687,88416,corridor,
18422,42687,88416,beauty_salon,
18423,42687,88416,entrance_hall,
18424,42687,88416,staircase,
18425,42687,88440,clean_room,
18426,42687,88440,entrance_hall,
18427,42687,88440,staircase,
18428,42687,88440,beauty_salon,
18429,42687,88440,corridor,
18430,42687,88464,clean_room,
18431,42687,88464,entrance_hall,
18432,42687,88464,staircase,
18433,42687,88464,corridor,
18434,42687,88464,dining_room,
18435,42687,88488,clean_room,
18436,42687,88488,corridor,
18437,42687,88488,lobby,
18438,42687,88488,entrance_hall,
18439,42687,88488,staircase,
18440,42687,88512,shower,
18441,42687,88512,hospital_room,
18442,42687,88512,bathroom,
18443,42687,88512,beauty_salon,
18444,42687,88512,hotel_room,
18445,42687,88536,hospital_room,
18446,42687,88536,shower,
18447,42687,88536,operating_room,
18448,42687,88536,bathroom,
18449,42687,88536,beauty_salon,
18450,42687,88560,hospital_room,
18451,42687,88560,beauty_salon,
18452,42687,88560,operating_room,
18453,42687,88560,hotel_room,
18454,42687,88560,clean_room,
18455,42687,88584,hospital_room,
18456,42687,88584,shower,
18457,42687,88584,bathroom,
18458,42687,88584,sauna,
18459,42687,88584,beauty_salon,
18460,42687,88608,hospital_room,
18461,42687,88608,shower,
18462,42687,88608,bathroom,
18463,42687,88608,beauty_salon,
18464,42687,88608,operating_room,
18465,42687,88632,hospital_room,
18466,42687,88632,clean_room,
18467,42687,88632,operating_room,
18468,42687,88632,shower,
18469,42687,88632,beauty_salon,
18470,42687,88656,clean_room,
18471,42687,88656,hospital_room,
18472,42687,88656,operating_room,
18473,42687,88656,shower,
18474,42687,88656,sauna,
18475,42687,88680,clean_room,
18476,42687,88680,dressing_room,
18477,42687,88680,sauna,
18478,42687,88680,shower,
18479,42687,88680,hospital_room,
18480,42687,88704,clean_room,
18481,42687,88704,dressing_room,
18482,42687,88704,shower,
18483,42687,88704,bathroom,
18484,42687,88704,sauna,
18485,42687,88728,clean_room,
18486,42687,88728,hospital_room,
18487,42687,88728,operating_room,
18488,42687,88728,shower,
18489,42687,88728,beauty_salon,
18490,42687,88752,clean_room,
18491,42687,88752,operating_room,
18492,42687,88752,hospital_room,
18493,42687,88752,shower,
18494,42687,88752,bathroom,
18495,42687,88776,clean_room,
18496,42687,88776,hospital_room,
18497,42687,88776,dressing_room,
18498,42687,88776,shower,
18499,42687,88776,bathroom,
18500,42687,88800,clean_room,
18501,42687,88800,hospital_room,
18502,42687,88800,operating_room,
18503,42687,88800,beauty_salon,
18504,42687,88800,chemistry_lab,
18505,42687,88824,clean_room,
18506,42687,88824,hospital_room,
18507,42687,88824,operating_room,
18508,42687,88824,shower,
18509,42687,88824,dressing_room,
18510,42687,88848,clean_room,
18511,42687,88848,hospital_room,
18512,42687,88848,operating_room,
18513,42687,88848,shower,
18514,42687,88848,dressing_room,
18515,42687,88872,clean_room,
18516,42687,88872,hospital_room,
18517,42687,88872,dressing_room,
18518,42687,88872,operating_room,
18519,42687,88872,beauty_salon,
18520,42687,88896,clean_room,
18521,42687,88896,hospital_room,
18522,42687,88896,beauty_salon,
18523,42687,88896,operating_room,
18524,42687,88896,shower,
18525,42687,88920,clean_room,
18526,42687,88920,hospital_room,
18527,42687,88920,operating_room,
18528,42687,88920,shower,
18529,42687,88920,beauty_salon,
18530,42687,88944,clean_room,
18531,42687,88944,hospital_room,
18532,42687,88944,operating_room,
18533,42687,88944,beauty_salon,
18534,42687,88944,shower,
18535,42687,88968,clean_room,
18536,42687,88968,operating_room,
18537,42687,88968,hospital_room,
18538,42687,88968,beauty_salon,
18539,42687,88968,shower,
18540,42687,88992,clean_room,
18541,42687,88992,hospital_room,
18542,42687,88992,operating_room,
18543,42687,88992,beauty_salon,
18544,42687,88992,shower,
18545,42687,89016,beauty_salon,
18546,42687,89016,shower,
18547,42687,89016,bathroom,
18548,42687,89016,dressing_room,
18549,42687,89016,clean_room,
18550,42687,89040,clean_room,
18551,42687,89040,operating_room,
18552,42687,89040,hospital_room,
18553,42687,89040,beauty_salon,
18554,42687,89040,dressing_room,
18555,42687,89064,operating_room,
18556,42687,89064,clean_room,
18557,42687,89064,hospital_room,
18558,42687,89064,dressing_room,
18559,42687,89064,sauna,
18560,42687,89088,clean_room,
18561,42687,89088,operating_room,
18562,42687,89088,hospital_room,
18563,42687,89088,dressing_room,
18564,42687,89088,sauna,
18565,42687,89112,clean_room,
18566,42687,89112,hospital_room,
18567,42687,89112,operating_room,
18568,42687,89112,dressing_room,
18569,42687,89112,archive,
18570,42687,89136,clean_room,
18571,42687,89136,dressing_room,
18572,42687,89136,archive,
18573,42687,89136,operating_room,
18574,42687,89136,hospital_room,
18575,42687,89160,operating_room,
18576,42687,89160,clean_room,
18577,42687,89160,sauna,
18578,42687,89160,hospital_room,
18579,42687,89160,shower,
18580,42687,89184,dressing_room,
18581,42687,89184,clean_room,
18582,42687,89184,operating_room,
18583,42687,89184,shower,
18584,42687,89184,sauna,
18585,42687,89208,dressing_room,
18586,42687,89208,hospital_room,
18587,42687,89208,clean_room,
18588,42687,89208,sauna,
18589,42687,89208,beauty_salon,
18590,42687,89232,clean_room,
18591,42687,89232,hospital_room,
18592,42687,89232,shower,
18593,42687,89232,operating_room,
18594,42687,89232,dressing_room,
18595,42687,89256,hospital_room,
18596,42687,89256,clean_room,
18597,42687,89256,dressing_room,
18598,42687,89256,beauty_salon,
18599,42687,89256,bathroom,
18600,42687,89280,clean_room,
18601,42687,89280,hospital_room,
18602,42687,89280,operating_room,
18603,42687,89280,science_museum,
18604,42687,89280,archive,
18605,42687,89304,clean_room,
18606,42687,89304,hospital_room,
18607,42687,89304,shower,
18608,42687,89304,operating_room,
18609,42687,89304,jewelry_shop,
18610,42687,89328,clean_room,
18611,42687,89328,hospital_room,
18612,42687,89328,operating_room,
18613,42687,89328,archive,
18614,42687,89328,nursery,
18615,42687,89352,clean_room,
18616,42687,89352,hospital_room,
18617,42687,89352,jewelry_shop,
18618,42687,89352,chemistry_lab,
18619,42687,89352,operating_room,
18620,42687,89376,clean_room,
18621,42687,89376,hospital_room,
18622,42687,89376,jewelry_shop,
18623,42687,89376,dressing_room,
18624,42687,89376,bedroom,
18625,42687,89400,hospital_room,
18626,42687,89400,clean_room,
18627,42687,89400,office,
18628,42687,89400,operating_room,
18629,42687,89400,archive,
18630,42687,89424,hospital_room,
18631,42687,89424,clean_room,
18632,42687,89424,hotel_room,
18633,42687,89424,dorm_room,
18634,42687,89424,office,
18635,42687,89448,clean_room,
18636,42687,89448,nursery,
18637,42687,89448,dressing_room,
18638,42687,89448,museum/indoor,
18639,42687,89448,gift_shop,
18640,42687,89472,shower,
18641,42687,89472,bathroom,
18642,42687,89472,clean_room,
18643,42687,89472,bow_window/indoor,
18644,42687,89472,dressing_room,
18645,42687,89496,shower,
18646,42687,89496,bathroom,
18647,42687,89496,sauna,
18648,42687,89496,dressing_room,
18649,42687,89496,bow_window/indoor,
18650,42687,89520,clean_room,
18651,42687,89520,hospital_room,
18652,42687,89520,archive,
18653,42687,89520,bedroom,
18654,42687,89520,operating_room,
18655,42687,89544,clean_room,
18656,42687,89544,hospital_room,
18657,42687,89544,archive,
18658,42687,89544,office,
18659,42687,89544,dorm_room,
18660,42687,89568,hospital_room,
18661,42687,89568,bedroom,
18662,42687,89568,clean_room,
18663,42687,89568,dorm_room,
18664,42687,89568,archive,
18665,42687,89592,clean_room,
18666,42687,89592,hospital_room,
18667,42687,89592,dorm_room,
18668,42687,89592,bedroom,
18669,42687,89592,dressing_room,
18670,42687,89616,clean_room,
18671,42687,89616,hospital_room,
18672,42687,89616,archive,
18673,42687,89616,office,
18674,42687,89616,dorm_room,
18675,42687,89640,clean_room,
18676,42687,89640,hospital_room,
18677,42687,89640,archive,
18678,42687,89640,office,
18679,42687,89640,dorm_room,
18680,42687,89664,clean_room,
18681,42687,89664,archive,
18682,42687,89664,hospital_room,
18683,42687,89664,dressing_room,
18684,42687,89664,dorm_room,
18685,42687,89688,clean_room,
18686,42687,89688,hospital_room,
18687,42687,89688,archive,
18688,42687,89688,office,
18689,42687,89688,dorm_room,
18690,42687,89712,clean_room,
18691,42687,89712,hospital_room,
18692,42687,89712,archive,
18693,42687,89712,office,
18694,42687,89712,dressing_room,
18695,42687,89736,clean_room,
18696,42687,89736,hospital_room,
18697,42687,89736,archive,
18698,42687,89736,dressing_room,
18699,42687,89736,office,
18700,42687,89760,clean_room,
18701,42687,89760,archive,
18702,42687,89760,hospital_room,
18703,42687,89760,dressing_room,
18704,42687,89760,office,
18705,42687,89784,clean_room,
18706,42687,89784,hospital_room,
18707,42687,89784,archive,
18708,42687,89784,office,
18709,42687,89784,dorm_room,
18710,42687,89808,clean_room,
18711,42687,89808,hospital_room,
18712,42687,89808,archive,
18713,42687,89808,dorm_room,
18714,42687,89808,dressing_room,
18715,42687,89832,clean_room,
18716,42687,89832,archive,
18717,42687,89832,hospital_room,
18718,42687,89832,bedroom,
18719,42687,89832,dorm_room,
18720,42687,89856,shower,
18721,42687,89856,bathroom,
18722,42687,89856,dressing_room,
18723,42687,89856,clean_room,
18724,42687,89856,sauna,
18725,42687,89880,clean_room,
18726,42687,89880,shower,
18727,42687,89880,dressing_room,
18728,42687,89880,bathroom,
18729,42687,89880,sauna,
18730,42687,89904,clean_room,
18731,42687,89904,shower,
18732,42687,89904,dressing_room,
18733,42687,89904,sauna,
18734,42687,89904,bathroom,
18735,42687,89928,clean_room,
18736,42687,89928,shower,
18737,42687,89928,dressing_room,
18738,42687,89928,sauna,
18739,42687,89928,bathroom,
18740,42687,89952,clean_room,
18741,42687,89952,chemistry_lab,
18742,42687,89952,jewelry_shop,
18743,42687,89952,biology_laboratory,
18744,42687,89952,pharmacy,
18745,42687,89976,clean_room,
18746,42687,89976,chemistry_lab,
18747,42687,89976,jewelry_shop,
18748,42687,89976,biology_laboratory,
18749,42687,89976,pharmacy,
18750,42687,90000,clean_room,
18751,42687,90000,chemistry_lab,
18752,42687,90000,jewelry_shop,
18753,42687,90000,biology_laboratory,
18754,42687,90000,pharmacy,
18755,42687,90024,clean_room,
18756,42687,90024,chemistry_lab,
18757,42687,90024,biology_laboratory,
18758,42687,90024,jewelry_shop,
18759,42687,90024,pharmacy,
18760,42687,90048,clean_room,
18761,42687,90048,jewelry_shop,
18762,42687,90048,chemistry_lab,
18763,42687,90048,pharmacy,
18764,42687,90048,biology_laboratory,
18765,42687,90072,clean_room,
18766,42687,90072,jewelry_shop,
18767,42687,90072,chemistry_lab,
18768,42687,90072,pharmacy,
18769,42687,90072,archive,
18770,42687,90096,clean_room,
18771,42687,90096,archive,
18772,42687,90096,museum/indoor,
18773,42687,90096,chemistry_lab,
18774,42687,90096,jewelry_shop,
18775,42687,90120,doorway/outdoor,
18776,42687,90120,elevator/door,
18777,42687,90120,bow_window/indoor,
18778,42687,90120,shower,
18779,42687,90120,barndoor,
18780,42687,90144,doorway/outdoor,
18781,42687,90144,bow_window/indoor,
18782,42687,90144,elevator/door,
18783,42687,90144,barndoor,
18784,42687,90144,shower,
18785,42687,90168,doorway/outdoor,
18786,42687,90168,elevator/door,
18787,42687,90168,barndoor,
18788,42687,90168,bow_window/indoor,
18789,42687,90168,shower,
18790,42687,90192,clean_room,
18791,42687,90192,archive,
18792,42687,90192,chemistry_lab,
18793,42687,90192,museum/indoor,
18794,42687,90192,jewelry_shop,
18795,42687,90216,clean_room,
18796,42687,90216,archive,
18797,42687,90216,chemistry_lab,
18798,42687,90216,pharmacy,
18799,42687,90216,museum/indoor,
18800,42687,90240,clean_room,
18801,42687,90240,pharmacy,
18802,42687,90240,jewelry_shop,
18803,42687,90240,chemistry_lab,
18804,42687,90240,biology_laboratory,
18805,42687,90264,clean_room,
18806,42687,90264,hospital_room,
18807,42687,90264,archive,
18808,42687,90264,dorm_room,
18809,42687,90264,bedroom,
18810,42687,90288,clean_room,
18811,42687,90288,hospital_room,
18812,42687,90288,archive,
18813,42687,90288,dorm_room,
18814,42687,90288,bedroom,
18815,42687,90312,clean_room,
18816,42687,90312,hospital_room,
18817,42687,90312,archive,
18818,42687,90312,dorm_room,
18819,42687,90312,bedroom,
18820,42687,90336,clean_room,
18821,42687,90336,hospital_room,
18822,42687,90336,archive,
18823,42687,90336,dressing_room,
18824,42687,90336,dorm_room,
18825,42687,90360,clean_room,
18826,42687,90360,archive,
18827,42687,90360,hospital_room,
18828,42687,90360,bedroom,
18829,42687,90360,dorm_room,
18830,42687,90384,clean_room,
18831,42687,90384,archive,
18832,42687,90384,hospital_room,
18833,42687,90384,dressing_room,
18834,42687,90384,office,
18835,42687,90408,clean_room,
18836,42687,90408,archive,
18837,42687,90408,hospital_room,
18838,42687,90408,bedroom,
18839,42687,90408,dressing_room,
18840,42687,90432,clean_room,
18841,42687,90432,archive,
18842,42687,90432,hospital_room,
18843,42687,90432,office,
18844,42687,90432,dorm_room,
18845,42687,90456,clean_room,
18846,42687,90456,archive,
18847,42687,90456,dressing_room,
18848,42687,90456,hospital_room,
18849,42687,90456,office,
18850,42687,90480,clean_room,
18851,42687,90480,archive,
18852,42687,90480,hospital_room,
18853,42687,90480,office,
18854,42687,90480,dressing_room,
18855,42687,90504,clean_room,
18856,42687,90504,archive,
18857,42687,90504,hospital_room,
18858,42687,90504,office,
18859,42687,90504,dorm_room,
18860,42687,90528,clean_room,
18861,42687,90528,archive,
18862,42687,90528,hospital_room,
18863,42687,90528,dressing_room,
18864,42687,90528,office,
18865,42687,90552,archive,
18866,42687,90552,clean_room,
18867,42687,90552,dressing_room,
18868,42687,90552,sauna,
18869,42687,90552,nursery,
18870,42687,90576,archive,
18871,42687,90576,clean_room,
18872,42687,90576,office,
18873,42687,90576,hospital_room,
18874,42687,90576,dressing_room,
18875,42687,90600,clean_room,
18876,42687,90600,dorm_room,
18877,42687,90600,bedroom,
18878,42687,90600,hospital_room,
18879,42687,90600,archive,
18880,42687,90624,clean_room,
18881,42687,90624,hospital_room,
18882,42687,90624,archive,
18883,42687,90624,bedroom,
18884,42687,90624,office,
18885,42687,90648,archive,
18886,42687,90648,bow_window/indoor,
18887,42687,90648,dressing_room,
18888,42687,90648,bedroom,
18889,42687,90648,dorm_room,
18890,42687,90672,bedroom,
18891,42687,90672,hotel_room,
18892,42687,90672,dorm_room,
18893,42687,90672,bow_window/indoor,
18894,42687,90672,dressing_room,
18895,42687,90696,clean_room,
18896,42687,90696,dressing_room,
18897,42687,90696,operating_room,
18898,42687,90696,archive,
18899,42687,90696,chemistry_lab,
18900,42687,90720,clean_room,
18901,42687,90720,dressing_room,
18902,42687,90720,shower,
18903,42687,90720,bathroom,
18904,42687,90720,locker_room,
18905,42687,90744,shower,
18906,42687,90744,bathroom,
18907,42687,90744,clean_room,
18908,42687,90744,dressing_room,
18909,42687,90744,bow_window/indoor,
18910,42687,90768,clean_room,
18911,42687,90768,shower,
18912,42687,90768,bathroom,
18913,42687,90768,dressing_room,
18914,42687,90768,archive,
18915,42687,90792,clean_room,
18916,42687,90792,chemistry_lab,
18917,42687,90792,bathroom,
18918,42687,90792,shower,
18919,42687,90792,dining_room,
18920,42687,90816,clean_room,
18921,42687,90816,shower,
18922,42687,90816,hospital_room,
18923,42687,90816,operating_room,
18924,42687,90816,bathroom,
18925,42687,90840,clean_room,
18926,42687,90840,museum/indoor,
18927,42687,90840,shower,
18928,42687,90840,alcove,
18929,42687,90840,bathroom,
18930,42687,90864,living_room,
18931,42687,90864,dining_room,
18932,42687,90864,bow_window/indoor,
18933,42687,90864,artists_loft,
18934,42687,90864,museum/indoor,
18935,42687,90888,clean_room,
18936,42687,90888,locker_room,
18937,42687,90888,sauna,
18938,42687,90888,shower,
18939,42687,90888,bathroom,
18940,42687,90912,clean_room,
18941,42687,90912,sauna,
18942,42687,90912,bathroom,
18943,42687,90912,locker_room,
18944,42687,90912,dressing_room,
18945,42687,90936,bathroom,
18946,42687,90936,shower,
18947,42687,90936,clean_room,
18948,42687,90936,locker_room,
18949,42687,90936,sauna,
18950,42687,90960,bow_window/indoor,
18951,42687,90960,closet,
18952,42687,90960,elevator/door,
18953,42687,90960,clean_room,
18954,42687,90960,jail_cell,
18955,42687,90984,bow_window/indoor,
18956,42687,90984,closet,
18957,42687,90984,clean_room,
18958,42687,90984,elevator/door,
18959,42687,90984,jail_cell,
18960,42687,91008,bow_window/indoor,
18961,42687,91008,clean_room,
18962,42687,91008,closet,
18963,42687,91008,jail_cell,
18964,42687,91008,elevator/door,
18965,42687,91032,nursery,
18966,42687,91032,schoolhouse,
18967,42687,91032,childs_room,
18968,42687,91032,courthouse,
18969,42687,91032,porch,
18970,42687,91056,schoolhouse,
18971,42687,91056,nursery,
18972,42687,91056,courthouse,
18973,42687,91056,mansion,
18974,42687,91056,porch,
18975,42687,91080,nursery,
18976,42687,91080,schoolhouse,
18977,42687,91080,porch,
18978,42687,91080,yard,
18979,42687,91080,courthouse,
18980,42687,91104,clean_room,
18981,42687,91104,laundromat,
18982,42687,91104,elevator/door,
18983,42687,91104,bank_vault,
18984,42687,91104,ticket_booth,
18985,42687,91128,clean_room,
18986,42687,91128,laundromat,
18987,42687,91128,elevator/door,
18988,42687,91128,bank_vault,
18989,42687,91128,utility_room,
18990,42687,91152,clean_room,
18991,42687,91152,ticket_booth,
18992,42687,91152,laundromat,
18993,42687,91152,museum/indoor,
18994,42687,91152,elevator/door,
18995,42687,91176,bow_window/indoor,
18996,42687,91176,clean_room,
18997,42687,91176,closet,
18998,42687,91176,elevator/door,
18999,42687,91176,alcove,
19000,42687,91200,bow_window/indoor,
19001,42687,91200,clean_room,
19002,42687,91200,closet,
19003,42687,91200,elevator/door,
19004,42687,91200,jail_cell,
19005,42687,91224,bow_window/indoor,
19006,42687,91224,clean_room,
19007,42687,91224,closet,
19008,42687,91224,elevator/door,
19009,42687,91224,alcove,
19010,42687,91248,bow_window/indoor,
19011,42687,91248,closet,
19012,42687,91248,elevator/door,
19013,42687,91248,alcove,
19014,42687,91248,jail_cell,
19015,42687,91272,bow_window/indoor,
19016,42687,91272,alcove,
19017,42687,91272,closet,
19018,42687,91272,jail_cell,
19019,42687,91272,balcony/interior,
19020,42687,91296,bow_window/indoor,
19021,42687,91296,closet,
19022,42687,91296,alcove,
19023,42687,91296,elevator/door,
19024,42687,91296,balcony/interior,
19025,42687,91320,bow_window/indoor,
19026,42687,91320,closet,
19027,42687,91320,alcove,
19028,42687,91320,elevator/door,
19029,42687,91320,doorway/outdoor,
19030,42687,91344,bow_window/indoor,
19031,42687,91344,alcove,
19032,42687,91344,closet,
19033,42687,91344,balcony/interior,
19034,42687,91344,elevator/door,
19035,42687,91368,bow_window/indoor,
19036,42687,91368,closet,
19037,42687,91368,alcove,
19038,42687,91368,jail_cell,
19039,42687,91368,doorway/outdoor,
19040,42687,91392,bow_window/indoor,
19041,42687,91392,closet,
19042,42687,91392,doorway/outdoor,
19043,42687,91392,balcony/interior,
19044,42687,91392,alcove,
19045,42687,91416,bow_window/indoor,
19046,42687,91416,closet,
19047,42687,91416,clean_room,
19048,42687,91416,clothing_store,
19049,42687,91416,jail_cell,
19050,42687,91440,bow_window/indoor,
19051,42687,91440,clean_room,
19052,42687,91440,server_room,
19053,42687,91440,office,
19054,42687,91440,closet,
19055,42687,91464,bow_window/indoor,
19056,42687,91464,clean_room,
19057,42687,91464,server_room,
19058,42687,91464,office,
19059,42687,91464,hospital_room,
19060,42687,91488,bow_window/indoor,
19061,42687,91488,archive,
19062,42687,91488,atrium/public,
19063,42687,91488,clean_room,
19064,42687,91488,staircase,
19065,42687,91512,bow_window/indoor,
19066,42687,91512,clean_room,
19067,42687,91512,archive,
19068,42687,91512,atrium/public,
19069,42687,91512,nursery,
19070,42687,91536,bow_window/indoor,
19071,42687,91536,archive,
19072,42687,91536,clean_room,
19073,42687,91536,atrium/public,
19074,42687,91536,museum/indoor,
19075,42687,91560,bow_window/indoor,
19076,42687,91560,clean_room,
19077,42687,91560,archive,
19078,42687,91560,atrium/public,
19079,42687,91560,staircase,
19080,42687,91584,bow_window/indoor,
19081,42687,91584,clean_room,
19082,42687,91584,archive,
19083,42687,91584,museum/indoor,
19084,42687,91584,staircase,
19085,42687,91608,bow_window/indoor,
19086,42687,91608,clean_room,
19087,42687,91608,archive,
19088,42687,91608,staircase,
19089,42687,91608,atrium/public,
19090,42687,91632,bow_window/indoor,
19091,42687,91632,jail_cell,
19092,42687,91632,closet,
19093,42687,91632,shower,
19094,42687,91632,doorway/outdoor,
19095,42687,91656,bow_window/indoor,
19096,42687,91656,closet,
19097,42687,91656,jail_cell,
19098,42687,91656,barndoor,
19099,42687,91656,doorway/outdoor,
19100,42687,91680,bow_window/indoor,
19101,42687,91680,closet,
19102,42687,91680,jail_cell,
19103,42687,91680,shower,
19104,42687,91680,alcove,
19105,42687,91704,bow_window/indoor,
19106,42687,91704,closet,
19107,42687,91704,sauna,
19108,42687,91704,shower,
19109,42687,91704,elevator/door,
19110,42687,91728,clean_room,
19111,42687,91728,auto_factory,
19112,42687,91728,hospital_room,
19113,42687,91728,assembly_line,
19114,42687,91728,gas_station,
19115,42687,91752,clean_room,
19116,42687,91752,hospital_room,
19117,42687,91752,auto_factory,
19118,42687,91752,operating_room,
19119,42687,91752,engine_room,
19120,42687,91776,clean_room,
19121,42687,91776,laundromat,
19122,42687,91776,utility_room,
19123,42687,91776,ticket_booth,
19124,42687,91776,bank_vault,
19125,42687,91800,clean_room,
19126,42687,91800,laundromat,
19127,42687,91800,utility_room,
19128,42687,91800,bathroom,
19129,42687,91800,bank_vault,
19130,42687,91824,bow_window/indoor,
19131,42687,91824,clean_room,
19132,42687,91824,closet,
19133,42687,91824,elevator/door,
19134,42687,91824,doorway/outdoor,
19135,42687,91848,bow_window/indoor,
19136,42687,91848,closet,
19137,42687,91848,elevator/door,
19138,42687,91848,balcony/interior,
19139,42687,91848,alcove,
19140,42687,91872,bow_window/indoor,
19141,42687,91872,closet,
19142,42687,91872,elevator/door,
19143,42687,91872,dressing_room,
19144,42687,91872,clean_room,
19145,42687,91896,bow_window/indoor,
19146,42687,91896,closet,
19147,42687,91896,doorway/outdoor,
19148,42687,91896,alcove,
19149,42687,91896,dressing_room,
19150,42687,91920,shower,
19151,42687,91920,closet,
19152,42687,91920,dressing_room,
19153,42687,91920,bathroom,
19154,42687,91920,bow_window/indoor,
19155,42687,91944,clean_room,
19156,42687,91944,shower,
19157,42687,91944,clothing_store,
19158,42687,91944,bathroom,
19159,42687,91944,dressing_room,
19160,42687,91968,clean_room,
19161,42687,91968,bow_window/indoor,
19162,42687,91968,closet,
19163,42687,91968,elevator/door,
19164,42687,91968,alcove,
19165,42687,91992,clean_room,
19166,42687,91992,bow_window/indoor,
19167,42687,91992,art_gallery,
19168,42687,91992,shower,
19169,42687,91992,museum/indoor,
19170,42687,92016,clean_room,
19171,42687,92016,alcove,
19172,42687,92016,art_gallery,
19173,42687,92016,dressing_room,
19174,42687,92016,artists_loft,
19175,42687,92040,clean_room,
19176,42687,92040,dressing_room,
19177,42687,92040,archive,
19178,42687,92040,hospital_room,
19179,42687,92040,office,
19180,42687,92064,dressing_room,
19181,42687,92064,clean_room,
19182,42687,92064,sauna,
19183,42687,92064,shower,
19184,42687,92064,bathroom,
19185,42687,92088,archive,
19186,42687,92088,library/indoor,
19187,42687,92088,chemistry_lab,
19188,42687,92088,clean_room,
19189,42687,92088,dining_room,
19190,42687,92112,archive,
19191,42687,92112,library/indoor,
19192,42687,92112,chemistry_lab,
19193,42687,92112,biology_laboratory,
19194,42687,92112,physics_laboratory,
19195,42687,92136,archive,
19196,42687,92136,library/indoor,
19197,42687,92136,office,
19198,42687,92136,bookstore,
19199,42687,92136,classroom,
19200,42687,92160,archive,
19201,42687,92160,library/indoor,
19202,42687,92160,chemistry_lab,
19203,42687,92160,physics_laboratory,
19204,42687,92160,clean_room,
19205,42687,92184,chemistry_lab,
19206,42687,92184,clean_room,
19207,42687,92184,physics_laboratory,
19208,42687,92184,biology_laboratory,
19209,42687,92184,archive,
19210,42687,92208,archive,
19211,42687,92208,library/indoor,
19212,42687,92208,clean_room,
19213,42687,92208,chemistry_lab,
19214,42687,92208,physics_laboratory,
19215,42687,92232,archive,
19216,42687,92232,chemistry_lab,
19217,42687,92232,clean_room,
19218,42687,92232,library/indoor,
19219,42687,92232,museum/indoor,
19220,42687,92256,archive,
19221,42687,92256,clean_room,
19222,42687,92256,library/indoor,
19223,42687,92256,chemistry_lab,
19224,42687,92256,physics_laboratory,
19225,42687,92280,archive,
19226,42687,92280,library/indoor,
19227,42687,92280,chemistry_lab,
19228,42687,92280,clean_room,
19229,42687,92280,physics_laboratory,
19230,42687,92304,archive,
19231,42687,92304,library/indoor,
19232,42687,92304,clean_room,
19233,42687,92304,chemistry_lab,
19234,42687,92304,physics_laboratory,
19235,42687,92328,archive,
19236,42687,92328,clean_room,
19237,42687,92328,library/indoor,
19238,42687,92328,chemistry_lab,
19239,42687,92328,museum/indoor,
19240,42687,92352,dressing_room,
19241,42687,92352,classroom,
19242,42687,92352,hospital_room,
19243,42687,92352,office,
19244,42687,92352,bow_window/indoor,
19245,42687,92376,hospital_room,
19246,42687,92376,dressing_room,
19247,42687,92376,clean_room,
19248,42687,92376,beauty_salon,
19249,42687,92376,living_room,
19250,42687,92400,hospital_room,
19251,42687,92400,dressing_room,
19252,42687,92400,clean_room,
19253,42687,92400,beauty_salon,
19254,42687,92400,classroom,
19255,42687,92424,hospital_room,
19256,42687,92424,dressing_room,
19257,42687,92424,clean_room,
19258,42687,92424,beauty_salon,
19259,42687,92424,living_room,
19260,42687,92448,hospital_room,
19261,42687,92448,dressing_room,
19262,42687,92448,clean_room,
19263,42687,92448,living_room,
19264,42687,92448,nursery,
19265,42687,92472,hospital_room,
19266,42687,92472,clean_room,
19267,42687,92472,dressing_room,
19268,42687,92472,office,
19269,42687,92472,beauty_salon,
19270,42687,92496,hospital_room,
19271,42687,92496,dressing_room,
19272,42687,92496,clean_room,
19273,42687,92496,living_room,
19274,42687,92496,bow_window/indoor,
19275,42687,92520,hospital_room,
19276,42687,92520,dressing_room,
19277,42687,92520,clean_room,
19278,42687,92520,living_room,
19279,42687,92520,office,
19280,42687,92544,hospital_room,
19281,42687,92544,dressing_room,
19282,42687,92544,clean_room,
19283,42687,92544,living_room,
19284,42687,92544,bow_window/indoor,
19285,42687,92568,hospital_room,
19286,42687,92568,dressing_room,
19287,42687,92568,clean_room,
19288,42687,92568,living_room,
19289,42687,92568,bow_window/indoor,
19290,42687,92592,hospital_room,
19291,42687,92592,dressing_room,
19292,42687,92592,clean_room,
19293,42687,92592,living_room,
19294,42687,92592,bow_window/indoor,
19295,42687,92616,clean_room,
19296,42687,92616,chemistry_lab,
19297,42687,92616,beauty_salon,
19298,42687,92616,dressing_room,
19299,42687,92616,hospital_room,
19300,42687,92640,clean_room,
19301,42687,92640,archive,
19302,42687,92640,museum/indoor,
19303,42687,92640,locker_room,
19304,42687,92640,physics_laboratory,
19305,42687,92664,clean_room,
19306,42687,92664,archive,
19307,42687,92664,museum/indoor,
19308,42687,92664,physics_laboratory,
19309,42687,92664,locker_room,
19310,42687,92688,clean_room,
19311,42687,92688,archive,
19312,42687,92688,museum/indoor,
19313,42687,92688,operating_room,
19314,42687,92688,dressing_room,
19315,42687,92712,dressing_room,
19316,42687,92712,office,
19317,42687,92712,hospital_room,
19318,42687,92712,clean_room,
19319,42687,92712,dorm_room,
19320,42687,92736,dressing_room,
19321,42687,92736,clean_room,
19322,42687,92736,hospital_room,
19323,42687,92736,bedroom,
19324,42687,92736,bow_window/indoor,
19325,42687,92760,dressing_room,
19326,42687,92760,hospital_room,
19327,42687,92760,clean_room,
19328,42687,92760,bedroom,
19329,42687,92760,bow_window/indoor,
19330,42687,92784,archive,
19331,42687,92784,clean_room,
19332,42687,92784,library/indoor,
19333,42687,92784,office,
19334,42687,92784,beauty_salon,
19335,42687,92808,archive,
19336,42687,92808,clean_room,
19337,42687,92808,chemistry_lab,
19338,42687,92808,dressing_room,
19339,42687,92808,biology_laboratory,
19340,42687,92832,clean_room,
19341,42687,92832,dressing_room,
19342,42687,92832,chemistry_lab,
19343,42687,92832,beauty_salon,
19344,42687,92832,biology_laboratory,
19345,42687,92856,clean_room,
19346,42687,92856,beauty_salon,
19347,42687,92856,archive,
19348,42687,92856,dressing_room,
19349,42687,92856,operating_room,
19350,42687,92880,clean_room,
19351,42687,92880,archive,
19352,42687,92880,beauty_salon,
19353,42687,92880,dressing_room,
19354,42687,92880,operating_room,
19355,42687,92904,clean_room,
19356,42687,92904,archive,
19357,42687,92904,chemistry_lab,
19358,42687,92904,biology_laboratory,
19359,42687,92904,physics_laboratory,
19360,42687,92928,archive,
19361,42687,92928,clean_room,
19362,42687,92928,chemistry_lab,
19363,42687,92928,physics_laboratory,
19364,42687,92928,biology_laboratory,
19365,42687,92952,archive,
19366,42687,92952,clean_room,
19367,42687,92952,chemistry_lab,
19368,42687,92952,physics_laboratory,
19369,42687,92952,beauty_salon,
19370,42687,92976,archive,
19371,42687,92976,clean_room,
19372,42687,92976,chemistry_lab,
19373,42687,92976,physics_laboratory,
19374,42687,92976,library/indoor,
19375,42687,93000,archive,
19376,42687,93000,clean_room,
19377,42687,93000,chemistry_lab,
19378,42687,93000,physics_laboratory,
19379,42687,93000,beauty_salon,
19380,42687,93024,archive,
19381,42687,93024,clean_room,
19382,42687,93024,chemistry_lab,
19383,42687,93024,physics_laboratory,
19384,42687,93024,biology_laboratory,
19385,42687,93048,clean_room,
19386,42687,93048,archive,
19387,42687,93048,chemistry_lab,
19388,42687,93048,physics_laboratory,
19389,42687,93048,biology_laboratory,
19390,42687,93072,archive,
19391,42687,93072,chemistry_lab,
19392,42687,93072,clean_room,
19393,42687,93072,library/indoor,
19394,42687,93072,physics_laboratory,
19395,42687,93096,archive,
19396,42687,93096,clean_room,
19397,42687,93096,chemistry_lab,
19398,42687,93096,physics_laboratory,
19399,42687,93096,biology_laboratory,
19400,42687,93120,archive,
19401,42687,93120,clean_room,
19402,42687,93120,museum/indoor,
19403,42687,93120,physics_laboratory,
19404,42687,93120,chemistry_lab,
19405,42687,93144,archive,
19406,42687,93144,clean_room,
19407,42687,93144,chemistry_lab,
19408,42687,93144,library/indoor,
19409,42687,93144,physics_laboratory,
19410,42687,93168,archive,
19411,42687,93168,clean_room,
19412,42687,93168,library/indoor,
19413,42687,93168,chemistry_lab,
19414,42687,93168,physics_laboratory,
19415,42687,93192,archive,
19416,42687,93192,clean_room,
19417,42687,93192,library/indoor,
19418,42687,93192,chemistry_lab,
19419,42687,93192,beauty_salon,
19420,42687,93216,archive,
19421,42687,93216,library/indoor,
19422,42687,93216,beauty_salon,
19423,42687,93216,pharmacy,
19424,42687,93216,drugstore,
19425,42687,93240,clean_room,
19426,42687,93240,archive,
19427,42687,93240,chemistry_lab,
19428,42687,93240,beauty_salon,
19429,42687,93240,physics_laboratory,
19430,42687,93264,archive,
19431,42687,93264,clean_room,
19432,42687,93264,beauty_salon,
19433,42687,93264,chemistry_lab,
19434,42687,93264,jewelry_shop,
19435,42687,93288,clean_room,
19436,42687,93288,archive,
19437,42687,93288,dressing_room,
19438,42687,93288,beauty_salon,
19439,42687,93288,jewelry_shop,
19440,42687,93312,archive,
19441,42687,93312,clean_room,
19442,42687,93312,beauty_salon,
19443,42687,93312,chemistry_lab,
19444,42687,93312,office,
19445,42687,93336,archive,
19446,42687,93336,clean_room,
19447,42687,93336,beauty_salon,
19448,42687,93336,dressing_room,
19449,42687,93336,jewelry_shop,
19450,42687,93360,clean_room,
19451,42687,93360,archive,
19452,42687,93360,beauty_salon,
19453,42687,93360,shower,
19454,42687,93360,dressing_room,
19455,42687,93384,archive,
19456,42687,93384,clean_room,
19457,42687,93384,office,
19458,42687,93384,beauty_salon,
19459,42687,93384,museum/indoor,
19460,42687,93408,archive,
19461,42687,93408,library/indoor,
19462,42687,93408,clean_room,
19463,42687,93408,office,
19464,42687,93408,beauty_salon,
19465,42687,93432,archive,
19466,42687,93432,museum/indoor,
19467,42687,93432,clean_room,
19468,42687,93432,library/indoor,
19469,42687,93432,bow_window/indoor,
19470,42687,93456,clean_room,
19471,42687,93456,museum/indoor,
19472,42687,93456,dressing_room,
19473,42687,93456,nursery,
19474,42687,93456,clothing_store,
19475,42687,93480,clean_room,
19476,42687,93480,museum/indoor,
19477,42687,93480,archive,
19478,42687,93480,operating_room,
19479,42687,93480,dressing_room,
19480,42687,93504,clean_room,
19481,42687,93504,museum/indoor,
19482,42687,93504,dressing_room,
19483,42687,93504,archive,
19484,42687,93504,operating_room,
19485,42687,93528,clean_room,
19486,42687,93528,museum/indoor,
19487,42687,93528,archive,
19488,42687,93528,dressing_room,
19489,42687,93528,nursery,
19490,42687,93552,clean_room,
19491,42687,93552,museum/indoor,
19492,42687,93552,operating_room,
19493,42687,93552,dressing_room,
19494,42687,93552,archive,
19495,42687,93576,clean_room,
19496,42687,93576,museum/indoor,
19497,42687,93576,operating_room,
19498,42687,93576,archive,
19499,42687,93576,hospital_room,
19500,42687,93600,clean_room,
19501,42687,93600,museum/indoor,
19502,42687,93600,archive,
19503,42687,93600,dressing_room,
19504,42687,93600,art_gallery,
19505,42687,93624,clean_room,
19506,42687,93624,archive,
19507,42687,93624,museum/indoor,
19508,42687,93624,dressing_room,
19509,42687,93624,office,
19510,42687,93648,clean_room,
19511,42687,93648,dressing_room,
19512,42687,93648,museum/indoor,
19513,42687,93648,locker_room,
19514,42687,93648,art_gallery,
19515,42687,93672,clean_room,
19516,42687,93672,archive,
19517,42687,93672,dressing_room,
19518,42687,93672,corridor,
19519,42687,93672,hospital_room,
19520,42687,93696,clean_room,
19521,42687,93696,dressing_room,
19522,42687,93696,beauty_salon,
19523,42687,93696,bathroom,
19524,42687,93696,hospital_room,
19525,42687,93720,clean_room,
19526,42687,93720,dressing_room,
19527,42687,93720,museum/indoor,
19528,42687,93720,art_gallery,
19529,42687,93720,office,
19530,42687,93744,clean_room,
19531,42687,93744,museum/indoor,
19532,42687,93744,art_gallery,
19533,42687,93744,chemistry_lab,
19534,42687,93744,shower,
19535,42687,93768,clean_room,
19536,42687,93768,dressing_room,
19537,42687,93768,operating_room,
19538,42687,93768,locker_room,
19539,42687,93768,chemistry_lab,
19540,42687,93792,shower,
19541,42687,93792,clean_room,
19542,42687,93792,bathroom,
19543,42687,93792,elevator/door,
19544,42687,93792,locker_room,
19545,42687,93816,archive,
19546,42687,93816,pantry,
19547,42687,93816,closet,
19548,42687,93816,library/indoor,
19549,42687,93816,office,
19550,42687,93840,archive,
19551,42687,93840,bow_window/indoor,
19552,42687,93840,closet,
19553,42687,93840,pantry,
19554,42687,93840,library/indoor,
19555,42687,93864,archive,
19556,42687,93864,bow_window/indoor,
19557,42687,93864,jail_cell,
19558,42687,93864,closet,
19559,42687,93864,sauna,
19560,42687,93888,archive,
19561,42687,93888,bow_window/indoor,
19562,42687,93888,library/indoor,
19563,42687,93888,office,
19564,42687,93888,living_room,
19565,42687,93912,archive,
19566,42687,93912,bow_window/indoor,
19567,42687,93912,library/indoor,
19568,42687,93912,clean_room,
19569,42687,93912,jail_cell,
19570,42687,93936,bow_window/indoor,
19571,42687,93936,archive,
19572,42687,93936,museum/indoor,
19573,42687,93936,art_gallery,
19574,42687,93936,jail_cell,
19575,42687,93960,bow_window/indoor,
19576,42687,93960,archive,
19577,42687,93960,museum/indoor,
19578,42687,93960,art_gallery,
19579,42687,93960,jail_cell,
19580,42687,93984,archive,
19581,42687,93984,bow_window/indoor,
19582,42687,93984,sauna,
19583,42687,93984,staircase,
19584,42687,93984,library/indoor,
19585,42687,94008,archive,
19586,42687,94008,bow_window/indoor,
19587,42687,94008,library/indoor,
19588,42687,94008,clean_room,
19589,42687,94008,office,
19590,42687,94032,archive,
19591,42687,94032,bow_window/indoor,
19592,42687,94032,jail_cell,
19593,42687,94032,library/indoor,
19594,42687,94032,closet,
19595,42687,94056,bow_window/indoor,
19596,42687,94056,alcove,
19597,42687,94056,closet,
19598,42687,94056,archive,
19599,42687,94056,jail_cell,
19600,42687,94080,bow_window/indoor,
19601,42687,94080,clean_room,
19602,42687,94080,closet,
19603,42687,94080,archive,
19604,42687,94080,alcove,
19605,42687,94104,clean_room,
19606,42687,94104,archive,
19607,42687,94104,closet,
19608,42687,94104,atrium/public,
19609,42687,94104,locker_room,
19610,42687,94128,clean_room,
19611,42687,94128,archive,
19612,42687,94128,closet,
19613,42687,94128,sauna,
19614,42687,94128,office_cubicles,
19615,42687,94152,archive,
19616,42687,94152,bow_window/indoor,
19617,42687,94152,closet,
19618,42687,94152,pantry,
19619,42687,94152,jail_cell,
19620,42687,94176,pantry,
19621,42687,94176,archive,
19622,42687,94176,closet,
19623,42687,94176,elevator/door,
19624,42687,94176,doorway/outdoor,
19625,42687,94200,clean_room,
19626,42687,94200,chemistry_lab,
19627,42687,94200,biology_laboratory,
19628,42687,94200,physics_laboratory,
19629,42687,94200,bank_vault,
19630,42687,94224,clean_room,
19631,42687,94224,chemistry_lab,
19632,42687,94224,shower,
19633,42687,94224,kitchen,
19634,42687,94224,bathroom,
19635,42687,94248,shower,
19636,42687,94248,chemistry_lab,
19637,42687,94248,clean_room,
19638,42687,94248,bathroom,
19639,42687,94248,kitchen,
19640,42687,94272,clean_room,
19641,42687,94272,chemistry_lab,
19642,42687,94272,shower,
19643,42687,94272,biology_laboratory,
19644,42687,94272,bathroom,
19645,42687,94296,chemistry_lab,
19646,42687,94296,clean_room,
19647,42687,94296,shower,
19648,42687,94296,biology_laboratory,
19649,42687,94296,coffee_shop,
19650,42687,94320,chemistry_lab,
19651,42687,94320,clean_room,
19652,42687,94320,biology_laboratory,
19653,42687,94320,kitchen,
19654,42687,94320,shower,
19655,42687,94344,chemistry_lab,
19656,42687,94344,clean_room,
19657,42687,94344,biology_laboratory,
19658,42687,94344,kitchen,
19659,42687,94344,ice_cream_parlor,
19660,42687,94368,clean_room,
19661,42687,94368,museum/indoor,
19662,42687,94368,martial_arts_gym,
19663,42687,94368,operating_room,
19664,42687,94368,archive,
19665,42687,94392,clean_room,
19666,42687,94392,museum/indoor,
19667,42687,94392,operating_room,
19668,42687,94392,hospital_room,
19669,42687,94392,dressing_room,
19670,42687,94416,clean_room,
19671,42687,94416,archive,
19672,42687,94416,operating_room,
19673,42687,94416,dressing_room,
19674,42687,94416,museum/indoor,
19675,42687,94440,clean_room,
19676,42687,94440,museum/indoor,
19677,42687,94440,dressing_room,
19678,42687,94440,archive,
19679,42687,94440,operating_room,
19680,42687,94464,hospital_room,
19681,42687,94464,clean_room,
19682,42687,94464,dressing_room,
19683,42687,94464,operating_room,
19684,42687,94464,nursery,
19685,42687,94488,clean_room,
19686,42687,94488,archive,
19687,42687,94488,classroom,
19688,42687,94488,hospital_room,
19689,42687,94488,operating_room,
19690,42687,94512,clean_room,
19691,42687,94512,museum/indoor,
19692,42687,94512,operating_room,
19693,42687,94512,archive,
19694,42687,94512,hospital_room,
19695,42687,94536,clean_room,
19696,42687,94536,dressing_room,
19697,42687,94536,hospital_room,
19698,42687,94536,nursery,
19699,42687,94536,operating_room,
19700,42687,94560,operating_room,
19701,42687,94560,hospital_room,
19702,42687,94560,clean_room,
19703,42687,94560,nursing_home,
19704,42687,94560,beauty_salon,
19705,42687,94584,hospital_room,
19706,42687,94584,operating_room,
19707,42687,94584,clean_room,
19708,42687,94584,dressing_room,
19709,42687,94584,nursing_home,
19710,42687,94608,hospital_room,
19711,42687,94608,operating_room,
19712,42687,94608,clean_room,
19713,42687,94608,nursing_home,
19714,42687,94608,beauty_salon,
19715,42687,94632,clean_room,
19716,42687,94632,hospital_room,
19717,42687,94632,operating_room,
19718,42687,94632,nursing_home,
19719,42687,94632,dressing_room,
19720,42687,94656,hospital_room,
19721,42687,94656,clean_room,
19722,42687,94656,dressing_room,
19723,42687,94656,operating_room,
19724,42687,94656,nursery,
19725,42687,94680,clean_room,
19726,42687,94680,hospital_room,
19727,42687,94680,operating_room,
19728,42687,94680,dressing_room,
19729,42687,94680,museum/indoor,
19730,42687,94704,clean_room,
19731,42687,94704,dressing_room,
19732,42687,94704,hospital_room,
19733,42687,94704,archive,
19734,42687,94704,nursery,
19735,42687,94728,hospital_room,
19736,42687,94728,clean_room,
19737,42687,94728,dressing_room,
19738,42687,94728,operating_room,
19739,42687,94728,bedroom,
19740,42687,94752,hospital_room,
19741,42687,94752,clean_room,
19742,42687,94752,dressing_room,
19743,42687,94752,nursery,
19744,42687,94752,bedroom,
19745,42687,94776,dressing_room,
19746,42687,94776,clean_room,
19747,42687,94776,hospital_room,
19748,42687,94776,nursery,
19749,42687,94776,office,
19750,42687,94800,clean_room,
19751,42687,94800,dressing_room,
19752,42687,94800,office,
19753,42687,94800,hospital_room,
19754,42687,94800,discotheque,
19755,42687,94824,dressing_room,
19756,42687,94824,hospital_room,
19757,42687,94824,clean_room,
19758,42687,94824,nursery,
19759,42687,94824,beauty_salon,
19760,42687,94848,clean_room,
19761,42687,94848,hospital_room,
19762,42687,94848,nursery,
19763,42687,94848,dressing_room,
19764,42687,94848,bedroom,
19765,42687,94872,clean_room,
19766,42687,94872,dressing_room,
19767,42687,94872,hospital_room,
19768,42687,94872,operating_room,
19769,42687,94872,martial_arts_gym,
19770,42687,94896,clean_room,
19771,42687,94896,dressing_room,
19772,42687,94896,hospital_room,
19773,42687,94896,operating_room,
19774,42687,94896,martial_arts_gym,
19775,42687,94920,clean_room,
19776,42687,94920,hospital_room,
19777,42687,94920,dressing_room,
19778,42687,94920,operating_room,
19779,42687,94920,nursery,
19780,42687,94944,clean_room,
19781,42687,94944,hospital_room,
19782,42687,94944,dressing_room,
19783,42687,94944,operating_room,
19784,42687,94944,airplane_cabin,
19785,42687,94968,clean_room,
19786,42687,94968,dressing_room,
19787,42687,94968,hospital_room,
19788,42687,94968,operating_room,
19789,42687,94968,museum/indoor,
19790,42687,94992,dressing_room,
19791,42687,94992,clean_room,
19792,42687,94992,hospital_room,
19793,42687,94992,nursery,
19794,42687,94992,martial_arts_gym,
19795,42687,95016,clean_room,
19796,42687,95016,dressing_room,
19797,42687,95016,nursery,
19798,42687,95016,archive,
19799,42687,95016,museum/indoor,
19800,42687,95040,hospital_room,
19801,42687,95040,nursery,
19802,42687,95040,beauty_salon,
19803,42687,95040,clean_room,
19804,42687,95040,ice_cream_parlor,
19805,42687,95064,dressing_room,
19806,42687,95064,boxing_ring,
19807,42687,95064,locker_room,
19808,42687,95064,beauty_salon,
19809,42687,95064,bar,
19810,42687,95088,clean_room,
19811,42687,95088,dressing_room,
19812,42687,95088,nursery,
19813,42687,95088,hospital_room,
19814,42687,95088,archive,
19815,42687,95112,clean_room,
19816,42687,95112,office,
19817,42687,95112,archive,
19818,42687,95112,office_cubicles,
19819,42687,95112,nursery,
19820,42687,95136,clean_room,
19821,42687,95136,martial_arts_gym,
19822,42687,95136,hospital_room,
19823,42687,95136,dressing_room,
19824,42687,95136,office_cubicles,
19825,42687,95160,clean_room,
19826,42687,95160,dressing_room,
19827,42687,95160,hospital_room,
19828,42687,95160,operating_room,
19829,42687,95160,martial_arts_gym,
19830,42687,95184,clean_room,
19831,42687,95184,museum/indoor,
19832,42687,95184,dressing_room,
19833,42687,95184,nursery,
19834,42687,95184,art_gallery,
19835,42687,95208,clean_room,
19836,42687,95208,ice_floe,
19837,42687,95208,nursery,
19838,42687,95208,ice_shelf,
19839,42687,95208,iceberg,
19840,42687,95232,clean_room,
19841,42687,95232,ice_floe,
19842,42687,95232,ice_shelf,
19843,42687,95232,hospital_room,
19844,42687,95232,martial_arts_gym,
19845,42687,95256,clean_room,
19846,42687,95256,hospital_room,
19847,42687,95256,ice_shelf,
19848,42687,95256,ice_floe,
19849,42687,95256,beauty_salon,
19850,42687,95280,clean_room,
19851,42687,95280,ice_floe,
19852,42687,95280,nursery,
19853,42687,95280,ice_shelf,
19854,42687,95280,museum/indoor,
19855,42687,95304,windmill,
19856,42687,95304,clean_room,
19857,42687,95304,wind_farm,
19858,42687,95304,nursery,
19859,42687,95304,bow_window/indoor,
19860,42687,95328,clean_room,
19861,42687,95328,museum/indoor,
19862,42687,95328,archive,
19863,42687,95328,dressing_room,
19864,42687,95328,art_gallery,
19865,42687,95352,museum/indoor,
19866,42687,95352,clean_room,
19867,42687,95352,art_gallery,
19868,42687,95352,dressing_room,
19869,42687,95352,science_museum,
19870,42687,95376,clean_room,
19871,42687,95376,museum/indoor,
19872,42687,95376,bow_window/indoor,
19873,42687,95376,shower,
19874,42687,95376,dressing_room,
19875,42687,95400,clean_room,
19876,42687,95400,museum/indoor,
19877,42687,95400,dressing_room,
19878,42687,95400,art_gallery,
19879,42687,95400,hospital_room,
19880,42687,95424,museum/indoor,
19881,42687,95424,dressing_room,
19882,42687,95424,clean_room,
19883,42687,95424,art_gallery,
19884,42687,95424,archive,
19885,42687,95448,museum/indoor,
19886,42687,95448,clean_room,
19887,42687,95448,art_gallery,
19888,42687,95448,hospital_room,
19889,42687,95448,science_museum,
19890,42687,95472,clean_room,
19891,42687,95472,museum/indoor,
19892,42687,95472,hospital_room,
19893,42687,95472,archive,
19894,42687,95472,nursery,
19895,42687,95496,clean_room,
19896,42687,95496,archive,
19897,42687,95496,hospital_room,
19898,42687,95496,dressing_room,
19899,42687,95496,museum/indoor,
19900,42687,95520,clean_room,
19901,42687,95520,museum/indoor,
19902,42687,95520,dressing_room,
19903,42687,95520,archive,
19904,42687,95520,hospital_room,
19905,42687,95544,dressing_room,
19906,42687,95544,clean_room,
19907,42687,95544,office,
19908,42687,95544,office_cubicles,
19909,42687,95544,hospital_room,
19910,42687,95568,clean_room,
19911,42687,95568,dressing_room,
19912,42687,95568,hospital_room,
19913,42687,95568,office,
19914,42687,95568,nursery,
19915,42687,95592,clean_room,
19916,42687,95592,dressing_room,
19917,42687,95592,nursery,
19918,42687,95592,museum/indoor,
19919,42687,95592,operating_room,
19920,42687,95616,dressing_room,
19921,42687,95616,nursery,
19922,42687,95616,clean_room,
19923,42687,95616,bedroom,
19924,42687,95616,hospital_room,
19925,42687,95640,clean_room,
19926,42687,95640,dressing_room,
19927,42687,95640,hospital_room,
19928,42687,95640,nursery,
19929,42687,95640,office,
19930,42687,95664,clean_room,
19931,42687,95664,dressing_room,
19932,42687,95664,hospital_room,
19933,42687,95664,nursery,
19934,42687,95664,museum/indoor,
19935,42687,95688,clean_room,
19936,42687,95688,museum/indoor,
19937,42687,95688,ice_floe,
19938,42687,95688,archive,
19939,42687,95688,iceberg,
19940,42687,95712,dressing_room,
19941,42687,95712,clean_room,
19942,42687,95712,museum/indoor,
19943,42687,95712,discotheque,
19944,42687,95712,nursery,
19945,42687,95736,clean_room,
19946,42687,95736,nursery,
19947,42687,95736,dressing_room,
19948,42687,95736,hospital_room,
19949,42687,95736,museum/indoor,
19950,42687,95760,clean_room,
19951,42687,95760,dressing_room,
19952,42687,95760,museum/indoor,
19953,42687,95760,hospital_room,
19954,42687,95760,discotheque,
19955,42687,95784,clean_room,
19956,42687,95784,hospital_room,
19957,42687,95784,dressing_room,
19958,42687,95784,discotheque,
19959,42687,95784,operating_room,
19960,42687,95808,museum/indoor,
19961,42687,95808,art_gallery,
19962,42687,95808,archive,
19963,42687,95808,clean_room,
19964,42687,95808,natural_history_museum,
19965,42687,95832,museum/indoor,
19966,42687,95832,clean_room,
19967,42687,95832,art_gallery,
19968,42687,95832,dressing_room,
19969,42687,95832,archive,
19970,42687,95856,museum/indoor,
19971,42687,95856,clean_room,
19972,42687,95856,art_gallery,
19973,42687,95856,dressing_room,
19974,42687,95856,archive,
19975,42687,95880,museum/indoor,
19976,42687,95880,clean_room,
19977,42687,95880,art_gallery,
19978,42687,95880,martial_arts_gym,
19979,42687,95880,dressing_room,
19980,42687,95904,museum/indoor,
19981,42687,95904,art_gallery,
19982,42687,95904,clean_room,
19983,42687,95904,dressing_room,
19984,42687,95904,archive,
19985,42687,95928,museum/indoor,
19986,42687,95928,art_gallery,
19987,42687,95928,clean_room,
19988,42687,95928,dressing_room,
19989,42687,95928,archive,
19990,42687,95952,museum/indoor,
19991,42687,95952,clean_room,
19992,42687,95952,art_gallery,
19993,42687,95952,dressing_room,
19994,42687,95952,ice_floe,
19995,42687,95976,museum/indoor,
19996,42687,95976,clean_room,
19997,42687,95976,art_gallery,
19998,42687,95976,dressing_room,
19999,42687,95976,martial_arts_gym,
20000,42687,96000,archive,
20001,42687,96000,clean_room,
20002,42687,96000,museum/indoor,
20003,42687,96000,art_gallery,
20004,42687,96000,dressing_room,
20005,42687,96024,clean_room,
20006,42687,96024,museum/indoor,
20007,42687,96024,hospital_room,
20008,42687,96024,nursery,
20009,42687,96024,art_gallery,
20010,42687,96048,clean_room,
20011,42687,96048,dressing_room,
20012,42687,96048,museum/indoor,
20013,42687,96048,archive,
20014,42687,96048,art_gallery,
20015,42687,96072,museum/indoor,
20016,42687,96072,clean_room,
20017,42687,96072,art_gallery,
20018,42687,96072,dressing_room,
20019,42687,96072,office,
20020,42687,96096,museum/indoor,
20021,42687,96096,clean_room,
20022,42687,96096,nursery,
20023,42687,96096,art_gallery,
20024,42687,96096,hospital_room,
20025,42687,96120,clean_room,
20026,42687,96120,museum/indoor,
20027,42687,96120,nursery,
20028,42687,96120,hospital_room,
20029,42687,96120,field/cultivated,
20030,42687,96144,clean_room,
20031,42687,96144,dressing_room,
20032,42687,96144,archive,
20033,42687,96144,beauty_salon,
20034,42687,96144,hospital_room,
20035,42687,96168,clean_room,
20036,42687,96168,dressing_room,
20037,42687,96168,museum/indoor,
20038,42687,96168,beauty_salon,
20039,42687,96168,art_gallery,
20040,42687,96192,museum/indoor,
20041,42687,96192,clean_room,
20042,42687,96192,archive,
20043,42687,96192,art_gallery,
20044,42687,96192,ice_shelf,
20045,42687,96216,clean_room,
20046,42687,96216,museum/indoor,
20047,42687,96216,dressing_room,
20048,42687,96216,beauty_salon,
20049,42687,96216,nursery,
20050,42687,96240,clean_room,
20051,42687,96240,hospital_room,
20052,42687,96240,dressing_room,
20053,42687,96240,operating_room,
20054,42687,96240,classroom,
20055,42687,96264,hospital_room,
20056,42687,96264,clean_room,
20057,42687,96264,operating_room,
20058,42687,96264,nursing_home,
20059,42687,96264,office,
20060,42687,96288,clean_room,
20061,42687,96288,hospital_room,
20062,42687,96288,operating_room,
20063,42687,96288,dressing_room,
20064,42687,96288,office,
20065,42687,96312,clean_room,
20066,42687,96312,hospital_room,
20067,42687,96312,office,
20068,42687,96312,operating_room,
20069,42687,96312,dressing_room,
20070,42687,96336,archive,
20071,42687,96336,dressing_room,
20072,42687,96336,clean_room,
20073,42687,96336,museum/indoor,
20074,42687,96336,bookstore,
20075,42687,96360,clean_room,
20076,42687,96360,operating_room,
20077,42687,96360,museum/indoor,
20078,42687,96360,hospital_room,
20079,42687,96360,ice_floe,
20080,42687,96384,hospital_room,
20081,42687,96384,operating_room,
20082,42687,96384,clean_room,
20083,42687,96384,nursery,
20084,42687,96384,dressing_room,
20085,42687,96408,clean_room,
20086,42687,96408,hospital_room,
20087,42687,96408,museum/indoor,
20088,42687,96408,operating_room,
20089,42687,96408,dressing_room,
20090,42687,96432,clean_room,
20091,42687,96432,dressing_room,
20092,42687,96432,hospital_room,
20093,42687,96432,bedroom,
20094,42687,96432,museum/indoor,
20095,42687,96456,hospital_room,
20096,42687,96456,nursery,
20097,42687,96456,bedroom,
20098,42687,96456,operating_room,
20099,42687,96456,clean_room,
20100,42687,96480,bedroom,
20101,42687,96480,clean_room,
20102,42687,96480,hospital_room,
20103,42687,96480,operating_room,
20104,42687,96480,dressing_room,
20105,42687,96504,hospital_room,
20106,42687,96504,clean_room,
20107,42687,96504,operating_room,
20108,42687,96504,bedroom,
20109,42687,96504,nursery,
20110,42687,96528,clean_room,
20111,42687,96528,operating_room,
20112,42687,96528,museum/indoor,
20113,42687,96528,hospital_room,
20114,42687,96528,nursery,
20115,42687,96552,clean_room,
20116,42687,96552,hospital_room,
20117,42687,96552,operating_room,
20118,42687,96552,dressing_room,
20119,42687,96552,nursery,
20120,42687,96576,clean_room,
20121,42687,96576,hospital_room,
20122,42687,96576,operating_room,
20123,42687,96576,locker_room,
20124,42687,96576,nursery,
20125,42687,96600,clean_room,
20126,42687,96600,dressing_room,
20127,42687,96600,hospital_room,
20128,42687,96600,office,
20129,42687,96600,archive,
20130,42687,96624,hospital_room,
20131,42687,96624,bedroom,
20132,42687,96624,dressing_room,
20133,42687,96624,bow_window/indoor,
20134,42687,96624,clean_room,
20135,42687,96648,bedroom,
20136,42687,96648,hospital_room,
20137,42687,96648,clean_room,
20138,42687,96648,hotel_room,
20139,42687,96648,operating_room,
20140,42687,96672,clean_room,
20141,42687,96672,hospital_room,
20142,42687,96672,operating_room,
20143,42687,96672,nursery,
20144,42687,96672,dressing_room,
20145,42687,96696,clean_room,
20146,42687,96696,dressing_room,
20147,42687,96696,museum/indoor,
20148,42687,96696,operating_room,
20149,42687,96696,hospital_room,
20150,42687,96720,hospital_room,
20151,42687,96720,clean_room,
20152,42687,96720,operating_room,
20153,42687,96720,nursery,
20154,42687,96720,dressing_room,
20155,42687,96744,clean_room,
20156,42687,96744,hospital_room,
20157,42687,96744,operating_room,
20158,42687,96744,dressing_room,
20159,42687,96744,martial_arts_gym,
20160,42687,96768,clean_room,
20161,42687,96768,operating_room,
20162,42687,96768,hospital_room,
20163,42687,96768,martial_arts_gym,
20164,42687,96768,nursery,
20165,42687,96792,clean_room,
20166,42687,96792,hospital_room,
20167,42687,96792,operating_room,
20168,42687,96792,martial_arts_gym,
20169,42687,96792,dressing_room,
20170,42687,96816,clean_room,
20171,42687,96816,martial_arts_gym,
20172,42687,96816,hospital_room,
20173,42687,96816,archive,
20174,42687,96816,nursery,
20175,42687,96840,clean_room,
20176,42687,96840,museum/indoor,
20177,42687,96840,martial_arts_gym,
20178,42687,96840,nursery,
20179,42687,96840,dressing_room,
20180,42687,96864,clean_room,
20181,42687,96864,martial_arts_gym,
20182,42687,96864,hospital_room,
20183,42687,96864,airport_terminal,
20184,42687,96864,office,
20185,42687,96888,hospital_room,
20186,42687,96888,dressing_room,
20187,42687,96888,clean_room,
20188,42687,96888,operating_room,
20189,42687,96888,beauty_salon,
20190,42687,96912,clean_room,
20191,42687,96912,hospital_room,
20192,42687,96912,operating_room,
20193,42687,96912,martial_arts_gym,
20194,42687,96912,archive,
20195,42687,96936,clean_room,
20196,42687,96936,dressing_room,
20197,42687,96936,hospital_room,
20198,42687,96936,operating_room,
20199,42687,96936,locker_room,
20200,42687,96960,museum/indoor,
20201,42687,96960,art_gallery,
20202,42687,96960,nursery,
20203,42687,96960,dressing_room,
20204,42687,96960,bow_window/indoor,
20205,42687,96984,bedroom,
20206,42687,96984,nursery,
20207,42687,96984,bow_window/indoor,
20208,42687,96984,ice_shelf,
20209,42687,96984,dressing_room,
20210,42687,97008,office,
20211,42687,97008,martial_arts_gym,
20212,42687,97008,dressing_room,
20213,42687,97008,bedroom,
20214,42687,97008,nursery,
20215,42687,97032,dressing_room,
20216,42687,97032,clean_room,
20217,42687,97032,art_gallery,
20218,42687,97032,museum/indoor,
20219,42687,97032,iceberg,
20220,42687,97056,museum/indoor,
20221,42687,97056,art_gallery,
20222,42687,97056,dressing_room,
20223,42687,97056,ice_shelf,
20224,42687,97056,nursery,
20225,42687,97080,museum/indoor,
20226,42687,97080,clean_room,
20227,42687,97080,art_gallery,
20228,42687,97080,office,
20229,42687,97080,nursery,
20230,42687,97104,phone_booth,
20231,42687,97104,gas_station,
20232,42687,97104,clean_room,
20233,42687,97104,desert_road,
20234,42687,97104,airplane_cabin,
20235,42687,97128,phone_booth,
20236,42687,97128,cockpit,
20237,42687,97128,airplane_cabin,
20238,42687,97128,train_interior,
20239,42687,97128,clean_room,
20240,42687,97152,airplane_cabin,
20241,42687,97152,phone_booth,
20242,42687,97152,train_interior,
20243,42687,97152,cockpit,
20244,42687,97152,clean_room,
20245,42687,97176,phone_booth,
20246,42687,97176,clean_room,
20247,42687,97176,cockpit,
20248,42687,97176,airplane_cabin,
20249,42687,97176,runway,
20250,42687,97200,elevator/door,
20251,42687,97200,museum/indoor,
20252,42687,97200,hospital_room,
20253,42687,97200,elevator_lobby,
20254,42687,97200,bathroom,
20255,42687,97224,bathroom,
20256,42687,97224,hospital_room,
20257,42687,97224,clean_room,
20258,42687,97224,hotel_room,
20259,42687,97224,airplane_cabin,
20260,42687,97248,forest_road,
20261,42687,97248,highway,
20262,42687,97248,crosswalk,
20263,42687,97248,forest_path,
20264,42687,97248,street,
20265,42687,97272,forest_road,
20266,42687,97272,crosswalk,
20267,42687,97272,highway,
20268,42687,97272,forest_path,
20269,42687,97272,street,
20270,42687,97296,forest_road,
20271,42687,97296,forest_path,
20272,42687,97296,crosswalk,
20273,42687,97296,highway,
20274,42687,97296,street,
20275,42687,97320,forest_road,
20276,42687,97320,highway,
20277,42687,97320,forest_path,
20278,42687,97320,crosswalk,
20279,42687,97320,street,
20280,42687,97344,forest_road,
20281,42687,97344,crosswalk,
20282,42687,97344,highway,
20283,42687,97344,parking_lot,
20284,42687,97344,street,
20285,42687,97368,parking_lot,
20286,42687,97368,street,
20287,42687,97368,forest_road,
20288,42687,97368,driveway,
20289,42687,97368,highway,
20290,42687,97392,crosswalk,
20291,42687,97392,arch,
20292,42687,97392,cemetery,
20293,42687,97392,skyscraper,
20294,42687,97392,downtown,
20295,42687,97416,bow_window/indoor,
20296,42687,97416,art_gallery,
20297,42687,97416,shower,
20298,42687,97416,museum/indoor,
20299,42687,97416,phone_booth,
20300,42687,97440,bathroom,
20301,42687,97440,art_gallery,
20302,42687,97440,alcove,
20303,42687,97440,hotel_room,
20304,42687,97440,dressing_room,
20305,42687,97464,art_gallery,
20306,42687,97464,dressing_room,
20307,42687,97464,bathroom,
20308,42687,97464,airplane_cabin,
20309,42687,97464,clean_room,
20310,42687,97488,dressing_room,
20311,42687,97488,museum/indoor,
20312,42687,97488,clean_room,
20313,42687,97488,nursery,
20314,42687,97488,beauty_salon,
20315,42687,97512,dressing_room,
20316,42687,97512,museum/indoor,
20317,42687,97512,clean_room,
20318,42687,97512,art_gallery,
20319,42687,97512,beauty_salon,
20320,42687,97536,dressing_room,
20321,42687,97536,beauty_salon,
20322,42687,97536,discotheque,
20323,42687,97536,clean_room,
20324,42687,97536,music_studio,
20325,42687,97560,dressing_room,
20326,42687,97560,music_studio,
20327,42687,97560,beauty_salon,
20328,42687,97560,clean_room,
20329,42687,97560,discotheque,
20330,42687,97584,dressing_room,
20331,42687,97584,beauty_salon,
20332,42687,97584,clean_room,
20333,42687,97584,music_studio,
20334,42687,97584,discotheque,
20335,42687,97608,clean_room,
20336,42687,97608,dressing_room,
20337,42687,97608,beauty_salon,
20338,42687,97608,chemistry_lab,
20339,42687,97608,biology_laboratory,
20340,42687,97632,forest_road,
20341,42687,97632,forest_path,
20342,42687,97632,crosswalk,
20343,42687,97632,field_road,
20344,42687,97632,alley,
20345,42687,97656,zen_garden,
20346,42687,97656,forest_path,
20347,42687,97656,forest_road,
20348,42687,97656,alley,
20349,42687,97656,crosswalk,
20350,42687,97680,forest_road,
20351,42687,97680,forest_path,
20352,42687,97680,driveway,
20353,42687,97680,alley,
20354,42687,97680,field_road,
20355,42687,97704,forest_road,
20356,42687,97704,forest_path,
20357,42687,97704,field_road,
20358,42687,97704,highway,
20359,42687,97704,zen_garden,
20360,42687,97728,bathroom,
20361,42687,97728,shower,
20362,42687,97728,hospital_room,
20363,42687,97728,clean_room,
20364,42687,97728,hotel_room,
20365,42687,97752,bathroom,
20366,42687,97752,dressing_room,
20367,42687,97752,shower,
20368,42687,97752,art_gallery,
20369,42687,97752,clean_room,
20370,42687,97776,forest_road,
20371,42687,97776,zen_garden,
20372,42687,97776,forest_path,
20373,42687,97776,field_road,
20374,42687,97776,promenade,
20375,42687,97800,alley,
20376,42687,97800,driveway,
20377,42687,97800,residential_neighborhood,
20378,42687,97800,forest_road,
20379,42687,97800,boardwalk,
20380,42687,97824,zen_garden,
20381,42687,97824,promenade,
20382,42687,97824,driveway,
20383,42687,97824,courtyard,
20384,42687,97824,residential_neighborhood,
20385,42687,97848,museum/indoor,
20386,42687,97848,dressing_room,
20387,42687,97848,art_gallery,
20388,42687,97848,clean_room,
20389,42687,97848,bedroom,
20390,42687,97872,clean_room,
20391,42687,97872,museum/indoor,
20392,42687,97872,dressing_room,
20393,42687,97872,hospital_room,
20394,42687,97872,art_gallery,
20395,42687,97896,clean_room,
20396,42687,97896,hospital_room,
20397,42687,97896,dressing_room,
20398,42687,97896,operating_room,
20399,42687,97896,chemistry_lab,
20400,42687,97920,beauty_salon,
20401,42687,97920,dressing_room,
20402,42687,97920,clean_room,
20403,42687,97920,hospital_room,
20404,42687,97920,coffee_shop,
20405,42687,97944,clean_room,
20406,42687,97944,nursery,
20407,42687,97944,operating_room,
20408,42687,97944,hospital_room,
20409,42687,97944,music_studio,
20410,42687,97968,dressing_room,
20411,42687,97968,clean_room,
20412,42687,97968,museum/indoor,
20413,42687,97968,office,
20414,42687,97968,nursery,
20415,42687,97992,forest_road,
20416,42687,97992,driveway,
20417,42687,97992,forest_path,
20418,42687,97992,highway,
20419,42687,97992,street,
20420,42687,98016,forest_road,
20421,42687,98016,street,
20422,42687,98016,driveway,
20423,42687,98016,forest_path,
20424,42687,98016,highway,
20425,42687,98040,corridor,
20426,42687,98040,doorway/outdoor,
20427,42687,98040,bridge,
20428,42687,98040,tower,
20429,42687,98040,arch,
20430,42687,98064,schoolhouse,
20431,42687,98064,crosswalk,
20432,42687,98064,campus,
20433,42687,98064,raceway,
20434,42687,98064,driveway,
20435,42687,98088,schoolhouse,
20436,42687,98088,campus,
20437,42687,98088,crosswalk,
20438,42687,98088,racecourse,
20439,42687,98088,plaza,
20440,42687,98112,schoolhouse,
20441,42687,98112,campus,
20442,42687,98112,bow_window/indoor,
20443,42687,98112,yard,
20444,42687,98112,courtyard,
20445,42687,98136,schoolhouse,
20446,42687,98136,bow_window/indoor,
20447,42687,98136,courtyard,
20448,42687,98136,archive,
20449,42687,98136,yard,
20450,42687,98160,alley,
20451,42687,98160,shower,
20452,42687,98160,campus,
20453,42687,98160,crosswalk,
20454,42687,98160,courtyard,
20455,42687,98184,forest_road,
20456,42687,98184,highway,
20457,42687,98184,driveway,
20458,42687,98184,street,
20459,42687,98184,crosswalk,
20460,42687,98208,forest_road,
20461,42687,98208,driveway,
20462,42687,98208,forest_path,
20463,42687,98208,railroad_track,
20464,42687,98208,crosswalk,
20465,42687,98232,crosswalk,
20466,42687,98232,forest_road,
20467,42687,98232,street,
20468,42687,98232,parking_lot,
20469,42687,98232,driveway,
20470,42687,98256,forest_road,
20471,42687,98256,crosswalk,
20472,42687,98256,driveway,
20473,42687,98256,parking_lot,
20474,42687,98256,highway,
20475,42687,98280,crosswalk,
20476,42687,98280,forest_road,
20477,42687,98280,alley,
20478,42687,98280,street,
20479,42687,98280,driveway,
20480,42687,98304,forest_road,
20481,42687,98304,crosswalk,
20482,42687,98304,parking_lot,
20483,42687,98304,highway,
20484,42687,98304,driveway,
20485,42687,98328,forest_road,
20486,42687,98328,crosswalk,
20487,42687,98328,bow_window/indoor,
20488,42687,98328,alley,
20489,42687,98328,street,
20490,42687,98352,crosswalk,
20491,42687,98352,forest_road,
20492,42687,98352,street,
20493,42687,98352,alley,
20494,42687,98352,highway,
20495,42687,98376,forest_road,
20496,42687,98376,alley,
20497,42687,98376,street,
20498,42687,98376,crosswalk,
20499,42687,98376,residential_neighborhood,
20500,42687,98400,alley,
20501,42687,98400,residential_neighborhood,
20502,42687,98400,cemetery,
20503,42687,98400,driveway,
20504,42687,98400,forest_road,
20505,42687,98424,alley,
20506,42687,98424,bow_window/indoor,
20507,42687,98424,porch,
20508,42687,98424,street,
20509,42687,98424,crosswalk,
20510,42687,98448,bathroom,
20511,42687,98448,hospital_room,
20512,42687,98448,hotel_room,
20513,42687,98448,shower,
20514,42687,98448,clean_room,
20515,42687,98472,bathroom,
20516,42687,98472,shower,
20517,42687,98472,phone_booth,
20518,42687,98472,airplane_cabin,
20519,42687,98472,elevator/door,
20520,42687,98496,bathroom,
20521,42687,98496,hospital_room,
20522,42687,98496,shower,
20523,42687,98496,clean_room,
20524,42687,98496,hotel_room,
20525,42687,98520,bow_window/indoor,
20526,42687,98520,alley,
20527,42687,98520,hospital_room,
20528,42687,98520,server_room,
20529,42687,98520,forest_road,
20530,42687,98544,chemistry_lab,
20531,42687,98544,bow_window/indoor,
20532,42687,98544,biology_laboratory,
20533,42687,98544,bar,
20534,42687,98544,hotel_room,
20535,42687,98568,pharmacy,
20536,42687,98568,clean_room,
20537,42687,98568,hospital_room,
20538,42687,98568,drugstore,
20539,42687,98568,hospital,
20540,42687,98592,alley,
20541,42687,98592,street,
20542,42687,98592,forest_road,
20543,42687,98592,crosswalk,
20544,42687,98592,zen_garden,
20545,42687,98616,art_gallery,
20546,42687,98616,museum/indoor,
20547,42687,98616,bathroom,
20548,42687,98616,clean_room,
20549,42687,98616,science_museum,
20550,42687,98640,art_gallery,
20551,42687,98640,alcove,
20552,42687,98640,museum/indoor,
20553,42687,98640,science_museum,
20554,42687,98640,bathroom,
20555,42687,98664,bathroom,
20556,42687,98664,hospital_room,
20557,42687,98664,shower,
20558,42687,98664,airplane_cabin,
20559,42687,98664,clean_room,
20560,42687,98688,sauna,
20561,42687,98688,shower,
20562,42687,98688,clean_room,
20563,42687,98688,elevator/door,
20564,42687,98688,bathroom,
20565,42687,98712,forest_road,
20566,42687,98712,crosswalk,
20567,42687,98712,driveway,
20568,42687,98712,ski_slope,
20569,42687,98712,street,
20570,42687,98736,forest_road,
20571,42687,98736,street,
20572,42687,98736,highway,
20573,42687,98736,alley,
20574,42687,98736,field_road,
20575,42687,98760,street,
20576,42687,98760,subway_station/platform,
20577,42687,98760,forest_road,
20578,42687,98760,highway,
20579,42687,98760,alley,
20580,42687,98784,science_museum,
20581,42687,98784,aquarium,
20582,42687,98784,bowling_alley,
20583,42687,98784,museum/indoor,
20584,42687,98784,clean_room,
20585,42687,98808,aquarium,
20586,42687,98808,bathroom,
20587,42687,98808,science_museum,
20588,42687,98808,runway,
20589,42687,98808,museum/indoor,
20590,42687,98832,science_museum,
20591,42687,98832,gas_station,
20592,42687,98832,auto_showroom,
20593,42687,98832,phone_booth,
20594,42687,98832,museum/indoor,
20595,42687,98856,gas_station,
20596,42687,98856,auto_showroom,
20597,42687,98856,runway,
20598,42687,98856,parking_lot,
20599,42687,98856,highway,
20600,42687,98880,gas_station,
20601,42687,98880,hangar/outdoor,
20602,42687,98880,auto_showroom,
20603,42687,98880,parking_lot,
20604,42687,98880,parking_garage/indoor,
20605,42687,98904,gas_station,
20606,42687,98904,parking_garage/indoor,
20607,42687,98904,street,
20608,42687,98904,hangar/outdoor,
20609,42687,98904,runway,
20610,42687,98928,parking_lot,
20611,42687,98928,crosswalk,
20612,42687,98928,raceway,
20613,42687,98928,street,
20614,42687,98928,parking_garage/indoor,
20615,42687,98952,crosswalk,
20616,42687,98952,highway,
20617,42687,98952,subway_station/platform,
20618,42687,98952,forest_road,
20619,42687,98952,parking_garage/indoor,
20620,42687,98976,forest_road,
20621,42687,98976,raceway,
20622,42687,98976,crosswalk,
20623,42687,98976,forest_path,
20624,42687,98976,runway,
20625,42687,99000,bow_window/indoor,
20626,42687,99000,museum/indoor,
20627,42687,99000,ice_shelf,
20628,42687,99000,art_gallery,
20629,42687,99000,ski_slope,
20630,42687,99024,museum/indoor,
20631,42687,99024,bow_window/indoor,
20632,42687,99024,runway,
20633,42687,99024,forest_road,
20634,42687,99024,art_gallery,
20635,42687,99048,forest_road,
20636,42687,99048,ski_slope,
20637,42687,99048,bow_window/indoor,
20638,42687,99048,museum/indoor,
20639,42687,99048,train_station/platform,
20640,42687,99072,railroad_track,
20641,42687,99072,subway_station/platform,
20642,42687,99072,airplane_cabin,
20643,42687,99072,train_station/platform,
20644,42687,99072,museum/indoor,
20645,42687,99096,railroad_track,
20646,42687,99096,airplane_cabin,
20647,42687,99096,subway_station/platform,
20648,42687,99096,museum/indoor,
20649,42687,99096,train_station/platform,
20650,42687,99120,museum/indoor,
20651,42687,99120,clean_room,
20652,42687,99120,airplane_cabin,
20653,42687,99120,art_gallery,
20654,42687,99120,science_museum,
20655,42687,99144,airplane_cabin,
20656,42687,99144,clean_room,
20657,42687,99144,museum/indoor,
20658,42687,99144,science_museum,
20659,42687,99144,art_gallery,
20660,42687,99168,airplane_cabin,
20661,42687,99168,clean_room,
20662,42687,99168,museum/indoor,
20663,42687,99168,car_interior,
20664,42687,99168,art_gallery,
20665,42687,99192,airplane_cabin,
20666,42687,99192,clean_room,
20667,42687,99192,museum/indoor,
20668,42687,99192,dressing_room,
20669,42687,99192,art_gallery,
20670,42687,99216,clean_room,
20671,42687,99216,airplane_cabin,
20672,42687,99216,museum/indoor,
20673,42687,99216,car_interior,
20674,42687,99216,ice_shelf,
20675,42687,99240,clean_room,
20676,42687,99240,airplane_cabin,
20677,42687,99240,museum/indoor,
20678,42687,99240,science_museum,
20679,42687,99240,ice_cream_parlor,
20680,42687,99264,museum/indoor,
20681,42687,99264,clean_room,
20682,42687,99264,art_gallery,
20683,42687,99264,science_museum,
20684,42687,99264,natural_history_museum,
20685,42687,99288,museum/indoor,
20686,42687,99288,airplane_cabin,
20687,42687,99288,art_gallery,
20688,42687,99288,clean_room,
20689,42687,99288,science_museum,
20690,42687,99312,clean_room,
20691,42687,99312,airplane_cabin,
20692,42687,99312,museum/indoor,
20693,42687,99312,dressing_room,
20694,42687,99312,art_gallery,
20695,42687,99336,airplane_cabin,
20696,42687,99336,clean_room,
20697,42687,99336,museum/indoor,
20698,42687,99336,art_gallery,
20699,42687,99336,ice_shelf,
20700,42687,99360,airplane_cabin,
20701,42687,99360,clean_room,
20702,42687,99360,museum/indoor,
20703,42687,99360,art_gallery,
20704,42687,99360,ice_shelf,
20705,42687,99384,airplane_cabin,
20706,42687,99384,clean_room,
20707,42687,99384,museum/indoor,
20708,42687,99384,ice_cream_parlor,
20709,42687,99384,ice_shelf,
20710,42687,99408,clean_room,
20711,42687,99408,museum/indoor,
20712,42687,99408,discotheque,
20713,42687,99408,ice_cream_parlor,
20714,42687,99408,aquarium,
20715,42687,99432,bow_window/indoor,
20716,42687,99432,swamp,
20717,42687,99432,lake/natural,
20718,42687,99432,pond,
20719,42687,99432,forest/broadleaf,
20720,42687,99456,bow_window/indoor,
20721,42687,99456,swamp,
20722,42687,99456,pond,
20723,42687,99456,ice_shelf,
20724,42687,99456,lake/natural,
20725,42687,99480,bow_window/indoor,
20726,42687,99480,forest/broadleaf,
20727,42687,99480,swamp,
20728,42687,99480,pond,
20729,42687,99480,lake/natural,
20730,42687,99504,bow_window/indoor,
20731,42687,99504,swamp,
20732,42687,99504,pond,
20733,42687,99504,forest/broadleaf,
20734,42687,99504,lake/natural,
20735,42687,99528,bow_window/indoor,
20736,42687,99528,forest/broadleaf,
20737,42687,99528,pond,
20738,42687,99528,swamp,
20739,42687,99528,lake/natural,
20740,42687,99552,bow_window/indoor,
20741,42687,99552,forest/broadleaf,
20742,42687,99552,swamp,
20743,42687,99552,pond,
20744,42687,99552,yard,
20745,42687,99576,bow_window/indoor,
20746,42687,99576,aquarium,
20747,42687,99576,sandbox,
20748,42687,99576,art_gallery,
20749,42687,99576,museum/indoor,
20750,42687,99600,sandbox,
20751,42687,99600,bow_window/indoor,
20752,42687,99600,aquarium,
20753,42687,99600,art_gallery,
20754,42687,99600,museum/indoor,
20755,42687,99624,bow_window/indoor,
20756,42687,99624,aquarium,
20757,42687,99624,iceberg,
20758,42687,99624,ice_shelf,
20759,42687,99624,ice_floe,
20760,42687,99648,aquarium,
20761,42687,99648,bow_window/indoor,
20762,42687,99648,iceberg,
20763,42687,99648,ice_shelf,
20764,42687,99648,art_gallery,
20765,42687,99672,aquarium,
20766,42687,99672,bow_window/indoor,
20767,42687,99672,iceberg,
20768,42687,99672,ice_shelf,
20769,42687,99672,shower,
20770,42687,99696,aquarium,
20771,42687,99696,bow_window/indoor,
20772,42687,99696,museum/indoor,
20773,42687,99696,sandbox,
20774,42687,99696,art_gallery,
20775,42687,99720,aquarium,
20776,42687,99720,bow_window/indoor,
20777,42687,99720,iceberg,
20778,42687,99720,ice_shelf,
20779,42687,99720,museum/indoor,
20780,42687,99744,aquarium,
20781,42687,99744,bow_window/indoor,
20782,42687,99744,museum/indoor,
20783,42687,99744,iceberg,
20784,42687,99744,ice_shelf,
20785,42687,99768,aquarium,
20786,42687,99768,bow_window/indoor,
20787,42687,99768,iceberg,
20788,42687,99768,art_gallery,
20789,42687,99768,museum/indoor,
20790,42687,99792,aquarium,
20791,42687,99792,bow_window/indoor,
20792,42687,99792,museum/indoor,
20793,42687,99792,art_gallery,
20794,42687,99792,iceberg,
20795,42687,99816,aquarium,
20796,42687,99816,bow_window/indoor,
20797,42687,99816,museum/indoor,
20798,42687,99816,art_gallery,
20799,42687,99816,iceberg,
20800,42687,99840,aquarium,
20801,42687,99840,bow_window/indoor,
20802,42687,99840,ice_shelf,
20803,42687,99840,iceberg,
20804,42687,99840,museum/indoor,
20805,42687,99864,aquarium,
20806,42687,99864,bow_window/indoor,
20807,42687,99864,iceberg,
20808,42687,99864,ice_shelf,
20809,42687,99864,ice_floe,
20810,42687,99888,iceberg,
20811,42687,99888,bow_window/indoor,
20812,42687,99888,aquarium,
20813,42687,99888,ice_shelf,
20814,42687,99888,museum/indoor,
20815,42687,99912,aquarium,
20816,42687,99912,bow_window/indoor,
20817,42687,99912,iceberg,
20818,42687,99912,ice_shelf,
20819,42687,99912,museum/indoor,
20820,42687,99936,bow_window/indoor,
20821,42687,99936,aquarium,
20822,42687,99936,ice_shelf,
20823,42687,99936,iceberg,
20824,42687,99936,shower,
20825,42687,99960,bow_window/indoor,
20826,42687,99960,aquarium,
20827,42687,99960,museum/indoor,
20828,42687,99960,shower,
20829,42687,99960,art_gallery,
20830,42687,99984,bow_window/indoor,
20831,42687,99984,ice_shelf,
20832,42687,99984,aquarium,
20833,42687,99984,iceberg,
20834,42687,99984,museum/indoor,
20835,42687,100008,bow_window/indoor,
20836,42687,100008,aquarium,
20837,42687,100008,ice_shelf,
20838,42687,100008,iceberg,
20839,42687,100008,museum/indoor,
20840,42687,100032,bow_window/indoor,
20841,42687,100032,ice_shelf,
20842,42687,100032,iceberg,
20843,42687,100032,aquarium,
20844,42687,100032,shower,
20845,42687,100056,bow_window/indoor,
20846,42687,100056,aquarium,
20847,42687,100056,museum/indoor,
20848,42687,100056,sandbox,
20849,42687,100056,ice_shelf,
20850,42687,100080,aquarium,
20851,42687,100080,bow_window/indoor,
20852,42687,100080,iceberg,
20853,42687,100080,ice_shelf,
20854,42687,100080,art_gallery,
20855,42687,100104,bow_window/indoor,
20856,42687,100104,ice_shelf,
20857,42687,100104,iceberg,
20858,42687,100104,aquarium,
20859,42687,100104,museum/indoor,
20860,42687,100128,bow_window/indoor,
20861,42687,100128,aquarium,
20862,42687,100128,ice_shelf,
20863,42687,100128,iceberg,
20864,42687,100128,museum/indoor,
20865,42687,100152,bow_window/indoor,
20866,42687,100152,iceberg,
20867,42687,100152,ice_shelf,
20868,42687,100152,aquarium,
20869,42687,100152,ice_floe,
20870,42687,100176,aquarium,
20871,42687,100176,iceberg,
20872,42687,100176,bow_window/indoor,
20873,42687,100176,ice_shelf,
20874,42687,100176,museum/indoor,
20875,42687,100200,aquarium,
20876,42687,100200,bow_window/indoor,
20877,42687,100200,iceberg,
20878,42687,100200,ice_shelf,
20879,42687,100200,art_gallery,
20880,42687,100224,bow_window/indoor,
20881,42687,100224,aquarium,
20882,42687,100224,ice_shelf,
20883,42687,100224,iceberg,
20884,42687,100224,museum/indoor,
20885,42687,100248,aquarium,
20886,42687,100248,bow_window/indoor,
20887,42687,100248,ice_shelf,
20888,42687,100248,iceberg,
20889,42687,100248,shower,
20890,42687,100272,aquarium,
20891,42687,100272,bow_window/indoor,
20892,42687,100272,sandbox,
20893,42687,100272,shower,
20894,42687,100272,ice_shelf,
20895,42687,100296,aquarium,
20896,42687,100296,bow_window/indoor,
20897,42687,100296,iceberg,
20898,42687,100296,ice_shelf,
20899,42687,100296,museum/indoor,
20900,42687,100320,bow_window/indoor,
20901,42687,100320,aquarium,
20902,42687,100320,shower,
20903,42687,100320,sauna,
20904,42687,100320,ice_shelf,
20905,42687,100344,aquarium,
20906,42687,100344,bow_window/indoor,
20907,42687,100344,ice_shelf,
20908,42687,100344,iceberg,
20909,42687,100344,museum/indoor,
20910,42687,100368,bow_window/indoor,
20911,42687,100368,aquarium,
20912,42687,100368,sauna,
20913,42687,100368,shower,
20914,42687,100368,museum/indoor,
20915,42687,100392,bow_window/indoor,
20916,42687,100392,aquarium,
20917,42687,100392,museum/indoor,
20918,42687,100392,art_gallery,
20919,42687,100392,iceberg,
20920,42687,100416,aquarium,
20921,42687,100416,bow_window/indoor,
20922,42687,100416,ice_shelf,
20923,42687,100416,iceberg,
20924,42687,100416,ice_floe,
20925,42687,100440,aquarium,
20926,42687,100440,bow_window/indoor,
20927,42687,100440,iceberg,
20928,42687,100440,ice_shelf,
20929,42687,100440,shower,
20930,42687,100464,bow_window/indoor,
20931,42687,100464,iceberg,
20932,42687,100464,aquarium,
20933,42687,100464,ice_shelf,
20934,42687,100464,ice_floe,
20935,42687,100488,aquarium,
20936,42687,100488,iceberg,
20937,42687,100488,ice_shelf,
20938,42687,100488,bow_window/indoor,
20939,42687,100488,ice_floe,
20940,42687,100512,museum/indoor,
20941,42687,100512,jewelry_shop,
20942,42687,100512,art_gallery,
20943,42687,100512,dressing_room,
20944,42687,100512,gift_shop,
20945,42687,100536,museum/indoor,
20946,42687,100536,jewelry_shop,
20947,42687,100536,art_gallery,
20948,42687,100536,dressing_room,
20949,42687,100536,gift_shop,
20950,42687,100560,jewelry_shop,
20951,42687,100560,museum/indoor,
20952,42687,100560,art_gallery,
20953,42687,100560,dressing_room,
20954,42687,100560,gift_shop,
20955,42687,100584,clean_room,
20956,42687,100584,chemistry_lab,
20957,42687,100584,hospital_room,
20958,42687,100584,biology_laboratory,
20959,42687,100584,dressing_room,
20960,42687,100608,clean_room,
20961,42687,100608,chemistry_lab,
20962,42687,100608,hospital_room,
20963,42687,100608,biology_laboratory,
20964,42687,100608,operating_room,
20965,42687,100632,clean_room,
20966,42687,100632,hospital_room,
20967,42687,100632,chemistry_lab,
20968,42687,100632,dressing_room,
20969,42687,100632,operating_room,
20970,42687,100656,clean_room,
20971,42687,100656,dressing_room,
20972,42687,100656,hospital_room,
20973,42687,100656,locker_room,
20974,42687,100656,nursing_home,
20975,42687,100680,clean_room,
20976,42687,100680,hospital_room,
20977,42687,100680,dressing_room,
20978,42687,100680,chemistry_lab,
20979,42687,100680,locker_room,
20980,42687,100704,clean_room,
20981,42687,100704,chemistry_lab,
20982,42687,100704,hospital_room,
20983,42687,100704,dressing_room,
20984,42687,100704,biology_laboratory,
20985,42687,100728,clean_room,
20986,42687,100728,chemistry_lab,
20987,42687,100728,dressing_room,
20988,42687,100728,hospital_room,
20989,42687,100728,biology_laboratory,
20990,42687,100752,clean_room,
20991,42687,100752,chemistry_lab,
20992,42687,100752,dressing_room,
20993,42687,100752,hospital_room,
20994,42687,100752,biology_laboratory,
20995,42687,100776,clean_room,
20996,42687,100776,hospital_room,
20997,42687,100776,dressing_room,
20998,42687,100776,chemistry_lab,
20999,42687,100776,nursing_home,
21000,42687,100800,clean_room,
21001,42687,100800,hospital_room,
21002,42687,100800,chemistry_lab,
21003,42687,100800,nursing_home,
21004,42687,100800,biology_laboratory,
21005,42687,100824,clean_room,
21006,42687,100824,hospital_room,
21007,42687,100824,chemistry_lab,
21008,42687,100824,nursing_home,
21009,42687,100824,biology_laboratory,
21010,42687,100848,clean_room,
21011,42687,100848,hospital_room,
21012,42687,100848,chemistry_lab,
21013,42687,100848,nursing_home,
21014,42687,100848,biology_laboratory,
21015,42687,100872,hospital_room,
21016,42687,100872,clean_room,
21017,42687,100872,chemistry_lab,
21018,42687,100872,butchers_shop,
21019,42687,100872,nursing_home,
21020,42687,100896,clean_room,
21021,42687,100896,hospital_room,
21022,42687,100896,chemistry_lab,
21023,42687,100896,dressing_room,
21024,42687,100896,nursing_home,
21025,42687,100920,clean_room,
21026,42687,100920,hospital_room,
21027,42687,100920,dressing_room,
21028,42687,100920,locker_room,
21029,42687,100920,nursing_home,
21030,42687,100944,clean_room,
21031,42687,100944,dressing_room,
21032,42687,100944,hospital_room,
21033,42687,100944,chemistry_lab,
21034,42687,100944,locker_room,
21035,42687,100968,clean_room,
21036,42687,100968,dressing_room,
21037,42687,100968,hospital_room,
21038,42687,100968,chemistry_lab,
21039,42687,100968,locker_room,
21040,42687,100992,clean_room,
21041,42687,100992,dressing_room,
21042,42687,100992,chemistry_lab,
21043,42687,100992,biology_laboratory,
21044,42687,100992,hospital_room,
21045,42687,101016,clean_room,
21046,42687,101016,dressing_room,
21047,42687,101016,chemistry_lab,
21048,42687,101016,hospital_room,
21049,42687,101016,biology_laboratory,
21050,42687,101040,dressing_room,
21051,42687,101040,clean_room,
21052,42687,101040,chemistry_lab,
21053,42687,101040,hospital_room,
21054,42687,101040,discotheque,
21055,42687,101064,dressing_room,
21056,42687,101064,clean_room,
21057,42687,101064,chemistry_lab,
21058,42687,101064,hospital_room,
21059,42687,101064,discotheque,
21060,42687,101088,dressing_room,
21061,42687,101088,clean_room,
21062,42687,101088,chemistry_lab,
21063,42687,101088,hospital_room,
21064,42687,101088,discotheque,
21065,42687,101112,clean_room,
21066,42687,101112,dressing_room,
21067,42687,101112,chemistry_lab,
21068,42687,101112,hospital_room,
21069,42687,101112,discotheque,
21070,42687,101136,clean_room,
21071,42687,101136,dressing_room,
21072,42687,101136,chemistry_lab,
21073,42687,101136,biology_laboratory,
21074,42687,101136,hospital_room,
21075,42687,101160,dressing_room,
21076,42687,101160,clean_room,
21077,42687,101160,chemistry_lab,
21078,42687,101160,nursing_home,
21079,42687,101160,hospital_room,
21080,42687,101184,dressing_room,
21081,42687,101184,clean_room,
21082,42687,101184,chemistry_lab,
21083,42687,101184,hospital_room,
21084,42687,101184,nursing_home,
21085,42687,101208,dressing_room,
21086,42687,101208,chemistry_lab,
21087,42687,101208,clean_room,
21088,42687,101208,biology_laboratory,
21089,42687,101208,hospital_room,
21090,42687,101232,dressing_room,
21091,42687,101232,clean_room,
21092,42687,101232,locker_room,
21093,42687,101232,hospital_room,
21094,42687,101232,elevator/door,
21095,42687,101256,clean_room,
21096,42687,101256,dressing_room,
21097,42687,101256,locker_room,
21098,42687,101256,elevator/door,
21099,42687,101256,nursing_home,
21100,42687,101280,clean_room,
21101,42687,101280,dressing_room,
21102,42687,101280,hospital_room,
21103,42687,101280,nursing_home,
21104,42687,101280,elevator/door,
21105,42687,101304,clean_room,
21106,42687,101304,dressing_room,
21107,42687,101304,nursing_home,
21108,42687,101304,hospital_room,
21109,42687,101304,locker_room,
21110,42687,101328,dressing_room,
21111,42687,101328,clean_room,
21112,42687,101328,elevator/door,
21113,42687,101328,locker_room,
21114,42687,101328,office,
21115,42687,101352,dressing_room,
21116,42687,101352,clean_room,
21117,42687,101352,locker_room,
21118,42687,101352,elevator/door,
21119,42687,101352,closet,
21120,42687,101376,dressing_room,
21121,42687,101376,clean_room,
21122,42687,101376,locker_room,
21123,42687,101376,elevator/door,
21124,42687,101376,closet,
21125,42687,101400,dressing_room,
21126,42687,101400,clean_room,
21127,42687,101400,elevator/door,
21128,42687,101400,locker_room,
21129,42687,101400,hospital_room,
21130,42687,101424,dressing_room,
21131,42687,101424,clean_room,
21132,42687,101424,hospital_room,
21133,42687,101424,locker_room,
21134,42687,101424,nursing_home,
21135,42687,101448,clean_room,
21136,42687,101448,dressing_room,
21137,42687,101448,locker_room,
21138,42687,101448,hospital_room,
21139,42687,101448,elevator/door,
21140,42687,101472,dressing_room,
21141,42687,101472,clean_room,
21142,42687,101472,locker_room,
21143,42687,101472,elevator/door,
21144,42687,101472,hospital_room,
21145,42687,101496,dressing_room,
21146,42687,101496,clean_room,
21147,42687,101496,chemistry_lab,
21148,42687,101496,biology_laboratory,
21149,42687,101496,hospital_room,
21150,42687,101520,dressing_room,
21151,42687,101520,clean_room,
21152,42687,101520,chemistry_lab,
21153,42687,101520,hospital_room,
21154,42687,101520,locker_room,
21155,42687,101544,dressing_room,
21156,42687,101544,clean_room,
21157,42687,101544,chemistry_lab,
21158,42687,101544,hospital_room,
21159,42687,101544,nursing_home,
21160,42687,101568,dressing_room,
21161,42687,101568,clean_room,
21162,42687,101568,chemistry_lab,
21163,42687,101568,discotheque,
21164,42687,101568,hospital_room,
21165,42687,101592,dressing_room,
21166,42687,101592,clean_room,
21167,42687,101592,chemistry_lab,
21168,42687,101592,hospital_room,
21169,42687,101592,biology_laboratory,
21170,42687,101616,dressing_room,
21171,42687,101616,clean_room,
21172,42687,101616,chemistry_lab,
21173,42687,101616,biology_laboratory,
21174,42687,101616,hospital_room,
21175,42687,101640,dressing_room,
21176,42687,101640,clean_room,
21177,42687,101640,chemistry_lab,
21178,42687,101640,hospital_room,
21179,42687,101640,biology_laboratory,
21180,42687,101664,dressing_room,
21181,42687,101664,chemistry_lab,
21182,42687,101664,clean_room,
21183,42687,101664,biology_laboratory,
21184,42687,101664,discotheque,
21185,42687,101688,dressing_room,
21186,42687,101688,chemistry_lab,
21187,42687,101688,clean_room,
21188,42687,101688,discotheque,
21189,42687,101688,biology_laboratory,
21190,42687,101712,clean_room,
21191,42687,101712,dressing_room,
21192,42687,101712,chemistry_lab,
21193,42687,101712,hospital_room,
21194,42687,101712,biology_laboratory,
21195,42687,101736,dressing_room,
21196,42687,101736,clean_room,
21197,42687,101736,chemistry_lab,
21198,42687,101736,hospital_room,
21199,42687,101736,biology_laboratory,
21200,42687,101760,dressing_room,
21201,42687,101760,clean_room,
21202,42687,101760,hospital_room,
21203,42687,101760,chemistry_lab,
21204,42687,101760,nursing_home,
21205,42687,101784,clean_room,
21206,42687,101784,dressing_room,
21207,42687,101784,chemistry_lab,
21208,42687,101784,hospital_room,
21209,42687,101784,nursing_home,
21210,42687,101808,clean_room,
21211,42687,101808,dressing_room,
21212,42687,101808,chemistry_lab,
21213,42687,101808,hospital_room,
21214,42687,101808,biology_laboratory,
21215,42687,101832,dressing_room,
21216,42687,101832,clean_room,
21217,42687,101832,chemistry_lab,
21218,42687,101832,hospital_room,
21219,42687,101832,biology_laboratory,
21220,42687,101856,dressing_room,
21221,42687,101856,clean_room,
21222,42687,101856,chemistry_lab,
21223,42687,101856,biology_laboratory,
21224,42687,101856,discotheque,
21225,42687,101880,clean_room,
21226,42687,101880,dressing_room,
21227,42687,101880,discotheque,
21228,42687,101880,elevator/door,
21229,42687,101880,closet,
21230,42687,101904,dressing_room,
21231,42687,101904,clean_room,
21232,42687,101904,closet,
21233,42687,101904,discotheque,
21234,42687,101904,locker_room,
21235,42687,101928,clean_room,
21236,42687,101928,dressing_room,
21237,42687,101928,chemistry_lab,
21238,42687,101928,discotheque,
21239,42687,101928,hospital_room,
21240,42687,101952,clean_room,
21241,42687,101952,dressing_room,
21242,42687,101952,chemistry_lab,
21243,42687,101952,hospital_room,
21244,42687,101952,discotheque,
21245,42687,101976,clean_room,
21246,42687,101976,dressing_room,
21247,42687,101976,hospital_room,
21248,42687,101976,nursing_home,
21249,42687,101976,chemistry_lab,
21250,42687,102000,dressing_room,
21251,42687,102000,clean_room,
21252,42687,102000,locker_room,
21253,42687,102000,nursing_home,
21254,42687,102000,elevator/door,
21255,42687,102024,dressing_room,
21256,42687,102024,elevator/door,
21257,42687,102024,locker_room,
21258,42687,102024,clean_room,
21259,42687,102024,elevator_lobby,
21260,42687,102048,dressing_room,
21261,42687,102048,clean_room,
21262,42687,102048,locker_room,
21263,42687,102048,elevator/door,
21264,42687,102048,hospital_room,
21265,42687,102072,dressing_room,
21266,42687,102072,locker_room,
21267,42687,102072,clean_room,
21268,42687,102072,elevator/door,
21269,42687,102072,discotheque,
21270,42687,102096,dressing_room,
21271,42687,102096,clean_room,
21272,42687,102096,elevator/door,
21273,42687,102096,locker_room,
21274,42687,102096,closet,
21275,42687,102120,dressing_room,
21276,42687,102120,clean_room,
21277,42687,102120,elevator/door,
21278,42687,102120,locker_room,
21279,42687,102120,hospital_room,
21280,42687,102144,dressing_room,
21281,42687,102144,clean_room,
21282,42687,102144,elevator/door,
21283,42687,102144,locker_room,
21284,42687,102144,hospital_room,
21285,42687,102168,dressing_room,
21286,42687,102168,clean_room,
21287,42687,102168,elevator/door,
21288,42687,102168,locker_room,
21289,42687,102168,nursing_home,
21290,42687,102192,dressing_room,
21291,42687,102192,clean_room,
21292,42687,102192,nursing_home,
21293,42687,102192,elevator/door,
21294,42687,102192,locker_room,
21295,42687,102216,clean_room,
21296,42687,102216,nursing_home,
21297,42687,102216,dressing_room,
21298,42687,102216,hospital_room,
21299,42687,102216,elevator/door,
21300,42687,102240,clean_room,
21301,42687,102240,dressing_room,
21302,42687,102240,locker_room,
21303,42687,102240,nursing_home,
21304,42687,102240,hospital_room,
21305,42687,102264,clean_room,
21306,42687,102264,dressing_room,
21307,42687,102264,nursing_home,
21308,42687,102264,locker_room,
21309,42687,102264,hospital_room,
21310,42687,102288,dressing_room,
21311,42687,102288,clean_room,
21312,42687,102288,hospital_room,
21313,42687,102288,locker_room,
21314,42687,102288,elevator/door,
21315,42687,102312,clean_room,
21316,42687,102312,dressing_room,
21317,42687,102312,hospital_room,
21318,42687,102312,elevator/door,
21319,42687,102312,locker_room,
21320,42687,102336,dressing_room,
21321,42687,102336,clean_room,
21322,42687,102336,locker_room,
21323,42687,102336,elevator/door,
21324,42687,102336,hospital_room,
21325,42687,102360,clean_room,
21326,42687,102360,dressing_room,
21327,42687,102360,hospital_room,
21328,42687,102360,chemistry_lab,
21329,42687,102360,elevator/door,
21330,42687,102384,clean_room,
21331,42687,102384,dressing_room,
21332,42687,102384,elevator/door,
21333,42687,102384,locker_room,
21334,42687,102384,hospital_room,
21335,42687,102408,clean_room,
21336,42687,102408,dressing_room,
21337,42687,102408,hospital_room,
21338,42687,102408,chemistry_lab,
21339,42687,102408,elevator/door,
21340,42687,102432,clean_room,
21341,42687,102432,dressing_room,
21342,42687,102432,chemistry_lab,
21343,42687,102432,biology_laboratory,
21344,42687,102432,hospital_room,
21345,42687,102456,clean_room,
21346,42687,102456,dressing_room,
21347,42687,102456,chemistry_lab,
21348,42687,102456,hospital_room,
21349,42687,102456,biology_laboratory,
21350,42687,102480,clean_room,
21351,42687,102480,dressing_room,
21352,42687,102480,chemistry_lab,
21353,42687,102480,hospital_room,
21354,42687,102480,biology_laboratory,
21355,42687,102504,clean_room,
21356,42687,102504,dressing_room,
21357,42687,102504,chemistry_lab,
21358,42687,102504,hospital_room,
21359,42687,102504,biology_laboratory,
21360,42687,102528,clean_room,
21361,42687,102528,dressing_room,
21362,42687,102528,chemistry_lab,
21363,42687,102528,hospital_room,
21364,42687,102528,biology_laboratory,
21365,42687,102552,dressing_room,
21366,42687,102552,clean_room,
21367,42687,102552,chemistry_lab,
21368,42687,102552,hospital_room,
21369,42687,102552,locker_room,
21370,42687,102576,dressing_room,
21371,42687,102576,clean_room,
21372,42687,102576,chemistry_lab,
21373,42687,102576,hospital_room,
21374,42687,102576,locker_room,
21375,42687,102600,clean_room,
21376,42687,102600,dressing_room,
21377,42687,102600,chemistry_lab,
21378,42687,102600,hospital_room,
21379,42687,102600,biology_laboratory,
21380,42687,102624,clean_room,
21381,42687,102624,dressing_room,
21382,42687,102624,chemistry_lab,
21383,42687,102624,hospital_room,
21384,42687,102624,biology_laboratory,
21385,42687,102648,dressing_room,
21386,42687,102648,clean_room,
21387,42687,102648,chemistry_lab,
21388,42687,102648,hospital_room,
21389,42687,102648,locker_room,
21390,42687,102672,clean_room,
21391,42687,102672,dressing_room,
21392,42687,102672,chemistry_lab,
21393,42687,102672,hospital_room,
21394,42687,102672,biology_laboratory,
21395,42687,102696,clean_room,
21396,42687,102696,hospital_room,
21397,42687,102696,chemistry_lab,
21398,42687,102696,dressing_room,
21399,42687,102696,locker_room,
21400,42687,102720,clean_room,
21401,42687,102720,chemistry_lab,
21402,42687,102720,hospital_room,
21403,42687,102720,dressing_room,
21404,42687,102720,locker_room,
21405,42687,102744,clean_room,
21406,42687,102744,dressing_room,
21407,42687,102744,hospital_room,
21408,42687,102744,chemistry_lab,
21409,42687,102744,locker_room,
21410,42687,102768,dressing_room,
21411,42687,102768,clean_room,
21412,42687,102768,discotheque,
21413,42687,102768,beauty_salon,
21414,42687,102768,martial_arts_gym,
21415,42687,102792,dressing_room,
21416,42687,102792,clean_room,
21417,42687,102792,chemistry_lab,
21418,42687,102792,discotheque,
21419,42687,102792,martial_arts_gym,
21420,42687,102816,dressing_room,
21421,42687,102816,discotheque,
21422,42687,102816,bow_window/indoor,
21423,42687,102816,clean_room,
21424,42687,102816,nursery,
21425,42687,102840,dressing_room,
21426,42687,102840,bow_window/indoor,
21427,42687,102840,clean_room,
21428,42687,102840,discotheque,
21429,42687,102840,office,
21430,42687,102864,bow_window/indoor,
21431,42687,102864,clean_room,
21432,42687,102864,dressing_room,
21433,42687,102864,nursery,
21434,42687,102864,discotheque,
21435,42687,102888,dressing_room,
21436,42687,102888,clean_room,
21437,42687,102888,bow_window/indoor,
21438,42687,102888,hospital_room,
21439,42687,102888,discotheque,
21440,42687,102912,dressing_room,
21441,42687,102912,clean_room,
21442,42687,102912,bow_window/indoor,
21443,42687,102912,reception,
21444,42687,102912,office,
21445,42687,102936,dressing_room,
21446,42687,102936,bow_window/indoor,
21447,42687,102936,clean_room,
21448,42687,102936,reception,
21449,42687,102936,discotheque,
21450,42687,102960,dressing_room,
21451,42687,102960,clean_room,
21452,42687,102960,office,
21453,42687,102960,hospital_room,
21454,42687,102960,office_cubicles,
21455,42687,102984,dressing_room,
21456,42687,102984,bow_window/indoor,
21457,42687,102984,discotheque,
21458,42687,102984,bar,
21459,42687,102984,beauty_salon,
21460,42687,103008,dressing_room,
21461,42687,103008,clean_room,
21462,42687,103008,locker_room,
21463,42687,103008,clothing_store,
21464,42687,103008,shower,
21465,42687,103032,dressing_room,
21466,42687,103032,clean_room,
21467,42687,103032,locker_room,
21468,42687,103032,clothing_store,
21469,42687,103032,beauty_salon,
21470,42687,103056,dressing_room,
21471,42687,103056,clean_room,
21472,42687,103056,locker_room,
21473,42687,103056,clothing_store,
21474,42687,103056,beauty_salon,
21475,42687,103080,dressing_room,
21476,42687,103080,locker_room,
21477,42687,103080,clean_room,
21478,42687,103080,discotheque,
21479,42687,103080,shower,
21480,42687,103104,dressing_room,
21481,42687,103104,shower,
21482,42687,103104,chemistry_lab,
21483,42687,103104,clean_room,
21484,42687,103104,locker_room,
21485,42687,103128,shower,
21486,42687,103128,dressing_room,
21487,42687,103128,locker_room,
21488,42687,103128,bathroom,
21489,42687,103128,sauna,
21490,42687,103152,shower,
21491,42687,103152,clean_room,
21492,42687,103152,dressing_room,
21493,42687,103152,hospital_room,
21494,42687,103152,locker_room,
21495,42687,103176,shower,
21496,42687,103176,dressing_room,
21497,42687,103176,locker_room,
21498,42687,103176,bathroom,
21499,42687,103176,sauna,
21500,42687,103200,shower,
21501,42687,103200,dressing_room,
21502,42687,103200,sauna,
21503,42687,103200,bathroom,
21504,42687,103200,locker_room,
21505,42687,103224,shower,
21506,42687,103224,dressing_room,
21507,42687,103224,clean_room,
21508,42687,103224,sauna,
21509,42687,103224,hospital_room,
21510,42687,103248,shower,
21511,42687,103248,dressing_room,
21512,42687,103248,clean_room,
21513,42687,103248,locker_room,
21514,42687,103248,sauna,
21515,42687,103272,shower,
21516,42687,103272,dressing_room,
21517,42687,103272,locker_room,
21518,42687,103272,clean_room,
21519,42687,103272,sauna,
21520,42687,103296,shower,
21521,42687,103296,clean_room,
21522,42687,103296,dressing_room,
21523,42687,103296,locker_room,
21524,42687,103296,sauna,
21525,42687,103320,shower,
21526,42687,103320,bow_window/indoor,
21527,42687,103320,bathroom,
21528,42687,103320,dressing_room,
21529,42687,103320,clean_room,
21530,42687,103344,shower,
21531,42687,103344,dressing_room,
21532,42687,103344,locker_room,
21533,42687,103344,clean_room,
21534,42687,103344,bathroom,
21535,42687,103368,shower,
21536,42687,103368,dressing_room,
21537,42687,103368,locker_room,
21538,42687,103368,sauna,
21539,42687,103368,bathroom,
21540,42687,103392,shower,
21541,42687,103392,clean_room,
21542,42687,103392,dressing_room,
21543,42687,103392,locker_room,
21544,42687,103392,hospital_room,
21545,42687,103416,clean_room,
21546,42687,103416,shower,
21547,42687,103416,locker_room,
21548,42687,103416,hospital_room,
21549,42687,103416,dressing_room,
21550,42687,103440,shower,
21551,42687,103440,locker_room,
21552,42687,103440,dressing_room,
21553,42687,103440,elevator/door,
21554,42687,103440,sauna,
21555,42687,103464,locker_room,
21556,42687,103464,dressing_room,
21557,42687,103464,clean_room,
21558,42687,103464,shower,
21559,42687,103464,sauna,
21560,42687,103488,dressing_room,
21561,42687,103488,locker_room,
21562,42687,103488,clean_room,
21563,42687,103488,shower,
21564,42687,103488,bathroom,
21565,42687,103512,bow_window/indoor,
21566,42687,103512,forest/broadleaf,
21567,42687,103512,sky,
21568,42687,103512,industrial_area,
21569,42687,103512,oilrig,
21570,42687,103536,bow_window/indoor,
21571,42687,103536,forest/broadleaf,
21572,42687,103536,ice_shelf,
21573,42687,103536,tree_farm,
21574,42687,103536,swamp,
21575,42687,103560,bow_window/indoor,
21576,42687,103560,forest/broadleaf,
21577,42687,103560,ice_shelf,
21578,42687,103560,tree_farm,
21579,42687,103560,swamp,
21580,42687,103584,bow_window/indoor,
21581,42687,103584,forest/broadleaf,
21582,42687,103584,ice_shelf,
21583,42687,103584,swamp,
21584,42687,103584,tree_farm,
21585,42687,103608,bow_window/indoor,
21586,42687,103608,forest/broadleaf,
21587,42687,103608,ice_shelf,
21588,42687,103608,swamp,
21589,42687,103608,construction_site,
21590,42687,103632,bow_window/indoor,
21591,42687,103632,forest/broadleaf,
21592,42687,103632,ice_shelf,
21593,42687,103632,clean_room,
21594,42687,103632,tree_farm,
21595,42687,103656,bow_window/indoor,
21596,42687,103656,forest/broadleaf,
21597,42687,103656,clean_room,
21598,42687,103656,tree_farm,
21599,42687,103656,ice_shelf,
21600,42687,103680,bow_window/indoor,
21601,42687,103680,forest/broadleaf,
21602,42687,103680,ice_shelf,
21603,42687,103680,construction_site,
21604,42687,103680,tree_farm,
21605,42687,103704,aquarium,
21606,42687,103704,childs_room,
21607,42687,103704,nursery,
21608,42687,103704,sandbox,
21609,42687,103704,ice_floe,
21610,42687,103728,aquarium,
21611,42687,103728,childs_room,
21612,42687,103728,ice_floe,
21613,42687,103728,nursery,
21614,42687,103728,jewelry_shop,
21615,42687,103752,bow_window/indoor,
21616,42687,103752,ice_shelf,
21617,42687,103752,greenhouse/indoor,
21618,42687,103752,greenhouse/outdoor,
21619,42687,103752,chemistry_lab,
21620,42687,103776,bow_window/indoor,
21621,42687,103776,ice_shelf,
21622,42687,103776,greenhouse/indoor,
21623,42687,103776,bamboo_forest,
21624,42687,103776,hot_spring,
21625,42687,103800,bow_window/indoor,
21626,42687,103800,ice_shelf,
21627,42687,103800,greenhouse/indoor,
21628,42687,103800,bamboo_forest,
21629,42687,103800,swamp,
21630,42687,103824,ice_shelf,
21631,42687,103824,bow_window/indoor,
21632,42687,103824,iceberg,
21633,42687,103824,glacier,
21634,42687,103824,greenhouse/indoor,
21635,42687,103848,ice_shelf,
21636,42687,103848,bow_window/indoor,
21637,42687,103848,iceberg,
21638,42687,103848,ice_floe,
21639,42687,103848,glacier,
21640,42687,103872,ice_shelf,
21641,42687,103872,bow_window/indoor,
21642,42687,103872,iceberg,
21643,42687,103872,glacier,
21644,42687,103872,ice_floe,
21645,42687,103896,aquarium,
21646,42687,103896,ice_floe,
21647,42687,103896,iceberg,
21648,42687,103896,ice_shelf,
21649,42687,103896,shower,
21650,42687,103920,aquarium,
21651,42687,103920,ice_floe,
21652,42687,103920,childs_room,
21653,42687,103920,sandbox,
21654,42687,103920,nursery,
21655,42687,103944,aquarium,
21656,42687,103944,ice_floe,
21657,42687,103944,sandbox,
21658,42687,103944,childs_room,
21659,42687,103944,iceberg,
21660,42687,103968,bow_window/indoor,
21661,42687,103968,ice_shelf,
21662,42687,103968,ice_floe,
21663,42687,103968,iceberg,
21664,42687,103968,sky,
21665,42687,103992,bow_window/indoor,
21666,42687,103992,ice_shelf,
21667,42687,103992,ice_floe,
21668,42687,103992,iceberg,
21669,42687,103992,greenhouse/indoor,
21670,42687,104016,bow_window/indoor,
21671,42687,104016,ice_shelf,
21672,42687,104016,ice_floe,
21673,42687,104016,iceberg,
21674,42687,104016,shower,
21675,42687,104040,ice_shelf,
21676,42687,104040,iceberg,
21677,42687,104040,bow_window/indoor,
21678,42687,104040,ice_floe,
21679,42687,104040,shower,
21680,42687,104064,bow_window/indoor,
21681,42687,104064,ice_shelf,
21682,42687,104064,iceberg,
21683,42687,104064,ice_floe,
21684,42687,104064,ocean,
21685,42687,104088,bow_window/indoor,
21686,42687,104088,ice_shelf,
21687,42687,104088,ice_floe,
21688,42687,104088,iceberg,
21689,42687,104088,shower,
21690,42687,104112,bow_window/indoor,
21691,42687,104112,ice_shelf,
21692,42687,104112,iceberg,
21693,42687,104112,ice_floe,
21694,42687,104112,shower,
21695,42687,104136,bow_window/indoor,
21696,42687,104136,ice_shelf,
21697,42687,104136,iceberg,
21698,42687,104136,ice_floe,
21699,42687,104136,lake/natural,
21700,42687,104160,ice_shelf,
21701,42687,104160,bow_window/indoor,
21702,42687,104160,iceberg,
21703,42687,104160,ice_floe,
21704,42687,104160,shower,
21705,42687,104184,bow_window/indoor,
21706,42687,104184,ice_shelf,
21707,42687,104184,iceberg,
21708,42687,104184,ice_floe,
21709,42687,104184,art_gallery,
21710,42687,104208,bow_window/indoor,
21711,42687,104208,ice_shelf,
21712,42687,104208,ice_floe,
21713,42687,104208,iceberg,
21714,42687,104208,shower,
21715,42687,104232,bow_window/indoor,
21716,42687,104232,ice_shelf,
21717,42687,104232,iceberg,
21718,42687,104232,ice_floe,
21719,42687,104232,shower,
21720,42687,104256,bow_window/indoor,
21721,42687,104256,ice_shelf,
21722,42687,104256,iceberg,
21723,42687,104256,ice_floe,
21724,42687,104256,greenhouse/indoor,
21725,42687,104280,bow_window/indoor,
21726,42687,104280,ice_shelf,
21727,42687,104280,ice_floe,
21728,42687,104280,iceberg,
21729,42687,104280,art_gallery,
21730,42687,104304,bow_window/indoor,
21731,42687,104304,ice_shelf,
21732,42687,104304,ice_floe,
21733,42687,104304,iceberg,
21734,42687,104304,greenhouse/outdoor,
21735,42687,104328,bow_window/indoor,
21736,42687,104328,ice_shelf,
21737,42687,104328,iceberg,
21738,42687,104328,ice_floe,
21739,42687,104328,glacier,
21740,42687,104352,ice_shelf,
21741,42687,104352,bow_window/indoor,
21742,42687,104352,iceberg,
21743,42687,104352,ice_floe,
21744,42687,104352,clean_room,
21745,42687,104376,museum/indoor,
21746,42687,104376,art_gallery,
21747,42687,104376,clean_room,
21748,42687,104376,shower,
21749,42687,104376,chemistry_lab,
21750,42687,104400,museum/indoor,
21751,42687,104400,art_gallery,
21752,42687,104400,science_museum,
21753,42687,104400,clean_room,
21754,42687,104400,chemistry_lab,
21755,42687,104424,museum/indoor,
21756,42687,104424,art_gallery,
21757,42687,104424,chemistry_lab,
21758,42687,104424,science_museum,
21759,42687,104424,art_studio,
21760,42687,104448,aquarium,
21761,42687,104448,ice_shelf,
21762,42687,104448,ice_floe,
21763,42687,104448,iceberg,
21764,42687,104448,igloo,
21765,42687,104472,aquarium,
21766,42687,104472,greenhouse/indoor,
21767,42687,104472,greenhouse/outdoor,
21768,42687,104472,shower,
21769,42687,104472,chemistry_lab,
21770,42687,104496,clean_room,
21771,42687,104496,bow_window/indoor,
21772,42687,104496,art_gallery,
21773,42687,104496,museum/indoor,
21774,42687,104496,aquarium,
21775,42687,104520,clean_room,
21776,42687,104520,bow_window/indoor,
21777,42687,104520,greenhouse/indoor,
21778,42687,104520,chemistry_lab,
21779,42687,104520,greenhouse/outdoor,
21780,42687,104544,museum/indoor,
21781,42687,104544,art_gallery,
21782,42687,104544,shower,
21783,42687,104544,art_studio,
21784,42687,104544,burial_chamber,
21785,42687,104568,museum/indoor,
21786,42687,104568,shower,
21787,42687,104568,burial_chamber,
21788,42687,104568,art_gallery,
21789,42687,104568,science_museum,
21790,42687,104592,museum/indoor,
21791,42687,104592,art_gallery,
21792,42687,104592,aquarium,
21793,42687,104592,shower,
21794,42687,104592,natural_history_museum,
21795,42687,104616,shower,
21796,42687,104616,art_gallery,
21797,42687,104616,museum/indoor,
21798,42687,104616,aquarium,
21799,42687,104616,natural_history_museum,
21800,42687,104640,museum/indoor,
21801,42687,104640,art_gallery,
21802,42687,104640,shower,
21803,42687,104640,science_museum,
21804,42687,104640,art_studio,
21805,42687,104664,bow_window/indoor,
21806,42687,104664,clean_room,
21807,42687,104664,clothing_store,
21808,42687,104664,museum/indoor,
21809,42687,104664,dressing_room,
21810,42687,104688,bow_window/indoor,
21811,42687,104688,clean_room,
21812,42687,104688,museum/indoor,
21813,42687,104688,stage/indoor,
21814,42687,104688,operating_room,
21815,42687,104712,bow_window/indoor,
21816,42687,104712,clean_room,
21817,42687,104712,museum/indoor,
21818,42687,104712,clothing_store,
21819,42687,104712,ballroom,
21820,42687,104736,clean_room,
21821,42687,104736,bow_window/indoor,
21822,42687,104736,clothing_store,
21823,42687,104736,museum/indoor,
21824,42687,104736,stage/indoor,
21825,42687,104760,museum/indoor,
21826,42687,104760,art_gallery,
21827,42687,104760,chemistry_lab,
21828,42687,104760,science_museum,
21829,42687,104760,art_studio,
21830,42687,104784,museum/indoor,
21831,42687,104784,art_gallery,
21832,42687,104784,art_studio,
21833,42687,104784,chemistry_lab,
21834,42687,104784,clean_room,
21835,42687,104808,museum/indoor,
21836,42687,104808,art_gallery,
21837,42687,104808,chemistry_lab,
21838,42687,104808,clean_room,
21839,42687,104808,art_studio,
21840,42687,104832,museum/indoor,
21841,42687,104832,art_gallery,
21842,42687,104832,chemistry_lab,
21843,42687,104832,clean_room,
21844,42687,104832,art_studio,
21845,42687,104856,museum/indoor,
21846,42687,104856,art_gallery,
21847,42687,104856,art_studio,
21848,42687,104856,clean_room,
21849,42687,104856,chemistry_lab,
21850,42687,104880,museum/indoor,
21851,42687,104880,art_gallery,
21852,42687,104880,clean_room,
21853,42687,104880,art_studio,
21854,42687,104880,chemistry_lab,
21855,42687,104904,museum/indoor,
21856,42687,104904,clean_room,
21857,42687,104904,art_gallery,
21858,42687,104904,chemistry_lab,
21859,42687,104904,art_studio,
21860,42687,104928,museum/indoor,
21861,42687,104928,art_gallery,
21862,42687,104928,chemistry_lab,
21863,42687,104928,art_studio,
21864,42687,104928,clean_room,
21865,42687,104952,art_gallery,
21866,42687,104952,museum/indoor,
21867,42687,104952,art_studio,
21868,42687,104952,chemistry_lab,
21869,42687,104952,art_school,
21870,42687,104976,art_gallery,
21871,42687,104976,museum/indoor,
21872,42687,104976,art_studio,
21873,42687,104976,chemistry_lab,
21874,42687,104976,clean_room,
21875,42687,105000,bow_window/indoor,
21876,42687,105000,shower,
21877,42687,105000,art_gallery,
21878,42687,105000,sky,
21879,42687,105000,museum/indoor,
21880,42687,105024,art_gallery,
21881,42687,105024,sky,
21882,42687,105024,museum/indoor,
21883,42687,105024,shower,
21884,42687,105024,discotheque,
21885,42687,105048,sky,
21886,42687,105048,shower,
21887,42687,105048,skyscraper,
21888,42687,105048,elevator/door,
21889,42687,105048,tower,
21890,42687,105072,sky,
21891,42687,105072,skyscraper,
21892,42687,105072,elevator/door,
21893,42687,105072,office_building,
21894,42687,105072,elevator_lobby,
21895,42687,105096,discotheque,
21896,42687,105096,stage/indoor,
21897,42687,105096,skyscraper,
21898,42687,105096,art_gallery,
21899,42687,105096,museum/indoor,
21900,42687,105120,skyscraper,
21901,42687,105120,stage/indoor,
21902,42687,105120,sky,
21903,42687,105120,discotheque,
21904,42687,105120,art_gallery,
21905,42687,105144,discotheque,
21906,42687,105144,stage/indoor,
21907,42687,105144,art_gallery,
21908,42687,105144,museum/indoor,
21909,42687,105144,chemistry_lab,
21910,42687,105168,discotheque,
21911,42687,105168,stage/indoor,
21912,42687,105168,chemistry_lab,
21913,42687,105168,museum/indoor,
21914,42687,105168,bar,
21915,42687,105192,discotheque,
21916,42687,105192,stage/indoor,
21917,42687,105192,movie_theater/indoor,
21918,42687,105192,bar,
21919,42687,105192,chemistry_lab,
21920,42687,105216,discotheque,
21921,42687,105216,stage/indoor,
21922,42687,105216,bar,
21923,42687,105216,ballroom,
21924,42687,105216,ice_cream_parlor,
21925,42687,105240,discotheque,
21926,42687,105240,stage/indoor,
21927,42687,105240,bar,
21928,42687,105240,ice_cream_parlor,
21929,42687,105240,museum/indoor,
21930,42687,105264,discotheque,
21931,42687,105264,stage/indoor,
21932,42687,105264,movie_theater/indoor,
21933,42687,105264,classroom,
21934,42687,105264,ice_cream_parlor,
21935,42687,105288,clean_room,
21936,42687,105288,dressing_room,
21937,42687,105288,archive,
21938,42687,105288,museum/indoor,
21939,42687,105288,art_gallery,
21940,42687,105312,dressing_room,
21941,42687,105312,clean_room,
21942,42687,105312,museum/indoor,
21943,42687,105312,art_gallery,
21944,42687,105312,shower,
21945,42687,105336,shower,
21946,42687,105336,dressing_room,
21947,42687,105336,clean_room,
21948,42687,105336,sauna,
21949,42687,105336,discotheque,
21950,42687,105360,discotheque,
21951,42687,105360,stage/indoor,
21952,42687,105360,dressing_room,
21953,42687,105360,bar,
21954,42687,105360,shower,
21955,42687,105384,discotheque,
21956,42687,105384,stage/indoor,
21957,42687,105384,shower,
21958,42687,105384,dressing_room,
21959,42687,105384,clean_room,
21960,42687,105408,shower,
21961,42687,105408,discotheque,
21962,42687,105408,dressing_room,
21963,42687,105408,museum/indoor,
21964,42687,105408,elevator/door,
21965,42687,105432,discotheque,
21966,42687,105432,shower,
21967,42687,105432,dressing_room,
21968,42687,105432,stage/indoor,
21969,42687,105432,museum/indoor,
21970,42687,105456,ice_shelf,
21971,42687,105456,bow_window/indoor,
21972,42687,105456,shower,
21973,42687,105456,ice_floe,
21974,42687,105456,iceberg,
21975,42687,105480,sky,
21976,42687,105480,ice_shelf,
21977,42687,105480,ice_floe,
21978,42687,105480,skyscraper,
21979,42687,105480,iceberg,
21980,42687,105504,sky,
21981,42687,105504,ice_floe,
21982,42687,105504,shower,
21983,42687,105504,ice_shelf,
21984,42687,105504,iceberg,
21985,42687,105528,sky,
21986,42687,105528,shower,
21987,42687,105528,aquarium,
21988,42687,105528,ice_shelf,
21989,42687,105528,skyscraper,
21990,42687,105552,shower,
21991,42687,105552,sky,
21992,42687,105552,tower,
21993,42687,105552,aquarium,
21994,42687,105552,water_tower,
21995,42687,105576,shower,
21996,42687,105576,sky,
21997,42687,105576,discotheque,
21998,42687,105576,skyscraper,
21999,42687,105576,bow_window/indoor,
22000,42687,105600,discotheque,
22001,42687,105600,shower,
22002,42687,105600,dressing_room,
22003,42687,105600,fountain,
22004,42687,105600,stage/indoor,
22005,42687,105624,clean_room,
22006,42687,105624,dressing_room,
22007,42687,105624,hospital_room,
22008,42687,105624,chemistry_lab,
22009,42687,105624,kindergarden_classroom,
22010,42687,105648,clean_room,
22011,42687,105648,ice_shelf,
22012,42687,105648,shower,
22013,42687,105648,bow_window/indoor,
22014,42687,105648,hospital_room,
22015,42687,105672,shower,
22016,42687,105672,bow_window/indoor,
22017,42687,105672,ice_shelf,
22018,42687,105672,greenhouse/outdoor,
22019,42687,105672,greenhouse/indoor,
22020,42687,105696,shower,
22021,42687,105696,greenhouse/indoor,
22022,42687,105696,bow_window/indoor,
22023,42687,105696,greenhouse/outdoor,
22024,42687,105696,bathroom,
22025,42687,105720,shower,
22026,42687,105720,clean_room,
22027,42687,105720,chemistry_lab,
22028,42687,105720,discotheque,
22029,42687,105720,locker_room,
22030,42687,105744,staircase,
22031,42687,105744,clean_room,
22032,42687,105744,entrance_hall,
22033,42687,105744,escalator/indoor,
22034,42687,105744,atrium/public,
22035,42687,105768,staircase,
22036,42687,105768,entrance_hall,
22037,42687,105768,mezzanine,
22038,42687,105768,fire_escape,
22039,42687,105768,escalator/indoor,
22040,42687,105792,staircase,
22041,42687,105792,entrance_hall,
22042,42687,105792,mezzanine,
22043,42687,105792,escalator/indoor,
22044,42687,105792,fire_escape,
22045,42687,105816,staircase,
22046,42687,105816,entrance_hall,
22047,42687,105816,mezzanine,
22048,42687,105816,clean_room,
22049,42687,105816,museum/indoor,
22050,42687,105840,staircase,
22051,42687,105840,entrance_hall,
22052,42687,105840,clean_room,
22053,42687,105840,mezzanine,
22054,42687,105840,museum/indoor,
22055,42687,105864,clean_room,
22056,42687,105864,staircase,
22057,42687,105864,entrance_hall,
22058,42687,105864,museum/indoor,
22059,42687,105864,mezzanine,
22060,42687,105888,staircase,
22061,42687,105888,entrance_hall,
22062,42687,105888,mezzanine,
22063,42687,105888,clean_room,
22064,42687,105888,corridor,
22065,42687,105912,staircase,
22066,42687,105912,entrance_hall,
22067,42687,105912,mezzanine,
22068,42687,105912,corridor,
22069,42687,105912,clean_room,
22070,42687,105936,staircase,
22071,42687,105936,entrance_hall,
22072,42687,105936,corridor,
22073,42687,105936,lobby,
22074,42687,105936,mezzanine,
22075,42687,105960,staircase,
22076,42687,105960,entrance_hall,
22077,42687,105960,clean_room,
22078,42687,105960,corridor,
22079,42687,105960,atrium/public,
22080,42687,105984,clean_room,
22081,42687,105984,entrance_hall,
22082,42687,105984,staircase,
22083,42687,105984,corridor,
22084,42687,105984,museum/indoor,
22085,42687,106008,clean_room,
22086,42687,106008,entrance_hall,
22087,42687,106008,staircase,
22088,42687,106008,corridor,
22089,42687,106008,elevator_lobby,
22090,42687,106032,clean_room,
22091,42687,106032,entrance_hall,
22092,42687,106032,staircase,
22093,42687,106032,corridor,
22094,42687,106032,atrium/public,
22095,42687,106056,clean_room,
22096,42687,106056,entrance_hall,
22097,42687,106056,corridor,
22098,42687,106056,museum/indoor,
22099,42687,106056,staircase,
22100,42687,106080,clean_room,
22101,42687,106080,atrium/public,
22102,42687,106080,entrance_hall,
22103,42687,106080,museum/indoor,
22104,42687,106080,elevator_lobby,
22105,42687,106104,clean_room,
22106,42687,106104,corridor,
22107,42687,106104,entrance_hall,
22108,42687,106104,museum/indoor,
22109,42687,106104,elevator_lobby,
22110,42687,106128,clean_room,
22111,42687,106128,corridor,
22112,42687,106128,elevator_lobby,
22113,42687,106128,elevator/door,
22114,42687,106128,entrance_hall,
22115,42687,106152,clean_room,
22116,42687,106152,corridor,
22117,42687,106152,elevator_lobby,
22118,42687,106152,dressing_room,
22119,42687,106152,elevator/door,
22120,42687,106176,clean_room,
22121,42687,106176,dressing_room,
22122,42687,106176,corridor,
22123,42687,106176,elevator_lobby,
22124,42687,106176,elevator/door,
22125,42687,106200,clean_room,
22126,42687,106200,dressing_room,
22127,42687,106200,corridor,
22128,42687,106200,elevator_lobby,
22129,42687,106200,locker_room,
22130,42687,106224,clean_room,
22131,42687,106224,dressing_room,
22132,42687,106224,museum/indoor,
22133,42687,106224,beauty_salon,
22134,42687,106224,corridor,
22135,42687,106248,clean_room,
22136,42687,106248,dressing_room,
22137,42687,106248,museum/indoor,
22138,42687,106248,clothing_store,
22139,42687,106248,beauty_salon,
22140,42687,106272,clean_room,
22141,42687,106272,museum/indoor,
22142,42687,106272,dressing_room,
22143,42687,106272,clothing_store,
22144,42687,106272,beauty_salon,
22145,42687,106296,clean_room,
22146,42687,106296,museum/indoor,
22147,42687,106296,dressing_room,
22148,42687,106296,corridor,
22149,42687,106296,art_gallery,
22150,42687,106320,clean_room,
22151,42687,106320,museum/indoor,
22152,42687,106320,dressing_room,
22153,42687,106320,lobby,
22154,42687,106320,jewelry_shop,
22155,42687,106344,clean_room,
22156,42687,106344,museum/indoor,
22157,42687,106344,staircase,
22158,42687,106344,art_gallery,
22159,42687,106344,entrance_hall,
22160,42687,106368,clean_room,
22161,42687,106368,museum/indoor,
22162,42687,106368,corridor,
22163,42687,106368,clothing_store,
22164,42687,106368,dressing_room,
22165,42687,106392,clean_room,
22166,42687,106392,museum/indoor,
22167,42687,106392,clothing_store,
22168,42687,106392,corridor,
22169,42687,106392,dressing_room,
22170,42687,106416,staircase,
22171,42687,106416,entrance_hall,
22172,42687,106416,escalator/indoor,
22173,42687,106416,archive,
22174,42687,106416,elevator_lobby,
22175,42687,106440,staircase,
22176,42687,106440,entrance_hall,
22177,42687,106440,archive,
22178,42687,106440,pharmacy,
22179,42687,106440,elevator/door,
22180,42687,106464,staircase,
22181,42687,106464,entrance_hall,
22182,42687,106464,escalator/indoor,
22183,42687,106464,fire_escape,
22184,42687,106464,elevator/door,
22185,42687,106488,staircase,
22186,42687,106488,entrance_hall,
22187,42687,106488,fire_escape,
22188,42687,106488,corridor,
22189,42687,106488,mezzanine,
22190,42687,106512,clean_room,
22191,42687,106512,museum/indoor,
22192,42687,106512,dressing_room,
22193,42687,106512,clothing_store,
22194,42687,106512,art_gallery,
22195,42687,106536,clean_room,
22196,42687,106536,museum/indoor,
22197,42687,106536,dressing_room,
22198,42687,106536,clothing_store,
22199,42687,106536,art_gallery,
22200,42687,106560,clean_room,
22201,42687,106560,museum/indoor,
22202,42687,106560,clothing_store,
22203,42687,106560,dressing_room,
22204,42687,106560,art_gallery,
22205,42687,106584,clean_room,
22206,42687,106584,museum/indoor,
22207,42687,106584,clothing_store,
22208,42687,106584,dressing_room,
22209,42687,106584,art_gallery,
22210,42687,106608,clean_room,
22211,42687,106608,museum/indoor,
22212,42687,106608,clothing_store,
22213,42687,106608,dressing_room,
22214,42687,106608,jewelry_shop,
22215,42687,106632,clean_room,
22216,42687,106632,museum/indoor,
22217,42687,106632,clothing_store,
22218,42687,106632,dressing_room,
22219,42687,106632,art_gallery,
22220,42687,106656,clean_room,
22221,42687,106656,museum/indoor,
22222,42687,106656,clothing_store,
22223,42687,106656,dressing_room,
22224,42687,106656,corridor,
22225,42687,106680,clean_room,
22226,42687,106680,clothing_store,
22227,42687,106680,museum/indoor,
22228,42687,106680,dressing_room,
22229,42687,106680,corridor,
22230,42687,106704,clean_room,
22231,42687,106704,museum/indoor,
22232,42687,106704,clothing_store,
22233,42687,106704,dressing_room,
22234,42687,106704,jewelry_shop,
22235,42687,106728,clean_room,
22236,42687,106728,museum/indoor,
22237,42687,106728,dressing_room,
22238,42687,106728,beauty_salon,
22239,42687,106728,jewelry_shop,
22240,42687,106752,dressing_room,
22241,42687,106752,clean_room,
22242,42687,106752,clothing_store,
22243,42687,106752,corridor,
22244,42687,106752,museum/indoor,
22245,42687,106776,clean_room,
22246,42687,106776,dressing_room,
22247,42687,106776,locker_room,
22248,42687,106776,clothing_store,
22249,42687,106776,elevator/door,
22250,42687,106800,clean_room,
22251,42687,106800,dressing_room,
22252,42687,106800,clothing_store,
22253,42687,106800,operating_room,
22254,42687,106800,hospital_room,
22255,42687,106824,clean_room,
22256,42687,106824,dressing_room,
22257,42687,106824,museum/indoor,
22258,42687,106824,operating_room,
22259,42687,106824,clothing_store,
22260,42687,106848,dressing_room,
22261,42687,106848,clean_room,
22262,42687,106848,locker_room,
22263,42687,106848,beauty_salon,
22264,42687,106848,clothing_store,
22265,42687,106872,dressing_room,
22266,42687,106872,clean_room,
22267,42687,106872,clothing_store,
22268,42687,106872,museum/indoor,
22269,42687,106872,beauty_salon,
22270,42687,106896,clean_room,
22271,42687,106896,dressing_room,
22272,42687,106896,museum/indoor,
22273,42687,106896,art_gallery,
22274,42687,106896,clothing_store,
22275,42687,106920,dressing_room,
22276,42687,106920,clean_room,
22277,42687,106920,museum/indoor,
22278,42687,106920,art_gallery,
22279,42687,106920,elevator/door,
22280,42687,106944,clean_room,
22281,42687,106944,dressing_room,
22282,42687,106944,museum/indoor,
22283,42687,106944,art_gallery,
22284,42687,106944,elevator/door,
22285,42687,106968,dressing_room,
22286,42687,106968,clean_room,
22287,42687,106968,locker_room,
22288,42687,106968,museum/indoor,
22289,42687,106968,operating_room,
22290,42687,106992,dressing_room,
22291,42687,106992,clean_room,
22292,42687,106992,museum/indoor,
22293,42687,106992,clothing_store,
22294,42687,106992,shower,
22295,42687,107016,dressing_room,
22296,42687,107016,clean_room,
22297,42687,107016,clothing_store,
22298,42687,107016,museum/indoor,
22299,42687,107016,discotheque,
22300,42687,107040,dressing_room,
22301,42687,107040,clean_room,
22302,42687,107040,museum/indoor,
22303,42687,107040,clothing_store,
22304,42687,107040,beauty_salon,
22305,42687,107064,dressing_room,
22306,42687,107064,clean_room,
22307,42687,107064,museum/indoor,
22308,42687,107064,art_gallery,
22309,42687,107064,clothing_store,
22310,42687,107088,dressing_room,
22311,42687,107088,museum/indoor,
22312,42687,107088,clean_room,
22313,42687,107088,beauty_salon,
22314,42687,107088,clothing_store,
22315,42687,107112,dressing_room,
22316,42687,107112,clean_room,
22317,42687,107112,clothing_store,
22318,42687,107112,museum/indoor,
22319,42687,107112,beauty_salon,
22320,42687,107136,dressing_room,
22321,42687,107136,clean_room,
22322,42687,107136,beauty_salon,
22323,42687,107136,clothing_store,
22324,42687,107136,museum/indoor,
22325,42687,107160,dressing_room,
22326,42687,107160,clean_room,
22327,42687,107160,museum/indoor,
22328,42687,107160,art_gallery,
22329,42687,107160,archive,
22330,42687,107184,clean_room,
22331,42687,107184,dressing_room,
22332,42687,107184,museum/indoor,
22333,42687,107184,art_gallery,
22334,42687,107184,sauna,
22335,42687,107208,museum/indoor,
22336,42687,107208,clean_room,
22337,42687,107208,dressing_room,
22338,42687,107208,art_gallery,
22339,42687,107208,archive,
22340,42687,107232,staircase,
22341,42687,107232,corridor,
22342,42687,107232,clean_room,
22343,42687,107232,entrance_hall,
22344,42687,107232,elevator/door,
22345,42687,107256,entrance_hall,
22346,42687,107256,staircase,
22347,42687,107256,corridor,
22348,42687,107256,clean_room,
22349,42687,107256,atrium/public,
22350,42687,107280,clean_room,
22351,42687,107280,dressing_room,
22352,42687,107280,archive,
22353,42687,107280,locker_room,
22354,42687,107280,corridor,
22355,42687,107304,clean_room,
22356,42687,107304,dressing_room,
22357,42687,107304,locker_room,
22358,42687,107304,museum/indoor,
22359,42687,107304,operating_room,
22360,42687,107328,clean_room,
22361,42687,107328,dressing_room,
22362,42687,107328,museum/indoor,
22363,42687,107328,locker_room,
22364,42687,107328,art_gallery,
22365,42687,107352,dressing_room,
22366,42687,107352,clean_room,
22367,42687,107352,museum/indoor,
22368,42687,107352,ballroom,
22369,42687,107352,locker_room,
22370,42687,107376,dressing_room,
22371,42687,107376,discotheque,
22372,42687,107376,ballroom,
22373,42687,107376,clean_room,
22374,42687,107376,stage/indoor,
22375,42687,107400,clean_room,
22376,42687,107400,museum/indoor,
22377,42687,107400,dressing_room,
22378,42687,107400,locker_room,
22379,42687,107400,art_gallery,
22380,42687,107424,clean_room,
22381,42687,107424,museum/indoor,
22382,42687,107424,dressing_room,
22383,42687,107424,archive,
22384,42687,107424,art_gallery,
22385,42687,107448,clean_room,
22386,42687,107448,museum/indoor,
22387,42687,107448,dressing_room,
22388,42687,107448,art_gallery,
22389,42687,107448,locker_room,
22390,42687,107472,dressing_room,
22391,42687,107472,clean_room,
22392,42687,107472,locker_room,
22393,42687,107472,museum/indoor,
22394,42687,107472,sauna,
22395,42687,107496,dressing_room,
22396,42687,107496,clean_room,
22397,42687,107496,museum/indoor,
22398,42687,107496,elevator/door,
22399,42687,107496,elevator_lobby,
22400,42687,107520,clean_room,
22401,42687,107520,museum/indoor,
22402,42687,107520,operating_room,
22403,42687,107520,dressing_room,
22404,42687,107520,locker_room,
22405,42687,107544,clean_room,
22406,42687,107544,dressing_room,
22407,42687,107544,locker_room,
22408,42687,107544,clothing_store,
22409,42687,107544,chemistry_lab,
22410,42687,107568,clean_room,
22411,42687,107568,chemistry_lab,
22412,42687,107568,biology_laboratory,
22413,42687,107568,server_room,
22414,42687,107568,pharmacy,
22415,42687,107592,clean_room,
22416,42687,107592,restaurant,
22417,42687,107592,jewelry_shop,
22418,42687,107592,beauty_salon,
22419,42687,107592,chemistry_lab,
22420,42687,107616,clean_room,
22421,42687,107616,restaurant,
22422,42687,107616,archive,
22423,42687,107616,dressing_room,
22424,42687,107616,office,
22425,42687,107640,clean_room,
22426,42687,107640,restaurant,
22427,42687,107640,archive,
22428,42687,107640,music_studio,
22429,42687,107640,dressing_room,
22430,42687,107664,clean_room,
22431,42687,107664,restaurant,
22432,42687,107664,chemistry_lab,
22433,42687,107664,music_studio,
22434,42687,107664,banquet_hall,
22435,42687,107688,clean_room,
22436,42687,107688,music_studio,
22437,42687,107688,chemistry_lab,
22438,42687,107688,restaurant,
22439,42687,107688,biology_laboratory,
22440,42687,107712,clean_room,
22441,42687,107712,beauty_salon,
22442,42687,107712,biology_laboratory,
22443,42687,107712,chemistry_lab,
22444,42687,107712,coffee_shop,
22445,42687,107736,clean_room,
22446,42687,107736,chemistry_lab,
22447,42687,107736,biology_laboratory,
22448,42687,107736,physics_laboratory,
22449,42687,107736,science_museum,
22450,42687,107760,clean_room,
22451,42687,107760,chemistry_lab,
22452,42687,107760,biology_laboratory,
22453,42687,107760,dressing_room,
22454,42687,107760,beauty_salon,
22455,42687,107784,chemistry_lab,
22456,42687,107784,clean_room,
22457,42687,107784,cafeteria,
22458,42687,107784,restaurant,
22459,42687,107784,biology_laboratory,
22460,42687,107808,clean_room,
22461,42687,107808,science_museum,
22462,42687,107808,museum/indoor,
22463,42687,107808,nursery,
22464,42687,107808,natural_history_museum,
22465,42687,107832,discotheque,
22466,42687,107832,airport_terminal,
22467,42687,107832,cafeteria,
22468,42687,107832,stage/indoor,
22469,42687,107832,classroom,
22470,42687,107856,discotheque,
22471,42687,107856,dressing_room,
22472,42687,107856,kindergarden_classroom,
22473,42687,107856,beauty_salon,
22474,42687,107856,bar,
22475,42687,107880,discotheque,
22476,42687,107880,clean_room,
22477,42687,107880,stage/indoor,
22478,42687,107880,museum/indoor,
22479,42687,107880,hospital_room,
22480,42687,107904,clean_room,
22481,42687,107904,archive,
22482,42687,107904,dressing_room,
22483,42687,107904,discotheque,
22484,42687,107904,chemistry_lab,
22485,42687,107928,discotheque,
22486,42687,107928,clean_room,
22487,42687,107928,locker_room,
22488,42687,107928,dressing_room,
22489,42687,107928,hospital_room,
22490,42687,107952,dressing_room,
22491,42687,107952,clean_room,
22492,42687,107952,museum/indoor,
22493,42687,107952,archive,
22494,42687,107952,beauty_salon,
22495,42687,107976,discotheque,
22496,42687,107976,clean_room,
22497,42687,107976,kindergarden_classroom,
22498,42687,107976,hospital_room,
22499,42687,107976,classroom,
22500,42687,108000,dressing_room,
22501,42687,108000,clean_room,
22502,42687,108000,beauty_salon,
22503,42687,108000,art_studio,
22504,42687,108000,biology_laboratory,
22505,42687,108024,dressing_room,
22506,42687,108024,clean_room,
22507,42687,108024,discotheque,
22508,42687,108024,biology_laboratory,
22509,42687,108024,chemistry_lab,
22510,42687,108048,dressing_room,
22511,42687,108048,clean_room,
22512,42687,108048,discotheque,
22513,42687,108048,sauna,
22514,42687,108048,museum/indoor,
22515,42687,108072,discotheque,
22516,42687,108072,science_museum,
22517,42687,108072,museum/indoor,
22518,42687,108072,clean_room,
22519,42687,108072,stage/indoor,
22520,42687,108096,discotheque,
22521,42687,108096,dressing_room,
22522,42687,108096,clean_room,
22523,42687,108096,stage/indoor,
22524,42687,108096,locker_room,
22525,42687,108120,dressing_room,
22526,42687,108120,clean_room,
22527,42687,108120,shower,
22528,42687,108120,locker_room,
22529,42687,108120,discotheque,
22530,42687,108144,dressing_room,
22531,42687,108144,discotheque,
22532,42687,108144,clean_room,
22533,42687,108144,locker_room,
22534,42687,108144,beauty_salon,
22535,42687,108168,dressing_room,
22536,42687,108168,clean_room,
22537,42687,108168,discotheque,
22538,42687,108168,beauty_salon,
22539,42687,108168,clothing_store,
22540,42687,108192,discotheque,
22541,42687,108192,archive,
22542,42687,108192,dressing_room,
22543,42687,108192,clean_room,
22544,42687,108192,bar,
22545,42687,108216,dressing_room,
22546,42687,108216,clean_room,
22547,42687,108216,clothing_store,
22548,42687,108216,discotheque,
22549,42687,108216,locker_room,
22550,42687,108240,clean_room,
22551,42687,108240,discotheque,
22552,42687,108240,dressing_room,
22553,42687,108240,stage/indoor,
22554,42687,108240,locker_room,
22555,42687,108264,dressing_room,
22556,42687,108264,ballroom,
22557,42687,108264,discotheque,
22558,42687,108264,locker_room,
22559,42687,108264,stage/indoor,
22560,42687,108288,dressing_room,
22561,42687,108288,clean_room,
22562,42687,108288,shower,
22563,42687,108288,hospital_room,
22564,42687,108288,discotheque,
22565,42687,108312,dressing_room,
22566,42687,108312,clean_room,
22567,42687,108312,discotheque,
22568,42687,108312,beauty_salon,
22569,42687,108312,shower,
22570,42687,108336,clean_room,
22571,42687,108336,hospital_room,
22572,42687,108336,ballroom,
22573,42687,108336,stage/indoor,
22574,42687,108336,discotheque,
22575,42687,108360,dressing_room,
22576,42687,108360,clean_room,
22577,42687,108360,discotheque,
22578,42687,108360,ballroom,
22579,42687,108360,hospital_room,
22580,42687,108384,dressing_room,
22581,42687,108384,clean_room,
22582,42687,108384,discotheque,
22583,42687,108384,martial_arts_gym,
22584,42687,108384,ballroom,
22585,42687,108408,discotheque,
22586,42687,108408,clean_room,
22587,42687,108408,martial_arts_gym,
22588,42687,108408,dressing_room,
22589,42687,108408,hospital_room,
22590,42687,108432,dressing_room,
22591,42687,108432,clean_room,
22592,42687,108432,discotheque,
22593,42687,108432,locker_room,
22594,42687,108432,shower,
22595,42687,108456,clean_room,
22596,42687,108456,discotheque,
22597,42687,108456,dressing_room,
22598,42687,108456,stage/indoor,
22599,42687,108456,chemistry_lab,
22600,42687,108480,stage/indoor,
22601,42687,108480,discotheque,
22602,42687,108480,clean_room,
22603,42687,108480,dressing_room,
22604,42687,108480,museum/indoor,
22605,42687,108504,dressing_room,
22606,42687,108504,clean_room,
22607,42687,108504,hospital_room,
22608,42687,108504,locker_room,
22609,42687,108504,elevator/door,
22610,42687,108528,clean_room,
22611,42687,108528,hospital_room,
22612,42687,108528,locker_room,
22613,42687,108528,operating_room,
22614,42687,108528,discotheque,
22615,42687,108552,discotheque,
22616,42687,108552,clean_room,
22617,42687,108552,martial_arts_gym,
22618,42687,108552,dressing_room,
22619,42687,108552,locker_room,
22620,42687,108576,dressing_room,
22621,42687,108576,clean_room,
22622,42687,108576,discotheque,
22623,42687,108576,beauty_salon,
22624,42687,108576,chemistry_lab,
22625,42687,108600,dressing_room,
22626,42687,108600,clean_room,
22627,42687,108600,art_gallery,
22628,42687,108600,locker_room,
22629,42687,108600,clothing_store,
22630,42687,108624,clean_room,
22631,42687,108624,dressing_room,
22632,42687,108624,discotheque,
22633,42687,108624,museum/indoor,
22634,42687,108624,hospital_room,
22635,42687,108648,dressing_room,
22636,42687,108648,clean_room,
22637,42687,108648,locker_room,
22638,42687,108648,hospital_room,
22639,42687,108648,operating_room,
22640,42687,108672,nursery,
22641,42687,108672,clean_room,
22642,42687,108672,kindergarden_classroom,
22643,42687,108672,sauna,
22644,42687,108672,hospital_room,
22645,42687,108696,nursery,
22646,42687,108696,clean_room,
22647,42687,108696,kindergarden_classroom,
22648,42687,108696,hospital_room,
22649,42687,108696,classroom,
22650,42687,108720,clean_room,
22651,42687,108720,nursery,
22652,42687,108720,kindergarden_classroom,
22653,42687,108720,dressing_room,
22654,42687,108720,classroom,
22655,42687,108744,clean_room,
22656,42687,108744,nursery,
22657,42687,108744,dressing_room,
22658,42687,108744,kindergarden_classroom,
22659,42687,108744,hospital_room,
22660,42687,108768,clean_room,
22661,42687,108768,nursery,
22662,42687,108768,kindergarden_classroom,
22663,42687,108768,dressing_room,
22664,42687,108768,hospital_room,
22665,42687,108792,clean_room,
22666,42687,108792,nursery,
22667,42687,108792,dressing_room,
22668,42687,108792,sauna,
22669,42687,108792,kindergarden_classroom,
22670,42687,108816,clean_room,
22671,42687,108816,nursery,
22672,42687,108816,dressing_room,
22673,42687,108816,sauna,
22674,42687,108816,hospital_room,
22675,42687,108840,clean_room,
22676,42687,108840,nursery,
22677,42687,108840,dressing_room,
22678,42687,108840,hospital_room,
22679,42687,108840,playroom,
22680,42687,108864,clean_room,
22681,42687,108864,nursery,
22682,42687,108864,dressing_room,
22683,42687,108864,hospital_room,
22684,42687,108864,operating_room,
22685,42687,108888,clean_room,
22686,42687,108888,nursery,
22687,42687,108888,hospital_room,
22688,42687,108888,dressing_room,
22689,42687,108888,operating_room,
22690,42687,108912,nursery,
22691,42687,108912,clean_room,
22692,42687,108912,sauna,
22693,42687,108912,dressing_room,
22694,42687,108912,kindergarden_classroom,
22695,42687,108936,nursery,
22696,42687,108936,sauna,
22697,42687,108936,playroom,
22698,42687,108936,dressing_room,
22699,42687,108936,clean_room,
22700,42687,108960,sauna,
22701,42687,108960,nursery,
22702,42687,108960,dressing_room,
22703,42687,108960,playroom,
22704,42687,108960,clean_room,
22705,42687,108984,clean_room,
22706,42687,108984,sauna,
22707,42687,108984,nursery,
22708,42687,108984,dressing_room,
22709,42687,108984,hospital_room,
22710,42687,109008,clean_room,
22711,42687,109008,nursery,
22712,42687,109008,sauna,
22713,42687,109008,dressing_room,
22714,42687,109008,hospital_room,
22715,42687,109032,discotheque,
22716,42687,109032,dressing_room,
22717,42687,109032,clean_room,
22718,42687,109032,stage/indoor,
22719,42687,109032,ballroom,
22720,42687,109056,discotheque,
22721,42687,109056,dressing_room,
22722,42687,109056,sauna,
22723,42687,109056,shower,
22724,42687,109056,clean_room,
22725,42687,109080,dressing_room,
22726,42687,109080,discotheque,
22727,42687,109080,clean_room,
22728,42687,109080,sauna,
22729,42687,109080,museum/indoor,
22730,42687,109104,dressing_room,
22731,42687,109104,discotheque,
22732,42687,109104,shower,
22733,42687,109104,clean_room,
22734,42687,109104,ballroom,
22735,42687,109128,dressing_room,
22736,42687,109128,discotheque,
22737,42687,109128,ballroom,
22738,42687,109128,stage/indoor,
22739,42687,109128,clean_room,
22740,42687,109152,dressing_room,
22741,42687,109152,clean_room,
22742,42687,109152,hospital_room,
22743,42687,109152,beauty_salon,
22744,42687,109152,discotheque,
22745,42687,109176,clean_room,
22746,42687,109176,dressing_room,
22747,42687,109176,beauty_salon,
22748,42687,109176,hospital_room,
22749,42687,109176,discotheque,
22750,42687,109200,dressing_room,
22751,42687,109200,clean_room,
22752,42687,109200,discotheque,
22753,42687,109200,museum/indoor,
22754,42687,109200,stage/indoor,
22755,42687,109224,clean_room,
22756,42687,109224,discotheque,
22757,42687,109224,dressing_room,
22758,42687,109224,museum/indoor,
22759,42687,109224,shower,
22760,42687,109248,clean_room,
22761,42687,109248,dressing_room,
22762,42687,109248,operating_room,
22763,42687,109248,hospital_room,
22764,42687,109248,chemistry_lab,
22765,42687,109272,dressing_room,
22766,42687,109272,clean_room,
22767,42687,109272,discotheque,
22768,42687,109272,locker_room,
22769,42687,109272,martial_arts_gym,
22770,42687,109296,locker_room,
22771,42687,109296,clean_room,
22772,42687,109296,dressing_room,
22773,42687,109296,discotheque,
22774,42687,109296,elevator/door,
22775,42687,109320,dressing_room,
22776,42687,109320,locker_room,
22777,42687,109320,sauna,
22778,42687,109320,discotheque,
22779,42687,109320,ballroom,
22780,42687,109344,dressing_room,
22781,42687,109344,locker_room,
22782,42687,109344,clean_room,
22783,42687,109344,sauna,
22784,42687,109344,discotheque,
22785,42687,109368,clean_room,
22786,42687,109368,dressing_room,
22787,42687,109368,locker_room,
22788,42687,109368,shower,
22789,42687,109368,elevator/door,
22790,42687,109392,clean_room,
22791,42687,109392,dressing_room,
22792,42687,109392,locker_room,
22793,42687,109392,hospital_room,
22794,42687,109392,operating_room,
22795,42687,109416,clean_room,
22796,42687,109416,dressing_room,
22797,42687,109416,discotheque,
22798,42687,109416,hospital_room,
22799,42687,109416,beauty_salon,
22800,42687,109440,dressing_room,
22801,42687,109440,shower,
22802,42687,109440,sauna,
22803,42687,109440,clean_room,
22804,42687,109440,elevator/door,
22805,42687,109464,dressing_room,
22806,42687,109464,clean_room,
22807,42687,109464,locker_room,
22808,42687,109464,discotheque,
22809,42687,109464,hospital_room,
22810,42687,109488,discotheque,
22811,42687,109488,dressing_room,
22812,42687,109488,stage/indoor,
22813,42687,109488,clean_room,
22814,42687,109488,ballroom,
22815,42687,109512,discotheque,
22816,42687,109512,clean_room,
22817,42687,109512,dressing_room,
22818,42687,109512,operating_room,
22819,42687,109512,hospital_room,
22820,42687,109536,discotheque,
22821,42687,109536,clean_room,
22822,42687,109536,dressing_room,
22823,42687,109536,locker_room,
22824,42687,109536,shower,
22825,42687,109560,discotheque,
22826,42687,109560,shower,
22827,42687,109560,clean_room,
22828,42687,109560,bathroom,
22829,42687,109560,dressing_room,
22830,42687,109584,discotheque,
22831,42687,109584,clean_room,
22832,42687,109584,dressing_room,
22833,42687,109584,shower,
22834,42687,109584,stage/indoor,
22835,42687,109608,clean_room,
22836,42687,109608,discotheque,
22837,42687,109608,dressing_room,
22838,42687,109608,museum/indoor,
22839,42687,109608,stage/indoor,
22840,42687,109632,discotheque,
22841,42687,109632,clean_room,
22842,42687,109632,dressing_room,
22843,42687,109632,hospital_room,
22844,42687,109632,museum/indoor,
22845,42687,109656,dressing_room,
22846,42687,109656,archive,
22847,42687,109656,sauna,
22848,42687,109656,beauty_salon,
22849,42687,109656,clean_room,
22850,42687,109680,dressing_room,
22851,42687,109680,sauna,
22852,42687,109680,archive,
22853,42687,109680,beauty_salon,
22854,42687,109680,clean_room,
22855,42687,109704,dressing_room,
22856,42687,109704,sauna,
22857,42687,109704,shower,
22858,42687,109704,archive,
22859,42687,109704,beauty_salon,
22860,42687,109728,dressing_room,
22861,42687,109728,sauna,
22862,42687,109728,nursery,
22863,42687,109728,archive,
22864,42687,109728,clean_room,
22865,42687,109752,dressing_room,
22866,42687,109752,archive,
22867,42687,109752,nursery,
22868,42687,109752,sauna,
22869,42687,109752,clean_room,
22870,42687,109776,dressing_room,
22871,42687,109776,nursery,
22872,42687,109776,childs_room,
22873,42687,109776,archive,
22874,42687,109776,sauna,
22875,42687,109800,dressing_room,
22876,42687,109800,nursery,
22877,42687,109800,sauna,
22878,42687,109800,childs_room,
22879,42687,109800,archive,
22880,42687,109824,dressing_room,
22881,42687,109824,clean_room,
22882,42687,109824,archive,
22883,42687,109824,sauna,
22884,42687,109824,hospital_room,
22885,42687,109848,dressing_room,
22886,42687,109848,clean_room,
22887,42687,109848,archive,
22888,42687,109848,sauna,
22889,42687,109848,hospital_room,
22890,42687,109872,dressing_room,
22891,42687,109872,clean_room,
22892,42687,109872,archive,
22893,42687,109872,sauna,
22894,42687,109872,chemistry_lab,
22895,42687,109896,dressing_room,
22896,42687,109896,archive,
22897,42687,109896,clean_room,
22898,42687,109896,sauna,
22899,42687,109896,nursery,
22900,42687,109920,dressing_room,
22901,42687,109920,sauna,
22902,42687,109920,clean_room,
22903,42687,109920,nursery,
22904,42687,109920,hospital_room,
22905,42687,109944,dressing_room,
22906,42687,109944,clean_room,
22907,42687,109944,nursery,
22908,42687,109944,sauna,
22909,42687,109944,hospital_room,
22910,42687,109968,dressing_room,
22911,42687,109968,sauna,
22912,42687,109968,clean_room,
22913,42687,109968,archive,
22914,42687,109968,nursery,
22915,42687,109992,dressing_room,
22916,42687,109992,sauna,
22917,42687,109992,clean_room,
22918,42687,109992,nursery,
22919,42687,109992,childs_room,
22920,42687,110016,dressing_room,
22921,42687,110016,sauna,
22922,42687,110016,clean_room,
22923,42687,110016,nursery,
22924,42687,110016,archive,
22925,42687,110040,dressing_room,
22926,42687,110040,archive,
22927,42687,110040,nursery,
22928,42687,110040,clean_room,
22929,42687,110040,sauna,
22930,42687,110064,dressing_room,
22931,42687,110064,museum/indoor,
22932,42687,110064,discotheque,
22933,42687,110064,clean_room,
22934,42687,110064,science_museum,
22935,42687,110088,dressing_room,
22936,42687,110088,clean_room,
22937,42687,110088,locker_room,
22938,42687,110088,discotheque,
22939,42687,110088,beauty_salon,
22940,42687,110112,clean_room,
22941,42687,110112,dressing_room,
22942,42687,110112,locker_room,
22943,42687,110112,museum/indoor,
22944,42687,110112,shower,
22945,42687,110136,dressing_room,
22946,42687,110136,discotheque,
22947,42687,110136,clean_room,
22948,42687,110136,stage/indoor,
22949,42687,110136,museum/indoor,
22950,42687,110160,dressing_room,
22951,42687,110160,clean_room,
22952,42687,110160,art_gallery,
22953,42687,110160,museum/indoor,
22954,42687,110160,science_museum,
22955,42687,110184,dressing_room,
22956,42687,110184,clean_room,
22957,42687,110184,locker_room,
22958,42687,110184,sauna,
22959,42687,110184,discotheque,
22960,42687,110208,clean_room,
22961,42687,110208,dressing_room,
22962,42687,110208,museum/indoor,
22963,42687,110208,art_gallery,
22964,42687,110208,science_museum,
22965,42687,110232,clean_room,
22966,42687,110232,dressing_room,
22967,42687,110232,museum/indoor,
22968,42687,110232,art_gallery,
22969,42687,110232,martial_arts_gym,
22970,42687,110256,clean_room,
22971,42687,110256,dressing_room,
22972,42687,110256,museum/indoor,
22973,42687,110256,art_gallery,
22974,42687,110256,locker_room,
22975,42687,110280,clean_room,
22976,42687,110280,dressing_room,
22977,42687,110280,locker_room,
22978,42687,110280,museum/indoor,
22979,42687,110280,art_gallery,
22980,42687,110304,clean_room,
22981,42687,110304,dressing_room,
22982,42687,110304,museum/indoor,
22983,42687,110304,discotheque,
22984,42687,110304,operating_room,
22985,42687,110328,discotheque,
22986,42687,110328,dressing_room,
22987,42687,110328,hospital_room,
22988,42687,110328,clean_room,
22989,42687,110328,stage/indoor,
22990,42687,110352,clean_room,
22991,42687,110352,discotheque,
22992,42687,110352,dressing_room,
22993,42687,110352,hospital_room,
22994,42687,110352,stage/indoor,
22995,42687,110376,discotheque,
22996,42687,110376,clean_room,
22997,42687,110376,museum/indoor,
22998,42687,110376,stage/indoor,
22999,42687,110376,dressing_room,
23000,42687,110400,dressing_room,
23001,42687,110400,discotheque,
23002,42687,110400,clean_room,
23003,42687,110400,stage/indoor,
23004,42687,110400,museum/indoor,
23005,42687,110424,discotheque,
23006,42687,110424,dressing_room,
23007,42687,110424,clean_room,
23008,42687,110424,museum/indoor,
23009,42687,110424,stage/indoor,
23010,42687,110448,discotheque,
23011,42687,110448,dressing_room,
23012,42687,110448,stage/indoor,
23013,42687,110448,sauna,
23014,42687,110448,museum/indoor,
23015,42687,110472,discotheque,
23016,42687,110472,clean_room,
23017,42687,110472,dressing_room,
23018,42687,110472,stage/indoor,
23019,42687,110472,museum/indoor,
23020,42687,110496,clean_room,
23021,42687,110496,dressing_room,
23022,42687,110496,discotheque,
23023,42687,110496,hospital_room,
23024,42687,110496,operating_room,
23025,42687,110520,museum/indoor,
23026,42687,110520,dressing_room,
23027,42687,110520,clean_room,
23028,42687,110520,discotheque,
23029,42687,110520,stage/indoor,
23030,42687,110544,dressing_room,
23031,42687,110544,discotheque,
23032,42687,110544,museum/indoor,
23033,42687,110544,clean_room,
23034,42687,110544,stage/indoor,
23035,42687,110568,clean_room,
23036,42687,110568,dressing_room,
23037,42687,110568,discotheque,
23038,42687,110568,stage/indoor,
23039,42687,110568,music_studio,
23040,42687,110592,dressing_room,
23041,42687,110592,discotheque,
23042,42687,110592,clean_room,
23043,42687,110592,museum/indoor,
23044,42687,110592,stage/indoor,
23045,42687,110616,dressing_room,
23046,42687,110616,discotheque,
23047,42687,110616,clean_room,
23048,42687,110616,beauty_salon,
23049,42687,110616,hospital_room,
23050,42687,110640,dressing_room,
23051,42687,110640,clean_room,
23052,42687,110640,discotheque,
23053,42687,110640,hospital_room,
23054,42687,110640,beauty_salon,
23055,42687,110664,discotheque,
23056,42687,110664,clean_room,
23057,42687,110664,dressing_room,
23058,42687,110664,operating_room,
23059,42687,110664,boxing_ring,
23060,42687,110688,martial_arts_gym,
23061,42687,110688,discotheque,
23062,42687,110688,clean_room,
23063,42687,110688,dressing_room,
23064,42687,110688,boxing_ring,
23065,42687,110712,discotheque,
23066,42687,110712,stage/indoor,
23067,42687,110712,clean_room,
23068,42687,110712,dressing_room,
23069,42687,110712,ballroom,
23070,42687,110736,discotheque,
23071,42687,110736,clean_room,
23072,42687,110736,dressing_room,
23073,42687,110736,beauty_salon,
23074,42687,110736,martial_arts_gym,
23075,42687,110760,martial_arts_gym,
23076,42687,110760,locker_room,
23077,42687,110760,discotheque,
23078,42687,110760,gymnasium/indoor,
23079,42687,110760,boxing_ring,
23080,42687,110784,clean_room,
23081,42687,110784,discotheque,
23082,42687,110784,operating_room,
23083,42687,110784,hospital_room,
23084,42687,110784,stage/indoor,
23085,42687,110808,bookstore,
23086,42687,110808,server_room,
23087,42687,110808,coffee_shop,
23088,42687,110808,locker_room,
23089,42687,110808,bar,
23090,42687,110832,clean_room,
23091,42687,110832,chemistry_lab,
23092,42687,110832,elevator/door,
23093,42687,110832,biology_laboratory,
23094,42687,110832,shower,
23095,42687,110856,shower,
23096,42687,110856,bow_window/indoor,
23097,42687,110856,elevator_shaft,
23098,42687,110856,elevator/door,
23099,42687,110856,server_room,
23100,42687,110880,server_room,
23101,42687,110880,bow_window/indoor,
23102,42687,110880,skyscraper,
23103,42687,110880,office_building,
23104,42687,110880,elevator/door,
23105,42687,110904,bow_window/indoor,
23106,42687,110904,doorway/outdoor,
23107,42687,110904,elevator/door,
23108,42687,110904,jail_cell,
23109,42687,110904,shower,
23110,42687,110928,bow_window/indoor,
23111,42687,110928,doorway/outdoor,
23112,42687,110928,elevator/door,
23113,42687,110928,closet,
23114,42687,110928,shower,
23115,42687,110952,bow_window/indoor,
23116,42687,110952,doorway/outdoor,
23117,42687,110952,shower,
23118,42687,110952,elevator/door,
23119,42687,110952,archive,
23120,42687,110976,shower,
23121,42687,110976,bathroom,
23122,42687,110976,bow_window/indoor,
23123,42687,110976,clean_room,
23124,42687,110976,sauna,
23125,42687,111000,shower,
23126,42687,111000,bathroom,
23127,42687,111000,clean_room,
23128,42687,111000,bow_window/indoor,
23129,42687,111000,sauna,
23130,42687,111024,shower,
23131,42687,111024,closet,
23132,42687,111024,server_room,
23133,42687,111024,elevator/door,
23134,42687,111024,doorway/outdoor,
23135,42687,111048,shower,
23136,42687,111048,server_room,
23137,42687,111048,closet,
23138,42687,111048,elevator/door,
23139,42687,111048,doorway/outdoor,
23140,42687,111072,shower,
23141,42687,111072,doorway/outdoor,
23142,42687,111072,bow_window/indoor,
23143,42687,111072,closet,
23144,42687,111072,elevator/door,
23145,42687,111096,doorway/outdoor,
23146,42687,111096,elevator/door,
23147,42687,111096,bow_window/indoor,
23148,42687,111096,server_room,
23149,42687,111096,closet,
23150,42687,111120,shower,
23151,42687,111120,bow_window/indoor,
23152,42687,111120,bathroom,
23153,42687,111120,clean_room,
23154,42687,111120,sauna,
23155,42687,111144,shower,
23156,42687,111144,clean_room,
23157,42687,111144,bathroom,
23158,42687,111144,dressing_room,
23159,42687,111144,sauna,
23160,42687,111168,clean_room,
23161,42687,111168,shower,
23162,42687,111168,dressing_room,
23163,42687,111168,bathroom,
23164,42687,111168,sauna,
23165,42687,111192,clean_room,
23166,42687,111192,dressing_room,
23167,42687,111192,shower,
23168,42687,111192,bathroom,
23169,42687,111192,elevator_lobby,
23170,42687,111216,clean_room,
23171,42687,111216,dressing_room,
23172,42687,111216,shower,
23173,42687,111216,bathroom,
23174,42687,111216,bow_window/indoor,
23175,42687,111240,clean_room,
23176,42687,111240,dressing_room,
23177,42687,111240,shower,
23178,42687,111240,locker_room,
23179,42687,111240,bathroom,
23180,42687,111264,clean_room,
23181,42687,111264,shower,
23182,42687,111264,bathroom,
23183,42687,111264,dressing_room,
23184,42687,111264,sauna,
23185,42687,111288,clean_room,
23186,42687,111288,shower,
23187,42687,111288,bathroom,
23188,42687,111288,dressing_room,
23189,42687,111288,sauna,
23190,42687,111312,dressing_room,
23191,42687,111312,clean_room,
23192,42687,111312,shower,
23193,42687,111312,bathroom,
23194,42687,111312,sauna,
23195,42687,111336,elevator/door,
23196,42687,111336,bow_window/indoor,
23197,42687,111336,shower,
23198,42687,111336,server_room,
23199,42687,111336,clean_room,
23200,42687,111360,clean_room,
23201,42687,111360,bow_window/indoor,
23202,42687,111360,sauna,
23203,42687,111360,locker_room,
23204,42687,111360,dressing_room,
23205,42687,111384,clean_room,
23206,42687,111384,dressing_room,
23207,42687,111384,bow_window/indoor,
23208,42687,111384,sauna,
23209,42687,111384,closet,
23210,42687,111408,clean_room,
23211,42687,111408,bow_window/indoor,
23212,42687,111408,sauna,
23213,42687,111408,shower,
23214,42687,111408,dressing_room,
23215,42687,111432,clean_room,
23216,42687,111432,bow_window/indoor,
23217,42687,111432,sauna,
23218,42687,111432,dressing_room,
23219,42687,111432,shower,
23220,42687,111456,clean_room,
23221,42687,111456,sauna,
23222,42687,111456,bow_window/indoor,
23223,42687,111456,dressing_room,
23224,42687,111456,shower,
23225,42687,111480,clean_room,
23226,42687,111480,bow_window/indoor,
23227,42687,111480,dressing_room,
23228,42687,111480,closet,
23229,42687,111480,sauna,
23230,42687,111504,clean_room,
23231,42687,111504,bow_window/indoor,
23232,42687,111504,shower,
23233,42687,111504,dressing_room,
23234,42687,111504,sauna,
23235,42687,111528,clean_room,
23236,42687,111528,sauna,
23237,42687,111528,bow_window/indoor,
23238,42687,111528,dressing_room,
23239,42687,111528,shower,
23240,42687,111552,clean_room,
23241,42687,111552,bow_window/indoor,
23242,42687,111552,sauna,
23243,42687,111552,dressing_room,
23244,42687,111552,shower,
23245,42687,111576,clean_room,
23246,42687,111576,bow_window/indoor,
23247,42687,111576,sauna,
23248,42687,111576,dressing_room,
23249,42687,111576,shower,
23250,42687,111600,clean_room,
23251,42687,111600,bow_window/indoor,
23252,42687,111600,sauna,
23253,42687,111600,dressing_room,
23254,42687,111600,shower,
23255,42687,111624,clean_room,
23256,42687,111624,bow_window/indoor,
23257,42687,111624,dressing_room,
23258,42687,111624,sauna,
23259,42687,111624,shower,
23260,42687,111648,clean_room,
23261,42687,111648,bow_window/indoor,
23262,42687,111648,sauna,
23263,42687,111648,dressing_room,
23264,42687,111648,shower,
23265,42687,111672,clean_room,
23266,42687,111672,bow_window/indoor,
23267,42687,111672,shower,
23268,42687,111672,dressing_room,
23269,42687,111672,sauna,
23270,42687,111696,clean_room,
23271,42687,111696,dressing_room,
23272,42687,111696,bow_window/indoor,
23273,42687,111696,shower,
23274,42687,111696,closet,
23275,42687,111720,bow_window/indoor,
23276,42687,111720,clean_room,
23277,42687,111720,shower,
23278,42687,111720,dressing_room,
23279,42687,111720,closet,
23280,42687,111744,clean_room,
23281,42687,111744,bow_window/indoor,
23282,42687,111744,shower,
23283,42687,111744,sauna,
23284,42687,111744,dressing_room,
23285,42687,111768,clean_room,
23286,42687,111768,bow_window/indoor,
23287,42687,111768,sauna,
23288,42687,111768,dressing_room,
23289,42687,111768,shower,
23290,42687,111792,clean_room,
23291,42687,111792,bow_window/indoor,
23292,42687,111792,sauna,
23293,42687,111792,dressing_room,
23294,42687,111792,shower,
23295,42687,111816,sauna,
23296,42687,111816,bow_window/indoor,
23297,42687,111816,shower,
23298,42687,111816,clean_room,
23299,42687,111816,closet,
23300,42687,111840,clean_room,
23301,42687,111840,bow_window/indoor,
23302,42687,111840,shower,
23303,42687,111840,sauna,
23304,42687,111840,locker_room,
23305,42687,111864,bow_window/indoor,
23306,42687,111864,clean_room,
23307,42687,111864,shower,
23308,42687,111864,atrium/public,
23309,42687,111864,archive,
23310,42687,111888,shower,
23311,42687,111888,art_gallery,
23312,42687,111888,museum/indoor,
23313,42687,111888,clean_room,
23314,42687,111888,bow_window/indoor,
23315,42687,111912,shower,
23316,42687,111912,clean_room,
23317,42687,111912,museum/indoor,
23318,42687,111912,skyscraper,
23319,42687,111912,water_tower,
23320,42687,111936,clean_room,
23321,42687,111936,museum/indoor,
23322,42687,111936,shower,
23323,42687,111936,art_gallery,
23324,42687,111936,bow_window/indoor,
23325,42687,111960,clean_room,
23326,42687,111960,museum/indoor,
23327,42687,111960,shower,
23328,42687,111960,art_gallery,
23329,42687,111960,bow_window/indoor,
23330,42687,111984,clean_room,
23331,42687,111984,museum/indoor,
23332,42687,111984,art_gallery,
23333,42687,111984,shower,
23334,42687,111984,bow_window/indoor,
23335,42687,112008,clean_room,
23336,42687,112008,museum/indoor,
23337,42687,112008,shower,
23338,42687,112008,art_gallery,
23339,42687,112008,bow_window/indoor,
23340,42687,112032,clean_room,
23341,42687,112032,museum/indoor,
23342,42687,112032,art_gallery,
23343,42687,112032,shower,
23344,42687,112032,bow_window/indoor,
23345,42687,112056,clean_room,
23346,42687,112056,museum/indoor,
23347,42687,112056,shower,
23348,42687,112056,art_gallery,
23349,42687,112056,bow_window/indoor,
23350,42687,112080,museum/indoor,
23351,42687,112080,shower,
23352,42687,112080,clean_room,
23353,42687,112080,art_gallery,
23354,42687,112080,bow_window/indoor,
23355,42687,112104,shower,
23356,42687,112104,clean_room,
23357,42687,112104,museum/indoor,
23358,42687,112104,bow_window/indoor,
23359,42687,112104,jail_cell,
23360,42687,112128,clean_room,
23361,42687,112128,museum/indoor,
23362,42687,112128,shower,
23363,42687,112128,art_gallery,
23364,42687,112128,bow_window/indoor,
23365,42687,112152,clean_room,
23366,42687,112152,shower,
23367,42687,112152,museum/indoor,
23368,42687,112152,bow_window/indoor,
23369,42687,112152,art_gallery,
23370,42687,112176,clean_room,
23371,42687,112176,shower,
23372,42687,112176,museum/indoor,
23373,42687,112176,closet,
23374,42687,112176,bow_window/indoor,
23375,42687,112200,clean_room,
23376,42687,112200,stage/indoor,
23377,42687,112200,discotheque,
23378,42687,112200,music_studio,
23379,42687,112200,museum/indoor,
23380,42687,112224,clean_room,
23381,42687,112224,stage/indoor,
23382,42687,112224,discotheque,
23383,42687,112224,museum/indoor,
23384,42687,112224,music_studio,
23385,42687,112248,clean_room,
23386,42687,112248,stage/indoor,
23387,42687,112248,discotheque,
23388,42687,112248,museum/indoor,
23389,42687,112248,bow_window/indoor,
23390,42687,112272,clean_room,
23391,42687,112272,stage/indoor,
23392,42687,112272,discotheque,
23393,42687,112272,museum/indoor,
23394,42687,112272,music_studio,
23395,42687,112296,clean_room,
23396,42687,112296,museum/indoor,
23397,42687,112296,stage/indoor,
23398,42687,112296,bow_window/indoor,
23399,42687,112296,discotheque,
23400,42687,112320,clean_room,
23401,42687,112320,stage/indoor,
23402,42687,112320,discotheque,
23403,42687,112320,dressing_room,
23404,42687,112320,museum/indoor,
23405,42687,112344,clean_room,
23406,42687,112344,museum/indoor,
23407,42687,112344,stage/indoor,
23408,42687,112344,nursery,
23409,42687,112344,discotheque,
23410,42687,112368,clean_room,
23411,42687,112368,elevator/door,
23412,42687,112368,closet,
23413,42687,112368,stage/indoor,
23414,42687,112368,bow_window/indoor,
23415,42687,112392,clean_room,
23416,42687,112392,shower,
23417,42687,112392,museum/indoor,
23418,42687,112392,dressing_room,
23419,42687,112392,chemistry_lab,
23420,42687,112416,clean_room,
23421,42687,112416,shower,
23422,42687,112416,chemistry_lab,
23423,42687,112416,dressing_room,
23424,42687,112416,museum/indoor,
23425,42687,112440,clean_room,
23426,42687,112440,dressing_room,
23427,42687,112440,locker_room,
23428,42687,112440,discotheque,
23429,42687,112440,ballroom,
23430,42687,112464,dressing_room,
23431,42687,112464,clean_room,
23432,42687,112464,clothing_store,
23433,42687,112464,museum/indoor,
23434,42687,112464,discotheque,
23435,42687,112488,dressing_room,
23436,42687,112488,clean_room,
23437,42687,112488,discotheque,
23438,42687,112488,shower,
23439,42687,112488,clothing_store,
23440,42687,112512,clean_room,
23441,42687,112512,dressing_room,
23442,42687,112512,clothing_store,
23443,42687,112512,museum/indoor,
23444,42687,112512,discotheque,
23445,42687,112536,clean_room,
23446,42687,112536,dressing_room,
23447,42687,112536,discotheque,
23448,42687,112536,shower,
23449,42687,112536,elevator/door,
23450,42687,112560,dressing_room,
23451,42687,112560,museum/indoor,
23452,42687,112560,clean_room,
23453,42687,112560,art_gallery,
23454,42687,112560,discotheque,
23455,42687,112584,dressing_room,
23456,42687,112584,museum/indoor,
23457,42687,112584,discotheque,
23458,42687,112584,clean_room,
23459,42687,112584,art_gallery,
23460,42687,112608,dressing_room,
23461,42687,112608,museum/indoor,
23462,42687,112608,discotheque,
23463,42687,112608,stage/indoor,
23464,42687,112608,ballroom,
23465,42687,112632,dressing_room,
23466,42687,112632,museum/indoor,
23467,42687,112632,clean_room,
23468,42687,112632,discotheque,
23469,42687,112632,art_gallery,
23470,42687,112656,dressing_room,
23471,42687,112656,museum/indoor,
23472,42687,112656,discotheque,
23473,42687,112656,art_gallery,
23474,42687,112656,stage/indoor,
23475,42687,112680,dressing_room,
23476,42687,112680,clean_room,
23477,42687,112680,museum/indoor,
23478,42687,112680,discotheque,
23479,42687,112680,stage/indoor,
23480,42687,112704,dressing_room,
23481,42687,112704,clean_room,
23482,42687,112704,discotheque,
23483,42687,112704,locker_room,
23484,42687,112704,stage/indoor,
23485,42687,112728,dressing_room,
23486,42687,112728,clean_room,
23487,42687,112728,discotheque,
23488,42687,112728,museum/indoor,
23489,42687,112728,stage/indoor,
23490,42687,112752,dressing_room,
23491,42687,112752,discotheque,
23492,42687,112752,clean_room,
23493,42687,112752,nursing_home,
23494,42687,112752,locker_room,
23495,42687,112776,dressing_room,
23496,42687,112776,clean_room,
23497,42687,112776,discotheque,
23498,42687,112776,museum/indoor,
23499,42687,112776,nursing_home,
23500,42687,112800,clean_room,
23501,42687,112800,dressing_room,
23502,42687,112800,martial_arts_gym,
23503,42687,112800,hospital_room,
23504,42687,112800,operating_room,
23505,42687,112824,clean_room,
23506,42687,112824,dressing_room,
23507,42687,112824,martial_arts_gym,
23508,42687,112824,operating_room,
23509,42687,112824,hospital_room,
23510,42687,112848,clean_room,
23511,42687,112848,dressing_room,
23512,42687,112848,locker_room,
23513,42687,112848,hospital_room,
23514,42687,112848,martial_arts_gym,
23515,42687,112872,clean_room,
23516,42687,112872,dressing_room,
23517,42687,112872,locker_room,
23518,42687,112872,hospital_room,
23519,42687,112872,discotheque,
23520,42687,112896,dressing_room,
23521,42687,112896,clean_room,
23522,42687,112896,locker_room,
23523,42687,112896,discotheque,
23524,42687,112896,hospital_room,
23525,42687,112920,dressing_room,
23526,42687,112920,clean_room,
23527,42687,112920,discotheque,
23528,42687,112920,locker_room,
23529,42687,112920,beauty_salon,
23530,42687,112944,dressing_room,
23531,42687,112944,clean_room,
23532,42687,112944,locker_room,
23533,42687,112944,discotheque,
23534,42687,112944,clothing_store,
23535,42687,112968,clean_room,
23536,42687,112968,dressing_room,
23537,42687,112968,museum/indoor,
23538,42687,112968,martial_arts_gym,
23539,42687,112968,stage/indoor,
23540,42687,112992,clean_room,
23541,42687,112992,dressing_room,
23542,42687,112992,clothing_store,
23543,42687,112992,hospital_room,
23544,42687,112992,operating_room,
23545,42687,113016,clean_room,
23546,42687,113016,dressing_room,
23547,42687,113016,discotheque,
23548,42687,113016,stage/indoor,
23549,42687,113016,museum/indoor,
23550,42687,113040,clean_room,
23551,42687,113040,dressing_room,
23552,42687,113040,discotheque,
23553,42687,113040,clothing_store,
23554,42687,113040,hospital_room,
23555,42687,113064,clean_room,
23556,42687,113064,dressing_room,
23557,42687,113064,hospital_room,
23558,42687,113064,clothing_store,
23559,42687,113064,locker_room,
23560,42687,113088,dressing_room,
23561,42687,113088,clean_room,
23562,42687,113088,locker_room,
23563,42687,113088,clothing_store,
23564,42687,113088,hospital_room,
23565,42687,113112,clean_room,
23566,42687,113112,hospital_room,
23567,42687,113112,operating_room,
23568,42687,113112,office,
23569,42687,113112,nursery,
23570,42687,113136,clean_room,
23571,42687,113136,hospital_room,
23572,42687,113136,operating_room,
23573,42687,113136,chemistry_lab,
23574,42687,113136,discotheque,
23575,42687,113160,clean_room,
23576,42687,113160,hospital_room,
23577,42687,113160,discotheque,
23578,42687,113160,operating_room,
23579,42687,113160,dressing_room,
23580,42687,113184,clean_room,
23581,42687,113184,hospital_room,
23582,42687,113184,operating_room,
23583,42687,113184,discotheque,
23584,42687,113184,music_studio,
23585,42687,113208,discotheque,
23586,42687,113208,hospital_room,
23587,42687,113208,clean_room,
23588,42687,113208,nursery,
23589,42687,113208,operating_room,
23590,42687,113232,clean_room,
23591,42687,113232,hospital_room,
23592,42687,113232,operating_room,
23593,42687,113232,nursery,
23594,42687,113232,discotheque,
23595,42687,113256,clean_room,
23596,42687,113256,hospital_room,
23597,42687,113256,operating_room,
23598,42687,113256,dressing_room,
23599,42687,113256,beauty_salon,
23600,42687,113280,clean_room,
23601,42687,113280,hospital_room,
23602,42687,113280,archive,
23603,42687,113280,nursery,
23604,42687,113280,operating_room,
23605,42687,113304,clean_room,
23606,42687,113304,nursery,
23607,42687,113304,hospital_room,
23608,42687,113304,kindergarden_classroom,
23609,42687,113304,sauna,
23610,42687,113328,clean_room,
23611,42687,113328,hospital_room,
23612,42687,113328,nursery,
23613,42687,113328,kindergarden_classroom,
23614,42687,113328,operating_room,
23615,42687,113352,clean_room,
23616,42687,113352,nursery,
23617,42687,113352,hospital_room,
23618,42687,113352,sauna,
23619,42687,113352,dressing_room,
23620,42687,113376,clean_room,
23621,42687,113376,nursery,
23622,42687,113376,hospital_room,
23623,42687,113376,museum/indoor,
23624,42687,113376,kindergarden_classroom,
23625,42687,113400,nursery,
23626,42687,113400,hospital_room,
23627,42687,113400,clean_room,
23628,42687,113400,dressing_room,
23629,42687,113400,sauna,
23630,42687,113424,clean_room,
23631,42687,113424,hospital_room,
23632,42687,113424,dressing_room,
23633,42687,113424,nursery,
23634,42687,113424,sauna,
23635,42687,113448,dressing_room,
23636,42687,113448,sauna,
23637,42687,113448,clean_room,
23638,42687,113448,hospital_room,
23639,42687,113448,nursery,
23640,42687,113472,dressing_room,
23641,42687,113472,clean_room,
23642,42687,113472,hospital_room,
23643,42687,113472,nursery,
23644,42687,113472,sauna,
23645,42687,113496,clean_room,
23646,42687,113496,dressing_room,
23647,42687,113496,sauna,
23648,42687,113496,hospital_room,
23649,42687,113496,museum/indoor,
23650,42687,113520,dressing_room,
23651,42687,113520,sauna,
23652,42687,113520,clean_room,
23653,42687,113520,hospital_room,
23654,42687,113520,nursery,
23655,42687,113544,dressing_room,
23656,42687,113544,clean_room,
23657,42687,113544,sauna,
23658,42687,113544,nursery,
23659,42687,113544,hospital_room,
23660,42687,113568,clean_room,
23661,42687,113568,hospital_room,
23662,42687,113568,dressing_room,
23663,42687,113568,nursery,
23664,42687,113568,operating_room,
23665,42687,113592,clean_room,
23666,42687,113592,dressing_room,
23667,42687,113592,music_studio,
23668,42687,113592,nursery,
23669,42687,113592,hospital_room,
23670,42687,113616,dressing_room,
23671,42687,113616,clean_room,
23672,42687,113616,music_studio,
23673,42687,113616,hospital_room,
23674,42687,113616,nursery,
23675,42687,113640,clean_room,
23676,42687,113640,music_studio,
23677,42687,113640,dressing_room,
23678,42687,113640,hospital_room,
23679,42687,113640,operating_room,
23680,42687,113664,dressing_room,
23681,42687,113664,music_studio,
23682,42687,113664,clean_room,
23683,42687,113664,nursery,
23684,42687,113664,hospital_room,
23685,42687,113688,clean_room,
23686,42687,113688,dressing_room,
23687,42687,113688,nursery,
23688,42687,113688,music_studio,
23689,42687,113688,hospital_room,
23690,42687,113712,dressing_room,
23691,42687,113712,museum/indoor,
23692,42687,113712,locker_room,
23693,42687,113712,sauna,
23694,42687,113712,elevator_lobby,
23695,42687,113736,dressing_room,
23696,42687,113736,discotheque,
23697,42687,113736,locker_room,
23698,42687,113736,sauna,
23699,42687,113736,shower,
23700,42687,113760,locker_room,
23701,42687,113760,dressing_room,
23702,42687,113760,sauna,
23703,42687,113760,shower,
23704,42687,113760,bathroom,
23705,42687,113784,nursery,
23706,42687,113784,clean_room,
23707,42687,113784,dressing_room,
23708,42687,113784,hospital_room,
23709,42687,113784,music_studio,
23710,42687,113808,nursery,
23711,42687,113808,dressing_room,
23712,42687,113808,clean_room,
23713,42687,113808,hospital_room,
23714,42687,113808,music_studio,
23715,42687,113832,music_studio,
23716,42687,113832,dressing_room,
23717,42687,113832,clean_room,
23718,42687,113832,nursery,
23719,42687,113832,hospital_room,
23720,42687,113856,dressing_room,
23721,42687,113856,clean_room,
23722,42687,113856,nursery,
23723,42687,113856,hospital_room,
23724,42687,113856,music_studio,
23725,42687,113880,clean_room,
23726,42687,113880,dressing_room,
23727,42687,113880,music_studio,
23728,42687,113880,hospital_room,
23729,42687,113880,nursery,
23730,42687,113904,dressing_room,
23731,42687,113904,clean_room,
23732,42687,113904,nursery,
23733,42687,113904,hospital_room,
23734,42687,113904,music_studio,
23735,42687,113928,clean_room,
23736,42687,113928,dressing_room,
23737,42687,113928,nursery,
23738,42687,113928,hospital_room,
23739,42687,113928,music_studio,
23740,42687,113952,dressing_room,
23741,42687,113952,sauna,
23742,42687,113952,locker_room,
23743,42687,113952,beauty_salon,
23744,42687,113952,museum/indoor,
23745,42687,113976,dressing_room,
23746,42687,113976,museum/indoor,
23747,42687,113976,clean_room,
23748,42687,113976,nursery,
23749,42687,113976,shower,
23750,42687,114000,dressing_room,
23751,42687,114000,nursery,
23752,42687,114000,museum/indoor,
23753,42687,114000,kindergarden_classroom,
23754,42687,114000,clean_room,
23755,42687,114024,dressing_room,
23756,42687,114024,museum/indoor,
23757,42687,114024,clean_room,
23758,42687,114024,nursery,
23759,42687,114024,discotheque,
23760,42687,114048,clean_room,
23761,42687,114048,dressing_room,
23762,42687,114048,nursery,
23763,42687,114048,museum/indoor,
23764,42687,114048,hospital_room,
23765,42687,114072,clean_room,
23766,42687,114072,dressing_room,
23767,42687,114072,museum/indoor,
23768,42687,114072,nursery,
23769,42687,114072,beauty_salon,
23770,42687,114096,dressing_room,
23771,42687,114096,museum/indoor,
23772,42687,114096,clean_room,
23773,42687,114096,nursery,
23774,42687,114096,kindergarden_classroom,
23775,42687,114120,dressing_room,
23776,42687,114120,clean_room,
23777,42687,114120,museum/indoor,
23778,42687,114120,nursery,
23779,42687,114120,art_gallery,
23780,42687,114144,clean_room,
23781,42687,114144,dressing_room,
23782,42687,114144,beauty_salon,
23783,42687,114144,ice_cream_parlor,
23784,42687,114144,hospital_room,
23785,42687,114168,clean_room,
23786,42687,114168,dressing_room,
23787,42687,114168,nursery,
23788,42687,114168,museum/indoor,
23789,42687,114168,kindergarden_classroom,
23790,42687,114192,dressing_room,
23791,42687,114192,museum/indoor,
23792,42687,114192,clean_room,
23793,42687,114192,beauty_salon,
23794,42687,114192,nursery,
23795,42687,114216,dressing_room,
23796,42687,114216,museum/indoor,
23797,42687,114216,nursery,
23798,42687,114216,beauty_salon,
23799,42687,114216,kindergarden_classroom,
23800,42687,114240,museum/indoor,
23801,42687,114240,dressing_room,
23802,42687,114240,clean_room,
23803,42687,114240,kindergarden_classroom,
23804,42687,114240,nursery,
23805,42687,114264,dressing_room,
23806,42687,114264,museum/indoor,
23807,42687,114264,nursery,
23808,42687,114264,kindergarden_classroom,
23809,42687,114264,clean_room,
23810,42687,114288,museum/indoor,
23811,42687,114288,clean_room,
23812,42687,114288,dressing_room,
23813,42687,114288,kindergarden_classroom,
23814,42687,114288,nursery,
23815,42687,114312,dressing_room,
23816,42687,114312,clean_room,
23817,42687,114312,museum/indoor,
23818,42687,114312,kindergarden_classroom,
23819,42687,114312,nursery,
23820,42687,114336,clean_room,
23821,42687,114336,dressing_room,
23822,42687,114336,ice_cream_parlor,
23823,42687,114336,discotheque,
23824,42687,114336,hospital_room,
23825,42687,114360,dressing_room,
23826,42687,114360,hospital_room,
23827,42687,114360,ice_cream_parlor,
23828,42687,114360,beauty_salon,
23829,42687,114360,clean_room,
23830,42687,114384,nursery,
23831,42687,114384,dressing_room,
23832,42687,114384,clean_room,
23833,42687,114384,hospital_room,
23834,42687,114384,kindergarden_classroom,
23835,42687,114408,clean_room,
23836,42687,114408,hospital_room,
23837,42687,114408,dressing_room,
23838,42687,114408,nursery,
23839,42687,114408,music_studio,
23840,42687,114432,clean_room,
23841,42687,114432,nursery,
23842,42687,114432,dressing_room,
23843,42687,114432,hospital_room,
23844,42687,114432,music_studio,
23845,42687,114456,clean_room,
23846,42687,114456,hospital_room,
23847,42687,114456,nursery,
23848,42687,114456,dressing_room,
23849,42687,114456,music_studio,
23850,42687,114480,dressing_room,
23851,42687,114480,nursery,
23852,42687,114480,beauty_salon,
23853,42687,114480,museum/indoor,
23854,42687,114480,shower,
23855,42687,114504,dressing_room,
23856,42687,114504,beauty_salon,
23857,42687,114504,nursery,
23858,42687,114504,kindergarden_classroom,
23859,42687,114504,museum/indoor,
23860,42687,114528,dressing_room,
23861,42687,114528,museum/indoor,
23862,42687,114528,nursery,
23863,42687,114528,beauty_salon,
23864,42687,114528,kindergarden_classroom,
23865,42687,114552,dressing_room,
23866,42687,114552,museum/indoor,
23867,42687,114552,kindergarden_classroom,
23868,42687,114552,nursery,
23869,42687,114552,discotheque,
23870,42687,114576,shower,
23871,42687,114576,dressing_room,
23872,42687,114576,sauna,
23873,42687,114576,discotheque,
23874,42687,114576,museum/indoor,
23875,42687,114600,dressing_room,
23876,42687,114600,museum/indoor,
23877,42687,114600,shower,
23878,42687,114600,locker_room,
23879,42687,114600,clean_room,
23880,42687,114624,dressing_room,
23881,42687,114624,ice_cream_parlor,
23882,42687,114624,shower,
23883,42687,114624,beauty_salon,
23884,42687,114624,museum/indoor,
23885,42687,114648,dressing_room,
23886,42687,114648,shower,
23887,42687,114648,sauna,
23888,42687,114648,nursery,
23889,42687,114648,locker_room,
23890,42687,114672,dressing_room,
23891,42687,114672,shower,
23892,42687,114672,clean_room,
23893,42687,114672,ice_cream_parlor,
23894,42687,114672,locker_room,
23895,42687,114696,clean_room,
23896,42687,114696,hospital_room,
23897,42687,114696,dressing_room,
23898,42687,114696,beauty_salon,
23899,42687,114696,operating_room,
23900,42687,114720,clean_room,
23901,42687,114720,dressing_room,
23902,42687,114720,beauty_salon,
23903,42687,114720,hospital_room,
23904,42687,114720,operating_room,
23905,42687,114744,clean_room,
23906,42687,114744,dressing_room,
23907,42687,114744,hospital_room,
23908,42687,114744,beauty_salon,
23909,42687,114744,operating_room,
23910,42687,114768,clean_room,
23911,42687,114768,dressing_room,
23912,42687,114768,hospital_room,
23913,42687,114768,beauty_salon,
23914,42687,114768,nursing_home,
23915,42687,114792,clean_room,
23916,42687,114792,dressing_room,
23917,42687,114792,hospital_room,
23918,42687,114792,beauty_salon,
23919,42687,114792,operating_room,
23920,42687,114816,clean_room,
23921,42687,114816,dressing_room,
23922,42687,114816,beauty_salon,
23923,42687,114816,hospital_room,
23924,42687,114816,chemistry_lab,
23925,42687,114840,clean_room,
23926,42687,114840,dressing_room,
23927,42687,114840,beauty_salon,
23928,42687,114840,hospital_room,
23929,42687,114840,chemistry_lab,
23930,42687,114864,dressing_room,
23931,42687,114864,clean_room,
23932,42687,114864,beauty_salon,
23933,42687,114864,hospital_room,
23934,42687,114864,nursing_home,
23935,42687,114888,clean_room,
23936,42687,114888,dressing_room,
23937,42687,114888,beauty_salon,
23938,42687,114888,hospital_room,
23939,42687,114888,operating_room,
23940,42687,114912,clean_room,
23941,42687,114912,dressing_room,
23942,42687,114912,beauty_salon,
23943,42687,114912,hospital_room,
23944,42687,114912,operating_room,
23945,42687,114936,clean_room,
23946,42687,114936,dressing_room,
23947,42687,114936,beauty_salon,
23948,42687,114936,hospital_room,
23949,42687,114936,operating_room,
23950,42687,114960,clean_room,
23951,42687,114960,dressing_room,
23952,42687,114960,beauty_salon,
23953,42687,114960,hospital_room,
23954,42687,114960,operating_room,
23955,42687,114984,clean_room,
23956,42687,114984,dressing_room,
23957,42687,114984,beauty_salon,
23958,42687,114984,hospital_room,
23959,42687,114984,operating_room,
23960,42687,115008,clean_room,
23961,42687,115008,dressing_room,
23962,42687,115008,hospital_room,
23963,42687,115008,beauty_salon,
23964,42687,115008,chemistry_lab,
23965,42687,115032,clean_room,
23966,42687,115032,dressing_room,
23967,42687,115032,beauty_salon,
23968,42687,115032,chemistry_lab,
23969,42687,115032,biology_laboratory,
23970,42687,115056,clean_room,
23971,42687,115056,dressing_room,
23972,42687,115056,beauty_salon,
23973,42687,115056,chemistry_lab,
23974,42687,115056,hospital_room,
23975,42687,115080,clean_room,
23976,42687,115080,dressing_room,
23977,42687,115080,nursery,
23978,42687,115080,hospital_room,
23979,42687,115080,music_studio,
23980,42687,115104,clean_room,
23981,42687,115104,dressing_room,
23982,42687,115104,nursery,
23983,42687,115104,hospital_room,
23984,42687,115104,music_studio,
23985,42687,115128,clean_room,
23986,42687,115128,dressing_room,
23987,42687,115128,hospital_room,
23988,42687,115128,archive,
23989,42687,115128,nursery,
23990,42687,115152,nursery,
23991,42687,115152,dressing_room,
23992,42687,115152,clean_room,
23993,42687,115152,archive,
23994,42687,115152,hospital_room,
23995,42687,115176,clean_room,
23996,42687,115176,nursery,
23997,42687,115176,dressing_room,
23998,42687,115176,archive,
23999,42687,115176,hospital_room,
24000,42687,115200,dressing_room,
24001,42687,115200,clean_room,
24002,42687,115200,nursery,
24003,42687,115200,hospital_room,
24004,42687,115200,music_studio,
24005,42687,115224,clean_room,
24006,42687,115224,dressing_room,
24007,42687,115224,nursery,
24008,42687,115224,hospital_room,
24009,42687,115224,sauna,
24010,42687,115248,clean_room,
24011,42687,115248,dressing_room,
24012,42687,115248,hospital_room,
24013,42687,115248,nursery,
24014,42687,115248,ice_cream_parlor,
24015,42687,115272,dressing_room,
24016,42687,115272,nursery,
24017,42687,115272,clean_room,
24018,42687,115272,kindergarden_classroom,
24019,42687,115272,locker_room,
24020,42687,115296,dressing_room,
24021,42687,115296,locker_room,
24022,42687,115296,clean_room,
24023,42687,115296,sauna,
24024,42687,115296,nursery,
24025,42687,115320,dressing_room,
24026,42687,115320,sauna,
24027,42687,115320,locker_room,
24028,42687,115320,shower,
24029,42687,115320,nursery,
24030,42687,115344,sauna,
24031,42687,115344,dressing_room,
24032,42687,115344,nursery,
24033,42687,115344,hospital_room,
24034,42687,115344,locker_room,
24035,42687,115368,dressing_room,
24036,42687,115368,sauna,
24037,42687,115368,locker_room,
24038,42687,115368,clean_room,
24039,42687,115368,hospital_room,
24040,42687,115392,dressing_room,
24041,42687,115392,sauna,
24042,42687,115392,locker_room,
24043,42687,115392,hospital_room,
24044,42687,115392,clean_room,
24045,42687,115416,dressing_room,
24046,42687,115416,sauna,
24047,42687,115416,hospital_room,
24048,42687,115416,locker_room,
24049,42687,115416,nursery,
24050,42687,115440,dressing_room,
24051,42687,115440,hospital_room,
24052,42687,115440,sauna,
24053,42687,115440,clean_room,
24054,42687,115440,nursery,
24055,42687,115464,dressing_room,
24056,42687,115464,clean_room,
24057,42687,115464,nursery,
24058,42687,115464,music_studio,
24059,42687,115464,hospital_room,
24060,42687,115488,dressing_room,
24061,42687,115488,nursery,
24062,42687,115488,clean_room,
24063,42687,115488,music_studio,
24064,42687,115488,hospital_room,
24065,42687,115512,dressing_room,
24066,42687,115512,nursery,
24067,42687,115512,clean_room,
24068,42687,115512,music_studio,
24069,42687,115512,hospital_room,
24070,42687,115536,sauna,
24071,42687,115536,dressing_room,
24072,42687,115536,shower,
24073,42687,115536,locker_room,
24074,42687,115536,hospital_room,
24075,42687,115560,sauna,
24076,42687,115560,dressing_room,
24077,42687,115560,hospital_room,
24078,42687,115560,clean_room,
24079,42687,115560,locker_room,
24080,42687,115584,sauna,
24081,42687,115584,dressing_room,
24082,42687,115584,hospital_room,
24083,42687,115584,shower,
24084,42687,115584,clean_room,
24085,42687,115608,sauna,
24086,42687,115608,dressing_room,
24087,42687,115608,hospital_room,
24088,42687,115608,clean_room,
24089,42687,115608,nursery,
24090,42687,115632,sauna,
24091,42687,115632,hospital_room,
24092,42687,115632,dressing_room,
24093,42687,115632,nursery,
24094,42687,115632,clean_room,
24095,42687,115656,nursery,
24096,42687,115656,sauna,
24097,42687,115656,hospital_room,
24098,42687,115656,kindergarden_classroom,
24099,42687,115656,dressing_room,
24100,42687,115680,hospital_room,
24101,42687,115680,nursery,
24102,42687,115680,sauna,
24103,42687,115680,clean_room,
24104,42687,115680,dressing_room,
24105,42687,115704,sauna,
24106,42687,115704,dressing_room,
24107,42687,115704,clean_room,
24108,42687,115704,shower,
24109,42687,115704,hospital_room,
24110,42687,115728,clean_room,
24111,42687,115728,sauna,
24112,42687,115728,dressing_room,
24113,42687,115728,hospital_room,
24114,42687,115728,operating_room,
24115,42687,115752,clean_room,
24116,42687,115752,sauna,
24117,42687,115752,dressing_room,
24118,42687,115752,hospital_room,
24119,42687,115752,shower,
24120,42687,115776,sauna,
24121,42687,115776,clean_room,
24122,42687,115776,hospital_room,
24123,42687,115776,nursery,
24124,42687,115776,dressing_room,
24125,42687,115800,sauna,
24126,42687,115800,clean_room,
24127,42687,115800,hospital_room,
24128,42687,115800,nursery,
24129,42687,115800,dressing_room,
24130,42687,115824,clean_room,
24131,42687,115824,hospital_room,
24132,42687,115824,sauna,
24133,42687,115824,dressing_room,
24134,42687,115824,nursery,
24135,42687,115848,clean_room,
24136,42687,115848,sauna,
24137,42687,115848,hospital_room,
24138,42687,115848,dressing_room,
24139,42687,115848,operating_room,
24140,42687,115872,clean_room,
24141,42687,115872,dressing_room,
24142,42687,115872,hospital_room,
24143,42687,115872,music_studio,
24144,42687,115872,nursery,
24145,42687,115896,dressing_room,
24146,42687,115896,clean_room,
24147,42687,115896,hospital_room,
24148,42687,115896,nursery,
24149,42687,115896,music_studio,
24150,42687,115920,dressing_room,
24151,42687,115920,clean_room,
24152,42687,115920,nursery,
24153,42687,115920,hospital_room,
24154,42687,115920,music_studio,
24155,42687,115944,dressing_room,
24156,42687,115944,clean_room,
24157,42687,115944,music_studio,
24158,42687,115944,hospital_room,
24159,42687,115944,nursery,
24160,42687,115968,clean_room,
24161,42687,115968,dressing_room,
24162,42687,115968,hospital_room,
24163,42687,115968,music_studio,
24164,42687,115968,nursery,
24165,42687,115992,clean_room,
24166,42687,115992,dressing_room,
24167,42687,115992,hospital_room,
24168,42687,115992,nursery,
24169,42687,115992,archive,
24170,42687,116016,clean_room,
24171,42687,116016,nursery,
24172,42687,116016,dressing_room,
24173,42687,116016,hospital_room,
24174,42687,116016,music_studio,
24175,42687,116040,dressing_room,
24176,42687,116040,kindergarden_classroom,
24177,42687,116040,clean_room,
24178,42687,116040,nursery,
24179,42687,116040,discotheque,
24180,42687,116064,dressing_room,
24181,42687,116064,clean_room,
24182,42687,116064,locker_room,
24183,42687,116064,nursery,
24184,42687,116064,kindergarden_classroom,
24185,42687,116088,dressing_room,
24186,42687,116088,clean_room,
24187,42687,116088,discotheque,
24188,42687,116088,ice_cream_parlor,
24189,42687,116088,kindergarden_classroom,
24190,42687,116112,clean_room,
24191,42687,116112,dressing_room,
24192,42687,116112,hospital_room,
24193,42687,116112,beauty_salon,
24194,42687,116112,chemistry_lab,
24195,42687,116136,clean_room,
24196,42687,116136,dressing_room,
24197,42687,116136,hospital_room,
24198,42687,116136,beauty_salon,
24199,42687,116136,operating_room,
24200,42687,116160,clean_room,
24201,42687,116160,dressing_room,
24202,42687,116160,hospital_room,
24203,42687,116160,beauty_salon,
24204,42687,116160,operating_room,
24205,42687,116184,clean_room,
24206,42687,116184,dressing_room,
24207,42687,116184,hospital_room,
24208,42687,116184,beauty_salon,
24209,42687,116184,operating_room,
24210,42687,116208,clean_room,
24211,42687,116208,dressing_room,
24212,42687,116208,hospital_room,
24213,42687,116208,beauty_salon,
24214,42687,116208,operating_room,
24215,42687,116232,dressing_room,
24216,42687,116232,clean_room,
24217,42687,116232,beauty_salon,
24218,42687,116232,hospital_room,
24219,42687,116232,nursing_home,
24220,42687,116256,dressing_room,
24221,42687,116256,beauty_salon,
24222,42687,116256,clean_room,
24223,42687,116256,hospital_room,
24224,42687,116256,operating_room,
24225,42687,116280,clean_room,
24226,42687,116280,beauty_salon,
24227,42687,116280,dressing_room,
24228,42687,116280,hospital_room,
24229,42687,116280,operating_room,
24230,42687,116304,clean_room,
24231,42687,116304,beauty_salon,
24232,42687,116304,dressing_room,
24233,42687,116304,hospital_room,
24234,42687,116304,operating_room,
24235,42687,116328,clean_room,
24236,42687,116328,beauty_salon,
24237,42687,116328,dressing_room,
24238,42687,116328,hospital_room,
24239,42687,116328,operating_room,
24240,42687,116352,dressing_room,
24241,42687,116352,museum/indoor,
24242,42687,116352,kindergarden_classroom,
24243,42687,116352,ice_cream_parlor,
24244,42687,116352,discotheque,
24245,42687,116376,dressing_room,
24246,42687,116376,museum/indoor,
24247,42687,116376,kindergarden_classroom,
24248,42687,116376,ice_cream_parlor,
24249,42687,116376,nursery,
24250,42687,116400,dressing_room,
24251,42687,116400,museum/indoor,
24252,42687,116400,shower,
24253,42687,116400,sauna,
24254,42687,116400,nursery,
24255,42687,116424,dressing_room,
24256,42687,116424,ice_cream_parlor,
24257,42687,116424,discotheque,
24258,42687,116424,beauty_salon,
24259,42687,116424,museum/indoor,
24260,42687,116448,dressing_room,
24261,42687,116448,ice_cream_parlor,
24262,42687,116448,museum/indoor,
24263,42687,116448,discotheque,
24264,42687,116448,beauty_salon,
24265,42687,116472,dressing_room,
24266,42687,116472,museum/indoor,
24267,42687,116472,discotheque,
24268,42687,116472,beauty_salon,
24269,42687,116472,nursery,
24270,42687,116496,dressing_room,
24271,42687,116496,discotheque,
24272,42687,116496,kindergarden_classroom,
24273,42687,116496,clean_room,
24274,42687,116496,locker_room,
24275,42687,116520,dressing_room,
24276,42687,116520,locker_room,
24277,42687,116520,clean_room,
24278,42687,116520,hospital_room,
24279,42687,116520,sauna,
24280,42687,116544,dressing_room,
24281,42687,116544,clean_room,
24282,42687,116544,locker_room,
24283,42687,116544,martial_arts_gym,
24284,42687,116544,hospital_room,
24285,42687,116568,clean_room,
24286,42687,116568,dressing_room,
24287,42687,116568,martial_arts_gym,
24288,42687,116568,locker_room,
24289,42687,116568,hospital_room,
24290,42687,116592,dressing_room,
24291,42687,116592,clean_room,
24292,42687,116592,nursing_home,
24293,42687,116592,hospital_room,
24294,42687,116592,archive,
24295,42687,116616,clean_room,
24296,42687,116616,dressing_room,
24297,42687,116616,hospital_room,
24298,42687,116616,nursery,
24299,42687,116616,chemistry_lab,
24300,42687,116640,clean_room,
24301,42687,116640,music_studio,
24302,42687,116640,dressing_room,
24303,42687,116640,chemistry_lab,
24304,42687,116640,archive,
24305,42687,116664,dressing_room,
24306,42687,116664,museum/indoor,
24307,42687,116664,clean_room,
24308,42687,116664,beauty_salon,
24309,42687,116664,locker_room,
24310,42687,116688,dressing_room,
24311,42687,116688,kindergarden_classroom,
24312,42687,116688,clean_room,
24313,42687,116688,nursery,
24314,42687,116688,locker_room,
24315,42687,116712,clean_room,
24316,42687,116712,dressing_room,
24317,42687,116712,hospital_room,
24318,42687,116712,operating_room,
24319,42687,116712,chemistry_lab,
24320,42687,116736,clean_room,
24321,42687,116736,dressing_room,
24322,42687,116736,operating_room,
24323,42687,116736,hospital_room,
24324,42687,116736,chemistry_lab,
24325,42687,116760,discotheque,
24326,42687,116760,dressing_room,
24327,42687,116760,clean_room,
24328,42687,116760,stage/indoor,
24329,42687,116760,shower,
24330,42687,116784,sauna,
24331,42687,116784,shower,
24332,42687,116784,dressing_room,
24333,42687,116784,clean_room,
24334,42687,116784,bow_window/indoor,
24335,42687,116808,dressing_room,
24336,42687,116808,music_studio,
24337,42687,116808,clean_room,
24338,42687,116808,shower,
24339,42687,116808,stage/indoor,
24340,42687,116832,clean_room,
24341,42687,116832,dressing_room,
24342,42687,116832,locker_room,
24343,42687,116832,hospital_room,
24344,42687,116832,operating_room,
24345,42687,116856,clean_room,
24346,42687,116856,dressing_room,
24347,42687,116856,hospital_room,
24348,42687,116856,operating_room,
24349,42687,116856,nursing_home,
24350,42687,116880,dressing_room,
24351,42687,116880,clean_room,
24352,42687,116880,nursery,
24353,42687,116880,hospital_room,
24354,42687,116880,museum/indoor,
24355,42687,116904,dressing_room,
24356,42687,116904,clean_room,
24357,42687,116904,locker_room,
24358,42687,116904,museum/indoor,
24359,42687,116904,hospital_room,
24360,42687,116928,dressing_room,
24361,42687,116928,clean_room,
24362,42687,116928,elevator/door,
24363,42687,116928,shower,
24364,42687,116928,locker_room,
24365,42687,116952,dressing_room,
24366,42687,116952,clean_room,
24367,42687,116952,hospital_room,
24368,42687,116952,operating_room,
24369,42687,116952,locker_room,
24370,42687,116976,cafeteria,
24371,42687,116976,restaurant,
24372,42687,116976,beauty_salon,
24373,42687,116976,chemistry_lab,
24374,42687,116976,coffee_shop,
24375,42687,117000,chemistry_lab,
24376,42687,117000,coffee_shop,
24377,42687,117000,restaurant,
24378,42687,117000,clean_room,
24379,42687,117000,cafeteria,
24380,42687,117024,coffee_shop,
24381,42687,117024,restaurant,
24382,42687,117024,cafeteria,
24383,42687,117024,food_court,
24384,42687,117024,ice_cream_parlor,
24385,42687,117048,classroom,
24386,42687,117048,cafeteria,
24387,42687,117048,archive,
24388,42687,117048,coffee_shop,
24389,42687,117048,restaurant,
24390,42687,117072,museum/indoor,
24391,42687,117072,clean_room,
24392,42687,117072,dressing_room,
24393,42687,117072,art_gallery,
24394,42687,117072,stage/indoor,
24395,42687,117096,clean_room,
24396,42687,117096,museum/indoor,
24397,42687,117096,dressing_room,
24398,42687,117096,art_gallery,
24399,42687,117096,art_studio,
24400,42687,117120,clean_room,
24401,42687,117120,museum/indoor,
24402,42687,117120,art_gallery,
24403,42687,117120,dressing_room,
24404,42687,117120,science_museum,
24405,42687,117144,clean_room,
24406,42687,117144,museum/indoor,
24407,42687,117144,dressing_room,
24408,42687,117144,art_gallery,
24409,42687,117144,beauty_salon,
24410,42687,117168,museum/indoor,
24411,42687,117168,clean_room,
24412,42687,117168,dressing_room,
24413,42687,117168,art_gallery,
24414,42687,117168,stage/indoor,
24415,42687,117192,museum/indoor,
24416,42687,117192,clean_room,
24417,42687,117192,art_gallery,
24418,42687,117192,dressing_room,
24419,42687,117192,stage/indoor,
24420,42687,117216,museum/indoor,
24421,42687,117216,clean_room,
24422,42687,117216,dressing_room,
24423,42687,117216,art_gallery,
24424,42687,117216,stage/indoor,
24425,42687,117240,clean_room,
24426,42687,117240,dressing_room,
24427,42687,117240,discotheque,
24428,42687,117240,locker_room,
24429,42687,117240,hospital_room,
24430,42687,117264,clean_room,
24431,42687,117264,dressing_room,
24432,42687,117264,museum/indoor,
24433,42687,117264,beauty_salon,
24434,42687,117264,ballroom,
24435,42687,117288,clean_room,
24436,42687,117288,archive,
24437,42687,117288,hospital_room,
24438,42687,117288,dressing_room,
24439,42687,117288,locker_room,
24440,42687,117312,banquet_hall,
24441,42687,117312,dressing_room,
24442,42687,117312,dining_hall,
24443,42687,117312,clean_room,
24444,42687,117312,archive,
24445,42687,117336,clean_room,
24446,42687,117336,archive,
24447,42687,117336,chemistry_lab,
24448,42687,117336,operating_room,
24449,42687,117336,museum/indoor,
24450,42687,117360,clean_room,
24451,42687,117360,ballroom,
24452,42687,117360,dressing_room,
24453,42687,117360,archive,
24454,42687,117360,locker_room,
24455,42687,117384,clean_room,
24456,42687,117384,dressing_room,
24457,42687,117384,museum/indoor,
24458,42687,117384,stage/indoor,
24459,42687,117384,music_studio,
24460,42687,117408,dressing_room,
24461,42687,117408,clean_room,
24462,42687,117408,museum/indoor,
24463,42687,117408,stage/indoor,
24464,42687,117408,discotheque,
24465,42687,117432,dressing_room,
24466,42687,117432,clean_room,
24467,42687,117432,museum/indoor,
24468,42687,117432,stage/indoor,
24469,42687,117432,music_studio,
24470,42687,117456,clean_room,
24471,42687,117456,dressing_room,
24472,42687,117456,museum/indoor,
24473,42687,117456,music_studio,
24474,42687,117456,stage/indoor,
24475,42687,117480,museum/indoor,
24476,42687,117480,clean_room,
24477,42687,117480,dressing_room,
24478,42687,117480,art_gallery,
24479,42687,117480,clothing_store,
24480,42687,117504,museum/indoor,
24481,42687,117504,clean_room,
24482,42687,117504,dressing_room,
24483,42687,117504,art_gallery,
24484,42687,117504,stage/indoor,
24485,42687,117528,stage/indoor,
24486,42687,117528,museum/indoor,
24487,42687,117528,dressing_room,
24488,42687,117528,discotheque,
24489,42687,117528,music_studio,
24490,42687,117552,museum/indoor,
24491,42687,117552,clean_room,
24492,42687,117552,dressing_room,
24493,42687,117552,beauty_salon,
24494,42687,117552,stage/indoor,
24495,42687,117576,museum/indoor,
24496,42687,117576,clean_room,
24497,42687,117576,dressing_room,
24498,42687,117576,art_gallery,
24499,42687,117576,beauty_salon,
24500,42687,117600,museum/indoor,
24501,42687,117600,clean_room,
24502,42687,117600,dressing_room,
24503,42687,117600,art_gallery,
24504,42687,117600,clothing_store,
24505,42687,117624,museum/indoor,
24506,42687,117624,clean_room,
24507,42687,117624,dressing_room,
24508,42687,117624,beauty_salon,
24509,42687,117624,archive,
24510,42687,117648,dressing_room,
24511,42687,117648,clean_room,
24512,42687,117648,chemistry_lab,
24513,42687,117648,locker_room,
24514,42687,117648,museum/indoor,
24515,42687,117672,dressing_room,
24516,42687,117672,clean_room,
24517,42687,117672,chemistry_lab,
24518,42687,117672,kindergarden_classroom,
24519,42687,117672,hospital_room,
24520,42687,117696,dressing_room,
24521,42687,117696,kindergarden_classroom,
24522,42687,117696,museum/indoor,
24523,42687,117696,clean_room,
24524,42687,117696,playroom,
24525,42687,117720,dressing_room,
24526,42687,117720,clean_room,
24527,42687,117720,kindergarden_classroom,
24528,42687,117720,hospital_room,
24529,42687,117720,playroom,
24530,42687,117744,clean_room,
24531,42687,117744,dressing_room,
24532,42687,117744,hospital_room,
24533,42687,117744,chemistry_lab,
24534,42687,117744,operating_room,
24535,42687,117768,dressing_room,
24536,42687,117768,discotheque,
24537,42687,117768,sauna,
24538,42687,117768,locker_room,
24539,42687,117768,beauty_salon,
24540,42687,117792,discotheque,
24541,42687,117792,dressing_room,
24542,42687,117792,clean_room,
24543,42687,117792,music_studio,
24544,42687,117792,locker_room,
24545,42687,117816,dressing_room,
24546,42687,117816,shower,
24547,42687,117816,sauna,
24548,42687,117816,discotheque,
24549,42687,117816,locker_room,
24550,42687,117840,discotheque,
24551,42687,117840,dressing_room,
24552,42687,117840,clean_room,
24553,42687,117840,art_gallery,
24554,42687,117840,museum/indoor,
24555,42687,117864,dressing_room,
24556,42687,117864,clean_room,
24557,42687,117864,locker_room,
24558,42687,117864,discotheque,
24559,42687,117864,elevator/door,
24560,42687,117888,dressing_room,
24561,42687,117888,clean_room,
24562,42687,117888,discotheque,
24563,42687,117888,martial_arts_gym,
24564,42687,117888,locker_room,
24565,42687,117912,clean_room,
24566,42687,117912,dressing_room,
24567,42687,117912,hospital_room,
24568,42687,117912,operating_room,
24569,42687,117912,discotheque,
24570,42687,117936,discotheque,
24571,42687,117936,dressing_room,
24572,42687,117936,clean_room,
24573,42687,117936,elevator/door,
24574,42687,117936,locker_room,
24575,42687,117960,clean_room,
24576,42687,117960,dressing_room,
24577,42687,117960,discotheque,
24578,42687,117960,locker_room,
24579,42687,117960,hospital_room,
24580,42687,117984,clean_room,
24581,42687,117984,dressing_room,
24582,42687,117984,hospital_room,
24583,42687,117984,operating_room,
24584,42687,117984,beauty_salon,
24585,42687,118008,dressing_room,
24586,42687,118008,clean_room,
24587,42687,118008,hospital_room,
24588,42687,118008,discotheque,
24589,42687,118008,operating_room,
24590,42687,118032,dressing_room,
24591,42687,118032,clean_room,
24592,42687,118032,locker_room,
24593,42687,118032,operating_room,
24594,42687,118032,hospital_room,
24595,42687,118056,dressing_room,
24596,42687,118056,clean_room,
24597,42687,118056,discotheque,
24598,42687,118056,museum/indoor,
24599,42687,118056,locker_room,
24600,42687,118080,dressing_room,
24601,42687,118080,discotheque,
24602,42687,118080,sauna,
24603,42687,118080,museum/indoor,
24604,42687,118080,shower,
24605,42687,118104,dressing_room,
24606,42687,118104,clean_room,
24607,42687,118104,locker_room,
24608,42687,118104,shower,
24609,42687,118104,sauna,
24610,42687,118128,dressing_room,
24611,42687,118128,discotheque,
24612,42687,118128,beauty_salon,
24613,42687,118128,clean_room,
24614,42687,118128,locker_room,
24615,42687,118152,clean_room,
24616,42687,118152,locker_room,
24617,42687,118152,dressing_room,
24618,42687,118152,hospital_room,
24619,42687,118152,operating_room,
24620,42687,118176,clean_room,
24621,42687,118176,chemistry_lab,
24622,42687,118176,operating_room,
24623,42687,118176,hospital_room,
24624,42687,118176,locker_room,
24625,42687,118200,clean_room,
24626,42687,118200,chemistry_lab,
24627,42687,118200,dressing_room,
24628,42687,118200,locker_room,
24629,42687,118200,operating_room,
24630,42687,118224,clean_room,
24631,42687,118224,chemistry_lab,
24632,42687,118224,discotheque,
24633,42687,118224,dressing_room,
24634,42687,118224,martial_arts_gym,
24635,42687,118248,clean_room,
24636,42687,118248,chemistry_lab,
24637,42687,118248,operating_room,
24638,42687,118248,hospital_room,
24639,42687,118248,dressing_room,
24640,42687,118272,clean_room,
24641,42687,118272,locker_room,
24642,42687,118272,dressing_room,
24643,42687,118272,museum/indoor,
24644,42687,118272,chemistry_lab,
24645,42687,118296,clean_room,
24646,42687,118296,dressing_room,
24647,42687,118296,ballroom,
24648,42687,118296,hospital_room,
24649,42687,118296,martial_arts_gym,
24650,42687,118320,clean_room,
24651,42687,118320,dressing_room,
24652,42687,118320,locker_room,
24653,42687,118320,chemistry_lab,
24654,42687,118320,clothing_store,
24655,42687,118344,clean_room,
24656,42687,118344,dressing_room,
24657,42687,118344,locker_room,
24658,42687,118344,chemistry_lab,
24659,42687,118344,martial_arts_gym,
24660,42687,118368,clean_room,
24661,42687,118368,chemistry_lab,
24662,42687,118368,operating_room,
24663,42687,118368,hospital_room,
24664,42687,118368,dressing_room,
24665,42687,118392,clean_room,
24666,42687,118392,operating_room,
24667,42687,118392,hospital_room,
24668,42687,118392,dressing_room,
24669,42687,118392,chemistry_lab,
24670,42687,118416,clean_room,
24671,42687,118416,operating_room,
24672,42687,118416,dressing_room,
24673,42687,118416,hospital_room,
24674,42687,118416,museum/indoor,
24675,42687,118440,clean_room,
24676,42687,118440,operating_room,
24677,42687,118440,hospital_room,
24678,42687,118440,dressing_room,
24679,42687,118440,museum/indoor,
24680,42687,118464,clean_room,
24681,42687,118464,discotheque,
24682,42687,118464,dressing_room,
24683,42687,118464,operating_room,
24684,42687,118464,hospital_room,
24685,42687,118488,clean_room,
24686,42687,118488,dressing_room,
24687,42687,118488,operating_room,
24688,42687,118488,discotheque,
24689,42687,118488,hospital_room,
24690,42687,118512,clean_room,
24691,42687,118512,discotheque,
24692,42687,118512,dressing_room,
24693,42687,118512,stage/indoor,
24694,42687,118512,hospital_room,
24695,42687,118536,clean_room,
24696,42687,118536,discotheque,
24697,42687,118536,dressing_room,
24698,42687,118536,hospital_room,
24699,42687,118536,operating_room,
24700,42687,118560,dressing_room,
24701,42687,118560,clean_room,
24702,42687,118560,discotheque,
24703,42687,118560,hospital_room,
24704,42687,118560,bowling_alley,
24705,42687,118584,discotheque,
24706,42687,118584,dressing_room,
24707,42687,118584,clean_room,
24708,42687,118584,hospital_room,
24709,42687,118584,operating_room,
24710,42687,118608,discotheque,
24711,42687,118608,clean_room,
24712,42687,118608,operating_room,
24713,42687,118608,stage/indoor,
24714,42687,118608,hospital_room,
24715,42687,118632,clean_room,
24716,42687,118632,operating_room,
24717,42687,118632,chemistry_lab,
24718,42687,118632,hospital_room,
24719,42687,118632,locker_room,
24720,42687,118656,clean_room,
24721,42687,118656,locker_room,
24722,42687,118656,chemistry_lab,
24723,42687,118656,martial_arts_gym,
24724,42687,118656,elevator/door,
24725,42687,118680,clean_room,
24726,42687,118680,dressing_room,
24727,42687,118680,martial_arts_gym,
24728,42687,118680,chemistry_lab,
24729,42687,118680,locker_room,
24730,42687,118704,clean_room,
24731,42687,118704,dressing_room,
24732,42687,118704,locker_room,
24733,42687,118704,martial_arts_gym,
24734,42687,118704,operating_room,
24735,42687,118728,clean_room,
24736,42687,118728,chemistry_lab,
24737,42687,118728,hospital_room,
24738,42687,118728,operating_room,
24739,42687,118728,locker_room,
24740,42687,118752,clean_room,
24741,42687,118752,martial_arts_gym,
24742,42687,118752,locker_room,
24743,42687,118752,discotheque,
24744,42687,118752,hospital_room,
24745,42687,118776,clean_room,
24746,42687,118776,dressing_room,
24747,42687,118776,clothing_store,
24748,42687,118776,locker_room,
24749,42687,118776,closet,
24750,42687,118800,clean_room,
24751,42687,118800,chemistry_lab,
24752,42687,118800,operating_room,
24753,42687,118800,hospital_room,
24754,42687,118800,nursing_home,
24755,42687,118824,clean_room,
24756,42687,118824,chemistry_lab,
24757,42687,118824,operating_room,
24758,42687,118824,hospital_room,
24759,42687,118824,museum/indoor,
24760,42687,118848,clean_room,
24761,42687,118848,dressing_room,
24762,42687,118848,operating_room,
24763,42687,118848,hospital_room,
24764,42687,118848,locker_room,
24765,42687,118872,clean_room,
24766,42687,118872,chemistry_lab,
24767,42687,118872,hospital_room,
24768,42687,118872,operating_room,
24769,42687,118872,locker_room,
24770,42687,118896,clean_room,
24771,42687,118896,chemistry_lab,
24772,42687,118896,locker_room,
24773,42687,118896,biology_laboratory,
24774,42687,118896,jail_cell,
24775,42687,118920,clean_room,
24776,42687,118920,chemistry_lab,
24777,42687,118920,operating_room,
24778,42687,118920,museum/indoor,
24779,42687,118920,hospital_room,
24780,42687,118944,clean_room,
24781,42687,118944,chemistry_lab,
24782,42687,118944,museum/indoor,
24783,42687,118944,physics_laboratory,
24784,42687,118944,operating_room,
24785,42687,118968,clean_room,
24786,42687,118968,chemistry_lab,
24787,42687,118968,operating_room,
24788,42687,118968,hospital_room,
24789,42687,118968,physics_laboratory,
24790,42687,118992,clean_room,
24791,42687,118992,chemistry_lab,
24792,42687,118992,operating_room,
24793,42687,118992,museum/indoor,
24794,42687,118992,hospital_room,
24795,42687,119016,clean_room,
24796,42687,119016,martial_arts_gym,
24797,42687,119016,museum/indoor,
24798,42687,119016,locker_room,
24799,42687,119016,chemistry_lab,
24800,42687,119040,clean_room,
24801,42687,119040,martial_arts_gym,
24802,42687,119040,boxing_ring,
24803,42687,119040,chemistry_lab,
24804,42687,119040,museum/indoor,
24805,42687,119064,clean_room,
24806,42687,119064,martial_arts_gym,
24807,42687,119064,dressing_room,
24808,42687,119064,boxing_ring,
24809,42687,119064,discotheque,
24810,42687,119088,discotheque,
24811,42687,119088,clean_room,
24812,42687,119088,stage/indoor,
24813,42687,119088,chemistry_lab,
24814,42687,119088,martial_arts_gym,
24815,42687,119112,clean_room,
24816,42687,119112,dressing_room,
24817,42687,119112,art_gallery,
24818,42687,119112,discotheque,
24819,42687,119112,ice_cream_parlor,
24820,42687,119136,clean_room,
24821,42687,119136,shower,
24822,42687,119136,science_museum,
24823,42687,119136,discotheque,
24824,42687,119136,ice_cream_parlor,
24825,42687,119160,dressing_room,
24826,42687,119160,discotheque,
24827,42687,119160,boxing_ring,
24828,42687,119160,sauna,
24829,42687,119160,locker_room,
24830,42687,119184,dressing_room,
24831,42687,119184,clean_room,
24832,42687,119184,nursery,
24833,42687,119184,discotheque,
24834,42687,119184,martial_arts_gym,
24835,42687,119208,clean_room,
24836,42687,119208,natural_history_museum,
24837,42687,119208,science_museum,
24838,42687,119208,museum/indoor,
24839,42687,119208,operating_room,
24840,42687,119232,clean_room,
24841,42687,119232,hospital_room,
24842,42687,119232,operating_room,
24843,42687,119232,nursery,
24844,42687,119232,dressing_room,
24845,42687,119256,clean_room,
24846,42687,119256,dressing_room,
24847,42687,119256,discotheque,
24848,42687,119256,hospital_room,
24849,42687,119256,operating_room,
24850,42687,119280,clean_room,
24851,42687,119280,martial_arts_gym,
24852,42687,119280,chemistry_lab,
24853,42687,119280,hospital_room,
24854,42687,119280,biology_laboratory,
24855,42687,119304,clean_room,
24856,42687,119304,discotheque,
24857,42687,119304,hospital_room,
24858,42687,119304,chemistry_lab,
24859,42687,119304,operating_room,
24860,42687,119328,clean_room,
24861,42687,119328,dressing_room,
24862,42687,119328,hospital_room,
24863,42687,119328,discotheque,
24864,42687,119328,martial_arts_gym,
24865,42687,119352,clean_room,
24866,42687,119352,dressing_room,
24867,42687,119352,hospital_room,
24868,42687,119352,discotheque,
24869,42687,119352,operating_room,
24870,42687,119376,clean_room,
24871,42687,119376,martial_arts_gym,
24872,42687,119376,discotheque,
24873,42687,119376,operating_room,
24874,42687,119376,hospital_room,
24875,42687,119400,clean_room,
24876,42687,119400,dressing_room,
24877,42687,119400,discotheque,
24878,42687,119400,hospital_room,
24879,42687,119400,bowling_alley,
24880,42687,119424,clean_room,
24881,42687,119424,nursery,
24882,42687,119424,museum/indoor,
24883,42687,119424,dressing_room,
24884,42687,119424,art_gallery,
24885,42687,119448,clean_room,
24886,42687,119448,nursery,
24887,42687,119448,shower,
24888,42687,119448,dressing_room,
24889,42687,119448,closet,
24890,42687,119472,clean_room,
24891,42687,119472,dressing_room,
24892,42687,119472,museum/indoor,
24893,42687,119472,nursery,
24894,42687,119472,art_gallery,
24895,42687,119496,clean_room,
24896,42687,119496,veterinarians_office,
24897,42687,119496,hospital_room,
24898,42687,119496,dressing_room,
24899,42687,119496,operating_room,
24900,42687,119520,clean_room,
24901,42687,119520,martial_arts_gym,
24902,42687,119520,hospital_room,
24903,42687,119520,operating_room,
24904,42687,119520,nursery,
24905,42687,119544,clean_room,
24906,42687,119544,restaurant_kitchen,
24907,42687,119544,martial_arts_gym,
24908,42687,119544,chemistry_lab,
24909,42687,119544,hospital_room,
24910,42687,119568,dressing_room,
24911,42687,119568,discotheque,
24912,42687,119568,clean_room,
24913,42687,119568,locker_room,
24914,42687,119568,chemistry_lab,
24915,42687,119592,dressing_room,
24916,42687,119592,clean_room,
24917,42687,119592,locker_room,
24918,42687,119592,discotheque,
24919,42687,119592,hospital_room,
24920,42687,119616,clean_room,
24921,42687,119616,dressing_room,
24922,42687,119616,chemistry_lab,
24923,42687,119616,discotheque,
24924,42687,119616,beauty_salon,
24925,42687,119640,clean_room,
24926,42687,119640,dressing_room,
24927,42687,119640,clothing_store,
24928,42687,119640,museum/indoor,
24929,42687,119640,elevator/door,
24930,42687,119664,clean_room,
24931,42687,119664,discotheque,
24932,42687,119664,nursery,
24933,42687,119664,museum/indoor,
24934,42687,119664,boxing_ring,
24935,42687,119688,clean_room,
24936,42687,119688,museum/indoor,
24937,42687,119688,discotheque,
24938,42687,119688,nursery,
24939,42687,119688,stage/indoor,
24940,42687,119712,clean_room,
24941,42687,119712,shower,
24942,42687,119712,closet,
24943,42687,119712,nursery,
24944,42687,119712,chemistry_lab,
24945,42687,119736,closet,
24946,42687,119736,clean_room,
24947,42687,119736,shower,
24948,42687,119736,gift_shop,
24949,42687,119736,nursery,
24950,42687,119760,closet,
24951,42687,119760,clean_room,
24952,42687,119760,gift_shop,
24953,42687,119760,dressing_room,
24954,42687,119760,clothing_store,
24955,42687,119784,closet,
24956,42687,119784,clean_room,
24957,42687,119784,nursery,
24958,42687,119784,shower,
24959,42687,119784,gift_shop,
24960,42687,119808,nursery,
24961,42687,119808,clean_room,
24962,42687,119808,closet,
24963,42687,119808,dressing_room,
24964,42687,119808,gift_shop,
24965,42687,119832,clean_room,
24966,42687,119832,shower,
24967,42687,119832,closet,
24968,42687,119832,dressing_room,
24969,42687,119832,locker_room,
24970,42687,119856,clean_room,
24971,42687,119856,shower,
24972,42687,119856,closet,
24973,42687,119856,chemistry_lab,
24974,42687,119856,natural_history_museum,
24975,42687,119880,clean_room,
24976,42687,119880,operating_room,
24977,42687,119880,shower,
24978,42687,119880,dressing_room,
24979,42687,119880,hospital_room,
24980,42687,119904,clean_room,
24981,42687,119904,museum/indoor,
24982,42687,119904,art_gallery,
24983,42687,119904,science_museum,
24984,42687,119904,dressing_room,
24985,42687,119928,clean_room,
24986,42687,119928,museum/indoor,
24987,42687,119928,nursery,
24988,42687,119928,operating_room,
24989,42687,119928,hospital_room,
24990,42687,119952,clean_room,
24991,42687,119952,hospital_room,
24992,42687,119952,operating_room,
24993,42687,119952,discotheque,
24994,42687,119952,nursery,
24995,42687,119976,clean_room,
24996,42687,119976,discotheque,
24997,42687,119976,operating_room,
24998,42687,119976,hospital_room,
24999,42687,119976,nursery,
25000,42687,120000,clean_room,
25001,42687,120000,hospital_room,
25002,42687,120000,dressing_room,
25003,42687,120000,nursery,
25004,42687,120000,operating_room,
25005,42687,120024,clean_room,
25006,42687,120024,discotheque,
25007,42687,120024,dressing_room,
25008,42687,120024,nursery,
25009,42687,120024,hospital_room,
25010,42687,120048,clean_room,
25011,42687,120048,dressing_room,
25012,42687,120048,museum/indoor,
25013,42687,120048,discotheque,
25014,42687,120048,hospital_room,
25015,42687,120072,dressing_room,
25016,42687,120072,clean_room,
25017,42687,120072,discotheque,
25018,42687,120072,beauty_salon,
25019,42687,120072,hospital_room,
25020,42687,120096,dressing_room,
25021,42687,120096,clean_room,
25022,42687,120096,martial_arts_gym,
25023,42687,120096,nursery,
25024,42687,120096,locker_room,
25025,42687,120120,clean_room,
25026,42687,120120,dressing_room,
25027,42687,120120,martial_arts_gym,
25028,42687,120120,hospital_room,
25029,42687,120120,operating_room,
25030,42687,120144,dressing_room,
25031,42687,120144,clean_room,
25032,42687,120144,locker_room,
25033,42687,120144,martial_arts_gym,
25034,42687,120144,discotheque,
25035,42687,120168,dressing_room,
25036,42687,120168,discotheque,
25037,42687,120168,clean_room,
25038,42687,120168,ballroom,
25039,42687,120168,locker_room,
25040,42687,120192,clean_room,
25041,42687,120192,dressing_room,
25042,42687,120192,locker_room,
25043,42687,120192,museum/indoor,
25044,42687,120192,discotheque,
25045,42687,120216,clean_room,
25046,42687,120216,museum/indoor,
25047,42687,120216,dressing_room,
25048,42687,120216,hospital_room,
25049,42687,120216,locker_room,
25050,42687,120240,clean_room,
25051,42687,120240,museum/indoor,
25052,42687,120240,nursery,
25053,42687,120240,hospital_room,
25054,42687,120240,dressing_room,
25055,42687,120264,clean_room,
25056,42687,120264,nursery,
25057,42687,120264,hospital_room,
25058,42687,120264,discotheque,
25059,42687,120264,operating_room,
25060,42687,120288,dressing_room,
25061,42687,120288,shower,
25062,42687,120288,discotheque,
25063,42687,120288,clean_room,
25064,42687,120288,closet,
25065,42687,120312,shower,
25066,42687,120312,clean_room,
25067,42687,120312,closet,
25068,42687,120312,dressing_room,
25069,42687,120312,locker_room,
25070,42687,120336,clean_room,
25071,42687,120336,clothing_store,
25072,42687,120336,shower,
25073,42687,120336,jewelry_shop,
25074,42687,120336,museum/indoor,
25075,42687,120360,clean_room,
25076,42687,120360,nursery,
25077,42687,120360,closet,
25078,42687,120360,dressing_room,
25079,42687,120360,art_gallery,
25080,42687,120384,clean_room,
25081,42687,120384,nursery,
25082,42687,120384,museum/indoor,
25083,42687,120384,bow_window/indoor,
25084,42687,120384,shower,
25085,42687,120408,nursery,
25086,42687,120408,shower,
25087,42687,120408,boxing_ring,
25088,42687,120408,clean_room,
25089,42687,120408,museum/indoor,
25090,42687,120432,clean_room,
25091,42687,120432,dressing_room,
25092,42687,120432,locker_room,
25093,42687,120432,hospital_room,
25094,42687,120432,museum/indoor,
25095,42687,120456,clean_room,
25096,42687,120456,dressing_room,
25097,42687,120456,hospital_room,
25098,42687,120456,nursing_home,
25099,42687,120456,chemistry_lab,
25100,42687,120480,dressing_room,
25101,42687,120480,clean_room,
25102,42687,120480,locker_room,
25103,42687,120480,boxing_ring,
25104,42687,120480,operating_room,
25105,42687,120504,clean_room,
25106,42687,120504,locker_room,
25107,42687,120504,dressing_room,
25108,42687,120504,closet,
25109,42687,120504,nursery,
25110,42687,120528,clean_room,
25111,42687,120528,dressing_room,
25112,42687,120528,nursery,
25113,42687,120528,closet,
25114,42687,120528,gift_shop,
25115,42687,120552,clean_room,
25116,42687,120552,nursery,
25117,42687,120552,operating_room,
25118,42687,120552,museum/indoor,
25119,42687,120552,dressing_room,
25120,42687,120576,clean_room,
25121,42687,120576,locker_room,
25122,42687,120576,operating_room,
25123,42687,120576,chemistry_lab,
25124,42687,120576,dressing_room,
25125,42687,120600,clean_room,
25126,42687,120600,dressing_room,
25127,42687,120600,locker_room,
25128,42687,120600,operating_room,
25129,42687,120600,hospital_room,
25130,42687,120624,clean_room,
25131,42687,120624,operating_room,
25132,42687,120624,hospital_room,
25133,42687,120624,nursery,
25134,42687,120624,ice_cream_parlor,
25135,42687,120648,dressing_room,
25136,42687,120648,clean_room,
25137,42687,120648,beauty_salon,
25138,42687,120648,hospital_room,
25139,42687,120648,discotheque,
25140,42687,120672,clean_room,
25141,42687,120672,dressing_room,
25142,42687,120672,pharmacy,
25143,42687,120672,toyshop,
25144,42687,120672,ice_cream_parlor,
25145,42687,120696,dressing_room,
25146,42687,120696,clean_room,
25147,42687,120696,locker_room,
25148,42687,120696,beauty_salon,
25149,42687,120696,elevator/door,
25150,42687,120720,dressing_room,
25151,42687,120720,clean_room,
25152,42687,120720,locker_room,
25153,42687,120720,hospital_room,
25154,42687,120720,beauty_salon,
25155,42687,120744,clean_room,
25156,42687,120744,dressing_room,
25157,42687,120744,locker_room,
25158,42687,120744,hospital_room,
25159,42687,120744,chemistry_lab,
25160,42687,120768,discotheque,
25161,42687,120768,clean_room,
25162,42687,120768,kindergarden_classroom,
25163,42687,120768,museum/indoor,
25164,42687,120768,dressing_room,
25165,42687,120792,dressing_room,
25166,42687,120792,discotheque,
25167,42687,120792,locker_room,
25168,42687,120792,sauna,
25169,42687,120792,beauty_salon,
25170,42687,120816,discotheque,
25171,42687,120816,dressing_room,
25172,42687,120816,clean_room,
25173,42687,120816,museum/indoor,
25174,42687,120816,locker_room,
25175,42687,120840,discotheque,
25176,42687,120840,dressing_room,
25177,42687,120840,nursery,
25178,42687,120840,clean_room,
25179,42687,120840,kindergarden_classroom,
25180,42687,120864,shower,
25181,42687,120864,bow_window/indoor,
25182,42687,120864,bathroom,
25183,42687,120864,elevator/door,
25184,42687,120864,closet,
25185,42687,120888,bow_window/indoor,
25186,42687,120888,shower,
25187,42687,120888,elevator/door,
25188,42687,120888,bathroom,
25189,42687,120888,clean_room,
25190,42687,120912,clean_room,
25191,42687,120912,dressing_room,
25192,42687,120912,discotheque,
25193,42687,120912,art_gallery,
25194,42687,120912,museum/indoor,
25195,42687,120936,discotheque,
25196,42687,120936,dressing_room,
25197,42687,120936,clean_room,
25198,42687,120936,beauty_salon,
25199,42687,120936,bar,
25200,42687,120960,dressing_room,
25201,42687,120960,clean_room,
25202,42687,120960,discotheque,
25203,42687,120960,chemistry_lab,
25204,42687,120960,nursery,
25205,42687,120984,dressing_room,
25206,42687,120984,clean_room,
25207,42687,120984,discotheque,
25208,42687,120984,museum/indoor,
25209,42687,120984,nursery,
25210,42687,121008,clean_room,
25211,42687,121008,discotheque,
25212,42687,121008,dressing_room,
25213,42687,121008,nursery,
25214,42687,121008,science_museum,
25215,42687,121032,dressing_room,
25216,42687,121032,discotheque,
25217,42687,121032,locker_room,
25218,42687,121032,sauna,
25219,42687,121032,shower,
25220,42687,121056,discotheque,
25221,42687,121056,dressing_room,
25222,42687,121056,classroom,
25223,42687,121056,kindergarden_classroom,
25224,42687,121056,bar,
25225,42687,121080,discotheque,
25226,42687,121080,dressing_room,
25227,42687,121080,chemistry_lab,
25228,42687,121080,kindergarden_classroom,
25229,42687,121080,bar,
25230,42687,121104,clean_room,
25231,42687,121104,dressing_room,
25232,42687,121104,hospital_room,
25233,42687,121104,locker_room,
25234,42687,121104,nursing_home,
25235,42687,121128,clean_room,
25236,42687,121128,dressing_room,
25237,42687,121128,hospital_room,
25238,42687,121128,locker_room,
25239,42687,121128,nursing_home,
25240,42687,121152,clean_room,
25241,42687,121152,museum/indoor,
25242,42687,121152,clothing_store,
25243,42687,121152,iceberg,
25244,42687,121152,science_museum,
25245,42687,121176,clean_room,
25246,42687,121176,ice_cream_parlor,
25247,42687,121176,museum/indoor,
25248,42687,121176,science_museum,
25249,42687,121176,iceberg,
25250,42687,121200,clean_room,
25251,42687,121200,museum/indoor,
25252,42687,121200,ice_cream_parlor,
25253,42687,121200,iceberg,
25254,42687,121200,botanical_garden,
25255,42687,121224,clean_room,
25256,42687,121224,ice_cream_parlor,
25257,42687,121224,iceberg,
25258,42687,121224,ice_floe,
25259,42687,121224,science_museum,
25260,42687,121248,clean_room,
25261,42687,121248,ice_cream_parlor,
25262,42687,121248,science_museum,
25263,42687,121248,hospital_room,
25264,42687,121248,nursery,
25265,42687,121272,clean_room,
25266,42687,121272,ice_cream_parlor,
25267,42687,121272,science_museum,
25268,42687,121272,museum/indoor,
25269,42687,121272,art_gallery,
25270,42687,121296,clean_room,
25271,42687,121296,greenhouse/indoor,
25272,42687,121296,florist_shop/indoor,
25273,42687,121296,wheat_field,
25274,42687,121296,art_gallery,
25275,42687,121320,clean_room,
25276,42687,121320,florist_shop/indoor,
25277,42687,121320,chemistry_lab,
25278,42687,121320,art_gallery,
25279,42687,121320,museum/indoor,
25280,42687,121344,clean_room,
25281,42687,121344,dressing_room,
25282,42687,121344,shower,
25283,42687,121344,bathroom,
25284,42687,121344,discotheque,
25285,42687,121368,shower,
25286,42687,121368,beauty_salon,
25287,42687,121368,dressing_room,
25288,42687,121368,clean_room,
25289,42687,121368,ice_cream_parlor,
25290,42687,121392,dressing_room,
25291,42687,121392,clean_room,
25292,42687,121392,ballroom,
25293,42687,121392,locker_room,
25294,42687,121392,hospital_room,
25295,42687,121416,dressing_room,
25296,42687,121416,clean_room,
25297,42687,121416,ballroom,
25298,42687,121416,elevator/door,
25299,42687,121416,discotheque,
25300,42687,121440,clothing_store,
25301,42687,121440,art_gallery,
25302,42687,121440,beauty_salon,
25303,42687,121440,clean_room,
25304,42687,121440,shower,
25305,42687,121464,art_gallery,
25306,42687,121464,museum/indoor,
25307,42687,121464,clothing_store,
25308,42687,121464,clean_room,
25309,42687,121464,shower,
25310,42687,121488,beauty_salon,
25311,42687,121488,shower,
25312,42687,121488,museum/indoor,
25313,42687,121488,art_gallery,
25314,42687,121488,clothing_store,
25315,42687,121512,clean_room,
25316,42687,121512,ice_cream_parlor,
25317,42687,121512,art_gallery,
25318,42687,121512,museum/indoor,
25319,42687,121512,science_museum,
25320,42687,121536,ice_cream_parlor,
25321,42687,121536,clean_room,
25322,42687,121536,museum/indoor,
25323,42687,121536,art_gallery,
25324,42687,121536,nursery,
25325,42687,121560,clean_room,
25326,42687,121560,dressing_room,
25327,42687,121560,ice_cream_parlor,
25328,42687,121560,hospital_room,
25329,42687,121560,beauty_salon,
25330,42687,121584,clean_room,
25331,42687,121584,dressing_room,
25332,42687,121584,ice_cream_parlor,
25333,42687,121584,hospital_room,
25334,42687,121584,beauty_salon,
25335,42687,121608,clean_room,
25336,42687,121608,ice_cream_parlor,
25337,42687,121608,science_museum,
25338,42687,121608,museum/indoor,
25339,42687,121608,operating_room,
25340,42687,121632,clean_room,
25341,42687,121632,science_museum,
25342,42687,121632,ice_cream_parlor,
25343,42687,121632,museum/indoor,
25344,42687,121632,natural_history_museum,
25345,42687,121656,clean_room,
25346,42687,121656,science_museum,
25347,42687,121656,museum/indoor,
25348,42687,121656,ice_cream_parlor,
25349,42687,121656,operating_room,
25350,42687,121680,shower,
25351,42687,121680,beauty_salon,
25352,42687,121680,clean_room,
25353,42687,121680,discotheque,
25354,42687,121680,playground,
25355,42687,121704,ice_cream_parlor,
25356,42687,121704,shower,
25357,42687,121704,staircase,
25358,42687,121704,beauty_salon,
25359,42687,121704,clean_room,
25360,42687,121728,clothing_store,
25361,42687,121728,staircase,
25362,42687,121728,clean_room,
25363,42687,121728,escalator/indoor,
25364,42687,121728,discotheque,
25365,42687,121752,dressing_room,
25366,42687,121752,clean_room,
25367,42687,121752,locker_room,
25368,42687,121752,ballroom,
25369,42687,121752,discotheque,
25370,42687,121776,dressing_room,
25371,42687,121776,clean_room,
25372,42687,121776,locker_room,
25373,42687,121776,discotheque,
25374,42687,121776,ballroom,
25375,42687,121800,clean_room,
25376,42687,121800,archive,
25377,42687,121800,closet,
25378,42687,121800,locker_room,
25379,42687,121800,shower,
25380,42687,121824,clean_room,
25381,42687,121824,operating_room,
25382,42687,121824,veterinarians_office,
25383,42687,121824,science_museum,
25384,42687,121824,ice_cream_parlor,
25385,42687,121848,clean_room,
25386,42687,121848,shower,
25387,42687,121848,veterinarians_office,
25388,42687,121848,bathroom,
25389,42687,121848,hospital_room,
25390,42687,121872,dressing_room,
25391,42687,121872,discotheque,
25392,42687,121872,ballroom,
25393,42687,121872,locker_room,
25394,42687,121872,martial_arts_gym,
25395,42687,121896,dressing_room,
25396,42687,121896,discotheque,
25397,42687,121896,locker_room,
25398,42687,121896,bathroom,
25399,42687,121896,ballroom,
25400,42687,121920,discotheque,
25401,42687,121920,shower,
25402,42687,121920,bar,
25403,42687,121920,dressing_room,
25404,42687,121920,locker_room,
25405,42687,121944,dressing_room,
25406,42687,121944,clean_room,
25407,42687,121944,museum/indoor,
25408,42687,121944,discotheque,
25409,42687,121944,hospital_room,
25410,42687,121968,dressing_room,
25411,42687,121968,clean_room,
25412,42687,121968,discotheque,
25413,42687,121968,locker_room,
25414,42687,121968,shower,
25415,42687,121992,dressing_room,
25416,42687,121992,discotheque,
25417,42687,121992,shower,
25418,42687,121992,locker_room,
25419,42687,121992,sauna,
25420,42687,122016,dressing_room,
25421,42687,122016,museum/indoor,
25422,42687,122016,clean_room,
25423,42687,122016,shower,
25424,42687,122016,discotheque,
25425,42687,122040,dressing_room,
25426,42687,122040,shower,
25427,42687,122040,clean_room,
25428,42687,122040,museum/indoor,
25429,42687,122040,discotheque,
25430,42687,122064,dressing_room,
25431,42687,122064,shower,
25432,42687,122064,discotheque,
25433,42687,122064,museum/indoor,
25434,42687,122064,clean_room,
25435,42687,122088,dressing_room,
25436,42687,122088,shower,
25437,42687,122088,clean_room,
25438,42687,122088,museum/indoor,
25439,42687,122088,ballroom,
25440,42687,122112,dressing_room,
25441,42687,122112,ballroom,
25442,42687,122112,discotheque,
25443,42687,122112,shower,
25444,42687,122112,clean_room,
25445,42687,122136,ballroom,
25446,42687,122136,dressing_room,
25447,42687,122136,martial_arts_gym,
25448,42687,122136,clean_room,
25449,42687,122136,discotheque,
25450,42687,122160,clean_room,
25451,42687,122160,hospital_room,
25452,42687,122160,operating_room,
25453,42687,122160,dressing_room,
25454,42687,122160,martial_arts_gym,
25455,42687,122184,dressing_room,
25456,42687,122184,ballroom,
25457,42687,122184,clean_room,
25458,42687,122184,discotheque,
25459,42687,122184,nursing_home,
25460,42687,122208,dressing_room,
25461,42687,122208,clean_room,
25462,42687,122208,martial_arts_gym,
25463,42687,122208,discotheque,
25464,42687,122208,locker_room,
25465,42687,122232,clean_room,
25466,42687,122232,dressing_room,
25467,42687,122232,ballroom,
25468,42687,122232,hospital_room,
25469,42687,122232,discotheque,
25470,42687,122256,clean_room,
25471,42687,122256,dressing_room,
25472,42687,122256,discotheque,
25473,42687,122256,ballroom,
25474,42687,122256,stage/indoor,
25475,42687,122280,clean_room,
25476,42687,122280,dressing_room,
25477,42687,122280,hospital_room,
25478,42687,122280,operating_room,
25479,42687,122280,ballroom,
25480,42687,122304,clean_room,
25481,42687,122304,dressing_room,
25482,42687,122304,ballroom,
25483,42687,122304,beauty_salon,
25484,42687,122304,discotheque,
25485,42687,122328,clean_room,
25486,42687,122328,hospital_room,
25487,42687,122328,dressing_room,
25488,42687,122328,operating_room,
25489,42687,122328,martial_arts_gym,
25490,42687,122352,clean_room,
25491,42687,122352,ballroom,
25492,42687,122352,dressing_room,
25493,42687,122352,hospital_room,
25494,42687,122352,martial_arts_gym,
25495,42687,122376,clean_room,
25496,42687,122376,ballroom,
25497,42687,122376,hospital_room,
25498,42687,122376,dressing_room,
25499,42687,122376,discotheque,
25500,42687,122400,clean_room,
25501,42687,122400,operating_room,
25502,42687,122400,stage/indoor,
25503,42687,122400,hospital_room,
25504,42687,122400,discotheque,
25505,42687,122424,dressing_room,
25506,42687,122424,clean_room,
25507,42687,122424,ballroom,
25508,42687,122424,discotheque,
25509,42687,122424,martial_arts_gym,
25510,42687,122448,dressing_room,
25511,42687,122448,ballroom,
25512,42687,122448,discotheque,
25513,42687,122448,martial_arts_gym,
25514,42687,122448,stage/indoor,
25515,42687,122472,clean_room,
25516,42687,122472,dressing_room,
25517,42687,122472,ballroom,
25518,42687,122472,discotheque,
25519,42687,122472,stage/indoor,
25520,42687,122496,clean_room,
25521,42687,122496,dressing_room,
25522,42687,122496,hospital_room,
25523,42687,122496,museum/indoor,
25524,42687,122496,operating_room,
25525,42687,122520,dressing_room,
25526,42687,122520,ballroom,
25527,42687,122520,clean_room,
25528,42687,122520,discotheque,
25529,42687,122520,nursing_home,
25530,42687,122544,clean_room,
25531,42687,122544,ballroom,
25532,42687,122544,discotheque,
25533,42687,122544,dressing_room,
25534,42687,122544,operating_room,
25535,42687,122568,clean_room,
25536,42687,122568,dressing_room,
25537,42687,122568,ballroom,
25538,42687,122568,operating_room,
25539,42687,122568,hospital_room,
25540,42687,122592,dressing_room,
25541,42687,122592,clean_room,
25542,42687,122592,discotheque,
25543,42687,122592,ballroom,
25544,42687,122592,hospital_room,
25545,42687,122616,clean_room,
25546,42687,122616,dressing_room,
25547,42687,122616,museum/indoor,
25548,42687,122616,locker_room,
25549,42687,122616,hospital_room,
25550,42687,122640,dressing_room,
25551,42687,122640,clean_room,
25552,42687,122640,ballroom,
25553,42687,122640,discotheque,
25554,42687,122640,locker_room,
25555,42687,122664,clean_room,
25556,42687,122664,dressing_room,
25557,42687,122664,hospital_room,
25558,42687,122664,operating_room,
25559,42687,122664,locker_room,
25560,42687,122688,clean_room,
25561,42687,122688,dressing_room,
25562,42687,122688,hospital_room,
25563,42687,122688,ballroom,
25564,42687,122688,nursing_home,
25565,42687,122712,clean_room,
25566,42687,122712,dressing_room,
25567,42687,122712,discotheque,
25568,42687,122712,stage/indoor,
25569,42687,122712,locker_room,
25570,42687,122736,clean_room,
25571,42687,122736,dressing_room,
25572,42687,122736,discotheque,
25573,42687,122736,stage/indoor,
25574,42687,122736,music_studio,
25575,42687,122760,clean_room,
25576,42687,122760,dressing_room,
25577,42687,122760,stage/indoor,
25578,42687,122760,discotheque,
25579,42687,122760,music_studio,
25580,42687,122784,clean_room,
25581,42687,122784,dressing_room,
25582,42687,122784,music_studio,
25583,42687,122784,discotheque,
25584,42687,122784,stage/indoor,
25585,42687,122808,clean_room,
25586,42687,122808,music_studio,
25587,42687,122808,discotheque,
25588,42687,122808,stage/indoor,
25589,42687,122808,archive,
25590,42687,122832,clean_room,
25591,42687,122832,dressing_room,
25592,42687,122832,music_studio,
25593,42687,122832,toyshop,
25594,42687,122832,gift_shop,
25595,42687,122856,clean_room,
25596,42687,122856,discotheque,
25597,42687,122856,music_studio,
25598,42687,122856,stage/indoor,
25599,42687,122856,dressing_room,
25600,42687,122880,clean_room,
25601,42687,122880,dressing_room,
25602,42687,122880,locker_room,
25603,42687,122880,music_studio,
25604,42687,122880,discotheque,
25605,42687,122904,clean_room,
25606,42687,122904,dressing_room,
25607,42687,122904,locker_room,
25608,42687,122904,music_studio,
25609,42687,122904,stage/indoor,
25610,42687,122928,clean_room,
25611,42687,122928,locker_room,
25612,42687,122928,martial_arts_gym,
25613,42687,122928,dressing_room,
25614,42687,122928,chemistry_lab,
25615,42687,122952,discotheque,
25616,42687,122952,clean_room,
25617,42687,122952,candy_store,
25618,42687,122952,chemistry_lab,
25619,42687,122952,bar,
25620,42687,122976,museum/indoor,
25621,42687,122976,dressing_room,
25622,42687,122976,clean_room,
25623,42687,122976,art_gallery,
25624,42687,122976,stage/indoor,
25625,42687,123000,museum/indoor,
25626,42687,123000,clean_room,
25627,42687,123000,dressing_room,
25628,42687,123000,stage/indoor,
25629,42687,123000,music_studio,
25630,42687,123024,clean_room,
25631,42687,123024,dressing_room,
25632,42687,123024,museum/indoor,
25633,42687,123024,archive,
25634,42687,123024,stage/indoor,
25635,42687,123048,museum/indoor,
25636,42687,123048,clean_room,
25637,42687,123048,archive,
25638,42687,123048,dressing_room,
25639,42687,123048,stage/indoor,
25640,42687,123072,museum/indoor,
25641,42687,123072,archive,
25642,42687,123072,clean_room,
25643,42687,123072,dressing_room,
25644,42687,123072,stage/indoor,
25645,42687,123096,museum/indoor,
25646,42687,123096,clean_room,
25647,42687,123096,dressing_room,
25648,42687,123096,archive,
25649,42687,123096,stage/indoor,
25650,42687,123120,clean_room,
25651,42687,123120,museum/indoor,
25652,42687,123120,dressing_room,
25653,42687,123120,archive,
25654,42687,123120,stage/indoor,
25655,42687,123144,museum/indoor,
25656,42687,123144,clean_room,
25657,42687,123144,dressing_room,
25658,42687,123144,art_gallery,
25659,42687,123144,art_studio,
25660,42687,123168,museum/indoor,
25661,42687,123168,clean_room,
25662,42687,123168,dressing_room,
25663,42687,123168,art_gallery,
25664,42687,123168,art_studio,
25665,42687,123192,archive,
25666,42687,123192,nursery,
25667,42687,123192,clean_room,
25668,42687,123192,dressing_room,
25669,42687,123192,sauna,
25670,42687,123216,sauna,
25671,42687,123216,clean_room,
25672,42687,123216,shower,
25673,42687,123216,discotheque,
25674,42687,123216,hospital_room,
25675,42687,123240,clean_room,
25676,42687,123240,dressing_room,
25677,42687,123240,hospital_room,
25678,42687,123240,archive,
25679,42687,123240,sauna,
25680,42687,123264,clean_room,
25681,42687,123264,hospital_room,
25682,42687,123264,nursery,
25683,42687,123264,archive,
25684,42687,123264,sauna,
25685,42687,123288,clean_room,
25686,42687,123288,nursery,
25687,42687,123288,hospital_room,
25688,42687,123288,dressing_room,
25689,42687,123288,kindergarden_classroom,
25690,42687,123312,dressing_room,
25691,42687,123312,hospital_room,
25692,42687,123312,nursery,
25693,42687,123312,clean_room,
25694,42687,123312,sauna,
25695,42687,123336,dressing_room,
25696,42687,123336,hospital_room,
25697,42687,123336,clean_room,
25698,42687,123336,nursery,
25699,42687,123336,kindergarden_classroom,
25700,42687,123360,dressing_room,
25701,42687,123360,clean_room,
25702,42687,123360,hospital_room,
25703,42687,123360,nursery,
25704,42687,123360,sauna,
25705,42687,123384,dressing_room,
25706,42687,123384,nursery,
25707,42687,123384,hospital_room,
25708,42687,123384,clean_room,
25709,42687,123384,sauna,
25710,42687,123408,dressing_room,
25711,42687,123408,clean_room,
25712,42687,123408,hospital_room,
25713,42687,123408,nursery,
25714,42687,123408,sauna,
25715,42687,123432,dressing_room,
25716,42687,123432,nursery,
25717,42687,123432,clean_room,
25718,42687,123432,sauna,
25719,42687,123432,hospital_room,
25720,42687,123456,clean_room,
25721,42687,123456,dressing_room,
25722,42687,123456,archive,
25723,42687,123456,hospital_room,
25724,42687,123456,sauna,
25725,42687,123480,clean_room,
25726,42687,123480,dressing_room,
25727,42687,123480,sauna,
25728,42687,123480,discotheque,
25729,42687,123480,hospital_room,
25730,42687,123504,discotheque,
25731,42687,123504,hospital_room,
25732,42687,123504,dressing_room,
25733,42687,123504,clean_room,
25734,42687,123504,operating_room,
25735,42687,123528,discotheque,
25736,42687,123528,dressing_room,
25737,42687,123528,stage/indoor,
25738,42687,123528,music_studio,
25739,42687,123528,hospital_room,
25740,42687,123552,discotheque,
25741,42687,123552,dressing_room,
25742,42687,123552,clean_room,
25743,42687,123552,stage/indoor,
25744,42687,123552,hospital_room,
25745,42687,123576,discotheque,
25746,42687,123576,dressing_room,
25747,42687,123576,operating_room,
25748,42687,123576,clean_room,
25749,42687,123576,hospital_room,
25750,42687,123600,discotheque,
25751,42687,123600,dressing_room,
25752,42687,123600,shower,
25753,42687,123600,sauna,
25754,42687,123600,clean_room,
25755,42687,123624,discotheque,
25756,42687,123624,dressing_room,
25757,42687,123624,stage/indoor,
25758,42687,123624,sauna,
25759,42687,123624,nursery,
25760,42687,123648,dressing_room,
25761,42687,123648,discotheque,
25762,42687,123648,sauna,
25763,42687,123648,stage/indoor,
25764,42687,123648,hospital_room,
25765,42687,123672,discotheque,
25766,42687,123672,dressing_room,
25767,42687,123672,sauna,
25768,42687,123672,hospital_room,
25769,42687,123672,stage/indoor,
25770,42687,123696,discotheque,
25771,42687,123696,dressing_room,
25772,42687,123696,stage/indoor,
25773,42687,123696,hospital_room,
25774,42687,123696,nursery,
25775,42687,123720,discotheque,
25776,42687,123720,dressing_room,
25777,42687,123720,hospital_room,
25778,42687,123720,nursery,
25779,42687,123720,stage/indoor,
25780,42687,123744,discotheque,
25781,42687,123744,dressing_room,
25782,42687,123744,hospital_room,
25783,42687,123744,clean_room,
25784,42687,123744,nursery,
25785,42687,123768,dressing_room,
25786,42687,123768,hospital_room,
25787,42687,123768,clean_room,
25788,42687,123768,nursery,
25789,42687,123768,beauty_salon,
25790,42687,123792,dressing_room,
25791,42687,123792,clean_room,
25792,42687,123792,operating_room,
25793,42687,123792,hospital_room,
25794,42687,123792,beauty_salon,
25795,42687,123816,clean_room,
25796,42687,123816,operating_room,
25797,42687,123816,dressing_room,
25798,42687,123816,hospital_room,
25799,42687,123816,nursing_home,
25800,42687,123840,clean_room,
25801,42687,123840,operating_room,
25802,42687,123840,dressing_room,
25803,42687,123840,hospital_room,
25804,42687,123840,chemistry_lab,
25805,42687,123864,clean_room,
25806,42687,123864,operating_room,
25807,42687,123864,hospital_room,
25808,42687,123864,dressing_room,
25809,42687,123864,chemistry_lab,
25810,42687,123888,dressing_room,
25811,42687,123888,hospital_room,
25812,42687,123888,clean_room,
25813,42687,123888,operating_room,
25814,42687,123888,nursery,
25815,42687,123912,clean_room,
25816,42687,123912,dressing_room,
25817,42687,123912,museum/indoor,
25818,42687,123912,hospital_room,
25819,42687,123912,ballroom,
25820,42687,123936,dressing_room,
25821,42687,123936,clean_room,
25822,42687,123936,hospital_room,
25823,42687,123936,nursery,
25824,42687,123936,operating_room,
25825,42687,123960,clean_room,
25826,42687,123960,hospital_room,
25827,42687,123960,dressing_room,
25828,42687,123960,operating_room,
25829,42687,123960,museum/indoor,
25830,42687,123984,dressing_room,
25831,42687,123984,clean_room,
25832,42687,123984,hospital_room,
25833,42687,123984,operating_room,
25834,42687,123984,nursery,
25835,42687,124008,clean_room,
25836,42687,124008,dressing_room,
25837,42687,124008,hospital_room,
25838,42687,124008,operating_room,
25839,42687,124008,chemistry_lab,
25840,42687,124032,dressing_room,
25841,42687,124032,clean_room,
25842,42687,124032,discotheque,
25843,42687,124032,museum/indoor,
25844,42687,124032,ballroom,
25845,42687,124056,clean_room,
25846,42687,124056,dressing_room,
25847,42687,124056,operating_room,
25848,42687,124056,museum/indoor,
25849,42687,124056,discotheque,
25850,42687,124080,dressing_room,
25851,42687,124080,clean_room,
25852,42687,124080,discotheque,
25853,42687,124080,chemistry_lab,
25854,42687,124080,beauty_salon,
25855,42687,124104,dressing_room,
25856,42687,124104,clean_room,
25857,42687,124104,chemistry_lab,
25858,42687,124104,discotheque,
25859,42687,124104,locker_room,
25860,42687,124128,clean_room,
25861,42687,124128,dressing_room,
25862,42687,124128,beauty_salon,
25863,42687,124128,operating_room,
25864,42687,124128,chemistry_lab,
25865,42687,124152,beauty_salon,
25866,42687,124152,dressing_room,
25867,42687,124152,clean_room,
25868,42687,124152,discotheque,
25869,42687,124152,museum/indoor,
25870,42687,124176,dressing_room,
25871,42687,124176,beauty_salon,
25872,42687,124176,music_studio,
25873,42687,124176,discotheque,
25874,42687,124176,chemistry_lab,
25875,42687,124200,dressing_room,
25876,42687,124200,clean_room,
25877,42687,124200,beauty_salon,
25878,42687,124200,music_studio,
25879,42687,124200,operating_room,
25880,42687,124224,dressing_room,
25881,42687,124224,nursery,
25882,42687,124224,playroom,
25883,42687,124224,clean_room,
25884,42687,124224,sauna,
25885,42687,124248,dressing_room,
25886,42687,124248,clean_room,
25887,42687,124248,locker_room,
25888,42687,124248,nursery,
25889,42687,124248,hospital_room,
25890,42687,124272,clean_room,
25891,42687,124272,dressing_room,
25892,42687,124272,playroom,
25893,42687,124272,nursery,
25894,42687,124272,hospital_room,
25895,42687,124296,clean_room,
25896,42687,124296,dressing_room,
25897,42687,124296,nursery,
25898,42687,124296,hospital_room,
25899,42687,124296,music_studio,
25900,42687,124320,clean_room,
25901,42687,124320,dressing_room,
25902,42687,124320,music_studio,
25903,42687,124320,discotheque,
25904,42687,124320,stage/indoor,
25905,42687,124344,clean_room,
25906,42687,124344,dressing_room,
25907,42687,124344,discotheque,
25908,42687,124344,stage/indoor,
25909,42687,124344,music_studio,
25910,42687,124368,clean_room,
25911,42687,124368,dressing_room,
25912,42687,124368,discotheque,
25913,42687,124368,stage/indoor,
25914,42687,124368,clothing_store,
25915,42687,124392,clean_room,
25916,42687,124392,dressing_room,
25917,42687,124392,discotheque,
25918,42687,124392,stage/indoor,
25919,42687,124392,clothing_store,
25920,42687,124416,museum/indoor,
25921,42687,124416,clean_room,
25922,42687,124416,art_gallery,
25923,42687,124416,stage/indoor,
25924,42687,124416,science_museum,
25925,42687,124440,museum/indoor,
25926,42687,124440,clean_room,
25927,42687,124440,locker_room,
25928,42687,124440,martial_arts_gym,
25929,42687,124440,ballroom,
25930,42687,124464,museum/indoor,
25931,42687,124464,ballroom,
25932,42687,124464,clean_room,
25933,42687,124464,archive,
25934,42687,124464,entrance_hall,
25935,42687,124488,museum/indoor,
25936,42687,124488,clean_room,
25937,42687,124488,archive,
25938,42687,124488,locker_room,
25939,42687,124488,hospital_room,
25940,42687,124512,clean_room,
25941,42687,124512,operating_room,
25942,42687,124512,dressing_room,
25943,42687,124512,discotheque,
25944,42687,124512,museum/indoor,
25945,42687,124536,clean_room,
25946,42687,124536,dressing_room,
25947,42687,124536,operating_room,
25948,42687,124536,discotheque,
25949,42687,124536,stage/indoor,
25950,42687,124560,clean_room,
25951,42687,124560,operating_room,
25952,42687,124560,dressing_room,
25953,42687,124560,discotheque,
25954,42687,124560,stage/indoor,
25955,42687,124584,museum/indoor,
25956,42687,124584,ballroom,
25957,42687,124584,martial_arts_gym,
25958,42687,124584,schoolhouse,
25959,42687,124584,clean_room,
25960,42687,124608,museum/indoor,
25961,42687,124608,clean_room,
25962,42687,124608,schoolhouse,
25963,42687,124608,ballroom,
25964,42687,124608,martial_arts_gym,
25965,42687,124632,museum/indoor,
25966,42687,124632,clean_room,
25967,42687,124632,archive,
25968,42687,124632,martial_arts_gym,
25969,42687,124632,hospital_room,
25970,42687,124656,museum/indoor,
25971,42687,124656,clean_room,
25972,42687,124656,ballroom,
25973,42687,124656,martial_arts_gym,
25974,42687,124656,dressing_room,
25975,42687,124680,clean_room,
25976,42687,124680,martial_arts_gym,
25977,42687,124680,museum/indoor,
25978,42687,124680,dressing_room,
25979,42687,124680,ballroom,
25980,42687,124704,martial_arts_gym,
25981,42687,124704,ballroom,
25982,42687,124704,gymnasium/indoor,
25983,42687,124704,museum/indoor,
25984,42687,124704,locker_room,
25985,42687,124728,martial_arts_gym,
25986,42687,124728,gymnasium/indoor,
25987,42687,124728,museum/indoor,
25988,42687,124728,clean_room,
25989,42687,124728,locker_room,
25990,42687,124752,martial_arts_gym,
25991,42687,124752,gymnasium/indoor,
25992,42687,124752,locker_room,
25993,42687,124752,ballroom,
25994,42687,124752,clean_room,
25995,42687,124776,clean_room,
25996,42687,124776,operating_room,
25997,42687,124776,hospital_room,
25998,42687,124776,nursing_home,
25999,42687,124776,museum/indoor,
26000,42687,124800,clean_room,
26001,42687,124800,operating_room,
26002,42687,124800,museum/indoor,
26003,42687,124800,hospital_room,
26004,42687,124800,nursing_home,
26005,42687,124824,clean_room,
26006,42687,124824,museum/indoor,
26007,42687,124824,archive,
26008,42687,124824,martial_arts_gym,
26009,42687,124824,discotheque,
26010,42687,124848,martial_arts_gym,
26011,42687,124848,museum/indoor,
26012,42687,124848,gymnasium/indoor,
26013,42687,124848,clean_room,
26014,42687,124848,bowling_alley,
26015,42687,124872,gymnasium/indoor,
26016,42687,124872,martial_arts_gym,
26017,42687,124872,ballroom,
26018,42687,124872,museum/indoor,
26019,42687,124872,locker_room,
26020,42687,124896,martial_arts_gym,
26021,42687,124896,ballroom,
26022,42687,124896,gymnasium/indoor,
26023,42687,124896,museum/indoor,
26024,42687,124896,locker_room,
26025,42687,124920,martial_arts_gym,
26026,42687,124920,museum/indoor,
26027,42687,124920,clean_room,
26028,42687,124920,ballroom,
26029,42687,124920,gymnasium/indoor,
26030,42687,124944,museum/indoor,
26031,42687,124944,clean_room,
26032,42687,124944,martial_arts_gym,
26033,42687,124944,locker_room,
26034,42687,124944,dressing_room,
26035,42687,124968,clean_room,
26036,42687,124968,museum/indoor,
26037,42687,124968,martial_arts_gym,
26038,42687,124968,hospital_room,
26039,42687,124968,dressing_room,
26040,42687,124992,clean_room,
26041,42687,124992,martial_arts_gym,
26042,42687,124992,dressing_room,
26043,42687,124992,hospital_room,
26044,42687,124992,locker_room,
26045,42687,125016,clean_room,
26046,42687,125016,martial_arts_gym,
26047,42687,125016,dressing_room,
26048,42687,125016,museum/indoor,
26049,42687,125016,operating_room,
26050,42687,125040,clean_room,
26051,42687,125040,discotheque,
26052,42687,125040,museum/indoor,
26053,42687,125040,stage/indoor,
26054,42687,125040,operating_room,
26055,42687,125064,clean_room,
26056,42687,125064,discotheque,
26057,42687,125064,museum/indoor,
26058,42687,125064,stage/indoor,
26059,42687,125064,operating_room,
26060,42687,125088,clean_room,
26061,42687,125088,martial_arts_gym,
26062,42687,125088,locker_room,
26063,42687,125088,dressing_room,
26064,42687,125088,museum/indoor,
26065,42687,125112,martial_arts_gym,
26066,42687,125112,clean_room,
26067,42687,125112,locker_room,
26068,42687,125112,discotheque,
26069,42687,125112,boxing_ring,
26070,42687,125136,martial_arts_gym,
26071,42687,125136,clean_room,
26072,42687,125136,locker_room,
26073,42687,125136,discotheque,
26074,42687,125136,dressing_room,
26075,42687,125160,clean_room,
26076,42687,125160,dressing_room,
26077,42687,125160,operating_room,
26078,42687,125160,hospital_room,
26079,42687,125160,nursery,
26080,42687,125184,clean_room,
26081,42687,125184,martial_arts_gym,
26082,42687,125184,discotheque,
26083,42687,125184,hospital_room,
26084,42687,125184,dressing_room,
26085,42687,125208,discotheque,
26086,42687,125208,martial_arts_gym,
26087,42687,125208,dressing_room,
26088,42687,125208,clean_room,
26089,42687,125208,stage/indoor,
26090,42687,125232,clean_room,
26091,42687,125232,martial_arts_gym,
26092,42687,125232,dressing_room,
26093,42687,125232,museum/indoor,
26094,42687,125232,discotheque,
26095,42687,125256,clean_room,
26096,42687,125256,locker_room,
26097,42687,125256,hospital_room,
26098,42687,125256,martial_arts_gym,
26099,42687,125256,dressing_room,
26100,42687,125280,clean_room,
26101,42687,125280,martial_arts_gym,
26102,42687,125280,hospital_room,
26103,42687,125280,ballroom,
26104,42687,125280,locker_room,
26105,42687,125304,clean_room,
26106,42687,125304,dressing_room,
26107,42687,125304,martial_arts_gym,
26108,42687,125304,beauty_salon,
26109,42687,125304,museum/indoor,
26110,42687,125328,clean_room,
26111,42687,125328,museum/indoor,
26112,42687,125328,dressing_room,
26113,42687,125328,operating_room,
26114,42687,125328,hospital_room,
26115,42687,125352,dressing_room,
26116,42687,125352,clean_room,
26117,42687,125352,music_studio,
26118,42687,125352,nursery,
26119,42687,125352,locker_room,
26120,42687,125376,dressing_room,
26121,42687,125376,clean_room,
26122,42687,125376,music_studio,
26123,42687,125376,sauna,
26124,42687,125376,locker_room,
26125,42687,125400,museum/indoor,
26126,42687,125400,dressing_room,
26127,42687,125400,art_studio,
26128,42687,125400,art_gallery,
26129,42687,125400,discotheque,
26130,42687,125424,museum/indoor,
26131,42687,125424,dressing_room,
26132,42687,125424,art_studio,
26133,42687,125424,discotheque,
26134,42687,125424,art_gallery,
26135,42687,125448,museum/indoor,
26136,42687,125448,dressing_room,
26137,42687,125448,art_studio,
26138,42687,125448,art_gallery,
26139,42687,125448,clean_room,
26140,42687,125472,bar,
26141,42687,125472,discotheque,
26142,42687,125472,classroom,
26143,42687,125472,chemistry_lab,
26144,42687,125472,clean_room,
26145,42687,125496,clean_room,
26146,42687,125496,operating_room,
26147,42687,125496,chemistry_lab,
26148,42687,125496,biology_laboratory,
26149,42687,125496,shower,
26150,42687,125520,clean_room,
26151,42687,125520,operating_room,
26152,42687,125520,museum/indoor,
26153,42687,125520,shower,
26154,42687,125520,hospital_room,
26155,42687,125544,clean_room,
26156,42687,125544,operating_room,
26157,42687,125544,hospital_room,
26158,42687,125544,museum/indoor,
26159,42687,125544,laundromat,
26160,42687,125568,clean_room,
26161,42687,125568,operating_room,
26162,42687,125568,hospital_room,
26163,42687,125568,dressing_room,
26164,42687,125568,chemistry_lab,
26165,42687,125592,clean_room,
26166,42687,125592,operating_room,
26167,42687,125592,hospital_room,
26168,42687,125592,dressing_room,
26169,42687,125592,martial_arts_gym,
26170,42687,125616,clean_room,
26171,42687,125616,dressing_room,
26172,42687,125616,operating_room,
26173,42687,125616,art_gallery,
26174,42687,125616,clothing_store,
26175,42687,125640,dressing_room,
26176,42687,125640,clean_room,
26177,42687,125640,museum/indoor,
26178,42687,125640,art_gallery,
26179,42687,125640,art_studio,
26180,42687,125664,clean_room,
26181,42687,125664,dressing_room,
26182,42687,125664,discotheque,
26183,42687,125664,locker_room,
26184,42687,125664,classroom,
26185,42687,125688,dressing_room,
26186,42687,125688,clean_room,
26187,42687,125688,beauty_salon,
26188,42687,125688,discotheque,
26189,42687,125688,hospital_room,
26190,42687,125712,dressing_room,
26191,42687,125712,clean_room,
26192,42687,125712,beauty_salon,
26193,42687,125712,clothing_store,
26194,42687,125712,locker_room,
26195,42687,125736,dressing_room,
26196,42687,125736,beauty_salon,
26197,42687,125736,clean_room,
26198,42687,125736,discotheque,
26199,42687,125736,clothing_store,
26200,42687,125760,dressing_room,
26201,42687,125760,clean_room,
26202,42687,125760,beauty_salon,
26203,42687,125760,discotheque,
26204,42687,125760,hospital_room,
26205,42687,125784,clean_room,
26206,42687,125784,beauty_salon,
26207,42687,125784,dressing_room,
26208,42687,125784,pharmacy,
26209,42687,125784,chemistry_lab,
26210,42687,125808,dressing_room,
26211,42687,125808,clean_room,
26212,42687,125808,discotheque,
26213,42687,125808,hospital_room,
26214,42687,125808,beauty_salon,
26215,42687,125832,dressing_room,
26216,42687,125832,clean_room,
26217,42687,125832,art_gallery,
26218,42687,125832,museum/indoor,
26219,42687,125832,locker_room,
26220,42687,125856,clean_room,
26221,42687,125856,dressing_room,
26222,42687,125856,clothing_store,
26223,42687,125856,operating_room,
26224,42687,125856,hospital_room,
26225,42687,125880,clean_room,
26226,42687,125880,dressing_room,
26227,42687,125880,operating_room,
26228,42687,125880,hospital_room,
26229,42687,125880,clothing_store,
26230,42687,125904,clean_room,
26231,42687,125904,dressing_room,
26232,42687,125904,operating_room,
26233,42687,125904,clothing_store,
26234,42687,125904,hospital_room,
26235,42687,125928,clean_room,
26236,42687,125928,dressing_room,
26237,42687,125928,clothing_store,
26238,42687,125928,museum/indoor,
26239,42687,125928,operating_room,
26240,42687,125952,clean_room,
26241,42687,125952,dressing_room,
26242,42687,125952,clothing_store,
26243,42687,125952,operating_room,
26244,42687,125952,hospital_room,
26245,42687,125976,clean_room,
26246,42687,125976,dressing_room,
26247,42687,125976,operating_room,
26248,42687,125976,clothing_store,
26249,42687,125976,hospital_room,
26250,42687,126000,clean_room,
26251,42687,126000,dressing_room,
26252,42687,126000,clothing_store,
26253,42687,126000,operating_room,
26254,42687,126000,hospital_room,
26255,42687,126024,clean_room,
26256,42687,126024,dressing_room,
26257,42687,126024,clothing_store,
26258,42687,126024,operating_room,
26259,42687,126024,locker_room,
26260,42687,126048,clean_room,
26261,42687,126048,dressing_room,
26262,42687,126048,clothing_store,
26263,42687,126048,operating_room,
26264,42687,126048,department_store,
26265,42687,126072,clean_room,
26266,42687,126072,dressing_room,
26267,42687,126072,clothing_store,
26268,42687,126072,operating_room,
26269,42687,126072,department_store,
26270,42687,126096,clean_room,
26271,42687,126096,discotheque,
26272,42687,126096,operating_room,
26273,42687,126096,hospital_room,
26274,42687,126096,stage/indoor,
26275,42687,126120,clean_room,
26276,42687,126120,operating_room,
26277,42687,126120,discotheque,
26278,42687,126120,hospital_room,
26279,42687,126120,nursing_home,
26280,42687,126144,clean_room,
26281,42687,126144,discotheque,
26282,42687,126144,operating_room,
26283,42687,126144,hospital_room,
26284,42687,126144,stage/indoor,
26285,42687,126168,clean_room,
26286,42687,126168,discotheque,
26287,42687,126168,operating_room,
26288,42687,126168,hospital_room,
26289,42687,126168,chemistry_lab,
26290,42687,126192,clean_room,
26291,42687,126192,operating_room,
26292,42687,126192,hospital_room,
26293,42687,126192,chemistry_lab,
26294,42687,126192,nursing_home,
26295,42687,126216,clean_room,
26296,42687,126216,operating_room,
26297,42687,126216,chemistry_lab,
26298,42687,126216,hospital_room,
26299,42687,126216,biology_laboratory,
26300,42687,126240,clean_room,
26301,42687,126240,operating_room,
26302,42687,126240,chemistry_lab,
26303,42687,126240,hospital_room,
26304,42687,126240,stage/indoor,
26305,42687,126264,clean_room,
26306,42687,126264,discotheque,
26307,42687,126264,museum/indoor,
26308,42687,126264,stage/indoor,
26309,42687,126264,music_studio,
26310,42687,126288,clean_room,
26311,42687,126288,discotheque,
26312,42687,126288,museum/indoor,
26313,42687,126288,stage/indoor,
26314,42687,126288,music_studio,
26315,42687,126312,clean_room,
26316,42687,126312,museum/indoor,
26317,42687,126312,discotheque,
26318,42687,126312,stage/indoor,
26319,42687,126312,dressing_room,
26320,42687,126336,clean_room,
26321,42687,126336,dressing_room,
26322,42687,126336,locker_room,
26323,42687,126336,museum/indoor,
26324,42687,126336,discotheque,
26325,42687,126360,discotheque,
26326,42687,126360,art_gallery,
26327,42687,126360,museum/indoor,
26328,42687,126360,dressing_room,
26329,42687,126360,clean_room,
26330,42687,126384,discotheque,
26331,42687,126384,dressing_room,
26332,42687,126384,clean_room,
26333,42687,126384,museum/indoor,
26334,42687,126384,stage/indoor,
26335,42687,126408,dressing_room,
26336,42687,126408,museum/indoor,
26337,42687,126408,clean_room,
26338,42687,126408,locker_room,
26339,42687,126408,sauna,
26340,42687,126432,clean_room,
26341,42687,126432,museum/indoor,
26342,42687,126432,art_gallery,
26343,42687,126432,nursery,
26344,42687,126432,dressing_room,
26345,42687,126456,museum/indoor,
26346,42687,126456,clean_room,
26347,42687,126456,television_studio,
26348,42687,126456,science_museum,
26349,42687,126456,stage/indoor,
26350,42687,126480,museum/indoor,
26351,42687,126480,clean_room,
26352,42687,126480,discotheque,
26353,42687,126480,art_gallery,
26354,42687,126480,archive,
26355,42687,126504,discotheque,
26356,42687,126504,museum/indoor,
26357,42687,126504,dressing_room,
26358,42687,126504,stage/indoor,
26359,42687,126504,classroom,
26360,42687,126528,clean_room,
26361,42687,126528,discotheque,
26362,42687,126528,stage/indoor,
26363,42687,126528,museum/indoor,
26364,42687,126528,dressing_room,
26365,42687,126552,clean_room,
26366,42687,126552,discotheque,
26367,42687,126552,stage/indoor,
26368,42687,126552,museum/indoor,
26369,42687,126552,nursing_home,
26370,42687,126576,clean_room,
26371,42687,126576,stage/indoor,
26372,42687,126576,discotheque,
26373,42687,126576,operating_room,
26374,42687,126576,museum/indoor,
26375,42687,126600,clean_room,
26376,42687,126600,discotheque,
26377,42687,126600,dressing_room,
26378,42687,126600,stage/indoor,
26379,42687,126600,museum/indoor,
26380,42687,126624,discotheque,
26381,42687,126624,bar,
26382,42687,126624,museum/indoor,
26383,42687,126624,pub/indoor,
26384,42687,126624,dressing_room,
26385,42687,126648,museum/indoor,
26386,42687,126648,clean_room,
26387,42687,126648,discotheque,
26388,42687,126648,dressing_room,
26389,42687,126648,art_gallery,
26390,42687,126672,clean_room,
26391,42687,126672,museum/indoor,
26392,42687,126672,dressing_room,
26393,42687,126672,stage/indoor,
26394,42687,126672,discotheque,
26395,42687,126696,museum/indoor,
26396,42687,126696,clean_room,
26397,42687,126696,stage/indoor,
26398,42687,126696,chemistry_lab,
26399,42687,126696,art_gallery,
26400,42687,126720,museum/indoor,
26401,42687,126720,clean_room,
26402,42687,126720,stage/indoor,
26403,42687,126720,dressing_room,
26404,42687,126720,discotheque,
26405,42687,126744,museum/indoor,
26406,42687,126744,stage/indoor,
26407,42687,126744,discotheque,
26408,42687,126744,clean_room,
26409,42687,126744,dressing_room,
26410,42687,126768,museum/indoor,
26411,42687,126768,clean_room,
26412,42687,126768,stage/indoor,
26413,42687,126768,dressing_room,
26414,42687,126768,discotheque,
26415,42687,126792,museum/indoor,
26416,42687,126792,stage/indoor,
26417,42687,126792,clean_room,
26418,42687,126792,dressing_room,
26419,42687,126792,discotheque,
26420,42687,126816,clean_room,
26421,42687,126816,discotheque,
26422,42687,126816,dressing_room,
26423,42687,126816,chemistry_lab,
26424,42687,126816,museum/indoor,
26425,42687,126840,bow_window/indoor,
26426,42687,126840,shower,
26427,42687,126840,alcove,
26428,42687,126840,elevator/door,
26429,42687,126840,closet,
26430,42687,126864,bow_window/indoor,
26431,42687,126864,alcove,
26432,42687,126864,closet,
26433,42687,126864,elevator/door,
26434,42687,126864,basement,
26435,42687,126888,bow_window/indoor,
26436,42687,126888,alcove,
26437,42687,126888,closet,
26438,42687,126888,elevator/door,
26439,42687,126888,barndoor,
26440,42687,126912,clean_room,
26441,42687,126912,archive,
26442,42687,126912,office,
26443,42687,126912,bow_window/indoor,
26444,42687,126912,art_gallery,
26445,42687,126936,archive,
26446,42687,126936,office,
26447,42687,126936,office_cubicles,
26448,42687,126936,dressing_room,
26449,42687,126936,clean_room,
26450,42687,126960,archive,
26451,42687,126960,office,
26452,42687,126960,office_cubicles,
26453,42687,126960,dressing_room,
26454,42687,126960,clean_room,
26455,42687,126984,archive,
26456,42687,126984,office,
26457,42687,126984,office_cubicles,
26458,42687,126984,clean_room,
26459,42687,126984,library/indoor,
26460,42687,127008,archive,
26461,42687,127008,office,
26462,42687,127008,office_cubicles,
26463,42687,127008,library/indoor,
26464,42687,127008,clean_room,
26465,42687,127032,archive,
26466,42687,127032,office,
26467,42687,127032,office_cubicles,
26468,42687,127032,dressing_room,
26469,42687,127032,library/indoor,
26470,42687,127056,archive,
26471,42687,127056,office,
26472,42687,127056,office_cubicles,
26473,42687,127056,clean_room,
26474,42687,127056,dressing_room,
26475,42687,127080,archive,
26476,42687,127080,office,
26477,42687,127080,office_cubicles,
26478,42687,127080,clean_room,
26479,42687,127080,library/indoor,
26480,42687,127104,archive,
26481,42687,127104,office,
26482,42687,127104,office_cubicles,
26483,42687,127104,clean_room,
26484,42687,127104,library/indoor,
26485,42687,127128,archive,
26486,42687,127128,office,
26487,42687,127128,office_cubicles,
26488,42687,127128,library/indoor,
26489,42687,127128,dressing_room,
26490,42687,127152,archive,
26491,42687,127152,office,
26492,42687,127152,office_cubicles,
26493,42687,127152,library/indoor,
26494,42687,127152,clean_room,
26495,42687,127176,archive,
26496,42687,127176,office,
26497,42687,127176,office_cubicles,
26498,42687,127176,clean_room,
26499,42687,127176,dressing_room,
26500,42687,127200,archive,
26501,42687,127200,office,
26502,42687,127200,office_cubicles,
26503,42687,127200,library/indoor,
26504,42687,127200,clean_room,
26505,42687,127224,archive,
26506,42687,127224,office,
26507,42687,127224,office_cubicles,
26508,42687,127224,clean_room,
26509,42687,127224,dressing_room,
26510,42687,127248,archive,
26511,42687,127248,office,
26512,42687,127248,office_cubicles,
26513,42687,127248,clean_room,
26514,42687,127248,library/indoor,
26515,42687,127272,archive,
26516,42687,127272,office,
26517,42687,127272,office_cubicles,
26518,42687,127272,library/indoor,
26519,42687,127272,clean_room,
26520,42687,127296,archive,
26521,42687,127296,office,
26522,42687,127296,office_cubicles,
26523,42687,127296,dressing_room,
26524,42687,127296,clean_room,
26525,42687,127320,archive,
26526,42687,127320,office,
26527,42687,127320,office_cubicles,
26528,42687,127320,clean_room,
26529,42687,127320,dressing_room,
26530,42687,127344,archive,
26531,42687,127344,office,
26532,42687,127344,office_cubicles,
26533,42687,127344,dressing_room,
26534,42687,127344,library/indoor,
26535,42687,127368,archive,
26536,42687,127368,clean_room,
26537,42687,127368,office,
26538,42687,127368,office_cubicles,
26539,42687,127368,biology_laboratory,
26540,42687,127392,archive,
26541,42687,127392,clean_room,
26542,42687,127392,office,
26543,42687,127392,office_cubicles,
26544,42687,127392,computer_room,
26545,42687,127416,archive,
26546,42687,127416,clean_room,
26547,42687,127416,office,
26548,42687,127416,classroom,
26549,42687,127416,museum/indoor,
26550,42687,127440,clean_room,
26551,42687,127440,archive,
26552,42687,127440,office,
26553,42687,127440,dressing_room,
26554,42687,127440,office_cubicles,
26555,42687,127464,archive,
26556,42687,127464,classroom,
26557,42687,127464,clean_room,
26558,42687,127464,office,
26559,42687,127464,lecture_room,
26560,42687,127488,archive,
26561,42687,127488,clean_room,
26562,42687,127488,office,
26563,42687,127488,office_cubicles,
26564,42687,127488,physics_laboratory,
26565,42687,127512,archive,
26566,42687,127512,clean_room,
26567,42687,127512,office,
26568,42687,127512,office_cubicles,
26569,42687,127512,museum/indoor,
26570,42687,127536,archive,
26571,42687,127536,clean_room,
26572,42687,127536,office,
26573,42687,127536,office_cubicles,
26574,42687,127536,dressing_room,
26575,42687,127560,clean_room,
26576,42687,127560,archive,
26577,42687,127560,dressing_room,
26578,42687,127560,office,
26579,42687,127560,physics_laboratory,
26580,42687,127584,archive,
26581,42687,127584,clean_room,
26582,42687,127584,office,
26583,42687,127584,office_cubicles,
26584,42687,127584,library/indoor,
26585,42687,127608,archive,
26586,42687,127608,dining_room,
26587,42687,127608,office,
26588,42687,127608,dressing_room,
26589,42687,127608,conference_room,
26590,42687,127632,archive,
26591,42687,127632,office,
26592,42687,127632,library/indoor,
26593,42687,127632,office_cubicles,
26594,42687,127632,classroom,
26595,42687,127656,office,
26596,42687,127656,archive,
26597,42687,127656,office_cubicles,
26598,42687,127656,dressing_room,
26599,42687,127656,clean_room,
26600,42687,127680,bow_window/indoor,
26601,42687,127680,dining_room,
26602,42687,127680,living_room,
26603,42687,127680,office,
26604,42687,127680,dressing_room,
26605,42687,127704,dressing_room,
26606,42687,127704,clean_room,
26607,42687,127704,office,
26608,42687,127704,archive,
26609,42687,127704,office_cubicles,
26610,42687,127728,clean_room,
26611,42687,127728,dressing_room,
26612,42687,127728,office,
26613,42687,127728,archive,
26614,42687,127728,home_office,
26615,42687,127752,office,
26616,42687,127752,home_office,
26617,42687,127752,bow_window/indoor,
26618,42687,127752,dressing_room,
26619,42687,127752,reception,
26620,42687,127776,office,
26621,42687,127776,home_office,
26622,42687,127776,archive,
26623,42687,127776,clean_room,
26624,42687,127776,dressing_room,
26625,42687,127800,office,
26626,42687,127800,home_office,
26627,42687,127800,clean_room,
26628,42687,127800,archive,
26629,42687,127800,dressing_room,
26630,42687,127824,office,
26631,42687,127824,home_office,
26632,42687,127824,clean_room,
26633,42687,127824,bow_window/indoor,
26634,42687,127824,archive,
26635,42687,127848,clean_room,
26636,42687,127848,dressing_room,
26637,42687,127848,archive,
26638,42687,127848,closet,
26639,42687,127848,locker_room,
26640,42687,127872,bow_window/indoor,
26641,42687,127872,office,
26642,42687,127872,clean_room,
26643,42687,127872,shower,
26644,42687,127872,bathroom,
26645,42687,127896,clean_room,
26646,42687,127896,dressing_room,
26647,42687,127896,operating_room,
26648,42687,127896,biology_laboratory,
26649,42687,127896,chemistry_lab,
26650,42687,127920,clean_room,
26651,42687,127920,operating_room,
26652,42687,127920,dressing_room,
26653,42687,127920,biology_laboratory,
26654,42687,127920,shower,
26655,42687,127944,clean_room,
26656,42687,127944,operating_room,
26657,42687,127944,dressing_room,
26658,42687,127944,clothing_store,
26659,42687,127944,biology_laboratory,
26660,42687,127968,clean_room,
26661,42687,127968,operating_room,
26662,42687,127968,biology_laboratory,
26663,42687,127968,dressing_room,
26664,42687,127968,chemistry_lab,
26665,42687,127992,clean_room,
26666,42687,127992,operating_room,
26667,42687,127992,biology_laboratory,
26668,42687,127992,chemistry_lab,
26669,42687,127992,physics_laboratory,
26670,42687,128016,clean_room,
26671,42687,128016,operating_room,
26672,42687,128016,biology_laboratory,
26673,42687,128016,chemistry_lab,
26674,42687,128016,dressing_room,
26675,42687,128040,clean_room,
26676,42687,128040,operating_room,
26677,42687,128040,biology_laboratory,
26678,42687,128040,chemistry_lab,
26679,42687,128040,physics_laboratory,
26680,42687,128064,clean_room,
26681,42687,128064,operating_room,
26682,42687,128064,biology_laboratory,
26683,42687,128064,chemistry_lab,
26684,42687,128064,dressing_room,
26685,42687,128088,clean_room,
26686,42687,128088,dressing_room,
26687,42687,128088,elevator/door,
26688,42687,128088,clothing_store,
26689,42687,128088,elevator_lobby,
26690,42687,128112,clean_room,
26691,42687,128112,dressing_room,
26692,42687,128112,elevator/door,
26693,42687,128112,elevator_lobby,
26694,42687,128112,shower,
26695,42687,128136,clean_room,
26696,42687,128136,dressing_room,
26697,42687,128136,elevator/door,
26698,42687,128136,elevator_lobby,
26699,42687,128136,shower,
26700,42687,128160,clean_room,
26701,42687,128160,dressing_room,
26702,42687,128160,elevator/door,
26703,42687,128160,elevator_lobby,
26704,42687,128160,shower,
26705,42687,128184,dressing_room,
26706,42687,128184,clean_room,
26707,42687,128184,clothing_store,
26708,42687,128184,elevator/door,
26709,42687,128184,elevator_lobby,
26710,42687,128208,dressing_room,
26711,42687,128208,clean_room,
26712,42687,128208,clothing_store,
26713,42687,128208,elevator_lobby,
26714,42687,128208,elevator/door,
26715,42687,128232,clean_room,
26716,42687,128232,dressing_room,
26717,42687,128232,clothing_store,
26718,42687,128232,office,
26719,42687,128232,elevator/door,
26720,42687,128256,dressing_room,
26721,42687,128256,clean_room,
26722,42687,128256,elevator/door,
26723,42687,128256,beauty_salon,
26724,42687,128256,locker_room,
26725,42687,128280,clean_room,
26726,42687,128280,dressing_room,
26727,42687,128280,clothing_store,
26728,42687,128280,beauty_salon,
26729,42687,128280,elevator/door,
26730,42687,128304,clean_room,
26731,42687,128304,dressing_room,
26732,42687,128304,elevator_lobby,
26733,42687,128304,biology_laboratory,
26734,42687,128304,elevator/door,
26735,42687,128328,clean_room,
26736,42687,128328,dressing_room,
26737,42687,128328,clothing_store,
26738,42687,128328,biology_laboratory,
26739,42687,128328,operating_room,
26740,42687,128352,clean_room,
26741,42687,128352,dressing_room,
26742,42687,128352,elevator/door,
26743,42687,128352,biology_laboratory,
26744,42687,128352,chemistry_lab,
26745,42687,128376,dressing_room,
26746,42687,128376,clean_room,
26747,42687,128376,elevator/door,
26748,42687,128376,locker_room,
26749,42687,128376,elevator_lobby,
26750,42687,128400,clean_room,
26751,42687,128400,dressing_room,
26752,42687,128400,elevator/door,
26753,42687,128400,locker_room,
26754,42687,128400,elevator_lobby,
26755,42687,128424,dressing_room,
26756,42687,128424,clean_room,
26757,42687,128424,elevator/door,
26758,42687,128424,shower,
26759,42687,128424,locker_room,
26760,42687,128448,clean_room,
26761,42687,128448,dressing_room,
26762,42687,128448,elevator/door,
26763,42687,128448,chemistry_lab,
26764,42687,128448,biology_laboratory,
26765,42687,128472,dressing_room,
26766,42687,128472,clean_room,
26767,42687,128472,office,
26768,42687,128472,archive,
26769,42687,128472,chemistry_lab,
26770,42687,128496,clean_room,
26771,42687,128496,dressing_room,
26772,42687,128496,clothing_store,
26773,42687,128496,locker_room,
26774,42687,128496,shower,
26775,42687,128520,clean_room,
26776,42687,128520,dressing_room,
26777,42687,128520,clothing_store,
26778,42687,128520,biology_laboratory,
26779,42687,128520,chemistry_lab,
26780,42687,128544,clean_room,
26781,42687,128544,dressing_room,
26782,42687,128544,clothing_store,
26783,42687,128544,biology_laboratory,
26784,42687,128544,chemistry_lab,
26785,42687,128568,clean_room,
26786,42687,128568,dressing_room,
26787,42687,128568,clothing_store,
26788,42687,128568,biology_laboratory,
26789,42687,128568,science_museum,
26790,42687,128592,clean_room,
26791,42687,128592,dressing_room,
26792,42687,128592,clothing_store,
26793,42687,128592,biology_laboratory,
26794,42687,128592,elevator/door,
26795,42687,128616,clean_room,
26796,42687,128616,dressing_room,
26797,42687,128616,elevator/door,
26798,42687,128616,clothing_store,
26799,42687,128616,biology_laboratory,
26800,42687,128640,clean_room,
26801,42687,128640,dressing_room,
26802,42687,128640,biology_laboratory,
26803,42687,128640,elevator/door,
26804,42687,128640,clothing_store,
26805,42687,128664,clean_room,
26806,42687,128664,dressing_room,
26807,42687,128664,biology_laboratory,
26808,42687,128664,elevator/door,
26809,42687,128664,chemistry_lab,
26810,42687,128688,clean_room,
26811,42687,128688,dressing_room,
26812,42687,128688,elevator/door,
26813,42687,128688,biology_laboratory,
26814,42687,128688,clothing_store,
26815,42687,128712,clean_room,
26816,42687,128712,dressing_room,
26817,42687,128712,biology_laboratory,
26818,42687,128712,elevator_lobby,
26819,42687,128712,elevator/door,
26820,42687,128736,dressing_room,
26821,42687,128736,clean_room,
26822,42687,128736,office,
26823,42687,128736,elevator/door,
26824,42687,128736,locker_room,
26825,42687,128760,dressing_room,
26826,42687,128760,clean_room,
26827,42687,128760,elevator/door,
26828,42687,128760,elevator_lobby,
26829,42687,128760,shower,
26830,42687,128784,dressing_room,
26831,42687,128784,clean_room,
26832,42687,128784,elevator/door,
26833,42687,128784,elevator_lobby,
26834,42687,128784,clothing_store,
26835,42687,128808,dressing_room,
26836,42687,128808,clean_room,
26837,42687,128808,elevator/door,
26838,42687,128808,elevator_lobby,
26839,42687,128808,shower,
26840,42687,128832,dressing_room,
26841,42687,128832,clean_room,
26842,42687,128832,elevator/door,
26843,42687,128832,elevator_lobby,
26844,42687,128832,clothing_store,
26845,42687,128856,dressing_room,
26846,42687,128856,clean_room,
26847,42687,128856,elevator/door,
26848,42687,128856,elevator_lobby,
26849,42687,128856,shower,
26850,42687,128880,dressing_room,
26851,42687,128880,clean_room,
26852,42687,128880,elevator/door,
26853,42687,128880,elevator_lobby,
26854,42687,128880,office,
26855,42687,128904,clean_room,
26856,42687,128904,dressing_room,
26857,42687,128904,elevator/door,
26858,42687,128904,elevator_lobby,
26859,42687,128904,biology_laboratory,
26860,42687,128928,clean_room,
26861,42687,128928,dressing_room,
26862,42687,128928,elevator/door,
26863,42687,128928,elevator_lobby,
26864,42687,128928,locker_room,
26865,42687,128952,dressing_room,
26866,42687,128952,clean_room,
26867,42687,128952,office,
26868,42687,128952,clothing_store,
26869,42687,128952,museum/indoor,
26870,42687,128976,dressing_room,
26871,42687,128976,clean_room,
26872,42687,128976,museum/indoor,
26873,42687,128976,clothing_store,
26874,42687,128976,art_gallery,
26875,42687,129000,dressing_room,
26876,42687,129000,clean_room,
26877,42687,129000,office,
26878,42687,129000,beauty_salon,
26879,42687,129000,clothing_store,
26880,42687,129024,clean_room,
26881,42687,129024,dressing_room,
26882,42687,129024,clothing_store,
26883,42687,129024,beauty_salon,
26884,42687,129024,office,
26885,42687,129048,dressing_room,
26886,42687,129048,clean_room,
26887,42687,129048,office,
26888,42687,129048,museum/indoor,
26889,42687,129048,art_gallery,
26890,42687,129072,clean_room,
26891,42687,129072,dressing_room,
26892,42687,129072,museum/indoor,
26893,42687,129072,art_gallery,
26894,42687,129072,archive,
26895,42687,129096,dressing_room,
26896,42687,129096,clean_room,
26897,42687,129096,elevator/door,
26898,42687,129096,elevator_lobby,
26899,42687,129096,clothing_store,
26900,42687,129120,dressing_room,
26901,42687,129120,clean_room,
26902,42687,129120,elevator/door,
26903,42687,129120,clothing_store,
26904,42687,129120,elevator_lobby,
26905,42687,129144,clean_room,
26906,42687,129144,dressing_room,
26907,42687,129144,elevator/door,
26908,42687,129144,elevator_lobby,
26909,42687,129144,clothing_store,
26910,42687,129168,dressing_room,
26911,42687,129168,clean_room,
26912,42687,129168,clothing_store,
26913,42687,129168,elevator/door,
26914,42687,129168,elevator_lobby,
26915,42687,129192,clean_room,
26916,42687,129192,dressing_room,
26917,42687,129192,elevator/door,
26918,42687,129192,elevator_lobby,
26919,42687,129192,clothing_store,
26920,42687,129216,dressing_room,
26921,42687,129216,clean_room,
26922,42687,129216,clothing_store,
26923,42687,129216,museum/indoor,
26924,42687,129216,shower,
26925,42687,129240,dressing_room,
26926,42687,129240,clean_room,
26927,42687,129240,clothing_store,
26928,42687,129240,beauty_salon,
26929,42687,129240,museum/indoor,
26930,42687,129264,clean_room,
26931,42687,129264,dressing_room,
26932,42687,129264,elevator/door,
26933,42687,129264,elevator_lobby,
26934,42687,129264,office,
26935,42687,129288,clean_room,
26936,42687,129288,dressing_room,
26937,42687,129288,elevator/door,
26938,42687,129288,elevator_lobby,
26939,42687,129288,clothing_store,
26940,42687,129312,clean_room,
26941,42687,129312,dressing_room,
26942,42687,129312,elevator/door,
26943,42687,129312,elevator_lobby,
26944,42687,129312,clothing_store,
26945,42687,129336,clean_room,
26946,42687,129336,dressing_room,
26947,42687,129336,elevator/door,
26948,42687,129336,elevator_lobby,
26949,42687,129336,clothing_store,
26950,42687,129360,clean_room,
26951,42687,129360,dressing_room,
26952,42687,129360,elevator/door,
26953,42687,129360,elevator_lobby,
26954,42687,129360,office,
26955,42687,129384,clean_room,
26956,42687,129384,dressing_room,
26957,42687,129384,elevator_lobby,
26958,42687,129384,elevator/door,
26959,42687,129384,clothing_store,
26960,42687,129408,clean_room,
26961,42687,129408,dressing_room,
26962,42687,129408,elevator_lobby,
26963,42687,129408,elevator/door,
26964,42687,129408,office,
26965,42687,129432,clean_room,
26966,42687,129432,dressing_room,
26967,42687,129432,elevator/door,
26968,42687,129432,elevator_lobby,
26969,42687,129432,office,
26970,42687,129456,dressing_room,
26971,42687,129456,clean_room,
26972,42687,129456,elevator/door,
26973,42687,129456,elevator_lobby,
26974,42687,129456,office,
26975,42687,129480,clean_room,
26976,42687,129480,dressing_room,
26977,42687,129480,elevator/door,
26978,42687,129480,elevator_lobby,
26979,42687,129480,office,
26980,42687,129504,dressing_room,
26981,42687,129504,clean_room,
26982,42687,129504,elevator/door,
26983,42687,129504,elevator_lobby,
26984,42687,129504,clothing_store,
26985,42687,129528,clean_room,
26986,42687,129528,dressing_room,
26987,42687,129528,elevator/door,
26988,42687,129528,elevator_lobby,
26989,42687,129528,clothing_store,
26990,42687,129552,dressing_room,
26991,42687,129552,clean_room,
26992,42687,129552,clothing_store,
26993,42687,129552,hospital_room,
26994,42687,129552,museum/indoor,
26995,42687,129576,dressing_room,
26996,42687,129576,museum/indoor,
26997,42687,129576,clean_room,
26998,42687,129576,clothing_store,
26999,42687,129576,art_gallery,
27000,42687,129600,dressing_room,
27001,42687,129600,clean_room,
27002,42687,129600,museum/indoor,
27003,42687,129600,clothing_store,
27004,42687,129600,nursery,
27005,42687,129624,dressing_room,
27006,42687,129624,museum/indoor,
27007,42687,129624,art_gallery,
27008,42687,129624,clothing_store,
27009,42687,129624,clean_room,
27010,42687,129648,dressing_room,
27011,42687,129648,museum/indoor,
27012,42687,129648,clean_room,
27013,42687,129648,art_gallery,
27014,42687,129648,clothing_store,
27015,42687,129672,museum/indoor,
27016,42687,129672,dressing_room,
27017,42687,129672,clean_room,
27018,42687,129672,art_gallery,
27019,42687,129672,clothing_store,
27020,42687,129696,clean_room,
27021,42687,129696,dressing_room,
27022,42687,129696,clothing_store,
27023,42687,129696,office,
27024,42687,129696,museum/indoor,
27025,42687,129720,clean_room,
27026,42687,129720,dressing_room,
27027,42687,129720,elevator/door,
27028,42687,129720,office,
27029,42687,129720,elevator_lobby,
27030,42687,129744,clean_room,
27031,42687,129744,dressing_room,
27032,42687,129744,elevator/door,
27033,42687,129744,elevator_lobby,
27034,42687,129744,biology_laboratory,
27035,42687,129768,clean_room,
27036,42687,129768,dressing_room,
27037,42687,129768,elevator/door,
27038,42687,129768,biology_laboratory,
27039,42687,129768,elevator_lobby,
27040,42687,129792,clean_room,
27041,42687,129792,dressing_room,
27042,42687,129792,elevator/door,
27043,42687,129792,elevator_lobby,
27044,42687,129792,office,
27045,42687,129816,clean_room,
27046,42687,129816,dressing_room,
27047,42687,129816,elevator/door,
27048,42687,129816,biology_laboratory,
27049,42687,129816,chemistry_lab,
27050,42687,129840,clean_room,
27051,42687,129840,dressing_room,
27052,42687,129840,elevator/door,
27053,42687,129840,elevator_lobby,
27054,42687,129840,biology_laboratory,
27055,42687,129864,clean_room,
27056,42687,129864,dressing_room,
27057,42687,129864,elevator/door,
27058,42687,129864,elevator_lobby,
27059,42687,129864,biology_laboratory,
27060,42687,129888,clean_room,
27061,42687,129888,dressing_room,
27062,42687,129888,elevator/door,
27063,42687,129888,elevator_lobby,
27064,42687,129888,office,
27065,42687,129912,dressing_room,
27066,42687,129912,clean_room,
27067,42687,129912,museum/indoor,
27068,42687,129912,clothing_store,
27069,42687,129912,office,
27070,42687,129936,dressing_room,
27071,42687,129936,clean_room,
27072,42687,129936,clothing_store,
27073,42687,129936,museum/indoor,
27074,42687,129936,office,
27075,42687,129960,dressing_room,
27076,42687,129960,clean_room,
27077,42687,129960,clothing_store,
27078,42687,129960,museum/indoor,
27079,42687,129960,office,
27080,42687,129984,dressing_room,
27081,42687,129984,clean_room,
27082,42687,129984,clothing_store,
27083,42687,129984,museum/indoor,
27084,42687,129984,office,
27085,42687,130008,dressing_room,
27086,42687,130008,clean_room,
27087,42687,130008,clothing_store,
27088,42687,130008,museum/indoor,
27089,42687,130008,office,
27090,42687,130032,dressing_room,
27091,42687,130032,clean_room,
27092,42687,130032,clothing_store,
27093,42687,130032,museum/indoor,
27094,42687,130032,office,
27095,42687,130056,dressing_room,
27096,42687,130056,clean_room,
27097,42687,130056,museum/indoor,
27098,42687,130056,clothing_store,
27099,42687,130056,office,
27100,42687,130080,clean_room,
27101,42687,130080,dressing_room,
27102,42687,130080,museum/indoor,
27103,42687,130080,operating_room,
27104,42687,130080,shower,
27105,42687,130104,clean_room,
27106,42687,130104,dressing_room,
27107,42687,130104,operating_room,
27108,42687,130104,museum/indoor,
27109,42687,130104,shower,
27110,42687,130128,clean_room,
27111,42687,130128,dressing_room,
27112,42687,130128,shower,
27113,42687,130128,operating_room,
27114,42687,130128,clothing_store,
27115,42687,130152,clean_room,
27116,42687,130152,dressing_room,
27117,42687,130152,shower,
27118,42687,130152,bathroom,
27119,42687,130152,clothing_store,
27120,42687,130176,clean_room,
27121,42687,130176,dressing_room,
27122,42687,130176,shower,
27123,42687,130176,museum/indoor,
27124,42687,130176,operating_room,
27125,42687,130200,clean_room,
27126,42687,130200,dressing_room,
27127,42687,130200,operating_room,
27128,42687,130200,clothing_store,
27129,42687,130200,shower,
27130,42687,130224,clean_room,
27131,42687,130224,dressing_room,
27132,42687,130224,shower,
27133,42687,130224,bathroom,
27134,42687,130224,operating_room,
27135,42687,130248,clean_room,
27136,42687,130248,dressing_room,
27137,42687,130248,shower,
27138,42687,130248,bathroom,
27139,42687,130248,closet,
27140,42687,130272,clean_room,
27141,42687,130272,dressing_room,
27142,42687,130272,shower,
27143,42687,130272,bathroom,
27144,42687,130272,closet,
27145,42687,130296,clean_room,
27146,42687,130296,shower,
27147,42687,130296,dressing_room,
27148,42687,130296,bathroom,
27149,42687,130296,closet,
27150,42687,130320,clean_room,
27151,42687,130320,dressing_room,
27152,42687,130320,shower,
27153,42687,130320,bathroom,
27154,42687,130320,clothing_store,
27155,42687,130344,clean_room,
27156,42687,130344,dressing_room,
27157,42687,130344,operating_room,
27158,42687,130344,shower,
27159,42687,130344,bathroom,
27160,42687,130368,clean_room,
27161,42687,130368,dressing_room,
27162,42687,130368,shower,
27163,42687,130368,bathroom,
27164,42687,130368,operating_room,
27165,42687,130392,clean_room,
27166,42687,130392,dressing_room,
27167,42687,130392,shower,
27168,42687,130392,bathroom,
27169,42687,130392,clothing_store,
27170,42687,130416,clean_room,
27171,42687,130416,dressing_room,
27172,42687,130416,shower,
27173,42687,130416,clothing_store,
27174,42687,130416,bathroom,
27175,42687,130440,clean_room,
27176,42687,130440,dressing_room,
27177,42687,130440,shower,
27178,42687,130440,operating_room,
27179,42687,130440,bathroom,
27180,42687,130464,clean_room,
27181,42687,130464,dressing_room,
27182,42687,130464,bathroom,
27183,42687,130464,shower,
27184,42687,130464,bow_window/indoor,
27185,42687,130488,dressing_room,
27186,42687,130488,clean_room,
27187,42687,130488,bathroom,
27188,42687,130488,bow_window/indoor,
27189,42687,130488,shower,
27190,42687,130512,clean_room,
27191,42687,130512,dressing_room,
27192,42687,130512,bathroom,
27193,42687,130512,bow_window/indoor,
27194,42687,130512,shower,
27195,42687,130536,clean_room,
27196,42687,130536,dressing_room,
27197,42687,130536,bathroom,
27198,42687,130536,shower,
27199,42687,130536,bow_window/indoor,
27200,42687,130560,dressing_room,
27201,42687,130560,clean_room,
27202,42687,130560,bathroom,
27203,42687,130560,beauty_salon,
27204,42687,130560,shower,
27205,42687,130584,dressing_room,
27206,42687,130584,clean_room,
27207,42687,130584,beauty_salon,
27208,42687,130584,bathroom,
27209,42687,130584,shower,
27210,42687,130608,dressing_room,
27211,42687,130608,clean_room,
27212,42687,130608,beauty_salon,
27213,42687,130608,bathroom,
27214,42687,130608,office,
27215,42687,130632,dressing_room,
27216,42687,130632,clean_room,
27217,42687,130632,beauty_salon,
27218,42687,130632,bathroom,
27219,42687,130632,jewelry_shop,
27220,42687,130656,dressing_room,
27221,42687,130656,bathroom,
27222,42687,130656,clean_room,
27223,42687,130656,office,
27224,42687,130656,home_office,
27225,42687,130680,home_office,
27226,42687,130680,office,
27227,42687,130680,office_cubicles,
27228,42687,130680,dining_room,
27229,42687,130680,dressing_room,
27230,42687,130704,dressing_room,
27231,42687,130704,clean_room,
27232,42687,130704,museum/indoor,
27233,42687,130704,art_gallery,
27234,42687,130704,bathroom,
27235,42687,130728,dressing_room,
27236,42687,130728,clean_room,
27237,42687,130728,office,
27238,42687,130728,archive,
27239,42687,130728,home_office,
27240,42687,130752,archive,
27241,42687,130752,office,
27242,42687,130752,dressing_room,
27243,42687,130752,clean_room,
27244,42687,130752,home_office,
27245,42687,130776,dressing_room,
27246,42687,130776,clean_room,
27247,42687,130776,archive,
27248,42687,130776,office,
27249,42687,130776,closet,
27250,42687,130800,dressing_room,
27251,42687,130800,archive,
27252,42687,130800,home_office,
27253,42687,130800,office,
27254,42687,130800,dining_room,
27255,42687,130824,dressing_room,
27256,42687,130824,clean_room,
27257,42687,130824,archive,
27258,42687,130824,office,
27259,42687,130824,bathroom,
27260,42687,130848,clean_room,
27261,42687,130848,dressing_room,
27262,42687,130848,office,
27263,42687,130848,archive,
27264,42687,130848,home_office,
27265,42687,130872,dressing_room,
27266,42687,130872,clean_room,
27267,42687,130872,office,
27268,42687,130872,archive,
27269,42687,130872,home_office,
27270,42687,130896,clean_room,
27271,42687,130896,dressing_room,
27272,42687,130896,archive,
27273,42687,130896,office,
27274,42687,130896,museum/indoor,
27275,42687,130920,dressing_room,
27276,42687,130920,bathroom,
27277,42687,130920,clean_room,
27278,42687,130920,clothing_store,
27279,42687,130920,bow_window/indoor,
27280,42687,130944,dressing_room,
27281,42687,130944,clean_room,
27282,42687,130944,office,
27283,42687,130944,beauty_salon,
27284,42687,130944,home_office,
27285,42687,130968,dressing_room,
27286,42687,130968,clean_room,
27287,42687,130968,archive,
27288,42687,130968,office,
27289,42687,130968,biology_laboratory,
27290,42687,130992,dressing_room,
27291,42687,130992,bow_window/indoor,
27292,42687,130992,clean_room,
27293,42687,130992,archive,
27294,42687,130992,living_room,
27295,42687,131016,dressing_room,
27296,42687,131016,clean_room,
27297,42687,131016,archive,
27298,42687,131016,clothing_store,
27299,42687,131016,closet,
27300,42687,131040,clean_room,
27301,42687,131040,dressing_room,
27302,42687,131040,archive,
27303,42687,131040,clothing_store,
27304,42687,131040,museum/indoor,
27305,42687,131064,dressing_room,
27306,42687,131064,closet,
27307,42687,131064,bow_window/indoor,
27308,42687,131064,archive,
27309,42687,131064,clean_room,
27310,42687,131088,clean_room,
27311,42687,131088,dressing_room,
27312,42687,131088,archive,
27313,42687,131088,office,
27314,42687,131088,biology_laboratory,
27315,42687,131112,dressing_room,
27316,42687,131112,bow_window/indoor,
27317,42687,131112,shower,
27318,42687,131112,clean_room,
27319,42687,131112,bathroom,
27320,42687,131136,dressing_room,
27321,42687,131136,clean_room,
27322,42687,131136,archive,
27323,42687,131136,office,
27324,42687,131136,beauty_salon,
27325,42687,131160,dressing_room,
27326,42687,131160,clean_room,
27327,42687,131160,bathroom,
27328,42687,131160,bow_window/indoor,
27329,42687,131160,sauna,
27330,42687,131184,clean_room,
27331,42687,131184,dressing_room,
27332,42687,131184,archive,
27333,42687,131184,biology_laboratory,
27334,42687,131184,physics_laboratory,
27335,42687,131208,clean_room,
27336,42687,131208,dressing_room,
27337,42687,131208,archive,
27338,42687,131208,physics_laboratory,
27339,42687,131208,biology_laboratory,
27340,42687,131232,dressing_room,
27341,42687,131232,clean_room,
27342,42687,131232,archive,
27343,42687,131232,office,
27344,42687,131232,biology_laboratory,
27345,42687,131256,clean_room,
27346,42687,131256,dressing_room,
27347,42687,131256,archive,
27348,42687,131256,physics_laboratory,
27349,42687,131256,biology_laboratory,
27350,42687,131280,office,
27351,42687,131280,home_office,
27352,42687,131280,archive,
27353,42687,131280,bow_window/indoor,
27354,42687,131280,dressing_room,
27355,42687,131304,home_office,
27356,42687,131304,office,
27357,42687,131304,bow_window/indoor,
27358,42687,131304,dining_room,
27359,42687,131304,computer_room,
27360,42687,131328,office,
27361,42687,131328,home_office,
27362,42687,131328,archive,
27363,42687,131328,bow_window/indoor,
27364,42687,131328,dining_room,
27365,42687,131352,clean_room,
27366,42687,131352,dressing_room,
27367,42687,131352,archive,
27368,42687,131352,office,
27369,42687,131352,home_office,
27370,42687,131376,dressing_room,
27371,42687,131376,office,
27372,42687,131376,clean_room,
27373,42687,131376,archive,
27374,42687,131376,home_office,
27375,42687,131400,dressing_room,
27376,42687,131400,clean_room,
27377,42687,131400,office,
27378,42687,131400,archive,
27379,42687,131400,home_office,
27380,42687,131424,museum/indoor,
27381,42687,131424,clean_room,
27382,42687,131424,archive,
27383,42687,131424,bow_window/indoor,
27384,42687,131424,dressing_room,
27385,42687,131448,dressing_room,
27386,42687,131448,office,
27387,42687,131448,clean_room,
27388,42687,131448,bathroom,
27389,42687,131448,office_cubicles,
27390,42687,131472,clean_room,
27391,42687,131472,office,
27392,42687,131472,archive,
27393,42687,131472,dressing_room,
27394,42687,131472,office_cubicles,
27395,42687,131496,clean_room,
27396,42687,131496,dressing_room,
27397,42687,131496,archive,
27398,42687,131496,beauty_salon,
27399,42687,131496,office,
27400,42687,131520,clean_room,
27401,42687,131520,archive,
27402,42687,131520,dressing_room,
27403,42687,131520,office,
27404,42687,131520,bow_window/indoor,
27405,42687,131544,clean_room,
27406,42687,131544,archive,
27407,42687,131544,dressing_room,
27408,42687,131544,office,
27409,42687,131544,museum/indoor,
27410,42687,131568,archive,
27411,42687,131568,clean_room,
27412,42687,131568,museum/indoor,
27413,42687,131568,office,
27414,42687,131568,dressing_room,
27415,42687,131592,bow_window/indoor,
27416,42687,131592,museum/indoor,
27417,42687,131592,clean_room,
27418,42687,131592,office,
27419,42687,131592,archive,
27420,42687,131616,clean_room,
27421,42687,131616,dressing_room,
27422,42687,131616,bow_window/indoor,
27423,42687,131616,office,
27424,42687,131616,bathroom,
27425,42687,131640,clean_room,
27426,42687,131640,dressing_room,
27427,42687,131640,shower,
27428,42687,131640,elevator/door,
27429,42687,131640,museum/indoor,
27430,42687,131664,dressing_room,
27431,42687,131664,clean_room,
27432,42687,131664,elevator/door,
27433,42687,131664,museum/indoor,
27434,42687,131664,sauna,
27435,42687,131688,clean_room,
27436,42687,131688,dressing_room,
27437,42687,131688,chemistry_lab,
27438,42687,131688,locker_room,
27439,42687,131688,beauty_salon,
27440,42687,131712,dressing_room,
27441,42687,131712,clean_room,
27442,42687,131712,locker_room,
27443,42687,131712,museum/indoor,
27444,42687,131712,bathroom,
27445,42687,131736,dressing_room,
27446,42687,131736,clean_room,
27447,42687,131736,locker_room,
27448,42687,131736,museum/indoor,
27449,42687,131736,bathroom,
27450,42687,131760,clean_room,
27451,42687,131760,dressing_room,
27452,42687,131760,art_gallery,
27453,42687,131760,locker_room,
27454,42687,131760,artists_loft,
27455,42687,131784,dressing_room,
27456,42687,131784,clean_room,
27457,42687,131784,locker_room,
27458,42687,131784,art_gallery,
27459,42687,131784,museum/indoor,
27460,42687,131808,dressing_room,
27461,42687,131808,clean_room,
27462,42687,131808,locker_room,
27463,42687,131808,museum/indoor,
27464,42687,131808,shower,
27465,42687,131832,clean_room,
27466,42687,131832,dressing_room,
27467,42687,131832,locker_room,
27468,42687,131832,art_gallery,
27469,42687,131832,museum/indoor,
27470,42687,131856,dressing_room,
27471,42687,131856,clean_room,
27472,42687,131856,locker_room,
27473,42687,131856,museum/indoor,
27474,42687,131856,art_gallery,
27475,42687,131880,dressing_room,
27476,42687,131880,clean_room,
27477,42687,131880,shower,
27478,42687,131880,bathroom,
27479,42687,131880,museum/indoor,
27480,42687,131904,dressing_room,
27481,42687,131904,clean_room,
27482,42687,131904,beauty_salon,
27483,42687,131904,chemistry_lab,
27484,42687,131904,bathroom,
27485,42687,131928,dressing_room,
27486,42687,131928,clean_room,
27487,42687,131928,beauty_salon,
27488,42687,131928,office,
27489,42687,131928,hospital_room,
27490,42687,131952,dressing_room,
27491,42687,131952,clean_room,
27492,42687,131952,beauty_salon,
27493,42687,131952,office,
27494,42687,131952,bathroom,
27495,42687,131976,dressing_room,
27496,42687,131976,clean_room,
27497,42687,131976,beauty_salon,
27498,42687,131976,hospital_room,
27499,42687,131976,office,
27500,42687,132000,clean_room,
27501,42687,132000,dressing_room,
27502,42687,132000,beauty_salon,
27503,42687,132000,hospital_room,
27504,42687,132000,office,
27505,42687,132024,clean_room,
27506,42687,132024,dressing_room,
27507,42687,132024,beauty_salon,
27508,42687,132024,hospital_room,
27509,42687,132024,office,
27510,42687,132048,clean_room,
27511,42687,132048,dressing_room,
27512,42687,132048,beauty_salon,
27513,42687,132048,hospital_room,
27514,42687,132048,office,
27515,42687,132072,dressing_room,
27516,42687,132072,clean_room,
27517,42687,132072,beauty_salon,
27518,42687,132072,office,
27519,42687,132072,hospital_room,
27520,42687,132096,clean_room,
27521,42687,132096,dressing_room,
27522,42687,132096,hospital_room,
27523,42687,132096,office,
27524,42687,132096,beauty_salon,
27525,42687,132120,clean_room,
27526,42687,132120,dressing_room,
27527,42687,132120,shower,
27528,42687,132120,bow_window/indoor,
27529,42687,132120,hospital_room,
27530,42687,132144,clean_room,
27531,42687,132144,dressing_room,
27532,42687,132144,sauna,
27533,42687,132144,hospital_room,
27534,42687,132144,living_room,
27535,42687,132168,clean_room,
27536,42687,132168,operating_room,
27537,42687,132168,dressing_room,
27538,42687,132168,hospital_room,
27539,42687,132168,archive,
27540,42687,132192,clean_room,
27541,42687,132192,operating_room,
27542,42687,132192,dressing_room,
27543,42687,132192,museum/indoor,
27544,42687,132192,hospital_room,
27545,42687,132216,clean_room,
27546,42687,132216,operating_room,
27547,42687,132216,museum/indoor,
27548,42687,132216,hospital_room,
27549,42687,132216,chemistry_lab,
27550,42687,132240,clean_room,
27551,42687,132240,nursery,
27552,42687,132240,living_room,
27553,42687,132240,museum/indoor,
27554,42687,132240,bow_window/indoor,
27555,42687,132264,clean_room,
27556,42687,132264,operating_room,
27557,42687,132264,dressing_room,
27558,42687,132264,nursery,
27559,42687,132264,hospital_room,
27560,42687,132288,clean_room,
27561,42687,132288,nursery,
27562,42687,132288,shower,
27563,42687,132288,operating_room,
27564,42687,132288,beauty_salon,
27565,42687,132312,clean_room,
27566,42687,132312,dressing_room,
27567,42687,132312,sauna,
27568,42687,132312,nursery,
27569,42687,132312,shower,
27570,42687,132336,clean_room,
27571,42687,132336,nursery,
27572,42687,132336,dressing_room,
27573,42687,132336,museum/indoor,
27574,42687,132336,sauna,
27575,42687,132360,clean_room,
27576,42687,132360,nursery,
27577,42687,132360,sauna,
27578,42687,132360,dressing_room,
27579,42687,132360,shower,
27580,42687,132384,clean_room,
27581,42687,132384,dressing_room,
27582,42687,132384,museum/indoor,
27583,42687,132384,operating_room,
27584,42687,132384,shower,
27585,42687,132408,clean_room,
27586,42687,132408,dressing_room,
27587,42687,132408,museum/indoor,
27588,42687,132408,shower,
27589,42687,132408,locker_room,
27590,42687,132432,clean_room,
27591,42687,132432,dressing_room,
27592,42687,132432,museum/indoor,
27593,42687,132432,shower,
27594,42687,132432,locker_room,
27595,42687,132456,clean_room,
27596,42687,132456,museum/indoor,
27597,42687,132456,dressing_room,
27598,42687,132456,shower,
27599,42687,132456,clothing_store,
27600,42687,132480,clean_room,
27601,42687,132480,museum/indoor,
27602,42687,132480,dressing_room,
27603,42687,132480,shower,
27604,42687,132480,locker_room,
27605,42687,132504,clean_room,
27606,42687,132504,dressing_room,
27607,42687,132504,museum/indoor,
27608,42687,132504,shower,
27609,42687,132504,locker_room,
27610,42687,132528,clean_room,
27611,42687,132528,dressing_room,
27612,42687,132528,museum/indoor,
27613,42687,132528,shower,
27614,42687,132528,operating_room,
27615,42687,132552,clean_room,
27616,42687,132552,dressing_room,
27617,42687,132552,museum/indoor,
27618,42687,132552,shower,
27619,42687,132552,operating_room,
27620,42687,132576,clean_room,
27621,42687,132576,dressing_room,
27622,42687,132576,museum/indoor,
27623,42687,132576,shower,
27624,42687,132576,locker_room,
27625,42687,132600,clean_room,
27626,42687,132600,dressing_room,
27627,42687,132600,museum/indoor,
27628,42687,132600,shower,
27629,42687,132600,operating_room,
27630,42687,132624,clean_room,
27631,42687,132624,dressing_room,
27632,42687,132624,museum/indoor,
27633,42687,132624,shower,
27634,42687,132624,art_gallery,
27635,42687,132648,clean_room,
27636,42687,132648,dressing_room,
27637,42687,132648,archive,
27638,42687,132648,locker_room,
27639,42687,132648,music_studio,
27640,42687,132672,elevator/door,
27641,42687,132672,clean_room,
27642,42687,132672,bow_window/indoor,
27643,42687,132672,elevator_lobby,
27644,42687,132672,closet,
27645,42687,132696,clean_room,
27646,42687,132696,museum/indoor,
27647,42687,132696,art_gallery,
27648,42687,132696,dressing_room,
27649,42687,132696,bow_window/indoor,
27650,42687,132720,clean_room,
27651,42687,132720,museum/indoor,
27652,42687,132720,dressing_room,
27653,42687,132720,art_gallery,
27654,42687,132720,bow_window/indoor,
27655,42687,132744,clean_room,
27656,42687,132744,museum/indoor,
27657,42687,132744,art_gallery,
27658,42687,132744,dressing_room,
27659,42687,132744,bow_window/indoor,
27660,42687,132768,museum/indoor,
27661,42687,132768,clean_room,
27662,42687,132768,art_gallery,
27663,42687,132768,bow_window/indoor,
27664,42687,132768,dressing_room,
27665,42687,132792,clean_room,
27666,42687,132792,museum/indoor,
27667,42687,132792,art_gallery,
27668,42687,132792,dressing_room,
27669,42687,132792,bow_window/indoor,
27670,42687,132816,clean_room,
27671,42687,132816,bow_window/indoor,
27672,42687,132816,art_gallery,
27673,42687,132816,museum/indoor,
27674,42687,132816,dressing_room,
27675,42687,132840,clean_room,
27676,42687,132840,bathroom,
27677,42687,132840,shower,
27678,42687,132840,dressing_room,
27679,42687,132840,art_gallery,
27680,42687,132864,clean_room,
27681,42687,132864,dressing_room,
27682,42687,132864,locker_room,
27683,42687,132864,art_gallery,
27684,42687,132864,office,
27685,42687,132888,clean_room,
27686,42687,132888,dressing_room,
27687,42687,132888,elevator/door,
27688,42687,132888,locker_room,
27689,42687,132888,office,
27690,42687,132912,clean_room,
27691,42687,132912,elevator/door,
27692,42687,132912,dressing_room,
27693,42687,132912,office,
27694,42687,132912,locker_room,
27695,42687,132936,clean_room,
27696,42687,132936,office,
27697,42687,132936,office_cubicles,
27698,42687,132936,archive,
27699,42687,132936,dressing_room,
27700,42687,132960,clean_room,
27701,42687,132960,dressing_room,
27702,42687,132960,art_gallery,
27703,42687,132960,bathroom,
27704,42687,132960,office,
27705,42687,132984,clean_room,
27706,42687,132984,dressing_room,
27707,42687,132984,locker_room,
27708,42687,132984,bathroom,
27709,42687,132984,elevator/door,
27710,42687,133008,clean_room,
27711,42687,133008,dressing_room,
27712,42687,133008,locker_room,
27713,42687,133008,elevator/door,
27714,42687,133008,archive,
27715,42687,133032,clean_room,
27716,42687,133032,dressing_room,
27717,42687,133032,locker_room,
27718,42687,133032,office,
27719,42687,133032,elevator/door,
27720,42687,133056,clean_room,
27721,42687,133056,archive,
27722,42687,133056,bow_window/indoor,
27723,42687,133056,museum/indoor,
27724,42687,133056,dressing_room,
27725,42687,133080,clean_room,
27726,42687,133080,dressing_room,
27727,42687,133080,archive,
27728,42687,133080,museum/indoor,
27729,42687,133080,bow_window/indoor,
27730,42687,133104,clean_room,
27731,42687,133104,dressing_room,
27732,42687,133104,archive,
27733,42687,133104,bow_window/indoor,
27734,42687,133104,office,
27735,42687,133128,clean_room,
27736,42687,133128,dressing_room,
27737,42687,133128,archive,
27738,42687,133128,museum/indoor,
27739,42687,133128,beauty_salon,
27740,42687,133152,clean_room,
27741,42687,133152,office,
27742,42687,133152,bow_window/indoor,
27743,42687,133152,museum/indoor,
27744,42687,133152,hospital_room,
27745,42687,133176,clean_room,
27746,42687,133176,archive,
27747,42687,133176,bow_window/indoor,
27748,42687,133176,dressing_room,
27749,42687,133176,office,
27750,42687,133200,clean_room,
27751,42687,133200,archive,
27752,42687,133200,bow_window/indoor,
27753,42687,133200,office,
27754,42687,133200,hospital_room,
27755,42687,133224,dressing_room,
27756,42687,133224,clean_room,
27757,42687,133224,bathroom,
27758,42687,133224,locker_room,
27759,42687,133224,shower,
27760,42687,133248,clean_room,
27761,42687,133248,dressing_room,
27762,42687,133248,bathroom,
27763,42687,133248,sauna,
27764,42687,133248,art_gallery,
27765,42687,133272,clean_room,
27766,42687,133272,bathroom,
27767,42687,133272,dressing_room,
27768,42687,133272,sauna,
27769,42687,133272,locker_room,
27770,42687,133296,clean_room,
27771,42687,133296,bathroom,
27772,42687,133296,dressing_room,
27773,42687,133296,office,
27774,42687,133296,sauna,
27775,42687,133320,clean_room,
27776,42687,133320,dressing_room,
27777,42687,133320,bathroom,
27778,42687,133320,sauna,
27779,42687,133320,locker_room,
27780,42687,133344,dressing_room,
27781,42687,133344,bathroom,
27782,42687,133344,clean_room,
27783,42687,133344,locker_room,
27784,42687,133344,shower,
27785,42687,133368,dressing_room,
27786,42687,133368,clean_room,
27787,42687,133368,art_gallery,
27788,42687,133368,sauna,
27789,42687,133368,bathroom,
27790,42687,133392,dressing_room,
27791,42687,133392,bathroom,
27792,42687,133392,sauna,
27793,42687,133392,clean_room,
27794,42687,133392,office,
27795,42687,133416,dressing_room,
27796,42687,133416,bathroom,
27797,42687,133416,clean_room,
27798,42687,133416,sauna,
27799,42687,133416,office,
27800,42687,133440,dressing_room,
27801,42687,133440,bathroom,
27802,42687,133440,art_gallery,
27803,42687,133440,clean_room,
27804,42687,133440,museum/indoor,
27805,42687,133464,dressing_room,
27806,42687,133464,art_gallery,
27807,42687,133464,clean_room,
27808,42687,133464,museum/indoor,
27809,42687,133464,bathroom,
27810,42687,133488,dressing_room,
27811,42687,133488,art_gallery,
27812,42687,133488,bathroom,
27813,42687,133488,clean_room,
27814,42687,133488,museum/indoor,
27815,42687,133512,dressing_room,
27816,42687,133512,clean_room,
27817,42687,133512,bathroom,
27818,42687,133512,art_gallery,
27819,42687,133512,museum/indoor,
27820,42687,133536,clean_room,
27821,42687,133536,dressing_room,
27822,42687,133536,bathroom,
27823,42687,133536,art_gallery,
27824,42687,133536,sauna,
27825,42687,133560,clean_room,
27826,42687,133560,dressing_room,
27827,42687,133560,art_gallery,
27828,42687,133560,bathroom,
27829,42687,133560,museum/indoor,
27830,42687,133584,clean_room,
27831,42687,133584,archive,
27832,42687,133584,bow_window/indoor,
27833,42687,133584,dressing_room,
27834,42687,133584,office,
27835,42687,133608,clean_room,
27836,42687,133608,dressing_room,
27837,42687,133608,archive,
27838,42687,133608,bow_window/indoor,
27839,42687,133608,beauty_salon,
27840,42687,133632,clean_room,
27841,42687,133632,dressing_room,
27842,42687,133632,archive,
27843,42687,133632,bow_window/indoor,
27844,42687,133632,museum/indoor,
27845,42687,133656,dressing_room,
27846,42687,133656,bathroom,
27847,42687,133656,clean_room,
27848,42687,133656,shower,
27849,42687,133656,locker_room,
27850,42687,133680,dressing_room,
27851,42687,133680,clean_room,
27852,42687,133680,locker_room,
27853,42687,133680,bathroom,
27854,42687,133680,sauna,
27855,42687,133704,clean_room,
27856,42687,133704,dressing_room,
27857,42687,133704,sauna,
27858,42687,133704,bathroom,
27859,42687,133704,locker_room,
27860,42687,133728,clean_room,
27861,42687,133728,bathroom,
27862,42687,133728,dressing_room,
27863,42687,133728,sauna,
27864,42687,133728,shower,
27865,42687,133752,clean_room,
27866,42687,133752,bathroom,
27867,42687,133752,dressing_room,
27868,42687,133752,sauna,
27869,42687,133752,locker_room,
27870,42687,133776,clean_room,
27871,42687,133776,bathroom,
27872,42687,133776,dressing_room,
27873,42687,133776,locker_room,
27874,42687,133776,sauna,
27875,42687,133800,clean_room,
27876,42687,133800,locker_room,
27877,42687,133800,bathroom,
27878,42687,133800,sauna,
27879,42687,133800,dressing_room,
27880,42687,133824,clean_room,
27881,42687,133824,bathroom,
27882,42687,133824,shower,
27883,42687,133824,locker_room,
27884,42687,133824,sauna,
27885,42687,133848,clean_room,
27886,42687,133848,bathroom,
27887,42687,133848,shower,
27888,42687,133848,locker_room,
27889,42687,133848,sauna,
27890,42687,133872,clean_room,
27891,42687,133872,bathroom,
27892,42687,133872,locker_room,
27893,42687,133872,shower,
27894,42687,133872,dressing_room,
27895,42687,133896,clean_room,
27896,42687,133896,bathroom,
27897,42687,133896,shower,
27898,42687,133896,locker_room,
27899,42687,133896,dressing_room,
27900,42687,133920,clean_room,
27901,42687,133920,dressing_room,
27902,42687,133920,bathroom,
27903,42687,133920,shower,
27904,42687,133920,sauna,
27905,42687,133944,clean_room,
27906,42687,133944,dressing_room,
27907,42687,133944,sauna,
27908,42687,133944,shower,
27909,42687,133944,museum/indoor,
27910,42687,133968,clean_room,
27911,42687,133968,museum/indoor,
27912,42687,133968,dressing_room,
27913,42687,133968,art_gallery,
27914,42687,133968,sauna,
27915,42687,133992,clean_room,
27916,42687,133992,dressing_room,
27917,42687,133992,operating_room,
27918,42687,133992,shower,
27919,42687,133992,locker_room,
27920,42687,134016,clean_room,
27921,42687,134016,dressing_room,
27922,42687,134016,operating_room,
27923,42687,134016,museum/indoor,
27924,42687,134016,locker_room,
27925,42687,134040,clean_room,
27926,42687,134040,dressing_room,
27927,42687,134040,operating_room,
27928,42687,134040,locker_room,
27929,42687,134040,archive,
27930,42687,134064,clean_room,
27931,42687,134064,dressing_room,
27932,42687,134064,museum/indoor,
27933,42687,134064,locker_room,
27934,42687,134064,art_gallery,
27935,42687,134088,dressing_room,
27936,42687,134088,museum/indoor,
27937,42687,134088,clean_room,
27938,42687,134088,art_gallery,
27939,42687,134088,locker_room,
27940,42687,134112,dressing_room,
27941,42687,134112,clean_room,
27942,42687,134112,museum/indoor,
27943,42687,134112,art_gallery,
27944,42687,134112,nursing_home,
27945,42687,134136,dressing_room,
27946,42687,134136,clean_room,
27947,42687,134136,museum/indoor,
27948,42687,134136,art_gallery,
27949,42687,134136,archive,
27950,42687,134160,dressing_room,
27951,42687,134160,clean_room,
27952,42687,134160,museum/indoor,
27953,42687,134160,art_gallery,
27954,42687,134160,archive,
27955,42687,134184,dressing_room,
27956,42687,134184,clean_room,
27957,42687,134184,museum/indoor,
27958,42687,134184,art_gallery,
27959,42687,134184,locker_room,
27960,42687,134208,clean_room,
27961,42687,134208,staircase,
27962,42687,134208,entrance_hall,
27963,42687,134208,corridor,
27964,42687,134208,music_studio,
27965,42687,134232,clean_room,
27966,42687,134232,music_studio,
27967,42687,134232,staircase,
27968,42687,134232,dressing_room,
27969,42687,134232,clothing_store,
27970,42687,134256,clean_room,
27971,42687,134256,staircase,
27972,42687,134256,dressing_room,
27973,42687,134256,music_studio,
27974,42687,134256,sauna,
27975,42687,134280,clean_room,
27976,42687,134280,dressing_room,
27977,42687,134280,music_studio,
27978,42687,134280,staircase,
27979,42687,134280,elevator/door,
27980,42687,134304,clean_room,
27981,42687,134304,dressing_room,
27982,42687,134304,music_studio,
27983,42687,134304,staircase,
27984,42687,134304,locker_room,
27985,42687,134328,clean_room,
27986,42687,134328,staircase,
27987,42687,134328,dressing_room,
27988,42687,134328,music_studio,
27989,42687,134328,locker_room,
27990,42687,134352,clean_room,
27991,42687,134352,staircase,
27992,42687,134352,dressing_room,
27993,42687,134352,music_studio,
27994,42687,134352,locker_room,
27995,42687,134376,staircase,
27996,42687,134376,clean_room,
27997,42687,134376,music_studio,
27998,42687,134376,archive,
27999,42687,134376,corridor,
28000,42687,134400,clean_room,
28001,42687,134400,dressing_room,
28002,42687,134400,shower,
28003,42687,134400,operating_room,
28004,42687,134400,locker_room,
28005,42687,134424,clean_room,
28006,42687,134424,dressing_room,
28007,42687,134424,elevator/door,
28008,42687,134424,sauna,
28009,42687,134424,elevator_lobby,
28010,42687,134448,clean_room,
28011,42687,134448,dressing_room,
28012,42687,134448,closet,
28013,42687,134448,office,
28014,42687,134448,elevator_lobby,
28015,42687,134472,clean_room,
28016,42687,134472,dressing_room,
28017,42687,134472,archive,
28018,42687,134472,elevator_lobby,
28019,42687,134472,office,
28020,42687,134496,clean_room,
28021,42687,134496,dressing_room,
28022,42687,134496,elevator_lobby,
28023,42687,134496,office,
28024,42687,134496,elevator/door,
28025,42687,134520,clean_room,
28026,42687,134520,dressing_room,
28027,42687,134520,museum/indoor,
28028,42687,134520,elevator_lobby,
28029,42687,134520,shower,
28030,42687,134544,clean_room,
28031,42687,134544,dressing_room,
28032,42687,134544,office,
28033,42687,134544,beauty_salon,
28034,42687,134544,atrium/public,
28035,42687,134568,clean_room,
28036,42687,134568,staircase,
28037,42687,134568,corridor,
28038,42687,134568,dressing_room,
28039,42687,134568,atrium/public,
28040,42687,134592,clean_room,
28041,42687,134592,atrium/public,
28042,42687,134592,archive,
28043,42687,134592,staircase,
28044,42687,134592,corridor,
28045,42687,134616,clean_room,
28046,42687,134616,dressing_room,
28047,42687,134616,corridor,
28048,42687,134616,archive,
28049,42687,134616,museum/indoor,
28050,42687,134640,clean_room,
28051,42687,134640,lobby,
28052,42687,134640,elevator_lobby,
28053,42687,134640,atrium/public,
28054,42687,134640,entrance_hall,
28055,42687,134664,clean_room,
28056,42687,134664,corridor,
28057,42687,134664,elevator_lobby,
28058,42687,134664,elevator/door,
28059,42687,134664,dressing_room,
28060,42687,134688,clean_room,
28061,42687,134688,dressing_room,
28062,42687,134688,dining_room,
28063,42687,134688,beauty_salon,
28064,42687,134688,office,
28065,42687,134712,clean_room,
28066,42687,134712,operating_room,
28067,42687,134712,dressing_room,
28068,42687,134712,bathroom,
28069,42687,134712,shower,
28070,42687,134736,clean_room,
28071,42687,134736,bathroom,
28072,42687,134736,operating_room,
28073,42687,134736,shower,
28074,42687,134736,hospital_room,
28075,42687,134760,clean_room,
28076,42687,134760,museum/indoor,
28077,42687,134760,art_gallery,
28078,42687,134760,science_museum,
28079,42687,134760,dressing_room,
28080,42687,134784,clean_room,
28081,42687,134784,dressing_room,
28082,42687,134784,museum/indoor,
28083,42687,134784,art_gallery,
28084,42687,134784,beauty_salon,
28085,42687,134808,clean_room,
28086,42687,134808,museum/indoor,
28087,42687,134808,dressing_room,
28088,42687,134808,art_gallery,
28089,42687,134808,archive,
28090,42687,134832,clean_room,
28091,42687,134832,museum/indoor,
28092,42687,134832,art_gallery,
28093,42687,134832,dressing_room,
28094,42687,134832,archive,
28095,42687,134856,clean_room,
28096,42687,134856,dressing_room,
28097,42687,134856,dining_room,
28098,42687,134856,art_gallery,
28099,42687,134856,beauty_salon,
28100,42687,134880,clean_room,
28101,42687,134880,dressing_room,
28102,42687,134880,archive,
28103,42687,134880,museum/indoor,
28104,42687,134880,art_gallery,
28105,42687,134904,clean_room,
28106,42687,134904,dressing_room,
28107,42687,134904,museum/indoor,
28108,42687,134904,art_gallery,
28109,42687,134904,science_museum,
28110,42687,134928,clean_room,
28111,42687,134928,dressing_room,
28112,42687,134928,archive,
28113,42687,134928,art_gallery,
28114,42687,134928,museum/indoor,
28115,42687,134952,clean_room,
28116,42687,134952,dressing_room,
28117,42687,134952,bathroom,
28118,42687,134952,museum/indoor,
28119,42687,134952,dining_room,
28120,42687,134976,clean_room,
28121,42687,134976,dressing_room,
28122,42687,134976,shower,
28123,42687,134976,bathroom,
28124,42687,134976,museum/indoor,
28125,42687,135000,clean_room,
28126,42687,135000,dressing_room,
28127,42687,135000,operating_room,
28128,42687,135000,hospital_room,
28129,42687,135000,museum/indoor,
28130,42687,135024,clean_room,
28131,42687,135024,dressing_room,
28132,42687,135024,operating_room,
28133,42687,135024,museum/indoor,
28134,42687,135024,hospital_room,
28135,42687,135048,clean_room,
28136,42687,135048,operating_room,
28137,42687,135048,dressing_room,
28138,42687,135048,hospital_room,
28139,42687,135048,beauty_salon,
28140,42687,135072,clean_room,
28141,42687,135072,dressing_room,
28142,42687,135072,art_gallery,
28143,42687,135072,museum/indoor,
28144,42687,135072,operating_room,
28145,42687,135096,clean_room,
28146,42687,135096,art_gallery,
28147,42687,135096,nursery,
28148,42687,135096,dressing_room,
28149,42687,135096,museum/indoor,
28150,42687,135120,clean_room,
28151,42687,135120,art_gallery,
28152,42687,135120,museum/indoor,
28153,42687,135120,nursery,
28154,42687,135120,dressing_room,
28155,42687,135144,clean_room,
28156,42687,135144,art_gallery,
28157,42687,135144,museum/indoor,
28158,42687,135144,dressing_room,
28159,42687,135144,nursery,
28160,42687,135168,clean_room,
28161,42687,135168,dressing_room,
28162,42687,135168,art_gallery,
28163,42687,135168,museum/indoor,
28164,42687,135168,nursery,
28165,42687,135192,clean_room,
28166,42687,135192,dressing_room,
28167,42687,135192,art_gallery,
28168,42687,135192,nursing_home,
28169,42687,135192,office,
28170,42687,135216,clean_room,
28171,42687,135216,nursing_home,
28172,42687,135216,art_gallery,
28173,42687,135216,dressing_room,
28174,42687,135216,archive,
28175,42687,135240,clean_room,
28176,42687,135240,dressing_room,
28177,42687,135240,bathroom,
28178,42687,135240,art_gallery,
28179,42687,135240,operating_room,
28180,42687,135264,dressing_room,
28181,42687,135264,clean_room,
28182,42687,135264,bathroom,
28183,42687,135264,art_gallery,
28184,42687,135264,art_studio,
28185,42687,135288,dressing_room,
28186,42687,135288,clean_room,
28187,42687,135288,museum/indoor,
28188,42687,135288,art_gallery,
28189,42687,135288,sauna,
28190,42687,135312,clean_room,
28191,42687,135312,dressing_room,
28192,42687,135312,museum/indoor,
28193,42687,135312,shower,
28194,42687,135312,art_gallery,
28195,42687,135336,clean_room,
28196,42687,135336,dressing_room,
28197,42687,135336,museum/indoor,
28198,42687,135336,sauna,
28199,42687,135336,shower,
28200,42687,135360,clean_room,
28201,42687,135360,dressing_room,
28202,42687,135360,operating_room,
28203,42687,135360,hospital_room,
28204,42687,135360,shower,
28205,42687,135384,clean_room,
28206,42687,135384,dressing_room,
28207,42687,135384,art_gallery,
28208,42687,135384,museum/indoor,
28209,42687,135384,operating_room,
28210,42687,135408,clean_room,
28211,42687,135408,dressing_room,
28212,42687,135408,museum/indoor,
28213,42687,135408,art_gallery,
28214,42687,135408,clothing_store,
28215,42687,135432,clean_room,
28216,42687,135432,dressing_room,
28217,42687,135432,museum/indoor,
28218,42687,135432,art_gallery,
28219,42687,135432,shower,
28220,42687,135456,clean_room,
28221,42687,135456,dressing_room,
28222,42687,135456,operating_room,
28223,42687,135456,hospital_room,
28224,42687,135456,bathroom,
28225,42687,135480,clean_room,
28226,42687,135480,dressing_room,
28227,42687,135480,operating_room,
28228,42687,135480,hospital_room,
28229,42687,135480,shower,
28230,42687,135504,clean_room,
28231,42687,135504,dressing_room,
28232,42687,135504,museum/indoor,
28233,42687,135504,art_gallery,
28234,42687,135504,shower,
28235,42687,135528,clean_room,
28236,42687,135528,dressing_room,
28237,42687,135528,museum/indoor,
28238,42687,135528,art_gallery,
28239,42687,135528,sauna,
28240,42687,135552,clean_room,
28241,42687,135552,dressing_room,
28242,42687,135552,shower,
28243,42687,135552,bathroom,
28244,42687,135552,sauna,
28245,42687,135576,clean_room,
28246,42687,135576,dressing_room,
28247,42687,135576,hospital_room,
28248,42687,135576,bathroom,
28249,42687,135576,operating_room,
28250,42687,135600,clean_room,
28251,42687,135600,museum/indoor,
28252,42687,135600,art_gallery,
28253,42687,135600,dressing_room,
28254,42687,135600,archive,
28255,42687,135624,clean_room,
28256,42687,135624,dressing_room,
28257,42687,135624,art_gallery,
28258,42687,135624,nursery,
28259,42687,135624,hospital_room,
28260,42687,135648,clean_room,
28261,42687,135648,dressing_room,
28262,42687,135648,art_gallery,
28263,42687,135648,bathroom,
28264,42687,135648,museum/indoor,
28265,42687,135672,clean_room,
28266,42687,135672,dressing_room,
28267,42687,135672,art_gallery,
28268,42687,135672,operating_room,
28269,42687,135672,hospital_room,
28270,42687,135696,clean_room,
28271,42687,135696,dressing_room,
28272,42687,135696,art_gallery,
28273,42687,135696,nursing_home,
28274,42687,135696,bathroom,
28275,42687,135720,clean_room,
28276,42687,135720,dressing_room,
28277,42687,135720,art_gallery,
28278,42687,135720,nursery,
28279,42687,135720,operating_room,
28280,42687,135744,dressing_room,
28281,42687,135744,clean_room,
28282,42687,135744,art_gallery,
28283,42687,135744,museum/indoor,
28284,42687,135744,living_room,
28285,42687,135768,clean_room,
28286,42687,135768,dressing_room,
28287,42687,135768,operating_room,
28288,42687,135768,hospital_room,
28289,42687,135768,nursery,
28290,42687,135792,clean_room,
28291,42687,135792,dressing_room,
28292,42687,135792,operating_room,
28293,42687,135792,hospital_room,
28294,42687,135792,art_gallery,
28295,42687,135816,clean_room,
28296,42687,135816,art_gallery,
28297,42687,135816,museum/indoor,
28298,42687,135816,dressing_room,
28299,42687,135816,nursery,
28300,42687,135840,clean_room,
28301,42687,135840,art_gallery,
28302,42687,135840,museum/indoor,
28303,42687,135840,archive,
28304,42687,135840,operating_room,
28305,42687,135864,clean_room,
28306,42687,135864,art_gallery,
28307,42687,135864,museum/indoor,
28308,42687,135864,dressing_room,
28309,42687,135864,operating_room,
28310,42687,135888,clean_room,
28311,42687,135888,art_gallery,
28312,42687,135888,museum/indoor,
28313,42687,135888,dressing_room,
28314,42687,135888,nursery,
28315,42687,135912,clean_room,
28316,42687,135912,dressing_room,
28317,42687,135912,art_gallery,
28318,42687,135912,museum/indoor,
28319,42687,135912,nursery,
28320,42687,135936,clean_room,
28321,42687,135936,dressing_room,
28322,42687,135936,operating_room,
28323,42687,135936,nursing_home,
28324,42687,135936,museum/indoor,
28325,42687,135960,clean_room,
28326,42687,135960,art_gallery,
28327,42687,135960,dressing_room,
28328,42687,135960,nursery,
28329,42687,135960,museum/indoor,
28330,42687,135984,clean_room,
28331,42687,135984,bathroom,
28332,42687,135984,art_gallery,
28333,42687,135984,dressing_room,
28334,42687,135984,museum/indoor,
28335,42687,136008,clean_room,
28336,42687,136008,nursery,
28337,42687,136008,art_gallery,
28338,42687,136008,dressing_room,
28339,42687,136008,bathroom,
28340,42687,136032,clean_room,
28341,42687,136032,art_gallery,
28342,42687,136032,nursery,
28343,42687,136032,museum/indoor,
28344,42687,136032,alcove,
28345,42687,136056,clean_room,
28346,42687,136056,art_gallery,
28347,42687,136056,museum/indoor,
28348,42687,136056,artists_loft,
28349,42687,136056,nursery,
28350,42687,136080,clean_room,
28351,42687,136080,art_gallery,
28352,42687,136080,museum/indoor,
28353,42687,136080,nursery,
28354,42687,136080,artists_loft,
28355,42687,136104,art_gallery,
28356,42687,136104,clean_room,
28357,42687,136104,museum/indoor,
28358,42687,136104,artists_loft,
28359,42687,136104,nursery,
28360,42687,136128,art_gallery,
28361,42687,136128,clean_room,
28362,42687,136128,museum/indoor,
28363,42687,136128,artists_loft,
28364,42687,136128,nursery,
28365,42687,136152,clean_room,
28366,42687,136152,art_gallery,
28367,42687,136152,nursery,
28368,42687,136152,museum/indoor,
28369,42687,136152,artists_loft,
28370,42687,136176,art_gallery,
28371,42687,136176,dressing_room,
28372,42687,136176,bathroom,
28373,42687,136176,clean_room,
28374,42687,136176,museum/indoor,
28375,42687,136200,clean_room,
28376,42687,136200,dressing_room,
28377,42687,136200,art_gallery,
28378,42687,136200,museum/indoor,
28379,42687,136200,bathroom,
28380,42687,136224,clean_room,
28381,42687,136224,museum/indoor,
28382,42687,136224,dressing_room,
28383,42687,136224,art_gallery,
28384,42687,136224,operating_room,
28385,42687,136248,clean_room,
28386,42687,136248,museum/indoor,
28387,42687,136248,art_gallery,
28388,42687,136248,dressing_room,
28389,42687,136248,operating_room,
28390,42687,136272,clean_room,
28391,42687,136272,museum/indoor,
28392,42687,136272,operating_room,
28393,42687,136272,art_gallery,
28394,42687,136272,dressing_room,
28395,42687,136296,clean_room,
28396,42687,136296,museum/indoor,
28397,42687,136296,dressing_room,
28398,42687,136296,art_gallery,
28399,42687,136296,operating_room,
28400,42687,136320,clean_room,
28401,42687,136320,museum/indoor,
28402,42687,136320,dressing_room,
28403,42687,136320,art_gallery,
28404,42687,136320,operating_room,
28405,42687,136344,clean_room,
28406,42687,136344,dressing_room,
28407,42687,136344,museum/indoor,
28408,42687,136344,art_gallery,
28409,42687,136344,operating_room,
28410,42687,136368,clean_room,
28411,42687,136368,dressing_room,
28412,42687,136368,museum/indoor,
28413,42687,136368,art_gallery,
28414,42687,136368,operating_room,
28415,42687,136392,clean_room,
28416,42687,136392,dressing_room,
28417,42687,136392,museum/indoor,
28418,42687,136392,art_gallery,
28419,42687,136392,operating_room,
28420,42687,136416,clean_room,
28421,42687,136416,museum/indoor,
28422,42687,136416,art_gallery,
28423,42687,136416,dressing_room,
28424,42687,136416,operating_room,
28425,42687,136440,clean_room,
28426,42687,136440,museum/indoor,
28427,42687,136440,dressing_room,
28428,42687,136440,art_gallery,
28429,42687,136440,operating_room,
28430,42687,136464,clean_room,
28431,42687,136464,dressing_room,
28432,42687,136464,museum/indoor,
28433,42687,136464,art_gallery,
28434,42687,136464,operating_room,
28435,42687,136488,dressing_room,
28436,42687,136488,bathroom,
28437,42687,136488,shower,
28438,42687,136488,clean_room,
28439,42687,136488,art_gallery,
28440,42687,136512,dressing_room,
28441,42687,136512,bathroom,
28442,42687,136512,clean_room,
28443,42687,136512,shower,
28444,42687,136512,sauna,
28445,42687,136536,clean_room,
28446,42687,136536,dressing_room,
28447,42687,136536,operating_room,
28448,42687,136536,locker_room,
28449,42687,136536,hospital_room,
28450,42687,136560,clean_room,
28451,42687,136560,dressing_room,
28452,42687,136560,beauty_salon,
28453,42687,136560,hospital_room,
28454,42687,136560,bathroom,
28455,42687,136584,clean_room,
28456,42687,136584,dressing_room,
28457,42687,136584,corridor,
28458,42687,136584,operating_room,
28459,42687,136584,hospital_room,
28460,42687,136608,clean_room,
28461,42687,136608,dressing_room,
28462,42687,136608,beauty_salon,
28463,42687,136608,corridor,
28464,42687,136608,operating_room,
28465,42687,136632,bow_window/indoor,
28466,42687,136632,shower,
28467,42687,136632,alcove,
28468,42687,136632,art_gallery,
28469,42687,136632,museum/indoor,
28470,42687,136656,dressing_room,
28471,42687,136656,bow_window/indoor,
28472,42687,136656,elevator/door,
28473,42687,136656,elevator_lobby,
28474,42687,136656,sauna,
28475,42687,136680,bow_window/indoor,
28476,42687,136680,dressing_room,
28477,42687,136680,closet,
28478,42687,136680,sauna,
28479,42687,136680,clean_room,
28480,42687,136704,dressing_room,
28481,42687,136704,bow_window/indoor,
28482,42687,136704,closet,
28483,42687,136704,bathroom,
28484,42687,136704,shower,
28485,42687,136728,bow_window/indoor,
28486,42687,136728,closet,
28487,42687,136728,bathroom,
28488,42687,136728,shower,
28489,42687,136728,dressing_room,
28490,42687,136752,clean_room,
28491,42687,136752,dressing_room,
28492,42687,136752,bow_window/indoor,
28493,42687,136752,closet,
28494,42687,136752,sauna,
28495,42687,136776,dressing_room,
28496,42687,136776,museum/indoor,
28497,42687,136776,clean_room,
28498,42687,136776,bow_window/indoor,
28499,42687,136776,elevator/door,
28500,42687,136800,dressing_room,
28501,42687,136800,bow_window/indoor,
28502,42687,136800,closet,
28503,42687,136800,clean_room,
28504,42687,136800,bathroom,
28505,42687,136824,clean_room,
28506,42687,136824,dressing_room,
28507,42687,136824,sauna,
28508,42687,136824,bathroom,
28509,42687,136824,shower,
28510,42687,136848,clean_room,
28511,42687,136848,sauna,
28512,42687,136848,dressing_room,
28513,42687,136848,shower,
28514,42687,136848,museum/indoor,
28515,42687,136872,dressing_room,
28516,42687,136872,clean_room,
28517,42687,136872,sauna,
28518,42687,136872,shower,
28519,42687,136872,bathroom,
28520,42687,136896,clean_room,
28521,42687,136896,dressing_room,
28522,42687,136896,sauna,
28523,42687,136896,shower,
28524,42687,136896,bathroom,
28525,42687,136920,dressing_room,
28526,42687,136920,clean_room,
28527,42687,136920,sauna,
28528,42687,136920,corridor,
28529,42687,136920,museum/indoor,
28530,42687,136944,clean_room,
28531,42687,136944,dressing_room,
28532,42687,136944,corridor,
28533,42687,136944,museum/indoor,
28534,42687,136944,sauna,
28535,42687,136968,bow_window/indoor,
28536,42687,136968,shower,
28537,42687,136968,bathroom,
28538,42687,136968,clean_room,
28539,42687,136968,hotel_room,
28540,42687,136992,bow_window/indoor,
28541,42687,136992,alcove,
28542,42687,136992,corridor,
28543,42687,136992,shower,
28544,42687,136992,entrance_hall,
28545,42687,137016,bow_window/indoor,
28546,42687,137016,clean_room,
28547,42687,137016,corridor,
28548,42687,137016,alcove,
28549,42687,137016,closet,
28550,42687,137040,bow_window/indoor,
28551,42687,137040,dressing_room,
28552,42687,137040,shower,
28553,42687,137040,closet,
28554,42687,137040,corridor,
28555,42687,137064,bow_window/indoor,
28556,42687,137064,corridor,
28557,42687,137064,alcove,
28558,42687,137064,dressing_room,
28559,42687,137064,closet,
28560,42687,137088,dressing_room,
28561,42687,137088,clean_room,
28562,42687,137088,shower,
28563,42687,137088,bathroom,
28564,42687,137088,art_gallery,
28565,42687,137112,shower,
28566,42687,137112,bathroom,
28567,42687,137112,bow_window/indoor,
28568,42687,137112,sauna,
28569,42687,137112,elevator/door,
28570,42687,137136,clean_room,
28571,42687,137136,dressing_room,
28572,42687,137136,bow_window/indoor,
28573,42687,137136,shower,
28574,42687,137136,gymnasium/indoor,
28575,42687,137160,clean_room,
28576,42687,137160,shower,
28577,42687,137160,bathroom,
28578,42687,137160,dressing_room,
28579,42687,137160,sauna,
28580,42687,137184,nursery,
28581,42687,137184,clean_room,
28582,42687,137184,science_museum,
28583,42687,137184,kindergarden_classroom,
28584,42687,137184,museum/indoor,
28585,42687,137208,nursery,
28586,42687,137208,clean_room,
28587,42687,137208,laundromat,
28588,42687,137208,jewelry_shop,
28589,42687,137208,archive,
28590,42687,137232,clean_room,
28591,42687,137232,music_studio,
28592,42687,137232,office,
28593,42687,137232,chemistry_lab,
28594,42687,137232,physics_laboratory,
28595,42687,137256,pharmacy,
28596,42687,137256,clean_room,
28597,42687,137256,jewelry_shop,
28598,42687,137256,wet_bar,
28599,42687,137256,drugstore,
28600,42687,137280,clean_room,
28601,42687,137280,chemistry_lab,
28602,42687,137280,beauty_salon,
28603,42687,137280,dressing_room,
28604,42687,137280,server_room,
28605,42687,137304,dressing_room,
28606,42687,137304,chemistry_lab,
28607,42687,137304,beauty_salon,
28608,42687,137304,clean_room,
28609,42687,137304,office,
28610,42687,137328,chemistry_lab,
28611,42687,137328,dressing_room,
28612,42687,137328,biology_laboratory,
28613,42687,137328,clean_room,
28614,42687,137328,office,
28615,42687,137352,hospital_room,
28616,42687,137352,operating_room,
28617,42687,137352,clean_room,
28618,42687,137352,beauty_salon,
28619,42687,137352,dressing_room,
28620,42687,137376,operating_room,
28621,42687,137376,hospital_room,
28622,42687,137376,clean_room,
28623,42687,137376,beauty_salon,
28624,42687,137376,childs_room,
28625,42687,137400,operating_room,
28626,42687,137400,hospital_room,
28627,42687,137400,clean_room,
28628,42687,137400,beauty_salon,
28629,42687,137400,nursing_home,
28630,42687,137424,operating_room,
28631,42687,137424,clean_room,
28632,42687,137424,hospital_room,
28633,42687,137424,beauty_salon,
28634,42687,137424,dressing_room,
28635,42687,137448,operating_room,
28636,42687,137448,hospital_room,
28637,42687,137448,clean_room,
28638,42687,137448,beauty_salon,
28639,42687,137448,nursing_home,
28640,42687,137472,hospital_room,
28641,42687,137472,operating_room,
28642,42687,137472,clean_room,
28643,42687,137472,dressing_room,
28644,42687,137472,beauty_salon,
28645,42687,137496,clean_room,
28646,42687,137496,dressing_room,
28647,42687,137496,museum/indoor,
28648,42687,137496,operating_room,
28649,42687,137496,hospital_room,
28650,42687,137520,museum/indoor,
28651,42687,137520,art_gallery,
28652,42687,137520,clean_room,
28653,42687,137520,dressing_room,
28654,42687,137520,art_studio,
28655,42687,137544,museum/indoor,
28656,42687,137544,clean_room,
28657,42687,137544,dressing_room,
28658,42687,137544,art_gallery,
28659,42687,137544,archive,
28660,42687,137568,dressing_room,
28661,42687,137568,beauty_salon,
28662,42687,137568,clean_room,
28663,42687,137568,museum/indoor,
28664,42687,137568,art_gallery,
28665,42687,137592,dressing_room,
28666,42687,137592,beauty_salon,
28667,42687,137592,clean_room,
28668,42687,137592,childs_room,
28669,42687,137592,living_room,
28670,42687,137616,dressing_room,
28671,42687,137616,beauty_salon,
28672,42687,137616,clean_room,
28673,42687,137616,hospital_room,
28674,42687,137616,childs_room,
28675,42687,137640,dressing_room,
28676,42687,137640,clean_room,
28677,42687,137640,beauty_salon,
28678,42687,137640,hospital_room,
28679,42687,137640,living_room,
28680,42687,137664,dressing_room,
28681,42687,137664,beauty_salon,
28682,42687,137664,clean_room,
28683,42687,137664,art_studio,
28684,42687,137664,hospital_room,
28685,42687,137688,dressing_room,
28686,42687,137688,clean_room,
28687,42687,137688,museum/indoor,
28688,42687,137688,beauty_salon,
28689,42687,137688,living_room,
28690,42687,137712,dressing_room,
28691,42687,137712,clean_room,
28692,42687,137712,beauty_salon,
28693,42687,137712,museum/indoor,
28694,42687,137712,art_gallery,
28695,42687,137736,dressing_room,
28696,42687,137736,clean_room,
28697,42687,137736,beauty_salon,
28698,42687,137736,archive,
28699,42687,137736,museum/indoor,
28700,42687,137760,dressing_room,
28701,42687,137760,clean_room,
28702,42687,137760,beauty_salon,
28703,42687,137760,archive,
28704,42687,137760,museum/indoor,
28705,42687,137784,clean_room,
28706,42687,137784,dressing_room,
28707,42687,137784,living_room,
28708,42687,137784,beauty_salon,
28709,42687,137784,art_studio,
28710,42687,137808,clean_room,
28711,42687,137808,dressing_room,
28712,42687,137808,art_studio,
28713,42687,137808,living_room,
28714,42687,137808,archive,
28715,42687,137832,clean_room,
28716,42687,137832,dressing_room,
28717,42687,137832,art_studio,
28718,42687,137832,living_room,
28719,42687,137832,art_gallery,
28720,42687,137856,clean_room,
28721,42687,137856,dressing_room,
28722,42687,137856,art_studio,
28723,42687,137856,living_room,
28724,42687,137856,beauty_salon,
28725,42687,137880,dressing_room,
28726,42687,137880,clean_room,
28727,42687,137880,living_room,
28728,42687,137880,beauty_salon,
28729,42687,137880,artists_loft,
28730,42687,137904,dressing_room,
28731,42687,137904,clean_room,
28732,42687,137904,art_studio,
28733,42687,137904,beauty_salon,
28734,42687,137904,hospital_room,
28735,42687,137928,dressing_room,
28736,42687,137928,clean_room,
28737,42687,137928,museum/indoor,
28738,42687,137928,art_gallery,
28739,42687,137928,shower,
28740,42687,137952,dressing_room,
28741,42687,137952,bathroom,
28742,42687,137952,shower,
28743,42687,137952,sauna,
28744,42687,137952,beauty_salon,
28745,42687,137976,clean_room,
28746,42687,137976,dressing_room,
28747,42687,137976,archive,
28748,42687,137976,art_gallery,
28749,42687,137976,hospital_room,
28750,42687,138000,clean_room,
28751,42687,138000,hospital_room,
28752,42687,138000,dressing_room,
28753,42687,138000,operating_room,
28754,42687,138000,nursing_home,
28755,42687,138024,clean_room,
28756,42687,138024,dressing_room,
28757,42687,138024,hospital_room,
28758,42687,138024,nursery,
28759,42687,138024,nursing_home,
28760,42687,138048,clean_room,
28761,42687,138048,dressing_room,
28762,42687,138048,hospital_room,
28763,42687,138048,nursing_home,
28764,42687,138048,martial_arts_gym,
28765,42687,138072,clean_room,
28766,42687,138072,dressing_room,
28767,42687,138072,hospital_room,
28768,42687,138072,nursing_home,
28769,42687,138072,martial_arts_gym,
28770,42687,138096,clean_room,
28771,42687,138096,dressing_room,
28772,42687,138096,hospital_room,
28773,42687,138096,nursing_home,
28774,42687,138096,operating_room,
28775,42687,138120,clean_room,
28776,42687,138120,dressing_room,
28777,42687,138120,hospital_room,
28778,42687,138120,nursing_home,
28779,42687,138120,operating_room,
28780,42687,138144,clean_room,
28781,42687,138144,dressing_room,
28782,42687,138144,hospital_room,
28783,42687,138144,nursing_home,
28784,42687,138144,operating_room,
28785,42687,138168,clean_room,
28786,42687,138168,dressing_room,
28787,42687,138168,hospital_room,
28788,42687,138168,nursing_home,
28789,42687,138168,operating_room,
28790,42687,138192,clean_room,
28791,42687,138192,dressing_room,
28792,42687,138192,hospital_room,
28793,42687,138192,nursing_home,
28794,42687,138192,operating_room,
28795,42687,138216,clean_room,
28796,42687,138216,dressing_room,
28797,42687,138216,hospital_room,
28798,42687,138216,nursing_home,
28799,42687,138216,operating_room,
28800,42687,138240,clean_room,
28801,42687,138240,dressing_room,
28802,42687,138240,hospital_room,
28803,42687,138240,nursing_home,
28804,42687,138240,operating_room,
28805,42687,138264,clean_room,
28806,42687,138264,dressing_room,
28807,42687,138264,hospital_room,
28808,42687,138264,nursing_home,
28809,42687,138264,operating_room,
28810,42687,138288,clean_room,
28811,42687,138288,dressing_room,
28812,42687,138288,hospital_room,
28813,42687,138288,nursing_home,
28814,42687,138288,operating_room,
28815,42687,138312,clean_room,
28816,42687,138312,dressing_room,
28817,42687,138312,hospital_room,
28818,42687,138312,nursing_home,
28819,42687,138312,martial_arts_gym,
28820,42687,138336,clean_room,
28821,42687,138336,dressing_room,
28822,42687,138336,hospital_room,
28823,42687,138336,nursing_home,
28824,42687,138336,nursery,
28825,42687,138360,clean_room,
28826,42687,138360,dressing_room,
28827,42687,138360,hospital_room,
28828,42687,138360,nursing_home,
28829,42687,138360,operating_room,
28830,42687,138384,clean_room,
28831,42687,138384,dressing_room,
28832,42687,138384,hospital_room,
28833,42687,138384,nursing_home,
28834,42687,138384,operating_room,
28835,42687,138408,dressing_room,
28836,42687,138408,clean_room,
28837,42687,138408,clothing_store,
28838,42687,138408,beauty_salon,
28839,42687,138408,martial_arts_gym,
28840,42687,138432,dressing_room,
28841,42687,138432,clean_room,
28842,42687,138432,beauty_salon,
28843,42687,138432,elevator/door,
28844,42687,138432,art_gallery,
28845,42687,138456,dressing_room,
28846,42687,138456,clean_room,
28847,42687,138456,discotheque,
28848,42687,138456,beauty_salon,
28849,42687,138456,hospital_room,
28850,42687,138480,dressing_room,
28851,42687,138480,clean_room,
28852,42687,138480,martial_arts_gym,
28853,42687,138480,discotheque,
28854,42687,138480,elevator/door,
28855,42687,138504,dressing_room,
28856,42687,138504,clean_room,
28857,42687,138504,discotheque,
28858,42687,138504,beauty_salon,
28859,42687,138504,art_gallery,
28860,42687,138528,dressing_room,
28861,42687,138528,clean_room,
28862,42687,138528,beauty_salon,
28863,42687,138528,discotheque,
28864,42687,138528,office,
28865,42687,138552,dressing_room,
28866,42687,138552,clean_room,
28867,42687,138552,beauty_salon,
28868,42687,138552,discotheque,
28869,42687,138552,office,
28870,42687,138576,dressing_room,
28871,42687,138576,clean_room,
28872,42687,138576,beauty_salon,
28873,42687,138576,discotheque,
28874,42687,138576,office,
28875,42687,138600,dressing_room,
28876,42687,138600,clean_room,
28877,42687,138600,beauty_salon,
28878,42687,138600,art_gallery,
28879,42687,138600,discotheque,
28880,42687,138624,dressing_room,
28881,42687,138624,clean_room,
28882,42687,138624,beauty_salon,
28883,42687,138624,discotheque,
28884,42687,138624,art_gallery,
28885,42687,138648,dressing_room,
28886,42687,138648,clean_room,
28887,42687,138648,beauty_salon,
28888,42687,138648,discotheque,
28889,42687,138648,art_gallery,
28890,42687,138672,dressing_room,
28891,42687,138672,beauty_salon,
28892,42687,138672,clean_room,
28893,42687,138672,discotheque,
28894,42687,138672,elevator/door,
28895,42687,138696,dressing_room,
28896,42687,138696,beauty_salon,
28897,42687,138696,clean_room,
28898,42687,138696,discotheque,
28899,42687,138696,art_gallery,
28900,42687,138720,dressing_room,
28901,42687,138720,beauty_salon,
28902,42687,138720,clean_room,
28903,42687,138720,discotheque,
28904,42687,138720,art_gallery,
28905,42687,138744,dressing_room,
28906,42687,138744,clean_room,
28907,42687,138744,beauty_salon,
28908,42687,138744,discotheque,
28909,42687,138744,art_gallery,
28910,42687,138768,dressing_room,
28911,42687,138768,clean_room,
28912,42687,138768,beauty_salon,
28913,42687,138768,discotheque,
28914,42687,138768,art_gallery,
28915,42687,138792,dressing_room,
28916,42687,138792,clean_room,
28917,42687,138792,art_gallery,
28918,42687,138792,museum/indoor,
28919,42687,138792,beauty_salon,
28920,42687,138816,dressing_room,
28921,42687,138816,clean_room,
28922,42687,138816,art_gallery,
28923,42687,138816,museum/indoor,
28924,42687,138816,discotheque,
28925,42687,138840,dressing_room,
28926,42687,138840,clean_room,
28927,42687,138840,museum/indoor,
28928,42687,138840,art_gallery,
28929,42687,138840,science_museum,
28930,42687,138864,clean_room,
28931,42687,138864,dressing_room,
28932,42687,138864,museum/indoor,
28933,42687,138864,art_gallery,
28934,42687,138864,science_museum,
28935,42687,138888,clean_room,
28936,42687,138888,dressing_room,
28937,42687,138888,hospital_room,
28938,42687,138888,museum/indoor,
28939,42687,138888,art_gallery,
28940,42687,138912,clean_room,
28941,42687,138912,dressing_room,
28942,42687,138912,hospital_room,
28943,42687,138912,art_gallery,
28944,42687,138912,museum/indoor,
28945,42687,138936,clean_room,
28946,42687,138936,dressing_room,
28947,42687,138936,hospital_room,
28948,42687,138936,elevator/door,
28949,42687,138936,art_gallery,
28950,42687,138960,clean_room,
28951,42687,138960,dressing_room,
28952,42687,138960,hospital_room,
28953,42687,138960,art_gallery,
28954,42687,138960,museum/indoor,
28955,42687,138984,clean_room,
28956,42687,138984,dressing_room,
28957,42687,138984,hospital_room,
28958,42687,138984,art_gallery,
28959,42687,138984,museum/indoor,
28960,42687,139008,clean_room,
28961,42687,139008,dressing_room,
28962,42687,139008,hospital_room,
28963,42687,139008,operating_room,
28964,42687,139008,art_gallery,
28965,42687,139032,clean_room,
28966,42687,139032,dressing_room,
28967,42687,139032,hospital_room,
28968,42687,139032,art_gallery,
28969,42687,139032,operating_room,
28970,42687,139056,clean_room,
28971,42687,139056,dressing_room,
28972,42687,139056,hospital_room,
28973,42687,139056,art_gallery,
28974,42687,139056,operating_room,
28975,42687,139080,clean_room,
28976,42687,139080,dressing_room,
28977,42687,139080,hospital_room,
28978,42687,139080,art_gallery,
28979,42687,139080,operating_room,
28980,42687,139104,clean_room,
28981,42687,139104,dressing_room,
28982,42687,139104,museum/indoor,
28983,42687,139104,art_gallery,
28984,42687,139104,hospital_room,
28985,42687,139128,clean_room,
28986,42687,139128,dressing_room,
28987,42687,139128,hospital_room,
28988,42687,139128,operating_room,
28989,42687,139128,nursery,
28990,42687,139152,clean_room,
28991,42687,139152,dressing_room,
28992,42687,139152,operating_room,
28993,42687,139152,hospital_room,
28994,42687,139152,office,
28995,42687,139176,clean_room,
28996,42687,139176,dressing_room,
28997,42687,139176,hospital_room,
28998,42687,139176,nursery,
28999,42687,139176,sauna,
29000,42687,139200,clean_room,
29001,42687,139200,nursery,
29002,42687,139200,dressing_room,
29003,42687,139200,hospital_room,
29004,42687,139200,bedroom,
29005,42687,139224,clean_room,
29006,42687,139224,dressing_room,
29007,42687,139224,sauna,
29008,42687,139224,shower,
29009,42687,139224,bathroom,
29010,42687,139248,clean_room,
29011,42687,139248,dressing_room,
29012,42687,139248,hospital_room,
29013,42687,139248,museum/indoor,
29014,42687,139248,operating_room,
29015,42687,139272,clean_room,
29016,42687,139272,dressing_room,
29017,42687,139272,hospital_room,
29018,42687,139272,operating_room,
29019,42687,139272,locker_room,
29020,42687,139296,clean_room,
29021,42687,139296,dressing_room,
29022,42687,139296,operating_room,
29023,42687,139296,hospital_room,
29024,42687,139296,locker_room,
29025,42687,139320,clean_room,
29026,42687,139320,dressing_room,
29027,42687,139320,operating_room,
29028,42687,139320,hospital_room,
29029,42687,139320,sauna,
29030,42687,139344,clean_room,
29031,42687,139344,dressing_room,
29032,42687,139344,museum/indoor,
29033,42687,139344,operating_room,
29034,42687,139344,art_gallery,
29035,42687,139368,clean_room,
29036,42687,139368,dressing_room,
29037,42687,139368,museum/indoor,
29038,42687,139368,beauty_salon,
29039,42687,139368,operating_room,
29040,42687,139392,clean_room,
29041,42687,139392,dressing_room,
29042,42687,139392,museum/indoor,
29043,42687,139392,beauty_salon,
29044,42687,139392,operating_room,
29045,42687,139416,clean_room,
29046,42687,139416,dressing_room,
29047,42687,139416,museum/indoor,
29048,42687,139416,operating_room,
29049,42687,139416,sauna,
29050,42687,139440,clean_room,
29051,42687,139440,dressing_room,
29052,42687,139440,operating_room,
29053,42687,139440,hospital_room,
29054,42687,139440,museum/indoor,
29055,42687,139464,clean_room,
29056,42687,139464,dressing_room,
29057,42687,139464,museum/indoor,
29058,42687,139464,art_studio,
29059,42687,139464,operating_room,
29060,42687,139488,clean_room,
29061,42687,139488,dressing_room,
29062,42687,139488,operating_room,
29063,42687,139488,museum/indoor,
29064,42687,139488,hospital_room,
29065,42687,139512,dressing_room,
29066,42687,139512,clean_room,
29067,42687,139512,museum/indoor,
29068,42687,139512,archive,
29069,42687,139512,art_studio,
29070,42687,139536,dressing_room,
29071,42687,139536,museum/indoor,
29072,42687,139536,clean_room,
29073,42687,139536,art_gallery,
29074,42687,139536,shower,
29075,42687,139560,clean_room,
29076,42687,139560,dressing_room,
29077,42687,139560,art_studio,
29078,42687,139560,art_gallery,
29079,42687,139560,artists_loft,
29080,42687,139584,bedroom,
29081,42687,139584,clean_room,
29082,42687,139584,hotel_room,
29083,42687,139584,nursery,
29084,42687,139584,bedchamber,
29085,42687,139608,dressing_room,
29086,42687,139608,clean_room,
29087,42687,139608,beauty_salon,
29088,42687,139608,office,
29089,42687,139608,dining_room,
29090,42687,139632,clean_room,
29091,42687,139632,dressing_room,
29092,42687,139632,sauna,
29093,42687,139632,bow_window/indoor,
29094,42687,139632,locker_room,
29095,42687,139656,clean_room,
29096,42687,139656,dressing_room,
29097,42687,139656,locker_room,
29098,42687,139656,art_gallery,
29099,42687,139656,archive,
29100,42687,139680,dressing_room,
29101,42687,139680,clean_room,
29102,42687,139680,shower,
29103,42687,139680,elevator/door,
29104,42687,139680,art_gallery,
29105,42687,139704,dressing_room,
29106,42687,139704,shower,
29107,42687,139704,clean_room,
29108,42687,139704,art_gallery,
29109,42687,139704,museum/indoor,
29110,42687,139728,dressing_room,
29111,42687,139728,shower,
29112,42687,139728,clean_room,
29113,42687,139728,art_gallery,
29114,42687,139728,bathroom,
29115,42687,139752,dressing_room,
29116,42687,139752,clean_room,
29117,42687,139752,shower,
29118,42687,139752,art_gallery,
29119,42687,139752,bow_window/indoor,
29120,42687,139776,dressing_room,
29121,42687,139776,clean_room,
29122,42687,139776,shower,
29123,42687,139776,elevator/door,
29124,42687,139776,art_gallery,
29125,42687,139800,dressing_room,
29126,42687,139800,shower,
29127,42687,139800,elevator/door,
29128,42687,139800,clean_room,
29129,42687,139800,bow_window/indoor,
29130,42687,139824,dressing_room,
29131,42687,139824,clean_room,
29132,42687,139824,bow_window/indoor,
29133,42687,139824,shower,
29134,42687,139824,closet,
29135,42687,139848,dressing_room,
29136,42687,139848,shower,
29137,42687,139848,closet,
29138,42687,139848,elevator/door,
29139,42687,139848,bow_window/indoor,
29140,42687,139872,clean_room,
29141,42687,139872,corridor,
29142,42687,139872,dressing_room,
29143,42687,139872,hospital_room,
29144,42687,139872,shower,
29145,42687,139896,clean_room,
29146,42687,139896,hospital_room,
29147,42687,139896,hotel_room,
29148,42687,139896,bedroom,
29149,42687,139896,chemistry_lab,
29150,42687,139920,bedroom,
29151,42687,139920,bedchamber,
29152,42687,139920,childs_room,
29153,42687,139920,hotel_room,
29154,42687,139920,nursery,
29155,42687,139944,bedroom,
29156,42687,139944,bedchamber,
29157,42687,139944,childs_room,
29158,42687,139944,clean_room,
29159,42687,139944,hotel_room,
29160,42687,139968,bedroom,
29161,42687,139968,bedchamber,
29162,42687,139968,childs_room,
29163,42687,139968,hotel_room,
29164,42687,139968,nursery,
29165,42687,139992,bedroom,
29166,42687,139992,bedchamber,
29167,42687,139992,childs_room,
29168,42687,139992,hotel_room,
29169,42687,139992,nursery,
29170,42687,140016,clean_room,
29171,42687,140016,bathroom,
29172,42687,140016,dressing_room,
29173,42687,140016,hospital_room,
29174,42687,140016,chemistry_lab,
29175,42687,140040,bedroom,
29176,42687,140040,bedchamber,
29177,42687,140040,hotel_room,
29178,42687,140040,clean_room,
29179,42687,140040,dressing_room,
29180,42687,140064,dressing_room,
29181,42687,140064,bedroom,
29182,42687,140064,bedchamber,
29183,42687,140064,clean_room,
29184,42687,140064,hotel_room,
29185,42687,140088,clean_room,
29186,42687,140088,dressing_room,
29187,42687,140088,bedroom,
29188,42687,140088,bedchamber,
29189,42687,140088,beauty_salon,
29190,42687,140112,bedroom,
29191,42687,140112,bedchamber,
29192,42687,140112,childs_room,
29193,42687,140112,nursery,
29194,42687,140112,dressing_room,
29195,42687,140136,bedchamber,
29196,42687,140136,bedroom,
29197,42687,140136,hotel_room,
29198,42687,140136,dressing_room,
29199,42687,140136,childs_room,
29200,42687,140160,bedroom,
29201,42687,140160,bedchamber,
29202,42687,140160,childs_room,
29203,42687,140160,hotel_room,
29204,42687,140160,nursery,
29205,42687,140184,bedroom,
29206,42687,140184,bedchamber,
29207,42687,140184,hotel_room,
29208,42687,140184,childs_room,
29209,42687,140184,dressing_room,
29210,42687,140208,bedroom,
29211,42687,140208,bedchamber,
29212,42687,140208,hotel_room,
29213,42687,140208,childs_room,
29214,42687,140208,dressing_room,
29215,42687,140232,bedroom,
29216,42687,140232,dressing_room,
29217,42687,140232,bedchamber,
29218,42687,140232,hotel_room,
29219,42687,140232,clean_room,
29220,42687,140256,clean_room,
29221,42687,140256,bedroom,
29222,42687,140256,childs_room,
29223,42687,140256,bedchamber,
29224,42687,140256,nursery,
29225,42687,140280,clean_room,
29226,42687,140280,dressing_room,
29227,42687,140280,museum/indoor,
29228,42687,140280,sauna,
29229,42687,140280,beauty_salon,
29230,42687,140304,dressing_room,
29231,42687,140304,clean_room,
29232,42687,140304,bedroom,
29233,42687,140304,bedchamber,
29234,42687,140304,museum/indoor,
29235,42687,140328,clean_room,
29236,42687,140328,museum/indoor,
29237,42687,140328,dressing_room,
29238,42687,140328,bedroom,
29239,42687,140328,bedchamber,
29240,42687,140352,clean_room,
29241,42687,140352,museum/indoor,
29242,42687,140352,dressing_room,
29243,42687,140352,bedroom,
29244,42687,140352,nursery,
29245,42687,140376,clean_room,
29246,42687,140376,dressing_room,
29247,42687,140376,museum/indoor,
29248,42687,140376,nursery,
29249,42687,140376,art_gallery,
29250,42687,140400,clean_room,
29251,42687,140400,dressing_room,
29252,42687,140400,museum/indoor,
29253,42687,140400,nursery,
29254,42687,140400,art_gallery,
29255,42687,140424,clean_room,
29256,42687,140424,museum/indoor,
29257,42687,140424,dressing_room,
29258,42687,140424,artists_loft,
29259,42687,140424,art_gallery,
29260,42687,140448,clean_room,
29261,42687,140448,museum/indoor,
29262,42687,140448,dressing_room,
29263,42687,140448,art_gallery,
29264,42687,140448,artists_loft,
29265,42687,140472,clean_room,
29266,42687,140472,dressing_room,
29267,42687,140472,museum/indoor,
29268,42687,140472,bedroom,
29269,42687,140472,nursery,
29270,42687,140496,clean_room,
29271,42687,140496,dressing_room,
29272,42687,140496,museum/indoor,
29273,42687,140496,bedroom,
29274,42687,140496,nursery,
29275,42687,140520,dressing_room,
29276,42687,140520,clean_room,
29277,42687,140520,bedroom,
29278,42687,140520,bedchamber,
29279,42687,140520,hotel_room,
29280,42687,140544,corridor,
29281,42687,140544,entrance_hall,
29282,42687,140544,bow_window/indoor,
29283,42687,140544,doorway/outdoor,
29284,42687,140544,elevator/door,
29285,42687,140568,corridor,
29286,42687,140568,entrance_hall,
29287,42687,140568,staircase,
29288,42687,140568,dressing_room,
29289,42687,140568,sauna,
29290,42687,140592,clean_room,
29291,42687,140592,staircase,
29292,42687,140592,dressing_room,
29293,42687,140592,corridor,
29294,42687,140592,archive,
29295,42687,140616,clean_room,
29296,42687,140616,dressing_room,
29297,42687,140616,operating_room,
29298,42687,140616,hospital_room,
29299,42687,140616,chemistry_lab,
29300,42687,140640,clean_room,
29301,42687,140640,dressing_room,
29302,42687,140640,operating_room,
29303,42687,140640,museum/indoor,
29304,42687,140640,hospital_room,
29305,42687,140664,clean_room,
29306,42687,140664,dressing_room,
29307,42687,140664,operating_room,
29308,42687,140664,museum/indoor,
29309,42687,140664,hospital_room,
29310,42687,140688,clean_room,
29311,42687,140688,dressing_room,
29312,42687,140688,operating_room,
29313,42687,140688,hospital_room,
29314,42687,140688,beauty_salon,
29315,42687,140712,clean_room,
29316,42687,140712,dressing_room,
29317,42687,140712,operating_room,
29318,42687,140712,hospital_room,
29319,42687,140712,chemistry_lab,
29320,42687,140736,clean_room,
29321,42687,140736,dressing_room,
29322,42687,140736,operating_room,
29323,42687,140736,hospital_room,
29324,42687,140736,chemistry_lab,
29325,42687,140760,bow_window/indoor,
29326,42687,140760,shower,
29327,42687,140760,elevator/door,
29328,42687,140760,bathroom,
29329,42687,140760,sauna,
29330,42687,140784,bow_window/indoor,
29331,42687,140784,elevator/door,
29332,42687,140784,museum/indoor,
29333,42687,140784,dressing_room,
29334,42687,140784,clean_room,
29335,42687,140808,clean_room,
29336,42687,140808,dressing_room,
29337,42687,140808,operating_room,
29338,42687,140808,hospital_room,
29339,42687,140808,chemistry_lab,
29340,42687,140832,clean_room,
29341,42687,140832,dressing_room,
29342,42687,140832,operating_room,
29343,42687,140832,chemistry_lab,
29344,42687,140832,biology_laboratory,
29345,42687,140856,clean_room,
29346,42687,140856,dressing_room,
29347,42687,140856,museum/indoor,
29348,42687,140856,locker_room,
29349,42687,140856,art_gallery,
29350,42687,140880,clean_room,
29351,42687,140880,museum/indoor,
29352,42687,140880,dressing_room,
29353,42687,140880,art_gallery,
29354,42687,140880,corridor,
29355,42687,140904,clean_room,
29356,42687,140904,dressing_room,
29357,42687,140904,museum/indoor,
29358,42687,140904,operating_room,
29359,42687,140904,hospital_room,
29360,42687,140928,clean_room,
29361,42687,140928,dressing_room,
29362,42687,140928,museum/indoor,
29363,42687,140928,art_gallery,
29364,42687,140928,archive,
29365,42687,140952,clean_room,
29366,42687,140952,dressing_room,
29367,42687,140952,museum/indoor,
29368,42687,140952,art_gallery,
29369,42687,140952,artists_loft,
29370,42687,140976,clean_room,
29371,42687,140976,museum/indoor,
29372,42687,140976,dressing_room,
29373,42687,140976,art_gallery,
29374,42687,140976,artists_loft,
29375,42687,141000,clean_room,
29376,42687,141000,dressing_room,
29377,42687,141000,museum/indoor,
29378,42687,141000,art_gallery,
29379,42687,141000,clothing_store,
29380,42687,141024,clean_room,
29381,42687,141024,museum/indoor,
29382,42687,141024,dressing_room,
29383,42687,141024,art_gallery,
29384,42687,141024,operating_room,
29385,42687,141048,clean_room,
29386,42687,141048,museum/indoor,
29387,42687,141048,dressing_room,
29388,42687,141048,art_gallery,
29389,42687,141048,clothing_store,
29390,42687,141072,clean_room,
29391,42687,141072,dressing_room,
29392,42687,141072,museum/indoor,
29393,42687,141072,art_gallery,
29394,42687,141072,operating_room,
29395,42687,141096,archive,
29396,42687,141096,clean_room,
29397,42687,141096,pharmacy,
29398,42687,141096,drugstore,
29399,42687,141096,museum/indoor,
29400,42687,141120,archive,
29401,42687,141120,museum/indoor,
29402,42687,141120,clean_room,
29403,42687,141120,pharmacy,
29404,42687,141120,drugstore,
29405,42687,141144,archive,
29406,42687,141144,museum/indoor,
29407,42687,141144,clean_room,
29408,42687,141144,pharmacy,
29409,42687,141144,drugstore,
29410,42687,141168,archive,
29411,42687,141168,clean_room,
29412,42687,141168,pharmacy,
29413,42687,141168,museum/indoor,
29414,42687,141168,drugstore,
29415,42687,141192,clean_room,
29416,42687,141192,museum/indoor,
29417,42687,141192,dressing_room,
29418,42687,141192,art_gallery,
29419,42687,141192,operating_room,
29420,42687,141216,clean_room,
29421,42687,141216,museum/indoor,
29422,42687,141216,dressing_room,
29423,42687,141216,art_gallery,
29424,42687,141216,clothing_store,
29425,42687,141240,clean_room,
29426,42687,141240,museum/indoor,
29427,42687,141240,dressing_room,
29428,42687,141240,art_gallery,
29429,42687,141240,clothing_store,
29430,42687,141264,clean_room,
29431,42687,141264,dressing_room,
29432,42687,141264,museum/indoor,
29433,42687,141264,art_gallery,
29434,42687,141264,clothing_store,
29435,42687,141288,clean_room,
29436,42687,141288,museum/indoor,
29437,42687,141288,dressing_room,
29438,42687,141288,art_gallery,
29439,42687,141288,clothing_store,
29440,42687,141312,clean_room,
29441,42687,141312,dressing_room,
29442,42687,141312,museum/indoor,
29443,42687,141312,operating_room,
29444,42687,141312,hospital_room,
29445,42687,141336,archive,
29446,42687,141336,clean_room,
29447,42687,141336,pharmacy,
29448,42687,141336,museum/indoor,
29449,42687,141336,drugstore,
29450,42687,141360,archive,
29451,42687,141360,museum/indoor,
29452,42687,141360,pharmacy,
29453,42687,141360,clean_room,
29454,42687,141360,drugstore,
29455,42687,141384,archive,
29456,42687,141384,clean_room,
29457,42687,141384,pharmacy,
29458,42687,141384,museum/indoor,
29459,42687,141384,drugstore,
29460,42687,141408,archive,
29461,42687,141408,pharmacy,
29462,42687,141408,clean_room,
29463,42687,141408,drugstore,
29464,42687,141408,museum/indoor,
29465,42687,141432,archive,
29466,42687,141432,pharmacy,
29467,42687,141432,clean_room,
29468,42687,141432,museum/indoor,
29469,42687,141432,drugstore,
29470,42687,141456,archive,
29471,42687,141456,pharmacy,
29472,42687,141456,clean_room,
29473,42687,141456,drugstore,
29474,42687,141456,museum/indoor,
29475,42687,141480,clean_room,
29476,42687,141480,museum/indoor,
29477,42687,141480,dressing_room,
29478,42687,141480,art_gallery,
29479,42687,141480,operating_room,
29480,42687,141504,clean_room,
29481,42687,141504,dressing_room,
29482,42687,141504,museum/indoor,
29483,42687,141504,art_gallery,
29484,42687,141504,clothing_store,
29485,42687,141528,clean_room,
29486,42687,141528,museum/indoor,
29487,42687,141528,dressing_room,
29488,42687,141528,art_gallery,
29489,42687,141528,clothing_store,
29490,42687,141552,clean_room,
29491,42687,141552,museum/indoor,
29492,42687,141552,dressing_room,
29493,42687,141552,art_gallery,
29494,42687,141552,operating_room,
29495,42687,141576,clean_room,
29496,42687,141576,museum/indoor,
29497,42687,141576,dressing_room,
29498,42687,141576,art_gallery,
29499,42687,141576,operating_room,
29500,42687,141600,clean_room,
29501,42687,141600,dressing_room,
29502,42687,141600,museum/indoor,
29503,42687,141600,operating_room,
29504,42687,141600,art_gallery,
29505,42687,141624,clean_room,
29506,42687,141624,museum/indoor,
29507,42687,141624,dressing_room,
29508,42687,141624,art_gallery,
29509,42687,141624,clothing_store,
29510,42687,141648,clean_room,
29511,42687,141648,museum/indoor,
29512,42687,141648,dressing_room,
29513,42687,141648,art_gallery,
29514,42687,141648,operating_room,
29515,42687,141672,clean_room,
29516,42687,141672,museum/indoor,
29517,42687,141672,dressing_room,
29518,42687,141672,art_gallery,
29519,42687,141672,operating_room,
29520,42687,141696,clean_room,
29521,42687,141696,dressing_room,
29522,42687,141696,operating_room,
29523,42687,141696,museum/indoor,
29524,42687,141696,art_gallery,
29525,42687,141720,clean_room,
29526,42687,141720,dressing_room,
29527,42687,141720,museum/indoor,
29528,42687,141720,art_gallery,
29529,42687,141720,operating_room,
29530,42687,141744,clean_room,
29531,42687,141744,museum/indoor,
29532,42687,141744,dressing_room,
29533,42687,141744,art_gallery,
29534,42687,141744,corridor,
29535,42687,141768,clean_room,
29536,42687,141768,museum/indoor,
29537,42687,141768,dressing_room,
29538,42687,141768,art_gallery,
29539,42687,141768,operating_room,
29540,42687,141792,clean_room,
29541,42687,141792,museum/indoor,
29542,42687,141792,dressing_room,
29543,42687,141792,art_gallery,
29544,42687,141792,archive,
29545,42687,141816,clean_room,
29546,42687,141816,dressing_room,
29547,42687,141816,museum/indoor,
29548,42687,141816,art_gallery,
29549,42687,141816,operating_room,
29550,42687,141840,clean_room,
29551,42687,141840,dressing_room,
29552,42687,141840,museum/indoor,
29553,42687,141840,art_gallery,
29554,42687,141840,locker_room,
29555,42687,141864,clean_room,
29556,42687,141864,dressing_room,
29557,42687,141864,operating_room,
29558,42687,141864,museum/indoor,
29559,42687,141864,hospital_room,
29560,42687,141888,clean_room,
29561,42687,141888,operating_room,
29562,42687,141888,museum/indoor,
29563,42687,141888,dressing_room,
29564,42687,141888,hospital_room,
29565,42687,141912,clean_room,
29566,42687,141912,operating_room,
29567,42687,141912,dressing_room,
29568,42687,141912,hospital_room,
29569,42687,141912,museum/indoor,
29570,42687,141936,clean_room,
29571,42687,141936,operating_room,
29572,42687,141936,museum/indoor,
29573,42687,141936,dressing_room,
29574,42687,141936,clothing_store,
29575,42687,141960,clean_room,
29576,42687,141960,operating_room,
29577,42687,141960,dressing_room,
29578,42687,141960,museum/indoor,
29579,42687,141960,hospital_room,
29580,42687,141984,clean_room,
29581,42687,141984,museum/indoor,
29582,42687,141984,operating_room,
29583,42687,141984,dressing_room,
29584,42687,141984,art_gallery,
29585,42687,142008,clean_room,
29586,42687,142008,operating_room,
29587,42687,142008,dressing_room,
29588,42687,142008,museum/indoor,
29589,42687,142008,clothing_store,
29590,42687,142032,bow_window/indoor,
29591,42687,142032,elevator/door,
29592,42687,142032,doorway/outdoor,
29593,42687,142032,clean_room,
29594,42687,142032,museum/indoor,
29595,42687,142056,bow_window/indoor,
29596,42687,142056,clean_room,
29597,42687,142056,museum/indoor,
29598,42687,142056,elevator/door,
29599,42687,142056,nursery,
29600,42687,142080,bow_window/indoor,
29601,42687,142080,clean_room,
29602,42687,142080,museum/indoor,
29603,42687,142080,elevator/door,
29604,42687,142080,doorway/outdoor,
29605,42687,142104,clean_room,
29606,42687,142104,dressing_room,
29607,42687,142104,museum/indoor,
29608,42687,142104,archive,
29609,42687,142104,art_gallery,
29610,42687,142128,clean_room,
29611,42687,142128,dressing_room,
29612,42687,142128,museum/indoor,
29613,42687,142128,locker_room,
29614,42687,142128,art_gallery,
29615,42687,142152,clean_room,
29616,42687,142152,dressing_room,
29617,42687,142152,hospital_room,
29618,42687,142152,operating_room,
29619,42687,142152,locker_room,
29620,42687,142176,clean_room,
29621,42687,142176,operating_room,
29622,42687,142176,hospital_room,
29623,42687,142176,dressing_room,
29624,42687,142176,locker_room,
29625,42687,142200,clean_room,
29626,42687,142200,operating_room,
29627,42687,142200,hospital_room,
29628,42687,142200,dressing_room,
29629,42687,142200,locker_room,
29630,42687,142224,clean_room,
29631,42687,142224,operating_room,
29632,42687,142224,hospital_room,
29633,42687,142224,dressing_room,
29634,42687,142224,locker_room,
29635,42687,142248,clean_room,
29636,42687,142248,hospital_room,
29637,42687,142248,operating_room,
29638,42687,142248,dressing_room,
29639,42687,142248,archive,
29640,42687,142272,clean_room,
29641,42687,142272,dressing_room,
29642,42687,142272,hospital_room,
29643,42687,142272,locker_room,
29644,42687,142272,museum/indoor,
29645,42687,142296,clean_room,
29646,42687,142296,dressing_room,
29647,42687,142296,museum/indoor,
29648,42687,142296,clothing_store,
29649,42687,142296,locker_room,
29650,42687,142320,clean_room,
29651,42687,142320,dressing_room,
29652,42687,142320,operating_room,
29653,42687,142320,museum/indoor,
29654,42687,142320,clothing_store,
29655,42687,142344,clean_room,
29656,42687,142344,dressing_room,
29657,42687,142344,operating_room,
29658,42687,142344,hospital_room,
29659,42687,142344,clothing_store,
29660,42687,142368,clean_room,
29661,42687,142368,dressing_room,
29662,42687,142368,clothing_store,
29663,42687,142368,operating_room,
29664,42687,142368,museum/indoor,
29665,42687,142392,dressing_room,
29666,42687,142392,clean_room,
29667,42687,142392,clothing_store,
29668,42687,142392,locker_room,
29669,42687,142392,operating_room,
29670,42687,142416,clean_room,
29671,42687,142416,dressing_room,
29672,42687,142416,clothing_store,
29673,42687,142416,locker_room,
29674,42687,142416,operating_room,
29675,42687,142440,clean_room,
29676,42687,142440,dressing_room,
29677,42687,142440,operating_room,
29678,42687,142440,locker_room,
29679,42687,142440,clothing_store,
29680,42687,142464,clean_room,
29681,42687,142464,dressing_room,
29682,42687,142464,clothing_store,
29683,42687,142464,museum/indoor,
29684,42687,142464,operating_room,
29685,42687,142488,clean_room,
29686,42687,142488,dressing_room,
29687,42687,142488,locker_room,
29688,42687,142488,clothing_store,
29689,42687,142488,museum/indoor,
29690,42687,142512,clean_room,
29691,42687,142512,dressing_room,
29692,42687,142512,locker_room,
29693,42687,142512,operating_room,
29694,42687,142512,clothing_store,
29695,42687,142536,clean_room,
29696,42687,142536,dressing_room,
29697,42687,142536,locker_room,
29698,42687,142536,museum/indoor,
29699,42687,142536,clothing_store,
29700,42687,142560,dressing_room,
29701,42687,142560,clean_room,
29702,42687,142560,locker_room,
29703,42687,142560,sauna,
29704,42687,142560,closet,
29705,42687,142584,clean_room,
29706,42687,142584,dressing_room,
29707,42687,142584,beauty_salon,
29708,42687,142584,hospital_room,
29709,42687,142584,operating_room,
29710,42687,142608,dressing_room,
29711,42687,142608,clean_room,
29712,42687,142608,clothing_store,
29713,42687,142608,closet,
29714,42687,142608,beauty_salon,
29715,42687,142632,clean_room,
29716,42687,142632,dressing_room,
29717,42687,142632,museum/indoor,
29718,42687,142632,hospital_room,
29719,42687,142632,operating_room,
29720,42687,142656,dressing_room,
29721,42687,142656,clean_room,
29722,42687,142656,museum/indoor,
29723,42687,142656,clothing_store,
29724,42687,142656,art_gallery,
29725,42687,142680,clean_room,
29726,42687,142680,dressing_room,
29727,42687,142680,operating_room,
29728,42687,142680,museum/indoor,
29729,42687,142680,hospital_room,
29730,42687,142704,clean_room,
29731,42687,142704,dressing_room,
29732,42687,142704,museum/indoor,
29733,42687,142704,operating_room,
29734,42687,142704,hospital_room,
29735,42687,142728,clean_room,
29736,42687,142728,dressing_room,
29737,42687,142728,museum/indoor,
29738,42687,142728,operating_room,
29739,42687,142728,hospital_room,
29740,42687,142752,clean_room,
29741,42687,142752,dressing_room,
29742,42687,142752,museum/indoor,
29743,42687,142752,operating_room,
29744,42687,142752,hospital_room,
29745,42687,142776,dressing_room,
29746,42687,142776,clean_room,
29747,42687,142776,museum/indoor,
29748,42687,142776,hospital_room,
29749,42687,142776,operating_room,
29750,42687,142800,clean_room,
29751,42687,142800,dressing_room,
29752,42687,142800,museum/indoor,
29753,42687,142800,hospital_room,
29754,42687,142800,operating_room,
29755,42687,142824,clean_room,
29756,42687,142824,dressing_room,
29757,42687,142824,museum/indoor,
29758,42687,142824,operating_room,
29759,42687,142824,hospital_room,
29760,42687,142848,clean_room,
29761,42687,142848,dressing_room,
29762,42687,142848,museum/indoor,
29763,42687,142848,operating_room,
29764,42687,142848,hospital_room,
29765,42687,142872,clean_room,
29766,42687,142872,dressing_room,
29767,42687,142872,museum/indoor,
29768,42687,142872,hospital_room,
29769,42687,142872,operating_room,
29770,42687,142896,clean_room,
29771,42687,142896,dressing_room,
29772,42687,142896,museum/indoor,
29773,42687,142896,hospital_room,
29774,42687,142896,operating_room,
29775,42687,142920,clean_room,
29776,42687,142920,dressing_room,
29777,42687,142920,hospital_room,
29778,42687,142920,operating_room,
29779,42687,142920,museum/indoor,
29780,42687,142944,clean_room,
29781,42687,142944,dressing_room,
29782,42687,142944,museum/indoor,
29783,42687,142944,clothing_store,
29784,42687,142944,operating_room,
29785,42687,142968,clean_room,
29786,42687,142968,dressing_room,
29787,42687,142968,museum/indoor,
29788,42687,142968,hospital_room,
29789,42687,142968,operating_room,
29790,42687,142992,clean_room,
29791,42687,142992,dressing_room,
29792,42687,142992,museum/indoor,
29793,42687,142992,art_gallery,
29794,42687,142992,clothing_store,
29795,42687,143016,clean_room,
29796,42687,143016,dressing_room,
29797,42687,143016,museum/indoor,
29798,42687,143016,operating_room,
29799,42687,143016,art_gallery,
29800,42687,143040,clean_room,
29801,42687,143040,museum/indoor,
29802,42687,143040,dressing_room,
29803,42687,143040,archive,
29804,42687,143040,operating_room,
29805,42687,143064,chemistry_lab,
29806,42687,143064,dining_room,
29807,42687,143064,clean_room,
29808,42687,143064,shower,
29809,42687,143064,bow_window/indoor,
29810,42687,143088,bathroom,
29811,42687,143088,dining_room,
29812,42687,143088,bow_window/indoor,
29813,42687,143088,shower,
29814,42687,143088,chemistry_lab,
29815,42687,143112,dining_room,
29816,42687,143112,chemistry_lab,
29817,42687,143112,bow_window/indoor,
29818,42687,143112,bathroom,
29819,42687,143112,coffee_shop,
29820,42687,143136,bow_window/indoor,
29821,42687,143136,bathroom,
29822,42687,143136,shower,
29823,42687,143136,hotel_room,
29824,42687,143136,chemistry_lab,
29825,42687,143160,bow_window/indoor,
29826,42687,143160,shower,
29827,42687,143160,locker_room,
29828,42687,143160,closet,
29829,42687,143160,bathroom,
29830,42687,143184,bow_window/indoor,
29831,42687,143184,shower,
29832,42687,143184,clean_room,
29833,42687,143184,sauna,
29834,42687,143184,nursery,
29835,42687,143208,bow_window/indoor,
29836,42687,143208,clean_room,
29837,42687,143208,shower,
29838,42687,143208,jail_cell,
29839,42687,143208,sauna,
29840,42687,143232,bow_window/indoor,
29841,42687,143232,nursery,
29842,42687,143232,dressing_room,
29843,42687,143232,jail_cell,
29844,42687,143232,shower,
29845,42687,143256,clean_room,
29846,42687,143256,nursery,
29847,42687,143256,dressing_room,
29848,42687,143256,bow_window/indoor,
29849,42687,143256,stage/indoor,
29850,42687,143280,clean_room,
29851,42687,143280,bow_window/indoor,
29852,42687,143280,nursery,
29853,42687,143280,archive,
29854,42687,143280,closet,
29855,42687,143304,clean_room,
29856,42687,143304,staircase,
29857,42687,143304,atrium/public,
29858,42687,143304,archive,
29859,42687,143304,attic,
29860,42687,143328,clean_room,
29861,42687,143328,atrium/public,
29862,42687,143328,archive,
29863,42687,143328,staircase,
29864,42687,143328,museum/indoor,
29865,42687,143352,clean_room,
29866,42687,143352,clothing_store,
29867,42687,143352,operating_room,
29868,42687,143352,atrium/public,
29869,42687,143352,museum/indoor,
29870,42687,143376,staircase,
29871,42687,143376,clean_room,
29872,42687,143376,fire_escape,
29873,42687,143376,archive,
29874,42687,143376,museum/indoor,
29875,42687,143400,staircase,
29876,42687,143400,fire_escape,
29877,42687,143400,clean_room,
29878,42687,143400,archive,
29879,42687,143400,playground,
29880,42687,143424,staircase,
29881,42687,143424,clean_room,
29882,42687,143424,archive,
29883,42687,143424,fire_escape,
29884,42687,143424,museum/indoor,
29885,42687,143448,staircase,
29886,42687,143448,clean_room,
29887,42687,143448,archive,
29888,42687,143448,fire_escape,
29889,42687,143448,nursery,
29890,42687,143472,staircase,
29891,42687,143472,clean_room,
29892,42687,143472,nursery,
29893,42687,143472,archive,
29894,42687,143472,fire_escape,
29895,42687,143496,clean_room,
29896,42687,143496,museum/indoor,
29897,42687,143496,archive,
29898,42687,143496,operating_room,
29899,42687,143496,atrium/public,
29900,42687,143520,clean_room,
29901,42687,143520,museum/indoor,
29902,42687,143520,operating_room,
29903,42687,143520,corridor,
29904,42687,143520,dressing_room,
29905,42687,143544,clean_room,
29906,42687,143544,museum/indoor,
29907,42687,143544,entrance_hall,
29908,42687,143544,staircase,
29909,42687,143544,operating_room,
29910,42687,143568,clean_room,
29911,42687,143568,archive,
29912,42687,143568,atrium/public,
29913,42687,143568,museum/indoor,
29914,42687,143568,operating_room,
29915,42687,143592,clean_room,
29916,42687,143592,museum/indoor,
29917,42687,143592,staircase,
29918,42687,143592,atrium/public,
29919,42687,143592,dressing_room,
29920,42687,143616,clean_room,
29921,42687,143616,atrium/public,
29922,42687,143616,bow_window/indoor,
29923,42687,143616,closet,
29924,42687,143616,dressing_room,
29925,42687,143640,clean_room,
29926,42687,143640,staircase,
29927,42687,143640,bow_window/indoor,
29928,42687,143640,nursery,
29929,42687,143640,dressing_room,
29930,42687,143664,clean_room,
29931,42687,143664,bow_window/indoor,
29932,42687,143664,staircase,
29933,42687,143664,nursery,
29934,42687,143664,entrance_hall,
29935,42687,143688,staircase,
29936,42687,143688,bow_window/indoor,
29937,42687,143688,artists_loft,
29938,42687,143688,entrance_hall,
29939,42687,143688,atrium/public,
29940,42687,143712,clean_room,
29941,42687,143712,bow_window/indoor,
29942,42687,143712,archive,
29943,42687,143712,nursery,
29944,42687,143712,staircase,
29945,42687,143736,clean_room,
29946,42687,143736,staircase,
29947,42687,143736,bow_window/indoor,
29948,42687,143736,nursery,
29949,42687,143736,atrium/public,
29950,42687,143760,clean_room,
29951,42687,143760,staircase,
29952,42687,143760,atrium/public,
29953,42687,143760,archive,
29954,42687,143760,museum/indoor,
29955,42687,143784,dressing_room,
29956,42687,143784,museum/indoor,
29957,42687,143784,clean_room,
29958,42687,143784,chemistry_lab,
29959,42687,143784,archive,
29960,42687,143808,museum/indoor,
29961,42687,143808,dressing_room,
29962,42687,143808,clean_room,
29963,42687,143808,archive,
29964,42687,143808,art_gallery,
29965,42687,143832,dressing_room,
29966,42687,143832,clean_room,
29967,42687,143832,museum/indoor,
29968,42687,143832,beauty_salon,
29969,42687,143832,shower,
29970,42687,143856,dressing_room,
29971,42687,143856,clean_room,
29972,42687,143856,elevator/door,
29973,42687,143856,locker_room,
29974,42687,143856,shower,
29975,42687,143880,dressing_room,
29976,42687,143880,clean_room,
29977,42687,143880,museum/indoor,
29978,42687,143880,locker_room,
29979,42687,143880,elevator/door,
29980,42687,143904,dressing_room,
29981,42687,143904,clean_room,
29982,42687,143904,museum/indoor,
29983,42687,143904,sauna,
29984,42687,143904,elevator/door,
29985,42687,143928,dressing_room,
29986,42687,143928,clean_room,
29987,42687,143928,museum/indoor,
29988,42687,143928,elevator/door,
29989,42687,143928,locker_room,
29990,42687,143952,dressing_room,
29991,42687,143952,clean_room,
29992,42687,143952,museum/indoor,
29993,42687,143952,sauna,
29994,42687,143952,locker_room,
29995,42687,143976,dressing_room,
29996,42687,143976,clean_room,
29997,42687,143976,museum/indoor,
29998,42687,143976,locker_room,
29999,42687,143976,sauna,
30000,42687,144000,dressing_room,
30001,42687,144000,clean_room,
30002,42687,144000,museum/indoor,
30003,42687,144000,sauna,
30004,42687,144000,locker_room,
30005,42687,144024,dressing_room,
30006,42687,144024,clean_room,
30007,42687,144024,museum/indoor,
30008,42687,144024,locker_room,
30009,42687,144024,sauna,
30010,42687,144048,dressing_room,
30011,42687,144048,clean_room,
30012,42687,144048,museum/indoor,
30013,42687,144048,sauna,
30014,42687,144048,locker_room,
30015,42687,144072,dressing_room,
30016,42687,144072,clean_room,
30017,42687,144072,elevator/door,
30018,42687,144072,museum/indoor,
30019,42687,144072,shower,
30020,42687,144096,dressing_room,
30021,42687,144096,clean_room,
30022,42687,144096,museum/indoor,
30023,42687,144096,sauna,
30024,42687,144096,shower,
30025,42687,144120,dressing_room,
30026,42687,144120,clean_room,
30027,42687,144120,sauna,
30028,42687,144120,museum/indoor,
30029,42687,144120,elevator/door,
30030,42687,144144,dressing_room,
30031,42687,144144,clean_room,
30032,42687,144144,elevator/door,
30033,42687,144144,locker_room,
30034,42687,144144,shower,
30035,42687,144168,dressing_room,
30036,42687,144168,clean_room,
30037,42687,144168,sauna,
30038,42687,144168,museum/indoor,
30039,42687,144168,elevator/door,
30040,42687,144192,clean_room,
30041,42687,144192,dressing_room,
30042,42687,144192,sauna,
30043,42687,144192,chemistry_lab,
30044,42687,144192,archive,
30045,42687,144216,dressing_room,
30046,42687,144216,sauna,
30047,42687,144216,shower,
30048,42687,144216,clean_room,
30049,42687,144216,locker_room,
30050,42687,144240,clean_room,
30051,42687,144240,sauna,
30052,42687,144240,locker_room,
30053,42687,144240,jail_cell,
30054,42687,144240,dressing_room,
30055,42687,144264,staircase,
30056,42687,144264,mezzanine,
30057,42687,144264,dining_room,
30058,42687,144264,entrance_hall,
30059,42687,144264,corridor,
30060,42687,144288,staircase,
30061,42687,144288,entrance_hall,
30062,42687,144288,mezzanine,
30063,42687,144288,corridor,
30064,42687,144288,atrium/public,
30065,42687,144312,staircase,
30066,42687,144312,entrance_hall,
30067,42687,144312,escalator/indoor,
30068,42687,144312,corridor,
30069,42687,144312,atrium/public,
30070,42687,144336,staircase,
30071,42687,144336,entrance_hall,
30072,42687,144336,escalator/indoor,
30073,42687,144336,mezzanine,
30074,42687,144336,atrium/public,
30075,42687,144360,staircase,
30076,42687,144360,entrance_hall,
30077,42687,144360,escalator/indoor,
30078,42687,144360,mezzanine,
30079,42687,144360,atrium/public,
30080,42687,144384,staircase,
30081,42687,144384,entrance_hall,
30082,42687,144384,mezzanine,
30083,42687,144384,escalator/indoor,
30084,42687,144384,fire_escape,
30085,42687,144408,staircase,
30086,42687,144408,entrance_hall,
30087,42687,144408,escalator/indoor,
30088,42687,144408,clean_room,
30089,42687,144408,lobby,
30090,42687,144432,staircase,
30091,42687,144432,clean_room,
30092,42687,144432,entrance_hall,
30093,42687,144432,music_studio,
30094,42687,144432,corridor,
30095,42687,144456,clean_room,
30096,42687,144456,operating_room,
30097,42687,144456,music_studio,
30098,42687,144456,clothing_store,
30099,42687,144456,entrance_hall,
30100,42687,144480,staircase,
30101,42687,144480,clean_room,
30102,42687,144480,entrance_hall,
30103,42687,144480,corridor,
30104,42687,144480,archive,
30105,42687,144504,clean_room,
30106,42687,144504,staircase,
30107,42687,144504,atrium/public,
30108,42687,144504,server_room,
30109,42687,144504,escalator/indoor,
30110,42687,144528,clean_room,
30111,42687,144528,archive,
30112,42687,144528,museum/indoor,
30113,42687,144528,operating_room,
30114,42687,144528,music_studio,
30115,42687,144552,clean_room,
30116,42687,144552,museum/indoor,
30117,42687,144552,archive,
30118,42687,144552,nursery,
30119,42687,144552,staircase,
30120,42687,144576,clean_room,
30121,42687,144576,archive,
30122,42687,144576,museum/indoor,
30123,42687,144576,nursery,
30124,42687,144576,atrium/public,
30125,42687,144600,clean_room,
30126,42687,144600,museum/indoor,
30127,42687,144600,archive,
30128,42687,144600,atrium/public,
30129,42687,144600,operating_room,
30130,42687,144624,clean_room,
30131,42687,144624,atrium/public,
30132,42687,144624,museum/indoor,
30133,42687,144624,archive,
30134,42687,144624,entrance_hall,
30135,42687,144648,clean_room,
30136,42687,144648,museum/indoor,
30137,42687,144648,archive,
30138,42687,144648,clothing_store,
30139,42687,144648,atrium/public,
30140,42687,144672,clean_room,
30141,42687,144672,museum/indoor,
30142,42687,144672,clothing_store,
30143,42687,144672,dressing_room,
30144,42687,144672,archive,
30145,42687,144696,clean_room,
30146,42687,144696,clothing_store,
30147,42687,144696,dressing_room,
30148,42687,144696,operating_room,
30149,42687,144696,closet,
30150,42687,144720,clean_room,
30151,42687,144720,dressing_room,
30152,42687,144720,clothing_store,
30153,42687,144720,archive,
30154,42687,144720,pharmacy,
30155,42687,144744,clean_room,
30156,42687,144744,archive,
30157,42687,144744,dressing_room,
30158,42687,144744,operating_room,
30159,42687,144744,hospital_room,
30160,42687,144768,clean_room,
30161,42687,144768,archive,
30162,42687,144768,museum/indoor,
30163,42687,144768,art_gallery,
30164,42687,144768,dressing_room,
30165,42687,144792,clean_room,
30166,42687,144792,dressing_room,
30167,42687,144792,archive,
30168,42687,144792,museum/indoor,
30169,42687,144792,clothing_store,
30170,42687,144816,dressing_room,
30171,42687,144816,clean_room,
30172,42687,144816,art_gallery,
30173,42687,144816,archive,
30174,42687,144816,clothing_store,
30175,42687,144840,dressing_room,
30176,42687,144840,clean_room,
30177,42687,144840,art_gallery,
30178,42687,144840,music_studio,
30179,42687,144840,shower,
30180,42687,144864,dressing_room,
30181,42687,144864,clean_room,
30182,42687,144864,locker_room,
30183,42687,144864,elevator/door,
30184,42687,144864,bathroom,
30185,42687,144888,clean_room,
30186,42687,144888,dressing_room,
30187,42687,144888,locker_room,
30188,42687,144888,hospital_room,
30189,42687,144888,operating_room,
30190,42687,144912,clean_room,
30191,42687,144912,elevator/door,
30192,42687,144912,dressing_room,
30193,42687,144912,elevator_lobby,
30194,42687,144912,locker_room,
30195,42687,144936,clean_room,
30196,42687,144936,elevator/door,
30197,42687,144936,dressing_room,
30198,42687,144936,locker_room,
30199,42687,144936,elevator_lobby,
30200,42687,144960,clean_room,
30201,42687,144960,elevator/door,
30202,42687,144960,dressing_room,
30203,42687,144960,elevator_lobby,
30204,42687,144960,locker_room,
30205,42687,144984,clean_room,
30206,42687,144984,elevator/door,
30207,42687,144984,dressing_room,
30208,42687,144984,elevator_lobby,
30209,42687,144984,locker_room,
30210,42687,145008,clean_room,
30211,42687,145008,elevator/door,
30212,42687,145008,dressing_room,
30213,42687,145008,locker_room,
30214,42687,145008,elevator_lobby,
30215,42687,145032,clean_room,
30216,42687,145032,elevator/door,
30217,42687,145032,dressing_room,
30218,42687,145032,elevator_lobby,
30219,42687,145032,art_gallery,
30220,42687,145056,clean_room,
30221,42687,145056,elevator/door,
30222,42687,145056,dressing_room,
30223,42687,145056,art_gallery,
30224,42687,145056,museum/indoor,
30225,42687,145080,clean_room,
30226,42687,145080,dressing_room,
30227,42687,145080,elevator/door,
30228,42687,145080,elevator_lobby,
30229,42687,145080,art_gallery,
30230,42687,145104,clean_room,
30231,42687,145104,music_studio,
30232,42687,145104,stage/indoor,
30233,42687,145104,dressing_room,
30234,42687,145104,museum/indoor,
30235,42687,145128,clean_room,
30236,42687,145128,music_studio,
30237,42687,145128,stage/indoor,
30238,42687,145128,dressing_room,
30239,42687,145128,museum/indoor,
30240,42687,145152,clean_room,
30241,42687,145152,music_studio,
30242,42687,145152,dressing_room,
30243,42687,145152,stage/indoor,
30244,42687,145152,museum/indoor,
30245,42687,145176,clean_room,
30246,42687,145176,museum/indoor,
30247,42687,145176,dressing_room,
30248,42687,145176,atrium/public,
30249,42687,145176,music_studio,
30250,42687,145200,clean_room,
30251,42687,145200,museum/indoor,
30252,42687,145200,dressing_room,
30253,42687,145200,archive,
30254,42687,145200,art_gallery,
30255,42687,145224,clean_room,
30256,42687,145224,atrium/public,
30257,42687,145224,museum/indoor,
30258,42687,145224,archive,
30259,42687,145224,chemistry_lab,
30260,42687,145248,clean_room,
30261,42687,145248,atrium/public,
30262,42687,145248,museum/indoor,
30263,42687,145248,elevator_lobby,
30264,42687,145248,elevator/door,
30265,42687,145272,dressing_room,
30266,42687,145272,clean_room,
30267,42687,145272,museum/indoor,
30268,42687,145272,beauty_salon,
30269,42687,145272,archive,
30270,42687,145296,museum/indoor,
30271,42687,145296,dressing_room,
30272,42687,145296,clean_room,
30273,42687,145296,art_gallery,
30274,42687,145296,artists_loft,
30275,42687,145320,museum/indoor,
30276,42687,145320,clean_room,
30277,42687,145320,art_gallery,
30278,42687,145320,dressing_room,
30279,42687,145320,artists_loft,
30280,42687,145344,museum/indoor,
30281,42687,145344,clean_room,
30282,42687,145344,art_gallery,
30283,42687,145344,dressing_room,
30284,42687,145344,artists_loft,
30285,42687,145368,museum/indoor,
30286,42687,145368,clean_room,
30287,42687,145368,art_gallery,
30288,42687,145368,dressing_room,
30289,42687,145368,artists_loft,
30290,42687,145392,dressing_room,
30291,42687,145392,clean_room,
30292,42687,145392,museum/indoor,
30293,42687,145392,clothing_store,
30294,42687,145392,art_gallery,
30295,42687,145416,clean_room,
30296,42687,145416,dressing_room,
30297,42687,145416,museum/indoor,
30298,42687,145416,clothing_store,
30299,42687,145416,art_gallery,
30300,42687,145440,clean_room,
30301,42687,145440,dressing_room,
30302,42687,145440,museum/indoor,
30303,42687,145440,clothing_store,
30304,42687,145440,operating_room,
30305,42687,145464,clean_room,
30306,42687,145464,dressing_room,
30307,42687,145464,museum/indoor,
30308,42687,145464,clothing_store,
30309,42687,145464,locker_room,
30310,42687,145488,clean_room,
30311,42687,145488,dressing_room,
30312,42687,145488,museum/indoor,
30313,42687,145488,operating_room,
30314,42687,145488,art_gallery,
30315,42687,145512,clean_room,
30316,42687,145512,dressing_room,
30317,42687,145512,operating_room,
30318,42687,145512,museum/indoor,
30319,42687,145512,hospital_room,
30320,42687,145536,clean_room,
30321,42687,145536,dressing_room,
30322,42687,145536,operating_room,
30323,42687,145536,museum/indoor,
30324,42687,145536,clothing_store,
30325,42687,145560,clean_room,
30326,42687,145560,dressing_room,
30327,42687,145560,museum/indoor,
30328,42687,145560,operating_room,
30329,42687,145560,hospital_room,
30330,42687,145584,clean_room,
30331,42687,145584,dressing_room,
30332,42687,145584,operating_room,
30333,42687,145584,museum/indoor,
30334,42687,145584,hospital_room,
30335,42687,145608,clean_room,
30336,42687,145608,dressing_room,
30337,42687,145608,operating_room,
30338,42687,145608,hospital_room,
30339,42687,145608,museum/indoor,
30340,42687,145632,clean_room,
30341,42687,145632,dressing_room,
30342,42687,145632,operating_room,
30343,42687,145632,hospital_room,
30344,42687,145632,museum/indoor,
30345,42687,145656,clean_room,
30346,42687,145656,dressing_room,
30347,42687,145656,museum/indoor,
30348,42687,145656,operating_room,
30349,42687,145656,art_gallery,
30350,42687,145680,clean_room,
30351,42687,145680,dressing_room,
30352,42687,145680,museum/indoor,
30353,42687,145680,operating_room,
30354,42687,145680,clothing_store,
30355,42687,145704,clean_room,
30356,42687,145704,dressing_room,
30357,42687,145704,operating_room,
30358,42687,145704,museum/indoor,
30359,42687,145704,hospital_room,
30360,42687,145728,clean_room,
30361,42687,145728,dressing_room,
30362,42687,145728,museum/indoor,
30363,42687,145728,operating_room,
30364,42687,145728,art_gallery,
30365,42687,145752,clean_room,
30366,42687,145752,dressing_room,
30367,42687,145752,operating_room,
30368,42687,145752,museum/indoor,
30369,42687,145752,clothing_store,
30370,42687,145776,staircase,
30371,42687,145776,clean_room,
30372,42687,145776,nursery,
30373,42687,145776,archive,
30374,42687,145776,sauna,
30375,42687,145800,staircase,
30376,42687,145800,clean_room,
30377,42687,145800,nursery,
30378,42687,145800,sauna,
30379,42687,145800,archive,
30380,42687,145824,staircase,
30381,42687,145824,clean_room,
30382,42687,145824,nursery,
30383,42687,145824,sauna,
30384,42687,145824,archive,
30385,42687,145848,staircase,
30386,42687,145848,clean_room,
30387,42687,145848,sauna,
30388,42687,145848,archive,
30389,42687,145848,nursery,
30390,42687,145872,dressing_room,
30391,42687,145872,clean_room,
30392,42687,145872,museum/indoor,
30393,42687,145872,art_gallery,
30394,42687,145872,clothing_store,
30395,42687,145896,clean_room,
30396,42687,145896,dressing_room,
30397,42687,145896,museum/indoor,
30398,42687,145896,art_gallery,
30399,42687,145896,clothing_store,
30400,42687,145920,clean_room,
30401,42687,145920,dressing_room,
30402,42687,145920,operating_room,
30403,42687,145920,museum/indoor,
30404,42687,145920,hospital_room,
30405,42687,145944,clean_room,
30406,42687,145944,dressing_room,
30407,42687,145944,locker_room,
30408,42687,145944,shower,
30409,42687,145944,closet,
30410,42687,145968,dressing_room,
30411,42687,145968,clean_room,
30412,42687,145968,museum/indoor,
30413,42687,145968,locker_room,
30414,42687,145968,sauna,
30415,42687,145992,clean_room,
30416,42687,145992,dressing_room,
30417,42687,145992,clothing_store,
30418,42687,145992,operating_room,
30419,42687,145992,museum/indoor,
30420,42687,146016,clean_room,
30421,42687,146016,museum/indoor,
30422,42687,146016,art_gallery,
30423,42687,146016,dressing_room,
30424,42687,146016,artists_loft,
30425,42687,146040,dressing_room,
30426,42687,146040,clean_room,
30427,42687,146040,museum/indoor,
30428,42687,146040,art_gallery,
30429,42687,146040,music_studio,
30430,42687,146064,dressing_room,
30431,42687,146064,clean_room,
30432,42687,146064,museum/indoor,
30433,42687,146064,art_gallery,
30434,42687,146064,artists_loft,
30435,42687,146088,museum/indoor,
30436,42687,146088,dressing_room,
30437,42687,146088,art_gallery,
30438,42687,146088,clean_room,
30439,42687,146088,artists_loft,
30440,42687,146112,dressing_room,
30441,42687,146112,clean_room,
30442,42687,146112,museum/indoor,
30443,42687,146112,art_gallery,
30444,42687,146112,clothing_store,
30445,42687,146136,clean_room,
30446,42687,146136,dressing_room,
30447,42687,146136,art_gallery,
30448,42687,146136,museum/indoor,
30449,42687,146136,artists_loft,
30450,42687,146160,clean_room,
30451,42687,146160,dressing_room,
30452,42687,146160,museum/indoor,
30453,42687,146160,art_gallery,
30454,42687,146160,operating_room,
30455,42687,146184,clean_room,
30456,42687,146184,dressing_room,
30457,42687,146184,operating_room,
30458,42687,146184,museum/indoor,
30459,42687,146184,hospital_room,
30460,42687,146208,clean_room,
30461,42687,146208,museum/indoor,
30462,42687,146208,dressing_room,
30463,42687,146208,operating_room,
30464,42687,146208,shower,
30465,42687,146232,clean_room,
30466,42687,146232,museum/indoor,
30467,42687,146232,dressing_room,
30468,42687,146232,art_gallery,
30469,42687,146232,operating_room,
30470,42687,146256,clean_room,
30471,42687,146256,museum/indoor,
30472,42687,146256,dressing_room,
30473,42687,146256,art_gallery,
30474,42687,146256,shower,
30475,42687,146280,clean_room,
30476,42687,146280,museum/indoor,
30477,42687,146280,operating_room,
30478,42687,146280,art_gallery,
30479,42687,146280,dressing_room,
30480,42687,146304,museum/indoor,
30481,42687,146304,clean_room,
30482,42687,146304,art_gallery,
30483,42687,146304,dressing_room,
30484,42687,146304,operating_room,
30485,42687,146328,clean_room,
30486,42687,146328,museum/indoor,
30487,42687,146328,dressing_room,
30488,42687,146328,operating_room,
30489,42687,146328,art_gallery,
30490,42687,146352,clean_room,
30491,42687,146352,museum/indoor,
30492,42687,146352,art_gallery,
30493,42687,146352,operating_room,
30494,42687,146352,dressing_room,
30495,42687,146376,clean_room,
30496,42687,146376,museum/indoor,
30497,42687,146376,art_gallery,
30498,42687,146376,operating_room,
30499,42687,146376,dressing_room,
30500,42687,146400,clean_room,
30501,42687,146400,museum/indoor,
30502,42687,146400,dressing_room,
30503,42687,146400,operating_room,
30504,42687,146400,art_gallery,
30505,42687,146424,clean_room,
30506,42687,146424,museum/indoor,
30507,42687,146424,dressing_room,
30508,42687,146424,art_gallery,
30509,42687,146424,operating_room,
30510,42687,146448,clean_room,
30511,42687,146448,museum/indoor,
30512,42687,146448,operating_room,
30513,42687,146448,art_gallery,
30514,42687,146448,dressing_room,
30515,42687,146472,clean_room,
30516,42687,146472,museum/indoor,
30517,42687,146472,dressing_room,
30518,42687,146472,art_gallery,
30519,42687,146472,operating_room,
30520,42687,146496,clean_room,
30521,42687,146496,museum/indoor,
30522,42687,146496,operating_room,
30523,42687,146496,dressing_room,
30524,42687,146496,art_gallery,
30525,42687,146520,museum/indoor,
30526,42687,146520,clean_room,
30527,42687,146520,art_gallery,
30528,42687,146520,dressing_room,
30529,42687,146520,archive,
30530,42687,146544,museum/indoor,
30531,42687,146544,clean_room,
30532,42687,146544,art_gallery,
30533,42687,146544,dressing_room,
30534,42687,146544,archive,
30535,42687,146568,museum/indoor,
30536,42687,146568,clean_room,
30537,42687,146568,dressing_room,
30538,42687,146568,art_gallery,
30539,42687,146568,operating_room,
30540,42687,146592,clean_room,
30541,42687,146592,museum/indoor,
30542,42687,146592,operating_room,
30543,42687,146592,art_gallery,
30544,42687,146592,dressing_room,
30545,42687,146616,clean_room,
30546,42687,146616,museum/indoor,
30547,42687,146616,art_gallery,
30548,42687,146616,operating_room,
30549,42687,146616,dressing_room,
30550,42687,146640,clean_room,
30551,42687,146640,museum/indoor,
30552,42687,146640,operating_room,
30553,42687,146640,dressing_room,
30554,42687,146640,art_gallery,
30555,42687,146664,clean_room,
30556,42687,146664,dressing_room,
30557,42687,146664,museum/indoor,
30558,42687,146664,operating_room,
30559,42687,146664,hospital_room,
30560,42687,146688,clean_room,
30561,42687,146688,operating_room,
30562,42687,146688,dressing_room,
30563,42687,146688,dining_room,
30564,42687,146688,hospital_room,
30565,42687,146712,clean_room,
30566,42687,146712,operating_room,
30567,42687,146712,dressing_room,
30568,42687,146712,hospital_room,
30569,42687,146712,dining_room,
30570,42687,146736,clean_room,
30571,42687,146736,dressing_room,
30572,42687,146736,operating_room,
30573,42687,146736,hospital_room,
30574,42687,146736,museum/indoor,
30575,42687,146760,clean_room,
30576,42687,146760,operating_room,
30577,42687,146760,dressing_room,
30578,42687,146760,hospital_room,
30579,42687,146760,museum/indoor,
30580,42687,146784,clean_room,
30581,42687,146784,operating_room,
30582,42687,146784,hospital_room,
30583,42687,146784,dressing_room,
30584,42687,146784,shower,
30585,42687,146808,clean_room,
30586,42687,146808,dressing_room,
30587,42687,146808,operating_room,
30588,42687,146808,hospital_room,
30589,42687,146808,museum/indoor,
30590,42687,146832,clean_room,
30591,42687,146832,museum/indoor,
30592,42687,146832,dressing_room,
30593,42687,146832,archive,
30594,42687,146832,operating_room,
30595,42687,146856,clean_room,
30596,42687,146856,museum/indoor,
30597,42687,146856,dressing_room,
30598,42687,146856,art_gallery,
30599,42687,146856,archive,
30600,42687,146880,clean_room,
30601,42687,146880,museum/indoor,
30602,42687,146880,dressing_room,
30603,42687,146880,art_gallery,
30604,42687,146880,operating_room,
30605,42687,146904,clean_room,
30606,42687,146904,museum/indoor,
30607,42687,146904,dressing_room,
30608,42687,146904,operating_room,
30609,42687,146904,art_gallery,
30610,42687,146928,clean_room,
30611,42687,146928,dressing_room,
30612,42687,146928,museum/indoor,
30613,42687,146928,operating_room,
30614,42687,146928,corridor,
30615,42687,146952,clean_room,
30616,42687,146952,dressing_room,
30617,42687,146952,museum/indoor,
30618,42687,146952,operating_room,
30619,42687,146952,art_gallery,
30620,42687,146976,clean_room,
30621,42687,146976,dressing_room,
30622,42687,146976,dining_room,
30623,42687,146976,operating_room,
30624,42687,146976,archive,
30625,42687,147000,dressing_room,
30626,42687,147000,clean_room,
30627,42687,147000,dining_room,
30628,42687,147000,operating_room,
30629,42687,147000,hospital_room,
30630,42687,147024,clean_room,
30631,42687,147024,dressing_room,
30632,42687,147024,closet,
30633,42687,147024,elevator/door,
30634,42687,147024,corridor,
30635,42687,147048,closet,
30636,42687,147048,clean_room,
30637,42687,147048,dressing_room,
30638,42687,147048,bow_window/indoor,
30639,42687,147048,elevator/door,
30640,42687,147072,dressing_room,
30641,42687,147072,clean_room,
30642,42687,147072,closet,
30643,42687,147072,elevator/door,
30644,42687,147072,shower,
30645,42687,147096,clean_room,
30646,42687,147096,elevator/door,
30647,42687,147096,dressing_room,
30648,42687,147096,locker_room,
30649,42687,147096,closet,
30650,42687,147120,clean_room,
30651,42687,147120,dressing_room,
30652,42687,147120,locker_room,
30653,42687,147120,closet,
30654,42687,147120,clothing_store,
30655,42687,147144,clean_room,
30656,42687,147144,operating_room,
30657,42687,147144,hospital_room,
30658,42687,147144,dressing_room,
30659,42687,147144,museum/indoor,
30660,42687,147168,clean_room,
30661,42687,147168,operating_room,
30662,42687,147168,hospital_room,
30663,42687,147168,dressing_room,
30664,42687,147168,museum/indoor,
30665,42687,147192,clean_room,
30666,42687,147192,dressing_room,
30667,42687,147192,museum/indoor,
30668,42687,147192,operating_room,
30669,42687,147192,hospital_room,
30670,42687,147216,clean_room,
30671,42687,147216,operating_room,
30672,42687,147216,hospital_room,
30673,42687,147216,dressing_room,
30674,42687,147216,archive,
30675,42687,147240,clean_room,
30676,42687,147240,operating_room,
30677,42687,147240,hospital_room,
30678,42687,147240,dressing_room,
30679,42687,147240,archive,
30680,42687,147264,clean_room,
30681,42687,147264,operating_room,
30682,42687,147264,hospital_room,
30683,42687,147264,dressing_room,
30684,42687,147264,museum/indoor,
30685,42687,147288,clean_room,
30686,42687,147288,operating_room,
30687,42687,147288,hospital_room,
30688,42687,147288,archive,
30689,42687,147288,museum/indoor,
30690,42687,147312,clean_room,
30691,42687,147312,operating_room,
30692,42687,147312,office,
30693,42687,147312,hospital_room,
30694,42687,147312,dressing_room,
30695,42687,147336,clean_room,
30696,42687,147336,operating_room,
30697,42687,147336,dressing_room,
30698,42687,147336,office,
30699,42687,147336,archive,
30700,42687,147360,clean_room,
30701,42687,147360,museum/indoor,
30702,42687,147360,archive,
30703,42687,147360,dressing_room,
30704,42687,147360,operating_room,
30705,42687,147384,clean_room,
30706,42687,147384,operating_room,
30707,42687,147384,dressing_room,
30708,42687,147384,hospital_room,
30709,42687,147384,office,
30710,42687,147408,clean_room,
30711,42687,147408,museum/indoor,
30712,42687,147408,dressing_room,
30713,42687,147408,operating_room,
30714,42687,147408,hospital_room,
30715,42687,147432,clean_room,
30716,42687,147432,dressing_room,
30717,42687,147432,sauna,
30718,42687,147432,dining_room,
30719,42687,147432,museum/indoor,
30720,42687,147456,clean_room,
30721,42687,147456,dressing_room,
30722,42687,147456,hospital_room,
30723,42687,147456,dining_room,
30724,42687,147456,entrance_hall,
30725,42687,147480,clean_room,
30726,42687,147480,dressing_room,
30727,42687,147480,museum/indoor,
30728,42687,147480,dining_room,
30729,42687,147480,entrance_hall,
30730,42687,147504,clean_room,
30731,42687,147504,dressing_room,
30732,42687,147504,museum/indoor,
30733,42687,147504,operating_room,
30734,42687,147504,hospital_room,
30735,42687,147528,dressing_room,
30736,42687,147528,clean_room,
30737,42687,147528,shower,
30738,42687,147528,bathroom,
30739,42687,147528,nursery,
30740,42687,147552,dressing_room,
30741,42687,147552,clean_room,
30742,42687,147552,museum/indoor,
30743,42687,147552,art_gallery,
30744,42687,147552,archive,
30745,42687,147576,dressing_room,
30746,42687,147576,museum/indoor,
30747,42687,147576,clean_room,
30748,42687,147576,art_gallery,
30749,42687,147576,locker_room,
30750,42687,147600,museum/indoor,
30751,42687,147600,clean_room,
30752,42687,147600,dressing_room,
30753,42687,147600,art_gallery,
30754,42687,147600,archive,
30755,42687,147624,clean_room,
30756,42687,147624,operating_room,
30757,42687,147624,museum/indoor,
30758,42687,147624,dressing_room,
30759,42687,147624,shower,
30760,42687,147648,clean_room,
30761,42687,147648,operating_room,
30762,42687,147648,shower,
30763,42687,147648,dressing_room,
30764,42687,147648,hospital_room,
30765,42687,147672,clean_room,
30766,42687,147672,operating_room,
30767,42687,147672,shower,
30768,42687,147672,dressing_room,
30769,42687,147672,hospital_room,
30770,42687,147696,clean_room,
30771,42687,147696,operating_room,
30772,42687,147696,dressing_room,
30773,42687,147696,shower,
30774,42687,147696,hospital_room,
30775,42687,147720,clean_room,
30776,42687,147720,operating_room,
30777,42687,147720,dressing_room,
30778,42687,147720,shower,
30779,42687,147720,hospital_room,
30780,42687,147744,clean_room,
30781,42687,147744,operating_room,
30782,42687,147744,museum/indoor,
30783,42687,147744,dressing_room,
30784,42687,147744,shower,
30785,42687,147768,clean_room,
30786,42687,147768,operating_room,
30787,42687,147768,museum/indoor,
30788,42687,147768,dressing_room,
30789,42687,147768,shower,
30790,42687,147792,clean_room,
30791,42687,147792,operating_room,
30792,42687,147792,museum/indoor,
30793,42687,147792,hospital_room,
30794,42687,147792,shower,
30795,42687,147816,clean_room,
30796,42687,147816,operating_room,
30797,42687,147816,dressing_room,
30798,42687,147816,museum/indoor,
30799,42687,147816,shower,
30800,42687,147840,clean_room,
30801,42687,147840,museum/indoor,
30802,42687,147840,dressing_room,
30803,42687,147840,art_gallery,
30804,42687,147840,archive,
30805,42687,147864,clean_room,
30806,42687,147864,museum/indoor,
30807,42687,147864,art_gallery,
30808,42687,147864,dressing_room,
30809,42687,147864,music_studio,
30810,42687,147888,clean_room,
30811,42687,147888,dressing_room,
30812,42687,147888,museum/indoor,
30813,42687,147888,art_gallery,
30814,42687,147888,archive,
30815,42687,147912,clean_room,
30816,42687,147912,operating_room,
30817,42687,147912,hospital_room,
30818,42687,147912,shower,
30819,42687,147912,dressing_room,
30820,42687,147936,clean_room,
30821,42687,147936,operating_room,
30822,42687,147936,dressing_room,
30823,42687,147936,hospital_room,
30824,42687,147936,shower,
30825,42687,147960,clean_room,
30826,42687,147960,operating_room,
30827,42687,147960,shower,
30828,42687,147960,museum/indoor,
30829,42687,147960,hospital_room,
30830,42687,147984,clean_room,
30831,42687,147984,museum/indoor,
30832,42687,147984,operating_room,
30833,42687,147984,dressing_room,
30834,42687,147984,art_gallery,
30835,42687,148008,clean_room,
30836,42687,148008,museum/indoor,
30837,42687,148008,operating_room,
30838,42687,148008,dressing_room,
30839,42687,148008,art_gallery,
30840,42687,148032,clean_room,
30841,42687,148032,museum/indoor,
30842,42687,148032,dressing_room,
30843,42687,148032,operating_room,
30844,42687,148032,shower,
30845,42687,148056,clean_room,
30846,42687,148056,museum/indoor,
30847,42687,148056,operating_room,
30848,42687,148056,dressing_room,
30849,42687,148056,shower,
30850,42687,148080,clean_room,
30851,42687,148080,dressing_room,
30852,42687,148080,shower,
30853,42687,148080,locker_room,
30854,42687,148080,museum/indoor,
30855,42687,148104,clean_room,
30856,42687,148104,dressing_room,
30857,42687,148104,operating_room,
30858,42687,148104,hospital_room,
30859,42687,148104,corridor,
30860,42687,148128,clean_room,
30861,42687,148128,dressing_room,
30862,42687,148128,shower,
30863,42687,148128,operating_room,
30864,42687,148128,hospital_room,
30865,42687,148152,dressing_room,
30866,42687,148152,clean_room,
30867,42687,148152,art_gallery,
30868,42687,148152,corridor,
30869,42687,148152,museum/indoor,
30870,42687,148176,clean_room,
30871,42687,148176,museum/indoor,
30872,42687,148176,dressing_room,
30873,42687,148176,art_gallery,
30874,42687,148176,archive,
30875,42687,148200,clean_room,
30876,42687,148200,museum/indoor,
30877,42687,148200,dressing_room,
30878,42687,148200,art_gallery,
30879,42687,148200,nursery,
30880,42687,148224,clean_room,
30881,42687,148224,museum/indoor,
30882,42687,148224,dressing_room,
30883,42687,148224,art_gallery,
30884,42687,148224,archive,
30885,42687,148248,clean_room,
30886,42687,148248,museum/indoor,
30887,42687,148248,dressing_room,
30888,42687,148248,art_gallery,
30889,42687,148248,archive,
30890,42687,148272,clean_room,
30891,42687,148272,museum/indoor,
30892,42687,148272,dressing_room,
30893,42687,148272,art_gallery,
30894,42687,148272,archive,
30895,42687,148296,clean_room,
30896,42687,148296,museum/indoor,
30897,42687,148296,dressing_room,
30898,42687,148296,art_gallery,
30899,42687,148296,archive,
30900,42687,148320,clean_room,
30901,42687,148320,dressing_room,
30902,42687,148320,operating_room,
30903,42687,148320,hospital_room,
30904,42687,148320,shower,
30905,42687,148344,clean_room,
30906,42687,148344,dressing_room,
30907,42687,148344,museum/indoor,
30908,42687,148344,art_gallery,
30909,42687,148344,archive,
30910,42687,148368,clean_room,
30911,42687,148368,dressing_room,
30912,42687,148368,operating_room,
30913,42687,148368,art_gallery,
30914,42687,148368,museum/indoor,
30915,42687,148392,museum/indoor,
30916,42687,148392,art_gallery,
30917,42687,148392,clean_room,
30918,42687,148392,dressing_room,
30919,42687,148392,nursery,
30920,42687,148416,clean_room,
30921,42687,148416,operating_room,
30922,42687,148416,museum/indoor,
30923,42687,148416,hospital_room,
30924,42687,148416,archive,
30925,42687,148440,clean_room,
30926,42687,148440,dressing_room,
30927,42687,148440,museum/indoor,
30928,42687,148440,nursery,
30929,42687,148440,clothing_store,
30930,42687,148464,clean_room,
30931,42687,148464,museum/indoor,
30932,42687,148464,operating_room,
30933,42687,148464,dressing_room,
30934,42687,148464,clothing_store,
30935,42687,148488,clean_room,
30936,42687,148488,museum/indoor,
30937,42687,148488,clothing_store,
30938,42687,148488,dressing_room,
30939,42687,148488,operating_room,
30940,42687,148512,clean_room,
30941,42687,148512,museum/indoor,
30942,42687,148512,dressing_room,
30943,42687,148512,clothing_store,
30944,42687,148512,nursery,
30945,42687,148536,clean_room,
30946,42687,148536,dressing_room,
30947,42687,148536,museum/indoor,
30948,42687,148536,clothing_store,
30949,42687,148536,nursery,
30950,42687,148560,clean_room,
30951,42687,148560,museum/indoor,
30952,42687,148560,dressing_room,
30953,42687,148560,clothing_store,
30954,42687,148560,nursery,
30955,42687,148584,clean_room,
30956,42687,148584,museum/indoor,
30957,42687,148584,dressing_room,
30958,42687,148584,clothing_store,
30959,42687,148584,nursery,
30960,42687,148608,clean_room,
30961,42687,148608,museum/indoor,
30962,42687,148608,clothing_store,
30963,42687,148608,dressing_room,
30964,42687,148608,operating_room,
30965,42687,148632,clean_room,
30966,42687,148632,museum/indoor,
30967,42687,148632,dressing_room,
30968,42687,148632,nursery,
30969,42687,148632,clothing_store,
30970,42687,148656,clean_room,
30971,42687,148656,museum/indoor,
30972,42687,148656,dressing_room,
30973,42687,148656,nursery,
30974,42687,148656,clothing_store,
30975,42687,148680,clean_room,
30976,42687,148680,museum/indoor,
30977,42687,148680,clothing_store,
30978,42687,148680,dressing_room,
30979,42687,148680,nursery,
30980,42687,148704,clean_room,
30981,42687,148704,dressing_room,
30982,42687,148704,clothing_store,
30983,42687,148704,museum/indoor,
30984,42687,148704,operating_room,
30985,42687,148728,clean_room,
30986,42687,148728,dressing_room,
30987,42687,148728,clothing_store,
30988,42687,148728,museum/indoor,
30989,42687,148728,locker_room,
30990,42687,148752,clean_room,
30991,42687,148752,dressing_room,
30992,42687,148752,clothing_store,
30993,42687,148752,museum/indoor,
30994,42687,148752,locker_room,
30995,42687,148776,clean_room,
30996,42687,148776,museum/indoor,
30997,42687,148776,dressing_room,
30998,42687,148776,nursery,
30999,42687,148776,clothing_store,
31000,42687,148800,clean_room,
31001,42687,148800,dressing_room,
31002,42687,148800,clothing_store,
31003,42687,148800,museum/indoor,
31004,42687,148800,locker_room,
31005,42687,148824,clean_room,
31006,42687,148824,museum/indoor,
31007,42687,148824,clothing_store,
31008,42687,148824,dressing_room,
31009,42687,148824,locker_room,
31010,42687,148848,clean_room,
31011,42687,148848,museum/indoor,
31012,42687,148848,dressing_room,
31013,42687,148848,clothing_store,
31014,42687,148848,nursery,
31015,42687,148872,clean_room,
31016,42687,148872,museum/indoor,
31017,42687,148872,dressing_room,
31018,42687,148872,nursery,
31019,42687,148872,clothing_store,
31020,42687,148896,dressing_room,
31021,42687,148896,clean_room,
31022,42687,148896,museum/indoor,
31023,42687,148896,clothing_store,
31024,42687,148896,elevator/door,
31025,42687,148920,dressing_room,
31026,42687,148920,clean_room,
31027,42687,148920,museum/indoor,
31028,42687,148920,clothing_store,
31029,42687,148920,art_gallery,
31030,42687,148944,dressing_room,
31031,42687,148944,clean_room,
31032,42687,148944,museum/indoor,
31033,42687,148944,clothing_store,
31034,42687,148944,elevator/door,
31035,42687,148968,dressing_room,
31036,42687,148968,clean_room,
31037,42687,148968,museum/indoor,
31038,42687,148968,clothing_store,
31039,42687,148968,elevator/door,
31040,42687,148992,clean_room,
31041,42687,148992,archive,
31042,42687,148992,dressing_room,
31043,42687,148992,staircase,
31044,42687,148992,chemistry_lab,
31045,42687,149016,clean_room,
31046,42687,149016,archive,
31047,42687,149016,dressing_room,
31048,42687,149016,staircase,
31049,42687,149016,biology_laboratory,
31050,42687,149040,clean_room,
31051,42687,149040,archive,
31052,42687,149040,hospital_room,
31053,42687,149040,chemistry_lab,
31054,42687,149040,staircase,
31055,42687,149064,dressing_room,
31056,42687,149064,clean_room,
31057,42687,149064,museum/indoor,
31058,42687,149064,clothing_store,
31059,42687,149064,sauna,
31060,42687,149088,dressing_room,
31061,42687,149088,museum/indoor,
31062,42687,149088,clean_room,
31063,42687,149088,clothing_store,
31064,42687,149088,elevator/door,
31065,42687,149112,dressing_room,
31066,42687,149112,clean_room,
31067,42687,149112,museum/indoor,
31068,42687,149112,elevator/door,
31069,42687,149112,clothing_store,
31070,42687,149136,dressing_room,
31071,42687,149136,clean_room,
31072,42687,149136,clothing_store,
31073,42687,149136,museum/indoor,
31074,42687,149136,elevator/door,
31075,42687,149160,dressing_room,
31076,42687,149160,clean_room,
31077,42687,149160,clothing_store,
31078,42687,149160,museum/indoor,
31079,42687,149160,locker_room,
31080,42687,149184,dressing_room,
31081,42687,149184,clean_room,
31082,42687,149184,museum/indoor,
31083,42687,149184,clothing_store,
31084,42687,149184,elevator/door,
31085,42687,149208,dressing_room,
31086,42687,149208,clean_room,
31087,42687,149208,museum/indoor,
31088,42687,149208,clothing_store,
31089,42687,149208,elevator/door,
31090,42687,149232,clean_room,
31091,42687,149232,dressing_room,
31092,42687,149232,operating_room,
31093,42687,149232,hospital_room,
31094,42687,149232,clothing_store,
31095,42687,149256,dressing_room,
31096,42687,149256,clean_room,
31097,42687,149256,museum/indoor,
31098,42687,149256,clothing_store,
31099,42687,149256,elevator/door,
31100,42687,149280,dressing_room,
31101,42687,149280,clean_room,
31102,42687,149280,museum/indoor,
31103,42687,149280,clothing_store,
31104,42687,149280,elevator/door,
31105,42687,149304,dressing_room,
31106,42687,149304,clean_room,
31107,42687,149304,museum/indoor,
31108,42687,149304,elevator/door,
31109,42687,149304,clothing_store,
31110,42687,149328,dressing_room,
31111,42687,149328,clean_room,
31112,42687,149328,museum/indoor,
31113,42687,149328,clothing_store,
31114,42687,149328,elevator/door,
31115,42687,149352,dressing_room,
31116,42687,149352,clean_room,
31117,42687,149352,museum/indoor,
31118,42687,149352,clothing_store,
31119,42687,149352,elevator/door,
31120,42687,149376,dressing_room,
31121,42687,149376,clean_room,
31122,42687,149376,museum/indoor,
31123,42687,149376,elevator/door,
31124,42687,149376,clothing_store,
31125,42687,149400,dressing_room,
31126,42687,149400,clean_room,
31127,42687,149400,office,
31128,42687,149400,clothing_store,
31129,42687,149400,hospital_room,
31130,42687,149424,dressing_room,
31131,42687,149424,clean_room,
31132,42687,149424,hospital_room,
31133,42687,149424,clothing_store,
31134,42687,149424,operating_room,
31135,42687,149448,dressing_room,
31136,42687,149448,clean_room,
31137,42687,149448,clothing_store,
31138,42687,149448,shower,
31139,42687,149448,office,
31140,42687,149472,dressing_room,
31141,42687,149472,clean_room,
31142,42687,149472,shower,
31143,42687,149472,clothing_store,
31144,42687,149472,locker_room,
31145,42687,149496,dressing_room,
31146,42687,149496,clean_room,
31147,42687,149496,clothing_store,
31148,42687,149496,closet,
31149,42687,149496,shower,
31150,42687,149520,dressing_room,
31151,42687,149520,clean_room,
31152,42687,149520,clothing_store,
31153,42687,149520,closet,
31154,42687,149520,shower,
31155,42687,149544,dressing_room,
31156,42687,149544,clean_room,
31157,42687,149544,clothing_store,
31158,42687,149544,office,
31159,42687,149544,elevator/door,
31160,42687,149568,dressing_room,
31161,42687,149568,clean_room,
31162,42687,149568,clothing_store,
31163,42687,149568,elevator/door,
31164,42687,149568,office,
31165,42687,149592,dressing_room,
31166,42687,149592,clean_room,
31167,42687,149592,clothing_store,
31168,42687,149592,locker_room,
31169,42687,149592,elevator/door,
31170,42687,149616,dressing_room,
31171,42687,149616,clean_room,
31172,42687,149616,clothing_store,
31173,42687,149616,locker_room,
31174,42687,149616,museum/indoor,
31175,42687,149640,dressing_room,
31176,42687,149640,clean_room,
31177,42687,149640,elevator/door,
31178,42687,149640,hospital_room,
31179,42687,149640,elevator_lobby,
31180,42687,149664,dressing_room,
31181,42687,149664,clean_room,
31182,42687,149664,office,
31183,42687,149664,elevator_lobby,
31184,42687,149664,elevator/door,
31185,42687,149688,dressing_room,
31186,42687,149688,clean_room,
31187,42687,149688,museum/indoor,
31188,42687,149688,art_gallery,
31189,42687,149688,elevator_lobby,
31190,42687,149712,dressing_room,
31191,42687,149712,clean_room,
31192,42687,149712,clothing_store,
31193,42687,149712,museum/indoor,
31194,42687,149712,elevator/door,
31195,42687,149736,dressing_room,
31196,42687,149736,elevator/door,
31197,42687,149736,elevator_lobby,
31198,42687,149736,museum/indoor,
31199,42687,149736,clean_room,
31200,42687,149760,dressing_room,
31201,42687,149760,clean_room,
31202,42687,149760,museum/indoor,
31203,42687,149760,clothing_store,
31204,42687,149760,elevator/door,
31205,42687,149784,dressing_room,
31206,42687,149784,clean_room,
31207,42687,149784,elevator/door,
31208,42687,149784,elevator_lobby,
31209,42687,149784,museum/indoor,
31210,42687,149808,dressing_room,
31211,42687,149808,museum/indoor,
31212,42687,149808,art_gallery,
31213,42687,149808,clean_room,
31214,42687,149808,sauna,
31215,42687,149832,dressing_room,
31216,42687,149832,clean_room,
31217,42687,149832,locker_room,
31218,42687,149832,beauty_salon,
31219,42687,149832,clothing_store,
31220,42687,149856,dressing_room,
31221,42687,149856,clean_room,
31222,42687,149856,museum/indoor,
31223,42687,149856,clothing_store,
31224,42687,149856,art_gallery,
31225,42687,149880,dressing_room,
31226,42687,149880,clean_room,
31227,42687,149880,shower,
31228,42687,149880,museum/indoor,
31229,42687,149880,art_gallery,
31230,42687,149904,bathroom,
31231,42687,149904,shower,
31232,42687,149904,dressing_room,
31233,42687,149904,bow_window/indoor,
31234,42687,149904,sauna,
31235,42687,149928,bow_window/indoor,
31236,42687,149928,bathroom,
31237,42687,149928,closet,
31238,42687,149928,shower,
31239,42687,149928,dressing_room,
31240,42687,149952,closet,
31241,42687,149952,dressing_room,
31242,42687,149952,bow_window/indoor,
31243,42687,149952,shower,
31244,42687,149952,locker_room,
31245,42687,149976,shower,
31246,42687,149976,bathroom,
31247,42687,149976,elevator/door,
31248,42687,149976,closet,
31249,42687,149976,sauna,
31250,42687,150000,shower,
31251,42687,150000,clean_room,
31252,42687,150000,bathroom,
31253,42687,150000,dressing_room,
31254,42687,150000,closet,
31255,42687,150024,shower,
31256,42687,150024,bathroom,
31257,42687,150024,dressing_room,
31258,42687,150024,closet,
31259,42687,150024,locker_room,
31260,42687,150048,dressing_room,
31261,42687,150048,shower,
31262,42687,150048,bathroom,
31263,42687,150048,sauna,
31264,42687,150048,clean_room,
31265,42687,150072,dressing_room,
31266,42687,150072,sauna,
31267,42687,150072,museum/indoor,
31268,42687,150072,shower,
31269,42687,150072,locker_room,
31270,42687,150096,dressing_room,
31271,42687,150096,clean_room,
31272,42687,150096,shower,
31273,42687,150096,bathroom,
31274,42687,150096,closet,
31275,42687,150120,dressing_room,
31276,42687,150120,clean_room,
31277,42687,150120,museum/indoor,
31278,42687,150120,clothing_store,
31279,42687,150120,shower,
31280,42687,150144,clean_room,
31281,42687,150144,dressing_room,
31282,42687,150144,locker_room,
31283,42687,150144,museum/indoor,
31284,42687,150144,operating_room,
31285,42687,150168,clean_room,
31286,42687,150168,dressing_room,
31287,42687,150168,locker_room,
31288,42687,150168,museum/indoor,
31289,42687,150168,clothing_store,
31290,42687,150192,clean_room,
31291,42687,150192,dressing_room,
31292,42687,150192,museum/indoor,
31293,42687,150192,locker_room,
31294,42687,150192,art_gallery,
31295,42687,150216,clean_room,
31296,42687,150216,dressing_room,
31297,42687,150216,locker_room,
31298,42687,150216,museum/indoor,
31299,42687,150216,operating_room,
31300,42687,150240,clean_room,
31301,42687,150240,dressing_room,
31302,42687,150240,locker_room,
31303,42687,150240,shower,
31304,42687,150240,sauna,
31305,42687,150264,clean_room,
31306,42687,150264,dressing_room,
31307,42687,150264,locker_room,
31308,42687,150264,museum/indoor,
31309,42687,150264,shower,
31310,42687,150288,clean_room,
31311,42687,150288,dressing_room,
31312,42687,150288,locker_room,
31313,42687,150288,museum/indoor,
31314,42687,150288,shower,
31315,42687,150312,clean_room,
31316,42687,150312,dressing_room,
31317,42687,150312,locker_room,
31318,42687,150312,museum/indoor,
31319,42687,150312,shower,
31320,42687,150336,clean_room,
31321,42687,150336,dressing_room,
31322,42687,150336,locker_room,
31323,42687,150336,museum/indoor,
31324,42687,150336,shower,
31325,42687,150360,clean_room,
31326,42687,150360,dressing_room,
31327,42687,150360,locker_room,
31328,42687,150360,museum/indoor,
31329,42687,150360,shower,
31330,42687,150384,clean_room,
31331,42687,150384,dressing_room,
31332,42687,150384,locker_room,
31333,42687,150384,shower,
31334,42687,150384,sauna,
31335,42687,150408,dressing_room,
31336,42687,150408,clean_room,
31337,42687,150408,locker_room,
31338,42687,150408,museum/indoor,
31339,42687,150408,sauna,
31340,42687,150432,clean_room,
31341,42687,150432,dressing_room,
31342,42687,150432,locker_room,
31343,42687,150432,shower,
31344,42687,150432,museum/indoor,
31345,42687,150456,dressing_room,
31346,42687,150456,clean_room,
31347,42687,150456,locker_room,
31348,42687,150456,museum/indoor,
31349,42687,150456,sauna,
31350,42687,150480,dressing_room,
31351,42687,150480,clean_room,
31352,42687,150480,locker_room,
31353,42687,150480,shower,
31354,42687,150480,sauna,
31355,42687,150504,clean_room,
31356,42687,150504,dressing_room,
31357,42687,150504,locker_room,
31358,42687,150504,shower,
31359,42687,150504,operating_room,
31360,42687,150528,clean_room,
31361,42687,150528,locker_room,
31362,42687,150528,dressing_room,
31363,42687,150528,operating_room,
31364,42687,150528,shower,
31365,42687,150552,dressing_room,
31366,42687,150552,clean_room,
31367,42687,150552,locker_room,
31368,42687,150552,sauna,
31369,42687,150552,shower,
31370,42687,150576,clean_room,
31371,42687,150576,dressing_room,
31372,42687,150576,museum/indoor,
31373,42687,150576,locker_room,
31374,42687,150576,art_gallery,
31375,42687,150600,clean_room,
31376,42687,150600,dressing_room,
31377,42687,150600,locker_room,
31378,42687,150600,museum/indoor,
31379,42687,150600,operating_room,
31380,42687,150624,clean_room,
31381,42687,150624,dressing_room,
31382,42687,150624,museum/indoor,
31383,42687,150624,locker_room,
31384,42687,150624,art_gallery,
31385,42687,150648,clean_room,
31386,42687,150648,dressing_room,
31387,42687,150648,locker_room,
31388,42687,150648,museum/indoor,
31389,42687,150648,clothing_store,
31390,42687,150672,clean_room,
31391,42687,150672,dressing_room,
31392,42687,150672,locker_room,
31393,42687,150672,museum/indoor,
31394,42687,150672,sauna,
31395,42687,150696,dressing_room,
31396,42687,150696,clean_room,
31397,42687,150696,locker_room,
31398,42687,150696,museum/indoor,
31399,42687,150696,shower,
31400,42687,150720,dressing_room,
31401,42687,150720,clean_room,
31402,42687,150720,locker_room,
31403,42687,150720,shower,
31404,42687,150720,elevator/door,
31405,42687,150744,clean_room,
31406,42687,150744,dressing_room,
31407,42687,150744,museum/indoor,
31408,42687,150744,locker_room,
31409,42687,150744,operating_room,
31410,42687,150768,dressing_room,
31411,42687,150768,museum/indoor,
31412,42687,150768,clean_room,
31413,42687,150768,shower,
31414,42687,150768,bathroom,
31415,42687,150792,dressing_room,
31416,42687,150792,clean_room,
31417,42687,150792,museum/indoor,
31418,42687,150792,dining_room,
31419,42687,150792,bathroom,
31420,42687,150816,clean_room,
31421,42687,150816,museum/indoor,
31422,42687,150816,jewelry_shop,
31423,42687,150816,beauty_salon,
31424,42687,150816,chemistry_lab,
31425,42687,150840,clean_room,
31426,42687,150840,museum/indoor,
31427,42687,150840,dressing_room,
31428,42687,150840,jewelry_shop,
31429,42687,150840,art_gallery,
31430,42687,150864,clean_room,
31431,42687,150864,museum/indoor,
31432,42687,150864,dressing_room,
31433,42687,150864,archive,
31434,42687,150864,jewelry_shop,
31435,42687,150888,dining_room,
31436,42687,150888,clean_room,
31437,42687,150888,dressing_room,
31438,42687,150888,museum/indoor,
31439,42687,150888,jewelry_shop,
31440,42687,150912,dining_room,
31441,42687,150912,beauty_salon,
31442,42687,150912,entrance_hall,
31443,42687,150912,living_room,
31444,42687,150912,clean_room,
31445,42687,150936,dining_room,
31446,42687,150936,artists_loft,
31447,42687,150936,clean_room,
31448,42687,150936,bow_window/indoor,
31449,42687,150936,beauty_salon,
31450,42687,150960,dining_room,
31451,42687,150960,clean_room,
31452,42687,150960,dressing_room,
31453,42687,150960,jewelry_shop,
31454,42687,150960,beauty_salon,
31455,42687,150984,dining_room,
31456,42687,150984,clean_room,
31457,42687,150984,office,
31458,42687,150984,artists_loft,
31459,42687,150984,bow_window/indoor,
31460,42687,151008,dining_room,
31461,42687,151008,bow_window/indoor,
31462,42687,151008,living_room,
31463,42687,151008,dining_hall,
31464,42687,151008,clean_room,
31465,42687,151032,dining_room,
31466,42687,151032,bow_window/indoor,
31467,42687,151032,clean_room,
31468,42687,151032,living_room,
31469,42687,151032,dining_hall,
31470,42687,151056,bow_window/indoor,
31471,42687,151056,dining_room,
31472,42687,151056,clean_room,
31473,42687,151056,living_room,
31474,42687,151056,entrance_hall,
31475,42687,151080,dining_room,
31476,42687,151080,bow_window/indoor,
31477,42687,151080,clean_room,
31478,42687,151080,living_room,
31479,42687,151080,entrance_hall,
31480,42687,151104,bow_window/indoor,
31481,42687,151104,dining_room,
31482,42687,151104,clean_room,
31483,42687,151104,living_room,
31484,42687,151104,entrance_hall,
31485,42687,151128,bow_window/indoor,
31486,42687,151128,clean_room,
31487,42687,151128,living_room,
31488,42687,151128,dining_room,
31489,42687,151128,dressing_room,
31490,42687,151152,clean_room,
31491,42687,151152,bow_window/indoor,
31492,42687,151152,dining_room,
31493,42687,151152,living_room,
31494,42687,151152,sauna,
31495,42687,151176,clean_room,
31496,42687,151176,dining_room,
31497,42687,151176,bow_window/indoor,
31498,42687,151176,beauty_salon,
31499,42687,151176,hospital_room,
31500,42687,151200,clean_room,
31501,42687,151200,bow_window/indoor,
31502,42687,151200,museum/indoor,
31503,42687,151200,music_studio,
31504,42687,151200,office,
31505,42687,151224,skyscraper,
31506,42687,151224,downtown,
31507,42687,151224,office_building,
31508,42687,151224,industrial_area,
31509,42687,151224,tower,
31510,42687,151248,bridge,
31511,42687,151248,industrial_area,
31512,42687,151248,skyscraper,
31513,42687,151248,downtown,
31514,42687,151248,promenade,
31515,42687,151272,industrial_area,
31516,42687,151272,bridge,
31517,42687,151272,skyscraper,
31518,42687,151272,mosque/outdoor,
31519,42687,151272,tower,
31520,42687,151296,skyscraper,
31521,42687,151296,tower,
31522,42687,151296,shower,
31523,42687,151296,industrial_area,
31524,42687,151296,office_building,
31525,42687,151320,shower,
31526,42687,151320,elevator_lobby,
31527,42687,151320,clean_room,
31528,42687,151320,elevator/door,
31529,42687,151320,bathroom,
31530,42687,151344,clean_room,
31531,42687,151344,shower,
31532,42687,151344,chemistry_lab,
31533,42687,151344,bathroom,
31534,42687,151344,biology_laboratory,
31535,42687,151368,clean_room,
31536,42687,151368,chemistry_lab,
31537,42687,151368,physics_laboratory,
31538,42687,151368,biology_laboratory,
31539,42687,151368,dressing_room,
31540,42687,151392,clean_room,
31541,42687,151392,chemistry_lab,
31542,42687,151392,physics_laboratory,
31543,42687,151392,dressing_room,
31544,42687,151392,biology_laboratory,
31545,42687,151416,clean_room,
31546,42687,151416,chemistry_lab,
31547,42687,151416,dressing_room,
31548,42687,151416,biology_laboratory,
31549,42687,151416,physics_laboratory,
31550,42687,151440,clean_room,
31551,42687,151440,chemistry_lab,
31552,42687,151440,dressing_room,
31553,42687,151440,biology_laboratory,
31554,42687,151440,physics_laboratory,
31555,42687,151464,server_room,
31556,42687,151464,elevator/door,
31557,42687,151464,elevator_lobby,
31558,42687,151464,art_gallery,
31559,42687,151464,shower,
31560,42687,151488,clean_room,
31561,42687,151488,dressing_room,
31562,42687,151488,chemistry_lab,
31563,42687,151488,biology_laboratory,
31564,42687,151488,physics_laboratory,
31565,42687,151512,clean_room,
31566,42687,151512,chemistry_lab,
31567,42687,151512,dressing_room,
31568,42687,151512,elevator/door,
31569,42687,151512,server_room,
31570,42687,151536,clean_room,
31571,42687,151536,chemistry_lab,
31572,42687,151536,dressing_room,
31573,42687,151536,biology_laboratory,
31574,42687,151536,physics_laboratory,
31575,42687,151560,clean_room,
31576,42687,151560,chemistry_lab,
31577,42687,151560,shower,
31578,42687,151560,biology_laboratory,
31579,42687,151560,bathroom,
31580,42687,151584,shower,
31581,42687,151584,clean_room,
31582,42687,151584,dressing_room,
31583,42687,151584,bathroom,
31584,42687,151584,elevator/door,
31585,42687,151608,clean_room,
31586,42687,151608,shower,
31587,42687,151608,chemistry_lab,
31588,42687,151608,bathroom,
31589,42687,151608,dressing_room,
31590,42687,151632,clean_room,
31591,42687,151632,shower,
31592,42687,151632,dressing_room,
31593,42687,151632,chemistry_lab,
31594,42687,151632,bathroom,
31595,42687,151656,clean_room,
31596,42687,151656,chemistry_lab,
31597,42687,151656,dressing_room,
31598,42687,151656,shower,
31599,42687,151656,physics_laboratory,
31600,42687,151680,clean_room,
31601,42687,151680,chemistry_lab,
31602,42687,151680,shower,
31603,42687,151680,bathroom,
31604,42687,151680,biology_laboratory,
31605,42687,151704,clean_room,
31606,42687,151704,chemistry_lab,
31607,42687,151704,biology_laboratory,
31608,42687,151704,physics_laboratory,
31609,42687,151704,dressing_room,
31610,42687,151728,science_museum,
31611,42687,151728,aquarium,
31612,42687,151728,natural_history_museum,
31613,42687,151728,art_gallery,
31614,42687,151728,museum/indoor,
31615,42687,151752,clean_room,
31616,42687,151752,dressing_room,
31617,42687,151752,bathroom,
31618,42687,151752,elevator/door,
31619,42687,151752,shower,
31620,42687,151776,bathroom,
31621,42687,151776,shower,
31622,42687,151776,clean_room,
31623,42687,151776,wet_bar,
31624,42687,151776,chemistry_lab,
31625,42687,151800,clean_room,
31626,42687,151800,chemistry_lab,
31627,42687,151800,biology_laboratory,
31628,42687,151800,physics_laboratory,
31629,42687,151800,dressing_room,
31630,42687,151824,clean_room,
31631,42687,151824,chemistry_lab,
31632,42687,151824,shower,
31633,42687,151824,biology_laboratory,
31634,42687,151824,bathroom,
31635,42687,151848,clean_room,
31636,42687,151848,chemistry_lab,
31637,42687,151848,biology_laboratory,
31638,42687,151848,physics_laboratory,
31639,42687,151848,dressing_room,
31640,42687,151872,clean_room,
31641,42687,151872,server_room,
31642,42687,151872,chemistry_lab,
31643,42687,151872,locker_room,
31644,42687,151872,dressing_room,
31645,42687,151896,chemistry_lab,
31646,42687,151896,clean_room,
31647,42687,151896,biology_laboratory,
31648,42687,151896,shower,
31649,42687,151896,bathroom,
31650,42687,151920,skyscraper,
31651,42687,151920,downtown,
31652,42687,151920,airport_terminal,
31653,42687,151920,industrial_area,
31654,42687,151920,office_building,
31655,42687,151944,skyscraper,
31656,42687,151944,downtown,
31657,42687,151944,highway,
31658,42687,151944,industrial_area,
31659,42687,151944,office_building,
31660,42687,151968,skyscraper,
31661,42687,151968,downtown,
31662,42687,151968,industrial_area,
31663,42687,151968,tower,
31664,42687,151968,office_building,
31665,42687,151992,skyscraper,
31666,42687,151992,airport_terminal,
31667,42687,151992,art_gallery,
31668,42687,151992,parking_garage/indoor,
31669,42687,151992,corridor,
31670,42687,152016,art_gallery,
31671,42687,152016,skyscraper,
31672,42687,152016,museum/indoor,
31673,42687,152016,corridor,
31674,42687,152016,airport_terminal,
31675,42687,152040,clean_room,
31676,42687,152040,art_gallery,
31677,42687,152040,museum/indoor,
31678,42687,152040,airport_terminal,
31679,42687,152040,chemistry_lab,
31680,42687,152064,shower,
31681,42687,152064,discotheque,
31682,42687,152064,clean_room,
31683,42687,152064,stage/indoor,
31684,42687,152064,airport_terminal,
31685,42687,152088,discotheque,
31686,42687,152088,stage/indoor,
31687,42687,152088,clean_room,
31688,42687,152088,shower,
31689,42687,152088,arena/performance,
31690,42687,152112,discotheque,
31691,42687,152112,stage/indoor,
31692,42687,152112,shower,
31693,42687,152112,clean_room,
31694,42687,152112,bathroom,
31695,42687,152136,discotheque,
31696,42687,152136,elevator/door,
31697,42687,152136,clean_room,
31698,42687,152136,stage/indoor,
31699,42687,152136,elevator_lobby,
31700,42687,152160,clean_room,
31701,42687,152160,elevator_lobby,
31702,42687,152160,elevator/door,
31703,42687,152160,corridor,
31704,42687,152160,airport_terminal,
31705,42687,152184,clean_room,
31706,42687,152184,elevator/door,
31707,42687,152184,elevator_lobby,
31708,42687,152184,server_room,
31709,42687,152184,corridor,
31710,42687,152208,shower,
31711,42687,152208,clean_room,
31712,42687,152208,art_gallery,
31713,42687,152208,dressing_room,
31714,42687,152208,bathroom,
31715,42687,152232,shower,
31716,42687,152232,elevator_lobby,
31717,42687,152232,elevator/door,
31718,42687,152232,sauna,
31719,42687,152232,locker_room,
31720,42687,152256,clean_room,
31721,42687,152256,shower,
31722,42687,152256,chemistry_lab,
31723,42687,152256,biology_laboratory,
31724,42687,152256,locker_room,
31725,42687,152280,shower,
31726,42687,152280,elevator/door,
31727,42687,152280,bathroom,
31728,42687,152280,locker_room,
31729,42687,152280,clean_room,
31730,42687,152304,clean_room,
31731,42687,152304,shower,
31732,42687,152304,dressing_room,
31733,42687,152304,museum/indoor,
31734,42687,152304,discotheque,
31735,42687,152328,clean_room,
31736,42687,152328,shower,
31737,42687,152328,dressing_room,
31738,42687,152328,museum/indoor,
31739,42687,152328,natural_history_museum,
31740,42687,152352,clean_room,
31741,42687,152352,shower,
31742,42687,152352,dressing_room,
31743,42687,152352,bathroom,
31744,42687,152352,locker_room,
31745,42687,152376,clean_room,
31746,42687,152376,shower,
31747,42687,152376,dressing_room,
31748,42687,152376,bathroom,
31749,42687,152376,locker_room,
31750,42687,152400,shower,
31751,42687,152400,clean_room,
31752,42687,152400,elevator/door,
31753,42687,152400,bathroom,
31754,42687,152400,locker_room,
31755,42687,152424,shower,
31756,42687,152424,clean_room,
31757,42687,152424,elevator/door,
31758,42687,152424,dressing_room,
31759,42687,152424,locker_room,
31760,42687,152448,museum/indoor,
31761,42687,152448,clean_room,
31762,42687,152448,dressing_room,
31763,42687,152448,science_museum,
31764,42687,152448,natural_history_museum,
31765,42687,152472,clean_room,
31766,42687,152472,dressing_room,
31767,42687,152472,clothing_store,
31768,42687,152472,museum/indoor,
31769,42687,152472,art_gallery,
31770,42687,152496,clean_room,
31771,42687,152496,dressing_room,
31772,42687,152496,operating_room,
31773,42687,152496,chemistry_lab,
31774,42687,152496,museum/indoor,
31775,42687,152520,clean_room,
31776,42687,152520,museum/indoor,
31777,42687,152520,dressing_room,
31778,42687,152520,operating_room,
31779,42687,152520,science_museum,
31780,42687,152544,clean_room,
31781,42687,152544,museum/indoor,
31782,42687,152544,dressing_room,
31783,42687,152544,operating_room,
31784,42687,152544,clothing_store,
31785,42687,152568,clean_room,
31786,42687,152568,museum/indoor,
31787,42687,152568,science_museum,
31788,42687,152568,dressing_room,
31789,42687,152568,operating_room,
31790,42687,152592,museum/indoor,
31791,42687,152592,clean_room,
31792,42687,152592,dressing_room,
31793,42687,152592,art_gallery,
31794,42687,152592,science_museum,
31795,42687,152616,dressing_room,
31796,42687,152616,clean_room,
31797,42687,152616,museum/indoor,
31798,42687,152616,art_gallery,
31799,42687,152616,locker_room,
31800,42687,152640,clean_room,
31801,42687,152640,dressing_room,
31802,42687,152640,elevator/door,
31803,42687,152640,locker_room,
31804,42687,152640,discotheque,
31805,42687,152664,pharmacy,
31806,42687,152664,drugstore,
31807,42687,152664,clean_room,
31808,42687,152664,pantry,
31809,42687,152664,beauty_salon,
31810,42687,152688,clean_room,
31811,42687,152688,operating_room,
31812,42687,152688,hospital_room,
31813,42687,152688,pharmacy,
31814,42687,152688,beauty_salon,
31815,42687,152712,pharmacy,
31816,42687,152712,drugstore,
31817,42687,152712,clean_room,
31818,42687,152712,beauty_salon,
31819,42687,152712,department_store,
31820,42687,152736,pharmacy,
31821,42687,152736,drugstore,
31822,42687,152736,department_store,
31823,42687,152736,supermarket,
31824,42687,152736,clean_room,
31825,42687,152760,department_store,
31826,42687,152760,supermarket,
31827,42687,152760,pharmacy,
31828,42687,152760,drugstore,
31829,42687,152760,clean_room,
31830,42687,152784,hospital,
31831,42687,152784,atrium/public,
31832,42687,152784,reception,
31833,42687,152784,pharmacy,
31834,42687,152784,archive,
31835,42687,152808,hospital,
31836,42687,152808,reception,
31837,42687,152808,hospital_room,
31838,42687,152808,atrium/public,
31839,42687,152808,entrance_hall,
31840,42687,152832,hospital,
31841,42687,152832,atrium/public,
31842,42687,152832,mezzanine,
31843,42687,152832,archive,
31844,42687,152832,entrance_hall,
31845,42687,152856,clean_room,
31846,42687,152856,pharmacy,
31847,42687,152856,department_store,
31848,42687,152856,drugstore,
31849,42687,152856,candy_store,
31850,42687,152880,department_store,
31851,42687,152880,candy_store,
31852,42687,152880,supermarket,
31853,42687,152880,pharmacy,
31854,42687,152880,drugstore,
31855,42687,152904,clean_room,
31856,42687,152904,pharmacy,
31857,42687,152904,candy_store,
31858,42687,152904,drugstore,
31859,42687,152904,department_store,
31860,42687,152928,department_store,
31861,42687,152928,candy_store,
31862,42687,152928,clean_room,
31863,42687,152928,museum/indoor,
31864,42687,152928,supermarket,
31865,42687,152952,department_store,
31866,42687,152952,candy_store,
31867,42687,152952,supermarket,
31868,42687,152952,museum/indoor,
31869,42687,152952,drugstore,
31870,42687,152976,clean_room,
31871,42687,152976,pharmacy,
31872,42687,152976,candy_store,
31873,42687,152976,drugstore,
31874,42687,152976,archive,
31875,42687,153000,clean_room,
31876,42687,153000,archive,
31877,42687,153000,shower,
31878,42687,153000,museum/indoor,
31879,42687,153000,science_museum,
31880,42687,153024,clean_room,
31881,42687,153024,archive,
31882,42687,153024,museum/indoor,
31883,42687,153024,discotheque,
31884,42687,153024,science_museum,
31885,42687,153048,clean_room,
31886,42687,153048,museum/indoor,
31887,42687,153048,dressing_room,
31888,42687,153048,chemistry_lab,
31889,42687,153048,biology_laboratory,
31890,42687,153072,clean_room,
31891,42687,153072,archive,
31892,42687,153072,museum/indoor,
31893,42687,153072,chemistry_lab,
31894,42687,153072,biology_laboratory,
31895,42687,153096,clean_room,
31896,42687,153096,chemistry_lab,
31897,42687,153096,biology_laboratory,
31898,42687,153096,shower,
31899,42687,153096,museum/indoor,
31900,42687,153120,clean_room,
31901,42687,153120,museum/indoor,
31902,42687,153120,dressing_room,
31903,42687,153120,shower,
31904,42687,153120,science_museum,
31905,42687,153144,clean_room,
31906,42687,153144,museum/indoor,
31907,42687,153144,shower,
31908,42687,153144,science_museum,
31909,42687,153144,aquarium,
31910,42687,153168,clean_room,
31911,42687,153168,museum/indoor,
31912,42687,153168,dressing_room,
31913,42687,153168,shower,
31914,42687,153168,science_museum,
31915,42687,153192,clean_room,
31916,42687,153192,martial_arts_gym,
31917,42687,153192,hospital_room,
31918,42687,153192,operating_room,
31919,42687,153192,pharmacy,
31920,42687,153216,clean_room,
31921,42687,153216,martial_arts_gym,
31922,42687,153216,operating_room,
31923,42687,153216,hospital_room,
31924,42687,153216,pharmacy,
31925,42687,153240,clean_room,
31926,42687,153240,martial_arts_gym,
31927,42687,153240,hospital_room,
31928,42687,153240,operating_room,
31929,42687,153240,dressing_room,
31930,42687,153264,clean_room,
31931,42687,153264,martial_arts_gym,
31932,42687,153264,dressing_room,
31933,42687,153264,hospital_room,
31934,42687,153264,operating_room,
31935,42687,153288,clean_room,
31936,42687,153288,hospital_room,
31937,42687,153288,dressing_room,
31938,42687,153288,martial_arts_gym,
31939,42687,153288,operating_room,
31940,42687,153312,clean_room,
31941,42687,153312,hospital_room,
31942,42687,153312,operating_room,
31943,42687,153312,pharmacy,
31944,42687,153312,dressing_room,
31945,42687,153336,clean_room,
31946,42687,153336,martial_arts_gym,
31947,42687,153336,hospital_room,
31948,42687,153336,operating_room,
31949,42687,153336,dressing_room,
31950,42687,153360,clean_room,
31951,42687,153360,martial_arts_gym,
31952,42687,153360,hospital_room,
31953,42687,153360,dressing_room,
31954,42687,153360,operating_room,
31955,42687,153384,clean_room,
31956,42687,153384,martial_arts_gym,
31957,42687,153384,hospital_room,
31958,42687,153384,dressing_room,
31959,42687,153384,operating_room,
31960,42687,153408,clean_room,
31961,42687,153408,hospital_room,
31962,42687,153408,martial_arts_gym,
31963,42687,153408,dressing_room,
31964,42687,153408,operating_room,
31965,42687,153432,clean_room,
31966,42687,153432,hospital_room,
31967,42687,153432,dressing_room,
31968,42687,153432,martial_arts_gym,
31969,42687,153432,operating_room,
31970,42687,153456,clean_room,
31971,42687,153456,hospital_room,
31972,42687,153456,martial_arts_gym,
31973,42687,153456,dressing_room,
31974,42687,153456,operating_room,
31975,42687,153480,clean_room,
31976,42687,153480,hospital_room,
31977,42687,153480,operating_room,
31978,42687,153480,pharmacy,
31979,42687,153480,martial_arts_gym,
31980,42687,153504,clean_room,
31981,42687,153504,hospital_room,
31982,42687,153504,martial_arts_gym,
31983,42687,153504,dressing_room,
31984,42687,153504,operating_room,
31985,42687,153528,clean_room,
31986,42687,153528,locker_room,
31987,42687,153528,pharmacy,
31988,42687,153528,dressing_room,
31989,42687,153528,archive,
31990,42687,153552,clean_room,
31991,42687,153552,locker_room,
31992,42687,153552,dressing_room,
31993,42687,153552,pharmacy,
31994,42687,153552,archive,
31995,42687,153576,clean_room,
31996,42687,153576,martial_arts_gym,
31997,42687,153576,hospital_room,
31998,42687,153576,dressing_room,
31999,42687,153576,operating_room,
32000,42687,153600,clean_room,
32001,42687,153600,dressing_room,
32002,42687,153600,martial_arts_gym,
32003,42687,153600,hospital_room,
32004,42687,153600,operating_room,
32005,42687,153624,clean_room,
32006,42687,153624,hospital_room,
32007,42687,153624,dressing_room,
32008,42687,153624,operating_room,
32009,42687,153624,martial_arts_gym,
32010,42687,153648,clean_room,
32011,42687,153648,martial_arts_gym,
32012,42687,153648,hospital_room,
32013,42687,153648,dressing_room,
32014,42687,153648,museum/indoor,
32015,42687,153672,clean_room,
32016,42687,153672,archive,
32017,42687,153672,locker_room,
32018,42687,153672,dressing_room,
32019,42687,153672,pharmacy,
32020,42687,153696,archive,
32021,42687,153696,pharmacy,
32022,42687,153696,bar,
32023,42687,153696,chemistry_lab,
32024,42687,153696,drugstore,
32025,42687,153720,clean_room,
32026,42687,153720,museum/indoor,
32027,42687,153720,hospital_room,
32028,42687,153720,operating_room,
32029,42687,153720,science_museum,
32030,42687,153744,clean_room,
32031,42687,153744,ice_cream_parlor,
32032,42687,153744,bakery/shop,
32033,42687,153744,museum/indoor,
32034,42687,153744,candy_store,
32035,42687,153768,clean_room,
32036,42687,153768,shower,
32037,42687,153768,dressing_room,
32038,42687,153768,bakery/shop,
32039,42687,153768,candy_store,
32040,42687,153792,pharmacy,
32041,42687,153792,drugstore,
32042,42687,153792,candy_store,
32043,42687,153792,supermarket,
32044,42687,153792,bakery/shop,
32045,42687,153816,pharmacy,
32046,42687,153816,drugstore,
32047,42687,153816,candy_store,
32048,42687,153816,jewelry_shop,
32049,42687,153816,supermarket,
32050,42687,153840,pharmacy,
32051,42687,153840,drugstore,
32052,42687,153840,candy_store,
32053,42687,153840,supermarket,
32054,42687,153840,gift_shop,
32055,42687,153864,pharmacy,
32056,42687,153864,drugstore,
32057,42687,153864,candy_store,
32058,42687,153864,supermarket,
32059,42687,153864,gift_shop,
32060,42687,153888,pharmacy,
32061,42687,153888,drugstore,
32062,42687,153888,candy_store,
32063,42687,153888,gift_shop,
32064,42687,153888,supermarket,
32065,42687,153912,pharmacy,
32066,42687,153912,drugstore,
32067,42687,153912,bakery/shop,
32068,42687,153912,candy_store,
32069,42687,153912,supermarket,
32070,42687,153936,pharmacy,
32071,42687,153936,drugstore,
32072,42687,153936,candy_store,
32073,42687,153936,supermarket,
32074,42687,153936,bakery/shop,
32075,42687,153960,pharmacy,
32076,42687,153960,drugstore,
32077,42687,153960,archive,
32078,42687,153960,pantry,
32079,42687,153960,beauty_salon,
32080,42687,153984,pharmacy,
32081,42687,153984,drugstore,
32082,42687,153984,archive,
32083,42687,153984,chemistry_lab,
32084,42687,153984,beauty_salon,
32085,42687,154008,pharmacy,
32086,42687,154008,drugstore,
32087,42687,154008,candy_store,
32088,42687,154008,supermarket,
32089,42687,154008,gift_shop,
32090,42687,154032,pharmacy,
32091,42687,154032,drugstore,
32092,42687,154032,candy_store,
32093,42687,154032,gift_shop,
32094,42687,154032,supermarket,
32095,42687,154056,pharmacy,
32096,42687,154056,drugstore,
32097,42687,154056,archive,
32098,42687,154056,clean_room,
32099,42687,154056,chemistry_lab,
32100,42687,154080,pharmacy,
32101,42687,154080,drugstore,
32102,42687,154080,archive,
32103,42687,154080,clean_room,
32104,42687,154080,chemistry_lab,
32105,42687,154104,pharmacy,
32106,42687,154104,drugstore,
32107,42687,154104,archive,
32108,42687,154104,beauty_salon,
32109,42687,154104,chemistry_lab,
32110,42687,154128,pharmacy,
32111,42687,154128,drugstore,
32112,42687,154128,clean_room,
32113,42687,154128,beauty_salon,
32114,42687,154128,supermarket,
32115,42687,154152,pharmacy,
32116,42687,154152,drugstore,
32117,42687,154152,beauty_salon,
32118,42687,154152,chemistry_lab,
32119,42687,154152,ice_cream_parlor,
32120,42687,154176,pharmacy,
32121,42687,154176,drugstore,
32122,42687,154176,beauty_salon,
32123,42687,154176,clean_room,
32124,42687,154176,chemistry_lab,
32125,42687,154200,drugstore,
32126,42687,154200,pharmacy,
32127,42687,154200,bookstore,
32128,42687,154200,gift_shop,
32129,42687,154200,candy_store,
32130,42687,154224,bookstore,
32131,42687,154224,drugstore,
32132,42687,154224,gift_shop,
32133,42687,154224,pharmacy,
32134,42687,154224,candy_store,
32135,42687,154248,drugstore,
32136,42687,154248,archive,
32137,42687,154248,pharmacy,
32138,42687,154248,bookstore,
32139,42687,154248,gift_shop,
32140,42687,154272,archive,
32141,42687,154272,beauty_salon,
32142,42687,154272,dressing_room,
32143,42687,154272,drugstore,
32144,42687,154272,pharmacy,
32145,42687,154296,dressing_room,
32146,42687,154296,ballroom,
32147,42687,154296,beauty_salon,
32148,42687,154296,discotheque,
32149,42687,154296,museum/indoor,
32150,42687,154320,museum/indoor,
32151,42687,154320,dressing_room,
32152,42687,154320,boxing_ring,
32153,42687,154320,stage/indoor,
32154,42687,154320,archive,
32155,42687,154344,museum/indoor,
32156,42687,154344,archive,
32157,42687,154344,nursery,
32158,42687,154344,dressing_room,
32159,42687,154344,clean_room,
32160,42687,154368,dressing_room,
32161,42687,154368,museum/indoor,
32162,42687,154368,clothing_store,
32163,42687,154368,locker_room,
32164,42687,154368,archive,
32165,42687,154392,archive,
32166,42687,154392,museum/indoor,
32167,42687,154392,boxing_ring,
32168,42687,154392,dressing_room,
32169,42687,154392,stage/indoor,
32170,42687,154416,archive,
32171,42687,154416,museum/indoor,
32172,42687,154416,bookstore,
32173,42687,154416,dressing_room,
32174,42687,154416,boxing_ring,
32175,42687,154440,museum/indoor,
32176,42687,154440,archive,
32177,42687,154440,gift_shop,
32178,42687,154440,dressing_room,
32179,42687,154440,toyshop,
32180,42687,154464,dressing_room,
32181,42687,154464,museum/indoor,
32182,42687,154464,archive,
32183,42687,154464,gift_shop,
32184,42687,154464,clothing_store,
32185,42687,154488,museum/indoor,
32186,42687,154488,archive,
32187,42687,154488,dressing_room,
32188,42687,154488,clean_room,
32189,42687,154488,bookstore,
32190,42687,154512,museum/indoor,
32191,42687,154512,archive,
32192,42687,154512,dressing_room,
32193,42687,154512,bookstore,
32194,42687,154512,boxing_ring,
32195,42687,154536,museum/indoor,
32196,42687,154536,dressing_room,
32197,42687,154536,stage/indoor,
32198,42687,154536,archive,
32199,42687,154536,boxing_ring,
32200,42687,154560,museum/indoor,
32201,42687,154560,dressing_room,
32202,42687,154560,archive,
32203,42687,154560,gift_shop,
32204,42687,154560,chemistry_lab,
32205,42687,154584,museum/indoor,
32206,42687,154584,archive,
32207,42687,154584,dressing_room,
32208,42687,154584,clean_room,
32209,42687,154584,toyshop,
32210,42687,154608,museum/indoor,
32211,42687,154608,dressing_room,
32212,42687,154608,archive,
32213,42687,154608,gift_shop,
32214,42687,154608,toyshop,
32215,42687,154632,dressing_room,
32216,42687,154632,museum/indoor,
32217,42687,154632,clothing_store,
32218,42687,154632,clean_room,
32219,42687,154632,locker_room,
32220,42687,154656,dressing_room,
32221,42687,154656,museum/indoor,
32222,42687,154656,clean_room,
32223,42687,154656,clothing_store,
32224,42687,154656,locker_room,
32225,42687,154680,clean_room,
32226,42687,154680,dressing_room,
32227,42687,154680,museum/indoor,
32228,42687,154680,operating_room,
32229,42687,154680,locker_room,
32230,42687,154704,clean_room,
32231,42687,154704,dressing_room,
32232,42687,154704,clothing_store,
32233,42687,154704,museum/indoor,
32234,42687,154704,archive,
32235,42687,154728,clean_room,
32236,42687,154728,museum/indoor,
32237,42687,154728,dressing_room,
32238,42687,154728,clothing_store,
32239,42687,154728,art_gallery,
32240,42687,154752,clean_room,
32241,42687,154752,dressing_room,
32242,42687,154752,museum/indoor,
32243,42687,154752,operating_room,
32244,42687,154752,clothing_store,
32245,42687,154776,clean_room,
32246,42687,154776,dressing_room,
32247,42687,154776,operating_room,
32248,42687,154776,hospital_room,
32249,42687,154776,clothing_store,
32250,42687,154800,clean_room,
32251,42687,154800,operating_room,
32252,42687,154800,museum/indoor,
32253,42687,154800,dressing_room,
32254,42687,154800,hospital_room,
32255,42687,154824,clean_room,
32256,42687,154824,operating_room,
32257,42687,154824,dressing_room,
32258,42687,154824,museum/indoor,
32259,42687,154824,hospital_room,
32260,42687,154848,clean_room,
32261,42687,154848,pharmacy,
32262,42687,154848,drugstore,
32263,42687,154848,archive,
32264,42687,154848,operating_room,
32265,42687,154872,clean_room,
32266,42687,154872,pharmacy,
32267,42687,154872,archive,
32268,42687,154872,drugstore,
32269,42687,154872,supermarket,
32270,42687,154896,clean_room,
32271,42687,154896,pharmacy,
32272,42687,154896,drugstore,
32273,42687,154896,archive,
32274,42687,154896,supermarket,
32275,42687,154920,clean_room,
32276,42687,154920,pharmacy,
32277,42687,154920,drugstore,
32278,42687,154920,archive,
32279,42687,154920,supermarket,
32280,42687,154944,clean_room,
32281,42687,154944,pharmacy,
32282,42687,154944,archive,
32283,42687,154944,drugstore,
32284,42687,154944,dressing_room,
32285,42687,154968,clean_room,
32286,42687,154968,pharmacy,
32287,42687,154968,archive,
32288,42687,154968,drugstore,
32289,42687,154968,beauty_salon,
32290,42687,154992,clean_room,
32291,42687,154992,pharmacy,
32292,42687,154992,drugstore,
32293,42687,154992,archive,
32294,42687,154992,department_store,
32295,42687,155016,clean_room,
32296,42687,155016,pharmacy,
32297,42687,155016,drugstore,
32298,42687,155016,archive,
32299,42687,155016,department_store,
32300,42687,155040,clean_room,
32301,42687,155040,archive,
32302,42687,155040,pharmacy,
32303,42687,155040,dressing_room,
32304,42687,155040,supermarket,
32305,42687,155064,pharmacy,
32306,42687,155064,drugstore,
32307,42687,155064,supermarket,
32308,42687,155064,bookstore,
32309,42687,155064,archive,
32310,42687,155088,clean_room,
32311,42687,155088,dressing_room,
32312,42687,155088,hospital_room,
32313,42687,155088,beauty_salon,
32314,42687,155088,nursing_home,
32315,42687,155112,clean_room,
32316,42687,155112,dressing_room,
32317,42687,155112,hospital_room,
32318,42687,155112,operating_room,
32319,42687,155112,nursing_home,
32320,42687,155136,dressing_room,
32321,42687,155136,beauty_salon,
32322,42687,155136,clean_room,
32323,42687,155136,discotheque,
32324,42687,155136,hospital_room,
32325,42687,155160,clean_room,
32326,42687,155160,dressing_room,
32327,42687,155160,beauty_salon,
32328,42687,155160,hospital_room,
32329,42687,155160,discotheque,
32330,42687,155184,dressing_room,
32331,42687,155184,clean_room,
32332,42687,155184,beauty_salon,
32333,42687,155184,discotheque,
32334,42687,155184,hospital_room,
32335,42687,155208,dressing_room,
32336,42687,155208,clean_room,
32337,42687,155208,beauty_salon,
32338,42687,155208,hospital_room,
32339,42687,155208,chemistry_lab,
32340,42687,155232,dressing_room,
32341,42687,155232,clean_room,
32342,42687,155232,beauty_salon,
32343,42687,155232,discotheque,
32344,42687,155232,clothing_store,
32345,42687,155256,dressing_room,
32346,42687,155256,clean_room,
32347,42687,155256,discotheque,
32348,42687,155256,beauty_salon,
32349,42687,155256,clothing_store,
32350,42687,155280,dressing_room,
32351,42687,155280,clean_room,
32352,42687,155280,beauty_salon,
32353,42687,155280,archive,
32354,42687,155280,discotheque,
32355,42687,155304,clean_room,
32356,42687,155304,dressing_room,
32357,42687,155304,hospital_room,
32358,42687,155304,beauty_salon,
32359,42687,155304,nursing_home,
32360,42687,155328,dressing_room,
32361,42687,155328,clean_room,
32362,42687,155328,beauty_salon,
32363,42687,155328,hospital_room,
32364,42687,155328,nursing_home,
32365,42687,155352,clean_room,
32366,42687,155352,dressing_room,
32367,42687,155352,hospital_room,
32368,42687,155352,beauty_salon,
32369,42687,155352,operating_room,
32370,42687,155376,clean_room,
32371,42687,155376,dressing_room,
32372,42687,155376,beauty_salon,
32373,42687,155376,hospital_room,
32374,42687,155376,pharmacy,
32375,42687,155400,dressing_room,
32376,42687,155400,clean_room,
32377,42687,155400,beauty_salon,
32378,42687,155400,discotheque,
32379,42687,155400,chemistry_lab,
32380,42687,155424,dressing_room,
32381,42687,155424,clean_room,
32382,42687,155424,beauty_salon,
32383,42687,155424,hospital_room,
32384,42687,155424,nursing_home,
32385,42687,155448,clean_room,
32386,42687,155448,dressing_room,
32387,42687,155448,clothing_store,
32388,42687,155448,locker_room,
32389,42687,155448,hospital_room,
32390,42687,155472,clean_room,
32391,42687,155472,dressing_room,
32392,42687,155472,clothing_store,
32393,42687,155472,hospital_room,
32394,42687,155472,operating_room,
32395,42687,155496,clean_room,
32396,42687,155496,dressing_room,
32397,42687,155496,clothing_store,
32398,42687,155496,nursery,
32399,42687,155496,archive,
32400,42687,155520,clean_room,
32401,42687,155520,dressing_room,
32402,42687,155520,archive,
32403,42687,155520,clothing_store,
32404,42687,155520,beauty_salon,
32405,42687,155544,clean_room,
32406,42687,155544,dressing_room,
32407,42687,155544,archive,
32408,42687,155544,clothing_store,
32409,42687,155544,pharmacy,
32410,42687,155568,clean_room,
32411,42687,155568,dressing_room,
32412,42687,155568,archive,
32413,42687,155568,clothing_store,
32414,42687,155568,pharmacy,
32415,42687,155592,clean_room,
32416,42687,155592,dressing_room,
32417,42687,155592,clothing_store,
32418,42687,155592,archive,
32419,42687,155592,hospital_room,
32420,42687,155616,clean_room,
32421,42687,155616,dressing_room,
32422,42687,155616,clothing_store,
32423,42687,155616,archive,
32424,42687,155616,beauty_salon,
32425,42687,155640,clean_room,
32426,42687,155640,dressing_room,
32427,42687,155640,clothing_store,
32428,42687,155640,archive,
32429,42687,155640,pharmacy,
32430,42687,155664,clean_room,
32431,42687,155664,dressing_room,
32432,42687,155664,clothing_store,
32433,42687,155664,archive,
32434,42687,155664,beauty_salon,
32435,42687,155688,clean_room,
32436,42687,155688,dressing_room,
32437,42687,155688,clothing_store,
32438,42687,155688,archive,
32439,42687,155688,hospital_room,
32440,42687,155712,clean_room,
32441,42687,155712,dressing_room,
32442,42687,155712,clothing_store,
32443,42687,155712,hospital_room,
32444,42687,155712,beauty_salon,
32445,42687,155736,clean_room,
32446,42687,155736,dressing_room,
32447,42687,155736,clothing_store,
32448,42687,155736,hospital_room,
32449,42687,155736,archive,
32450,42687,155760,clean_room,
32451,42687,155760,dressing_room,
32452,42687,155760,clothing_store,
32453,42687,155760,archive,
32454,42687,155760,hospital_room,
32455,42687,155784,clean_room,
32456,42687,155784,dressing_room,
32457,42687,155784,clothing_store,
32458,42687,155784,archive,
32459,42687,155784,hospital_room,
32460,42687,155808,dressing_room,
32461,42687,155808,clean_room,
32462,42687,155808,clothing_store,
32463,42687,155808,archive,
32464,42687,155808,beauty_salon,
32465,42687,155832,clean_room,
32466,42687,155832,dressing_room,
32467,42687,155832,clothing_store,
32468,42687,155832,locker_room,
32469,42687,155832,operating_room,
32470,42687,155856,clean_room,
32471,42687,155856,dressing_room,
32472,42687,155856,locker_room,
32473,42687,155856,clothing_store,
32474,42687,155856,operating_room,
32475,42687,155880,clean_room,
32476,42687,155880,dressing_room,
32477,42687,155880,operating_room,
32478,42687,155880,hospital_room,
32479,42687,155880,beauty_salon,
32480,42687,155904,clean_room,
32481,42687,155904,dressing_room,
32482,42687,155904,operating_room,
32483,42687,155904,hospital_room,
32484,42687,155904,clothing_store,
32485,42687,155928,clean_room,
32486,42687,155928,dressing_room,
32487,42687,155928,operating_room,
32488,42687,155928,hospital_room,
32489,42687,155928,clothing_store,
32490,42687,155952,clean_room,
32491,42687,155952,dressing_room,
32492,42687,155952,clothing_store,
32493,42687,155952,locker_room,
32494,42687,155952,hospital_room,
32495,42687,155976,clean_room,
32496,42687,155976,dressing_room,
32497,42687,155976,clothing_store,
32498,42687,155976,locker_room,
32499,42687,155976,closet,
32500,42687,156000,dressing_room,
32501,42687,156000,clean_room,
32502,42687,156000,discotheque,
32503,42687,156000,hospital_room,
32504,42687,156000,chemistry_lab,
32505,42687,156024,clean_room,
32506,42687,156024,dressing_room,
32507,42687,156024,museum/indoor,
32508,42687,156024,discotheque,
32509,42687,156024,hospital_room,
32510,42687,156048,clean_room,
32511,42687,156048,museum/indoor,
32512,42687,156048,dressing_room,
32513,42687,156048,hospital_room,
32514,42687,156048,discotheque,
32515,42687,156072,clean_room,
32516,42687,156072,museum/indoor,
32517,42687,156072,dressing_room,
32518,42687,156072,hospital_room,
32519,42687,156072,discotheque,
32520,42687,156096,clean_room,
32521,42687,156096,museum/indoor,
32522,42687,156096,dressing_room,
32523,42687,156096,discotheque,
32524,42687,156096,hospital_room,
32525,42687,156120,clean_room,
32526,42687,156120,museum/indoor,
32527,42687,156120,dressing_room,
32528,42687,156120,hospital_room,
32529,42687,156120,discotheque,
32530,42687,156144,clean_room,
32531,42687,156144,dressing_room,
32532,42687,156144,museum/indoor,
32533,42687,156144,discotheque,
32534,42687,156144,hospital_room,
32535,42687,156168,dressing_room,
32536,42687,156168,discotheque,
32537,42687,156168,stage/indoor,
32538,42687,156168,museum/indoor,
32539,42687,156168,nursery,
32540,42687,156192,discotheque,
32541,42687,156192,dressing_room,
32542,42687,156192,stage/indoor,
32543,42687,156192,ballroom,
32544,42687,156192,nursery,
32545,42687,156216,dressing_room,
32546,42687,156216,discotheque,
32547,42687,156216,stage/indoor,
32548,42687,156216,ballroom,
32549,42687,156216,nursery,
32550,42687,156240,dressing_room,
32551,42687,156240,discotheque,
32552,42687,156240,stage/indoor,
32553,42687,156240,museum/indoor,
32554,42687,156240,ballroom,
32555,42687,156264,dressing_room,
32556,42687,156264,discotheque,
32557,42687,156264,museum/indoor,
32558,42687,156264,stage/indoor,
32559,42687,156264,ballroom,
32560,42687,156288,dressing_room,
32561,42687,156288,discotheque,
32562,42687,156288,stage/indoor,
32563,42687,156288,ballroom,
32564,42687,156288,museum/indoor,
32565,42687,156312,dressing_room,
32566,42687,156312,discotheque,
32567,42687,156312,stage/indoor,
32568,42687,156312,ballroom,
32569,42687,156312,museum/indoor,
32570,42687,156336,dressing_room,
32571,42687,156336,discotheque,
32572,42687,156336,stage/indoor,
32573,42687,156336,nursery,
32574,42687,156336,ballroom,
32575,42687,156360,dressing_room,
32576,42687,156360,discotheque,
32577,42687,156360,stage/indoor,
32578,42687,156360,ballroom,
32579,42687,156360,nursery,
32580,42687,156384,museum/indoor,
32581,42687,156384,archive,
32582,42687,156384,reception,
32583,42687,156384,office,
32584,42687,156384,classroom,
32585,42687,156408,reception,
32586,42687,156408,museum/indoor,
32587,42687,156408,discotheque,
32588,42687,156408,office,
32589,42687,156408,lobby,
32590,42687,156432,museum/indoor,
32591,42687,156432,reception,
32592,42687,156432,bar,
32593,42687,156432,archive,
32594,42687,156432,office,
32595,42687,156456,museum/indoor,
32596,42687,156456,reception,
32597,42687,156456,archive,
32598,42687,156456,classroom,
32599,42687,156456,bar,
32600,42687,156480,dressing_room,
32601,42687,156480,discotheque,
32602,42687,156480,stage/indoor,
32603,42687,156480,museum/indoor,
32604,42687,156480,nursery,
32605,42687,156504,dressing_room,
32606,42687,156504,discotheque,
32607,42687,156504,nursery,
32608,42687,156504,museum/indoor,
32609,42687,156504,stage/indoor,
32610,42687,156528,dressing_room,
32611,42687,156528,discotheque,
32612,42687,156528,stage/indoor,
32613,42687,156528,nursery,
32614,42687,156528,museum/indoor,
32615,42687,156552,dressing_room,
32616,42687,156552,discotheque,
32617,42687,156552,museum/indoor,
32618,42687,156552,stage/indoor,
32619,42687,156552,nursery,
32620,42687,156576,dressing_room,
32621,42687,156576,discotheque,
32622,42687,156576,stage/indoor,
32623,42687,156576,museum/indoor,
32624,42687,156576,nursery,
32625,42687,156600,dressing_room,
32626,42687,156600,discotheque,
32627,42687,156600,stage/indoor,
32628,42687,156600,museum/indoor,
32629,42687,156600,ballroom,
32630,42687,156624,dressing_room,
32631,42687,156624,clean_room,
32632,42687,156624,museum/indoor,
32633,42687,156624,discotheque,
32634,42687,156624,locker_room,
32635,42687,156648,clean_room,
32636,42687,156648,dressing_room,
32637,42687,156648,museum/indoor,
32638,42687,156648,discotheque,
32639,42687,156648,nursery,
32640,42687,156672,dressing_room,
32641,42687,156672,clean_room,
32642,42687,156672,museum/indoor,
32643,42687,156672,discotheque,
32644,42687,156672,hospital_room,
32645,42687,156696,dressing_room,
32646,42687,156696,clean_room,
32647,42687,156696,museum/indoor,
32648,42687,156696,discotheque,
32649,42687,156696,hospital_room,
32650,42687,156720,dressing_room,
32651,42687,156720,clean_room,
32652,42687,156720,museum/indoor,
32653,42687,156720,discotheque,
32654,42687,156720,hospital_room,
32655,42687,156744,dressing_room,
32656,42687,156744,clean_room,
32657,42687,156744,museum/indoor,
32658,42687,156744,discotheque,
32659,42687,156744,hospital_room,
32660,42687,156768,clean_room,
32661,42687,156768,dressing_room,
32662,42687,156768,museum/indoor,
32663,42687,156768,hospital_room,
32664,42687,156768,discotheque,
32665,42687,156792,dressing_room,
32666,42687,156792,clean_room,
32667,42687,156792,museum/indoor,
32668,42687,156792,discotheque,
32669,42687,156792,hospital_room,
32670,42687,156816,dressing_room,
32671,42687,156816,clean_room,
32672,42687,156816,museum/indoor,
32673,42687,156816,discotheque,
32674,42687,156816,hospital_room,
32675,42687,156840,dressing_room,
32676,42687,156840,clean_room,
32677,42687,156840,museum/indoor,
32678,42687,156840,discotheque,
32679,42687,156840,nursery,
32680,42687,156864,dressing_room,
32681,42687,156864,clean_room,
32682,42687,156864,museum/indoor,
32683,42687,156864,discotheque,
32684,42687,156864,nursery,
32685,42687,156888,dressing_room,
32686,42687,156888,museum/indoor,
32687,42687,156888,clean_room,
32688,42687,156888,discotheque,
32689,42687,156888,art_gallery,
32690,42687,156912,clean_room,
32691,42687,156912,dressing_room,
32692,42687,156912,museum/indoor,
32693,42687,156912,hospital_room,
32694,42687,156912,art_gallery,
32695,42687,156936,dressing_room,
32696,42687,156936,clean_room,
32697,42687,156936,museum/indoor,
32698,42687,156936,discotheque,
32699,42687,156936,art_gallery,
32700,42687,156960,museum/indoor,
32701,42687,156960,bar,
32702,42687,156960,discotheque,
32703,42687,156960,reception,
32704,42687,156960,office,
32705,42687,156984,discotheque,
32706,42687,156984,bar,
32707,42687,156984,reception,
32708,42687,156984,museum/indoor,
32709,42687,156984,classroom,
32710,42687,157008,discotheque,
32711,42687,157008,stage/indoor,
32712,42687,157008,museum/indoor,
32713,42687,157008,bar,
32714,42687,157008,ballroom,
32715,42687,157032,dressing_room,
32716,42687,157032,discotheque,
32717,42687,157032,clean_room,
32718,42687,157032,museum/indoor,
32719,42687,157032,nursery,
32720,42687,157056,clean_room,
32721,42687,157056,dressing_room,
32722,42687,157056,discotheque,
32723,42687,157056,martial_arts_gym,
32724,42687,157056,hospital_room,
32725,42687,157080,dressing_room,
32726,42687,157080,discotheque,
32727,42687,157080,museum/indoor,
32728,42687,157080,ballroom,
32729,42687,157080,stage/indoor,
32730,42687,157104,dressing_room,
32731,42687,157104,discotheque,
32732,42687,157104,museum/indoor,
32733,42687,157104,beauty_salon,
32734,42687,157104,classroom,
32735,42687,157128,dressing_room,
32736,42687,157128,discotheque,
32737,42687,157128,museum/indoor,
32738,42687,157128,beauty_salon,
32739,42687,157128,classroom,
32740,42687,157152,dressing_room,
32741,42687,157152,discotheque,
32742,42687,157152,museum/indoor,
32743,42687,157152,beauty_salon,
32744,42687,157152,classroom,
32745,42687,157176,dressing_room,
32746,42687,157176,discotheque,
32747,42687,157176,beauty_salon,
32748,42687,157176,martial_arts_gym,
32749,42687,157176,ballroom,
32750,42687,157200,dressing_room,
32751,42687,157200,discotheque,
32752,42687,157200,beauty_salon,
32753,42687,157200,martial_arts_gym,
32754,42687,157200,ballroom,
32755,42687,157224,dressing_room,
32756,42687,157224,discotheque,
32757,42687,157224,martial_arts_gym,
32758,42687,157224,nursery,
32759,42687,157224,museum/indoor,
32760,42687,157248,dressing_room,
32761,42687,157248,discotheque,
32762,42687,157248,martial_arts_gym,
32763,42687,157248,nursery,
32764,42687,157248,museum/indoor,
32765,42687,157272,dressing_room,
32766,42687,157272,discotheque,
32767,42687,157272,martial_arts_gym,
32768,42687,157272,nursery,
32769,42687,157272,locker_room,
32770,42687,157296,dressing_room,
32771,42687,157296,discotheque,
32772,42687,157296,martial_arts_gym,
32773,42687,157296,nursery,
32774,42687,157296,locker_room,
32775,42687,157320,dressing_room,
32776,42687,157320,discotheque,
32777,42687,157320,martial_arts_gym,
32778,42687,157320,nursery,
32779,42687,157320,locker_room,
32780,42687,157344,dressing_room,
32781,42687,157344,discotheque,
32782,42687,157344,museum/indoor,
32783,42687,157344,martial_arts_gym,
32784,42687,157344,locker_room,
32785,42687,157368,dressing_room,
32786,42687,157368,discotheque,
32787,42687,157368,museum/indoor,
32788,42687,157368,martial_arts_gym,
32789,42687,157368,nursery,
32790,42687,157392,dressing_room,
32791,42687,157392,discotheque,
32792,42687,157392,locker_room,
32793,42687,157392,martial_arts_gym,
32794,42687,157392,museum/indoor,
32795,42687,157416,dressing_room,
32796,42687,157416,discotheque,
32797,42687,157416,locker_room,
32798,42687,157416,martial_arts_gym,
32799,42687,157416,ballroom,
32800,42687,157440,dressing_room,
32801,42687,157440,discotheque,
32802,42687,157440,locker_room,
32803,42687,157440,museum/indoor,
32804,42687,157440,martial_arts_gym,
32805,42687,157464,dressing_room,
32806,42687,157464,discotheque,
32807,42687,157464,museum/indoor,
32808,42687,157464,nursery,
32809,42687,157464,locker_room,
32810,42687,157488,bar,
32811,42687,157488,discotheque,
32812,42687,157488,stage/indoor,
32813,42687,157488,dressing_room,
32814,42687,157488,archive,
32815,42687,157512,bar,
32816,42687,157512,discotheque,
32817,42687,157512,candy_store,
32818,42687,157512,wet_bar,
32819,42687,157512,dressing_room,
32820,42687,157536,bar,
32821,42687,157536,discotheque,
32822,42687,157536,dressing_room,
32823,42687,157536,stage/indoor,
32824,42687,157536,wet_bar,
32825,42687,157560,stage/indoor,
32826,42687,157560,discotheque,
32827,42687,157560,bar,
32828,42687,157560,dressing_room,
32829,42687,157560,candy_store,
32830,42687,157584,discotheque,
32831,42687,157584,bar,
32832,42687,157584,stage/indoor,
32833,42687,157584,dressing_room,
32834,42687,157584,candy_store,
32835,42687,157608,discotheque,
32836,42687,157608,bar,
32837,42687,157608,dressing_room,
32838,42687,157608,stage/indoor,
32839,42687,157608,candy_store,
32840,42687,157632,dressing_room,
32841,42687,157632,discotheque,
32842,42687,157632,nursery,
32843,42687,157632,clean_room,
32844,42687,157632,ballroom,
32845,42687,157656,dressing_room,
32846,42687,157656,discotheque,
32847,42687,157656,museum/indoor,
32848,42687,157656,beauty_salon,
32849,42687,157656,ballroom,
32850,42687,157680,dressing_room,
32851,42687,157680,discotheque,
32852,42687,157680,museum/indoor,
32853,42687,157680,beauty_salon,
32854,42687,157680,ballroom,
32855,42687,157704,dressing_room,
32856,42687,157704,discotheque,
32857,42687,157704,museum/indoor,
32858,42687,157704,ballroom,
32859,42687,157704,beauty_salon,
32860,42687,157728,dressing_room,
32861,42687,157728,discotheque,
32862,42687,157728,museum/indoor,
32863,42687,157728,ballroom,
32864,42687,157728,nursery,
32865,42687,157752,dressing_room,
32866,42687,157752,discotheque,
32867,42687,157752,museum/indoor,
32868,42687,157752,ballroom,
32869,42687,157752,nursery,
32870,42687,157776,dressing_room,
32871,42687,157776,discotheque,
32872,42687,157776,museum/indoor,
32873,42687,157776,nursery,
32874,42687,157776,ballroom,
32875,42687,157800,dressing_room,
32876,42687,157800,discotheque,
32877,42687,157800,museum/indoor,
32878,42687,157800,locker_room,
32879,42687,157800,ballroom,
32880,42687,157824,dressing_room,
32881,42687,157824,discotheque,
32882,42687,157824,museum/indoor,
32883,42687,157824,locker_room,
32884,42687,157824,beauty_salon,
32885,42687,157848,dressing_room,
32886,42687,157848,discotheque,
32887,42687,157848,museum/indoor,
32888,42687,157848,nursery,
32889,42687,157848,locker_room,
32890,42687,157872,dressing_room,
32891,42687,157872,discotheque,
32892,42687,157872,museum/indoor,
32893,42687,157872,nursery,
32894,42687,157872,locker_room,
32895,42687,157896,dressing_room,
32896,42687,157896,discotheque,
32897,42687,157896,museum/indoor,
32898,42687,157896,locker_room,
32899,42687,157896,nursery,
32900,42687,157920,dressing_room,
32901,42687,157920,discotheque,
32902,42687,157920,museum/indoor,
32903,42687,157920,locker_room,
32904,42687,157920,sauna,
32905,42687,157944,dressing_room,
32906,42687,157944,discotheque,
32907,42687,157944,museum/indoor,
32908,42687,157944,locker_room,
32909,42687,157944,sauna,
32910,42687,157968,dressing_room,
32911,42687,157968,discotheque,
32912,42687,157968,nursery,
32913,42687,157968,museum/indoor,
32914,42687,157968,stage/indoor,
32915,42687,157992,dressing_room,
32916,42687,157992,shower,
32917,42687,157992,discotheque,
32918,42687,157992,sauna,
32919,42687,157992,bathroom,
32920,42687,158016,dressing_room,
32921,42687,158016,discotheque,
32922,42687,158016,nursery,
32923,42687,158016,living_room,
32924,42687,158016,bar,
32925,42687,158040,dressing_room,
32926,42687,158040,discotheque,
32927,42687,158040,shower,
32928,42687,158040,bathroom,
32929,42687,158040,ballroom,
32930,42687,158064,dressing_room,
32931,42687,158064,discotheque,
32932,42687,158064,ballroom,
32933,42687,158064,bar,
32934,42687,158064,nursery,
32935,42687,158088,dressing_room,
32936,42687,158088,discotheque,
32937,42687,158088,ballroom,
32938,42687,158088,bar,
32939,42687,158088,shower,
32940,42687,158112,discotheque,
32941,42687,158112,dressing_room,
32942,42687,158112,nursery,
32943,42687,158112,museum/indoor,
32944,42687,158112,stage/indoor,
32945,42687,158136,discotheque,
32946,42687,158136,dressing_room,
32947,42687,158136,nursery,
32948,42687,158136,stage/indoor,
32949,42687,158136,martial_arts_gym,
32950,42687,158160,discotheque,
32951,42687,158160,dressing_room,
32952,42687,158160,nursery,
32953,42687,158160,stage/indoor,
32954,42687,158160,museum/indoor,
32955,42687,158184,dressing_room,
32956,42687,158184,discotheque,
32957,42687,158184,nursery,
32958,42687,158184,stage/indoor,
32959,42687,158184,martial_arts_gym,
32960,42687,158208,dressing_room,
32961,42687,158208,discotheque,
32962,42687,158208,ballroom,
32963,42687,158208,nursery,
32964,42687,158208,clean_room,
32965,42687,158232,dressing_room,
32966,42687,158232,discotheque,
32967,42687,158232,nursery,
32968,42687,158232,ballroom,
32969,42687,158232,martial_arts_gym,
32970,42687,158256,dressing_room,
32971,42687,158256,discotheque,
32972,42687,158256,nursery,
32973,42687,158256,martial_arts_gym,
32974,42687,158256,ballroom,
32975,42687,158280,dressing_room,
32976,42687,158280,discotheque,
32977,42687,158280,nursery,
32978,42687,158280,martial_arts_gym,
32979,42687,158280,ballroom,
32980,42687,158304,dressing_room,
32981,42687,158304,discotheque,
32982,42687,158304,nursery,
32983,42687,158304,ballroom,
32984,42687,158304,martial_arts_gym,
32985,42687,158328,dressing_room,
32986,42687,158328,discotheque,
32987,42687,158328,nursery,
32988,42687,158328,ballroom,
32989,42687,158328,martial_arts_gym,
32990,42687,158352,dressing_room,
32991,42687,158352,discotheque,
32992,42687,158352,ballroom,
32993,42687,158352,nursery,
32994,42687,158352,stage/indoor,
32995,42687,158376,dressing_room,
32996,42687,158376,discotheque,
32997,42687,158376,nursery,
32998,42687,158376,martial_arts_gym,
32999,42687,158376,ballroom,
33000,42687,158400,dressing_room,
33001,42687,158400,discotheque,
33002,42687,158400,shower,
33003,42687,158400,nursery,
33004,42687,158400,museum/indoor,
33005,42687,158424,dressing_room,
33006,42687,158424,discotheque,
33007,42687,158424,bar,
33008,42687,158424,beauty_salon,
33009,42687,158424,museum/indoor,
33010,42687,158448,dressing_room,
33011,42687,158448,discotheque,
33012,42687,158448,beauty_salon,
33013,42687,158448,bar,
33014,42687,158448,ballroom,
33015,42687,158472,dressing_room,
33016,42687,158472,discotheque,
33017,42687,158472,museum/indoor,
33018,42687,158472,beauty_salon,
33019,42687,158472,bar,
33020,42687,158496,dressing_room,
33021,42687,158496,discotheque,
33022,42687,158496,museum/indoor,
33023,42687,158496,nursery,
33024,42687,158496,kindergarden_classroom,
33025,42687,158520,dressing_room,
33026,42687,158520,discotheque,
33027,42687,158520,museum/indoor,
33028,42687,158520,nursery,
33029,42687,158520,art_gallery,
33030,42687,158544,dressing_room,
33031,42687,158544,discotheque,
33032,42687,158544,museum/indoor,
33033,42687,158544,nursing_home,
33034,42687,158544,clean_room,
33035,42687,158568,dressing_room,
33036,42687,158568,museum/indoor,
33037,42687,158568,discotheque,
33038,42687,158568,nursing_home,
33039,42687,158568,nursery,
33040,42687,158592,dressing_room,
33041,42687,158592,nursing_home,
33042,42687,158592,discotheque,
33043,42687,158592,beauty_salon,
33044,42687,158592,museum/indoor,
33045,42687,158616,dressing_room,
33046,42687,158616,discotheque,
33047,42687,158616,bar,
33048,42687,158616,museum/indoor,
33049,42687,158616,ballroom,
33050,42687,158640,dressing_room,
33051,42687,158640,discotheque,
33052,42687,158640,beauty_salon,
33053,42687,158640,nursing_home,
33054,42687,158640,bar,
33055,42687,158664,dressing_room,
33056,42687,158664,discotheque,
33057,42687,158664,nursing_home,
33058,42687,158664,beauty_salon,
33059,42687,158664,bar,
33060,42687,158688,dressing_room,
33061,42687,158688,discotheque,
33062,42687,158688,beauty_salon,
33063,42687,158688,bar,
33064,42687,158688,pub/indoor,
33065,42687,158712,dressing_room,
33066,42687,158712,discotheque,
33067,42687,158712,beauty_salon,
33068,42687,158712,bar,
33069,42687,158712,museum/indoor,
33070,42687,158736,dressing_room,
33071,42687,158736,discotheque,
33072,42687,158736,beauty_salon,
33073,42687,158736,bar,
33074,42687,158736,museum/indoor,
33075,42687,158760,dressing_room,
33076,42687,158760,discotheque,
33077,42687,158760,beauty_salon,
33078,42687,158760,museum/indoor,
33079,42687,158760,bar,
33080,42687,158784,museum/indoor,
33081,42687,158784,art_gallery,
33082,42687,158784,archive,
33083,42687,158784,art_studio,
33084,42687,158784,bar,
33085,42687,158808,museum/indoor,
33086,42687,158808,art_gallery,
33087,42687,158808,bar,
33088,42687,158808,archive,
33089,42687,158808,art_studio,
33090,42687,158832,museum/indoor,
33091,42687,158832,art_gallery,
33092,42687,158832,archive,
33093,42687,158832,nursery,
33094,42687,158832,art_studio,
33095,42687,158856,dressing_room,
33096,42687,158856,shower,
33097,42687,158856,museum/indoor,
33098,42687,158856,clothing_store,
33099,42687,158856,hospital_room,
33100,42687,158880,dressing_room,
33101,42687,158880,shower,
33102,42687,158880,museum/indoor,
33103,42687,158880,clothing_store,
33104,42687,158880,nursery,
33105,42687,158904,museum/indoor,
33106,42687,158904,shower,
33107,42687,158904,dressing_room,
33108,42687,158904,nursery,
33109,42687,158904,bow_window/indoor,
33110,42687,158928,bar,
33111,42687,158928,chemistry_lab,
33112,42687,158928,pub/indoor,
33113,42687,158928,lobby,
33114,42687,158928,wet_bar,
33115,42687,158952,bar,
33116,42687,158952,chemistry_lab,
33117,42687,158952,restaurant,
33118,42687,158952,pub/indoor,
33119,42687,158952,beer_hall,
33120,42687,158976,bar,
33121,42687,158976,chemistry_lab,
33122,42687,158976,restaurant,
33123,42687,158976,coffee_shop,
33124,42687,158976,beer_hall,
33125,42687,159000,bar,
33126,42687,159000,chemistry_lab,
33127,42687,159000,museum/indoor,
33128,42687,159000,pub/indoor,
33129,42687,159000,lobby,
33130,42687,159024,bar,
33131,42687,159024,chemistry_lab,
33132,42687,159024,restaurant,
33133,42687,159024,pub/indoor,
33134,42687,159024,beer_hall,
33135,42687,159048,dressing_room,
33136,42687,159048,museum/indoor,
33137,42687,159048,shower,
33138,42687,159048,clothing_store,
33139,42687,159048,gift_shop,
33140,42687,159072,dressing_room,
33141,42687,159072,shower,
33142,42687,159072,museum/indoor,
33143,42687,159072,clothing_store,
33144,42687,159072,gift_shop,
33145,42687,159096,dressing_room,
33146,42687,159096,shower,
33147,42687,159096,museum/indoor,
33148,42687,159096,clothing_store,
33149,42687,159096,gift_shop,
33150,42687,159120,dressing_room,
33151,42687,159120,museum/indoor,
33152,42687,159120,shower,
33153,42687,159120,clothing_store,
33154,42687,159120,gift_shop,
33155,42687,159144,dressing_room,
33156,42687,159144,clean_room,
33157,42687,159144,discotheque,
33158,42687,159144,shower,
33159,42687,159144,hospital_room,
33160,42687,159168,discotheque,
33161,42687,159168,bar,
33162,42687,159168,dressing_room,
33163,42687,159168,skyscraper,
33164,42687,159168,shower,
33165,42687,159192,discotheque,
33166,42687,159192,dressing_room,
33167,42687,159192,nursery,
33168,42687,159192,clean_room,
33169,42687,159192,ballroom,
33170,42687,159216,discotheque,
33171,42687,159216,martial_arts_gym,
33172,42687,159216,hospital_room,
33173,42687,159216,nursery,
33174,42687,159216,dressing_room,
33175,42687,159240,dressing_room,
33176,42687,159240,discotheque,
33177,42687,159240,museum/indoor,
33178,42687,159240,church/indoor,
33179,42687,159240,stage/indoor,
33180,42687,159264,dressing_room,
33181,42687,159264,discotheque,
33182,42687,159264,stage/indoor,
33183,42687,159264,ballroom,
33184,42687,159264,church/indoor,
33185,42687,159288,discotheque,
33186,42687,159288,dressing_room,
33187,42687,159288,hospital_room,
33188,42687,159288,ballroom,
33189,42687,159288,clean_room,
33190,42687,159312,dressing_room,
33191,42687,159312,clean_room,
33192,42687,159312,discotheque,
33193,42687,159312,church/indoor,
33194,42687,159312,museum/indoor,
33195,42687,159336,clean_room,
33196,42687,159336,bow_window/indoor,
33197,42687,159336,dressing_room,
33198,42687,159336,church/indoor,
33199,42687,159336,museum/indoor,
33200,42687,159360,dressing_room,
33201,42687,159360,discotheque,
33202,42687,159360,clean_room,
33203,42687,159360,nursery,
33204,42687,159360,church/indoor,
33205,42687,159384,stage/indoor,
33206,42687,159384,discotheque,
33207,42687,159384,bar,
33208,42687,159384,archive,
33209,42687,159384,dressing_room,
33210,42687,159408,discotheque,
33211,42687,159408,stage/indoor,
33212,42687,159408,bar,
33213,42687,159408,dressing_room,
33214,42687,159408,ballroom,
33215,42687,159432,stage/indoor,
33216,42687,159432,discotheque,
33217,42687,159432,bar,
33218,42687,159432,archive,
33219,42687,159432,banquet_hall,
33220,42687,159456,museum/indoor,
33221,42687,159456,reception,
33222,42687,159456,bar,
33223,42687,159456,office,
33224,42687,159456,archive,
33225,42687,159480,bar,
33226,42687,159480,reception,
33227,42687,159480,conference_center,
33228,42687,159480,museum/indoor,
33229,42687,159480,office,
33230,42687,159504,bar,
33231,42687,159504,discotheque,
33232,42687,159504,ballroom,
33233,42687,159504,reception,
33234,42687,159504,museum/indoor,
33235,42687,159528,bar,
33236,42687,159528,museum/indoor,
33237,42687,159528,ballroom,
33238,42687,159528,discotheque,
33239,42687,159528,reception,
33240,42687,159552,dressing_room,
33241,42687,159552,discotheque,
33242,42687,159552,nursery,
33243,42687,159552,shower,
33244,42687,159552,museum/indoor,
33245,42687,159576,dressing_room,
33246,42687,159576,discotheque,
33247,42687,159576,nursery,
33248,42687,159576,stage/indoor,
33249,42687,159576,shower,
33250,42687,159600,dressing_room,
33251,42687,159600,discotheque,
33252,42687,159600,nursery,
33253,42687,159600,stage/indoor,
33254,42687,159600,museum/indoor,
33255,42687,159624,museum/indoor,
33256,42687,159624,reception,
33257,42687,159624,bar,
33258,42687,159624,conference_center,
33259,42687,159624,discotheque,
33260,42687,159648,discotheque,
33261,42687,159648,museum/indoor,
33262,42687,159648,stage/indoor,
33263,42687,159648,bow_window/indoor,
33264,42687,159648,conference_center,
33265,42687,159672,discotheque,
33266,42687,159672,conference_center,
33267,42687,159672,bar,
33268,42687,159672,reception,
33269,42687,159672,ballroom,
33270,42687,159696,dressing_room,
33271,42687,159696,museum/indoor,
33272,42687,159696,beauty_salon,
33273,42687,159696,nursery,
33274,42687,159696,discotheque,
33275,42687,159720,museum/indoor,
33276,42687,159720,dressing_room,
33277,42687,159720,beauty_salon,
33278,42687,159720,bar,
33279,42687,159720,discotheque,
33280,42687,159744,museum/indoor,
33281,42687,159744,art_gallery,
33282,42687,159744,science_museum,
33283,42687,159744,archive,
33284,42687,159744,nursery,
33285,42687,159768,museum/indoor,
33286,42687,159768,art_gallery,
33287,42687,159768,archive,
33288,42687,159768,dressing_room,
33289,42687,159768,discotheque,
33290,42687,159792,discotheque,
33291,42687,159792,dressing_room,
33292,42687,159792,bar,
33293,42687,159792,shower,
33294,42687,159792,beauty_salon,
33295,42687,159816,dressing_room,
33296,42687,159816,discotheque,
33297,42687,159816,shower,
33298,42687,159816,beauty_salon,
33299,42687,159816,bar,
33300,42687,159840,dressing_room,
33301,42687,159840,discotheque,
33302,42687,159840,bar,
33303,42687,159840,museum/indoor,
33304,42687,159840,beauty_salon,
33305,42687,159864,dressing_room,
33306,42687,159864,discotheque,
33307,42687,159864,beauty_salon,
33308,42687,159864,shower,
33309,42687,159864,museum/indoor,
33310,42687,159888,discotheque,
33311,42687,159888,dressing_room,
33312,42687,159888,bar,
33313,42687,159888,kindergarden_classroom,
33314,42687,159888,classroom,
33315,42687,159912,dressing_room,
33316,42687,159912,discotheque,
33317,42687,159912,museum/indoor,
33318,42687,159912,ballroom,
33319,42687,159912,clean_room,
33320,42687,159936,dressing_room,
33321,42687,159936,museum/indoor,
33322,42687,159936,nursery,
33323,42687,159936,bow_window/indoor,
33324,42687,159936,art_gallery,
33325,42687,159960,museum/indoor,
33326,42687,159960,dressing_room,
33327,42687,159960,art_gallery,
33328,42687,159960,nursery,
33329,42687,159960,bow_window/indoor,
33330,42687,159984,dressing_room,
33331,42687,159984,museum/indoor,
33332,42687,159984,art_gallery,
33333,42687,159984,bow_window/indoor,
33334,42687,159984,nursery,
33335,42687,160008,dressing_room,
33336,42687,160008,museum/indoor,
33337,42687,160008,art_gallery,
33338,42687,160008,nursery,
33339,42687,160008,discotheque,
33340,42687,160032,dressing_room,
33341,42687,160032,museum/indoor,
33342,42687,160032,art_gallery,
33343,42687,160032,nursery,
33344,42687,160032,discotheque,
33345,42687,160056,dressing_room,
33346,42687,160056,museum/indoor,
33347,42687,160056,art_gallery,
33348,42687,160056,nursery,
33349,42687,160056,archive,
33350,42687,160080,stage/indoor,
33351,42687,160080,discotheque,
33352,42687,160080,dressing_room,
33353,42687,160080,shower,
33354,42687,160080,museum/indoor,
33355,42687,160104,discotheque,
33356,42687,160104,museum/indoor,
33357,42687,160104,dressing_room,
33358,42687,160104,stage/indoor,
33359,42687,160104,art_gallery,
33360,42687,160128,discotheque,
33361,42687,160128,clean_room,
33362,42687,160128,elevator/door,
33363,42687,160128,shower,
33364,42687,160128,server_room,
33365,42687,160152,locker_room,
33366,42687,160152,martial_arts_gym,
33367,42687,160152,dressing_room,
33368,42687,160152,clean_room,
33369,42687,160152,beauty_salon,
33370,42687,160176,archive,
33371,42687,160176,clean_room,
33372,42687,160176,elevator/door,
33373,42687,160176,discotheque,
33374,42687,160176,shower,
33375,42687,160200,dressing_room,
33376,42687,160200,discotheque,
33377,42687,160200,stage/indoor,
33378,42687,160200,shower,
33379,42687,160200,sauna,
33380,42687,160224,shower,
33381,42687,160224,bow_window/indoor,
33382,42687,160224,bathroom,
33383,42687,160224,elevator/door,
33384,42687,160224,discotheque,
33385,42687,160248,coffee_shop,
33386,42687,160248,shoe_shop,
33387,42687,160248,classroom,
33388,42687,160248,server_room,
33389,42687,160248,bookstore,
33390,42687,160272,classroom,
33391,42687,160272,coffee_shop,
33392,42687,160272,lecture_room,
33393,42687,160272,shoe_shop,
33394,42687,160272,stage/indoor,
33395,42687,160296,shoe_shop,
33396,42687,160296,classroom,
33397,42687,160296,chemistry_lab,
33398,42687,160296,coffee_shop,
33399,42687,160296,stage/indoor,
33400,42687,160320,chemistry_lab,
33401,42687,160320,coffee_shop,
33402,42687,160320,beauty_salon,
33403,42687,160320,shoe_shop,
33404,42687,160320,bar,
33405,42687,160344,classroom,
33406,42687,160344,shoe_shop,
33407,42687,160344,laundromat,
33408,42687,160344,science_museum,
33409,42687,160344,bathroom,
33410,42687,160368,classroom,
33411,42687,160368,kindergarden_classroom,
33412,42687,160368,archive,
33413,42687,160368,nursery,
33414,42687,160368,chemistry_lab,
33415,42687,160392,classroom,
33416,42687,160392,lecture_room,
33417,42687,160392,kindergarden_classroom,
33418,42687,160392,nursery,
33419,42687,160392,museum/indoor,
33420,42687,160416,classroom,
33421,42687,160416,kindergarden_classroom,
33422,42687,160416,nursery,
33423,42687,160416,lecture_room,
33424,42687,160416,archive,
33425,42687,160440,museum/indoor,
33426,42687,160440,aquarium,
33427,42687,160440,shower,
33428,42687,160440,archive,
33429,42687,160440,art_gallery,
33430,42687,160464,shower,
33431,42687,160464,discotheque,
33432,42687,160464,clean_room,
33433,42687,160464,aquarium,
33434,42687,160464,locker_room,
33435,42687,160488,shower,
33436,42687,160488,museum/indoor,
33437,42687,160488,discotheque,
33438,42687,160488,bow_window/indoor,
33439,42687,160488,art_gallery,
33440,42687,160512,shower,
33441,42687,160512,museum/indoor,
33442,42687,160512,bow_window/indoor,
33443,42687,160512,art_gallery,
33444,42687,160512,nursery,
33445,42687,160536,shower,
33446,42687,160536,museum/indoor,
33447,42687,160536,bow_window/indoor,
33448,42687,160536,art_gallery,
33449,42687,160536,discotheque,
33450,42687,160560,shower,
33451,42687,160560,nursery,
33452,42687,160560,museum/indoor,
33453,42687,160560,courtyard,
33454,42687,160560,orchard,
33455,42687,160584,discotheque,
33456,42687,160584,classroom,
33457,42687,160584,lecture_room,
33458,42687,160584,office,
33459,42687,160584,television_studio,
33460,42687,160608,discotheque,
33461,42687,160608,television_studio,
33462,42687,160608,bar,
33463,42687,160608,boxing_ring,
33464,42687,160608,classroom,
33465,42687,160632,clean_room,
33466,42687,160632,discotheque,
33467,42687,160632,classroom,
33468,42687,160632,science_museum,
33469,42687,160632,chemistry_lab,
33470,42687,160656,classroom,
33471,42687,160656,discotheque,
33472,42687,160656,stage/indoor,
33473,42687,160656,museum/indoor,
33474,42687,160656,lecture_room,
33475,42687,160680,clean_room,
33476,42687,160680,nursery,
33477,42687,160680,chemistry_lab,
33478,42687,160680,classroom,
33479,42687,160680,museum/indoor,
33480,42687,160704,clean_room,
33481,42687,160704,nursery,
33482,42687,160704,science_museum,
33483,42687,160704,classroom,
33484,42687,160704,discotheque,
33485,42687,160728,nursery,
33486,42687,160728,museum/indoor,
33487,42687,160728,classroom,
33488,42687,160728,science_museum,
33489,42687,160728,bowling_alley,
33490,42687,160752,clean_room,
33491,42687,160752,chemistry_lab,
33492,42687,160752,museum/indoor,
33493,42687,160752,kindergarden_classroom,
33494,42687,160752,science_museum,
33495,42687,160776,nursery,
33496,42687,160776,hospital_room,
33497,42687,160776,clean_room,
33498,42687,160776,archive,
33499,42687,160776,operating_room,
33500,42687,160800,clean_room,
33501,42687,160800,beauty_salon,
33502,42687,160800,bathroom,
33503,42687,160800,bank_vault,
33504,42687,160800,hospital_room,
33505,42687,160824,elevator/door,
33506,42687,160824,clean_room,
33507,42687,160824,beauty_salon,
33508,42687,160824,bathroom,
33509,42687,160824,hospital_room,
33510,42687,160848,clean_room,
33511,42687,160848,shower,
33512,42687,160848,attic,
33513,42687,160848,dressing_room,
33514,42687,160848,chemistry_lab,
33515,42687,160872,wind_farm,
33516,42687,160872,shower,
33517,42687,160872,discotheque,
33518,42687,160872,stage/indoor,
33519,42687,160872,music_studio,
33520,42687,160896,pharmacy,
33521,42687,160896,drugstore,
33522,42687,160896,discotheque,
33523,42687,160896,beauty_salon,
33524,42687,160896,biology_laboratory,
33525,42687,160920,discotheque,
33526,42687,160920,beauty_salon,
33527,42687,160920,drugstore,
33528,42687,160920,pharmacy,
33529,42687,160920,television_studio,
33530,42687,160944,hospital,
33531,42687,160944,drugstore,
33532,42687,160944,pharmacy,
33533,42687,160944,discotheque,
33534,42687,160944,beauty_salon,
33535,42687,160968,pharmacy,
33536,42687,160968,drugstore,
33537,42687,160968,discotheque,
33538,42687,160968,beauty_salon,
33539,42687,160968,stage/indoor,
33540,42687,160992,nursery,
33541,42687,160992,discotheque,
33542,42687,160992,gift_shop,
33543,42687,160992,drugstore,
33544,42687,160992,stage/indoor,
33545,42687,161016,stage/indoor,
33546,42687,161016,drugstore,
33547,42687,161016,museum/indoor,
33548,42687,161016,discotheque,
33549,42687,161016,nursery,
33550,42687,161040,stage/indoor,
33551,42687,161040,nursery,
33552,42687,161040,museum/indoor,
33553,42687,161040,discotheque,
33554,42687,161040,gift_shop,
33555,42687,161064,pharmacy,
33556,42687,161064,drugstore,
33557,42687,161064,discotheque,
33558,42687,161064,stage/indoor,
33559,42687,161064,nursery,
33560,42687,161088,discotheque,
33561,42687,161088,pharmacy,
33562,42687,161088,drugstore,
33563,42687,161088,hospital,
33564,42687,161088,beauty_salon,
33565,42687,161112,elevator/door,
33566,42687,161112,elevator_lobby,
33567,42687,161112,hospital,
33568,42687,161112,museum/indoor,
33569,42687,161112,pharmacy,
33570,42687,161136,bow_window/indoor,
33571,42687,161136,elevator/door,
33572,42687,161136,alcove,
33573,42687,161136,shower,
33574,42687,161136,closet,
33575,42687,161160,booth/indoor,
33576,42687,161160,archive,
33577,42687,161160,museum/indoor,
33578,42687,161160,pharmacy,
33579,42687,161160,lecture_room,
33580,42687,161184,booth/indoor,
33581,42687,161184,museum/indoor,
33582,42687,161184,archive,
33583,42687,161184,pharmacy,
33584,42687,161184,hospital,
33585,42687,161208,booth/indoor,
33586,42687,161208,archive,
33587,42687,161208,museum/indoor,
33588,42687,161208,hospital,
33589,42687,161208,pharmacy,
33590,42687,161232,archive,
33591,42687,161232,booth/indoor,
33592,42687,161232,museum/indoor,
33593,42687,161232,hospital,
33594,42687,161232,cemetery,
33595,42687,161256,booth/indoor,
33596,42687,161256,archive,
33597,42687,161256,museum/indoor,
33598,42687,161256,hospital,
33599,42687,161256,cemetery,
33600,42687,161280,booth/indoor,
33601,42687,161280,archive,
33602,42687,161280,museum/indoor,
33603,42687,161280,hospital,
33604,42687,161280,pharmacy,
33605,42687,161304,booth/indoor,
33606,42687,161304,archive,
33607,42687,161304,museum/indoor,
33608,42687,161304,hospital,
33609,42687,161304,pharmacy,
33610,42687,161328,booth/indoor,
33611,42687,161328,archive,
33612,42687,161328,museum/indoor,
33613,42687,161328,hospital,
33614,42687,161328,pharmacy,
33615,42687,161352,archive,
33616,42687,161352,booth/indoor,
33617,42687,161352,museum/indoor,
33618,42687,161352,hospital,
33619,42687,161352,cemetery,
33620,42687,161376,archive,
33621,42687,161376,museum/indoor,
33622,42687,161376,cemetery,
33623,42687,161376,booth/indoor,
33624,42687,161376,lecture_room,
33625,42687,161400,museum/indoor,
33626,42687,161400,archive,
33627,42687,161400,cemetery,
33628,42687,161400,art_gallery,
33629,42687,161400,booth/indoor,
33630,42687,161424,hospital,
33631,42687,161424,booth/indoor,
33632,42687,161424,hospital_room,
33633,42687,161424,campus,
33634,42687,161424,pharmacy,
33635,42687,161448,hospital,
33636,42687,161448,booth/indoor,
33637,42687,161448,hospital_room,
33638,42687,161448,pharmacy,
33639,42687,161448,campus,
33640,42687,161472,hospital,
33641,42687,161472,booth/indoor,
33642,42687,161472,hospital_room,
33643,42687,161472,pharmacy,
33644,42687,161472,campus,
33645,42687,161496,hospital,
33646,42687,161496,booth/indoor,
33647,42687,161496,hospital_room,
33648,42687,161496,pharmacy,
33649,42687,161496,campus,
33650,42687,161520,hospital,
33651,42687,161520,booth/indoor,
33652,42687,161520,hospital_room,
33653,42687,161520,campus,
33654,42687,161520,pharmacy,
33655,42687,161544,hospital,
33656,42687,161544,booth/indoor,
33657,42687,161544,hospital_room,
33658,42687,161544,campus,
33659,42687,161544,pharmacy,
33660,42687,161568,hospital,
33661,42687,161568,booth/indoor,
33662,42687,161568,pharmacy,
33663,42687,161568,hospital_room,
33664,42687,161568,campus,
33665,42687,161592,hospital,
33666,42687,161592,booth/indoor,
33667,42687,161592,pharmacy,
33668,42687,161592,museum/indoor,
33669,42687,161592,hospital_room,
33670,42687,161616,bow_window/indoor,
33671,42687,161616,shower,
33672,42687,161616,elevator/door,
33673,42687,161616,alcove,
33674,42687,161616,closet,
33675,42687,161640,alcove,
33676,42687,161640,wind_farm,
33677,42687,161640,computer_room,
33678,42687,161640,lecture_room,
33679,42687,161640,laundromat,
