,imdb_id,frame_num,place,confidence
0,38084,0,desert/sand,
1,38084,0,sky,
2,38084,0,beach,
3,38084,0,lake/natural,
4,38084,0,marsh,
5,38084,24,desert/sand,
6,38084,24,sky,
7,38084,24,beach,
8,38084,24,lake/natural,
9,38084,24,marsh,
10,38084,48,desert/sand,
11,38084,48,sky,
12,38084,48,beach,
13,38084,48,lake/natural,
14,38084,48,marsh,
15,38084,72,museum/indoor,
16,38084,72,art_gallery,
17,38084,72,discotheque,
18,38084,72,science_museum,
19,38084,72,natural_history_museum,
20,38084,96,museum/indoor,
21,38084,96,discotheque,
22,38084,96,art_gallery,
23,38084,96,sky,
24,38084,96,ballroom,
25,38084,120,museum/indoor,
26,38084,120,art_gallery,
27,38084,120,discotheque,
28,38084,120,science_museum,
29,38084,120,sky,
30,38084,144,museum/indoor,
31,38084,144,art_gallery,
32,38084,144,corridor,
33,38084,144,ballroom,
34,38084,144,discotheque,
35,38084,168,museum/indoor,
36,38084,168,art_gallery,
37,38084,168,corridor,
38,38084,168,atrium/public,
39,38084,168,lobby,
40,38084,192,entrance_hall,
41,38084,192,museum/indoor,
42,38084,192,corridor,
43,38084,192,lobby,
44,38084,192,atrium/public,
45,38084,216,museum/indoor,
46,38084,216,entrance_hall,
47,38084,216,atrium/public,
48,38084,216,corridor,
49,38084,216,lobby,
50,38084,240,clean_room,
51,38084,240,museum/indoor,
52,38084,240,nursery,
53,38084,240,chemistry_lab,
54,38084,240,dressing_room,
55,38084,264,nursery,
56,38084,264,museum/indoor,
57,38084,264,beauty_salon,
58,38084,264,gift_shop,
59,38084,264,jewelry_shop,
60,38084,288,nursery,
61,38084,288,kindergarden_classroom,
62,38084,288,beauty_salon,
63,38084,288,museum/indoor,
64,38084,288,childs_room,
65,38084,312,nursery,
66,38084,312,beauty_salon,
67,38084,312,museum/indoor,
68,38084,312,kindergarden_classroom,
69,38084,312,childs_room,
70,38084,336,nursery,
71,38084,336,beauty_salon,
72,38084,336,museum/indoor,
73,38084,336,kindergarden_classroom,
74,38084,336,childs_room,
75,38084,360,nursery,
76,38084,360,kindergarden_classroom,
77,38084,360,museum/indoor,
78,38084,360,beauty_salon,
79,38084,360,archive,
80,38084,384,museum/indoor,
81,38084,384,beauty_salon,
82,38084,384,ice_cream_parlor,
83,38084,384,motel,
84,38084,384,art_gallery,
85,38084,408,museum/indoor,
86,38084,408,beauty_salon,
87,38084,408,ice_cream_parlor,
88,38084,408,art_gallery,
89,38084,408,coffee_shop,
90,38084,432,museum/indoor,
91,38084,432,beauty_salon,
92,38084,432,ice_cream_parlor,
93,38084,432,art_gallery,
94,38084,432,coffee_shop,
95,38084,456,museum/indoor,
96,38084,456,beauty_salon,
97,38084,456,art_gallery,
98,38084,456,ice_cream_parlor,
99,38084,456,coffee_shop,
100,38084,480,museum/indoor,
101,38084,480,beauty_salon,
102,38084,480,art_gallery,
103,38084,480,ice_cream_parlor,
104,38084,480,coffee_shop,
105,38084,504,kindergarden_classroom,
106,38084,504,classroom,
107,38084,504,ice_cream_parlor,
108,38084,504,museum/indoor,
109,38084,504,booth/indoor,
110,38084,528,drugstore,
111,38084,528,pharmacy,
112,38084,528,beauty_salon,
113,38084,528,museum/indoor,
114,38084,528,booth/indoor,
115,38084,552,drugstore,
116,38084,552,pharmacy,
117,38084,552,beauty_salon,
118,38084,552,booth/indoor,
119,38084,552,museum/indoor,
120,38084,576,drugstore,
121,38084,576,pharmacy,
122,38084,576,beauty_salon,
123,38084,576,museum/indoor,
124,38084,576,booth/indoor,
125,38084,600,drugstore,
126,38084,600,beauty_salon,
127,38084,600,pharmacy,
128,38084,600,museum/indoor,
129,38084,600,ice_cream_parlor,
130,38084,624,drugstore,
131,38084,624,beauty_salon,
132,38084,624,pharmacy,
133,38084,624,ice_cream_parlor,
134,38084,624,booth/indoor,
135,38084,648,drugstore,
136,38084,648,beauty_salon,
137,38084,648,pharmacy,
138,38084,648,booth/indoor,
139,38084,648,ice_cream_parlor,
140,38084,672,museum/indoor,
141,38084,672,booth/indoor,
142,38084,672,kindergarden_classroom,
143,38084,672,pharmacy,
144,38084,672,drugstore,
145,38084,696,museum/indoor,
146,38084,696,booth/indoor,
147,38084,696,kindergarden_classroom,
148,38084,696,art_gallery,
149,38084,696,ice_cream_parlor,
150,38084,720,museum/indoor,
151,38084,720,booth/indoor,
152,38084,720,ice_cream_parlor,
153,38084,720,art_gallery,
154,38084,720,science_museum,
155,38084,744,museum/indoor,
156,38084,744,booth/indoor,
157,38084,744,ice_cream_parlor,
158,38084,744,art_gallery,
159,38084,744,science_museum,
160,38084,768,museum/indoor,
161,38084,768,booth/indoor,
162,38084,768,ice_cream_parlor,
163,38084,768,art_gallery,
164,38084,768,science_museum,
165,38084,792,museum/indoor,
166,38084,792,booth/indoor,
167,38084,792,ice_cream_parlor,
168,38084,792,art_gallery,
169,38084,792,science_museum,
170,38084,816,museum/indoor,
171,38084,816,ice_cream_parlor,
172,38084,816,booth/indoor,
173,38084,816,kindergarden_classroom,
174,38084,816,science_museum,
175,38084,840,museum/indoor,
176,38084,840,kindergarden_classroom,
177,38084,840,archive,
178,38084,840,booth/indoor,
179,38084,840,art_school,
180,38084,864,kindergarden_classroom,
181,38084,864,archive,
182,38084,864,booth/indoor,
183,38084,864,museum/indoor,
184,38084,864,drugstore,
185,38084,888,kindergarden_classroom,
186,38084,888,archive,
187,38084,888,booth/indoor,
188,38084,888,museum/indoor,
189,38084,888,drugstore,
190,38084,912,kindergarden_classroom,
191,38084,912,archive,
192,38084,912,booth/indoor,
193,38084,912,museum/indoor,
194,38084,912,drugstore,
195,38084,936,kindergarden_classroom,
196,38084,936,archive,
197,38084,936,booth/indoor,
198,38084,936,museum/indoor,
199,38084,936,drugstore,
200,38084,960,kindergarden_classroom,
201,38084,960,archive,
202,38084,960,booth/indoor,
203,38084,960,museum/indoor,
204,38084,960,drugstore,
205,38084,984,kindergarden_classroom,
206,38084,984,archive,
207,38084,984,booth/indoor,
208,38084,984,museum/indoor,
209,38084,984,drugstore,
210,38084,1008,kindergarden_classroom,
211,38084,1008,archive,
212,38084,1008,booth/indoor,
213,38084,1008,museum/indoor,
214,38084,1008,drugstore,
215,38084,1032,kindergarden_classroom,
216,38084,1032,archive,
217,38084,1032,booth/indoor,
218,38084,1032,museum/indoor,
219,38084,1032,drugstore,
220,38084,1056,kindergarden_classroom,
221,38084,1056,booth/indoor,
222,38084,1056,archive,
223,38084,1056,museum/indoor,
224,38084,1056,drugstore,
225,38084,1080,museum/indoor,
226,38084,1080,kindergarden_classroom,
227,38084,1080,archive,
228,38084,1080,booth/indoor,
229,38084,1080,classroom,
230,38084,1104,booth/indoor,
231,38084,1104,museum/indoor,
232,38084,1104,kindergarden_classroom,
233,38084,1104,ice_cream_parlor,
234,38084,1104,drugstore,
235,38084,1128,booth/indoor,
236,38084,1128,museum/indoor,
237,38084,1128,ice_cream_parlor,
238,38084,1128,kindergarden_classroom,
239,38084,1128,pharmacy,
240,38084,1152,booth/indoor,
241,38084,1152,museum/indoor,
242,38084,1152,drugstore,
243,38084,1152,pharmacy,
244,38084,1152,kindergarden_classroom,
245,38084,1176,booth/indoor,
246,38084,1176,museum/indoor,
247,38084,1176,kindergarden_classroom,
248,38084,1176,drugstore,
249,38084,1176,ice_cream_parlor,
250,38084,1200,booth/indoor,
251,38084,1200,museum/indoor,
252,38084,1200,ice_cream_parlor,
253,38084,1200,drugstore,
254,38084,1200,kindergarden_classroom,
255,38084,1224,booth/indoor,
256,38084,1224,museum/indoor,
257,38084,1224,drugstore,
258,38084,1224,kindergarden_classroom,
259,38084,1224,pharmacy,
260,38084,1248,booth/indoor,
261,38084,1248,museum/indoor,
262,38084,1248,kindergarden_classroom,
263,38084,1248,archive,
264,38084,1248,drugstore,
265,38084,1272,drugstore,
266,38084,1272,pharmacy,
267,38084,1272,beauty_salon,
268,38084,1272,discotheque,
269,38084,1272,candy_store,
270,38084,1296,pharmacy,
271,38084,1296,drugstore,
272,38084,1296,beauty_salon,
273,38084,1296,museum/indoor,
274,38084,1296,discotheque,
275,38084,1320,pharmacy,
276,38084,1320,drugstore,
277,38084,1320,beauty_salon,
278,38084,1320,candy_store,
279,38084,1320,discotheque,
280,38084,1344,pharmacy,
281,38084,1344,drugstore,
282,38084,1344,beauty_salon,
283,38084,1344,candy_store,
284,38084,1344,museum/indoor,
285,38084,1368,museum/indoor,
286,38084,1368,art_gallery,
287,38084,1368,beauty_salon,
288,38084,1368,art_studio,
289,38084,1368,candy_store,
290,38084,1392,pharmacy,
291,38084,1392,candy_store,
292,38084,1392,drugstore,
293,38084,1392,beauty_salon,
294,38084,1392,nursery,
295,38084,1416,pharmacy,
296,38084,1416,beauty_salon,
297,38084,1416,candy_store,
298,38084,1416,museum/indoor,
299,38084,1416,drugstore,
300,38084,1440,pharmacy,
301,38084,1440,beauty_salon,
302,38084,1440,museum/indoor,
303,38084,1440,candy_store,
304,38084,1440,drugstore,
305,38084,1464,beauty_salon,
306,38084,1464,pharmacy,
307,38084,1464,candy_store,
308,38084,1464,museum/indoor,
309,38084,1464,drugstore,
310,38084,1488,pharmacy,
311,38084,1488,beauty_salon,
312,38084,1488,museum/indoor,
313,38084,1488,candy_store,
314,38084,1488,art_gallery,
315,38084,1512,pharmacy,
316,38084,1512,beauty_salon,
317,38084,1512,museum/indoor,
318,38084,1512,ice_cream_parlor,
319,38084,1512,coffee_shop,
320,38084,1536,desert/sand,
321,38084,1536,lake/natural,
322,38084,1536,marsh,
323,38084,1536,beach,
324,38084,1536,shower,
325,38084,1560,desert/sand,
326,38084,1560,lake/natural,
327,38084,1560,marsh,
328,38084,1560,beach,
329,38084,1560,shower,
330,38084,1584,clean_room,
331,38084,1584,clothing_store,
332,38084,1584,closet,
333,38084,1584,dressing_room,
334,38084,1584,locker_room,
335,38084,1608,dressing_room,
336,38084,1608,beauty_salon,
337,38084,1608,clothing_store,
338,38084,1608,clean_room,
339,38084,1608,art_gallery,
340,38084,1632,bathroom,
341,38084,1632,shower,
342,38084,1632,clean_room,
343,38084,1632,beauty_salon,
344,38084,1632,dressing_room,
345,38084,1656,shower,
346,38084,1656,bathroom,
347,38084,1656,clean_room,
348,38084,1656,dressing_room,
349,38084,1656,beauty_salon,
350,38084,1680,bathroom,
351,38084,1680,dressing_room,
352,38084,1680,locker_room,
353,38084,1680,hotel_room,
354,38084,1680,shower,
355,38084,1704,dressing_room,
356,38084,1704,martial_arts_gym,
357,38084,1704,bathroom,
358,38084,1704,shower,
359,38084,1704,gymnasium/indoor,
360,38084,1728,dressing_room,
361,38084,1728,art_gallery,
362,38084,1728,artists_loft,
363,38084,1728,shower,
364,38084,1728,bathroom,
365,38084,1752,dressing_room,
366,38084,1752,art_gallery,
367,38084,1752,museum/indoor,
368,38084,1752,clean_room,
369,38084,1752,bathroom,
370,38084,1776,clean_room,
371,38084,1776,dressing_room,
372,38084,1776,locker_room,
373,38084,1776,chemistry_lab,
374,38084,1776,shower,
375,38084,1800,dressing_room,
376,38084,1800,clean_room,
377,38084,1800,classroom,
378,38084,1800,office,
379,38084,1800,office_cubicles,
380,38084,1824,hospital_room,
381,38084,1824,clean_room,
382,38084,1824,operating_room,
383,38084,1824,nursery,
384,38084,1824,art_gallery,
385,38084,1848,clean_room,
386,38084,1848,locker_room,
387,38084,1848,elevator/door,
388,38084,1848,dressing_room,
389,38084,1848,chemistry_lab,
390,38084,1872,dressing_room,
391,38084,1872,clean_room,
392,38084,1872,beauty_salon,
393,38084,1872,locker_room,
394,38084,1872,office,
395,38084,1896,beauty_salon,
396,38084,1896,pharmacy,
397,38084,1896,clean_room,
398,38084,1896,hospital_room,
399,38084,1896,dressing_room,
400,38084,1920,beauty_salon,
401,38084,1920,dressing_room,
402,38084,1920,clean_room,
403,38084,1920,pharmacy,
404,38084,1920,hospital_room,
405,38084,1944,clean_room,
406,38084,1944,beauty_salon,
407,38084,1944,pharmacy,
408,38084,1944,dressing_room,
409,38084,1944,chemistry_lab,
410,38084,1968,clean_room,
411,38084,1968,pharmacy,
412,38084,1968,beauty_salon,
413,38084,1968,chemistry_lab,
414,38084,1968,dressing_room,
415,38084,1992,pharmacy,
416,38084,1992,clean_room,
417,38084,1992,beauty_salon,
418,38084,1992,hospital_room,
419,38084,1992,chemistry_lab,
420,38084,2016,pharmacy,
421,38084,2016,clean_room,
422,38084,2016,beauty_salon,
423,38084,2016,drugstore,
424,38084,2016,chemistry_lab,
425,38084,2040,clean_room,
426,38084,2040,pharmacy,
427,38084,2040,beauty_salon,
428,38084,2040,chemistry_lab,
429,38084,2040,drugstore,
430,38084,2064,pharmacy,
431,38084,2064,clean_room,
432,38084,2064,chemistry_lab,
433,38084,2064,beauty_salon,
434,38084,2064,biology_laboratory,
435,38084,2088,clean_room,
436,38084,2088,dressing_room,
437,38084,2088,beauty_salon,
438,38084,2088,chemistry_lab,
439,38084,2088,coffee_shop,
440,38084,2112,office_cubicles,
441,38084,2112,dressing_room,
442,38084,2112,restaurant,
443,38084,2112,office,
444,38084,2112,cafeteria,
445,38084,2136,martial_arts_gym,
446,38084,2136,dressing_room,
447,38084,2136,clean_room,
448,38084,2136,locker_room,
449,38084,2136,clothing_store,
450,38084,2160,dressing_room,
451,38084,2160,clean_room,
452,38084,2160,martial_arts_gym,
453,38084,2160,discotheque,
454,38084,2160,museum/indoor,
455,38084,2184,martial_arts_gym,
456,38084,2184,dressing_room,
457,38084,2184,clean_room,
458,38084,2184,discotheque,
459,38084,2184,boxing_ring,
460,38084,2208,dressing_room,
461,38084,2208,locker_room,
462,38084,2208,martial_arts_gym,
463,38084,2208,clean_room,
464,38084,2208,elevator/door,
465,38084,2232,dressing_room,
466,38084,2232,beauty_salon,
467,38084,2232,chemistry_lab,
468,38084,2232,office,
469,38084,2232,clean_room,
470,38084,2256,dressing_room,
471,38084,2256,clean_room,
472,38084,2256,chemistry_lab,
473,38084,2256,beauty_salon,
474,38084,2256,biology_laboratory,
475,38084,2280,dressing_room,
476,38084,2280,clean_room,
477,38084,2280,bathroom,
478,38084,2280,hospital_room,
479,38084,2280,chemistry_lab,
480,38084,2304,clean_room,
481,38084,2304,clothing_store,
482,38084,2304,airplane_cabin,
483,38084,2304,dressing_room,
484,38084,2304,hospital_room,
485,38084,2328,clean_room,
486,38084,2328,hospital_room,
487,38084,2328,operating_room,
488,38084,2328,dressing_room,
489,38084,2328,chemistry_lab,
490,38084,2352,clean_room,
491,38084,2352,chemistry_lab,
492,38084,2352,hospital_room,
493,38084,2352,operating_room,
494,38084,2352,biology_laboratory,
495,38084,2376,clean_room,
496,38084,2376,hospital_room,
497,38084,2376,operating_room,
498,38084,2376,archive,
499,38084,2376,chemistry_lab,
500,38084,2400,clean_room,
501,38084,2400,computer_room,
502,38084,2400,biology_laboratory,
503,38084,2400,archive,
504,38084,2400,classroom,
505,38084,2424,clean_room,
506,38084,2424,nursery,
507,38084,2424,biology_laboratory,
508,38084,2424,chemistry_lab,
509,38084,2424,hospital_room,
510,38084,2448,clean_room,
511,38084,2448,biology_laboratory,
512,38084,2448,chemistry_lab,
513,38084,2448,operating_room,
514,38084,2448,hospital_room,
515,38084,2472,dressing_room,
516,38084,2472,clean_room,
517,38084,2472,hospital_room,
518,38084,2472,operating_room,
519,38084,2472,dining_room,
520,38084,2496,dining_room,
521,38084,2496,dressing_room,
522,38084,2496,clean_room,
523,38084,2496,restaurant,
524,38084,2496,cafeteria,
525,38084,2520,clean_room,
526,38084,2520,dressing_room,
527,38084,2520,operating_room,
528,38084,2520,nursery,
529,38084,2520,hospital_room,
530,38084,2544,dressing_room,
531,38084,2544,clean_room,
532,38084,2544,operating_room,
533,38084,2544,hospital_room,
534,38084,2544,beauty_salon,
535,38084,2568,clean_room,
536,38084,2568,dressing_room,
537,38084,2568,operating_room,
538,38084,2568,hospital_room,
539,38084,2568,dining_room,
540,38084,2592,dressing_room,
541,38084,2592,clean_room,
542,38084,2592,operating_room,
543,38084,2592,hospital_room,
544,38084,2592,beauty_salon,
545,38084,2616,dressing_room,
546,38084,2616,clean_room,
547,38084,2616,hospital_room,
548,38084,2616,operating_room,
549,38084,2616,beauty_salon,
550,38084,2640,clean_room,
551,38084,2640,hospital_room,
552,38084,2640,nursing_home,
553,38084,2640,operating_room,
554,38084,2640,dressing_room,
555,38084,2664,clean_room,
556,38084,2664,hospital_room,
557,38084,2664,nursing_home,
558,38084,2664,operating_room,
559,38084,2664,beauty_salon,
560,38084,2688,clean_room,
561,38084,2688,dressing_room,
562,38084,2688,hospital_room,
563,38084,2688,nursing_home,
564,38084,2688,nursery,
565,38084,2712,clean_room,
566,38084,2712,nursing_home,
567,38084,2712,dressing_room,
568,38084,2712,hospital_room,
569,38084,2712,nursery,
570,38084,2736,clean_room,
571,38084,2736,operating_room,
572,38084,2736,hospital_room,
573,38084,2736,nursing_home,
574,38084,2736,chemistry_lab,
575,38084,2760,clean_room,
576,38084,2760,dressing_room,
577,38084,2760,hospital_room,
578,38084,2760,nursery,
579,38084,2760,nursing_home,
580,38084,2784,dressing_room,
581,38084,2784,clean_room,
582,38084,2784,hospital_room,
583,38084,2784,nursery,
584,38084,2784,nursing_home,
585,38084,2808,dressing_room,
586,38084,2808,clean_room,
587,38084,2808,nursing_home,
588,38084,2808,hospital_room,
589,38084,2808,nursery,
590,38084,2832,dressing_room,
591,38084,2832,clean_room,
592,38084,2832,hospital_room,
593,38084,2832,nursing_home,
594,38084,2832,nursery,
595,38084,2856,clean_room,
596,38084,2856,dressing_room,
597,38084,2856,hospital_room,
598,38084,2856,nursing_home,
599,38084,2856,operating_room,
600,38084,2880,dressing_room,
601,38084,2880,clean_room,
602,38084,2880,hospital_room,
603,38084,2880,nursing_home,
604,38084,2880,operating_room,
605,38084,2904,dressing_room,
606,38084,2904,beauty_salon,
607,38084,2904,clean_room,
608,38084,2904,sauna,
609,38084,2904,hospital_room,
610,38084,2928,dressing_room,
611,38084,2928,clean_room,
612,38084,2928,beauty_salon,
613,38084,2928,sauna,
614,38084,2928,hospital_room,
615,38084,2952,dressing_room,
616,38084,2952,clean_room,
617,38084,2952,beauty_salon,
618,38084,2952,sauna,
619,38084,2952,hospital_room,
620,38084,2976,dressing_room,
621,38084,2976,sauna,
622,38084,2976,clean_room,
623,38084,2976,beauty_salon,
624,38084,2976,shower,
625,38084,3000,dressing_room,
626,38084,3000,clean_room,
627,38084,3000,beauty_salon,
628,38084,3000,sauna,
629,38084,3000,shower,
630,38084,3024,dressing_room,
631,38084,3024,beauty_salon,
632,38084,3024,clean_room,
633,38084,3024,shower,
634,38084,3024,sauna,
635,38084,3048,dressing_room,
636,38084,3048,bathroom,
637,38084,3048,beauty_salon,
638,38084,3048,shower,
639,38084,3048,locker_room,
640,38084,3072,dressing_room,
641,38084,3072,beauty_salon,
642,38084,3072,clean_room,
643,38084,3072,locker_room,
644,38084,3072,hospital_room,
645,38084,3096,dressing_room,
646,38084,3096,clean_room,
647,38084,3096,beauty_salon,
648,38084,3096,operating_room,
649,38084,3096,hospital_room,
650,38084,3120,dressing_room,
651,38084,3120,clean_room,
652,38084,3120,beauty_salon,
653,38084,3120,hospital_room,
654,38084,3120,operating_room,
655,38084,3144,dressing_room,
656,38084,3144,clean_room,
657,38084,3144,beauty_salon,
658,38084,3144,hospital_room,
659,38084,3144,operating_room,
660,38084,3168,dressing_room,
661,38084,3168,beauty_salon,
662,38084,3168,clean_room,
663,38084,3168,hospital_room,
664,38084,3168,operating_room,
665,38084,3192,dressing_room,
666,38084,3192,clean_room,
667,38084,3192,beauty_salon,
668,38084,3192,hospital_room,
669,38084,3192,operating_room,
670,38084,3216,dressing_room,
671,38084,3216,clean_room,
672,38084,3216,beauty_salon,
673,38084,3216,hospital_room,
674,38084,3216,operating_room,
675,38084,3240,hospital_room,
676,38084,3240,operating_room,
677,38084,3240,clean_room,
678,38084,3240,nursing_home,
679,38084,3240,hospital,
680,38084,3264,hospital_room,
681,38084,3264,operating_room,
682,38084,3264,clean_room,
683,38084,3264,nursing_home,
684,38084,3264,nursery,
685,38084,3288,hospital_room,
686,38084,3288,operating_room,
687,38084,3288,clean_room,
688,38084,3288,nursing_home,
689,38084,3288,beauty_salon,
690,38084,3312,hospital_room,
691,38084,3312,operating_room,
692,38084,3312,clean_room,
693,38084,3312,nursing_home,
694,38084,3312,nursery,
695,38084,3336,hospital_room,
696,38084,3336,operating_room,
697,38084,3336,clean_room,
698,38084,3336,nursing_home,
699,38084,3336,hospital,
700,38084,3360,hospital_room,
701,38084,3360,clean_room,
702,38084,3360,operating_room,
703,38084,3360,nursery,
704,38084,3360,nursing_home,
705,38084,3384,hospital_room,
706,38084,3384,clean_room,
707,38084,3384,operating_room,
708,38084,3384,nursing_home,
709,38084,3384,nursery,
710,38084,3408,hospital_room,
711,38084,3408,operating_room,
712,38084,3408,clean_room,
713,38084,3408,nursing_home,
714,38084,3408,nursery,
715,38084,3432,hospital_room,
716,38084,3432,operating_room,
717,38084,3432,clean_room,
718,38084,3432,nursing_home,
719,38084,3432,nursery,
720,38084,3456,hospital_room,
721,38084,3456,operating_room,
722,38084,3456,clean_room,
723,38084,3456,nursing_home,
724,38084,3456,nursery,
725,38084,3480,hospital_room,
726,38084,3480,operating_room,
727,38084,3480,clean_room,
728,38084,3480,nursing_home,
729,38084,3480,beauty_salon,
730,38084,3504,hospital_room,
731,38084,3504,operating_room,
732,38084,3504,nursing_home,
733,38084,3504,clean_room,
734,38084,3504,beauty_salon,
735,38084,3528,hospital_room,
736,38084,3528,operating_room,
737,38084,3528,clean_room,
738,38084,3528,nursing_home,
739,38084,3528,nursery,
740,38084,3552,hospital_room,
741,38084,3552,operating_room,
742,38084,3552,clean_room,
743,38084,3552,nursing_home,
744,38084,3552,nursery,
745,38084,3576,hospital_room,
746,38084,3576,operating_room,
747,38084,3576,nursing_home,
748,38084,3576,clean_room,
749,38084,3576,nursery,
750,38084,3600,hospital_room,
751,38084,3600,operating_room,
752,38084,3600,clean_room,
753,38084,3600,nursing_home,
754,38084,3600,beauty_salon,
755,38084,3624,hospital_room,
756,38084,3624,operating_room,
757,38084,3624,clean_room,
758,38084,3624,nursing_home,
759,38084,3624,beauty_salon,
760,38084,3648,hospital_room,
761,38084,3648,operating_room,
762,38084,3648,clean_room,
763,38084,3648,nursing_home,
764,38084,3648,nursery,
765,38084,3672,hospital_room,
766,38084,3672,operating_room,
767,38084,3672,clean_room,
768,38084,3672,nursing_home,
769,38084,3672,nursery,
770,38084,3696,hospital_room,
771,38084,3696,operating_room,
772,38084,3696,clean_room,
773,38084,3696,nursing_home,
774,38084,3696,nursery,
775,38084,3720,hospital_room,
776,38084,3720,operating_room,
777,38084,3720,nursing_home,
778,38084,3720,clean_room,
779,38084,3720,bedroom,
780,38084,3744,hospital_room,
781,38084,3744,operating_room,
782,38084,3744,clean_room,
783,38084,3744,nursing_home,
784,38084,3744,nursery,
785,38084,3768,hospital_room,
786,38084,3768,operating_room,
787,38084,3768,clean_room,
788,38084,3768,nursing_home,
789,38084,3768,nursery,
790,38084,3792,hospital_room,
791,38084,3792,operating_room,
792,38084,3792,clean_room,
793,38084,3792,nursing_home,
794,38084,3792,nursery,
795,38084,3816,hospital_room,
796,38084,3816,operating_room,
797,38084,3816,clean_room,
798,38084,3816,nursing_home,
799,38084,3816,nursery,
800,38084,3840,clean_room,
801,38084,3840,dressing_room,
802,38084,3840,operating_room,
803,38084,3840,hospital_room,
804,38084,3840,beauty_salon,
805,38084,3864,clean_room,
806,38084,3864,dressing_room,
807,38084,3864,operating_room,
808,38084,3864,hospital_room,
809,38084,3864,beauty_salon,
810,38084,3888,dressing_room,
811,38084,3888,clean_room,
812,38084,3888,beauty_salon,
813,38084,3888,hospital_room,
814,38084,3888,operating_room,
815,38084,3912,dressing_room,
816,38084,3912,clean_room,
817,38084,3912,beauty_salon,
818,38084,3912,hospital_room,
819,38084,3912,operating_room,
820,38084,3936,dressing_room,
821,38084,3936,clean_room,
822,38084,3936,hospital_room,
823,38084,3936,beauty_salon,
824,38084,3936,sauna,
825,38084,3960,dressing_room,
826,38084,3960,clean_room,
827,38084,3960,hospital_room,
828,38084,3960,operating_room,
829,38084,3960,sauna,
830,38084,3984,clean_room,
831,38084,3984,dressing_room,
832,38084,3984,hospital_room,
833,38084,3984,operating_room,
834,38084,3984,beauty_salon,
835,38084,4008,dressing_room,
836,38084,4008,clean_room,
837,38084,4008,hospital_room,
838,38084,4008,beauty_salon,
839,38084,4008,operating_room,
840,38084,4032,dressing_room,
841,38084,4032,clean_room,
842,38084,4032,beauty_salon,
843,38084,4032,hospital_room,
844,38084,4032,operating_room,
845,38084,4056,dressing_room,
846,38084,4056,clean_room,
847,38084,4056,hospital_room,
848,38084,4056,operating_room,
849,38084,4056,beauty_salon,
850,38084,4080,clean_room,
851,38084,4080,dressing_room,
852,38084,4080,hospital_room,
853,38084,4080,operating_room,
854,38084,4080,beauty_salon,
855,38084,4104,dressing_room,
856,38084,4104,clean_room,
857,38084,4104,hospital_room,
858,38084,4104,operating_room,
859,38084,4104,sauna,
860,38084,4128,dressing_room,
861,38084,4128,clean_room,
862,38084,4128,hospital_room,
863,38084,4128,beauty_salon,
864,38084,4128,operating_room,
865,38084,4152,dressing_room,
866,38084,4152,clean_room,
867,38084,4152,hospital_room,
868,38084,4152,beauty_salon,
869,38084,4152,operating_room,
870,38084,4176,dressing_room,
871,38084,4176,clean_room,
872,38084,4176,operating_room,
873,38084,4176,hospital_room,
874,38084,4176,biology_laboratory,
875,38084,4200,dressing_room,
876,38084,4200,clean_room,
877,38084,4200,hospital_room,
878,38084,4200,nursery,
879,38084,4200,bedroom,
880,38084,4224,clean_room,
881,38084,4224,dressing_room,
882,38084,4224,hospital_room,
883,38084,4224,operating_room,
884,38084,4224,beauty_salon,
885,38084,4248,clean_room,
886,38084,4248,hospital_room,
887,38084,4248,dressing_room,
888,38084,4248,operating_room,
889,38084,4248,chemistry_lab,
890,38084,4272,bedroom,
891,38084,4272,dressing_room,
892,38084,4272,hospital_room,
893,38084,4272,clean_room,
894,38084,4272,hotel_room,
895,38084,4296,hospital_room,
896,38084,4296,nursery,
897,38084,4296,bedroom,
898,38084,4296,youth_hostel,
899,38084,4296,childs_room,
900,38084,4320,hospital_room,
901,38084,4320,nursery,
902,38084,4320,bedroom,
903,38084,4320,youth_hostel,
904,38084,4320,childs_room,
905,38084,4344,hospital_room,
906,38084,4344,bedroom,
907,38084,4344,nursery,
908,38084,4344,youth_hostel,
909,38084,4344,childs_room,
910,38084,4368,hospital_room,
911,38084,4368,nursery,
912,38084,4368,bedroom,
913,38084,4368,youth_hostel,
914,38084,4368,childs_room,
915,38084,4392,hospital_room,
916,38084,4392,nursery,
917,38084,4392,bedroom,
918,38084,4392,youth_hostel,
919,38084,4392,dorm_room,
920,38084,4416,hospital_room,
921,38084,4416,bedroom,
922,38084,4416,nursery,
923,38084,4416,youth_hostel,
924,38084,4416,childs_room,
925,38084,4440,dressing_room,
926,38084,4440,locker_room,
927,38084,4440,clean_room,
928,38084,4440,music_studio,
929,38084,4440,chemistry_lab,
930,38084,4464,dressing_room,
931,38084,4464,boxing_ring,
932,38084,4464,clean_room,
933,38084,4464,gymnasium/indoor,
934,38084,4464,locker_room,
935,38084,4488,dressing_room,
936,38084,4488,locker_room,
937,38084,4488,clean_room,
938,38084,4488,shower,
939,38084,4488,sauna,
940,38084,4512,dressing_room,
941,38084,4512,clean_room,
942,38084,4512,archive,
943,38084,4512,classroom,
944,38084,4512,operating_room,
945,38084,4536,dressing_room,
946,38084,4536,clean_room,
947,38084,4536,hospital_room,
948,38084,4536,operating_room,
949,38084,4536,music_studio,
950,38084,4560,dressing_room,
951,38084,4560,hospital_room,
952,38084,4560,clean_room,
953,38084,4560,nursery,
954,38084,4560,beauty_salon,
955,38084,4584,dressing_room,
956,38084,4584,clean_room,
957,38084,4584,locker_room,
958,38084,4584,archive,
959,38084,4584,hospital_room,
960,38084,4608,dressing_room,
961,38084,4608,clean_room,
962,38084,4608,hospital_room,
963,38084,4608,operating_room,
964,38084,4608,chemistry_lab,
965,38084,4632,discotheque,
966,38084,4632,dressing_room,
967,38084,4632,ballroom,
968,38084,4632,martial_arts_gym,
969,38084,4632,boxing_ring,
970,38084,4656,dressing_room,
971,38084,4656,clean_room,
972,38084,4656,locker_room,
973,38084,4656,archive,
974,38084,4656,sauna,
975,38084,4680,dressing_room,
976,38084,4680,clean_room,
977,38084,4680,archive,
978,38084,4680,beauty_salon,
979,38084,4680,locker_room,
980,38084,4704,classroom,
981,38084,4704,restaurant,
982,38084,4704,dining_room,
983,38084,4704,lecture_room,
984,38084,4704,cafeteria,
985,38084,4728,restaurant,
986,38084,4728,dressing_room,
987,38084,4728,cafeteria,
988,38084,4728,dining_hall,
989,38084,4728,dining_room,
990,38084,4752,dressing_room,
991,38084,4752,archive,
992,38084,4752,classroom,
993,38084,4752,lecture_room,
994,38084,4752,restaurant,
995,38084,4776,dressing_room,
996,38084,4776,classroom,
997,38084,4776,archive,
998,38084,4776,museum/indoor,
999,38084,4776,lecture_room,
1000,38084,4800,classroom,
1001,38084,4800,archive,
1002,38084,4800,lecture_room,
1003,38084,4800,dressing_room,
1004,38084,4800,library/indoor,
1005,38084,4824,archive,
1006,38084,4824,classroom,
1007,38084,4824,lecture_room,
1008,38084,4824,library/indoor,
1009,38084,4824,kindergarden_classroom,
1010,38084,4848,archive,
1011,38084,4848,classroom,
1012,38084,4848,lecture_room,
1013,38084,4848,dressing_room,
1014,38084,4848,office,
1015,38084,4872,dressing_room,
1016,38084,4872,classroom,
1017,38084,4872,archive,
1018,38084,4872,lecture_room,
1019,38084,4872,museum/indoor,
1020,38084,4896,dressing_room,
1021,38084,4896,archive,
1022,38084,4896,lecture_room,
1023,38084,4896,classroom,
1024,38084,4896,library/indoor,
1025,38084,4920,dressing_room,
1026,38084,4920,classroom,
1027,38084,4920,lecture_room,
1028,38084,4920,archive,
1029,38084,4920,banquet_hall,
1030,38084,4944,dressing_room,
1031,38084,4944,chemistry_lab,
1032,38084,4944,beauty_salon,
1033,38084,4944,biology_laboratory,
1034,38084,4944,clean_room,
1035,38084,4968,classroom,
1036,38084,4968,lecture_room,
1037,38084,4968,archive,
1038,38084,4968,library/indoor,
1039,38084,4968,conference_room,
1040,38084,4992,dressing_room,
1041,38084,4992,shower,
1042,38084,4992,bathroom,
1043,38084,4992,discotheque,
1044,38084,4992,clean_room,
1045,38084,5016,dressing_room,
1046,38084,5016,museum/indoor,
1047,38084,5016,shower,
1048,38084,5016,bathroom,
1049,38084,5016,art_gallery,
1050,38084,5040,dressing_room,
1051,38084,5040,clean_room,
1052,38084,5040,bathroom,
1053,38084,5040,museum/indoor,
1054,38084,5040,shower,
1055,38084,5064,dressing_room,
1056,38084,5064,clean_room,
1057,38084,5064,museum/indoor,
1058,38084,5064,art_gallery,
1059,38084,5064,science_museum,
1060,38084,5088,dressing_room,
1061,38084,5088,clean_room,
1062,38084,5088,beauty_salon,
1063,38084,5088,chemistry_lab,
1064,38084,5088,museum/indoor,
1065,38084,5112,office,
1066,38084,5112,dorm_room,
1067,38084,5112,office_cubicles,
1068,38084,5112,reception,
1069,38084,5112,classroom,
1070,38084,5136,office,
1071,38084,5136,reception,
1072,38084,5136,office_cubicles,
1073,38084,5136,dressing_room,
1074,38084,5136,home_office,
1075,38084,5160,office,
1076,38084,5160,dressing_room,
1077,38084,5160,conference_room,
1078,38084,5160,lecture_room,
1079,38084,5160,bow_window/indoor,
1080,38084,5184,dressing_room,
1081,38084,5184,beauty_salon,
1082,38084,5184,hospital_room,
1083,38084,5184,lecture_room,
1084,38084,5184,dining_room,
1085,38084,5208,dressing_room,
1086,38084,5208,dining_room,
1087,38084,5208,beauty_salon,
1088,38084,5208,office,
1089,38084,5208,classroom,
1090,38084,5232,dressing_room,
1091,38084,5232,office,
1092,38084,5232,music_studio,
1093,38084,5232,beauty_salon,
1094,38084,5232,television_studio,
1095,38084,5256,dressing_room,
1096,38084,5256,office,
1097,38084,5256,beauty_salon,
1098,38084,5256,restaurant,
1099,38084,5256,office_cubicles,
1100,38084,5280,dressing_room,
1101,38084,5280,office,
1102,38084,5280,clean_room,
1103,38084,5280,hospital_room,
1104,38084,5280,nursing_home,
1105,38084,5304,dressing_room,
1106,38084,5304,nursing_home,
1107,38084,5304,office,
1108,38084,5304,hospital_room,
1109,38084,5304,clean_room,
1110,38084,5328,dressing_room,
1111,38084,5328,office,
1112,38084,5328,clean_room,
1113,38084,5328,beauty_salon,
1114,38084,5328,reception,
1115,38084,5352,office,
1116,38084,5352,conference_room,
1117,38084,5352,reception,
1118,38084,5352,office_cubicles,
1119,38084,5352,conference_center,
1120,38084,5376,office,
1121,38084,5376,reception,
1122,38084,5376,conference_room,
1123,38084,5376,dressing_room,
1124,38084,5376,art_gallery,
1125,38084,5400,reception,
1126,38084,5400,office,
1127,38084,5400,dressing_room,
1128,38084,5400,conference_room,
1129,38084,5400,art_gallery,
1130,38084,5424,dressing_room,
1131,38084,5424,reception,
1132,38084,5424,office,
1133,38084,5424,restaurant,
1134,38084,5424,conference_room,
1135,38084,5448,reception,
1136,38084,5448,office,
1137,38084,5448,dressing_room,
1138,38084,5448,conference_room,
1139,38084,5448,restaurant,
1140,38084,5472,reception,
1141,38084,5472,office,
1142,38084,5472,dressing_room,
1143,38084,5472,art_gallery,
1144,38084,5472,conference_room,
1145,38084,5496,reception,
1146,38084,5496,office,
1147,38084,5496,conference_room,
1148,38084,5496,dining_room,
1149,38084,5496,restaurant,
1150,38084,5520,reception,
1151,38084,5520,office,
1152,38084,5520,conference_room,
1153,38084,5520,restaurant,
1154,38084,5520,art_gallery,
1155,38084,5544,reception,
1156,38084,5544,office,
1157,38084,5544,conference_room,
1158,38084,5544,art_gallery,
1159,38084,5544,restaurant,
1160,38084,5568,conference_room,
1161,38084,5568,office,
1162,38084,5568,reception,
1163,38084,5568,art_gallery,
1164,38084,5568,restaurant,
1165,38084,5592,conference_room,
1166,38084,5592,office,
1167,38084,5592,reception,
1168,38084,5592,dressing_room,
1169,38084,5592,dining_room,
1170,38084,5616,office,
1171,38084,5616,conference_room,
1172,38084,5616,reception,
1173,38084,5616,dressing_room,
1174,38084,5616,conference_center,
1175,38084,5640,office,
1176,38084,5640,conference_room,
1177,38084,5640,reception,
1178,38084,5640,conference_center,
1179,38084,5640,office_cubicles,
1180,38084,5664,office,
1181,38084,5664,reception,
1182,38084,5664,conference_room,
1183,38084,5664,restaurant,
1184,38084,5664,dining_room,
1185,38084,5688,conference_room,
1186,38084,5688,office,
1187,38084,5688,reception,
1188,38084,5688,conference_center,
1189,38084,5688,dining_room,
1190,38084,5712,conference_room,
1191,38084,5712,office,
1192,38084,5712,reception,
1193,38084,5712,conference_center,
1194,38084,5712,dressing_room,
1195,38084,5736,dressing_room,
1196,38084,5736,reception,
1197,38084,5736,office,
1198,38084,5736,art_gallery,
1199,38084,5736,conference_room,
1200,38084,5760,reception,
1201,38084,5760,dressing_room,
1202,38084,5760,office,
1203,38084,5760,art_gallery,
1204,38084,5760,jewelry_shop,
1205,38084,5784,dressing_room,
1206,38084,5784,reception,
1207,38084,5784,art_gallery,
1208,38084,5784,office,
1209,38084,5784,museum/indoor,
1210,38084,5808,reception,
1211,38084,5808,office,
1212,38084,5808,conference_room,
1213,38084,5808,conference_center,
1214,38084,5808,dressing_room,
1215,38084,5832,reception,
1216,38084,5832,conference_room,
1217,38084,5832,office,
1218,38084,5832,art_gallery,
1219,38084,5832,conference_center,
1220,38084,5856,reception,
1221,38084,5856,office,
1222,38084,5856,conference_room,
1223,38084,5856,art_gallery,
1224,38084,5856,conference_center,
1225,38084,5880,conference_room,
1226,38084,5880,reception,
1227,38084,5880,office,
1228,38084,5880,conference_center,
1229,38084,5880,art_gallery,
1230,38084,5904,conference_room,
1231,38084,5904,office,
1232,38084,5904,reception,
1233,38084,5904,conference_center,
1234,38084,5904,restaurant,
1235,38084,5928,reception,
1236,38084,5928,office,
1237,38084,5928,office_cubicles,
1238,38084,5928,television_studio,
1239,38084,5928,conference_room,
1240,38084,5952,office,
1241,38084,5952,reception,
1242,38084,5952,conference_room,
1243,38084,5952,office_cubicles,
1244,38084,5952,conference_center,
1245,38084,5976,reception,
1246,38084,5976,office,
1247,38084,5976,office_cubicles,
1248,38084,5976,conference_room,
1249,38084,5976,archive,
1250,38084,6000,office,
1251,38084,6000,reception,
1252,38084,6000,office_cubicles,
1253,38084,6000,conference_room,
1254,38084,6000,home_office,
1255,38084,6024,office,
1256,38084,6024,conference_room,
1257,38084,6024,reception,
1258,38084,6024,conference_center,
1259,38084,6024,office_cubicles,
1260,38084,6048,office,
1261,38084,6048,reception,
1262,38084,6048,conference_room,
1263,38084,6048,office_cubicles,
1264,38084,6048,conference_center,
1265,38084,6072,office,
1266,38084,6072,conference_room,
1267,38084,6072,reception,
1268,38084,6072,conference_center,
1269,38084,6072,office_cubicles,
1270,38084,6096,office,
1271,38084,6096,reception,
1272,38084,6096,conference_room,
1273,38084,6096,conference_center,
1274,38084,6096,office_cubicles,
1275,38084,6120,office,
1276,38084,6120,conference_room,
1277,38084,6120,reception,
1278,38084,6120,conference_center,
1279,38084,6120,office_cubicles,
1280,38084,6144,office,
1281,38084,6144,conference_room,
1282,38084,6144,reception,
1283,38084,6144,conference_center,
1284,38084,6144,office_cubicles,
1285,38084,6168,office,
1286,38084,6168,reception,
1287,38084,6168,conference_room,
1288,38084,6168,conference_center,
1289,38084,6168,office_cubicles,
1290,38084,6192,office,
1291,38084,6192,conference_room,
1292,38084,6192,reception,
1293,38084,6192,lecture_room,
1294,38084,6192,office_cubicles,
1295,38084,6216,office,
1296,38084,6216,conference_room,
1297,38084,6216,reception,
1298,38084,6216,conference_center,
1299,38084,6216,office_cubicles,
1300,38084,6240,conference_room,
1301,38084,6240,office,
1302,38084,6240,conference_center,
1303,38084,6240,lecture_room,
1304,38084,6240,reception,
1305,38084,6264,conference_room,
1306,38084,6264,office,
1307,38084,6264,reception,
1308,38084,6264,conference_center,
1309,38084,6264,lecture_room,
1310,38084,6288,conference_room,
1311,38084,6288,office,
1312,38084,6288,reception,
1313,38084,6288,conference_center,
1314,38084,6288,lecture_room,
1315,38084,6312,conference_room,
1316,38084,6312,office,
1317,38084,6312,reception,
1318,38084,6312,conference_center,
1319,38084,6312,lecture_room,
1320,38084,6336,conference_room,
1321,38084,6336,office,
1322,38084,6336,reception,
1323,38084,6336,conference_center,
1324,38084,6336,lecture_room,
1325,38084,6360,reception,
1326,38084,6360,office,
1327,38084,6360,conference_room,
1328,38084,6360,conference_center,
1329,38084,6360,office_cubicles,
1330,38084,6384,conference_room,
1331,38084,6384,reception,
1332,38084,6384,office,
1333,38084,6384,conference_center,
1334,38084,6384,office_cubicles,
1335,38084,6408,conference_room,
1336,38084,6408,office,
1337,38084,6408,reception,
1338,38084,6408,conference_center,
1339,38084,6408,lecture_room,
1340,38084,6432,office,
1341,38084,6432,reception,
1342,38084,6432,conference_room,
1343,38084,6432,conference_center,
1344,38084,6432,office_cubicles,
1345,38084,6456,conference_room,
1346,38084,6456,office,
1347,38084,6456,reception,
1348,38084,6456,conference_center,
1349,38084,6456,office_cubicles,
1350,38084,6480,conference_room,
1351,38084,6480,office,
1352,38084,6480,reception,
1353,38084,6480,conference_center,
1354,38084,6480,lecture_room,
1355,38084,6504,conference_room,
1356,38084,6504,office,
1357,38084,6504,conference_center,
1358,38084,6504,reception,
1359,38084,6504,lecture_room,
1360,38084,6528,conference_room,
1361,38084,6528,office,
1362,38084,6528,reception,
1363,38084,6528,conference_center,
1364,38084,6528,lecture_room,
1365,38084,6552,conference_room,
1366,38084,6552,office,
1367,38084,6552,reception,
1368,38084,6552,conference_center,
1369,38084,6552,lecture_room,
1370,38084,6576,office,
1371,38084,6576,conference_room,
1372,38084,6576,reception,
1373,38084,6576,conference_center,
1374,38084,6576,office_cubicles,
1375,38084,6600,office,
1376,38084,6600,reception,
1377,38084,6600,conference_room,
1378,38084,6600,office_cubicles,
1379,38084,6600,conference_center,
1380,38084,6624,office,
1381,38084,6624,reception,
1382,38084,6624,conference_room,
1383,38084,6624,office_cubicles,
1384,38084,6624,lecture_room,
1385,38084,6648,office,
1386,38084,6648,reception,
1387,38084,6648,conference_room,
1388,38084,6648,office_cubicles,
1389,38084,6648,conference_center,
1390,38084,6672,archive,
1391,38084,6672,classroom,
1392,38084,6672,lecture_room,
1393,38084,6672,clean_room,
1394,38084,6672,office,
1395,38084,6696,archive,
1396,38084,6696,classroom,
1397,38084,6696,lecture_room,
1398,38084,6696,operating_room,
1399,38084,6696,clean_room,
1400,38084,6720,archive,
1401,38084,6720,office,
1402,38084,6720,hospital_room,
1403,38084,6720,clean_room,
1404,38084,6720,nursing_home,
1405,38084,6744,classroom,
1406,38084,6744,lecture_room,
1407,38084,6744,archive,
1408,38084,6744,office,
1409,38084,6744,library/indoor,
1410,38084,6768,classroom,
1411,38084,6768,lecture_room,
1412,38084,6768,dressing_room,
1413,38084,6768,office,
1414,38084,6768,conference_room,
1415,38084,6792,dressing_room,
1416,38084,6792,bathroom,
1417,38084,6792,shower,
1418,38084,6792,clean_room,
1419,38084,6792,beauty_salon,
1420,38084,6816,clean_room,
1421,38084,6816,operating_room,
1422,38084,6816,archive,
1423,38084,6816,office,
1424,38084,6816,hospital_room,
1425,38084,6840,clean_room,
1426,38084,6840,chemistry_lab,
1427,38084,6840,archive,
1428,38084,6840,bow_window/indoor,
1429,38084,6840,shower,
1430,38084,6864,clean_room,
1431,38084,6864,restaurant,
1432,38084,6864,coffee_shop,
1433,38084,6864,dining_room,
1434,38084,6864,cafeteria,
1435,38084,6888,bow_window/indoor,
1436,38084,6888,archive,
1437,38084,6888,shower,
1438,38084,6888,clean_room,
1439,38084,6888,doorway/outdoor,
1440,38084,6912,dressing_room,
1441,38084,6912,clean_room,
1442,38084,6912,archive,
1443,38084,6912,beauty_salon,
1444,38084,6912,shower,
1445,38084,6936,clean_room,
1446,38084,6936,dressing_room,
1447,38084,6936,beauty_salon,
1448,38084,6936,museum/indoor,
1449,38084,6936,archive,
1450,38084,6960,clean_room,
1451,38084,6960,dressing_room,
1452,38084,6960,beauty_salon,
1453,38084,6960,museum/indoor,
1454,38084,6960,archive,
1455,38084,6984,clean_room,
1456,38084,6984,dressing_room,
1457,38084,6984,beauty_salon,
1458,38084,6984,chemistry_lab,
1459,38084,6984,museum/indoor,
1460,38084,7008,clean_room,
1461,38084,7008,dressing_room,
1462,38084,7008,beauty_salon,
1463,38084,7008,biology_laboratory,
1464,38084,7008,museum/indoor,
1465,38084,7032,clean_room,
1466,38084,7032,dressing_room,
1467,38084,7032,beauty_salon,
1468,38084,7032,museum/indoor,
1469,38084,7032,archive,
1470,38084,7056,clean_room,
1471,38084,7056,dressing_room,
1472,38084,7056,museum/indoor,
1473,38084,7056,archive,
1474,38084,7056,beauty_salon,
1475,38084,7080,clean_room,
1476,38084,7080,dressing_room,
1477,38084,7080,museum/indoor,
1478,38084,7080,archive,
1479,38084,7080,locker_room,
1480,38084,7104,clean_room,
1481,38084,7104,dressing_room,
1482,38084,7104,archive,
1483,38084,7104,museum/indoor,
1484,38084,7104,locker_room,
1485,38084,7128,clean_room,
1486,38084,7128,dressing_room,
1487,38084,7128,locker_room,
1488,38084,7128,sauna,
1489,38084,7128,museum/indoor,
1490,38084,7152,clean_room,
1491,38084,7152,chemistry_lab,
1492,38084,7152,archive,
1493,38084,7152,office,
1494,38084,7152,dining_room,
1495,38084,7176,clean_room,
1496,38084,7176,dressing_room,
1497,38084,7176,chemistry_lab,
1498,38084,7176,beauty_salon,
1499,38084,7176,biology_laboratory,
1500,38084,7200,dressing_room,
1501,38084,7200,shower,
1502,38084,7200,clean_room,
1503,38084,7200,bow_window/indoor,
1504,38084,7200,nursery,
1505,38084,7224,archive,
1506,38084,7224,office,
1507,38084,7224,bow_window/indoor,
1508,38084,7224,lecture_room,
1509,38084,7224,library/indoor,
1510,38084,7248,clean_room,
1511,38084,7248,classroom,
1512,38084,7248,office,
1513,38084,7248,chemistry_lab,
1514,38084,7248,dressing_room,
1515,38084,7272,office,
1516,38084,7272,clean_room,
1517,38084,7272,bow_window/indoor,
1518,38084,7272,chemistry_lab,
1519,38084,7272,shower,
1520,38084,7296,clean_room,
1521,38084,7296,chemistry_lab,
1522,38084,7296,dressing_room,
1523,38084,7296,bow_window/indoor,
1524,38084,7296,archive,
1525,38084,7320,dressing_room,
1526,38084,7320,office,
1527,38084,7320,shower,
1528,38084,7320,beauty_salon,
1529,38084,7320,archive,
1530,38084,7344,dressing_room,
1531,38084,7344,shower,
1532,38084,7344,beauty_salon,
1533,38084,7344,office,
1534,38084,7344,bathroom,
1535,38084,7368,dressing_room,
1536,38084,7368,shower,
1537,38084,7368,beauty_salon,
1538,38084,7368,bathroom,
1539,38084,7368,office,
1540,38084,7392,dressing_room,
1541,38084,7392,shower,
1542,38084,7392,bathroom,
1543,38084,7392,elevator/door,
1544,38084,7392,beauty_salon,
1545,38084,7416,dressing_room,
1546,38084,7416,beauty_salon,
1547,38084,7416,shower,
1548,38084,7416,bathroom,
1549,38084,7416,bow_window/indoor,
1550,38084,7440,dressing_room,
1551,38084,7440,shower,
1552,38084,7440,beauty_salon,
1553,38084,7440,bathroom,
1554,38084,7440,playroom,
1555,38084,7464,dressing_room,
1556,38084,7464,beauty_salon,
1557,38084,7464,shower,
1558,38084,7464,bathroom,
1559,38084,7464,playroom,
1560,38084,7488,dressing_room,
1561,38084,7488,shower,
1562,38084,7488,bathroom,
1563,38084,7488,beauty_salon,
1564,38084,7488,playroom,
1565,38084,7512,dressing_room,
1566,38084,7512,shower,
1567,38084,7512,bathroom,
1568,38084,7512,beauty_salon,
1569,38084,7512,music_studio,
1570,38084,7536,dressing_room,
1571,38084,7536,shower,
1572,38084,7536,bathroom,
1573,38084,7536,beauty_salon,
1574,38084,7536,locker_room,
1575,38084,7560,dressing_room,
1576,38084,7560,shower,
1577,38084,7560,bathroom,
1578,38084,7560,beauty_salon,
1579,38084,7560,bow_window/indoor,
1580,38084,7584,dressing_room,
1581,38084,7584,beauty_salon,
1582,38084,7584,shower,
1583,38084,7584,bathroom,
1584,38084,7584,office,
1585,38084,7608,locker_room,
1586,38084,7608,clean_room,
1587,38084,7608,nursery,
1588,38084,7608,dressing_room,
1589,38084,7608,museum/indoor,
1590,38084,7632,nursery,
1591,38084,7632,clean_room,
1592,38084,7632,locker_room,
1593,38084,7632,dressing_room,
1594,38084,7632,museum/indoor,
1595,38084,7656,clean_room,
1596,38084,7656,nursery,
1597,38084,7656,locker_room,
1598,38084,7656,dressing_room,
1599,38084,7656,museum/indoor,
1600,38084,7680,nursery,
1601,38084,7680,clean_room,
1602,38084,7680,locker_room,
1603,38084,7680,dressing_room,
1604,38084,7680,museum/indoor,
1605,38084,7704,nursery,
1606,38084,7704,clean_room,
1607,38084,7704,locker_room,
1608,38084,7704,dressing_room,
1609,38084,7704,museum/indoor,
1610,38084,7728,clean_room,
1611,38084,7728,museum/indoor,
1612,38084,7728,physics_laboratory,
1613,38084,7728,dressing_room,
1614,38084,7728,locker_room,
1615,38084,7752,nursery,
1616,38084,7752,museum/indoor,
1617,38084,7752,clean_room,
1618,38084,7752,jewelry_shop,
1619,38084,7752,dressing_room,
1620,38084,7776,clean_room,
1621,38084,7776,locker_room,
1622,38084,7776,physics_laboratory,
1623,38084,7776,server_room,
1624,38084,7776,jewelry_shop,
1625,38084,7800,clean_room,
1626,38084,7800,locker_room,
1627,38084,7800,server_room,
1628,38084,7800,physics_laboratory,
1629,38084,7800,music_studio,
1630,38084,7824,clean_room,
1631,38084,7824,locker_room,
1632,38084,7824,server_room,
1633,38084,7824,physics_laboratory,
1634,38084,7824,music_studio,
1635,38084,7848,jewelry_shop,
1636,38084,7848,clean_room,
1637,38084,7848,physics_laboratory,
1638,38084,7848,art_studio,
1639,38084,7848,office,
1640,38084,7872,art_gallery,
1641,38084,7872,art_school,
1642,38084,7872,art_studio,
1643,38084,7872,clean_room,
1644,38084,7872,physics_laboratory,
1645,38084,7896,art_gallery,
1646,38084,7896,locker_room,
1647,38084,7896,elevator/door,
1648,38084,7896,museum/indoor,
1649,38084,7896,art_school,
1650,38084,7920,art_gallery,
1651,38084,7920,art_studio,
1652,38084,7920,locker_room,
1653,38084,7920,art_school,
1654,38084,7920,museum/indoor,
1655,38084,7944,art_gallery,
1656,38084,7944,locker_room,
1657,38084,7944,art_studio,
1658,38084,7944,art_school,
1659,38084,7944,museum/indoor,
1660,38084,7968,dressing_room,
1661,38084,7968,shower,
1662,38084,7968,bathroom,
1663,38084,7968,beauty_salon,
1664,38084,7968,museum/indoor,
1665,38084,7992,dressing_room,
1666,38084,7992,shower,
1667,38084,7992,bathroom,
1668,38084,7992,beauty_salon,
1669,38084,7992,museum/indoor,
1670,38084,8016,dressing_room,
1671,38084,8016,shower,
1672,38084,8016,beauty_salon,
1673,38084,8016,bathroom,
1674,38084,8016,office,
1675,38084,8040,dressing_room,
1676,38084,8040,shower,
1677,38084,8040,beauty_salon,
1678,38084,8040,bathroom,
1679,38084,8040,office,
1680,38084,8064,dressing_room,
1681,38084,8064,shower,
1682,38084,8064,bathroom,
1683,38084,8064,beauty_salon,
1684,38084,8064,art_gallery,
1685,38084,8088,dressing_room,
1686,38084,8088,shower,
1687,38084,8088,bathroom,
1688,38084,8088,beauty_salon,
1689,38084,8088,office,
1690,38084,8112,dressing_room,
1691,38084,8112,shower,
1692,38084,8112,bathroom,
1693,38084,8112,beauty_salon,
1694,38084,8112,sauna,
1695,38084,8136,dressing_room,
1696,38084,8136,shower,
1697,38084,8136,bathroom,
1698,38084,8136,beauty_salon,
1699,38084,8136,sauna,
1700,38084,8160,art_school,
1701,38084,8160,art_studio,
1702,38084,8160,classroom,
1703,38084,8160,museum/indoor,
1704,38084,8160,art_gallery,
1705,38084,8184,art_studio,
1706,38084,8184,art_school,
1707,38084,8184,museum/indoor,
1708,38084,8184,classroom,
1709,38084,8184,booth/indoor,
1710,38084,8208,art_studio,
1711,38084,8208,art_school,
1712,38084,8208,classroom,
1713,38084,8208,museum/indoor,
1714,38084,8208,booth/indoor,
1715,38084,8232,art_studio,
1716,38084,8232,art_school,
1717,38084,8232,museum/indoor,
1718,38084,8232,classroom,
1719,38084,8232,art_gallery,
1720,38084,8256,art_studio,
1721,38084,8256,art_school,
1722,38084,8256,museum/indoor,
1723,38084,8256,booth/indoor,
1724,38084,8256,classroom,
1725,38084,8280,art_studio,
1726,38084,8280,art_school,
1727,38084,8280,booth/indoor,
1728,38084,8280,museum/indoor,
1729,38084,8280,classroom,
1730,38084,8304,art_school,
1731,38084,8304,art_studio,
1732,38084,8304,classroom,
1733,38084,8304,booth/indoor,
1734,38084,8304,museum/indoor,
1735,38084,8328,dressing_room,
1736,38084,8328,shower,
1737,38084,8328,beauty_salon,
1738,38084,8328,bathroom,
1739,38084,8328,music_studio,
1740,38084,8352,dressing_room,
1741,38084,8352,shower,
1742,38084,8352,music_studio,
1743,38084,8352,bathroom,
1744,38084,8352,beauty_salon,
1745,38084,8376,dressing_room,
1746,38084,8376,shower,
1747,38084,8376,bathroom,
1748,38084,8376,locker_room,
1749,38084,8376,elevator/door,
1750,38084,8400,dressing_room,
1751,38084,8400,office,
1752,38084,8400,beauty_salon,
1753,38084,8400,shower,
1754,38084,8400,bathroom,
1755,38084,8424,dressing_room,
1756,38084,8424,beauty_salon,
1757,38084,8424,playroom,
1758,38084,8424,shower,
1759,38084,8424,television_studio,
1760,38084,8448,dressing_room,
1761,38084,8448,office,
1762,38084,8448,beauty_salon,
1763,38084,8448,shower,
1764,38084,8448,bathroom,
1765,38084,8472,dressing_room,
1766,38084,8472,shower,
1767,38084,8472,beauty_salon,
1768,38084,8472,bathroom,
1769,38084,8472,locker_room,
1770,38084,8496,dressing_room,
1771,38084,8496,shower,
1772,38084,8496,beauty_salon,
1773,38084,8496,bathroom,
1774,38084,8496,office,
1775,38084,8520,dressing_room,
1776,38084,8520,shower,
1777,38084,8520,bathroom,
1778,38084,8520,beauty_salon,
1779,38084,8520,office,
1780,38084,8544,dressing_room,
1781,38084,8544,shower,
1782,38084,8544,beauty_salon,
1783,38084,8544,bathroom,
1784,38084,8544,office,
1785,38084,8568,dressing_room,
1786,38084,8568,office,
1787,38084,8568,shower,
1788,38084,8568,beauty_salon,
1789,38084,8568,bathroom,
1790,38084,8592,dressing_room,
1791,38084,8592,shower,
1792,38084,8592,beauty_salon,
1793,38084,8592,bathroom,
1794,38084,8592,office,
1795,38084,8616,dressing_room,
1796,38084,8616,shower,
1797,38084,8616,bathroom,
1798,38084,8616,beauty_salon,
1799,38084,8616,elevator/door,
1800,38084,8640,dressing_room,
1801,38084,8640,shower,
1802,38084,8640,bathroom,
1803,38084,8640,sauna,
1804,38084,8640,beauty_salon,
1805,38084,8664,dressing_room,
1806,38084,8664,shower,
1807,38084,8664,bathroom,
1808,38084,8664,locker_room,
1809,38084,8664,elevator/door,
1810,38084,8688,dressing_room,
1811,38084,8688,shower,
1812,38084,8688,beauty_salon,
1813,38084,8688,bathroom,
1814,38084,8688,locker_room,
1815,38084,8712,dressing_room,
1816,38084,8712,locker_room,
1817,38084,8712,shower,
1818,38084,8712,beauty_salon,
1819,38084,8712,elevator/door,
1820,38084,8736,dressing_room,
1821,38084,8736,beauty_salon,
1822,38084,8736,shower,
1823,38084,8736,locker_room,
1824,38084,8736,bathroom,
1825,38084,8760,dressing_room,
1826,38084,8760,shower,
1827,38084,8760,beauty_salon,
1828,38084,8760,bathroom,
1829,38084,8760,locker_room,
1830,38084,8784,dressing_room,
1831,38084,8784,shower,
1832,38084,8784,beauty_salon,
1833,38084,8784,bathroom,
1834,38084,8784,locker_room,
1835,38084,8808,dressing_room,
1836,38084,8808,shower,
1837,38084,8808,bathroom,
1838,38084,8808,locker_room,
1839,38084,8808,sauna,
1840,38084,8832,dressing_room,
1841,38084,8832,archive,
1842,38084,8832,office,
1843,38084,8832,beauty_salon,
1844,38084,8832,locker_room,
1845,38084,8856,dressing_room,
1846,38084,8856,beauty_salon,
1847,38084,8856,office,
1848,38084,8856,bow_window/indoor,
1849,38084,8856,coffee_shop,
1850,38084,8880,dressing_room,
1851,38084,8880,office,
1852,38084,8880,television_studio,
1853,38084,8880,shower,
1854,38084,8880,elevator_lobby,
1855,38084,8904,dressing_room,
1856,38084,8904,office,
1857,38084,8904,locker_room,
1858,38084,8904,shower,
1859,38084,8904,beauty_salon,
1860,38084,8928,dressing_room,
1861,38084,8928,shower,
1862,38084,8928,bathroom,
1863,38084,8928,locker_room,
1864,38084,8928,office,
1865,38084,8952,dressing_room,
1866,38084,8952,shower,
1867,38084,8952,bathroom,
1868,38084,8952,office,
1869,38084,8952,archive,
1870,38084,8976,dressing_room,
1871,38084,8976,shower,
1872,38084,8976,bathroom,
1873,38084,8976,elevator/door,
1874,38084,8976,locker_room,
1875,38084,9000,dressing_room,
1876,38084,9000,shower,
1877,38084,9000,bathroom,
1878,38084,9000,beauty_salon,
1879,38084,9000,locker_room,
1880,38084,9024,dressing_room,
1881,38084,9024,shower,
1882,38084,9024,locker_room,
1883,38084,9024,beauty_salon,
1884,38084,9024,bathroom,
1885,38084,9048,dressing_room,
1886,38084,9048,shower,
1887,38084,9048,bathroom,
1888,38084,9048,office,
1889,38084,9048,beauty_salon,
1890,38084,9072,dressing_room,
1891,38084,9072,shower,
1892,38084,9072,bathroom,
1893,38084,9072,beauty_salon,
1894,38084,9072,elevator/door,
1895,38084,9096,dressing_room,
1896,38084,9096,shower,
1897,38084,9096,bathroom,
1898,38084,9096,beauty_salon,
1899,38084,9096,locker_room,
1900,38084,9120,dressing_room,
1901,38084,9120,shower,
1902,38084,9120,bathroom,
1903,38084,9120,beauty_salon,
1904,38084,9120,office,
1905,38084,9144,dressing_room,
1906,38084,9144,shower,
1907,38084,9144,bathroom,
1908,38084,9144,elevator/door,
1909,38084,9144,elevator_lobby,
1910,38084,9168,dressing_room,
1911,38084,9168,shower,
1912,38084,9168,bathroom,
1913,38084,9168,beauty_salon,
1914,38084,9168,elevator/door,
1915,38084,9192,dressing_room,
1916,38084,9192,shower,
1917,38084,9192,beauty_salon,
1918,38084,9192,office,
1919,38084,9192,bathroom,
1920,38084,9216,dressing_room,
1921,38084,9216,shower,
1922,38084,9216,office,
1923,38084,9216,museum/indoor,
1924,38084,9216,archive,
1925,38084,9240,dressing_room,
1926,38084,9240,archive,
1927,38084,9240,office,
1928,38084,9240,clean_room,
1929,38084,9240,bow_window/indoor,
1930,38084,9264,bow_window/indoor,
1931,38084,9264,elevator/door,
1932,38084,9264,shower,
1933,38084,9264,art_gallery,
1934,38084,9264,alcove,
1935,38084,9288,bow_window/indoor,
1936,38084,9288,playroom,
1937,38084,9288,classroom,
1938,38084,9288,office,
1939,38084,9288,kindergarden_classroom,
1940,38084,9312,locker_room,
1941,38084,9312,dressing_room,
1942,38084,9312,archive,
1943,38084,9312,clean_room,
1944,38084,9312,shower,
1945,38084,9336,bow_window/indoor,
1946,38084,9336,locker_room,
1947,38084,9336,archive,
1948,38084,9336,office,
1949,38084,9336,clean_room,
1950,38084,9360,gymnasium/indoor,
1951,38084,9360,playground,
1952,38084,9360,airport_terminal,
1953,38084,9360,atrium/public,
1954,38084,9360,clean_room,
1955,38084,9384,clean_room,
1956,38084,9384,chemistry_lab,
1957,38084,9384,beauty_salon,
1958,38084,9384,gymnasium/indoor,
1959,38084,9384,museum/indoor,
1960,38084,9408,clean_room,
1961,38084,9408,archive,
1962,38084,9408,museum/indoor,
1963,38084,9408,chemistry_lab,
1964,38084,9408,library/indoor,
1965,38084,9432,clean_room,
1966,38084,9432,chemistry_lab,
1967,38084,9432,archive,
1968,38084,9432,science_museum,
1969,38084,9432,physics_laboratory,
1970,38084,9456,clean_room,
1971,38084,9456,chemistry_lab,
1972,38084,9456,hospital_room,
1973,38084,9456,operating_room,
1974,38084,9456,physics_laboratory,
1975,38084,9480,clean_room,
1976,38084,9480,hospital_room,
1977,38084,9480,operating_room,
1978,38084,9480,chemistry_lab,
1979,38084,9480,shower,
1980,38084,9504,clean_room,
1981,38084,9504,hospital_room,
1982,38084,9504,operating_room,
1983,38084,9504,chemistry_lab,
1984,38084,9504,laundromat,
1985,38084,9528,clean_room,
1986,38084,9528,operating_room,
1987,38084,9528,hospital_room,
1988,38084,9528,chemistry_lab,
1989,38084,9528,physics_laboratory,
1990,38084,9552,clean_room,
1991,38084,9552,operating_room,
1992,38084,9552,hospital_room,
1993,38084,9552,chemistry_lab,
1994,38084,9552,beauty_salon,
1995,38084,9576,classroom,
1996,38084,9576,archive,
1997,38084,9576,dressing_room,
1998,38084,9576,nursery,
1999,38084,9576,kindergarden_classroom,
2000,38084,9600,dressing_room,
2001,38084,9600,shower,
2002,38084,9600,archive,
2003,38084,9600,classroom,
2004,38084,9600,nursery,
2005,38084,9624,shower,
2006,38084,9624,dressing_room,
2007,38084,9624,archive,
2008,38084,9624,classroom,
2009,38084,9624,nursery,
2010,38084,9648,shower,
2011,38084,9648,dressing_room,
2012,38084,9648,nursery,
2013,38084,9648,classroom,
2014,38084,9648,museum/indoor,
2015,38084,9672,beauty_salon,
2016,38084,9672,dressing_room,
2017,38084,9672,museum/indoor,
2018,38084,9672,reception,
2019,38084,9672,jewelry_shop,
2020,38084,9696,museum/indoor,
2021,38084,9696,beauty_salon,
2022,38084,9696,dressing_room,
2023,38084,9696,reception,
2024,38084,9696,jewelry_shop,
2025,38084,9720,dressing_room,
2026,38084,9720,beauty_salon,
2027,38084,9720,nursery,
2028,38084,9720,chemistry_lab,
2029,38084,9720,gift_shop,
2030,38084,9744,beauty_salon,
2031,38084,9744,dressing_room,
2032,38084,9744,jewelry_shop,
2033,38084,9744,chemistry_lab,
2034,38084,9744,reception,
2035,38084,9768,beauty_salon,
2036,38084,9768,dressing_room,
2037,38084,9768,jewelry_shop,
2038,38084,9768,chemistry_lab,
2039,38084,9768,gift_shop,
2040,38084,9792,beauty_salon,
2041,38084,9792,dressing_room,
2042,38084,9792,chemistry_lab,
2043,38084,9792,jewelry_shop,
2044,38084,9792,clean_room,
2045,38084,9816,dressing_room,
2046,38084,9816,beauty_salon,
2047,38084,9816,nursery,
2048,38084,9816,museum/indoor,
2049,38084,9816,gift_shop,
2050,38084,9840,reception,
2051,38084,9840,sauna,
2052,38084,9840,bathroom,
2053,38084,9840,clean_room,
2054,38084,9840,shower,
2055,38084,9864,reception,
2056,38084,9864,shower,
2057,38084,9864,bathroom,
2058,38084,9864,airplane_cabin,
2059,38084,9864,jacuzzi/indoor,
2060,38084,9888,shower,
2061,38084,9888,bathroom,
2062,38084,9888,clean_room,
2063,38084,9888,bow_window/indoor,
2064,38084,9888,jacuzzi/indoor,
2065,38084,9912,shower,
2066,38084,9912,clean_room,
2067,38084,9912,bathroom,
2068,38084,9912,operating_room,
2069,38084,9912,elevator/door,
2070,38084,9936,airplane_cabin,
2071,38084,9936,clean_room,
2072,38084,9936,beauty_salon,
2073,38084,9936,laundromat,
2074,38084,9936,science_museum,
2075,38084,9960,discotheque,
2076,38084,9960,airplane_cabin,
2077,38084,9960,clean_room,
2078,38084,9960,shower,
2079,38084,9960,igloo,
2080,38084,9984,clean_room,
2081,38084,9984,bathroom,
2082,38084,9984,operating_room,
2083,38084,9984,art_gallery,
2084,38084,9984,hospital_room,
2085,38084,10008,clean_room,
2086,38084,10008,bathroom,
2087,38084,10008,operating_room,
2088,38084,10008,shower,
2089,38084,10008,biology_laboratory,
2090,38084,10032,clean_room,
2091,38084,10032,operating_room,
2092,38084,10032,museum/indoor,
2093,38084,10032,hospital_room,
2094,38084,10032,biology_laboratory,
2095,38084,10056,clean_room,
2096,38084,10056,shower,
2097,38084,10056,bathroom,
2098,38084,10056,museum/indoor,
2099,38084,10056,operating_room,
2100,38084,10080,clean_room,
2101,38084,10080,shower,
2102,38084,10080,bathroom,
2103,38084,10080,museum/indoor,
2104,38084,10080,subway_station/platform,
2105,38084,10104,clean_room,
2106,38084,10104,bathroom,
2107,38084,10104,hospital_room,
2108,38084,10104,shower,
2109,38084,10104,dressing_room,
2110,38084,10128,shower,
2111,38084,10128,clean_room,
2112,38084,10128,dressing_room,
2113,38084,10128,bathroom,
2114,38084,10128,locker_room,
2115,38084,10152,clean_room,
2116,38084,10152,dressing_room,
2117,38084,10152,shower,
2118,38084,10152,chemistry_lab,
2119,38084,10152,biology_laboratory,
2120,38084,10176,clean_room,
2121,38084,10176,dressing_room,
2122,38084,10176,chemistry_lab,
2123,38084,10176,shower,
2124,38084,10176,hospital_room,
2125,38084,10200,dressing_room,
2126,38084,10200,beauty_salon,
2127,38084,10200,locker_room,
2128,38084,10200,elevator/door,
2129,38084,10200,bathroom,
2130,38084,10224,dressing_room,
2131,38084,10224,locker_room,
2132,38084,10224,elevator/door,
2133,38084,10224,beauty_salon,
2134,38084,10224,elevator_lobby,
2135,38084,10248,dressing_room,
2136,38084,10248,elevator/door,
2137,38084,10248,locker_room,
2138,38084,10248,beauty_salon,
2139,38084,10248,elevator_lobby,
2140,38084,10272,dressing_room,
2141,38084,10272,elevator/door,
2142,38084,10272,locker_room,
2143,38084,10272,elevator_lobby,
2144,38084,10272,beauty_salon,
2145,38084,10296,clean_room,
2146,38084,10296,operating_room,
2147,38084,10296,hospital_room,
2148,38084,10296,biology_laboratory,
2149,38084,10296,chemistry_lab,
2150,38084,10320,clean_room,
2151,38084,10320,operating_room,
2152,38084,10320,hospital_room,
2153,38084,10320,biology_laboratory,
2154,38084,10320,chemistry_lab,
2155,38084,10344,clean_room,
2156,38084,10344,operating_room,
2157,38084,10344,hospital_room,
2158,38084,10344,chemistry_lab,
2159,38084,10344,biology_laboratory,
2160,38084,10368,clean_room,
2161,38084,10368,operating_room,
2162,38084,10368,hospital_room,
2163,38084,10368,chemistry_lab,
2164,38084,10368,engine_room,
2165,38084,10392,clean_room,
2166,38084,10392,operating_room,
2167,38084,10392,hospital_room,
2168,38084,10392,chemistry_lab,
2169,38084,10392,engine_room,
2170,38084,10416,clean_room,
2171,38084,10416,operating_room,
2172,38084,10416,hospital_room,
2173,38084,10416,chemistry_lab,
2174,38084,10416,biology_laboratory,
2175,38084,10440,clean_room,
2176,38084,10440,operating_room,
2177,38084,10440,biology_laboratory,
2178,38084,10440,chemistry_lab,
2179,38084,10440,hospital_room,
2180,38084,10464,dressing_room,
2181,38084,10464,elevator/door,
2182,38084,10464,locker_room,
2183,38084,10464,bathroom,
2184,38084,10464,elevator_lobby,
2185,38084,10488,dressing_room,
2186,38084,10488,elevator/door,
2187,38084,10488,bathroom,
2188,38084,10488,locker_room,
2189,38084,10488,elevator_lobby,
2190,38084,10512,dressing_room,
2191,38084,10512,elevator/door,
2192,38084,10512,locker_room,
2193,38084,10512,bathroom,
2194,38084,10512,elevator_lobby,
2195,38084,10536,dressing_room,
2196,38084,10536,locker_room,
2197,38084,10536,elevator/door,
2198,38084,10536,elevator_lobby,
2199,38084,10536,beauty_salon,
2200,38084,10560,dressing_room,
2201,38084,10560,elevator/door,
2202,38084,10560,locker_room,
2203,38084,10560,bathroom,
2204,38084,10560,shower,
2205,38084,10584,dressing_room,
2206,38084,10584,elevator/door,
2207,38084,10584,bathroom,
2208,38084,10584,locker_room,
2209,38084,10584,shower,
2210,38084,10608,dressing_room,
2211,38084,10608,elevator/door,
2212,38084,10608,elevator_lobby,
2213,38084,10608,beauty_salon,
2214,38084,10608,locker_room,
2215,38084,10632,phone_booth,
2216,38084,10632,bank_vault,
2217,38084,10632,elevator/door,
2218,38084,10632,laundromat,
2219,38084,10632,bathroom,
2220,38084,10656,elevator/door,
2221,38084,10656,airplane_cabin,
2222,38084,10656,bank_vault,
2223,38084,10656,laundromat,
2224,38084,10656,beauty_salon,
2225,38084,10680,phone_booth,
2226,38084,10680,subway_station/platform,
2227,38084,10680,laundromat,
2228,38084,10680,bank_vault,
2229,38084,10680,train_interior,
2230,38084,10704,bank_vault,
2231,38084,10704,elevator/door,
2232,38084,10704,subway_station/platform,
2233,38084,10704,phone_booth,
2234,38084,10704,art_gallery,
2235,38084,10728,airplane_cabin,
2236,38084,10728,bank_vault,
2237,38084,10728,car_interior,
2238,38084,10728,laundromat,
2239,38084,10728,phone_booth,
2240,38084,10752,airplane_cabin,
2241,38084,10752,car_interior,
2242,38084,10752,dressing_room,
2243,38084,10752,elevator/door,
2244,38084,10752,laundromat,
2245,38084,10776,airplane_cabin,
2246,38084,10776,car_interior,
2247,38084,10776,science_museum,
2248,38084,10776,bank_vault,
2249,38084,10776,elevator/door,
2250,38084,10800,airplane_cabin,
2251,38084,10800,bank_vault,
2252,38084,10800,car_interior,
2253,38084,10800,science_museum,
2254,38084,10800,phone_booth,
2255,38084,10824,airplane_cabin,
2256,38084,10824,car_interior,
2257,38084,10824,bank_vault,
2258,38084,10824,laundromat,
2259,38084,10824,phone_booth,
2260,38084,10848,car_interior,
2261,38084,10848,airplane_cabin,
2262,38084,10848,bank_vault,
2263,38084,10848,train_interior,
2264,38084,10848,laundromat,
2265,38084,10872,car_interior,
2266,38084,10872,airplane_cabin,
2267,38084,10872,bank_vault,
2268,38084,10872,train_interior,
2269,38084,10872,subway_station/platform,
2270,38084,10896,airplane_cabin,
2271,38084,10896,car_interior,
2272,38084,10896,bank_vault,
2273,38084,10896,subway_station/platform,
2274,38084,10896,escalator/indoor,
2275,38084,10920,car_interior,
2276,38084,10920,airplane_cabin,
2277,38084,10920,bank_vault,
2278,38084,10920,subway_station/platform,
2279,38084,10920,train_interior,
2280,38084,10944,airplane_cabin,
2281,38084,10944,car_interior,
2282,38084,10944,train_interior,
2283,38084,10944,phone_booth,
2284,38084,10944,bank_vault,
2285,38084,10968,airplane_cabin,
2286,38084,10968,car_interior,
2287,38084,10968,train_interior,
2288,38084,10968,bank_vault,
2289,38084,10968,clean_room,
2290,38084,10992,candy_store,
2291,38084,10992,pharmacy,
2292,38084,10992,drugstore,
2293,38084,10992,ice_cream_parlor,
2294,38084,10992,coffee_shop,
2295,38084,11016,classroom,
2296,38084,11016,archive,
2297,38084,11016,kindergarden_classroom,
2298,38084,11016,lecture_room,
2299,38084,11016,art_school,
2300,38084,11040,classroom,
2301,38084,11040,archive,
2302,38084,11040,kindergarden_classroom,
2303,38084,11040,lecture_room,
2304,38084,11040,office,
2305,38084,11064,classroom,
2306,38084,11064,archive,
2307,38084,11064,kindergarden_classroom,
2308,38084,11064,lecture_room,
2309,38084,11064,museum/indoor,
2310,38084,11088,classroom,
2311,38084,11088,archive,
2312,38084,11088,kindergarden_classroom,
2313,38084,11088,lecture_room,
2314,38084,11088,museum/indoor,
2315,38084,11112,classroom,
2316,38084,11112,archive,
2317,38084,11112,kindergarden_classroom,
2318,38084,11112,lecture_room,
2319,38084,11112,museum/indoor,
2320,38084,11136,classroom,
2321,38084,11136,archive,
2322,38084,11136,kindergarden_classroom,
2323,38084,11136,lecture_room,
2324,38084,11136,museum/indoor,
2325,38084,11160,clean_room,
2326,38084,11160,archive,
2327,38084,11160,chemistry_lab,
2328,38084,11160,library/indoor,
2329,38084,11160,biology_laboratory,
2330,38084,11184,clean_room,
2331,38084,11184,archive,
2332,38084,11184,chemistry_lab,
2333,38084,11184,library/indoor,
2334,38084,11184,biology_laboratory,
2335,38084,11208,clean_room,
2336,38084,11208,archive,
2337,38084,11208,chemistry_lab,
2338,38084,11208,biology_laboratory,
2339,38084,11208,physics_laboratory,
2340,38084,11232,clean_room,
2341,38084,11232,chemistry_lab,
2342,38084,11232,archive,
2343,38084,11232,biology_laboratory,
2344,38084,11232,physics_laboratory,
2345,38084,11256,clean_room,
2346,38084,11256,archive,
2347,38084,11256,chemistry_lab,
2348,38084,11256,biology_laboratory,
2349,38084,11256,library/indoor,
2350,38084,11280,clean_room,
2351,38084,11280,archive,
2352,38084,11280,chemistry_lab,
2353,38084,11280,physics_laboratory,
2354,38084,11280,biology_laboratory,
2355,38084,11304,clean_room,
2356,38084,11304,biology_laboratory,
2357,38084,11304,chemistry_lab,
2358,38084,11304,archive,
2359,38084,11304,dining_room,
2360,38084,11328,office_cubicles,
2361,38084,11328,office,
2362,38084,11328,computer_room,
2363,38084,11328,clean_room,
2364,38084,11328,dining_room,
2365,38084,11352,clean_room,
2366,38084,11352,office,
2367,38084,11352,archive,
2368,38084,11352,beauty_salon,
2369,38084,11352,home_office,
2370,38084,11376,clean_room,
2371,38084,11376,hospital_room,
2372,38084,11376,operating_room,
2373,38084,11376,beauty_salon,
2374,38084,11376,archive,
2375,38084,11400,beauty_salon,
2376,38084,11400,clean_room,
2377,38084,11400,office,
2378,38084,11400,hospital_room,
2379,38084,11400,jewelry_shop,
2380,38084,11424,beauty_salon,
2381,38084,11424,clean_room,
2382,38084,11424,chemistry_lab,
2383,38084,11424,dressing_room,
2384,38084,11424,office,
2385,38084,11448,beauty_salon,
2386,38084,11448,clean_room,
2387,38084,11448,office,
2388,38084,11448,chemistry_lab,
2389,38084,11448,dressing_room,
2390,38084,11472,beauty_salon,
2391,38084,11472,clean_room,
2392,38084,11472,office,
2393,38084,11472,chemistry_lab,
2394,38084,11472,computer_room,
2395,38084,11496,clean_room,
2396,38084,11496,beauty_salon,
2397,38084,11496,office,
2398,38084,11496,home_office,
2399,38084,11496,computer_room,
2400,38084,11520,beauty_salon,
2401,38084,11520,clean_room,
2402,38084,11520,chemistry_lab,
2403,38084,11520,dressing_room,
2404,38084,11520,office,
2405,38084,11544,beauty_salon,
2406,38084,11544,clean_room,
2407,38084,11544,dressing_room,
2408,38084,11544,hospital_room,
2409,38084,11544,chemistry_lab,
2410,38084,11568,clean_room,
2411,38084,11568,beauty_salon,
2412,38084,11568,office,
2413,38084,11568,chemistry_lab,
2414,38084,11568,operating_room,
2415,38084,11592,clean_room,
2416,38084,11592,office,
2417,38084,11592,beauty_salon,
2418,38084,11592,archive,
2419,38084,11592,reception,
2420,38084,11616,office,
2421,38084,11616,clean_room,
2422,38084,11616,computer_room,
2423,38084,11616,beauty_salon,
2424,38084,11616,archive,
2425,38084,11640,beauty_salon,
2426,38084,11640,clean_room,
2427,38084,11640,office,
2428,38084,11640,chemistry_lab,
2429,38084,11640,dressing_room,
2430,38084,11664,beauty_salon,
2431,38084,11664,dressing_room,
2432,38084,11664,chemistry_lab,
2433,38084,11664,clean_room,
2434,38084,11664,biology_laboratory,
2435,38084,11688,beauty_salon,
2436,38084,11688,biology_laboratory,
2437,38084,11688,dressing_room,
2438,38084,11688,clean_room,
2439,38084,11688,chemistry_lab,
2440,38084,11712,dressing_room,
2441,38084,11712,beauty_salon,
2442,38084,11712,biology_laboratory,
2443,38084,11712,clean_room,
2444,38084,11712,chemistry_lab,
2445,38084,11736,beauty_salon,
2446,38084,11736,biology_laboratory,
2447,38084,11736,chemistry_lab,
2448,38084,11736,dressing_room,
2449,38084,11736,clean_room,
2450,38084,11760,chemistry_lab,
2451,38084,11760,biology_laboratory,
2452,38084,11760,dressing_room,
2453,38084,11760,beauty_salon,
2454,38084,11760,clean_room,
2455,38084,11784,clean_room,
2456,38084,11784,biology_laboratory,
2457,38084,11784,office,
2458,38084,11784,beauty_salon,
2459,38084,11784,chemistry_lab,
2460,38084,11808,office,
2461,38084,11808,clean_room,
2462,38084,11808,pharmacy,
2463,38084,11808,archive,
2464,38084,11808,office_cubicles,
2465,38084,11832,clean_room,
2466,38084,11832,office,
2467,38084,11832,beauty_salon,
2468,38084,11832,chemistry_lab,
2469,38084,11832,biology_laboratory,
2470,38084,11856,clean_room,
2471,38084,11856,office,
2472,38084,11856,computer_room,
2473,38084,11856,airplane_cabin,
2474,38084,11856,office_cubicles,
2475,38084,11880,clean_room,
2476,38084,11880,office,
2477,38084,11880,physics_laboratory,
2478,38084,11880,chemistry_lab,
2479,38084,11880,biology_laboratory,
2480,38084,11904,computer_room,
2481,38084,11904,clean_room,
2482,38084,11904,office,
2483,38084,11904,chemistry_lab,
2484,38084,11904,archive,
2485,38084,11928,clean_room,
2486,38084,11928,office,
2487,38084,11928,computer_room,
2488,38084,11928,museum/indoor,
2489,38084,11928,office_cubicles,
2490,38084,11952,office,
2491,38084,11952,clean_room,
2492,38084,11952,office_cubicles,
2493,38084,11952,archive,
2494,38084,11952,reception,
2495,38084,11976,clean_room,
2496,38084,11976,pharmacy,
2497,38084,11976,office,
2498,38084,11976,museum/indoor,
2499,38084,11976,drugstore,
2500,38084,12000,office,
2501,38084,12000,pharmacy,
2502,38084,12000,office_cubicles,
2503,38084,12000,archive,
2504,38084,12000,clean_room,
2505,38084,12024,office,
2506,38084,12024,office_cubicles,
2507,38084,12024,pharmacy,
2508,38084,12024,archive,
2509,38084,12024,classroom,
2510,38084,12048,pharmacy,
2511,38084,12048,clean_room,
2512,38084,12048,archive,
2513,38084,12048,office,
2514,38084,12048,chemistry_lab,
2515,38084,12072,pharmacy,
2516,38084,12072,clean_room,
2517,38084,12072,archive,
2518,38084,12072,office,
2519,38084,12072,drugstore,
2520,38084,12096,clean_room,
2521,38084,12096,office,
2522,38084,12096,archive,
2523,38084,12096,biology_laboratory,
2524,38084,12096,chemistry_lab,
2525,38084,12120,office,
2526,38084,12120,archive,
2527,38084,12120,home_office,
2528,38084,12120,office_cubicles,
2529,38084,12120,biology_laboratory,
2530,38084,12144,office,
2531,38084,12144,clean_room,
2532,38084,12144,classroom,
2533,38084,12144,office_cubicles,
2534,38084,12144,lecture_room,
2535,38084,12168,beauty_salon,
2536,38084,12168,clean_room,
2537,38084,12168,dressing_room,
2538,38084,12168,biology_laboratory,
2539,38084,12168,office,
2540,38084,12192,clean_room,
2541,38084,12192,beauty_salon,
2542,38084,12192,office,
2543,38084,12192,hospital_room,
2544,38084,12192,biology_laboratory,
2545,38084,12216,clean_room,
2546,38084,12216,beauty_salon,
2547,38084,12216,chemistry_lab,
2548,38084,12216,laundromat,
2549,38084,12216,hospital_room,
2550,38084,12240,office,
2551,38084,12240,home_office,
2552,38084,12240,office_cubicles,
2553,38084,12240,archive,
2554,38084,12240,clean_room,
2555,38084,12264,office,
2556,38084,12264,office_cubicles,
2557,38084,12264,archive,
2558,38084,12264,home_office,
2559,38084,12264,library/indoor,
2560,38084,12288,office,
2561,38084,12288,clean_room,
2562,38084,12288,office_cubicles,
2563,38084,12288,archive,
2564,38084,12288,library/indoor,
2565,38084,12312,clean_room,
2566,38084,12312,archive,
2567,38084,12312,biology_laboratory,
2568,38084,12312,office,
2569,38084,12312,beauty_salon,
2570,38084,12336,clean_room,
2571,38084,12336,biology_laboratory,
2572,38084,12336,chemistry_lab,
2573,38084,12336,operating_room,
2574,38084,12336,physics_laboratory,
2575,38084,12360,clean_room,
2576,38084,12360,operating_room,
2577,38084,12360,biology_laboratory,
2578,38084,12360,chemistry_lab,
2579,38084,12360,physics_laboratory,
2580,38084,12384,clean_room,
2581,38084,12384,dressing_room,
2582,38084,12384,operating_room,
2583,38084,12384,biology_laboratory,
2584,38084,12384,chemistry_lab,
2585,38084,12408,clean_room,
2586,38084,12408,shower,
2587,38084,12408,dressing_room,
2588,38084,12408,chemistry_lab,
2589,38084,12408,operating_room,
2590,38084,12432,clean_room,
2591,38084,12432,dressing_room,
2592,38084,12432,chemistry_lab,
2593,38084,12432,shower,
2594,38084,12432,biology_laboratory,
2595,38084,12456,clean_room,
2596,38084,12456,nursery,
2597,38084,12456,locker_room,
2598,38084,12456,hospital_room,
2599,38084,12456,archive,
2600,38084,12480,clean_room,
2601,38084,12480,hospital_room,
2602,38084,12480,operating_room,
2603,38084,12480,martial_arts_gym,
2604,38084,12480,archive,
2605,38084,12504,clean_room,
2606,38084,12504,hospital_room,
2607,38084,12504,chemistry_lab,
2608,38084,12504,biology_laboratory,
2609,38084,12504,cafeteria,
2610,38084,12528,clean_room,
2611,38084,12528,biology_laboratory,
2612,38084,12528,chemistry_lab,
2613,38084,12528,hospital_room,
2614,38084,12528,cafeteria,
2615,38084,12552,clean_room,
2616,38084,12552,hospital_room,
2617,38084,12552,dressing_room,
2618,38084,12552,chemistry_lab,
2619,38084,12552,cafeteria,
2620,38084,12576,clean_room,
2621,38084,12576,biology_laboratory,
2622,38084,12576,chemistry_lab,
2623,38084,12576,hospital_room,
2624,38084,12576,beauty_salon,
2625,38084,12600,clean_room,
2626,38084,12600,coffee_shop,
2627,38084,12600,operating_room,
2628,38084,12600,hospital_room,
2629,38084,12600,beauty_salon,
2630,38084,12624,clean_room,
2631,38084,12624,chemistry_lab,
2632,38084,12624,biology_laboratory,
2633,38084,12624,pharmacy,
2634,38084,12624,physics_laboratory,
2635,38084,12648,clean_room,
2636,38084,12648,beauty_salon,
2637,38084,12648,chemistry_lab,
2638,38084,12648,biology_laboratory,
2639,38084,12648,pharmacy,
2640,38084,12672,library/indoor,
2641,38084,12672,classroom,
2642,38084,12672,martial_arts_gym,
2643,38084,12672,boxing_ring,
2644,38084,12672,archive,
2645,38084,12696,clean_room,
2646,38084,12696,dressing_room,
2647,38084,12696,archive,
2648,38084,12696,beauty_salon,
2649,38084,12696,department_store,
2650,38084,12720,pharmacy,
2651,38084,12720,drugstore,
2652,38084,12720,clean_room,
2653,38084,12720,beauty_salon,
2654,38084,12720,chemistry_lab,
2655,38084,12744,clean_room,
2656,38084,12744,chemistry_lab,
2657,38084,12744,pharmacy,
2658,38084,12744,drugstore,
2659,38084,12744,biology_laboratory,
2660,38084,12768,pharmacy,
2661,38084,12768,drugstore,
2662,38084,12768,beauty_salon,
2663,38084,12768,clean_room,
2664,38084,12768,chemistry_lab,
2665,38084,12792,beauty_salon,
2666,38084,12792,clean_room,
2667,38084,12792,waiting_room,
2668,38084,12792,operating_room,
2669,38084,12792,hospital_room,
2670,38084,12816,clean_room,
2671,38084,12816,biology_laboratory,
2672,38084,12816,operating_room,
2673,38084,12816,hospital_room,
2674,38084,12816,chemistry_lab,
2675,38084,12840,music_studio,
2676,38084,12840,office,
2677,38084,12840,archive,
2678,38084,12840,physics_laboratory,
2679,38084,12840,clean_room,
2680,38084,12864,airplane_cabin,
2681,38084,12864,operating_room,
2682,38084,12864,hospital_room,
2683,38084,12864,living_room,
2684,38084,12864,clean_room,
2685,38084,12888,airplane_cabin,
2686,38084,12888,operating_room,
2687,38084,12888,waiting_room,
2688,38084,12888,living_room,
2689,38084,12888,hospital_room,
2690,38084,12912,airplane_cabin,
2691,38084,12912,operating_room,
2692,38084,12912,hospital_room,
2693,38084,12912,living_room,
2694,38084,12912,waiting_room,
2695,38084,12936,clean_room,
2696,38084,12936,biology_laboratory,
2697,38084,12936,chemistry_lab,
2698,38084,12936,atrium/public,
2699,38084,12936,restaurant_kitchen,
2700,38084,12960,clean_room,
2701,38084,12960,bathroom,
2702,38084,12960,airplane_cabin,
2703,38084,12960,staircase,
2704,38084,12960,living_room,
2705,38084,12984,clean_room,
2706,38084,12984,jewelry_shop,
2707,38084,12984,airplane_cabin,
2708,38084,12984,operating_room,
2709,38084,12984,beauty_salon,
2710,38084,13008,clean_room,
2711,38084,13008,biology_laboratory,
2712,38084,13008,airplane_cabin,
2713,38084,13008,clothing_store,
2714,38084,13008,operating_room,
2715,38084,13032,clean_room,
2716,38084,13032,operating_room,
2717,38084,13032,airplane_cabin,
2718,38084,13032,atrium/public,
2719,38084,13032,biology_laboratory,
2720,38084,13056,clean_room,
2721,38084,13056,biology_laboratory,
2722,38084,13056,operating_room,
2723,38084,13056,beauty_salon,
2724,38084,13056,engine_room,
2725,38084,13080,clean_room,
2726,38084,13080,nursery,
2727,38084,13080,bowling_alley,
2728,38084,13080,martial_arts_gym,
2729,38084,13080,biology_laboratory,
2730,38084,13104,dressing_room,
2731,38084,13104,beauty_salon,
2732,38084,13104,clothing_store,
2733,38084,13104,nursery,
2734,38084,13104,clean_room,
2735,38084,13128,dressing_room,
2736,38084,13128,clean_room,
2737,38084,13128,chemistry_lab,
2738,38084,13128,beauty_salon,
2739,38084,13128,clothing_store,
2740,38084,13152,dressing_room,
2741,38084,13152,chemistry_lab,
2742,38084,13152,clean_room,
2743,38084,13152,beauty_salon,
2744,38084,13152,bar,
2745,38084,13176,dressing_room,
2746,38084,13176,clean_room,
2747,38084,13176,beauty_salon,
2748,38084,13176,chemistry_lab,
2749,38084,13176,nursery,
2750,38084,13200,dressing_room,
2751,38084,13200,clean_room,
2752,38084,13200,beauty_salon,
2753,38084,13200,chemistry_lab,
2754,38084,13200,office,
2755,38084,13224,clean_room,
2756,38084,13224,operating_room,
2757,38084,13224,chemistry_lab,
2758,38084,13224,biology_laboratory,
2759,38084,13224,hospital_room,
2760,38084,13248,clean_room,
2761,38084,13248,operating_room,
2762,38084,13248,dressing_room,
2763,38084,13248,hospital_room,
2764,38084,13248,pharmacy,
2765,38084,13272,clean_room,
2766,38084,13272,museum/indoor,
2767,38084,13272,archive,
2768,38084,13272,pharmacy,
2769,38084,13272,chemistry_lab,
2770,38084,13296,clean_room,
2771,38084,13296,chemistry_lab,
2772,38084,13296,operating_room,
2773,38084,13296,biology_laboratory,
2774,38084,13296,archive,
2775,38084,13320,clean_room,
2776,38084,13320,chemistry_lab,
2777,38084,13320,biology_laboratory,
2778,38084,13320,pharmacy,
2779,38084,13320,drugstore,
2780,38084,13344,clean_room,
2781,38084,13344,chemistry_lab,
2782,38084,13344,pharmacy,
2783,38084,13344,museum/indoor,
2784,38084,13344,archive,
2785,38084,13368,dressing_room,
2786,38084,13368,clean_room,
2787,38084,13368,beauty_salon,
2788,38084,13368,nursery,
2789,38084,13368,bathroom,
2790,38084,13392,dressing_room,
2791,38084,13392,clean_room,
2792,38084,13392,nursery,
2793,38084,13392,bathroom,
2794,38084,13392,beauty_salon,
2795,38084,13416,dressing_room,
2796,38084,13416,playroom,
2797,38084,13416,clean_room,
2798,38084,13416,nursery,
2799,38084,13416,kitchen,
2800,38084,13440,dressing_room,
2801,38084,13440,hospital_room,
2802,38084,13440,beauty_salon,
2803,38084,13440,hotel_room,
2804,38084,13440,clean_room,
2805,38084,13464,dressing_room,
2806,38084,13464,locker_room,
2807,38084,13464,clean_room,
2808,38084,13464,hotel_room,
2809,38084,13464,hospital_room,
2810,38084,13488,dressing_room,
2811,38084,13488,beauty_salon,
2812,38084,13488,clean_room,
2813,38084,13488,locker_room,
2814,38084,13488,dorm_room,
2815,38084,13512,dressing_room,
2816,38084,13512,clean_room,
2817,38084,13512,locker_room,
2818,38084,13512,clothing_store,
2819,38084,13512,hospital_room,
2820,38084,13536,dressing_room,
2821,38084,13536,clean_room,
2822,38084,13536,locker_room,
2823,38084,13536,beauty_salon,
2824,38084,13536,clothing_store,
2825,38084,13560,dressing_room,
2826,38084,13560,nursery,
2827,38084,13560,clean_room,
2828,38084,13560,locker_room,
2829,38084,13560,hospital_room,
2830,38084,13584,clean_room,
2831,38084,13584,hospital_room,
2832,38084,13584,operating_room,
2833,38084,13584,chemistry_lab,
2834,38084,13584,beauty_salon,
2835,38084,13608,clean_room,
2836,38084,13608,dressing_room,
2837,38084,13608,locker_room,
2838,38084,13608,chemistry_lab,
2839,38084,13608,clothing_store,
2840,38084,13632,clean_room,
2841,38084,13632,dressing_room,
2842,38084,13632,chemistry_lab,
2843,38084,13632,clothing_store,
2844,38084,13632,locker_room,
2845,38084,13656,clean_room,
2846,38084,13656,dressing_room,
2847,38084,13656,clothing_store,
2848,38084,13656,chemistry_lab,
2849,38084,13656,beauty_salon,
2850,38084,13680,clean_room,
2851,38084,13680,dressing_room,
2852,38084,13680,clothing_store,
2853,38084,13680,locker_room,
2854,38084,13680,chemistry_lab,
2855,38084,13704,clean_room,
2856,38084,13704,dressing_room,
2857,38084,13704,locker_room,
2858,38084,13704,chemistry_lab,
2859,38084,13704,biology_laboratory,
2860,38084,13728,clean_room,
2861,38084,13728,dressing_room,
2862,38084,13728,chemistry_lab,
2863,38084,13728,biology_laboratory,
2864,38084,13728,locker_room,
2865,38084,13752,clean_room,
2866,38084,13752,dressing_room,
2867,38084,13752,chemistry_lab,
2868,38084,13752,biology_laboratory,
2869,38084,13752,operating_room,
2870,38084,13776,clean_room,
2871,38084,13776,operating_room,
2872,38084,13776,locker_room,
2873,38084,13776,dressing_room,
2874,38084,13776,chemistry_lab,
2875,38084,13800,clean_room,
2876,38084,13800,dressing_room,
2877,38084,13800,locker_room,
2878,38084,13800,clothing_store,
2879,38084,13800,elevator/door,
2880,38084,13824,clean_room,
2881,38084,13824,dressing_room,
2882,38084,13824,locker_room,
2883,38084,13824,clothing_store,
2884,38084,13824,chemistry_lab,
2885,38084,13848,clean_room,
2886,38084,13848,dressing_room,
2887,38084,13848,locker_room,
2888,38084,13848,chemistry_lab,
2889,38084,13848,biology_laboratory,
2890,38084,13872,clean_room,
2891,38084,13872,dressing_room,
2892,38084,13872,locker_room,
2893,38084,13872,chemistry_lab,
2894,38084,13872,archive,
2895,38084,13896,clean_room,
2896,38084,13896,shower,
2897,38084,13896,bathroom,
2898,38084,13896,locker_room,
2899,38084,13896,operating_room,
2900,38084,13920,clean_room,
2901,38084,13920,shower,
2902,38084,13920,elevator/door,
2903,38084,13920,locker_room,
2904,38084,13920,dressing_room,
2905,38084,13944,clean_room,
2906,38084,13944,shower,
2907,38084,13944,bathroom,
2908,38084,13944,elevator/door,
2909,38084,13944,locker_room,
2910,38084,13968,clean_room,
2911,38084,13968,dressing_room,
2912,38084,13968,shower,
2913,38084,13968,bathroom,
2914,38084,13968,locker_room,
2915,38084,13992,clean_room,
2916,38084,13992,dressing_room,
2917,38084,13992,clothing_store,
2918,38084,13992,operating_room,
2919,38084,13992,shower,
2920,38084,14016,clean_room,
2921,38084,14016,dressing_room,
2922,38084,14016,beauty_salon,
2923,38084,14016,archive,
2924,38084,14016,chemistry_lab,
2925,38084,14040,clean_room,
2926,38084,14040,beauty_salon,
2927,38084,14040,hospital_room,
2928,38084,14040,chemistry_lab,
2929,38084,14040,biology_laboratory,
2930,38084,14064,living_room,
2931,38084,14064,waiting_room,
2932,38084,14064,beauty_salon,
2933,38084,14064,bow_window/indoor,
2934,38084,14064,lobby,
2935,38084,14088,clean_room,
2936,38084,14088,dressing_room,
2937,38084,14088,operating_room,
2938,38084,14088,beauty_salon,
2939,38084,14088,hospital_room,
2940,38084,14112,clean_room,
2941,38084,14112,dressing_room,
2942,38084,14112,biology_laboratory,
2943,38084,14112,chemistry_lab,
2944,38084,14112,operating_room,
2945,38084,14136,dressing_room,
2946,38084,14136,clean_room,
2947,38084,14136,biology_laboratory,
2948,38084,14136,chemistry_lab,
2949,38084,14136,beauty_salon,
2950,38084,14160,clean_room,
2951,38084,14160,dressing_room,
2952,38084,14160,biology_laboratory,
2953,38084,14160,chemistry_lab,
2954,38084,14160,operating_room,
2955,38084,14184,biology_laboratory,
2956,38084,14184,chemistry_lab,
2957,38084,14184,clean_room,
2958,38084,14184,dressing_room,
2959,38084,14184,physics_laboratory,
2960,38084,14208,clean_room,
2961,38084,14208,dressing_room,
2962,38084,14208,biology_laboratory,
2963,38084,14208,chemistry_lab,
2964,38084,14208,operating_room,
2965,38084,14232,clean_room,
2966,38084,14232,biology_laboratory,
2967,38084,14232,chemistry_lab,
2968,38084,14232,operating_room,
2969,38084,14232,dressing_room,
2970,38084,14256,clean_room,
2971,38084,14256,dressing_room,
2972,38084,14256,biology_laboratory,
2973,38084,14256,chemistry_lab,
2974,38084,14256,operating_room,
2975,38084,14280,clean_room,
2976,38084,14280,biology_laboratory,
2977,38084,14280,chemistry_lab,
2978,38084,14280,operating_room,
2979,38084,14280,hospital_room,
2980,38084,14304,clean_room,
2981,38084,14304,dressing_room,
2982,38084,14304,biology_laboratory,
2983,38084,14304,chemistry_lab,
2984,38084,14304,ice_cream_parlor,
2985,38084,14328,clean_room,
2986,38084,14328,biology_laboratory,
2987,38084,14328,chemistry_lab,
2988,38084,14328,archive,
2989,38084,14328,pharmacy,
2990,38084,14352,clean_room,
2991,38084,14352,office,
2992,38084,14352,biology_laboratory,
2993,38084,14352,operating_room,
2994,38084,14352,chemistry_lab,
2995,38084,14376,clean_room,
2996,38084,14376,operating_room,
2997,38084,14376,hospital_room,
2998,38084,14376,biology_laboratory,
2999,38084,14376,chemistry_lab,
3000,38084,14400,clean_room,
3001,38084,14400,biology_laboratory,
3002,38084,14400,operating_room,
3003,38084,14400,chemistry_lab,
3004,38084,14400,pharmacy,
3005,38084,14424,clean_room,
3006,38084,14424,operating_room,
3007,38084,14424,biology_laboratory,
3008,38084,14424,archive,
3009,38084,14424,chemistry_lab,
3010,38084,14448,clean_room,
3011,38084,14448,operating_room,
3012,38084,14448,biology_laboratory,
3013,38084,14448,chemistry_lab,
3014,38084,14448,archive,
3015,38084,14472,clean_room,
3016,38084,14472,operating_room,
3017,38084,14472,biology_laboratory,
3018,38084,14472,chemistry_lab,
3019,38084,14472,archive,
3020,38084,14496,clean_room,
3021,38084,14496,archive,
3022,38084,14496,biology_laboratory,
3023,38084,14496,chemistry_lab,
3024,38084,14496,operating_room,
3025,38084,14520,clean_room,
3026,38084,14520,biology_laboratory,
3027,38084,14520,chemistry_lab,
3028,38084,14520,pharmacy,
3029,38084,14520,archive,
3030,38084,14544,clean_room,
3031,38084,14544,museum/indoor,
3032,38084,14544,dressing_room,
3033,38084,14544,archive,
3034,38084,14544,science_museum,
3035,38084,14568,clean_room,
3036,38084,14568,dressing_room,
3037,38084,14568,archive,
3038,38084,14568,chemistry_lab,
3039,38084,14568,biology_laboratory,
3040,38084,14592,clean_room,
3041,38084,14592,dressing_room,
3042,38084,14592,nursery,
3043,38084,14592,operating_room,
3044,38084,14592,museum/indoor,
3045,38084,14616,dressing_room,
3046,38084,14616,clean_room,
3047,38084,14616,nursery,
3048,38084,14616,beauty_salon,
3049,38084,14616,operating_room,
3050,38084,14640,clean_room,
3051,38084,14640,dressing_room,
3052,38084,14640,operating_room,
3053,38084,14640,hospital_room,
3054,38084,14640,chemistry_lab,
3055,38084,14664,clean_room,
3056,38084,14664,dressing_room,
3057,38084,14664,operating_room,
3058,38084,14664,nursery,
3059,38084,14664,archive,
3060,38084,14688,clean_room,
3061,38084,14688,archive,
3062,38084,14688,office,
3063,38084,14688,dressing_room,
3064,38084,14688,museum/indoor,
3065,38084,14712,clean_room,
3066,38084,14712,chemistry_lab,
3067,38084,14712,biology_laboratory,
3068,38084,14712,archive,
3069,38084,14712,dressing_room,
3070,38084,14736,clean_room,
3071,38084,14736,dressing_room,
3072,38084,14736,museum/indoor,
3073,38084,14736,archive,
3074,38084,14736,biology_laboratory,
3075,38084,14760,clean_room,
3076,38084,14760,biology_laboratory,
3077,38084,14760,chemistry_lab,
3078,38084,14760,computer_room,
3079,38084,14760,archive,
3080,38084,14784,clean_room,
3081,38084,14784,biology_laboratory,
3082,38084,14784,chemistry_lab,
3083,38084,14784,archive,
3084,38084,14784,physics_laboratory,
3085,38084,14808,clean_room,
3086,38084,14808,biology_laboratory,
3087,38084,14808,chemistry_lab,
3088,38084,14808,archive,
3089,38084,14808,computer_room,
3090,38084,14832,clean_room,
3091,38084,14832,biology_laboratory,
3092,38084,14832,chemistry_lab,
3093,38084,14832,archive,
3094,38084,14832,nursing_home,
3095,38084,14856,clean_room,
3096,38084,14856,biology_laboratory,
3097,38084,14856,chemistry_lab,
3098,38084,14856,archive,
3099,38084,14856,physics_laboratory,
3100,38084,14880,clean_room,
3101,38084,14880,archive,
3102,38084,14880,biology_laboratory,
3103,38084,14880,physics_laboratory,
3104,38084,14880,chemistry_lab,
3105,38084,14904,clean_room,
3106,38084,14904,biology_laboratory,
3107,38084,14904,archive,
3108,38084,14904,physics_laboratory,
3109,38084,14904,chemistry_lab,
3110,38084,14928,biology_laboratory,
3111,38084,14928,clean_room,
3112,38084,14928,chemistry_lab,
3113,38084,14928,physics_laboratory,
3114,38084,14928,archive,
3115,38084,14952,clean_room,
3116,38084,14952,biology_laboratory,
3117,38084,14952,archive,
3118,38084,14952,physics_laboratory,
3119,38084,14952,chemistry_lab,
3120,38084,14976,clean_room,
3121,38084,14976,biology_laboratory,
3122,38084,14976,chemistry_lab,
3123,38084,14976,archive,
3124,38084,14976,physics_laboratory,
3125,38084,15000,biology_laboratory,
3126,38084,15000,clean_room,
3127,38084,15000,chemistry_lab,
3128,38084,15000,dressing_room,
3129,38084,15000,physics_laboratory,
3130,38084,15024,dressing_room,
3131,38084,15024,clean_room,
3132,38084,15024,chemistry_lab,
3133,38084,15024,biology_laboratory,
3134,38084,15024,ice_cream_parlor,
3135,38084,15048,clean_room,
3136,38084,15048,dressing_room,
3137,38084,15048,nursing_home,
3138,38084,15048,chemistry_lab,
3139,38084,15048,hospital_room,
3140,38084,15072,clean_room,
3141,38084,15072,dressing_room,
3142,38084,15072,biology_laboratory,
3143,38084,15072,beauty_salon,
3144,38084,15072,hospital_room,
3145,38084,15096,clean_room,
3146,38084,15096,dressing_room,
3147,38084,15096,biology_laboratory,
3148,38084,15096,hospital_room,
3149,38084,15096,chemistry_lab,
3150,38084,15120,clean_room,
3151,38084,15120,dressing_room,
3152,38084,15120,biology_laboratory,
3153,38084,15120,chemistry_lab,
3154,38084,15120,archive,
3155,38084,15144,clean_room,
3156,38084,15144,dressing_room,
3157,38084,15144,archive,
3158,38084,15144,chemistry_lab,
3159,38084,15144,beauty_salon,
3160,38084,15168,clean_room,
3161,38084,15168,biology_laboratory,
3162,38084,15168,chemistry_lab,
3163,38084,15168,archive,
3164,38084,15168,office,
3165,38084,15192,clean_room,
3166,38084,15192,biology_laboratory,
3167,38084,15192,chemistry_lab,
3168,38084,15192,archive,
3169,38084,15192,office,
3170,38084,15216,clean_room,
3171,38084,15216,chemistry_lab,
3172,38084,15216,biology_laboratory,
3173,38084,15216,office,
3174,38084,15216,archive,
3175,38084,15240,clean_room,
3176,38084,15240,biology_laboratory,
3177,38084,15240,chemistry_lab,
3178,38084,15240,archive,
3179,38084,15240,office,
3180,38084,15264,clean_room,
3181,38084,15264,chemistry_lab,
3182,38084,15264,biology_laboratory,
3183,38084,15264,operating_room,
3184,38084,15264,hospital_room,
3185,38084,15288,clean_room,
3186,38084,15288,biology_laboratory,
3187,38084,15288,chemistry_lab,
3188,38084,15288,beauty_salon,
3189,38084,15288,hospital_room,
3190,38084,15312,clean_room,
3191,38084,15312,biology_laboratory,
3192,38084,15312,chemistry_lab,
3193,38084,15312,archive,
3194,38084,15312,office,
3195,38084,15336,clean_room,
3196,38084,15336,chemistry_lab,
3197,38084,15336,biology_laboratory,
3198,38084,15336,beauty_salon,
3199,38084,15336,operating_room,
3200,38084,15360,clean_room,
3201,38084,15360,archive,
3202,38084,15360,chemistry_lab,
3203,38084,15360,biology_laboratory,
3204,38084,15360,pharmacy,
3205,38084,15384,clean_room,
3206,38084,15384,dressing_room,
3207,38084,15384,archive,
3208,38084,15384,operating_room,
3209,38084,15384,biology_laboratory,
3210,38084,15408,clean_room,
3211,38084,15408,dressing_room,
3212,38084,15408,chemistry_lab,
3213,38084,15408,biology_laboratory,
3214,38084,15408,operating_room,
3215,38084,15432,clean_room,
3216,38084,15432,dressing_room,
3217,38084,15432,biology_laboratory,
3218,38084,15432,archive,
3219,38084,15432,chemistry_lab,
3220,38084,15456,clean_room,
3221,38084,15456,dressing_room,
3222,38084,15456,chemistry_lab,
3223,38084,15456,operating_room,
3224,38084,15456,biology_laboratory,
3225,38084,15480,dressing_room,
3226,38084,15480,clean_room,
3227,38084,15480,biology_laboratory,
3228,38084,15480,chemistry_lab,
3229,38084,15480,beauty_salon,
3230,38084,15504,dressing_room,
3231,38084,15504,clean_room,
3232,38084,15504,chemistry_lab,
3233,38084,15504,biology_laboratory,
3234,38084,15504,beauty_salon,
3235,38084,15528,dressing_room,
3236,38084,15528,biology_laboratory,
3237,38084,15528,archive,
3238,38084,15528,clean_room,
3239,38084,15528,chemistry_lab,
3240,38084,15552,clean_room,
3241,38084,15552,biology_laboratory,
3242,38084,15552,chemistry_lab,
3243,38084,15552,dressing_room,
3244,38084,15552,physics_laboratory,
3245,38084,15576,dressing_room,
3246,38084,15576,clean_room,
3247,38084,15576,biology_laboratory,
3248,38084,15576,chemistry_lab,
3249,38084,15576,beauty_salon,
3250,38084,15600,clean_room,
3251,38084,15600,dressing_room,
3252,38084,15600,biology_laboratory,
3253,38084,15600,operating_room,
3254,38084,15600,chemistry_lab,
3255,38084,15624,clean_room,
3256,38084,15624,biology_laboratory,
3257,38084,15624,operating_room,
3258,38084,15624,chemistry_lab,
3259,38084,15624,archive,
3260,38084,15648,clean_room,
3261,38084,15648,dressing_room,
3262,38084,15648,biology_laboratory,
3263,38084,15648,archive,
3264,38084,15648,chemistry_lab,
3265,38084,15672,clean_room,
3266,38084,15672,dressing_room,
3267,38084,15672,biology_laboratory,
3268,38084,15672,archive,
3269,38084,15672,chemistry_lab,
3270,38084,15696,clean_room,
3271,38084,15696,dressing_room,
3272,38084,15696,biology_laboratory,
3273,38084,15696,chemistry_lab,
3274,38084,15696,archive,
3275,38084,15720,clean_room,
3276,38084,15720,dressing_room,
3277,38084,15720,biology_laboratory,
3278,38084,15720,beauty_salon,
3279,38084,15720,chemistry_lab,
3280,38084,15744,clean_room,
3281,38084,15744,dressing_room,
3282,38084,15744,biology_laboratory,
3283,38084,15744,beauty_salon,
3284,38084,15744,archive,
3285,38084,15768,clean_room,
3286,38084,15768,biology_laboratory,
3287,38084,15768,chemistry_lab,
3288,38084,15768,physics_laboratory,
3289,38084,15768,archive,
3290,38084,15792,clean_room,
3291,38084,15792,biology_laboratory,
3292,38084,15792,archive,
3293,38084,15792,chemistry_lab,
3294,38084,15792,physics_laboratory,
3295,38084,15816,clean_room,
3296,38084,15816,biology_laboratory,
3297,38084,15816,physics_laboratory,
3298,38084,15816,chemistry_lab,
3299,38084,15816,operating_room,
3300,38084,15840,physics_laboratory,
3301,38084,15840,archive,
3302,38084,15840,music_studio,
3303,38084,15840,chemistry_lab,
3304,38084,15840,computer_room,
3305,38084,15864,physics_laboratory,
3306,38084,15864,archive,
3307,38084,15864,music_studio,
3308,38084,15864,computer_room,
3309,38084,15864,clean_room,
3310,38084,15888,clean_room,
3311,38084,15888,chemistry_lab,
3312,38084,15888,biology_laboratory,
3313,38084,15888,dressing_room,
3314,38084,15888,operating_room,
3315,38084,15912,clean_room,
3316,38084,15912,chemistry_lab,
3317,38084,15912,dressing_room,
3318,38084,15912,biology_laboratory,
3319,38084,15912,physics_laboratory,
3320,38084,15936,clean_room,
3321,38084,15936,dressing_room,
3322,38084,15936,chemistry_lab,
3323,38084,15936,biology_laboratory,
3324,38084,15936,beauty_salon,
3325,38084,15960,clean_room,
3326,38084,15960,biology_laboratory,
3327,38084,15960,chemistry_lab,
3328,38084,15960,dressing_room,
3329,38084,15960,physics_laboratory,
3330,38084,15984,clean_room,
3331,38084,15984,dressing_room,
3332,38084,15984,biology_laboratory,
3333,38084,15984,chemistry_lab,
3334,38084,15984,archive,
3335,38084,16008,clean_room,
3336,38084,16008,dressing_room,
3337,38084,16008,biology_laboratory,
3338,38084,16008,chemistry_lab,
3339,38084,16008,beauty_salon,
3340,38084,16032,clean_room,
3341,38084,16032,dressing_room,
3342,38084,16032,biology_laboratory,
3343,38084,16032,beauty_salon,
3344,38084,16032,chemistry_lab,
3345,38084,16056,clean_room,
3346,38084,16056,biology_laboratory,
3347,38084,16056,chemistry_lab,
3348,38084,16056,operating_room,
3349,38084,16056,hospital_room,
3350,38084,16080,museum/indoor,
3351,38084,16080,clean_room,
3352,38084,16080,art_gallery,
3353,38084,16080,dressing_room,
3354,38084,16080,nursery,
3355,38084,16104,museum/indoor,
3356,38084,16104,clean_room,
3357,38084,16104,nursery,
3358,38084,16104,art_gallery,
3359,38084,16104,childs_room,
3360,38084,16128,clean_room,
3361,38084,16128,biology_laboratory,
3362,38084,16128,chemistry_lab,
3363,38084,16128,pharmacy,
3364,38084,16128,operating_room,
3365,38084,16152,clean_room,
3366,38084,16152,biology_laboratory,
3367,38084,16152,chemistry_lab,
3368,38084,16152,operating_room,
3369,38084,16152,pharmacy,
3370,38084,16176,clean_room,
3371,38084,16176,operating_room,
3372,38084,16176,biology_laboratory,
3373,38084,16176,chemistry_lab,
3374,38084,16176,hospital_room,
3375,38084,16200,clean_room,
3376,38084,16200,operating_room,
3377,38084,16200,hospital_room,
3378,38084,16200,biology_laboratory,
3379,38084,16200,ice_cream_parlor,
3380,38084,16224,clean_room,
3381,38084,16224,hospital_room,
3382,38084,16224,beauty_salon,
3383,38084,16224,archive,
3384,38084,16224,office,
3385,38084,16248,clean_room,
3386,38084,16248,music_studio,
3387,38084,16248,physics_laboratory,
3388,38084,16248,archive,
3389,38084,16248,chemistry_lab,
3390,38084,16272,clean_room,
3391,38084,16272,science_museum,
3392,38084,16272,physics_laboratory,
3393,38084,16272,chemistry_lab,
3394,38084,16272,music_studio,
3395,38084,16296,clean_room,
3396,38084,16296,biology_laboratory,
3397,38084,16296,jewelry_shop,
3398,38084,16296,chemistry_lab,
3399,38084,16296,science_museum,
3400,38084,16320,clean_room,
3401,38084,16320,biology_laboratory,
3402,38084,16320,chemistry_lab,
3403,38084,16320,physics_laboratory,
3404,38084,16320,operating_room,
3405,38084,16344,clean_room,
3406,38084,16344,archive,
3407,38084,16344,biology_laboratory,
3408,38084,16344,chemistry_lab,
3409,38084,16344,beauty_salon,
3410,38084,16368,clean_room,
3411,38084,16368,archive,
3412,38084,16368,biology_laboratory,
3413,38084,16368,chemistry_lab,
3414,38084,16368,office,
3415,38084,16392,clean_room,
3416,38084,16392,archive,
3417,38084,16392,biology_laboratory,
3418,38084,16392,chemistry_lab,
3419,38084,16392,museum/indoor,
3420,38084,16416,clean_room,
3421,38084,16416,archive,
3422,38084,16416,chemistry_lab,
3423,38084,16416,museum/indoor,
3424,38084,16416,natural_history_museum,
3425,38084,16440,clean_room,
3426,38084,16440,archive,
3427,38084,16440,chemistry_lab,
3428,38084,16440,science_museum,
3429,38084,16440,biology_laboratory,
3430,38084,16464,clean_room,
3431,38084,16464,natural_history_museum,
3432,38084,16464,jewelry_shop,
3433,38084,16464,archive,
3434,38084,16464,museum/indoor,
3435,38084,16488,clean_room,
3436,38084,16488,beauty_salon,
3437,38084,16488,biology_laboratory,
3438,38084,16488,chemistry_lab,
3439,38084,16488,coffee_shop,
3440,38084,16512,chemistry_lab,
3441,38084,16512,archive,
3442,38084,16512,clean_room,
3443,38084,16512,physics_laboratory,
3444,38084,16512,coffee_shop,
3445,38084,16536,clean_room,
3446,38084,16536,chemistry_lab,
3447,38084,16536,biology_laboratory,
3448,38084,16536,nursing_home,
3449,38084,16536,hospital_room,
3450,38084,16560,clean_room,
3451,38084,16560,chemistry_lab,
3452,38084,16560,ice_cream_parlor,
3453,38084,16560,biology_laboratory,
3454,38084,16560,nursing_home,
3455,38084,16584,clean_room,
3456,38084,16584,chemistry_lab,
3457,38084,16584,biology_laboratory,
3458,38084,16584,ice_cream_parlor,
3459,38084,16584,hospital_room,
3460,38084,16608,chemistry_lab,
3461,38084,16608,clean_room,
3462,38084,16608,dressing_room,
3463,38084,16608,biology_laboratory,
3464,38084,16608,physics_laboratory,
3465,38084,16632,clean_room,
3466,38084,16632,physics_laboratory,
3467,38084,16632,operating_room,
3468,38084,16632,museum/indoor,
3469,38084,16632,dressing_room,
3470,38084,16656,archive,
3471,38084,16656,office,
3472,38084,16656,clean_room,
3473,38084,16656,chemistry_lab,
3474,38084,16656,physics_laboratory,
3475,38084,16680,archive,
3476,38084,16680,classroom,
3477,38084,16680,lecture_room,
3478,38084,16680,office,
3479,38084,16680,physics_laboratory,
3480,38084,16704,clean_room,
3481,38084,16704,operating_room,
3482,38084,16704,dressing_room,
3483,38084,16704,physics_laboratory,
3484,38084,16704,beauty_salon,
3485,38084,16728,chemistry_lab,
3486,38084,16728,lecture_room,
3487,38084,16728,archive,
3488,38084,16728,classroom,
3489,38084,16728,dining_hall,
3490,38084,16752,lecture_room,
3491,38084,16752,archive,
3492,38084,16752,classroom,
3493,38084,16752,chemistry_lab,
3494,38084,16752,conference_room,
3495,38084,16776,archive,
3496,38084,16776,chemistry_lab,
3497,38084,16776,lecture_room,
3498,38084,16776,library/indoor,
3499,38084,16776,clean_room,
3500,38084,16800,conference_room,
3501,38084,16800,lecture_room,
3502,38084,16800,archive,
3503,38084,16800,conference_center,
3504,38084,16800,classroom,
3505,38084,16824,clean_room,
3506,38084,16824,biology_laboratory,
3507,38084,16824,chemistry_lab,
3508,38084,16824,dressing_room,
3509,38084,16824,operating_room,
3510,38084,16848,clean_room,
3511,38084,16848,dressing_room,
3512,38084,16848,biology_laboratory,
3513,38084,16848,beauty_salon,
3514,38084,16848,chemistry_lab,
3515,38084,16872,clean_room,
3516,38084,16872,dressing_room,
3517,38084,16872,biology_laboratory,
3518,38084,16872,chemistry_lab,
3519,38084,16872,physics_laboratory,
3520,38084,16896,dressing_room,
3521,38084,16896,clean_room,
3522,38084,16896,biology_laboratory,
3523,38084,16896,chemistry_lab,
3524,38084,16896,physics_laboratory,
3525,38084,16920,dressing_room,
3526,38084,16920,clean_room,
3527,38084,16920,biology_laboratory,
3528,38084,16920,chemistry_lab,
3529,38084,16920,cafeteria,
3530,38084,16944,dressing_room,
3531,38084,16944,clean_room,
3532,38084,16944,archive,
3533,38084,16944,physics_laboratory,
3534,38084,16944,biology_laboratory,
3535,38084,16968,dressing_room,
3536,38084,16968,clean_room,
3537,38084,16968,ice_cream_parlor,
3538,38084,16968,chemistry_lab,
3539,38084,16968,biology_laboratory,
3540,38084,16992,dressing_room,
3541,38084,16992,clean_room,
3542,38084,16992,biology_laboratory,
3543,38084,16992,chemistry_lab,
3544,38084,16992,operating_room,
3545,38084,17016,clean_room,
3546,38084,17016,chemistry_lab,
3547,38084,17016,physics_laboratory,
3548,38084,17016,operating_room,
3549,38084,17016,biology_laboratory,
3550,38084,17040,clean_room,
3551,38084,17040,chemistry_lab,
3552,38084,17040,physics_laboratory,
3553,38084,17040,operating_room,
3554,38084,17040,biology_laboratory,
3555,38084,17064,clean_room,
3556,38084,17064,chemistry_lab,
3557,38084,17064,operating_room,
3558,38084,17064,physics_laboratory,
3559,38084,17064,biology_laboratory,
3560,38084,17088,clean_room,
3561,38084,17088,chemistry_lab,
3562,38084,17088,operating_room,
3563,38084,17088,physics_laboratory,
3564,38084,17088,biology_laboratory,
3565,38084,17112,clean_room,
3566,38084,17112,archive,
3567,38084,17112,chemistry_lab,
3568,38084,17112,physics_laboratory,
3569,38084,17112,biology_laboratory,
3570,38084,17136,clean_room,
3571,38084,17136,chemistry_lab,
3572,38084,17136,biology_laboratory,
3573,38084,17136,physics_laboratory,
3574,38084,17136,operating_room,
3575,38084,17160,chemistry_lab,
3576,38084,17160,physics_laboratory,
3577,38084,17160,clean_room,
3578,38084,17160,biology_laboratory,
3579,38084,17160,archive,
3580,38084,17184,physics_laboratory,
3581,38084,17184,clean_room,
3582,38084,17184,chemistry_lab,
3583,38084,17184,biology_laboratory,
3584,38084,17184,archive,
3585,38084,17208,physics_laboratory,
3586,38084,17208,clean_room,
3587,38084,17208,chemistry_lab,
3588,38084,17208,biology_laboratory,
3589,38084,17208,archive,
3590,38084,17232,archive,
3591,38084,17232,chemistry_lab,
3592,38084,17232,physics_laboratory,
3593,38084,17232,clean_room,
3594,38084,17232,classroom,
3595,38084,17256,archive,
3596,38084,17256,clean_room,
3597,38084,17256,physics_laboratory,
3598,38084,17256,chemistry_lab,
3599,38084,17256,library/indoor,
3600,38084,17280,archive,
3601,38084,17280,clean_room,
3602,38084,17280,nursing_home,
3603,38084,17280,chemistry_lab,
3604,38084,17280,office,
3605,38084,17304,archive,
3606,38084,17304,clean_room,
3607,38084,17304,nursing_home,
3608,38084,17304,office,
3609,38084,17304,chemistry_lab,
3610,38084,17328,archive,
3611,38084,17328,clean_room,
3612,38084,17328,physics_laboratory,
3613,38084,17328,chemistry_lab,
3614,38084,17328,biology_laboratory,
3615,38084,17352,archive,
3616,38084,17352,biology_laboratory,
3617,38084,17352,clean_room,
3618,38084,17352,chemistry_lab,
3619,38084,17352,classroom,
3620,38084,17376,clean_room,
3621,38084,17376,archive,
3622,38084,17376,biology_laboratory,
3623,38084,17376,chemistry_lab,
3624,38084,17376,physics_laboratory,
3625,38084,17400,archive,
3626,38084,17400,clean_room,
3627,38084,17400,nursing_home,
3628,38084,17400,chemistry_lab,
3629,38084,17400,biology_laboratory,
3630,38084,17424,clean_room,
3631,38084,17424,nursing_home,
3632,38084,17424,archive,
3633,38084,17424,chemistry_lab,
3634,38084,17424,biology_laboratory,
3635,38084,17448,nursing_home,
3636,38084,17448,archive,
3637,38084,17448,clean_room,
3638,38084,17448,chemistry_lab,
3639,38084,17448,biology_laboratory,
3640,38084,17472,archive,
3641,38084,17472,clean_room,
3642,38084,17472,nursing_home,
3643,38084,17472,biology_laboratory,
3644,38084,17472,chemistry_lab,
3645,38084,17496,archive,
3646,38084,17496,clean_room,
3647,38084,17496,biology_laboratory,
3648,38084,17496,classroom,
3649,38084,17496,office,
3650,38084,17520,archive,
3651,38084,17520,clean_room,
3652,38084,17520,library/indoor,
3653,38084,17520,office,
3654,38084,17520,biology_laboratory,
3655,38084,17544,clean_room,
3656,38084,17544,archive,
3657,38084,17544,biology_laboratory,
3658,38084,17544,chemistry_lab,
3659,38084,17544,office,
3660,38084,17568,archive,
3661,38084,17568,clean_room,
3662,38084,17568,biology_laboratory,
3663,38084,17568,office,
3664,38084,17568,chemistry_lab,
3665,38084,17592,clean_room,
3666,38084,17592,archive,
3667,38084,17592,science_museum,
3668,38084,17592,natural_history_museum,
3669,38084,17592,museum/indoor,
3670,38084,17616,classroom,
3671,38084,17616,archive,
3672,38084,17616,basement,
3673,38084,17616,locker_room,
3674,38084,17616,server_room,
3675,38084,17640,basement,
3676,38084,17640,shower,
3677,38084,17640,skyscraper,
3678,38084,17640,server_room,
3679,38084,17640,lake/natural,
3680,38084,17664,industrial_area,
3681,38084,17664,hangar/outdoor,
3682,38084,17664,fire_station,
3683,38084,17664,runway,
3684,38084,17664,motel,
3685,38084,17688,tower,
3686,38084,17688,industrial_area,
3687,38084,17688,skyscraper,
3688,38084,17688,wind_farm,
3689,38084,17688,windmill,
3690,38084,17712,basement,
3691,38084,17712,corridor,
3692,38084,17712,staircase,
3693,38084,17712,clean_room,
3694,38084,17712,elevator/door,
3695,38084,17736,basement,
3696,38084,17736,skyscraper,
3697,38084,17736,office_building,
3698,38084,17736,shower,
3699,38084,17736,tower,
3700,38084,17760,dressing_room,
3701,38084,17760,clean_room,
3702,38084,17760,closet,
3703,38084,17760,corridor,
3704,38084,17760,bow_window/indoor,
3705,38084,17784,dressing_room,
3706,38084,17784,bow_window/indoor,
3707,38084,17784,clean_room,
3708,38084,17784,hospital_room,
3709,38084,17784,hotel_room,
3710,38084,17808,dressing_room,
3711,38084,17808,clean_room,
3712,38084,17808,elevator/door,
3713,38084,17808,shower,
3714,38084,17808,elevator_lobby,
3715,38084,17832,dressing_room,
3716,38084,17832,clean_room,
3717,38084,17832,shower,
3718,38084,17832,locker_room,
3719,38084,17832,closet,
3720,38084,17856,dressing_room,
3721,38084,17856,clean_room,
3722,38084,17856,closet,
3723,38084,17856,locker_room,
3724,38084,17856,hospital_room,
3725,38084,17880,dressing_room,
3726,38084,17880,closet,
3727,38084,17880,shower,
3728,38084,17880,bathroom,
3729,38084,17880,sauna,
3730,38084,17904,dressing_room,
3731,38084,17904,clean_room,
3732,38084,17904,locker_room,
3733,38084,17904,shower,
3734,38084,17904,closet,
3735,38084,17928,clean_room,
3736,38084,17928,dressing_room,
3737,38084,17928,locker_room,
3738,38084,17928,operating_room,
3739,38084,17928,hospital_room,
3740,38084,17952,clean_room,
3741,38084,17952,dressing_room,
3742,38084,17952,locker_room,
3743,38084,17952,physics_laboratory,
3744,38084,17952,clothing_store,
3745,38084,17976,clean_room,
3746,38084,17976,chemistry_lab,
3747,38084,17976,biology_laboratory,
3748,38084,17976,dressing_room,
3749,38084,17976,locker_room,
3750,38084,18000,dressing_room,
3751,38084,18000,bathroom,
3752,38084,18000,shower,
3753,38084,18000,nursery,
3754,38084,18000,clean_room,
3755,38084,18024,clean_room,
3756,38084,18024,dressing_room,
3757,38084,18024,shower,
3758,38084,18024,bathroom,
3759,38084,18024,nursery,
3760,38084,18048,clean_room,
3761,38084,18048,dressing_room,
3762,38084,18048,chemistry_lab,
3763,38084,18048,locker_room,
3764,38084,18048,shower,
3765,38084,18072,dressing_room,
3766,38084,18072,clean_room,
3767,38084,18072,locker_room,
3768,38084,18072,beauty_salon,
3769,38084,18072,shower,
3770,38084,18096,dressing_room,
3771,38084,18096,beauty_salon,
3772,38084,18096,clean_room,
3773,38084,18096,locker_room,
3774,38084,18096,waiting_room,
3775,38084,18120,dressing_room,
3776,38084,18120,clean_room,
3777,38084,18120,bathroom,
3778,38084,18120,shower,
3779,38084,18120,locker_room,
3780,38084,18144,clean_room,
3781,38084,18144,biology_laboratory,
3782,38084,18144,chemistry_lab,
3783,38084,18144,dressing_room,
3784,38084,18144,operating_room,
3785,38084,18168,clean_room,
3786,38084,18168,operating_room,
3787,38084,18168,chemistry_lab,
3788,38084,18168,dressing_room,
3789,38084,18168,biology_laboratory,
3790,38084,18192,clean_room,
3791,38084,18192,chemistry_lab,
3792,38084,18192,biology_laboratory,
3793,38084,18192,dressing_room,
3794,38084,18192,operating_room,
3795,38084,18216,clean_room,
3796,38084,18216,chemistry_lab,
3797,38084,18216,operating_room,
3798,38084,18216,biology_laboratory,
3799,38084,18216,dressing_room,
3800,38084,18240,clean_room,
3801,38084,18240,dressing_room,
3802,38084,18240,chemistry_lab,
3803,38084,18240,biology_laboratory,
3804,38084,18240,clothing_store,
3805,38084,18264,clean_room,
3806,38084,18264,dressing_room,
3807,38084,18264,chemistry_lab,
3808,38084,18264,biology_laboratory,
3809,38084,18264,operating_room,
3810,38084,18288,clean_room,
3811,38084,18288,dressing_room,
3812,38084,18288,operating_room,
3813,38084,18288,chemistry_lab,
3814,38084,18288,biology_laboratory,
3815,38084,18312,clean_room,
3816,38084,18312,chemistry_lab,
3817,38084,18312,operating_room,
3818,38084,18312,biology_laboratory,
3819,38084,18312,hospital_room,
3820,38084,18336,clean_room,
3821,38084,18336,operating_room,
3822,38084,18336,chemistry_lab,
3823,38084,18336,biology_laboratory,
3824,38084,18336,hospital_room,
3825,38084,18360,clean_room,
3826,38084,18360,operating_room,
3827,38084,18360,chemistry_lab,
3828,38084,18360,hospital_room,
3829,38084,18360,biology_laboratory,
3830,38084,18384,clean_room,
3831,38084,18384,chemistry_lab,
3832,38084,18384,biology_laboratory,
3833,38084,18384,physics_laboratory,
3834,38084,18384,operating_room,
3835,38084,18408,clean_room,
3836,38084,18408,chemistry_lab,
3837,38084,18408,dressing_room,
3838,38084,18408,biology_laboratory,
3839,38084,18408,operating_room,
3840,38084,18432,clean_room,
3841,38084,18432,dressing_room,
3842,38084,18432,chemistry_lab,
3843,38084,18432,biology_laboratory,
3844,38084,18432,operating_room,
3845,38084,18456,clean_room,
3846,38084,18456,dressing_room,
3847,38084,18456,chemistry_lab,
3848,38084,18456,biology_laboratory,
3849,38084,18456,locker_room,
3850,38084,18480,clean_room,
3851,38084,18480,operating_room,
3852,38084,18480,chemistry_lab,
3853,38084,18480,dressing_room,
3854,38084,18480,hospital_room,
3855,38084,18504,clean_room,
3856,38084,18504,chemistry_lab,
3857,38084,18504,biology_laboratory,
3858,38084,18504,locker_room,
3859,38084,18504,hospital_room,
3860,38084,18528,archive,
3861,38084,18528,library/indoor,
3862,38084,18528,gymnasium/indoor,
3863,38084,18528,clean_room,
3864,38084,18528,dressing_room,
3865,38084,18552,dressing_room,
3866,38084,18552,clean_room,
3867,38084,18552,beauty_salon,
3868,38084,18552,archive,
3869,38084,18552,cafeteria,
3870,38084,18576,dressing_room,
3871,38084,18576,library/indoor,
3872,38084,18576,cafeteria,
3873,38084,18576,archive,
3874,38084,18576,locker_room,
3875,38084,18600,dressing_room,
3876,38084,18600,clothing_store,
3877,38084,18600,locker_room,
3878,38084,18600,museum/indoor,
3879,38084,18600,shoe_shop,
3880,38084,18624,dressing_room,
3881,38084,18624,museum/indoor,
3882,38084,18624,clothing_store,
3883,38084,18624,jewelry_shop,
3884,38084,18624,beauty_salon,
3885,38084,18648,music_studio,
3886,38084,18648,clean_room,
3887,38084,18648,television_studio,
3888,38084,18648,museum/indoor,
3889,38084,18648,stage/indoor,
3890,38084,18672,music_studio,
3891,38084,18672,dressing_room,
3892,38084,18672,stage/indoor,
3893,38084,18672,television_studio,
3894,38084,18672,discotheque,
3895,38084,18696,dressing_room,
3896,38084,18696,music_studio,
3897,38084,18696,locker_room,
3898,38084,18696,television_studio,
3899,38084,18696,museum/indoor,
3900,38084,18720,music_studio,
3901,38084,18720,dressing_room,
3902,38084,18720,television_studio,
3903,38084,18720,locker_room,
3904,38084,18720,clean_room,
3905,38084,18744,music_studio,
3906,38084,18744,dressing_room,
3907,38084,18744,television_studio,
3908,38084,18744,discotheque,
3909,38084,18744,stage/indoor,
3910,38084,18768,dressing_room,
3911,38084,18768,music_studio,
3912,38084,18768,locker_room,
3913,38084,18768,museum/indoor,
3914,38084,18768,clothing_store,
3915,38084,18792,dressing_room,
3916,38084,18792,music_studio,
3917,38084,18792,discotheque,
3918,38084,18792,television_studio,
3919,38084,18792,stage/indoor,
3920,38084,18816,dressing_room,
3921,38084,18816,locker_room,
3922,38084,18816,music_studio,
3923,38084,18816,discotheque,
3924,38084,18816,beauty_salon,
3925,38084,18840,dressing_room,
3926,38084,18840,music_studio,
3927,38084,18840,discotheque,
3928,38084,18840,beauty_salon,
3929,38084,18840,locker_room,
3930,38084,18864,dressing_room,
3931,38084,18864,music_studio,
3932,38084,18864,discotheque,
3933,38084,18864,television_studio,
3934,38084,18864,bar,
3935,38084,18888,dressing_room,
3936,38084,18888,discotheque,
3937,38084,18888,music_studio,
3938,38084,18888,locker_room,
3939,38084,18888,clothing_store,
3940,38084,18912,dressing_room,
3941,38084,18912,discotheque,
3942,38084,18912,bar,
3943,38084,18912,restaurant,
3944,38084,18912,music_studio,
3945,38084,18936,dressing_room,
3946,38084,18936,discotheque,
3947,38084,18936,bar,
3948,38084,18936,locker_room,
3949,38084,18936,restaurant,
3950,38084,18960,dressing_room,
3951,38084,18960,discotheque,
3952,38084,18960,bar,
3953,38084,18960,locker_room,
3954,38084,18960,beauty_salon,
3955,38084,18984,dressing_room,
3956,38084,18984,discotheque,
3957,38084,18984,bar,
3958,38084,18984,stage/indoor,
3959,38084,18984,ballroom,
3960,38084,19008,dressing_room,
3961,38084,19008,discotheque,
3962,38084,19008,locker_room,
3963,38084,19008,clothing_store,
3964,38084,19008,bar,
3965,38084,19032,dressing_room,
3966,38084,19032,discotheque,
3967,38084,19032,bar,
3968,38084,19032,locker_room,
3969,38084,19032,ballroom,
3970,38084,19056,discotheque,
3971,38084,19056,dressing_room,
3972,38084,19056,bar,
3973,38084,19056,stage/indoor,
3974,38084,19056,ballroom,
3975,38084,19080,discotheque,
3976,38084,19080,dressing_room,
3977,38084,19080,bar,
3978,38084,19080,stage/indoor,
3979,38084,19080,ballroom,
3980,38084,19104,dressing_room,
3981,38084,19104,discotheque,
3982,38084,19104,bar,
3983,38084,19104,music_studio,
3984,38084,19104,stage/indoor,
3985,38084,19128,dressing_room,
3986,38084,19128,discotheque,
3987,38084,19128,bar,
3988,38084,19128,locker_room,
3989,38084,19128,shower,
3990,38084,19152,dressing_room,
3991,38084,19152,clean_room,
3992,38084,19152,discotheque,
3993,38084,19152,archive,
3994,38084,19152,boxing_ring,
3995,38084,19176,dressing_room,
3996,38084,19176,clean_room,
3997,38084,19176,locker_room,
3998,38084,19176,sauna,
3999,38084,19176,bathroom,
4000,38084,19200,clean_room,
4001,38084,19200,dressing_room,
4002,38084,19200,archive,
4003,38084,19200,hospital_room,
4004,38084,19200,nursery,
4005,38084,19224,dressing_room,
4006,38084,19224,locker_room,
4007,38084,19224,clean_room,
4008,38084,19224,beauty_salon,
4009,38084,19224,bathroom,
4010,38084,19248,clean_room,
4011,38084,19248,dressing_room,
4012,38084,19248,locker_room,
4013,38084,19248,operating_room,
4014,38084,19248,archive,
4015,38084,19272,clean_room,
4016,38084,19272,dressing_room,
4017,38084,19272,locker_room,
4018,38084,19272,archive,
4019,38084,19272,operating_room,
4020,38084,19296,clean_room,
4021,38084,19296,dressing_room,
4022,38084,19296,operating_room,
4023,38084,19296,hospital_room,
4024,38084,19296,archive,
4025,38084,19320,clean_room,
4026,38084,19320,dressing_room,
4027,38084,19320,archive,
4028,38084,19320,operating_room,
4029,38084,19320,locker_room,
4030,38084,19344,clean_room,
4031,38084,19344,dressing_room,
4032,38084,19344,locker_room,
4033,38084,19344,operating_room,
4034,38084,19344,archive,
4035,38084,19368,clean_room,
4036,38084,19368,dressing_room,
4037,38084,19368,locker_room,
4038,38084,19368,operating_room,
4039,38084,19368,hospital_room,
4040,38084,19392,dressing_room,
4041,38084,19392,clean_room,
4042,38084,19392,locker_room,
4043,38084,19392,clothing_store,
4044,38084,19392,hospital_room,
4045,38084,19416,dressing_room,
4046,38084,19416,locker_room,
4047,38084,19416,airplane_cabin,
4048,38084,19416,discotheque,
4049,38084,19416,clean_room,
4050,38084,19440,dressing_room,
4051,38084,19440,discotheque,
4052,38084,19440,locker_room,
4053,38084,19440,clean_room,
4054,38084,19440,music_studio,
4055,38084,19464,dressing_room,
4056,38084,19464,clothing_store,
4057,38084,19464,locker_room,
4058,38084,19464,jewelry_shop,
4059,38084,19464,discotheque,
4060,38084,19488,dressing_room,
4061,38084,19488,discotheque,
4062,38084,19488,boxing_ring,
4063,38084,19488,television_studio,
4064,38084,19488,locker_room,
4065,38084,19512,dressing_room,
4066,38084,19512,discotheque,
4067,38084,19512,boxing_ring,
4068,38084,19512,clothing_store,
4069,38084,19512,music_studio,
4070,38084,19536,dressing_room,
4071,38084,19536,discotheque,
4072,38084,19536,locker_room,
4073,38084,19536,boxing_ring,
4074,38084,19536,stage/indoor,
4075,38084,19560,dressing_room,
4076,38084,19560,discotheque,
4077,38084,19560,ballroom,
4078,38084,19560,stage/indoor,
4079,38084,19560,locker_room,
4080,38084,19584,dressing_room,
4081,38084,19584,discotheque,
4082,38084,19584,bar,
4083,38084,19584,beauty_salon,
4084,38084,19584,music_studio,
4085,38084,19608,dressing_room,
4086,38084,19608,discotheque,
4087,38084,19608,beauty_salon,
4088,38084,19608,bar,
4089,38084,19608,clothing_store,
4090,38084,19632,dressing_room,
4091,38084,19632,discotheque,
4092,38084,19632,music_studio,
4093,38084,19632,bar,
4094,38084,19632,beauty_salon,
4095,38084,19656,dressing_room,
4096,38084,19656,discotheque,
4097,38084,19656,locker_room,
4098,38084,19656,music_studio,
4099,38084,19656,shower,
4100,38084,19680,dressing_room,
4101,38084,19680,discotheque,
4102,38084,19680,locker_room,
4103,38084,19680,music_studio,
4104,38084,19680,clothing_store,
4105,38084,19704,dressing_room,
4106,38084,19704,discotheque,
4107,38084,19704,locker_room,
4108,38084,19704,music_studio,
4109,38084,19704,beauty_salon,
4110,38084,19728,dressing_room,
4111,38084,19728,music_studio,
4112,38084,19728,discotheque,
4113,38084,19728,locker_room,
4114,38084,19728,television_studio,
4115,38084,19752,dressing_room,
4116,38084,19752,discotheque,
4117,38084,19752,music_studio,
4118,38084,19752,locker_room,
4119,38084,19752,beauty_salon,
4120,38084,19776,dressing_room,
4121,38084,19776,discotheque,
4122,38084,19776,music_studio,
4123,38084,19776,locker_room,
4124,38084,19776,beauty_salon,
4125,38084,19800,dressing_room,
4126,38084,19800,discotheque,
4127,38084,19800,music_studio,
4128,38084,19800,beauty_salon,
4129,38084,19800,locker_room,
4130,38084,19824,dressing_room,
4131,38084,19824,discotheque,
4132,38084,19824,music_studio,
4133,38084,19824,basement,
4134,38084,19824,bar,
4135,38084,19848,dressing_room,
4136,38084,19848,discotheque,
4137,38084,19848,music_studio,
4138,38084,19848,clothing_store,
4139,38084,19848,ballroom,
4140,38084,19872,dressing_room,
4141,38084,19872,discotheque,
4142,38084,19872,music_studio,
4143,38084,19872,locker_room,
4144,38084,19872,stage/indoor,
4145,38084,19896,dressing_room,
4146,38084,19896,discotheque,
4147,38084,19896,locker_room,
4148,38084,19896,music_studio,
4149,38084,19896,television_studio,
4150,38084,19920,dressing_room,
4151,38084,19920,discotheque,
4152,38084,19920,locker_room,
4153,38084,19920,music_studio,
4154,38084,19920,television_studio,
4155,38084,19944,dressing_room,
4156,38084,19944,discotheque,
4157,38084,19944,locker_room,
4158,38084,19944,music_studio,
4159,38084,19944,beauty_salon,
4160,38084,19968,dressing_room,
4161,38084,19968,locker_room,
4162,38084,19968,discotheque,
4163,38084,19968,beauty_salon,
4164,38084,19968,clothing_store,
4165,38084,19992,dressing_room,
4166,38084,19992,discotheque,
4167,38084,19992,locker_room,
4168,38084,19992,beauty_salon,
4169,38084,19992,basement,
4170,38084,20016,dressing_room,
4171,38084,20016,discotheque,
4172,38084,20016,locker_room,
4173,38084,20016,basement,
4174,38084,20016,clothing_store,
4175,38084,20040,dressing_room,
4176,38084,20040,discotheque,
4177,38084,20040,music_studio,
4178,38084,20040,stage/indoor,
4179,38084,20040,television_studio,
4180,38084,20064,clean_room,
4181,38084,20064,dressing_room,
4182,38084,20064,archive,
4183,38084,20064,classroom,
4184,38084,20064,beauty_salon,
4185,38084,20088,clean_room,
4186,38084,20088,dressing_room,
4187,38084,20088,archive,
4188,38084,20088,locker_room,
4189,38084,20088,biology_laboratory,
4190,38084,20112,clean_room,
4191,38084,20112,dressing_room,
4192,38084,20112,archive,
4193,38084,20112,operating_room,
4194,38084,20112,hospital_room,
4195,38084,20136,clean_room,
4196,38084,20136,dressing_room,
4197,38084,20136,operating_room,
4198,38084,20136,hospital_room,
4199,38084,20136,chemistry_lab,
4200,38084,20160,clean_room,
4201,38084,20160,dressing_room,
4202,38084,20160,locker_room,
4203,38084,20160,biology_laboratory,
4204,38084,20160,chemistry_lab,
4205,38084,20184,clean_room,
4206,38084,20184,dressing_room,
4207,38084,20184,locker_room,
4208,38084,20184,chemistry_lab,
4209,38084,20184,biology_laboratory,
4210,38084,20208,dressing_room,
4211,38084,20208,locker_room,
4212,38084,20208,clean_room,
4213,38084,20208,archive,
4214,38084,20208,beauty_salon,
4215,38084,20232,dressing_room,
4216,38084,20232,waiting_room,
4217,38084,20232,cafeteria,
4218,38084,20232,clean_room,
4219,38084,20232,beauty_salon,
4220,38084,20256,dressing_room,
4221,38084,20256,locker_room,
4222,38084,20256,waiting_room,
4223,38084,20256,nursing_home,
4224,38084,20256,clean_room,
4225,38084,20280,dressing_room,
4226,38084,20280,locker_room,
4227,38084,20280,clean_room,
4228,38084,20280,music_studio,
4229,38084,20280,beauty_salon,
4230,38084,20304,clean_room,
4231,38084,20304,museum/indoor,
4232,38084,20304,dressing_room,
4233,38084,20304,science_museum,
4234,38084,20304,gift_shop,
4235,38084,20328,dressing_room,
4236,38084,20328,clean_room,
4237,38084,20328,discotheque,
4238,38084,20328,chemistry_lab,
4239,38084,20328,beauty_salon,
4240,38084,20352,clean_room,
4241,38084,20352,operating_room,
4242,38084,20352,dressing_room,
4243,38084,20352,hospital_room,
4244,38084,20352,locker_room,
4245,38084,20376,clean_room,
4246,38084,20376,dressing_room,
4247,38084,20376,operating_room,
4248,38084,20376,locker_room,
4249,38084,20376,clothing_store,
4250,38084,20400,clean_room,
4251,38084,20400,locker_room,
4252,38084,20400,dressing_room,
4253,38084,20400,operating_room,
4254,38084,20400,museum/indoor,
4255,38084,20424,clean_room,
4256,38084,20424,operating_room,
4257,38084,20424,locker_room,
4258,38084,20424,dressing_room,
4259,38084,20424,hospital_room,
4260,38084,20448,clean_room,
4261,38084,20448,operating_room,
4262,38084,20448,hospital_room,
4263,38084,20448,locker_room,
4264,38084,20448,dressing_room,
4265,38084,20472,clean_room,
4266,38084,20472,operating_room,
4267,38084,20472,dressing_room,
4268,38084,20472,locker_room,
4269,38084,20472,hospital_room,
4270,38084,20496,clean_room,
4271,38084,20496,operating_room,
4272,38084,20496,dressing_room,
4273,38084,20496,locker_room,
4274,38084,20496,hospital_room,
4275,38084,20520,clean_room,
4276,38084,20520,operating_room,
4277,38084,20520,hospital_room,
4278,38084,20520,locker_room,
4279,38084,20520,dressing_room,
4280,38084,20544,clean_room,
4281,38084,20544,operating_room,
4282,38084,20544,hospital_room,
4283,38084,20544,dressing_room,
4284,38084,20544,locker_room,
4285,38084,20568,clean_room,
4286,38084,20568,dressing_room,
4287,38084,20568,operating_room,
4288,38084,20568,locker_room,
4289,38084,20568,hospital_room,
4290,38084,20592,dressing_room,
4291,38084,20592,clothing_store,
4292,38084,20592,clean_room,
4293,38084,20592,discotheque,
4294,38084,20592,beauty_salon,
4295,38084,20616,dressing_room,
4296,38084,20616,discotheque,
4297,38084,20616,clothing_store,
4298,38084,20616,shower,
4299,38084,20616,beauty_salon,
4300,38084,20640,dressing_room,
4301,38084,20640,discotheque,
4302,38084,20640,clothing_store,
4303,38084,20640,beauty_salon,
4304,38084,20640,bar,
4305,38084,20664,dressing_room,
4306,38084,20664,clothing_store,
4307,38084,20664,shower,
4308,38084,20664,discotheque,
4309,38084,20664,beauty_salon,
4310,38084,20688,dressing_room,
4311,38084,20688,clothing_store,
4312,38084,20688,beauty_salon,
4313,38084,20688,candy_store,
4314,38084,20688,department_store,
4315,38084,20712,dressing_room,
4316,38084,20712,clothing_store,
4317,38084,20712,beauty_salon,
4318,38084,20712,discotheque,
4319,38084,20712,clean_room,
4320,38084,20736,dressing_room,
4321,38084,20736,clean_room,
4322,38084,20736,jewelry_shop,
4323,38084,20736,beauty_salon,
4324,38084,20736,clothing_store,
4325,38084,20760,dressing_room,
4326,38084,20760,clean_room,
4327,38084,20760,jewelry_shop,
4328,38084,20760,clothing_store,
4329,38084,20760,beauty_salon,
4330,38084,20784,dressing_room,
4331,38084,20784,jewelry_shop,
4332,38084,20784,clothing_store,
4333,38084,20784,beauty_salon,
4334,38084,20784,clean_room,
4335,38084,20808,dressing_room,
4336,38084,20808,clean_room,
4337,38084,20808,clothing_store,
4338,38084,20808,locker_room,
4339,38084,20808,jewelry_shop,
4340,38084,20832,dressing_room,
4341,38084,20832,clothing_store,
4342,38084,20832,clean_room,
4343,38084,20832,beauty_salon,
4344,38084,20832,shower,
4345,38084,20856,dressing_room,
4346,38084,20856,clothing_store,
4347,38084,20856,clean_room,
4348,38084,20856,locker_room,
4349,38084,20856,shower,
4350,38084,20880,dressing_room,
4351,38084,20880,clean_room,
4352,38084,20880,clothing_store,
4353,38084,20880,beauty_salon,
4354,38084,20880,jewelry_shop,
4355,38084,20904,dressing_room,
4356,38084,20904,clean_room,
4357,38084,20904,clothing_store,
4358,38084,20904,beauty_salon,
4359,38084,20904,jewelry_shop,
4360,38084,20928,dressing_room,
4361,38084,20928,clothing_store,
4362,38084,20928,clean_room,
4363,38084,20928,beauty_salon,
4364,38084,20928,locker_room,
4365,38084,20952,dressing_room,
4366,38084,20952,clothing_store,
4367,38084,20952,clean_room,
4368,38084,20952,beauty_salon,
4369,38084,20952,discotheque,
4370,38084,20976,dressing_room,
4371,38084,20976,clean_room,
4372,38084,20976,clothing_store,
4373,38084,20976,beauty_salon,
4374,38084,20976,chemistry_lab,
4375,38084,21000,dressing_room,
4376,38084,21000,clothing_store,
4377,38084,21000,clean_room,
4378,38084,21000,beauty_salon,
4379,38084,21000,locker_room,
4380,38084,21024,dressing_room,
4381,38084,21024,locker_room,
4382,38084,21024,bathroom,
4383,38084,21024,ice_cream_parlor,
4384,38084,21024,beauty_salon,
4385,38084,21048,dressing_room,
4386,38084,21048,beauty_salon,
4387,38084,21048,clean_room,
4388,38084,21048,locker_room,
4389,38084,21048,clothing_store,
4390,38084,21072,dressing_room,
4391,38084,21072,clean_room,
4392,38084,21072,beauty_salon,
4393,38084,21072,discotheque,
4394,38084,21072,locker_room,
4395,38084,21096,dressing_room,
4396,38084,21096,clean_room,
4397,38084,21096,beauty_salon,
4398,38084,21096,hospital_room,
4399,38084,21096,locker_room,
4400,38084,21120,dressing_room,
4401,38084,21120,clean_room,
4402,38084,21120,locker_room,
4403,38084,21120,beauty_salon,
4404,38084,21120,discotheque,
4405,38084,21144,dressing_room,
4406,38084,21144,clean_room,
4407,38084,21144,beauty_salon,
4408,38084,21144,discotheque,
4409,38084,21144,hospital_room,
4410,38084,21168,dressing_room,
4411,38084,21168,clean_room,
4412,38084,21168,locker_room,
4413,38084,21168,beauty_salon,
4414,38084,21168,shower,
4415,38084,21192,dressing_room,
4416,38084,21192,clean_room,
4417,38084,21192,beauty_salon,
4418,38084,21192,locker_room,
4419,38084,21192,discotheque,
4420,38084,21216,dressing_room,
4421,38084,21216,shower,
4422,38084,21216,clean_room,
4423,38084,21216,locker_room,
4424,38084,21216,sauna,
4425,38084,21240,dressing_room,
4426,38084,21240,clean_room,
4427,38084,21240,discotheque,
4428,38084,21240,locker_room,
4429,38084,21240,beauty_salon,
4430,38084,21264,dressing_room,
4431,38084,21264,clean_room,
4432,38084,21264,discotheque,
4433,38084,21264,locker_room,
4434,38084,21264,chemistry_lab,
4435,38084,21288,dressing_room,
4436,38084,21288,clean_room,
4437,38084,21288,locker_room,
4438,38084,21288,beauty_salon,
4439,38084,21288,clothing_store,
4440,38084,21312,clean_room,
4441,38084,21312,operating_room,
4442,38084,21312,dressing_room,
4443,38084,21312,discotheque,
4444,38084,21312,hospital_room,
4445,38084,21336,clean_room,
4446,38084,21336,dressing_room,
4447,38084,21336,operating_room,
4448,38084,21336,clothing_store,
4449,38084,21336,beauty_salon,
4450,38084,21360,dressing_room,
4451,38084,21360,clean_room,
4452,38084,21360,beauty_salon,
4453,38084,21360,clothing_store,
4454,38084,21360,operating_room,
4455,38084,21384,dressing_room,
4456,38084,21384,discotheque,
4457,38084,21384,beauty_salon,
4458,38084,21384,bar,
4459,38084,21384,chemistry_lab,
4460,38084,21408,clean_room,
4461,38084,21408,dressing_room,
4462,38084,21408,locker_room,
4463,38084,21408,operating_room,
4464,38084,21408,chemistry_lab,
4465,38084,21432,dressing_room,
4466,38084,21432,clean_room,
4467,38084,21432,beauty_salon,
4468,38084,21432,clothing_store,
4469,38084,21432,candy_store,
4470,38084,21456,dressing_room,
4471,38084,21456,discotheque,
4472,38084,21456,ballroom,
4473,38084,21456,locker_room,
4474,38084,21456,bar,
4475,38084,21480,gymnasium/indoor,
4476,38084,21480,clean_room,
4477,38084,21480,dressing_room,
4478,38084,21480,locker_room,
4479,38084,21480,recreation_room,
4480,38084,21504,clean_room,
4481,38084,21504,dressing_room,
4482,38084,21504,locker_room,
4483,38084,21504,beauty_salon,
4484,38084,21504,gymnasium/indoor,
4485,38084,21528,clean_room,
4486,38084,21528,chemistry_lab,
4487,38084,21528,operating_room,
4488,38084,21528,dressing_room,
4489,38084,21528,biology_laboratory,
4490,38084,21552,clean_room,
4491,38084,21552,museum/indoor,
4492,38084,21552,dressing_room,
4493,38084,21552,operating_room,
4494,38084,21552,art_gallery,
4495,38084,21576,clean_room,
4496,38084,21576,dressing_room,
4497,38084,21576,shower,
4498,38084,21576,locker_room,
4499,38084,21576,operating_room,
4500,38084,21600,living_room,
4501,38084,21600,bow_window/indoor,
4502,38084,21600,waiting_room,
4503,38084,21600,dining_room,
4504,38084,21600,artists_loft,
4505,38084,21624,bow_window/indoor,
4506,38084,21624,living_room,
4507,38084,21624,waiting_room,
4508,38084,21624,dressing_room,
4509,38084,21624,hotel_room,
4510,38084,21648,living_room,
4511,38084,21648,bow_window/indoor,
4512,38084,21648,waiting_room,
4513,38084,21648,dressing_room,
4514,38084,21648,clean_room,
4515,38084,21672,living_room,
4516,38084,21672,bow_window/indoor,
4517,38084,21672,waiting_room,
4518,38084,21672,clean_room,
4519,38084,21672,dressing_room,
4520,38084,21696,bow_window/indoor,
4521,38084,21696,living_room,
4522,38084,21696,waiting_room,
4523,38084,21696,nursery,
4524,38084,21696,dining_room,
4525,38084,21720,living_room,
4526,38084,21720,dressing_room,
4527,38084,21720,bedroom,
4528,38084,21720,dorm_room,
4529,38084,21720,nursery,
4530,38084,21744,clean_room,
4531,38084,21744,dressing_room,
4532,38084,21744,locker_room,
4533,38084,21744,operating_room,
4534,38084,21744,shower,
4535,38084,21768,clean_room,
4536,38084,21768,museum/indoor,
4537,38084,21768,dressing_room,
4538,38084,21768,operating_room,
4539,38084,21768,art_gallery,
4540,38084,21792,museum/indoor,
4541,38084,21792,clean_room,
4542,38084,21792,art_gallery,
4543,38084,21792,dressing_room,
4544,38084,21792,operating_room,
4545,38084,21816,museum/indoor,
4546,38084,21816,clean_room,
4547,38084,21816,art_gallery,
4548,38084,21816,dressing_room,
4549,38084,21816,archive,
4550,38084,21840,clean_room,
4551,38084,21840,dressing_room,
4552,38084,21840,museum/indoor,
4553,38084,21840,art_gallery,
4554,38084,21840,operating_room,
4555,38084,21864,clean_room,
4556,38084,21864,dressing_room,
4557,38084,21864,bathroom,
4558,38084,21864,museum/indoor,
4559,38084,21864,shower,
4560,38084,21888,clean_room,
4561,38084,21888,locker_room,
4562,38084,21888,shower,
4563,38084,21888,dressing_room,
4564,38084,21888,chemistry_lab,
4565,38084,21912,dressing_room,
4566,38084,21912,shower,
4567,38084,21912,locker_room,
4568,38084,21912,clean_room,
4569,38084,21912,bathroom,
4570,38084,21936,gymnasium/indoor,
4571,38084,21936,dressing_room,
4572,38084,21936,locker_room,
4573,38084,21936,clean_room,
4574,38084,21936,recreation_room,
4575,38084,21960,dressing_room,
4576,38084,21960,locker_room,
4577,38084,21960,recreation_room,
4578,38084,21960,clean_room,
4579,38084,21960,gymnasium/indoor,
4580,38084,21984,dressing_room,
4581,38084,21984,recreation_room,
4582,38084,21984,locker_room,
4583,38084,21984,cafeteria,
4584,38084,21984,gymnasium/indoor,
4585,38084,22008,dressing_room,
4586,38084,22008,clean_room,
4587,38084,22008,recreation_room,
4588,38084,22008,locker_room,
4589,38084,22008,gymnasium/indoor,
4590,38084,22032,dressing_room,
4591,38084,22032,clean_room,
4592,38084,22032,martial_arts_gym,
4593,38084,22032,locker_room,
4594,38084,22032,archive,
4595,38084,22056,dressing_room,
4596,38084,22056,clean_room,
4597,38084,22056,museum/indoor,
4598,38084,22056,locker_room,
4599,38084,22056,gymnasium/indoor,
4600,38084,22080,clean_room,
4601,38084,22080,dressing_room,
4602,38084,22080,museum/indoor,
4603,38084,22080,locker_room,
4604,38084,22080,operating_room,
4605,38084,22104,gymnasium/indoor,
4606,38084,22104,dressing_room,
4607,38084,22104,locker_room,
4608,38084,22104,clean_room,
4609,38084,22104,museum/indoor,
4610,38084,22128,dressing_room,
4611,38084,22128,locker_room,
4612,38084,22128,clean_room,
4613,38084,22128,museum/indoor,
4614,38084,22128,gymnasium/indoor,
4615,38084,22152,dressing_room,
4616,38084,22152,museum/indoor,
4617,38084,22152,clean_room,
4618,38084,22152,discotheque,
4619,38084,22152,locker_room,
4620,38084,22176,dressing_room,
4621,38084,22176,locker_room,
4622,38084,22176,clean_room,
4623,38084,22176,shower,
4624,38084,22176,bathroom,
4625,38084,22200,dressing_room,
4626,38084,22200,ballroom,
4627,38084,22200,locker_room,
4628,38084,22200,clothing_store,
4629,38084,22200,discotheque,
4630,38084,22224,dressing_room,
4631,38084,22224,ballroom,
4632,38084,22224,sauna,
4633,38084,22224,discotheque,
4634,38084,22224,stage/indoor,
4635,38084,22248,clean_room,
4636,38084,22248,dressing_room,
4637,38084,22248,art_gallery,
4638,38084,22248,clothing_store,
4639,38084,22248,department_store,
4640,38084,22272,dressing_room,
4641,38084,22272,clean_room,
4642,38084,22272,beauty_salon,
4643,38084,22272,chemistry_lab,
4644,38084,22272,biology_laboratory,
4645,38084,22296,dressing_room,
4646,38084,22296,beauty_salon,
4647,38084,22296,bathroom,
4648,38084,22296,nursery,
4649,38084,22296,playroom,
4650,38084,22320,dressing_room,
4651,38084,22320,nursery,
4652,38084,22320,living_room,
4653,38084,22320,playroom,
4654,38084,22320,locker_room,
4655,38084,22344,living_room,
4656,38084,22344,dining_room,
4657,38084,22344,dressing_room,
4658,38084,22344,bow_window/indoor,
4659,38084,22344,coffee_shop,
4660,38084,22368,dressing_room,
4661,38084,22368,nursery,
4662,38084,22368,playroom,
4663,38084,22368,living_room,
4664,38084,22368,beauty_salon,
4665,38084,22392,dressing_room,
4666,38084,22392,playroom,
4667,38084,22392,nursery,
4668,38084,22392,living_room,
4669,38084,22392,childs_room,
4670,38084,22416,dressing_room,
4671,38084,22416,living_room,
4672,38084,22416,dorm_room,
4673,38084,22416,music_studio,
4674,38084,22416,dining_room,
4675,38084,22440,dressing_room,
4676,38084,22440,living_room,
4677,38084,22440,dorm_room,
4678,38084,22440,beauty_salon,
4679,38084,22440,bow_window/indoor,
4680,38084,22464,dressing_room,
4681,38084,22464,living_room,
4682,38084,22464,dorm_room,
4683,38084,22464,bow_window/indoor,
4684,38084,22464,dining_room,
4685,38084,22488,dressing_room,
4686,38084,22488,restaurant,
4687,38084,22488,beauty_salon,
4688,38084,22488,banquet_hall,
4689,38084,22488,ballroom,
4690,38084,22512,dressing_room,
4691,38084,22512,restaurant,
4692,38084,22512,beauty_salon,
4693,38084,22512,banquet_hall,
4694,38084,22512,hospital_room,
4695,38084,22536,dressing_room,
4696,38084,22536,beauty_salon,
4697,38084,22536,hospital_room,
4698,38084,22536,airplane_cabin,
4699,38084,22536,restaurant,
4700,38084,22560,dressing_room,
4701,38084,22560,restaurant,
4702,38084,22560,banquet_hall,
4703,38084,22560,beauty_salon,
4704,38084,22560,hospital_room,
4705,38084,22584,dressing_room,
4706,38084,22584,hospital_room,
4707,38084,22584,beauty_salon,
4708,38084,22584,clean_room,
4709,38084,22584,living_room,
4710,38084,22608,dressing_room,
4711,38084,22608,beauty_salon,
4712,38084,22608,locker_room,
4713,38084,22608,hospital_room,
4714,38084,22608,restaurant,
4715,38084,22632,dressing_room,
4716,38084,22632,beauty_salon,
4717,38084,22632,locker_room,
4718,38084,22632,hospital_room,
4719,38084,22632,hotel_room,
4720,38084,22656,dressing_room,
4721,38084,22656,hospital_room,
4722,38084,22656,hotel_room,
4723,38084,22656,beauty_salon,
4724,38084,22656,bedroom,
4725,38084,22680,dressing_room,
4726,38084,22680,hospital_room,
4727,38084,22680,locker_room,
4728,38084,22680,beauty_salon,
4729,38084,22680,hotel_room,
4730,38084,22704,dressing_room,
4731,38084,22704,living_room,
4732,38084,22704,nursery,
4733,38084,22704,bedroom,
4734,38084,22704,bow_window/indoor,
4735,38084,22728,dressing_room,
4736,38084,22728,living_room,
4737,38084,22728,nursery,
4738,38084,22728,bow_window/indoor,
4739,38084,22728,bedroom,
4740,38084,22752,dressing_room,
4741,38084,22752,bedroom,
4742,38084,22752,nursery,
4743,38084,22752,living_room,
4744,38084,22752,bow_window/indoor,
4745,38084,22776,dressing_room,
4746,38084,22776,nursery,
4747,38084,22776,bedroom,
4748,38084,22776,living_room,
4749,38084,22776,bow_window/indoor,
4750,38084,22800,dressing_room,
4751,38084,22800,nursery,
4752,38084,22800,living_room,
4753,38084,22800,bedroom,
4754,38084,22800,bow_window/indoor,
4755,38084,22824,dressing_room,
4756,38084,22824,nursery,
4757,38084,22824,living_room,
4758,38084,22824,bedroom,
4759,38084,22824,childs_room,
4760,38084,22848,dressing_room,
4761,38084,22848,nursery,
4762,38084,22848,living_room,
4763,38084,22848,bedroom,
4764,38084,22848,bow_window/indoor,
4765,38084,22872,dressing_room,
4766,38084,22872,nursery,
4767,38084,22872,living_room,
4768,38084,22872,childs_room,
4769,38084,22872,bedroom,
4770,38084,22896,dressing_room,
4771,38084,22896,nursery,
4772,38084,22896,living_room,
4773,38084,22896,bedroom,
4774,38084,22896,childs_room,
4775,38084,22920,dressing_room,
4776,38084,22920,nursery,
4777,38084,22920,bedroom,
4778,38084,22920,living_room,
4779,38084,22920,childs_room,
4780,38084,22944,dressing_room,
4781,38084,22944,nursery,
4782,38084,22944,bedroom,
4783,38084,22944,living_room,
4784,38084,22944,childs_room,
4785,38084,22968,dressing_room,
4786,38084,22968,nursery,
4787,38084,22968,bedroom,
4788,38084,22968,childs_room,
4789,38084,22968,living_room,
4790,38084,22992,dressing_room,
4791,38084,22992,hospital_room,
4792,38084,22992,clean_room,
4793,38084,22992,locker_room,
4794,38084,22992,beauty_salon,
4795,38084,23016,dressing_room,
4796,38084,23016,locker_room,
4797,38084,23016,hospital_room,
4798,38084,23016,clean_room,
4799,38084,23016,operating_room,
4800,38084,23040,dressing_room,
4801,38084,23040,locker_room,
4802,38084,23040,hospital_room,
4803,38084,23040,clean_room,
4804,38084,23040,operating_room,
4805,38084,23064,dressing_room,
4806,38084,23064,locker_room,
4807,38084,23064,hospital_room,
4808,38084,23064,ballroom,
4809,38084,23064,clean_room,
4810,38084,23088,dressing_room,
4811,38084,23088,locker_room,
4812,38084,23088,hospital_room,
4813,38084,23088,clean_room,
4814,38084,23088,operating_room,
4815,38084,23112,dressing_room,
4816,38084,23112,locker_room,
4817,38084,23112,hospital_room,
4818,38084,23112,beauty_salon,
4819,38084,23112,clean_room,
4820,38084,23136,dressing_room,
4821,38084,23136,locker_room,
4822,38084,23136,hospital_room,
4823,38084,23136,clean_room,
4824,38084,23136,beauty_salon,
4825,38084,23160,dressing_room,
4826,38084,23160,hospital_room,
4827,38084,23160,beauty_salon,
4828,38084,23160,clean_room,
4829,38084,23160,locker_room,
4830,38084,23184,dressing_room,
4831,38084,23184,clean_room,
4832,38084,23184,hospital_room,
4833,38084,23184,beauty_salon,
4834,38084,23184,locker_room,
4835,38084,23208,dressing_room,
4836,38084,23208,locker_room,
4837,38084,23208,hospital_room,
4838,38084,23208,beauty_salon,
4839,38084,23208,clean_room,
4840,38084,23232,dressing_room,
4841,38084,23232,nursery,
4842,38084,23232,living_room,
4843,38084,23232,bedroom,
4844,38084,23232,bow_window/indoor,
4845,38084,23256,dressing_room,
4846,38084,23256,nursery,
4847,38084,23256,bedroom,
4848,38084,23256,living_room,
4849,38084,23256,childs_room,
4850,38084,23280,dressing_room,
4851,38084,23280,living_room,
4852,38084,23280,nursery,
4853,38084,23280,bow_window/indoor,
4854,38084,23280,bedroom,
4855,38084,23304,dressing_room,
4856,38084,23304,locker_room,
4857,38084,23304,clean_room,
4858,38084,23304,hospital_room,
4859,38084,23304,beauty_salon,
4860,38084,23328,dressing_room,
4861,38084,23328,locker_room,
4862,38084,23328,hospital_room,
4863,38084,23328,clean_room,
4864,38084,23328,beauty_salon,
4865,38084,23352,dressing_room,
4866,38084,23352,nursery,
4867,38084,23352,living_room,
4868,38084,23352,bedroom,
4869,38084,23352,childs_room,
4870,38084,23376,dressing_room,
4871,38084,23376,nursery,
4872,38084,23376,living_room,
4873,38084,23376,bedroom,
4874,38084,23376,childs_room,
4875,38084,23400,dressing_room,
4876,38084,23400,hospital_room,
4877,38084,23400,locker_room,
4878,38084,23400,clean_room,
4879,38084,23400,banquet_hall,
4880,38084,23424,dressing_room,
4881,38084,23424,hospital_room,
4882,38084,23424,locker_room,
4883,38084,23424,operating_room,
4884,38084,23424,clean_room,
4885,38084,23448,dressing_room,
4886,38084,23448,hospital_room,
4887,38084,23448,clean_room,
4888,38084,23448,locker_room,
4889,38084,23448,operating_room,
4890,38084,23472,dressing_room,
4891,38084,23472,hospital_room,
4892,38084,23472,locker_room,
4893,38084,23472,clean_room,
4894,38084,23472,operating_room,
4895,38084,23496,dressing_room,
4896,38084,23496,hospital_room,
4897,38084,23496,locker_room,
4898,38084,23496,beauty_salon,
4899,38084,23496,clean_room,
4900,38084,23520,dressing_room,
4901,38084,23520,clean_room,
4902,38084,23520,hospital_room,
4903,38084,23520,locker_room,
4904,38084,23520,beauty_salon,
4905,38084,23544,dressing_room,
4906,38084,23544,clean_room,
4907,38084,23544,hospital_room,
4908,38084,23544,locker_room,
4909,38084,23544,operating_room,
4910,38084,23568,dressing_room,
4911,38084,23568,clean_room,
4912,38084,23568,locker_room,
4913,38084,23568,hospital_room,
4914,38084,23568,beauty_salon,
4915,38084,23592,dressing_room,
4916,38084,23592,clean_room,
4917,38084,23592,hospital_room,
4918,38084,23592,locker_room,
4919,38084,23592,operating_room,
4920,38084,23616,dressing_room,
4921,38084,23616,clean_room,
4922,38084,23616,locker_room,
4923,38084,23616,hospital_room,
4924,38084,23616,beauty_salon,
4925,38084,23640,dressing_room,
4926,38084,23640,locker_room,
4927,38084,23640,clean_room,
4928,38084,23640,hospital_room,
4929,38084,23640,beauty_salon,
4930,38084,23664,dressing_room,
4931,38084,23664,clean_room,
4932,38084,23664,locker_room,
4933,38084,23664,hospital_room,
4934,38084,23664,beauty_salon,
4935,38084,23688,dressing_room,
4936,38084,23688,locker_room,
4937,38084,23688,clean_room,
4938,38084,23688,hospital_room,
4939,38084,23688,beauty_salon,
4940,38084,23712,dressing_room,
4941,38084,23712,locker_room,
4942,38084,23712,clean_room,
4943,38084,23712,beauty_salon,
4944,38084,23712,hospital_room,
4945,38084,23736,dressing_room,
4946,38084,23736,locker_room,
4947,38084,23736,clean_room,
4948,38084,23736,hospital_room,
4949,38084,23736,beauty_salon,
4950,38084,23760,dressing_room,
4951,38084,23760,locker_room,
4952,38084,23760,clean_room,
4953,38084,23760,beauty_salon,
4954,38084,23760,hospital_room,
4955,38084,23784,dressing_room,
4956,38084,23784,locker_room,
4957,38084,23784,clean_room,
4958,38084,23784,hospital_room,
4959,38084,23784,beauty_salon,
4960,38084,23808,dressing_room,
4961,38084,23808,locker_room,
4962,38084,23808,clean_room,
4963,38084,23808,hospital_room,
4964,38084,23808,beauty_salon,
4965,38084,23832,dressing_room,
4966,38084,23832,clean_room,
4967,38084,23832,locker_room,
4968,38084,23832,hospital_room,
4969,38084,23832,beauty_salon,
4970,38084,23856,dressing_room,
4971,38084,23856,living_room,
4972,38084,23856,nursery,
4973,38084,23856,bedroom,
4974,38084,23856,bow_window/indoor,
4975,38084,23880,dressing_room,
4976,38084,23880,living_room,
4977,38084,23880,nursery,
4978,38084,23880,bedroom,
4979,38084,23880,music_studio,
4980,38084,23904,dressing_room,
4981,38084,23904,living_room,
4982,38084,23904,nursery,
4983,38084,23904,bedroom,
4984,38084,23904,waiting_room,
4985,38084,23928,dressing_room,
4986,38084,23928,living_room,
4987,38084,23928,bow_window/indoor,
4988,38084,23928,nursery,
4989,38084,23928,waiting_room,
4990,38084,23952,dressing_room,
4991,38084,23952,living_room,
4992,38084,23952,nursery,
4993,38084,23952,bedroom,
4994,38084,23952,music_studio,
4995,38084,23976,dressing_room,
4996,38084,23976,living_room,
4997,38084,23976,bedroom,
4998,38084,23976,nursery,
4999,38084,23976,beauty_salon,
5000,38084,24000,dressing_room,
5001,38084,24000,nursery,
5002,38084,24000,living_room,
5003,38084,24000,bedroom,
5004,38084,24000,childs_room,
5005,38084,24024,dressing_room,
5006,38084,24024,nursery,
5007,38084,24024,bedroom,
5008,38084,24024,living_room,
5009,38084,24024,childs_room,
5010,38084,24048,dressing_room,
5011,38084,24048,nursery,
5012,38084,24048,living_room,
5013,38084,24048,bedroom,
5014,38084,24048,childs_room,
5015,38084,24072,dressing_room,
5016,38084,24072,nursery,
5017,38084,24072,living_room,
5018,38084,24072,bedroom,
5019,38084,24072,childs_room,
5020,38084,24096,dressing_room,
5021,38084,24096,locker_room,
5022,38084,24096,beauty_salon,
5023,38084,24096,clean_room,
5024,38084,24096,hospital_room,
5025,38084,24120,dressing_room,
5026,38084,24120,locker_room,
5027,38084,24120,beauty_salon,
5028,38084,24120,chemistry_lab,
5029,38084,24120,restaurant,
5030,38084,24144,dressing_room,
5031,38084,24144,locker_room,
5032,38084,24144,hospital_room,
5033,38084,24144,clean_room,
5034,38084,24144,beauty_salon,
5035,38084,24168,dressing_room,
5036,38084,24168,locker_room,
5037,38084,24168,hospital_room,
5038,38084,24168,beauty_salon,
5039,38084,24168,clean_room,
5040,38084,24192,dressing_room,
5041,38084,24192,locker_room,
5042,38084,24192,clean_room,
5043,38084,24192,hospital_room,
5044,38084,24192,beauty_salon,
5045,38084,24216,dressing_room,
5046,38084,24216,hospital_room,
5047,38084,24216,locker_room,
5048,38084,24216,clean_room,
5049,38084,24216,operating_room,
5050,38084,24240,dressing_room,
5051,38084,24240,locker_room,
5052,38084,24240,beauty_salon,
5053,38084,24240,hospital_room,
5054,38084,24240,clean_room,
5055,38084,24264,dressing_room,
5056,38084,24264,hospital_room,
5057,38084,24264,locker_room,
5058,38084,24264,clean_room,
5059,38084,24264,beauty_salon,
5060,38084,24288,dressing_room,
5061,38084,24288,locker_room,
5062,38084,24288,hospital_room,
5063,38084,24288,clean_room,
5064,38084,24288,operating_room,
5065,38084,24312,dressing_room,
5066,38084,24312,nursery,
5067,38084,24312,beauty_salon,
5068,38084,24312,bedroom,
5069,38084,24312,ice_cream_parlor,
5070,38084,24336,dressing_room,
5071,38084,24336,nursery,
5072,38084,24336,bedroom,
5073,38084,24336,living_room,
5074,38084,24336,bow_window/indoor,
5075,38084,24360,dressing_room,
5076,38084,24360,bedroom,
5077,38084,24360,nursery,
5078,38084,24360,living_room,
5079,38084,24360,childs_room,
5080,38084,24384,dressing_room,
5081,38084,24384,locker_room,
5082,38084,24384,hospital_room,
5083,38084,24384,beauty_salon,
5084,38084,24384,operating_room,
5085,38084,24408,dressing_room,
5086,38084,24408,hospital_room,
5087,38084,24408,clean_room,
5088,38084,24408,operating_room,
5089,38084,24408,locker_room,
5090,38084,24432,dressing_room,
5091,38084,24432,locker_room,
5092,38084,24432,hospital_room,
5093,38084,24432,beauty_salon,
5094,38084,24432,clean_room,
5095,38084,24456,dressing_room,
5096,38084,24456,clean_room,
5097,38084,24456,hospital_room,
5098,38084,24456,chemistry_lab,
5099,38084,24456,locker_room,
5100,38084,24480,dressing_room,
5101,38084,24480,restaurant,
5102,38084,24480,banquet_hall,
5103,38084,24480,locker_room,
5104,38084,24480,beauty_salon,
5105,38084,24504,dressing_room,
5106,38084,24504,locker_room,
5107,38084,24504,banquet_hall,
5108,38084,24504,beauty_salon,
5109,38084,24504,restaurant,
5110,38084,24528,dressing_room,
5111,38084,24528,banquet_hall,
5112,38084,24528,beauty_salon,
5113,38084,24528,clean_room,
5114,38084,24528,locker_room,
5115,38084,24552,dressing_room,
5116,38084,24552,restaurant,
5117,38084,24552,banquet_hall,
5118,38084,24552,beauty_salon,
5119,38084,24552,cafeteria,
5120,38084,24576,dressing_room,
5121,38084,24576,locker_room,
5122,38084,24576,hospital_room,
5123,38084,24576,beauty_salon,
5124,38084,24576,ballroom,
5125,38084,24600,dressing_room,
5126,38084,24600,locker_room,
5127,38084,24600,hospital_room,
5128,38084,24600,beauty_salon,
5129,38084,24600,discotheque,
5130,38084,24624,dressing_room,
5131,38084,24624,nursery,
5132,38084,24624,bedroom,
5133,38084,24624,living_room,
5134,38084,24624,hospital_room,
5135,38084,24648,dressing_room,
5136,38084,24648,nursery,
5137,38084,24648,bedroom,
5138,38084,24648,hospital_room,
5139,38084,24648,living_room,
5140,38084,24672,dressing_room,
5141,38084,24672,nursery,
5142,38084,24672,bedroom,
5143,38084,24672,living_room,
5144,38084,24672,hospital_room,
5145,38084,24696,dressing_room,
5146,38084,24696,nursery,
5147,38084,24696,bedroom,
5148,38084,24696,hospital_room,
5149,38084,24696,living_room,
5150,38084,24720,dressing_room,
5151,38084,24720,nursery,
5152,38084,24720,living_room,
5153,38084,24720,bedroom,
5154,38084,24720,bow_window/indoor,
5155,38084,24744,dressing_room,
5156,38084,24744,nursery,
5157,38084,24744,living_room,
5158,38084,24744,bedroom,
5159,38084,24744,hospital_room,
5160,38084,24768,dressing_room,
5161,38084,24768,nursery,
5162,38084,24768,bedroom,
5163,38084,24768,hospital_room,
5164,38084,24768,living_room,
5165,38084,24792,dressing_room,
5166,38084,24792,living_room,
5167,38084,24792,nursery,
5168,38084,24792,bedroom,
5169,38084,24792,beauty_salon,
5170,38084,24816,dressing_room,
5171,38084,24816,hospital_room,
5172,38084,24816,bedroom,
5173,38084,24816,nursery,
5174,38084,24816,living_room,
5175,38084,24840,dressing_room,
5176,38084,24840,nursery,
5177,38084,24840,hospital_room,
5178,38084,24840,bedroom,
5179,38084,24840,living_room,
5180,38084,24864,dressing_room,
5181,38084,24864,locker_room,
5182,38084,24864,clean_room,
5183,38084,24864,hospital_room,
5184,38084,24864,ballroom,
5185,38084,24888,dressing_room,
5186,38084,24888,locker_room,
5187,38084,24888,hospital_room,
5188,38084,24888,clean_room,
5189,38084,24888,ballroom,
5190,38084,24912,dressing_room,
5191,38084,24912,locker_room,
5192,38084,24912,hospital_room,
5193,38084,24912,ballroom,
5194,38084,24912,clean_room,
5195,38084,24936,dressing_room,
5196,38084,24936,locker_room,
5197,38084,24936,discotheque,
5198,38084,24936,ballroom,
5199,38084,24936,beauty_salon,
5200,38084,24960,dressing_room,
5201,38084,24960,locker_room,
5202,38084,24960,ballroom,
5203,38084,24960,discotheque,
5204,38084,24960,banquet_hall,
5205,38084,24984,dressing_room,
5206,38084,24984,nursery,
5207,38084,24984,living_room,
5208,38084,24984,bedroom,
5209,38084,24984,hospital_room,
5210,38084,25008,dressing_room,
5211,38084,25008,nursery,
5212,38084,25008,bedroom,
5213,38084,25008,hospital_room,
5214,38084,25008,living_room,
5215,38084,25032,dressing_room,
5216,38084,25032,nursery,
5217,38084,25032,bedroom,
5218,38084,25032,living_room,
5219,38084,25032,hospital_room,
5220,38084,25056,dressing_room,
5221,38084,25056,nursery,
5222,38084,25056,bedroom,
5223,38084,25056,living_room,
5224,38084,25056,hospital_room,
5225,38084,25080,dressing_room,
5226,38084,25080,bedroom,
5227,38084,25080,living_room,
5228,38084,25080,nursery,
5229,38084,25080,hotel_room,
5230,38084,25104,nursery,
5231,38084,25104,dressing_room,
5232,38084,25104,living_room,
5233,38084,25104,bedroom,
5234,38084,25104,hospital_room,
5235,38084,25128,clean_room,
5236,38084,25128,hospital_room,
5237,38084,25128,dressing_room,
5238,38084,25128,nursing_home,
5239,38084,25128,archive,
5240,38084,25152,clean_room,
5241,38084,25152,hospital_room,
5242,38084,25152,nursing_home,
5243,38084,25152,biology_laboratory,
5244,38084,25152,operating_room,
5245,38084,25176,clean_room,
5246,38084,25176,hospital_room,
5247,38084,25176,biology_laboratory,
5248,38084,25176,operating_room,
5249,38084,25176,nursing_home,
5250,38084,25200,clean_room,
5251,38084,25200,hospital_room,
5252,38084,25200,dressing_room,
5253,38084,25200,nursing_home,
5254,38084,25200,operating_room,
5255,38084,25224,clean_room,
5256,38084,25224,hospital_room,
5257,38084,25224,nursing_home,
5258,38084,25224,biology_laboratory,
5259,38084,25224,operating_room,
5260,38084,25248,clean_room,
5261,38084,25248,hospital_room,
5262,38084,25248,nursing_home,
5263,38084,25248,dressing_room,
5264,38084,25248,biology_laboratory,
5265,38084,25272,nursing_home,
5266,38084,25272,clean_room,
5267,38084,25272,hospital_room,
5268,38084,25272,dressing_room,
5269,38084,25272,biology_laboratory,
5270,38084,25296,dressing_room,
5271,38084,25296,beauty_salon,
5272,38084,25296,dining_room,
5273,38084,25296,living_room,
5274,38084,25296,home_office,
5275,38084,25320,dressing_room,
5276,38084,25320,beauty_salon,
5277,38084,25320,living_room,
5278,38084,25320,office,
5279,38084,25320,dorm_room,
5280,38084,25344,dressing_room,
5281,38084,25344,bow_window/indoor,
5282,38084,25344,dining_room,
5283,38084,25344,living_room,
5284,38084,25344,beauty_salon,
5285,38084,25368,dressing_room,
5286,38084,25368,beauty_salon,
5287,38084,25368,office,
5288,38084,25368,bow_window/indoor,
5289,38084,25368,home_office,
5290,38084,25392,dressing_room,
5291,38084,25392,beauty_salon,
5292,38084,25392,bow_window/indoor,
5293,38084,25392,office,
5294,38084,25392,bathroom,
5295,38084,25416,dressing_room,
5296,38084,25416,beauty_salon,
5297,38084,25416,bathroom,
5298,38084,25416,locker_room,
5299,38084,25416,office,
5300,38084,25440,dressing_room,
5301,38084,25440,beauty_salon,
5302,38084,25440,locker_room,
5303,38084,25440,discotheque,
5304,38084,25440,hospital_room,
5305,38084,25464,dressing_room,
5306,38084,25464,music_studio,
5307,38084,25464,beauty_salon,
5308,38084,25464,nursing_home,
5309,38084,25464,clean_room,
5310,38084,25488,dressing_room,
5311,38084,25488,music_studio,
5312,38084,25488,living_room,
5313,38084,25488,office,
5314,38084,25488,beauty_salon,
5315,38084,25512,dressing_room,
5316,38084,25512,dining_room,
5317,38084,25512,beauty_salon,
5318,38084,25512,music_studio,
5319,38084,25512,bow_window/indoor,
5320,38084,25536,dressing_room,
5321,38084,25536,music_studio,
5322,38084,25536,nursery,
5323,38084,25536,beauty_salon,
5324,38084,25536,living_room,
5325,38084,25560,dressing_room,
5326,38084,25560,dining_room,
5327,38084,25560,beauty_salon,
5328,38084,25560,office,
5329,38084,25560,hospital_room,
5330,38084,25584,dressing_room,
5331,38084,25584,bow_window/indoor,
5332,38084,25584,living_room,
5333,38084,25584,beauty_salon,
5334,38084,25584,office,
5335,38084,25608,dressing_room,
5336,38084,25608,beauty_salon,
5337,38084,25608,music_studio,
5338,38084,25608,living_room,
5339,38084,25608,bow_window/indoor,
5340,38084,25632,dressing_room,
5341,38084,25632,beauty_salon,
5342,38084,25632,music_studio,
5343,38084,25632,living_room,
5344,38084,25632,bathroom,
5345,38084,25656,dressing_room,
5346,38084,25656,living_room,
5347,38084,25656,nursery,
5348,38084,25656,beauty_salon,
5349,38084,25656,music_studio,
5350,38084,25680,dressing_room,
5351,38084,25680,beauty_salon,
5352,38084,25680,living_room,
5353,38084,25680,nursery,
5354,38084,25680,music_studio,
5355,38084,25704,dressing_room,
5356,38084,25704,beauty_salon,
5357,38084,25704,living_room,
5358,38084,25704,bathroom,
5359,38084,25704,nursery,
5360,38084,25728,dressing_room,
5361,38084,25728,beauty_salon,
5362,38084,25728,music_studio,
5363,38084,25728,hospital_room,
5364,38084,25728,living_room,
5365,38084,25752,dressing_room,
5366,38084,25752,beauty_salon,
5367,38084,25752,music_studio,
5368,38084,25752,office,
5369,38084,25752,dining_room,
5370,38084,25776,dressing_room,
5371,38084,25776,beauty_salon,
5372,38084,25776,hospital_room,
5373,38084,25776,bathroom,
5374,38084,25776,nursery,
5375,38084,25800,dressing_room,
5376,38084,25800,beauty_salon,
5377,38084,25800,bathroom,
5378,38084,25800,shower,
5379,38084,25800,music_studio,
5380,38084,25824,dressing_room,
5381,38084,25824,beauty_salon,
5382,38084,25824,bathroom,
5383,38084,25824,music_studio,
5384,38084,25824,clean_room,
5385,38084,25848,dressing_room,
5386,38084,25848,bathroom,
5387,38084,25848,beauty_salon,
5388,38084,25848,shower,
5389,38084,25848,bow_window/indoor,
5390,38084,25872,dressing_room,
5391,38084,25872,living_room,
5392,38084,25872,beauty_salon,
5393,38084,25872,bow_window/indoor,
5394,38084,25872,bathroom,
5395,38084,25896,dressing_room,
5396,38084,25896,beauty_salon,
5397,38084,25896,bow_window/indoor,
5398,38084,25896,living_room,
5399,38084,25896,bathroom,
5400,38084,25920,dressing_room,
5401,38084,25920,locker_room,
5402,38084,25920,nursing_home,
5403,38084,25920,restaurant,
5404,38084,25920,beauty_salon,
5405,38084,25944,dressing_room,
5406,38084,25944,beauty_salon,
5407,38084,25944,discotheque,
5408,38084,25944,locker_room,
5409,38084,25944,restaurant,
5410,38084,25968,dressing_room,
5411,38084,25968,beauty_salon,
5412,38084,25968,bow_window/indoor,
5413,38084,25968,living_room,
5414,38084,25968,dining_room,
5415,38084,25992,dressing_room,
5416,38084,25992,beauty_salon,
5417,38084,25992,music_studio,
5418,38084,25992,bow_window/indoor,
5419,38084,25992,chemistry_lab,
5420,38084,26016,dressing_room,
5421,38084,26016,beauty_salon,
5422,38084,26016,bathroom,
5423,38084,26016,bow_window/indoor,
5424,38084,26016,locker_room,
5425,38084,26040,dressing_room,
5426,38084,26040,beauty_salon,
5427,38084,26040,clean_room,
5428,38084,26040,locker_room,
5429,38084,26040,hospital_room,
5430,38084,26064,dressing_room,
5431,38084,26064,living_room,
5432,38084,26064,bow_window/indoor,
5433,38084,26064,beauty_salon,
5434,38084,26064,locker_room,
5435,38084,26088,dressing_room,
5436,38084,26088,beauty_salon,
5437,38084,26088,clean_room,
5438,38084,26088,bow_window/indoor,
5439,38084,26088,locker_room,
5440,38084,26112,dressing_room,
5441,38084,26112,bow_window/indoor,
5442,38084,26112,living_room,
5443,38084,26112,bathroom,
5444,38084,26112,hospital_room,
5445,38084,26136,dressing_room,
5446,38084,26136,bow_window/indoor,
5447,38084,26136,bathroom,
5448,38084,26136,sauna,
5449,38084,26136,shower,
5450,38084,26160,dressing_room,
5451,38084,26160,sauna,
5452,38084,26160,bathroom,
5453,38084,26160,bow_window/indoor,
5454,38084,26160,shower,
5455,38084,26184,dressing_room,
5456,38084,26184,bow_window/indoor,
5457,38084,26184,bathroom,
5458,38084,26184,sauna,
5459,38084,26184,living_room,
5460,38084,26208,dressing_room,
5461,38084,26208,bathroom,
5462,38084,26208,sauna,
5463,38084,26208,shower,
5464,38084,26208,bow_window/indoor,
5465,38084,26232,dressing_room,
5466,38084,26232,bow_window/indoor,
5467,38084,26232,sauna,
5468,38084,26232,bathroom,
5469,38084,26232,living_room,
5470,38084,26256,dressing_room,
5471,38084,26256,bow_window/indoor,
5472,38084,26256,bathroom,
5473,38084,26256,living_room,
5474,38084,26256,sauna,
5475,38084,26280,dressing_room,
5476,38084,26280,bow_window/indoor,
5477,38084,26280,bathroom,
5478,38084,26280,living_room,
5479,38084,26280,sauna,
5480,38084,26304,dressing_room,
5481,38084,26304,bow_window/indoor,
5482,38084,26304,living_room,
5483,38084,26304,office,
5484,38084,26304,music_studio,
5485,38084,26328,dressing_room,
5486,38084,26328,bow_window/indoor,
5487,38084,26328,living_room,
5488,38084,26328,nursery,
5489,38084,26328,office,
5490,38084,26352,dressing_room,
5491,38084,26352,bow_window/indoor,
5492,38084,26352,living_room,
5493,38084,26352,nursery,
5494,38084,26352,playroom,
5495,38084,26376,dressing_room,
5496,38084,26376,bow_window/indoor,
5497,38084,26376,living_room,
5498,38084,26376,bathroom,
5499,38084,26376,office,
5500,38084,26400,dressing_room,
5501,38084,26400,bow_window/indoor,
5502,38084,26400,living_room,
5503,38084,26400,bathroom,
5504,38084,26400,clean_room,
5505,38084,26424,dressing_room,
5506,38084,26424,bow_window/indoor,
5507,38084,26424,office,
5508,38084,26424,locker_room,
5509,38084,26424,living_room,
5510,38084,26448,dressing_room,
5511,38084,26448,bow_window/indoor,
5512,38084,26448,office,
5513,38084,26448,locker_room,
5514,38084,26448,bathroom,
5515,38084,26472,dressing_room,
5516,38084,26472,bow_window/indoor,
5517,38084,26472,office,
5518,38084,26472,living_room,
5519,38084,26472,locker_room,
5520,38084,26496,dressing_room,
5521,38084,26496,bow_window/indoor,
5522,38084,26496,bathroom,
5523,38084,26496,shower,
5524,38084,26496,clean_room,
5525,38084,26520,clean_room,
5526,38084,26520,hospital_room,
5527,38084,26520,dressing_room,
5528,38084,26520,operating_room,
5529,38084,26520,nursing_home,
5530,38084,26544,clean_room,
5531,38084,26544,hospital_room,
5532,38084,26544,dressing_room,
5533,38084,26544,nursing_home,
5534,38084,26544,biology_laboratory,
5535,38084,26568,clean_room,
5536,38084,26568,dressing_room,
5537,38084,26568,hospital_room,
5538,38084,26568,nursing_home,
5539,38084,26568,biology_laboratory,
5540,38084,26592,dressing_room,
5541,38084,26592,hospital_room,
5542,38084,26592,nursing_home,
5543,38084,26592,locker_room,
5544,38084,26592,clean_room,
5545,38084,26616,dressing_room,
5546,38084,26616,clean_room,
5547,38084,26616,biology_laboratory,
5548,38084,26616,chemistry_lab,
5549,38084,26616,hospital_room,
5550,38084,26640,clean_room,
5551,38084,26640,hospital_room,
5552,38084,26640,dressing_room,
5553,38084,26640,chemistry_lab,
5554,38084,26640,biology_laboratory,
5555,38084,26664,dressing_room,
5556,38084,26664,hospital_room,
5557,38084,26664,clean_room,
5558,38084,26664,nursing_home,
5559,38084,26664,chemistry_lab,
5560,38084,26688,dressing_room,
5561,38084,26688,clean_room,
5562,38084,26688,hospital_room,
5563,38084,26688,nursing_home,
5564,38084,26688,chemistry_lab,
5565,38084,26712,dressing_room,
5566,38084,26712,clean_room,
5567,38084,26712,hospital_room,
5568,38084,26712,locker_room,
5569,38084,26712,beauty_salon,
5570,38084,26736,dressing_room,
5571,38084,26736,bow_window/indoor,
5572,38084,26736,locker_room,
5573,38084,26736,sauna,
5574,38084,26736,living_room,
5575,38084,26760,dressing_room,
5576,38084,26760,bedroom,
5577,38084,26760,playroom,
5578,38084,26760,shower,
5579,38084,26760,bathroom,
5580,38084,26784,dressing_room,
5581,38084,26784,bedroom,
5582,38084,26784,hospital_room,
5583,38084,26784,locker_room,
5584,38084,26784,living_room,
5585,38084,26808,dressing_room,
5586,38084,26808,hospital_room,
5587,38084,26808,music_studio,
5588,38084,26808,bedroom,
5589,38084,26808,living_room,
5590,38084,26832,dressing_room,
5591,38084,26832,nursery,
5592,38084,26832,bow_window/indoor,
5593,38084,26832,playroom,
5594,38084,26832,locker_room,
5595,38084,26856,dressing_room,
5596,38084,26856,dining_room,
5597,38084,26856,beauty_salon,
5598,38084,26856,coffee_shop,
5599,38084,26856,restaurant,
5600,38084,26880,dressing_room,
5601,38084,26880,music_studio,
5602,38084,26880,office,
5603,38084,26880,bow_window/indoor,
5604,38084,26880,dorm_room,
5605,38084,26904,dressing_room,
5606,38084,26904,locker_room,
5607,38084,26904,bow_window/indoor,
5608,38084,26904,nursery,
5609,38084,26904,beauty_salon,
5610,38084,26928,dressing_room,
5611,38084,26928,bathroom,
5612,38084,26928,locker_room,
5613,38084,26928,shower,
5614,38084,26928,elevator/door,
5615,38084,26952,dressing_room,
5616,38084,26952,bathroom,
5617,38084,26952,nursery,
5618,38084,26952,bow_window/indoor,
5619,38084,26952,living_room,
5620,38084,26976,dressing_room,
5621,38084,26976,bow_window/indoor,
5622,38084,26976,nursery,
5623,38084,26976,sauna,
5624,38084,26976,shower,
5625,38084,27000,dressing_room,
5626,38084,27000,locker_room,
5627,38084,27000,hospital_room,
5628,38084,27000,clean_room,
5629,38084,27000,waiting_room,
5630,38084,27024,dressing_room,
5631,38084,27024,locker_room,
5632,38084,27024,clean_room,
5633,38084,27024,beauty_salon,
5634,38084,27024,clothing_store,
5635,38084,27048,dressing_room,
5636,38084,27048,beauty_salon,
5637,38084,27048,clean_room,
5638,38084,27048,restaurant,
5639,38084,27048,music_studio,
5640,38084,27072,dressing_room,
5641,38084,27072,clean_room,
5642,38084,27072,beauty_salon,
5643,38084,27072,locker_room,
5644,38084,27072,clothing_store,
5645,38084,27096,dressing_room,
5646,38084,27096,archive,
5647,38084,27096,clean_room,
5648,38084,27096,beauty_salon,
5649,38084,27096,locker_room,
5650,38084,27120,dressing_room,
5651,38084,27120,locker_room,
5652,38084,27120,clean_room,
5653,38084,27120,beauty_salon,
5654,38084,27120,bathroom,
5655,38084,27144,dressing_room,
5656,38084,27144,clean_room,
5657,38084,27144,locker_room,
5658,38084,27144,clothing_store,
5659,38084,27144,closet,
5660,38084,27168,dressing_room,
5661,38084,27168,clean_room,
5662,38084,27168,locker_room,
5663,38084,27168,beauty_salon,
5664,38084,27168,clothing_store,
5665,38084,27192,dressing_room,
5666,38084,27192,clean_room,
5667,38084,27192,locker_room,
5668,38084,27192,beauty_salon,
5669,38084,27192,hospital_room,
5670,38084,27216,dressing_room,
5671,38084,27216,clean_room,
5672,38084,27216,cafeteria,
5673,38084,27216,beauty_salon,
5674,38084,27216,dining_hall,
5675,38084,27240,dressing_room,
5676,38084,27240,beauty_salon,
5677,38084,27240,cafeteria,
5678,38084,27240,clean_room,
5679,38084,27240,nursing_home,
5680,38084,27264,clean_room,
5681,38084,27264,cafeteria,
5682,38084,27264,dressing_room,
5683,38084,27264,dining_hall,
5684,38084,27264,biology_laboratory,
5685,38084,27288,clean_room,
5686,38084,27288,archive,
5687,38084,27288,locker_room,
5688,38084,27288,museum/indoor,
5689,38084,27288,dressing_room,
5690,38084,27312,clean_room,
5691,38084,27312,martial_arts_gym,
5692,38084,27312,archive,
5693,38084,27312,operating_room,
5694,38084,27312,dressing_room,
5695,38084,27336,clean_room,
5696,38084,27336,dressing_room,
5697,38084,27336,shower,
5698,38084,27336,locker_room,
5699,38084,27336,elevator/door,
5700,38084,27360,dressing_room,
5701,38084,27360,shower,
5702,38084,27360,elevator/door,
5703,38084,27360,bathroom,
5704,38084,27360,clothing_store,
5705,38084,27384,dressing_room,
5706,38084,27384,shower,
5707,38084,27384,elevator/door,
5708,38084,27384,bathroom,
5709,38084,27384,locker_room,
5710,38084,27408,dressing_room,
5711,38084,27408,clean_room,
5712,38084,27408,museum/indoor,
5713,38084,27408,art_gallery,
5714,38084,27408,locker_room,
5715,38084,27432,dressing_room,
5716,38084,27432,elevator/door,
5717,38084,27432,shower,
5718,38084,27432,closet,
5719,38084,27432,locker_room,
5720,38084,27456,dressing_room,
5721,38084,27456,elevator/door,
5722,38084,27456,shower,
5723,38084,27456,elevator_lobby,
5724,38084,27456,art_gallery,
5725,38084,27480,dressing_room,
5726,38084,27480,clothing_store,
5727,38084,27480,locker_room,
5728,38084,27480,closet,
5729,38084,27480,shower,
5730,38084,27504,clothing_store,
5731,38084,27504,beauty_salon,
5732,38084,27504,jewelry_shop,
5733,38084,27504,dressing_room,
5734,38084,27504,coffee_shop,
5735,38084,27528,clothing_store,
5736,38084,27528,beauty_salon,
5737,38084,27528,coffee_shop,
5738,38084,27528,dressing_room,
5739,38084,27528,jewelry_shop,
5740,38084,27552,dressing_room,
5741,38084,27552,clothing_store,
5742,38084,27552,beauty_salon,
5743,38084,27552,shower,
5744,38084,27552,bathroom,
5745,38084,27576,dressing_room,
5746,38084,27576,clothing_store,
5747,38084,27576,clean_room,
5748,38084,27576,shower,
5749,38084,27576,locker_room,
5750,38084,27600,dressing_room,
5751,38084,27600,clothing_store,
5752,38084,27600,closet,
5753,38084,27600,locker_room,
5754,38084,27600,bathroom,
5755,38084,27624,dressing_room,
5756,38084,27624,clean_room,
5757,38084,27624,locker_room,
5758,38084,27624,clothing_store,
5759,38084,27624,shower,
5760,38084,27648,dressing_room,
5761,38084,27648,clothing_store,
5762,38084,27648,clean_room,
5763,38084,27648,elevator/door,
5764,38084,27648,shower,
5765,38084,27672,dressing_room,
5766,38084,27672,shower,
5767,38084,27672,clothing_store,
5768,38084,27672,elevator/door,
5769,38084,27672,bathroom,
5770,38084,27696,dressing_room,
5771,38084,27696,clothing_store,
5772,38084,27696,shower,
5773,38084,27696,locker_room,
5774,38084,27696,bathroom,
5775,38084,27720,dressing_room,
5776,38084,27720,shower,
5777,38084,27720,clothing_store,
5778,38084,27720,locker_room,
5779,38084,27720,discotheque,
5780,38084,27744,dressing_room,
5781,38084,27744,shower,
5782,38084,27744,clothing_store,
5783,38084,27744,elevator/door,
5784,38084,27744,bathroom,
5785,38084,27768,dressing_room,
5786,38084,27768,clothing_store,
5787,38084,27768,shower,
5788,38084,27768,elevator/door,
5789,38084,27768,bathroom,
5790,38084,27792,dressing_room,
5791,38084,27792,clothing_store,
5792,38084,27792,shower,
5793,38084,27792,elevator/door,
5794,38084,27792,locker_room,
5795,38084,27816,dressing_room,
5796,38084,27816,clean_room,
5797,38084,27816,clothing_store,
5798,38084,27816,shower,
5799,38084,27816,locker_room,
5800,38084,27840,dressing_room,
5801,38084,27840,shower,
5802,38084,27840,bathroom,
5803,38084,27840,elevator/door,
5804,38084,27840,locker_room,
5805,38084,27864,dressing_room,
5806,38084,27864,elevator/door,
5807,38084,27864,elevator_lobby,
5808,38084,27864,closet,
5809,38084,27864,art_gallery,
5810,38084,27888,dressing_room,
5811,38084,27888,elevator/door,
5812,38084,27888,shower,
5813,38084,27888,closet,
5814,38084,27888,clothing_store,
5815,38084,27912,closet,
5816,38084,27912,clothing_store,
5817,38084,27912,dressing_room,
5818,38084,27912,shower,
5819,38084,27912,fabric_store,
5820,38084,27936,clean_room,
5821,38084,27936,runway,
5822,38084,27936,shower,
5823,38084,27936,science_museum,
5824,38084,27936,skyscraper,
5825,38084,27960,fountain,
5826,38084,27960,arch,
5827,38084,27960,museum/indoor,
5828,38084,27960,science_museum,
5829,38084,27960,igloo,
5830,38084,27984,chemistry_lab,
5831,38084,27984,clean_room,
5832,38084,27984,biology_laboratory,
5833,38084,27984,science_museum,
5834,38084,27984,shower,
5835,38084,28008,shower,
5836,38084,28008,clean_room,
5837,38084,28008,discotheque,
5838,38084,28008,chemistry_lab,
5839,38084,28008,basement,
5840,38084,28032,dressing_room,
5841,38084,28032,shower,
5842,38084,28032,bathroom,
5843,38084,28032,clean_room,
5844,38084,28032,sauna,
5845,38084,28056,dressing_room,
5846,38084,28056,clean_room,
5847,38084,28056,bathroom,
5848,38084,28056,shower,
5849,38084,28056,locker_room,
5850,38084,28080,dressing_room,
5851,38084,28080,bathroom,
5852,38084,28080,shower,
5853,38084,28080,locker_room,
5854,38084,28080,clean_room,
5855,38084,28104,dressing_room,
5856,38084,28104,shower,
5857,38084,28104,bathroom,
5858,38084,28104,locker_room,
5859,38084,28104,elevator/door,
5860,38084,28128,dressing_room,
5861,38084,28128,locker_room,
5862,38084,28128,shower,
5863,38084,28128,bathroom,
5864,38084,28128,elevator/door,
5865,38084,28152,dressing_room,
5866,38084,28152,locker_room,
5867,38084,28152,clean_room,
5868,38084,28152,bathroom,
5869,38084,28152,shower,
5870,38084,28176,dressing_room,
5871,38084,28176,locker_room,
5872,38084,28176,clean_room,
5873,38084,28176,bathroom,
5874,38084,28176,shower,
5875,38084,28200,dressing_room,
5876,38084,28200,locker_room,
5877,38084,28200,elevator/door,
5878,38084,28200,shower,
5879,38084,28200,music_studio,
5880,38084,28224,dressing_room,
5881,38084,28224,locker_room,
5882,38084,28224,clean_room,
5883,38084,28224,shower,
5884,38084,28224,bathroom,
5885,38084,28248,dressing_room,
5886,38084,28248,locker_room,
5887,38084,28248,clean_room,
5888,38084,28248,hospital_room,
5889,38084,28248,sauna,
5890,38084,28272,dressing_room,
5891,38084,28272,clean_room,
5892,38084,28272,locker_room,
5893,38084,28272,hospital_room,
5894,38084,28272,elevator/door,
5895,38084,28296,dressing_room,
5896,38084,28296,clean_room,
5897,38084,28296,bathroom,
5898,38084,28296,shower,
5899,38084,28296,hospital_room,
5900,38084,28320,dressing_room,
5901,38084,28320,clean_room,
5902,38084,28320,hospital_room,
5903,38084,28320,beauty_salon,
5904,38084,28320,shower,
5905,38084,28344,dressing_room,
5906,38084,28344,clean_room,
5907,38084,28344,hospital_room,
5908,38084,28344,operating_room,
5909,38084,28344,locker_room,
5910,38084,28368,dressing_room,
5911,38084,28368,clean_room,
5912,38084,28368,hospital_room,
5913,38084,28368,locker_room,
5914,38084,28368,operating_room,
5915,38084,28392,dressing_room,
5916,38084,28392,locker_room,
5917,38084,28392,clean_room,
5918,38084,28392,shower,
5919,38084,28392,bathroom,
5920,38084,28416,dressing_room,
5921,38084,28416,clean_room,
5922,38084,28416,locker_room,
5923,38084,28416,hospital_room,
5924,38084,28416,beauty_salon,
5925,38084,28440,dressing_room,
5926,38084,28440,clean_room,
5927,38084,28440,bathroom,
5928,38084,28440,shower,
5929,38084,28440,locker_room,
5930,38084,28464,dressing_room,
5931,38084,28464,bow_window/indoor,
5932,38084,28464,nursery,
5933,38084,28464,playroom,
5934,38084,28464,bathroom,
5935,38084,28488,dressing_room,
5936,38084,28488,bow_window/indoor,
5937,38084,28488,shower,
5938,38084,28488,bathroom,
5939,38084,28488,nursery,
5940,38084,28512,dressing_room,
5941,38084,28512,shower,
5942,38084,28512,locker_room,
5943,38084,28512,bathroom,
5944,38084,28512,clean_room,
5945,38084,28536,dressing_room,
5946,38084,28536,bathroom,
5947,38084,28536,shower,
5948,38084,28536,locker_room,
5949,38084,28536,clean_room,
5950,38084,28560,dressing_room,
5951,38084,28560,shower,
5952,38084,28560,bathroom,
5953,38084,28560,clean_room,
5954,38084,28560,locker_room,
5955,38084,28584,dressing_room,
5956,38084,28584,bathroom,
5957,38084,28584,shower,
5958,38084,28584,locker_room,
5959,38084,28584,clean_room,
5960,38084,28608,dressing_room,
5961,38084,28608,elevator/door,
5962,38084,28608,shower,
5963,38084,28608,bathroom,
5964,38084,28608,locker_room,
5965,38084,28632,dressing_room,
5966,38084,28632,clean_room,
5967,38084,28632,bathroom,
5968,38084,28632,locker_room,
5969,38084,28632,corridor,
5970,38084,28656,dressing_room,
5971,38084,28656,bow_window/indoor,
5972,38084,28656,bathroom,
5973,38084,28656,shower,
5974,38084,28656,clean_room,
5975,38084,28680,dressing_room,
5976,38084,28680,shower,
5977,38084,28680,closet,
5978,38084,28680,bathroom,
5979,38084,28680,locker_room,
5980,38084,28704,dressing_room,
5981,38084,28704,locker_room,
5982,38084,28704,clean_room,
5983,38084,28704,shower,
5984,38084,28704,bathroom,
5985,38084,28728,clean_room,
5986,38084,28728,dressing_room,
5987,38084,28728,hospital_room,
5988,38084,28728,discotheque,
5989,38084,28728,locker_room,
5990,38084,28752,clean_room,
5991,38084,28752,dressing_room,
5992,38084,28752,elevator_lobby,
5993,38084,28752,hospital_room,
5994,38084,28752,corridor,
5995,38084,28776,clean_room,
5996,38084,28776,dressing_room,
5997,38084,28776,hospital_room,
5998,38084,28776,shower,
5999,38084,28776,operating_room,
6000,38084,28800,clean_room,
6001,38084,28800,dressing_room,
6002,38084,28800,hospital_room,
6003,38084,28800,shower,
6004,38084,28800,locker_room,
6005,38084,28824,dressing_room,
6006,38084,28824,sauna,
6007,38084,28824,locker_room,
6008,38084,28824,clean_room,
6009,38084,28824,elevator/door,
6010,38084,28848,dressing_room,
6011,38084,28848,locker_room,
6012,38084,28848,elevator/door,
6013,38084,28848,sauna,
6014,38084,28848,elevator_lobby,
6015,38084,28872,dressing_room,
6016,38084,28872,locker_room,
6017,38084,28872,clean_room,
6018,38084,28872,elevator/door,
6019,38084,28872,elevator_lobby,
6020,38084,28896,dressing_room,
6021,38084,28896,locker_room,
6022,38084,28896,clean_room,
6023,38084,28896,elevator/door,
6024,38084,28896,music_studio,
6025,38084,28920,dressing_room,
6026,38084,28920,locker_room,
6027,38084,28920,music_studio,
6028,38084,28920,elevator/door,
6029,38084,28920,clean_room,
6030,38084,28944,dressing_room,
6031,38084,28944,music_studio,
6032,38084,28944,clean_room,
6033,38084,28944,bathroom,
6034,38084,28944,discotheque,
6035,38084,28968,dressing_room,
6036,38084,28968,clean_room,
6037,38084,28968,locker_room,
6038,38084,28968,elevator/door,
6039,38084,28968,bathroom,
6040,38084,28992,clean_room,
6041,38084,28992,dressing_room,
6042,38084,28992,bathroom,
6043,38084,28992,locker_room,
6044,38084,28992,shower,
6045,38084,29016,clean_room,
6046,38084,29016,dressing_room,
6047,38084,29016,locker_room,
6048,38084,29016,bathroom,
6049,38084,29016,shower,
6050,38084,29040,clean_room,
6051,38084,29040,hospital_room,
6052,38084,29040,shower,
6053,38084,29040,airplane_cabin,
6054,38084,29040,hotel_room,
6055,38084,29064,airplane_cabin,
6056,38084,29064,shower,
6057,38084,29064,car_interior,
6058,38084,29064,living_room,
6059,38084,29064,bus_interior,
6060,38084,29088,hospital_room,
6061,38084,29088,shower,
6062,38084,29088,hotel_room,
6063,38084,29088,operating_room,
6064,38084,29088,bedroom,
6065,38084,29112,hospital_room,
6066,38084,29112,shower,
6067,38084,29112,hotel_room,
6068,38084,29112,bedroom,
6069,38084,29112,operating_room,
6070,38084,29136,discotheque,
6071,38084,29136,shower,
6072,38084,29136,clean_room,
6073,38084,29136,dressing_room,
6074,38084,29136,hospital_room,
6075,38084,29160,clean_room,
6076,38084,29160,dressing_room,
6077,38084,29160,shower,
6078,38084,29160,closet,
6079,38084,29160,hospital_room,
6080,38084,29184,clean_room,
6081,38084,29184,hospital_room,
6082,38084,29184,dressing_room,
6083,38084,29184,operating_room,
6084,38084,29184,shower,
6085,38084,29208,dressing_room,
6086,38084,29208,closet,
6087,38084,29208,clean_room,
6088,38084,29208,hospital_room,
6089,38084,29208,clothing_store,
6090,38084,29232,dressing_room,
6091,38084,29232,clean_room,
6092,38084,29232,hospital_room,
6093,38084,29232,shower,
6094,38084,29232,closet,
6095,38084,29256,dressing_room,
6096,38084,29256,clean_room,
6097,38084,29256,clothing_store,
6098,38084,29256,closet,
6099,38084,29256,shower,
6100,38084,29280,clean_room,
6101,38084,29280,shower,
6102,38084,29280,hospital_room,
6103,38084,29280,discotheque,
6104,38084,29280,dressing_room,
6105,38084,29304,dressing_room,
6106,38084,29304,clean_room,
6107,38084,29304,shower,
6108,38084,29304,hospital_room,
6109,38084,29304,closet,
6110,38084,29328,clean_room,
6111,38084,29328,dressing_room,
6112,38084,29328,shower,
6113,38084,29328,chemistry_lab,
6114,38084,29328,discotheque,
6115,38084,29352,dressing_room,
6116,38084,29352,discotheque,
6117,38084,29352,locker_room,
6118,38084,29352,hospital_room,
6119,38084,29352,bowling_alley,
6120,38084,29376,discotheque,
6121,38084,29376,clean_room,
6122,38084,29376,dressing_room,
6123,38084,29376,shower,
6124,38084,29376,hospital_room,
6125,38084,29400,dressing_room,
6126,38084,29400,discotheque,
6127,38084,29400,locker_room,
6128,38084,29400,basement,
6129,38084,29400,clean_room,
6130,38084,29424,dressing_room,
6131,38084,29424,nursery,
6132,38084,29424,clean_room,
6133,38084,29424,hotel_room,
6134,38084,29424,bedroom,
6135,38084,29448,dressing_room,
6136,38084,29448,bathroom,
6137,38084,29448,nursery,
6138,38084,29448,hotel_room,
6139,38084,29448,bedroom,
6140,38084,29472,dressing_room,
6141,38084,29472,bathroom,
6142,38084,29472,nursery,
6143,38084,29472,clean_room,
6144,38084,29472,hotel_room,
6145,38084,29496,dressing_room,
6146,38084,29496,clean_room,
6147,38084,29496,airplane_cabin,
6148,38084,29496,hospital_room,
6149,38084,29496,discotheque,
6150,38084,29520,dressing_room,
6151,38084,29520,clean_room,
6152,38084,29520,hospital_room,
6153,38084,29520,discotheque,
6154,38084,29520,chemistry_lab,
6155,38084,29544,clean_room,
6156,38084,29544,airplane_cabin,
6157,38084,29544,hospital_room,
6158,38084,29544,dressing_room,
6159,38084,29544,chemistry_lab,
6160,38084,29568,clean_room,
6161,38084,29568,hospital_room,
6162,38084,29568,operating_room,
6163,38084,29568,chemistry_lab,
6164,38084,29568,discotheque,
6165,38084,29592,clean_room,
6166,38084,29592,hospital_room,
6167,38084,29592,chemistry_lab,
6168,38084,29592,dressing_room,
6169,38084,29592,discotheque,
6170,38084,29616,clean_room,
6171,38084,29616,chemistry_lab,
6172,38084,29616,airplane_cabin,
6173,38084,29616,discotheque,
6174,38084,29616,dressing_room,
6175,38084,29640,clean_room,
6176,38084,29640,hospital_room,
6177,38084,29640,chemistry_lab,
6178,38084,29640,operating_room,
6179,38084,29640,dressing_room,
6180,38084,29664,clean_room,
6181,38084,29664,hospital_room,
6182,38084,29664,chemistry_lab,
6183,38084,29664,dressing_room,
6184,38084,29664,airplane_cabin,
6185,38084,29688,clean_room,
6186,38084,29688,chemistry_lab,
6187,38084,29688,hospital_room,
6188,38084,29688,operating_room,
6189,38084,29688,biology_laboratory,
6190,38084,29712,clean_room,
6191,38084,29712,dressing_room,
6192,38084,29712,discotheque,
6193,38084,29712,chemistry_lab,
6194,38084,29712,hospital_room,
6195,38084,29736,clean_room,
6196,38084,29736,discotheque,
6197,38084,29736,dressing_room,
6198,38084,29736,hospital_room,
6199,38084,29736,operating_room,
6200,38084,29760,clean_room,
6201,38084,29760,dressing_room,
6202,38084,29760,corridor,
6203,38084,29760,hospital_room,
6204,38084,29760,beauty_salon,
6205,38084,29784,clean_room,
6206,38084,29784,dressing_room,
6207,38084,29784,hospital_room,
6208,38084,29784,operating_room,
6209,38084,29784,nursing_home,
6210,38084,29808,dressing_room,
6211,38084,29808,locker_room,
6212,38084,29808,clean_room,
6213,38084,29808,bathroom,
6214,38084,29808,hospital_room,
6215,38084,29832,dressing_room,
6216,38084,29832,clean_room,
6217,38084,29832,locker_room,
6218,38084,29832,hospital_room,
6219,38084,29832,nursing_home,
6220,38084,29856,dressing_room,
6221,38084,29856,clean_room,
6222,38084,29856,locker_room,
6223,38084,29856,hospital_room,
6224,38084,29856,shower,
6225,38084,29880,dressing_room,
6226,38084,29880,clean_room,
6227,38084,29880,locker_room,
6228,38084,29880,hospital_room,
6229,38084,29880,beauty_salon,
6230,38084,29904,dressing_room,
6231,38084,29904,locker_room,
6232,38084,29904,clean_room,
6233,38084,29904,hospital_room,
6234,38084,29904,corridor,
6235,38084,29928,dressing_room,
6236,38084,29928,locker_room,
6237,38084,29928,beauty_salon,
6238,38084,29928,clean_room,
6239,38084,29928,bathroom,
6240,38084,29952,dressing_room,
6241,38084,29952,clean_room,
6242,38084,29952,locker_room,
6243,38084,29952,hospital_room,
6244,38084,29952,beauty_salon,
6245,38084,29976,dressing_room,
6246,38084,29976,locker_room,
6247,38084,29976,bathroom,
6248,38084,29976,shower,
6249,38084,29976,clean_room,
6250,38084,30000,dressing_room,
6251,38084,30000,locker_room,
6252,38084,30000,clean_room,
6253,38084,30000,bathroom,
6254,38084,30000,shower,
6255,38084,30024,dressing_room,
6256,38084,30024,clean_room,
6257,38084,30024,locker_room,
6258,38084,30024,bathroom,
6259,38084,30024,shower,
6260,38084,30048,dressing_room,
6261,38084,30048,bathroom,
6262,38084,30048,locker_room,
6263,38084,30048,shower,
6264,38084,30048,hotel_room,
6265,38084,30072,dressing_room,
6266,38084,30072,locker_room,
6267,38084,30072,clean_room,
6268,38084,30072,bathroom,
6269,38084,30072,shower,
6270,38084,30096,dressing_room,
6271,38084,30096,locker_room,
6272,38084,30096,clean_room,
6273,38084,30096,shower,
6274,38084,30096,bathroom,
6275,38084,30120,dressing_room,
6276,38084,30120,clean_room,
6277,38084,30120,locker_room,
6278,38084,30120,bathroom,
6279,38084,30120,shower,
6280,38084,30144,dressing_room,
6281,38084,30144,locker_room,
6282,38084,30144,bathroom,
6283,38084,30144,shower,
6284,38084,30144,clean_room,
6285,38084,30168,dressing_room,
6286,38084,30168,clean_room,
6287,38084,30168,locker_room,
6288,38084,30168,bathroom,
6289,38084,30168,shower,
6290,38084,30192,dressing_room,
6291,38084,30192,locker_room,
6292,38084,30192,clean_room,
6293,38084,30192,bathroom,
6294,38084,30192,shower,
6295,38084,30216,dressing_room,
6296,38084,30216,clean_room,
6297,38084,30216,locker_room,
6298,38084,30216,bathroom,
6299,38084,30216,shower,
6300,38084,30240,dressing_room,
6301,38084,30240,bathroom,
6302,38084,30240,locker_room,
6303,38084,30240,shower,
6304,38084,30240,clean_room,
6305,38084,30264,clean_room,
6306,38084,30264,dressing_room,
6307,38084,30264,beauty_salon,
6308,38084,30264,locker_room,
6309,38084,30264,chemistry_lab,
6310,38084,30288,dressing_room,
6311,38084,30288,clean_room,
6312,38084,30288,locker_room,
6313,38084,30288,shower,
6314,38084,30288,elevator_lobby,
6315,38084,30312,clean_room,
6316,38084,30312,dressing_room,
6317,38084,30312,locker_room,
6318,38084,30312,hospital_room,
6319,38084,30312,elevator_lobby,
6320,38084,30336,dressing_room,
6321,38084,30336,locker_room,
6322,38084,30336,bathroom,
6323,38084,30336,clean_room,
6324,38084,30336,shower,
6325,38084,30360,dressing_room,
6326,38084,30360,bedroom,
6327,38084,30360,nursery,
6328,38084,30360,hospital_room,
6329,38084,30360,hotel_room,
6330,38084,30384,dressing_room,
6331,38084,30384,nursery,
6332,38084,30384,bedroom,
6333,38084,30384,beauty_salon,
6334,38084,30384,hospital_room,
6335,38084,30408,dressing_room,
6336,38084,30408,beauty_salon,
6337,38084,30408,bedroom,
6338,38084,30408,nursery,
6339,38084,30408,discotheque,
6340,38084,30432,dressing_room,
6341,38084,30432,bedroom,
6342,38084,30432,hospital_room,
6343,38084,30432,beauty_salon,
6344,38084,30432,hotel_room,
6345,38084,30456,dressing_room,
6346,38084,30456,clean_room,
6347,38084,30456,bedroom,
6348,38084,30456,hospital_room,
6349,38084,30456,beauty_salon,
6350,38084,30480,dressing_room,
6351,38084,30480,bedroom,
6352,38084,30480,hotel_room,
6353,38084,30480,hospital_room,
6354,38084,30480,nursery,
6355,38084,30504,dressing_room,
6356,38084,30504,nursery,
6357,38084,30504,bedroom,
6358,38084,30504,hospital_room,
6359,38084,30504,hotel_room,
6360,38084,30528,dressing_room,
6361,38084,30528,nursery,
6362,38084,30528,bedroom,
6363,38084,30528,hospital_room,
6364,38084,30528,clean_room,
6365,38084,30552,dressing_room,
6366,38084,30552,bedroom,
6367,38084,30552,nursery,
6368,38084,30552,hotel_room,
6369,38084,30552,bathroom,
6370,38084,30576,dressing_room,
6371,38084,30576,bedroom,
6372,38084,30576,nursery,
6373,38084,30576,hotel_room,
6374,38084,30576,hospital_room,
6375,38084,30600,clean_room,
6376,38084,30600,hospital_room,
6377,38084,30600,operating_room,
6378,38084,30600,dressing_room,
6379,38084,30600,chemistry_lab,
6380,38084,30624,clean_room,
6381,38084,30624,dressing_room,
6382,38084,30624,hospital_room,
6383,38084,30624,operating_room,
6384,38084,30624,airplane_cabin,
6385,38084,30648,clean_room,
6386,38084,30648,dressing_room,
6387,38084,30648,hospital_room,
6388,38084,30648,shower,
6389,38084,30648,bathroom,
6390,38084,30672,clean_room,
6391,38084,30672,shower,
6392,38084,30672,dressing_room,
6393,38084,30672,hospital_room,
6394,38084,30672,bathroom,
6395,38084,30696,clean_room,
6396,38084,30696,dressing_room,
6397,38084,30696,shower,
6398,38084,30696,hospital_room,
6399,38084,30696,nursery,
6400,38084,30720,clean_room,
6401,38084,30720,hospital_room,
6402,38084,30720,chemistry_lab,
6403,38084,30720,operating_room,
6404,38084,30720,dressing_room,
6405,38084,30744,clean_room,
6406,38084,30744,hospital_room,
6407,38084,30744,operating_room,
6408,38084,30744,chemistry_lab,
6409,38084,30744,shower,
6410,38084,30768,clean_room,
6411,38084,30768,chemistry_lab,
6412,38084,30768,nursery,
6413,38084,30768,hospital_room,
6414,38084,30768,shower,
6415,38084,30792,shower,
6416,38084,30792,hospital_room,
6417,38084,30792,nursery,
6418,38084,30792,clean_room,
6419,38084,30792,bathroom,
6420,38084,30816,biology_laboratory,
6421,38084,30816,chemistry_lab,
6422,38084,30816,shower,
6423,38084,30816,clean_room,
6424,38084,30816,discotheque,
6425,38084,30840,dressing_room,
6426,38084,30840,locker_room,
6427,38084,30840,elevator_lobby,
6428,38084,30840,elevator/door,
6429,38084,30840,bathroom,
6430,38084,30864,corridor,
6431,38084,30864,dressing_room,
6432,38084,30864,locker_room,
6433,38084,30864,clean_room,
6434,38084,30864,elevator/door,
6435,38084,30888,dressing_room,
6436,38084,30888,closet,
6437,38084,30888,clean_room,
6438,38084,30888,nursery,
6439,38084,30888,bathroom,
6440,38084,30912,dressing_room,
6441,38084,30912,bathroom,
6442,38084,30912,shower,
6443,38084,30912,clean_room,
6444,38084,30912,locker_room,
6445,38084,30936,dressing_room,
6446,38084,30936,discotheque,
6447,38084,30936,clean_room,
6448,38084,30936,hospital_room,
6449,38084,30936,beauty_salon,
6450,38084,30960,dressing_room,
6451,38084,30960,discotheque,
6452,38084,30960,clean_room,
6453,38084,30960,locker_room,
6454,38084,30960,shower,
6455,38084,30984,clean_room,
6456,38084,30984,dressing_room,
6457,38084,30984,biology_laboratory,
6458,38084,30984,chemistry_lab,
6459,38084,30984,operating_room,
6460,38084,31008,clean_room,
6461,38084,31008,dressing_room,
6462,38084,31008,clothing_store,
6463,38084,31008,chemistry_lab,
6464,38084,31008,biology_laboratory,
6465,38084,31032,clean_room,
6466,38084,31032,dressing_room,
6467,38084,31032,operating_room,
6468,38084,31032,hospital_room,
6469,38084,31032,chemistry_lab,
6470,38084,31056,clean_room,
6471,38084,31056,dressing_room,
6472,38084,31056,locker_room,
6473,38084,31056,chemistry_lab,
6474,38084,31056,biology_laboratory,
6475,38084,31080,dressing_room,
6476,38084,31080,clean_room,
6477,38084,31080,hospital_room,
6478,38084,31080,beauty_salon,
6479,38084,31080,hotel_room,
6480,38084,31104,dressing_room,
6481,38084,31104,clean_room,
6482,38084,31104,hospital_room,
6483,38084,31104,nursery,
6484,38084,31104,locker_room,
6485,38084,31128,dressing_room,
6486,38084,31128,closet,
6487,38084,31128,clothing_store,
6488,38084,31128,shower,
6489,38084,31128,locker_room,
6490,38084,31152,dressing_room,
6491,38084,31152,clothing_store,
6492,38084,31152,jewelry_shop,
6493,38084,31152,clean_room,
6494,38084,31152,natural_history_museum,
6495,38084,31176,dressing_room,
6496,38084,31176,locker_room,
6497,38084,31176,clean_room,
6498,38084,31176,beauty_salon,
6499,38084,31176,shower,
6500,38084,31200,dressing_room,
6501,38084,31200,clean_room,
6502,38084,31200,locker_room,
6503,38084,31200,office,
6504,38084,31200,music_studio,
6505,38084,31224,dressing_room,
6506,38084,31224,clean_room,
6507,38084,31224,locker_room,
6508,38084,31224,music_studio,
6509,38084,31224,beauty_salon,
6510,38084,31248,dressing_room,
6511,38084,31248,beauty_salon,
6512,38084,31248,shower,
6513,38084,31248,locker_room,
6514,38084,31248,bathroom,
6515,38084,31272,dressing_room,
6516,38084,31272,clothing_store,
6517,38084,31272,locker_room,
6518,38084,31272,jewelry_shop,
6519,38084,31272,bathroom,
6520,38084,31296,dressing_room,
6521,38084,31296,clothing_store,
6522,38084,31296,closet,
6523,38084,31296,shower,
6524,38084,31296,clean_room,
6525,38084,31320,dressing_room,
6526,38084,31320,locker_room,
6527,38084,31320,clean_room,
6528,38084,31320,shower,
6529,38084,31320,closet,
6530,38084,31344,dressing_room,
6531,38084,31344,closet,
6532,38084,31344,locker_room,
6533,38084,31344,shower,
6534,38084,31344,bathroom,
6535,38084,31368,dressing_room,
6536,38084,31368,locker_room,
6537,38084,31368,clean_room,
6538,38084,31368,closet,
6539,38084,31368,clothing_store,
6540,38084,31392,dressing_room,
6541,38084,31392,clean_room,
6542,38084,31392,locker_room,
6543,38084,31392,shower,
6544,38084,31392,bathroom,
6545,38084,31416,clean_room,
6546,38084,31416,dressing_room,
6547,38084,31416,chemistry_lab,
6548,38084,31416,locker_room,
6549,38084,31416,art_gallery,
6550,38084,31440,dressing_room,
6551,38084,31440,locker_room,
6552,38084,31440,shower,
6553,38084,31440,elevator/door,
6554,38084,31440,bathroom,
6555,38084,31464,dressing_room,
6556,38084,31464,locker_room,
6557,38084,31464,elevator/door,
6558,38084,31464,elevator_lobby,
6559,38084,31464,clean_room,
6560,38084,31488,dressing_room,
6561,38084,31488,locker_room,
6562,38084,31488,elevator/door,
6563,38084,31488,elevator_lobby,
6564,38084,31488,clean_room,
6565,38084,31512,dressing_room,
6566,38084,31512,elevator/door,
6567,38084,31512,locker_room,
6568,38084,31512,shower,
6569,38084,31512,elevator_lobby,
6570,38084,31536,office,
6571,38084,31536,dressing_room,
6572,38084,31536,clean_room,
6573,38084,31536,office_cubicles,
6574,38084,31536,conference_room,
6575,38084,31560,dressing_room,
6576,38084,31560,clean_room,
6577,38084,31560,discotheque,
6578,38084,31560,hospital_room,
6579,38084,31560,locker_room,
6580,38084,31584,dressing_room,
6581,38084,31584,discotheque,
6582,38084,31584,locker_room,
6583,38084,31584,office,
6584,38084,31584,chemistry_lab,
6585,38084,31608,dressing_room,
6586,38084,31608,discotheque,
6587,38084,31608,office,
6588,38084,31608,chemistry_lab,
6589,38084,31608,locker_room,
6590,38084,31632,dressing_room,
6591,38084,31632,discotheque,
6592,38084,31632,nursery,
6593,38084,31632,clothing_store,
6594,38084,31632,beauty_salon,
6595,38084,31656,dressing_room,
6596,38084,31656,discotheque,
6597,38084,31656,stage/indoor,
6598,38084,31656,clothing_store,
6599,38084,31656,nursery,
6600,38084,31680,dressing_room,
6601,38084,31680,locker_room,
6602,38084,31680,clean_room,
6603,38084,31680,office,
6604,38084,31680,chemistry_lab,
6605,38084,31704,dressing_room,
6606,38084,31704,discotheque,
6607,38084,31704,locker_room,
6608,38084,31704,office,
6609,38084,31704,clean_room,
6610,38084,31728,dressing_room,
6611,38084,31728,nursery,
6612,38084,31728,clean_room,
6613,38084,31728,playroom,
6614,38084,31728,hospital_room,
6615,38084,31752,dressing_room,
6616,38084,31752,music_studio,
6617,38084,31752,discotheque,
6618,38084,31752,beauty_salon,
6619,38084,31752,shower,
6620,38084,31776,dressing_room,
6621,38084,31776,discotheque,
6622,38084,31776,nursery,
6623,38084,31776,bedroom,
6624,38084,31776,hotel_room,
6625,38084,31800,dressing_room,
6626,38084,31800,office,
6627,38084,31800,discotheque,
6628,38084,31800,beauty_salon,
6629,38084,31800,airplane_cabin,
6630,38084,31824,dressing_room,
6631,38084,31824,discotheque,
6632,38084,31824,office,
6633,38084,31824,beauty_salon,
6634,38084,31824,locker_room,
6635,38084,31848,dressing_room,
6636,38084,31848,clean_room,
6637,38084,31848,shower,
6638,38084,31848,bathroom,
6639,38084,31848,chemistry_lab,
6640,38084,31872,dressing_room,
6641,38084,31872,shower,
6642,38084,31872,bathroom,
6643,38084,31872,museum/indoor,
6644,38084,31872,clean_room,
6645,38084,31896,dressing_room,
6646,38084,31896,clean_room,
6647,38084,31896,shower,
6648,38084,31896,locker_room,
6649,38084,31896,bathroom,
6650,38084,31920,dressing_room,
6651,38084,31920,clean_room,
6652,38084,31920,locker_room,
6653,38084,31920,chemistry_lab,
6654,38084,31920,biology_laboratory,
6655,38084,31944,dressing_room,
6656,38084,31944,clean_room,
6657,38084,31944,chemistry_lab,
6658,38084,31944,locker_room,
6659,38084,31944,ballroom,
6660,38084,31968,dressing_room,
6661,38084,31968,clean_room,
6662,38084,31968,hospital_room,
6663,38084,31968,beauty_salon,
6664,38084,31968,shower,
6665,38084,31992,dressing_room,
6666,38084,31992,clean_room,
6667,38084,31992,shower,
6668,38084,31992,beauty_salon,
6669,38084,31992,hospital_room,
6670,38084,32016,dressing_room,
6671,38084,32016,discotheque,
6672,38084,32016,clean_room,
6673,38084,32016,hospital_room,
6674,38084,32016,beauty_salon,
6675,38084,32040,dressing_room,
6676,38084,32040,clean_room,
6677,38084,32040,chemistry_lab,
6678,38084,32040,locker_room,
6679,38084,32040,biology_laboratory,
6680,38084,32064,dressing_room,
6681,38084,32064,clean_room,
6682,38084,32064,shower,
6683,38084,32064,chemistry_lab,
6684,38084,32064,locker_room,
6685,38084,32088,dressing_room,
6686,38084,32088,shower,
6687,38084,32088,bathroom,
6688,38084,32088,clean_room,
6689,38084,32088,locker_room,
6690,38084,32112,dressing_room,
6691,38084,32112,clean_room,
6692,38084,32112,shower,
6693,38084,32112,bathroom,
6694,38084,32112,hospital_room,
6695,38084,32136,dressing_room,
6696,38084,32136,clean_room,
6697,38084,32136,shower,
6698,38084,32136,locker_room,
6699,38084,32136,bathroom,
6700,38084,32160,dressing_room,
6701,38084,32160,locker_room,
6702,38084,32160,shower,
6703,38084,32160,clean_room,
6704,38084,32160,elevator/door,
6705,38084,32184,dressing_room,
6706,38084,32184,locker_room,
6707,38084,32184,shower,
6708,38084,32184,bathroom,
6709,38084,32184,elevator/door,
6710,38084,32208,dressing_room,
6711,38084,32208,clean_room,
6712,38084,32208,elevator_lobby,
6713,38084,32208,elevator/door,
6714,38084,32208,locker_room,
6715,38084,32232,dressing_room,
6716,38084,32232,clean_room,
6717,38084,32232,locker_room,
6718,38084,32232,shower,
6719,38084,32232,closet,
6720,38084,32256,dressing_room,
6721,38084,32256,clean_room,
6722,38084,32256,locker_room,
6723,38084,32256,shower,
6724,38084,32256,beauty_salon,
6725,38084,32280,dressing_room,
6726,38084,32280,locker_room,
6727,38084,32280,clean_room,
6728,38084,32280,shower,
6729,38084,32280,closet,
6730,38084,32304,dressing_room,
6731,38084,32304,locker_room,
6732,38084,32304,clean_room,
6733,38084,32304,closet,
6734,38084,32304,shower,
6735,38084,32328,dressing_room,
6736,38084,32328,clean_room,
6737,38084,32328,shower,
6738,38084,32328,locker_room,
6739,38084,32328,beauty_salon,
6740,38084,32352,dressing_room,
6741,38084,32352,locker_room,
6742,38084,32352,elevator/door,
6743,38084,32352,shower,
6744,38084,32352,closet,
6745,38084,32376,dressing_room,
6746,38084,32376,locker_room,
6747,38084,32376,shower,
6748,38084,32376,elevator/door,
6749,38084,32376,elevator_lobby,
6750,38084,32400,dressing_room,
6751,38084,32400,locker_room,
6752,38084,32400,shower,
6753,38084,32400,bathroom,
6754,38084,32400,elevator/door,
6755,38084,32424,dressing_room,
6756,38084,32424,shower,
6757,38084,32424,locker_room,
6758,38084,32424,elevator_lobby,
6759,38084,32424,elevator/door,
6760,38084,32448,shower,
6761,38084,32448,clean_room,
6762,38084,32448,dressing_room,
6763,38084,32448,locker_room,
6764,38084,32448,bathroom,
6765,38084,32472,clean_room,
6766,38084,32472,dressing_room,
6767,38084,32472,shower,
6768,38084,32472,stage/indoor,
6769,38084,32472,hospital_room,
6770,38084,32496,clean_room,
6771,38084,32496,shower,
6772,38084,32496,dressing_room,
6773,38084,32496,locker_room,
6774,38084,32496,sauna,
6775,38084,32520,clean_room,
6776,38084,32520,shower,
6777,38084,32520,hospital_room,
6778,38084,32520,sauna,
6779,38084,32520,nursery,
6780,38084,32544,clean_room,
6781,38084,32544,shower,
6782,38084,32544,dressing_room,
6783,38084,32544,bathroom,
6784,38084,32544,hotel_room,
6785,38084,32568,clean_room,
6786,38084,32568,operating_room,
6787,38084,32568,shower,
6788,38084,32568,hospital_room,
6789,38084,32568,dressing_room,
6790,38084,32592,clean_room,
6791,38084,32592,dressing_room,
6792,38084,32592,operating_room,
6793,38084,32592,hospital_room,
6794,38084,32592,nursery,
6795,38084,32616,clean_room,
6796,38084,32616,dressing_room,
6797,38084,32616,hospital_room,
6798,38084,32616,shower,
6799,38084,32616,operating_room,
6800,38084,32640,shower,
6801,38084,32640,dressing_room,
6802,38084,32640,locker_room,
6803,38084,32640,bathroom,
6804,38084,32640,clean_room,
6805,38084,32664,dressing_room,
6806,38084,32664,locker_room,
6807,38084,32664,shower,
6808,38084,32664,clean_room,
6809,38084,32664,bathroom,
6810,38084,32688,clean_room,
6811,38084,32688,dressing_room,
6812,38084,32688,locker_room,
6813,38084,32688,chemistry_lab,
6814,38084,32688,closet,
6815,38084,32712,dressing_room,
6816,38084,32712,shower,
6817,38084,32712,locker_room,
6818,38084,32712,bathroom,
6819,38084,32712,clean_room,
6820,38084,32736,dressing_room,
6821,38084,32736,locker_room,
6822,38084,32736,shower,
6823,38084,32736,clean_room,
6824,38084,32736,bathroom,
6825,38084,32760,dressing_room,
6826,38084,32760,locker_room,
6827,38084,32760,shower,
6828,38084,32760,bathroom,
6829,38084,32760,beauty_salon,
6830,38084,32784,dressing_room,
6831,38084,32784,locker_room,
6832,38084,32784,shower,
6833,38084,32784,clean_room,
6834,38084,32784,bathroom,
6835,38084,32808,dressing_room,
6836,38084,32808,locker_room,
6837,38084,32808,elevator_lobby,
6838,38084,32808,elevator/door,
6839,38084,32808,clean_room,
6840,38084,32832,dressing_room,
6841,38084,32832,locker_room,
6842,38084,32832,shower,
6843,38084,32832,elevator/door,
6844,38084,32832,bathroom,
6845,38084,32856,dressing_room,
6846,38084,32856,locker_room,
6847,38084,32856,clothing_store,
6848,38084,32856,closet,
6849,38084,32856,shower,
6850,38084,32880,dressing_room,
6851,38084,32880,clothing_store,
6852,38084,32880,closet,
6853,38084,32880,locker_room,
6854,38084,32880,clean_room,
6855,38084,32904,dressing_room,
6856,38084,32904,locker_room,
6857,38084,32904,closet,
6858,38084,32904,clothing_store,
6859,38084,32904,shower,
6860,38084,32928,closet,
6861,38084,32928,elevator/door,
6862,38084,32928,server_room,
6863,38084,32928,locker_room,
6864,38084,32928,shower,
6865,38084,32952,closet,
6866,38084,32952,elevator/door,
6867,38084,32952,locker_room,
6868,38084,32952,pantry,
6869,38084,32952,elevator_lobby,
6870,38084,32976,clean_room,
6871,38084,32976,elevator/door,
6872,38084,32976,closet,
6873,38084,32976,locker_room,
6874,38084,32976,elevator_lobby,
6875,38084,33000,clean_room,
6876,38084,33000,locker_room,
6877,38084,33000,elevator/door,
6878,38084,33000,dressing_room,
6879,38084,33000,closet,
6880,38084,33024,clean_room,
6881,38084,33024,locker_room,
6882,38084,33024,dressing_room,
6883,38084,33024,elevator/door,
6884,38084,33024,hospital_room,
6885,38084,33048,clean_room,
6886,38084,33048,dressing_room,
6887,38084,33048,locker_room,
6888,38084,33048,chemistry_lab,
6889,38084,33048,hospital_room,
6890,38084,33072,dressing_room,
6891,38084,33072,clean_room,
6892,38084,33072,locker_room,
6893,38084,33072,hospital_room,
6894,38084,33072,beauty_salon,
6895,38084,33096,dressing_room,
6896,38084,33096,clean_room,
6897,38084,33096,locker_room,
6898,38084,33096,clothing_store,
6899,38084,33096,hospital_room,
6900,38084,33120,clean_room,
6901,38084,33120,dressing_room,
6902,38084,33120,locker_room,
6903,38084,33120,operating_room,
6904,38084,33120,clothing_store,
6905,38084,33144,dressing_room,
6906,38084,33144,clean_room,
6907,38084,33144,locker_room,
6908,38084,33144,clothing_store,
6909,38084,33144,elevator/door,
6910,38084,33168,clean_room,
6911,38084,33168,dressing_room,
6912,38084,33168,locker_room,
6913,38084,33168,operating_room,
6914,38084,33168,archive,
6915,38084,33192,dressing_room,
6916,38084,33192,clean_room,
6917,38084,33192,locker_room,
6918,38084,33192,clothing_store,
6919,38084,33192,museum/indoor,
6920,38084,33216,clean_room,
6921,38084,33216,dressing_room,
6922,38084,33216,locker_room,
6923,38084,33216,clothing_store,
6924,38084,33216,elevator/door,
6925,38084,33240,clean_room,
6926,38084,33240,dressing_room,
6927,38084,33240,locker_room,
6928,38084,33240,operating_room,
6929,38084,33240,clothing_store,
6930,38084,33264,clean_room,
6931,38084,33264,dressing_room,
6932,38084,33264,locker_room,
6933,38084,33264,operating_room,
6934,38084,33264,hospital_room,
6935,38084,33288,clean_room,
6936,38084,33288,locker_room,
6937,38084,33288,dressing_room,
6938,38084,33288,museum/indoor,
6939,38084,33288,elevator/door,
6940,38084,33312,dressing_room,
6941,38084,33312,locker_room,
6942,38084,33312,clothing_store,
6943,38084,33312,clean_room,
6944,38084,33312,closet,
6945,38084,33336,dressing_room,
6946,38084,33336,clean_room,
6947,38084,33336,locker_room,
6948,38084,33336,clothing_store,
6949,38084,33336,operating_room,
6950,38084,33360,dressing_room,
6951,38084,33360,locker_room,
6952,38084,33360,clean_room,
6953,38084,33360,clothing_store,
6954,38084,33360,elevator/door,
6955,38084,33384,dressing_room,
6956,38084,33384,clean_room,
6957,38084,33384,locker_room,
6958,38084,33384,clothing_store,
6959,38084,33384,closet,
6960,38084,33408,dressing_room,
6961,38084,33408,locker_room,
6962,38084,33408,clean_room,
6963,38084,33408,elevator/door,
6964,38084,33408,elevator_lobby,
6965,38084,33432,dressing_room,
6966,38084,33432,clean_room,
6967,38084,33432,locker_room,
6968,38084,33432,clothing_store,
6969,38084,33432,shower,
6970,38084,33456,clean_room,
6971,38084,33456,dressing_room,
6972,38084,33456,locker_room,
6973,38084,33456,operating_room,
6974,38084,33456,sauna,
6975,38084,33480,dressing_room,
6976,38084,33480,locker_room,
6977,38084,33480,clean_room,
6978,38084,33480,elevator/door,
6979,38084,33480,clothing_store,
6980,38084,33504,dressing_room,
6981,38084,33504,clean_room,
6982,38084,33504,locker_room,
6983,38084,33504,elevator/door,
6984,38084,33504,operating_room,
6985,38084,33528,clean_room,
6986,38084,33528,dressing_room,
6987,38084,33528,locker_room,
6988,38084,33528,operating_room,
6989,38084,33528,hospital_room,
6990,38084,33552,clean_room,
6991,38084,33552,dressing_room,
6992,38084,33552,locker_room,
6993,38084,33552,operating_room,
6994,38084,33552,hospital_room,
6995,38084,33576,clean_room,
6996,38084,33576,dressing_room,
6997,38084,33576,locker_room,
6998,38084,33576,operating_room,
6999,38084,33576,hospital_room,
7000,38084,33600,clean_room,
7001,38084,33600,dressing_room,
7002,38084,33600,locker_room,
7003,38084,33600,corridor,
7004,38084,33600,hospital_room,
7005,38084,33624,clean_room,
7006,38084,33624,dressing_room,
7007,38084,33624,bathroom,
7008,38084,33624,locker_room,
7009,38084,33624,hospital_room,
7010,38084,33648,dressing_room,
7011,38084,33648,clean_room,
7012,38084,33648,locker_room,
7013,38084,33648,bathroom,
7014,38084,33648,shower,
7015,38084,33672,dressing_room,
7016,38084,33672,hotel_room,
7017,38084,33672,beauty_salon,
7018,38084,33672,bedroom,
7019,38084,33672,office,
7020,38084,33696,dressing_room,
7021,38084,33696,beauty_salon,
7022,38084,33696,hospital_room,
7023,38084,33696,hotel_room,
7024,38084,33696,bedroom,
7025,38084,33720,dressing_room,
7026,38084,33720,clean_room,
7027,38084,33720,beauty_salon,
7028,38084,33720,hospital_room,
7029,38084,33720,operating_room,
7030,38084,33744,dressing_room,
7031,38084,33744,clean_room,
7032,38084,33744,operating_room,
7033,38084,33744,nursing_home,
7034,38084,33744,hospital_room,
7035,38084,33768,dressing_room,
7036,38084,33768,hospital_room,
7037,38084,33768,clean_room,
7038,38084,33768,nursing_home,
7039,38084,33768,beauty_salon,
7040,38084,33792,dressing_room,
7041,38084,33792,clean_room,
7042,38084,33792,beauty_salon,
7043,38084,33792,clothing_store,
7044,38084,33792,music_studio,
7045,38084,33816,clean_room,
7046,38084,33816,dressing_room,
7047,38084,33816,beauty_salon,
7048,38084,33816,operating_room,
7049,38084,33816,clothing_store,
7050,38084,33840,dressing_room,
7051,38084,33840,clean_room,
7052,38084,33840,beauty_salon,
7053,38084,33840,operating_room,
7054,38084,33840,hospital_room,
7055,38084,33864,clean_room,
7056,38084,33864,dressing_room,
7057,38084,33864,beauty_salon,
7058,38084,33864,operating_room,
7059,38084,33864,hospital_room,
7060,38084,33888,dressing_room,
7061,38084,33888,clean_room,
7062,38084,33888,beauty_salon,
7063,38084,33888,music_studio,
7064,38084,33888,operating_room,
7065,38084,33912,clean_room,
7066,38084,33912,dressing_room,
7067,38084,33912,operating_room,
7068,38084,33912,archive,
7069,38084,33912,nursing_home,
7070,38084,33936,dressing_room,
7071,38084,33936,clean_room,
7072,38084,33936,archive,
7073,38084,33936,music_studio,
7074,38084,33936,beauty_salon,
7075,38084,33960,dressing_room,
7076,38084,33960,clean_room,
7077,38084,33960,museum/indoor,
7078,38084,33960,beauty_salon,
7079,38084,33960,music_studio,
7080,38084,33984,dressing_room,
7081,38084,33984,clean_room,
7082,38084,33984,music_studio,
7083,38084,33984,archive,
7084,38084,33984,television_studio,
7085,38084,34008,dressing_room,
7086,38084,34008,clean_room,
7087,38084,34008,archive,
7088,38084,34008,music_studio,
7089,38084,34008,television_studio,
7090,38084,34032,clean_room,
7091,38084,34032,dressing_room,
7092,38084,34032,archive,
7093,38084,34032,music_studio,
7094,38084,34032,museum/indoor,
7095,38084,34056,dressing_room,
7096,38084,34056,clean_room,
7097,38084,34056,archive,
7098,38084,34056,music_studio,
7099,38084,34056,museum/indoor,
7100,38084,34080,dressing_room,
7101,38084,34080,clean_room,
7102,38084,34080,archive,
7103,38084,34080,museum/indoor,
7104,38084,34080,beauty_salon,
7105,38084,34104,dressing_room,
7106,38084,34104,clean_room,
7107,38084,34104,art_gallery,
7108,38084,34104,museum/indoor,
7109,38084,34104,art_studio,
7110,38084,34128,museum/indoor,
7111,38084,34128,clean_room,
7112,38084,34128,art_gallery,
7113,38084,34128,dressing_room,
7114,38084,34128,art_studio,
7115,38084,34152,clean_room,
7116,38084,34152,museum/indoor,
7117,38084,34152,art_gallery,
7118,38084,34152,dressing_room,
7119,38084,34152,archive,
7120,38084,34176,clean_room,
7121,38084,34176,art_gallery,
7122,38084,34176,museum/indoor,
7123,38084,34176,dressing_room,
7124,38084,34176,archive,
7125,38084,34200,clean_room,
7126,38084,34200,dressing_room,
7127,38084,34200,locker_room,
7128,38084,34200,operating_room,
7129,38084,34200,hospital_room,
7130,38084,34224,clean_room,
7131,38084,34224,locker_room,
7132,38084,34224,dressing_room,
7133,38084,34224,operating_room,
7134,38084,34224,archive,
7135,38084,34248,clean_room,
7136,38084,34248,dressing_room,
7137,38084,34248,office,
7138,38084,34248,archive,
7139,38084,34248,office_cubicles,
7140,38084,34272,clean_room,
7141,38084,34272,dressing_room,
7142,38084,34272,office,
7143,38084,34272,archive,
7144,38084,34272,office_cubicles,
7145,38084,34296,clean_room,
7146,38084,34296,dressing_room,
7147,38084,34296,office,
7148,38084,34296,art_gallery,
7149,38084,34296,archive,
7150,38084,34320,clean_room,
7151,38084,34320,dressing_room,
7152,38084,34320,office,
7153,38084,34320,museum/indoor,
7154,38084,34320,art_gallery,
7155,38084,34344,clean_room,
7156,38084,34344,dressing_room,
7157,38084,34344,office,
7158,38084,34344,archive,
7159,38084,34344,museum/indoor,
7160,38084,34368,clean_room,
7161,38084,34368,dressing_room,
7162,38084,34368,office,
7163,38084,34368,archive,
7164,38084,34368,office_cubicles,
7165,38084,34392,clean_room,
7166,38084,34392,dressing_room,
7167,38084,34392,office,
7168,38084,34392,operating_room,
7169,38084,34392,office_cubicles,
7170,38084,34416,clean_room,
7171,38084,34416,dressing_room,
7172,38084,34416,office,
7173,38084,34416,archive,
7174,38084,34416,office_cubicles,
7175,38084,34440,dressing_room,
7176,38084,34440,clean_room,
7177,38084,34440,office,
7178,38084,34440,office_cubicles,
7179,38084,34440,archive,
7180,38084,34464,dressing_room,
7181,38084,34464,clean_room,
7182,38084,34464,office_cubicles,
7183,38084,34464,office,
7184,38084,34464,archive,
7185,38084,34488,clean_room,
7186,38084,34488,dressing_room,
7187,38084,34488,office_cubicles,
7188,38084,34488,office,
7189,38084,34488,archive,
7190,38084,34512,dressing_room,
7191,38084,34512,clean_room,
7192,38084,34512,office,
7193,38084,34512,office_cubicles,
7194,38084,34512,music_studio,
7195,38084,34536,dressing_room,
7196,38084,34536,clean_room,
7197,38084,34536,beauty_salon,
7198,38084,34536,restaurant,
7199,38084,34536,nursing_home,
7200,38084,34560,dressing_room,
7201,38084,34560,locker_room,
7202,38084,34560,beauty_salon,
7203,38084,34560,clean_room,
7204,38084,34560,television_studio,
7205,38084,34584,dressing_room,
7206,38084,34584,beauty_salon,
7207,38084,34584,nursing_home,
7208,38084,34584,television_studio,
7209,38084,34584,locker_room,
7210,38084,34608,dressing_room,
7211,38084,34608,living_room,
7212,38084,34608,beauty_salon,
7213,38084,34608,clean_room,
7214,38084,34608,locker_room,
7215,38084,34632,dressing_room,
7216,38084,34632,clean_room,
7217,38084,34632,music_studio,
7218,38084,34632,nursing_home,
7219,38084,34632,discotheque,
7220,38084,34656,dressing_room,
7221,38084,34656,beauty_salon,
7222,38084,34656,clean_room,
7223,38084,34656,hospital_room,
7224,38084,34656,locker_room,
7225,38084,34680,dressing_room,
7226,38084,34680,locker_room,
7227,38084,34680,basement,
7228,38084,34680,discotheque,
7229,38084,34680,television_studio,
7230,38084,34704,dressing_room,
7231,38084,34704,beauty_salon,
7232,38084,34704,television_studio,
7233,38084,34704,discotheque,
7234,38084,34704,locker_room,
7235,38084,34728,dressing_room,
7236,38084,34728,beauty_salon,
7237,38084,34728,television_studio,
7238,38084,34728,nursing_home,
7239,38084,34728,living_room,
7240,38084,34752,dressing_room,
7241,38084,34752,beauty_salon,
7242,38084,34752,television_studio,
7243,38084,34752,nursing_home,
7244,38084,34752,living_room,
7245,38084,34776,dressing_room,
7246,38084,34776,beauty_salon,
7247,38084,34776,clean_room,
7248,38084,34776,nursing_home,
7249,38084,34776,living_room,
7250,38084,34800,dressing_room,
7251,38084,34800,beauty_salon,
7252,38084,34800,locker_room,
7253,38084,34800,clean_room,
7254,38084,34800,television_studio,
7255,38084,34824,dressing_room,
7256,38084,34824,beauty_salon,
7257,38084,34824,television_studio,
7258,38084,34824,living_room,
7259,38084,34824,locker_room,
7260,38084,34848,dressing_room,
7261,38084,34848,beauty_salon,
7262,38084,34848,television_studio,
7263,38084,34848,living_room,
7264,38084,34848,clean_room,
7265,38084,34872,dressing_room,
7266,38084,34872,locker_room,
7267,38084,34872,elevator/door,
7268,38084,34872,office,
7269,38084,34872,elevator_lobby,
7270,38084,34896,locker_room,
7271,38084,34896,dressing_room,
7272,38084,34896,elevator/door,
7273,38084,34896,shower,
7274,38084,34896,bathroom,
7275,38084,34920,dressing_room,
7276,38084,34920,locker_room,
7277,38084,34920,elevator/door,
7278,38084,34920,bathroom,
7279,38084,34920,sauna,
7280,38084,34944,locker_room,
7281,38084,34944,dressing_room,
7282,38084,34944,elevator/door,
7283,38084,34944,jail_cell,
7284,38084,34944,clean_room,
7285,38084,34968,locker_room,
7286,38084,34968,dressing_room,
7287,38084,34968,elevator/door,
7288,38084,34968,shower,
7289,38084,34968,bathroom,
7290,38084,34992,locker_room,
7291,38084,34992,elevator/door,
7292,38084,34992,dressing_room,
7293,38084,34992,shower,
7294,38084,34992,clean_room,
7295,38084,35016,dressing_room,
7296,38084,35016,art_gallery,
7297,38084,35016,museum/indoor,
7298,38084,35016,archive,
7299,38084,35016,office,
7300,38084,35040,dressing_room,
7301,38084,35040,museum/indoor,
7302,38084,35040,art_gallery,
7303,38084,35040,locker_room,
7304,38084,35040,basement,
7305,38084,35064,dressing_room,
7306,38084,35064,locker_room,
7307,38084,35064,museum/indoor,
7308,38084,35064,art_gallery,
7309,38084,35064,clean_room,
7310,38084,35088,dressing_room,
7311,38084,35088,museum/indoor,
7312,38084,35088,art_gallery,
7313,38084,35088,locker_room,
7314,38084,35088,clean_room,
7315,38084,35112,dressing_room,
7316,38084,35112,clean_room,
7317,38084,35112,museum/indoor,
7318,38084,35112,locker_room,
7319,38084,35112,art_gallery,
7320,38084,35136,dressing_room,
7321,38084,35136,clean_room,
7322,38084,35136,locker_room,
7323,38084,35136,art_gallery,
7324,38084,35136,museum/indoor,
7325,38084,35160,dressing_room,
7326,38084,35160,clean_room,
7327,38084,35160,museum/indoor,
7328,38084,35160,art_gallery,
7329,38084,35160,office_cubicles,
7330,38084,35184,dressing_room,
7331,38084,35184,clean_room,
7332,38084,35184,art_gallery,
7333,38084,35184,museum/indoor,
7334,38084,35184,shower,
7335,38084,35208,dressing_room,
7336,38084,35208,clean_room,
7337,38084,35208,discotheque,
7338,38084,35208,art_gallery,
7339,38084,35208,locker_room,
7340,38084,35232,dressing_room,
7341,38084,35232,clean_room,
7342,38084,35232,beauty_salon,
7343,38084,35232,locker_room,
7344,38084,35232,clothing_store,
7345,38084,35256,dressing_room,
7346,38084,35256,clean_room,
7347,38084,35256,beauty_salon,
7348,38084,35256,clothing_store,
7349,38084,35256,locker_room,
7350,38084,35280,dressing_room,
7351,38084,35280,clean_room,
7352,38084,35280,locker_room,
7353,38084,35280,clothing_store,
7354,38084,35280,beauty_salon,
7355,38084,35304,dressing_room,
7356,38084,35304,clean_room,
7357,38084,35304,beauty_salon,
7358,38084,35304,clothing_store,
7359,38084,35304,locker_room,
7360,38084,35328,dressing_room,
7361,38084,35328,clean_room,
7362,38084,35328,beauty_salon,
7363,38084,35328,clothing_store,
7364,38084,35328,locker_room,
7365,38084,35352,dressing_room,
7366,38084,35352,clean_room,
7367,38084,35352,beauty_salon,
7368,38084,35352,clothing_store,
7369,38084,35352,locker_room,
7370,38084,35376,dressing_room,
7371,38084,35376,clean_room,
7372,38084,35376,beauty_salon,
7373,38084,35376,locker_room,
7374,38084,35376,clothing_store,
7375,38084,35400,dressing_room,
7376,38084,35400,clean_room,
7377,38084,35400,beauty_salon,
7378,38084,35400,locker_room,
7379,38084,35400,clothing_store,
7380,38084,35424,dressing_room,
7381,38084,35424,clean_room,
7382,38084,35424,beauty_salon,
7383,38084,35424,clothing_store,
7384,38084,35424,locker_room,
7385,38084,35448,clean_room,
7386,38084,35448,dressing_room,
7387,38084,35448,clothing_store,
7388,38084,35448,art_gallery,
7389,38084,35448,archive,
7390,38084,35472,dressing_room,
7391,38084,35472,music_studio,
7392,38084,35472,clean_room,
7393,38084,35472,basement,
7394,38084,35472,locker_room,
7395,38084,35496,dressing_room,
7396,38084,35496,clean_room,
7397,38084,35496,discotheque,
7398,38084,35496,museum/indoor,
7399,38084,35496,stage/indoor,
7400,38084,35520,clean_room,
7401,38084,35520,dressing_room,
7402,38084,35520,stage/indoor,
7403,38084,35520,art_gallery,
7404,38084,35520,discotheque,
7405,38084,35544,clean_room,
7406,38084,35544,dressing_room,
7407,38084,35544,art_gallery,
7408,38084,35544,discotheque,
7409,38084,35544,locker_room,
7410,38084,35568,clean_room,
7411,38084,35568,dressing_room,
7412,38084,35568,discotheque,
7413,38084,35568,music_studio,
7414,38084,35568,archive,
7415,38084,35592,clean_room,
7416,38084,35592,dressing_room,
7417,38084,35592,music_studio,
7418,38084,35592,archive,
7419,38084,35592,discotheque,
7420,38084,35616,clean_room,
7421,38084,35616,dressing_room,
7422,38084,35616,music_studio,
7423,38084,35616,discotheque,
7424,38084,35616,art_gallery,
7425,38084,35640,clean_room,
7426,38084,35640,dressing_room,
7427,38084,35640,music_studio,
7428,38084,35640,art_gallery,
7429,38084,35640,discotheque,
7430,38084,35664,clean_room,
7431,38084,35664,dressing_room,
7432,38084,35664,music_studio,
7433,38084,35664,art_gallery,
7434,38084,35664,archive,
7435,38084,35688,clean_room,
7436,38084,35688,dressing_room,
7437,38084,35688,music_studio,
7438,38084,35688,art_gallery,
7439,38084,35688,art_studio,
7440,38084,35712,clean_room,
7441,38084,35712,dressing_room,
7442,38084,35712,elevator/door,
7443,38084,35712,locker_room,
7444,38084,35712,elevator_lobby,
7445,38084,35736,dressing_room,
7446,38084,35736,clean_room,
7447,38084,35736,locker_room,
7448,38084,35736,elevator/door,
7449,38084,35736,closet,
7450,38084,35760,dressing_room,
7451,38084,35760,clean_room,
7452,38084,35760,elevator/door,
7453,38084,35760,locker_room,
7454,38084,35760,closet,
7455,38084,35784,dressing_room,
7456,38084,35784,clean_room,
7457,38084,35784,locker_room,
7458,38084,35784,closet,
7459,38084,35784,elevator/door,
7460,38084,35808,clean_room,
7461,38084,35808,archive,
7462,38084,35808,dressing_room,
7463,38084,35808,office_cubicles,
7464,38084,35808,office,
7465,38084,35832,clean_room,
7466,38084,35832,dressing_room,
7467,38084,35832,archive,
7468,38084,35832,office,
7469,38084,35832,office_cubicles,
7470,38084,35856,clean_room,
7471,38084,35856,dressing_room,
7472,38084,35856,locker_room,
7473,38084,35856,clothing_store,
7474,38084,35856,basement,
7475,38084,35880,dressing_room,
7476,38084,35880,clean_room,
7477,38084,35880,hospital_room,
7478,38084,35880,beauty_salon,
7479,38084,35880,nursing_home,
7480,38084,35904,dressing_room,
7481,38084,35904,clean_room,
7482,38084,35904,nursing_home,
7483,38084,35904,hospital_room,
7484,38084,35904,television_studio,
7485,38084,35928,clean_room,
7486,38084,35928,nursing_home,
7487,38084,35928,dressing_room,
7488,38084,35928,museum/indoor,
7489,38084,35928,nursery,
7490,38084,35952,clean_room,
7491,38084,35952,museum/indoor,
7492,38084,35952,nursing_home,
7493,38084,35952,dressing_room,
7494,38084,35952,living_room,
7495,38084,35976,clean_room,
7496,38084,35976,nursing_home,
7497,38084,35976,dressing_room,
7498,38084,35976,museum/indoor,
7499,38084,35976,living_room,
7500,38084,36000,dressing_room,
7501,38084,36000,clean_room,
7502,38084,36000,beauty_salon,
7503,38084,36000,hospital_room,
7504,38084,36000,hotel_room,
7505,38084,36024,dressing_room,
7506,38084,36024,dorm_room,
7507,38084,36024,beauty_salon,
7508,38084,36024,clean_room,
7509,38084,36024,hospital_room,
7510,38084,36048,dressing_room,
7511,38084,36048,clean_room,
7512,38084,36048,nursing_home,
7513,38084,36048,beauty_salon,
7514,38084,36048,hospital_room,
7515,38084,36072,dressing_room,
7516,38084,36072,clean_room,
7517,38084,36072,nursing_home,
7518,38084,36072,beauty_salon,
7519,38084,36072,hospital_room,
7520,38084,36096,dressing_room,
7521,38084,36096,clean_room,
7522,38084,36096,beauty_salon,
7523,38084,36096,nursing_home,
7524,38084,36096,hospital_room,
7525,38084,36120,dressing_room,
7526,38084,36120,clean_room,
7527,38084,36120,beauty_salon,
7528,38084,36120,nursing_home,
7529,38084,36120,hospital_room,
7530,38084,36144,dressing_room,
7531,38084,36144,beauty_salon,
7532,38084,36144,clean_room,
7533,38084,36144,office,
7534,38084,36144,hospital_room,
7535,38084,36168,dressing_room,
7536,38084,36168,beauty_salon,
7537,38084,36168,clean_room,
7538,38084,36168,sauna,
7539,38084,36168,hospital_room,
7540,38084,36192,dressing_room,
7541,38084,36192,beauty_salon,
7542,38084,36192,clean_room,
7543,38084,36192,sauna,
7544,38084,36192,hospital_room,
7545,38084,36216,dressing_room,
7546,38084,36216,beauty_salon,
7547,38084,36216,clean_room,
7548,38084,36216,nursery,
7549,38084,36216,bedroom,
7550,38084,36240,dressing_room,
7551,38084,36240,beauty_salon,
7552,38084,36240,clean_room,
7553,38084,36240,dorm_room,
7554,38084,36240,nursery,
7555,38084,36264,dressing_room,
7556,38084,36264,beauty_salon,
7557,38084,36264,clean_room,
7558,38084,36264,television_studio,
7559,38084,36264,office,
7560,38084,36288,staircase,
7561,38084,36288,dressing_room,
7562,38084,36288,beauty_salon,
7563,38084,36288,living_room,
7564,38084,36288,lobby,
7565,38084,36312,staircase,
7566,38084,36312,dressing_room,
7567,38084,36312,living_room,
7568,38084,36312,sauna,
7569,38084,36312,beauty_salon,
7570,38084,36336,dressing_room,
7571,38084,36336,clean_room,
7572,38084,36336,beauty_salon,
7573,38084,36336,museum/indoor,
7574,38084,36336,television_studio,
7575,38084,36360,dressing_room,
7576,38084,36360,clean_room,
7577,38084,36360,beauty_salon,
7578,38084,36360,museum/indoor,
7579,38084,36360,music_studio,
7580,38084,36384,dressing_room,
7581,38084,36384,clean_room,
7582,38084,36384,beauty_salon,
7583,38084,36384,music_studio,
7584,38084,36384,television_studio,
7585,38084,36408,dressing_room,
7586,38084,36408,clean_room,
7587,38084,36408,beauty_salon,
7588,38084,36408,television_studio,
7589,38084,36408,clothing_store,
7590,38084,36432,dressing_room,
7591,38084,36432,clean_room,
7592,38084,36432,beauty_salon,
7593,38084,36432,museum/indoor,
7594,38084,36432,art_gallery,
7595,38084,36456,dressing_room,
7596,38084,36456,clean_room,
7597,38084,36456,beauty_salon,
7598,38084,36456,museum/indoor,
7599,38084,36456,clothing_store,
7600,38084,36480,dressing_room,
7601,38084,36480,clean_room,
7602,38084,36480,sauna,
7603,38084,36480,beauty_salon,
7604,38084,36480,nursery,
7605,38084,36504,dressing_room,
7606,38084,36504,beauty_salon,
7607,38084,36504,clean_room,
7608,38084,36504,staircase,
7609,38084,36504,television_studio,
7610,38084,36528,dressing_room,
7611,38084,36528,beauty_salon,
7612,38084,36528,clean_room,
7613,38084,36528,sauna,
7614,38084,36528,living_room,
7615,38084,36552,dressing_room,
7616,38084,36552,staircase,
7617,38084,36552,escalator/indoor,
7618,38084,36552,beauty_salon,
7619,38084,36552,music_studio,
7620,38084,36576,staircase,
7621,38084,36576,dressing_room,
7622,38084,36576,escalator/indoor,
7623,38084,36576,beauty_salon,
7624,38084,36576,music_studio,
7625,38084,36600,dressing_room,
7626,38084,36600,staircase,
7627,38084,36600,escalator/indoor,
7628,38084,36600,beauty_salon,
7629,38084,36600,lobby,
7630,38084,36624,staircase,
7631,38084,36624,escalator/indoor,
7632,38084,36624,dressing_room,
7633,38084,36624,waiting_room,
7634,38084,36624,lobby,
7635,38084,36648,staircase,
7636,38084,36648,escalator/indoor,
7637,38084,36648,dressing_room,
7638,38084,36648,clean_room,
7639,38084,36648,airport_terminal,
7640,38084,36672,staircase,
7641,38084,36672,escalator/indoor,
7642,38084,36672,dressing_room,
7643,38084,36672,clean_room,
7644,38084,36672,beauty_salon,
7645,38084,36696,staircase,
7646,38084,36696,escalator/indoor,
7647,38084,36696,dressing_room,
7648,38084,36696,beauty_salon,
7649,38084,36696,clean_room,
7650,38084,36720,dressing_room,
7651,38084,36720,beauty_salon,
7652,38084,36720,living_room,
7653,38084,36720,staircase,
7654,38084,36720,waiting_room,
7655,38084,36744,dressing_room,
7656,38084,36744,clean_room,
7657,38084,36744,beauty_salon,
7658,38084,36744,archive,
7659,38084,36744,living_room,
7660,38084,36768,dressing_room,
7661,38084,36768,clean_room,
7662,38084,36768,beauty_salon,
7663,38084,36768,archive,
7664,38084,36768,music_studio,
7665,38084,36792,dressing_room,
7666,38084,36792,clean_room,
7667,38084,36792,museum/indoor,
7668,38084,36792,beauty_salon,
7669,38084,36792,art_gallery,
7670,38084,36816,museum/indoor,
7671,38084,36816,clean_room,
7672,38084,36816,dressing_room,
7673,38084,36816,art_gallery,
7674,38084,36816,beauty_salon,
7675,38084,36840,dressing_room,
7676,38084,36840,clean_room,
7677,38084,36840,beauty_salon,
7678,38084,36840,hospital_room,
7679,38084,36840,nursing_home,
7680,38084,36864,dressing_room,
7681,38084,36864,beauty_salon,
7682,38084,36864,clean_room,
7683,38084,36864,hospital_room,
7684,38084,36864,bedroom,
7685,38084,36888,dressing_room,
7686,38084,36888,beauty_salon,
7687,38084,36888,clean_room,
7688,38084,36888,hospital_room,
7689,38084,36888,bedroom,
7690,38084,36912,dressing_room,
7691,38084,36912,beauty_salon,
7692,38084,36912,clean_room,
7693,38084,36912,hospital_room,
7694,38084,36912,office,
7695,38084,36936,dressing_room,
7696,38084,36936,clean_room,
7697,38084,36936,beauty_salon,
7698,38084,36936,sauna,
7699,38084,36936,hospital_room,
7700,38084,36960,dressing_room,
7701,38084,36960,clean_room,
7702,38084,36960,nursing_home,
7703,38084,36960,beauty_salon,
7704,38084,36960,hospital_room,
7705,38084,36984,dressing_room,
7706,38084,36984,beauty_salon,
7707,38084,36984,clean_room,
7708,38084,36984,sauna,
7709,38084,36984,music_studio,
7710,38084,37008,dressing_room,
7711,38084,37008,clean_room,
7712,38084,37008,beauty_salon,
7713,38084,37008,archive,
7714,38084,37008,office,
7715,38084,37032,dressing_room,
7716,38084,37032,sauna,
7717,38084,37032,beauty_salon,
7718,38084,37032,bedroom,
7719,38084,37032,clean_room,
7720,38084,37056,dressing_room,
7721,38084,37056,beauty_salon,
7722,38084,37056,sauna,
7723,38084,37056,archive,
7724,38084,37056,office,
7725,38084,37080,dressing_room,
7726,38084,37080,clean_room,
7727,38084,37080,beauty_salon,
7728,38084,37080,archive,
7729,38084,37080,nursing_home,
7730,38084,37104,dressing_room,
7731,38084,37104,clean_room,
7732,38084,37104,nursing_home,
7733,38084,37104,beauty_salon,
7734,38084,37104,archive,
7735,38084,37128,dressing_room,
7736,38084,37128,clean_room,
7737,38084,37128,beauty_salon,
7738,38084,37128,nursing_home,
7739,38084,37128,archive,
7740,38084,37152,dressing_room,
7741,38084,37152,beauty_salon,
7742,38084,37152,clean_room,
7743,38084,37152,living_room,
7744,38084,37152,office,
7745,38084,37176,dressing_room,
7746,38084,37176,beauty_salon,
7747,38084,37176,sauna,
7748,38084,37176,clean_room,
7749,38084,37176,bedroom,
7750,38084,37200,dressing_room,
7751,38084,37200,clean_room,
7752,38084,37200,sauna,
7753,38084,37200,beauty_salon,
7754,38084,37200,music_studio,
7755,38084,37224,dressing_room,
7756,38084,37224,sauna,
7757,38084,37224,music_studio,
7758,38084,37224,beauty_salon,
7759,38084,37224,archive,
7760,38084,37248,dressing_room,
7761,38084,37248,clean_room,
7762,38084,37248,bow_window/indoor,
7763,38084,37248,nursery,
7764,38084,37248,office,
7765,38084,37272,dressing_room,
7766,38084,37272,clean_room,
7767,38084,37272,museum/indoor,
7768,38084,37272,office,
7769,38084,37272,bow_window/indoor,
7770,38084,37296,dressing_room,
7771,38084,37296,clean_room,
7772,38084,37296,beauty_salon,
7773,38084,37296,nursery,
7774,38084,37296,nursing_home,
7775,38084,37320,dressing_room,
7776,38084,37320,clean_room,
7777,38084,37320,beauty_salon,
7778,38084,37320,archive,
7779,38084,37320,nursing_home,
7780,38084,37344,dressing_room,
7781,38084,37344,beauty_salon,
7782,38084,37344,clean_room,
7783,38084,37344,archive,
7784,38084,37344,nursery,
7785,38084,37368,dressing_room,
7786,38084,37368,beauty_salon,
7787,38084,37368,clean_room,
7788,38084,37368,living_room,
7789,38084,37368,office,
7790,38084,37392,dressing_room,
7791,38084,37392,beauty_salon,
7792,38084,37392,clean_room,
7793,38084,37392,living_room,
7794,38084,37392,television_studio,
7795,38084,37416,dressing_room,
7796,38084,37416,beauty_salon,
7797,38084,37416,bathroom,
7798,38084,37416,locker_room,
7799,38084,37416,clean_room,
7800,38084,37440,dressing_room,
7801,38084,37440,locker_room,
7802,38084,37440,clean_room,
7803,38084,37440,beauty_salon,
7804,38084,37440,bathroom,
7805,38084,37464,dressing_room,
7806,38084,37464,clean_room,
7807,38084,37464,locker_room,
7808,38084,37464,operating_room,
7809,38084,37464,museum/indoor,
7810,38084,37488,dressing_room,
7811,38084,37488,clean_room,
7812,38084,37488,locker_room,
7813,38084,37488,bathroom,
7814,38084,37488,music_studio,
7815,38084,37512,dressing_room,
7816,38084,37512,clean_room,
7817,38084,37512,locker_room,
7818,38084,37512,hospital_room,
7819,38084,37512,beauty_salon,
7820,38084,37536,dressing_room,
7821,38084,37536,clean_room,
7822,38084,37536,locker_room,
7823,38084,37536,nursery,
7824,38084,37536,beauty_salon,
7825,38084,37560,dressing_room,
7826,38084,37560,clean_room,
7827,38084,37560,locker_room,
7828,38084,37560,office,
7829,38084,37560,hospital_room,
7830,38084,37584,dressing_room,
7831,38084,37584,clean_room,
7832,38084,37584,locker_room,
7833,38084,37584,nursery,
7834,38084,37584,elevator/door,
7835,38084,37608,dressing_room,
7836,38084,37608,locker_room,
7837,38084,37608,clean_room,
7838,38084,37608,elevator/door,
7839,38084,37608,nursery,
7840,38084,37632,dressing_room,
7841,38084,37632,clean_room,
7842,38084,37632,locker_room,
7843,38084,37632,nursery,
7844,38084,37632,hospital_room,
7845,38084,37656,dressing_room,
7846,38084,37656,clean_room,
7847,38084,37656,locker_room,
7848,38084,37656,elevator/door,
7849,38084,37656,beauty_salon,
7850,38084,37680,dressing_room,
7851,38084,37680,locker_room,
7852,38084,37680,museum/indoor,
7853,38084,37680,clean_room,
7854,38084,37680,art_gallery,
7855,38084,37704,dressing_room,
7856,38084,37704,locker_room,
7857,38084,37704,clean_room,
7858,38084,37704,museum/indoor,
7859,38084,37704,art_gallery,
7860,38084,37728,locker_room,
7861,38084,37728,dressing_room,
7862,38084,37728,clean_room,
7863,38084,37728,museum/indoor,
7864,38084,37728,science_museum,
7865,38084,37752,dressing_room,
7866,38084,37752,locker_room,
7867,38084,37752,clean_room,
7868,38084,37752,museum/indoor,
7869,38084,37752,science_museum,
7870,38084,37776,dressing_room,
7871,38084,37776,locker_room,
7872,38084,37776,clean_room,
7873,38084,37776,bathroom,
7874,38084,37776,beauty_salon,
7875,38084,37800,dressing_room,
7876,38084,37800,clean_room,
7877,38084,37800,locker_room,
7878,38084,37800,bathroom,
7879,38084,37800,beauty_salon,
7880,38084,37824,dressing_room,
7881,38084,37824,clean_room,
7882,38084,37824,beauty_salon,
7883,38084,37824,hospital_room,
7884,38084,37824,locker_room,
7885,38084,37848,dressing_room,
7886,38084,37848,clean_room,
7887,38084,37848,locker_room,
7888,38084,37848,shower,
7889,38084,37848,clothing_store,
7890,38084,37872,clean_room,
7891,38084,37872,dressing_room,
7892,38084,37872,locker_room,
7893,38084,37872,operating_room,
7894,38084,37872,elevator/door,
7895,38084,37896,dressing_room,
7896,38084,37896,clean_room,
7897,38084,37896,beauty_salon,
7898,38084,37896,locker_room,
7899,38084,37896,hospital_room,
7900,38084,37920,clean_room,
7901,38084,37920,dressing_room,
7902,38084,37920,locker_room,
7903,38084,37920,clothing_store,
7904,38084,37920,museum/indoor,
7905,38084,37944,dressing_room,
7906,38084,37944,clean_room,
7907,38084,37944,locker_room,
7908,38084,37944,elevator/door,
7909,38084,37944,clothing_store,
7910,38084,37968,dressing_room,
7911,38084,37968,clean_room,
7912,38084,37968,locker_room,
7913,38084,37968,bathroom,
7914,38084,37968,shower,
7915,38084,37992,dressing_room,
7916,38084,37992,clean_room,
7917,38084,37992,locker_room,
7918,38084,37992,beauty_salon,
7919,38084,37992,bathroom,
7920,38084,38016,clean_room,
7921,38084,38016,dressing_room,
7922,38084,38016,locker_room,
7923,38084,38016,bathroom,
7924,38084,38016,shower,
7925,38084,38040,dressing_room,
7926,38084,38040,clean_room,
7927,38084,38040,bathroom,
7928,38084,38040,shower,
7929,38084,38040,locker_room,
7930,38084,38064,dressing_room,
7931,38084,38064,clean_room,
7932,38084,38064,beauty_salon,
7933,38084,38064,bathroom,
7934,38084,38064,locker_room,
7935,38084,38088,dressing_room,
7936,38084,38088,clean_room,
7937,38084,38088,locker_room,
7938,38084,38088,beauty_salon,
7939,38084,38088,elevator/door,
7940,38084,38112,dressing_room,
7941,38084,38112,clean_room,
7942,38084,38112,locker_room,
7943,38084,38112,beauty_salon,
7944,38084,38112,bathroom,
7945,38084,38136,dressing_room,
7946,38084,38136,clean_room,
7947,38084,38136,beauty_salon,
7948,38084,38136,bathroom,
7949,38084,38136,locker_room,
7950,38084,38160,dressing_room,
7951,38084,38160,clean_room,
7952,38084,38160,locker_room,
7953,38084,38160,elevator/door,
7954,38084,38160,bathroom,
7955,38084,38184,dressing_room,
7956,38084,38184,clean_room,
7957,38084,38184,locker_room,
7958,38084,38184,elevator/door,
7959,38084,38184,bathroom,
7960,38084,38208,dressing_room,
7961,38084,38208,clean_room,
7962,38084,38208,beauty_salon,
7963,38084,38208,locker_room,
7964,38084,38208,bathroom,
7965,38084,38232,dressing_room,
7966,38084,38232,clean_room,
7967,38084,38232,locker_room,
7968,38084,38232,beauty_salon,
7969,38084,38232,elevator/door,
7970,38084,38256,clean_room,
7971,38084,38256,dressing_room,
7972,38084,38256,bathroom,
7973,38084,38256,operating_room,
7974,38084,38256,locker_room,
7975,38084,38280,dressing_room,
7976,38084,38280,clean_room,
7977,38084,38280,locker_room,
7978,38084,38280,elevator/door,
7979,38084,38280,bathroom,
7980,38084,38304,dressing_room,
7981,38084,38304,clean_room,
7982,38084,38304,locker_room,
7983,38084,38304,elevator/door,
7984,38084,38304,bathroom,
7985,38084,38328,dressing_room,
7986,38084,38328,clean_room,
7987,38084,38328,locker_room,
7988,38084,38328,bathroom,
7989,38084,38328,elevator/door,
7990,38084,38352,dressing_room,
7991,38084,38352,clean_room,
7992,38084,38352,locker_room,
7993,38084,38352,bathroom,
7994,38084,38352,elevator/door,
7995,38084,38376,dressing_room,
7996,38084,38376,clean_room,
7997,38084,38376,locker_room,
7998,38084,38376,bathroom,
7999,38084,38376,elevator/door,
8000,38084,38400,railroad_track,
8001,38084,38400,subway_station/platform,
8002,38084,38400,train_station/platform,
8003,38084,38400,hangar/outdoor,
8004,38084,38400,bridge,
8005,38084,38424,railroad_track,
8006,38084,38424,subway_station/platform,
8007,38084,38424,train_station/platform,
8008,38084,38424,hangar/outdoor,
8009,38084,38424,bridge,
8010,38084,38448,hangar/outdoor,
8011,38084,38448,runway,
8012,38084,38448,railroad_track,
8013,38084,38448,train_station/platform,
8014,38084,38448,subway_station/platform,
8015,38084,38472,airport_terminal,
8016,38084,38472,parking_garage/indoor,
8017,38084,38472,locker_room,
8018,38084,38472,elevator/door,
8019,38084,38472,office_cubicles,
8020,38084,38496,clean_room,
8021,38084,38496,archive,
8022,38084,38496,server_room,
8023,38084,38496,hospital,
8024,38084,38496,elevator/door,
8025,38084,38520,pharmacy,
8026,38084,38520,hospital,
8027,38084,38520,drugstore,
8028,38084,38520,hospital_room,
8029,38084,38520,beauty_salon,
8030,38084,38544,pharmacy,
8031,38084,38544,hospital,
8032,38084,38544,drugstore,
8033,38084,38544,office_building,
8034,38084,38544,beauty_salon,
8035,38084,38568,drugstore,
8036,38084,38568,pharmacy,
8037,38084,38568,hospital,
8038,38084,38568,ice_shelf,
8039,38084,38568,beauty_salon,
8040,38084,38592,art_gallery,
8041,38084,38592,server_room,
8042,38084,38592,airport_terminal,
8043,38084,38592,skyscraper,
8044,38084,38592,lake/natural,
8045,38084,38616,locker_room,
8046,38084,38616,server_room,
8047,38084,38616,shower,
8048,38084,38616,elevator/door,
8049,38084,38616,archive,
8050,38084,38640,shower,
8051,38084,38640,locker_room,
8052,38084,38640,elevator/door,
8053,38084,38640,server_room,
8054,38084,38640,bank_vault,
8055,38084,38664,shower,
8056,38084,38664,skyscraper,
8057,38084,38664,tower,
8058,38084,38664,clean_room,
8059,38084,38664,office_building,
8060,38084,38688,jewelry_shop,
8061,38084,38688,bow_window/indoor,
8062,38084,38688,clothing_store,
8063,38084,38688,dressing_room,
8064,38084,38688,lobby,
8065,38084,38712,clothing_store,
8066,38084,38712,dressing_room,
8067,38084,38712,jewelry_shop,
8068,38084,38712,bow_window/indoor,
8069,38084,38712,nursery,
8070,38084,38736,jewelry_shop,
8071,38084,38736,bow_window/indoor,
8072,38084,38736,dressing_room,
8073,38084,38736,clothing_store,
8074,38084,38736,dining_room,
8075,38084,38760,jewelry_shop,
8076,38084,38760,dressing_room,
8077,38084,38760,clothing_store,
8078,38084,38760,bow_window/indoor,
8079,38084,38760,dining_room,
8080,38084,38784,banquet_hall,
8081,38084,38784,dining_room,
8082,38084,38784,restaurant,
8083,38084,38784,dining_hall,
8084,38084,38784,jewelry_shop,
8085,38084,38808,jewelry_shop,
8086,38084,38808,restaurant,
8087,38084,38808,ice_cream_parlor,
8088,38084,38808,dressing_room,
8089,38084,38808,banquet_hall,
8090,38084,38832,jewelry_shop,
8091,38084,38832,dressing_room,
8092,38084,38832,restaurant,
8093,38084,38832,beauty_salon,
8094,38084,38832,banquet_hall,
8095,38084,38856,jewelry_shop,
8096,38084,38856,banquet_hall,
8097,38084,38856,restaurant,
8098,38084,38856,ice_cream_parlor,
8099,38084,38856,beauty_salon,
8100,38084,38880,jewelry_shop,
8101,38084,38880,restaurant,
8102,38084,38880,banquet_hall,
8103,38084,38880,beauty_salon,
8104,38084,38880,dressing_room,
8105,38084,38904,jewelry_shop,
8106,38084,38904,banquet_hall,
8107,38084,38904,dining_hall,
8108,38084,38904,dining_room,
8109,38084,38904,restaurant,
8110,38084,38928,dressing_room,
8111,38084,38928,clothing_store,
8112,38084,38928,reception,
8113,38084,38928,bathroom,
8114,38084,38928,jewelry_shop,
8115,38084,38952,clothing_store,
8116,38084,38952,museum/indoor,
8117,38084,38952,dressing_room,
8118,38084,38952,gift_shop,
8119,38084,38952,department_store,
8120,38084,38976,dressing_room,
8121,38084,38976,clothing_store,
8122,38084,38976,closet,
8123,38084,38976,nursery,
8124,38084,38976,butchers_shop,
8125,38084,39000,dressing_room,
8126,38084,39000,clothing_store,
8127,38084,39000,closet,
8128,38084,39000,bathroom,
8129,38084,39000,locker_room,
8130,38084,39024,dressing_room,
8131,38084,39024,nursery,
8132,38084,39024,clothing_store,
8133,38084,39024,clean_room,
8134,38084,39024,locker_room,
8135,38084,39048,clean_room,
8136,38084,39048,dressing_room,
8137,38084,39048,hospital_room,
8138,38084,39048,operating_room,
8139,38084,39048,nursery,
8140,38084,39072,clean_room,
8141,38084,39072,dressing_room,
8142,38084,39072,locker_room,
8143,38084,39072,clothing_store,
8144,38084,39072,operating_room,
8145,38084,39096,clean_room,
8146,38084,39096,dressing_room,
8147,38084,39096,operating_room,
8148,38084,39096,locker_room,
8149,38084,39096,hospital_room,
8150,38084,39120,clean_room,
8151,38084,39120,operating_room,
8152,38084,39120,dressing_room,
8153,38084,39120,hospital_room,
8154,38084,39120,nursery,
8155,38084,39144,dressing_room,
8156,38084,39144,clean_room,
8157,38084,39144,locker_room,
8158,38084,39144,clothing_store,
8159,38084,39144,operating_room,
8160,38084,39168,dressing_room,
8161,38084,39168,locker_room,
8162,38084,39168,clean_room,
8163,38084,39168,operating_room,
8164,38084,39168,bathroom,
8165,38084,39192,clean_room,
8166,38084,39192,dressing_room,
8167,38084,39192,locker_room,
8168,38084,39192,operating_room,
8169,38084,39192,nursery,
8170,38084,39216,clean_room,
8171,38084,39216,dressing_room,
8172,38084,39216,nursery,
8173,38084,39216,locker_room,
8174,38084,39216,operating_room,
8175,38084,39240,dressing_room,
8176,38084,39240,clothing_store,
8177,38084,39240,clean_room,
8178,38084,39240,locker_room,
8179,38084,39240,nursery,
8180,38084,39264,dressing_room,
8181,38084,39264,clean_room,
8182,38084,39264,locker_room,
8183,38084,39264,operating_room,
8184,38084,39264,clothing_store,
8185,38084,39288,dressing_room,
8186,38084,39288,clothing_store,
8187,38084,39288,locker_room,
8188,38084,39288,clean_room,
8189,38084,39288,nursery,
8190,38084,39312,dressing_room,
8191,38084,39312,clean_room,
8192,38084,39312,archive,
8193,38084,39312,locker_room,
8194,38084,39312,nursery,
8195,38084,39336,dressing_room,
8196,38084,39336,locker_room,
8197,38084,39336,clothing_store,
8198,38084,39336,clean_room,
8199,38084,39336,operating_room,
8200,38084,39360,locker_room,
8201,38084,39360,dressing_room,
8202,38084,39360,clean_room,
8203,38084,39360,clothing_store,
8204,38084,39360,operating_room,
8205,38084,39384,clean_room,
8206,38084,39384,clothing_store,
8207,38084,39384,dressing_room,
8208,38084,39384,archive,
8209,38084,39384,operating_room,
8210,38084,39408,dressing_room,
8211,38084,39408,clothing_store,
8212,38084,39408,clean_room,
8213,38084,39408,ballroom,
8214,38084,39408,museum/indoor,
8215,38084,39432,dressing_room,
8216,38084,39432,clothing_store,
8217,38084,39432,jewelry_shop,
8218,38084,39432,clean_room,
8219,38084,39432,beauty_salon,
8220,38084,39456,bathroom,
8221,38084,39456,clean_room,
8222,38084,39456,dressing_room,
8223,38084,39456,corridor,
8224,38084,39456,elevator/door,
8225,38084,39480,clean_room,
8226,38084,39480,dressing_room,
8227,38084,39480,locker_room,
8228,38084,39480,bathroom,
8229,38084,39480,shower,
8230,38084,39504,clean_room,
8231,38084,39504,museum/indoor,
8232,38084,39504,dressing_room,
8233,38084,39504,archive,
8234,38084,39504,locker_room,
8235,38084,39528,clean_room,
8236,38084,39528,archive,
8237,38084,39528,dressing_room,
8238,38084,39528,locker_room,
8239,38084,39528,bathroom,
8240,38084,39552,dressing_room,
8241,38084,39552,locker_room,
8242,38084,39552,clean_room,
8243,38084,39552,clothing_store,
8244,38084,39552,bathroom,
8245,38084,39576,bathroom,
8246,38084,39576,dressing_room,
8247,38084,39576,shower,
8248,38084,39576,beauty_salon,
8249,38084,39576,jewelry_shop,
8250,38084,39600,dressing_room,
8251,38084,39600,clean_room,
8252,38084,39600,museum/indoor,
8253,38084,39600,art_gallery,
8254,38084,39600,archive,
8255,38084,39624,dressing_room,
8256,38084,39624,clean_room,
8257,38084,39624,museum/indoor,
8258,38084,39624,art_gallery,
8259,38084,39624,archive,
8260,38084,39648,dressing_room,
8261,38084,39648,clean_room,
8262,38084,39648,museum/indoor,
8263,38084,39648,natural_history_museum,
8264,38084,39648,art_gallery,
8265,38084,39672,dressing_room,
8266,38084,39672,clean_room,
8267,38084,39672,museum/indoor,
8268,38084,39672,art_gallery,
8269,38084,39672,science_museum,
8270,38084,39696,clean_room,
8271,38084,39696,dressing_room,
8272,38084,39696,museum/indoor,
8273,38084,39696,art_gallery,
8274,38084,39696,natural_history_museum,
8275,38084,39720,clean_room,
8276,38084,39720,locker_room,
8277,38084,39720,dressing_room,
8278,38084,39720,shower,
8279,38084,39720,museum/indoor,
8280,38084,39744,clean_room,
8281,38084,39744,museum/indoor,
8282,38084,39744,archive,
8283,38084,39744,locker_room,
8284,38084,39744,dressing_room,
8285,38084,39768,clean_room,
8286,38084,39768,museum/indoor,
8287,38084,39768,archive,
8288,38084,39768,art_gallery,
8289,38084,39768,operating_room,
8290,38084,39792,clean_room,
8291,38084,39792,museum/indoor,
8292,38084,39792,locker_room,
8293,38084,39792,operating_room,
8294,38084,39792,art_gallery,
8295,38084,39816,clean_room,
8296,38084,39816,archive,
8297,38084,39816,museum/indoor,
8298,38084,39816,locker_room,
8299,38084,39816,dressing_room,
8300,38084,39840,clean_room,
8301,38084,39840,locker_room,
8302,38084,39840,dressing_room,
8303,38084,39840,shower,
8304,38084,39840,museum/indoor,
8305,38084,39864,clean_room,
8306,38084,39864,shower,
8307,38084,39864,dressing_room,
8308,38084,39864,locker_room,
8309,38084,39864,bathroom,
8310,38084,39888,clean_room,
8311,38084,39888,dressing_room,
8312,38084,39888,living_room,
8313,38084,39888,dining_room,
8314,38084,39888,physics_laboratory,
8315,38084,39912,clean_room,
8316,38084,39912,dressing_room,
8317,38084,39912,living_room,
8318,38084,39912,beauty_salon,
8319,38084,39912,entrance_hall,
8320,38084,39936,clean_room,
8321,38084,39936,dressing_room,
8322,38084,39936,museum/indoor,
8323,38084,39936,beauty_salon,
8324,38084,39936,living_room,
8325,38084,39960,dressing_room,
8326,38084,39960,clean_room,
8327,38084,39960,beauty_salon,
8328,38084,39960,living_room,
8329,38084,39960,physics_laboratory,
8330,38084,39984,dressing_room,
8331,38084,39984,clean_room,
8332,38084,39984,living_room,
8333,38084,39984,beauty_salon,
8334,38084,39984,jewelry_shop,
8335,38084,40008,clean_room,
8336,38084,40008,dressing_room,
8337,38084,40008,beauty_salon,
8338,38084,40008,living_room,
8339,38084,40008,museum/indoor,
8340,38084,40032,dressing_room,
8341,38084,40032,beauty_salon,
8342,38084,40032,archive,
8343,38084,40032,living_room,
8344,38084,40032,clean_room,
8345,38084,40056,archive,
8346,38084,40056,museum/indoor,
8347,38084,40056,living_room,
8348,38084,40056,dressing_room,
8349,38084,40056,library/indoor,
8350,38084,40080,archive,
8351,38084,40080,dining_room,
8352,38084,40080,dining_hall,
8353,38084,40080,library/indoor,
8354,38084,40080,banquet_hall,
8355,38084,40104,dining_hall,
8356,38084,40104,dining_room,
8357,38084,40104,banquet_hall,
8358,38084,40104,restaurant,
8359,38084,40104,archive,
8360,38084,40128,office,
8361,38084,40128,archive,
8362,38084,40128,dining_room,
8363,38084,40128,museum/indoor,
8364,38084,40128,office_cubicles,
8365,38084,40152,dining_room,
8366,38084,40152,dressing_room,
8367,38084,40152,office,
8368,38084,40152,restaurant,
8369,38084,40152,living_room,
8370,38084,40176,dining_room,
8371,38084,40176,living_room,
8372,38084,40176,reception,
8373,38084,40176,office,
8374,38084,40176,restaurant,
8375,38084,40200,dressing_room,
8376,38084,40200,archive,
8377,38084,40200,beauty_salon,
8378,38084,40200,living_room,
8379,38084,40200,museum/indoor,
8380,38084,40224,dressing_room,
8381,38084,40224,living_room,
8382,38084,40224,beauty_salon,
8383,38084,40224,clothing_store,
8384,38084,40224,lobby,
8385,38084,40248,dressing_room,
8386,38084,40248,reception,
8387,38084,40248,dining_room,
8388,38084,40248,restaurant,
8389,38084,40248,lobby,
8390,38084,40272,clean_room,
8391,38084,40272,archive,
8392,38084,40272,museum/indoor,
8393,38084,40272,office,
8394,38084,40272,dressing_room,
8395,38084,40296,clean_room,
8396,38084,40296,museum/indoor,
8397,38084,40296,archive,
8398,38084,40296,dressing_room,
8399,38084,40296,science_museum,
8400,38084,40320,banquet_hall,
8401,38084,40320,dining_hall,
8402,38084,40320,dining_room,
8403,38084,40320,clean_room,
8404,38084,40320,restaurant,
8405,38084,40344,chemistry_lab,
8406,38084,40344,dining_hall,
8407,38084,40344,banquet_hall,
8408,38084,40344,dining_room,
8409,38084,40344,physics_laboratory,
8410,38084,40368,restaurant,
8411,38084,40368,dining_room,
8412,38084,40368,bar,
8413,38084,40368,dining_hall,
8414,38084,40368,cafeteria,
8415,38084,40392,restaurant,
8416,38084,40392,dining_hall,
8417,38084,40392,banquet_hall,
8418,38084,40392,dining_room,
8419,38084,40392,bar,
8420,38084,40416,chemistry_lab,
8421,38084,40416,music_studio,
8422,38084,40416,archive,
8423,38084,40416,physics_laboratory,
8424,38084,40416,biology_laboratory,
8425,38084,40440,music_studio,
8426,38084,40440,chemistry_lab,
8427,38084,40440,archive,
8428,38084,40440,dressing_room,
8429,38084,40440,physics_laboratory,
8430,38084,40464,chemistry_lab,
8431,38084,40464,music_studio,
8432,38084,40464,dressing_room,
8433,38084,40464,discotheque,
8434,38084,40464,ballroom,
8435,38084,40488,chemistry_lab,
8436,38084,40488,dressing_room,
8437,38084,40488,music_studio,
8438,38084,40488,biology_laboratory,
8439,38084,40488,physics_laboratory,
8440,38084,40512,chemistry_lab,
8441,38084,40512,music_studio,
8442,38084,40512,ballroom,
8443,38084,40512,physics_laboratory,
8444,38084,40512,discotheque,
8445,38084,40536,chemistry_lab,
8446,38084,40536,physics_laboratory,
8447,38084,40536,music_studio,
8448,38084,40536,biology_laboratory,
8449,38084,40536,dressing_room,
8450,38084,40560,music_studio,
8451,38084,40560,chemistry_lab,
8452,38084,40560,physics_laboratory,
8453,38084,40560,archive,
8454,38084,40560,stage/indoor,
8455,38084,40584,music_studio,
8456,38084,40584,archive,
8457,38084,40584,physics_laboratory,
8458,38084,40584,chemistry_lab,
8459,38084,40584,television_studio,
8460,38084,40608,music_studio,
8461,38084,40608,physics_laboratory,
8462,38084,40608,chemistry_lab,
8463,38084,40608,archive,
8464,38084,40608,television_studio,
8465,38084,40632,chemistry_lab,
8466,38084,40632,physics_laboratory,
8467,38084,40632,music_studio,
8468,38084,40632,archive,
8469,38084,40632,biology_laboratory,
8470,38084,40656,chemistry_lab,
8471,38084,40656,music_studio,
8472,38084,40656,physics_laboratory,
8473,38084,40656,museum/indoor,
8474,38084,40656,archive,
8475,38084,40680,music_studio,
8476,38084,40680,chemistry_lab,
8477,38084,40680,archive,
8478,38084,40680,physics_laboratory,
8479,38084,40680,museum/indoor,
8480,38084,40704,archive,
8481,38084,40704,museum/indoor,
8482,38084,40704,clean_room,
8483,38084,40704,physics_laboratory,
8484,38084,40704,dressing_room,
8485,38084,40728,archive,
8486,38084,40728,jewelry_shop,
8487,38084,40728,museum/indoor,
8488,38084,40728,clean_room,
8489,38084,40728,dressing_room,
8490,38084,40752,jewelry_shop,
8491,38084,40752,chemistry_lab,
8492,38084,40752,physics_laboratory,
8493,38084,40752,clean_room,
8494,38084,40752,archive,
8495,38084,40776,museum/indoor,
8496,38084,40776,archive,
8497,38084,40776,jewelry_shop,
8498,38084,40776,clean_room,
8499,38084,40776,music_studio,
8500,38084,40800,dressing_room,
8501,38084,40800,museum/indoor,
8502,38084,40800,clean_room,
8503,38084,40800,archive,
8504,38084,40800,jewelry_shop,
8505,38084,40824,clean_room,
8506,38084,40824,chemistry_lab,
8507,38084,40824,jewelry_shop,
8508,38084,40824,archive,
8509,38084,40824,physics_laboratory,
8510,38084,40848,archive,
8511,38084,40848,clean_room,
8512,38084,40848,physics_laboratory,
8513,38084,40848,museum/indoor,
8514,38084,40848,chemistry_lab,
8515,38084,40872,archive,
8516,38084,40872,museum/indoor,
8517,38084,40872,clean_room,
8518,38084,40872,physics_laboratory,
8519,38084,40872,music_studio,
8520,38084,40896,chemistry_lab,
8521,38084,40896,clean_room,
8522,38084,40896,biology_laboratory,
8523,38084,40896,archive,
8524,38084,40896,physics_laboratory,
8525,38084,40920,archive,
8526,38084,40920,chemistry_lab,
8527,38084,40920,clean_room,
8528,38084,40920,physics_laboratory,
8529,38084,40920,museum/indoor,
8530,38084,40944,clean_room,
8531,38084,40944,archive,
8532,38084,40944,chemistry_lab,
8533,38084,40944,museum/indoor,
8534,38084,40944,physics_laboratory,
8535,38084,40968,chemistry_lab,
8536,38084,40968,dressing_room,
8537,38084,40968,clean_room,
8538,38084,40968,archive,
8539,38084,40968,biology_laboratory,
8540,38084,40992,clean_room,
8541,38084,40992,chemistry_lab,
8542,38084,40992,archive,
8543,38084,40992,dressing_room,
8544,38084,40992,physics_laboratory,
8545,38084,41016,chemistry_lab,
8546,38084,41016,dressing_room,
8547,38084,41016,locker_room,
8548,38084,41016,bar,
8549,38084,41016,clean_room,
8550,38084,41040,chemistry_lab,
8551,38084,41040,locker_room,
8552,38084,41040,archive,
8553,38084,41040,clean_room,
8554,38084,41040,physics_laboratory,
8555,38084,41064,chemistry_lab,
8556,38084,41064,clean_room,
8557,38084,41064,archive,
8558,38084,41064,physics_laboratory,
8559,38084,41064,biology_laboratory,
8560,38084,41088,clean_room,
8561,38084,41088,chemistry_lab,
8562,38084,41088,archive,
8563,38084,41088,music_studio,
8564,38084,41088,biology_laboratory,
8565,38084,41112,clean_room,
8566,38084,41112,archive,
8567,38084,41112,chemistry_lab,
8568,38084,41112,biology_laboratory,
8569,38084,41112,physics_laboratory,
8570,38084,41136,archive,
8571,38084,41136,clean_room,
8572,38084,41136,locker_room,
8573,38084,41136,chemistry_lab,
8574,38084,41136,physics_laboratory,
8575,38084,41160,clean_room,
8576,38084,41160,chemistry_lab,
8577,38084,41160,biology_laboratory,
8578,38084,41160,physics_laboratory,
8579,38084,41160,archive,
8580,38084,41184,clean_room,
8581,38084,41184,archive,
8582,38084,41184,physics_laboratory,
8583,38084,41184,chemistry_lab,
8584,38084,41184,museum/indoor,
8585,38084,41208,dressing_room,
8586,38084,41208,clean_room,
8587,38084,41208,chemistry_lab,
8588,38084,41208,physics_laboratory,
8589,38084,41208,museum/indoor,
8590,38084,41232,archive,
8591,38084,41232,clean_room,
8592,38084,41232,museum/indoor,
8593,38084,41232,chemistry_lab,
8594,38084,41232,physics_laboratory,
8595,38084,41256,museum/indoor,
8596,38084,41256,archive,
8597,38084,41256,clean_room,
8598,38084,41256,physics_laboratory,
8599,38084,41256,chemistry_lab,
8600,38084,41280,archive,
8601,38084,41280,museum/indoor,
8602,38084,41280,clean_room,
8603,38084,41280,chemistry_lab,
8604,38084,41280,physics_laboratory,
8605,38084,41304,clean_room,
8606,38084,41304,archive,
8607,38084,41304,museum/indoor,
8608,38084,41304,chemistry_lab,
8609,38084,41304,physics_laboratory,
8610,38084,41328,clean_room,
8611,38084,41328,archive,
8612,38084,41328,chemistry_lab,
8613,38084,41328,physics_laboratory,
8614,38084,41328,biology_laboratory,
8615,38084,41352,clean_room,
8616,38084,41352,archive,
8617,38084,41352,chemistry_lab,
8618,38084,41352,physics_laboratory,
8619,38084,41352,dressing_room,
8620,38084,41376,clean_room,
8621,38084,41376,archive,
8622,38084,41376,museum/indoor,
8623,38084,41376,chemistry_lab,
8624,38084,41376,physics_laboratory,
8625,38084,41400,clean_room,
8626,38084,41400,archive,
8627,38084,41400,museum/indoor,
8628,38084,41400,chemistry_lab,
8629,38084,41400,physics_laboratory,
8630,38084,41424,clean_room,
8631,38084,41424,archive,
8632,38084,41424,museum/indoor,
8633,38084,41424,physics_laboratory,
8634,38084,41424,chemistry_lab,
8635,38084,41448,clean_room,
8636,38084,41448,archive,
8637,38084,41448,operating_room,
8638,38084,41448,museum/indoor,
8639,38084,41448,chemistry_lab,
8640,38084,41472,clean_room,
8641,38084,41472,chemistry_lab,
8642,38084,41472,archive,
8643,38084,41472,physics_laboratory,
8644,38084,41472,biology_laboratory,
8645,38084,41496,chemistry_lab,
8646,38084,41496,banquet_hall,
8647,38084,41496,dining_hall,
8648,38084,41496,dressing_room,
8649,38084,41496,clean_room,
8650,38084,41520,chemistry_lab,
8651,38084,41520,banquet_hall,
8652,38084,41520,dining_hall,
8653,38084,41520,restaurant,
8654,38084,41520,dressing_room,
8655,38084,41544,banquet_hall,
8656,38084,41544,dining_hall,
8657,38084,41544,chemistry_lab,
8658,38084,41544,clean_room,
8659,38084,41544,restaurant,
8660,38084,41568,banquet_hall,
8661,38084,41568,chemistry_lab,
8662,38084,41568,dining_hall,
8663,38084,41568,clean_room,
8664,38084,41568,restaurant,
8665,38084,41592,banquet_hall,
8666,38084,41592,chemistry_lab,
8667,38084,41592,dining_hall,
8668,38084,41592,clean_room,
8669,38084,41592,restaurant,
8670,38084,41616,clean_room,
8671,38084,41616,chemistry_lab,
8672,38084,41616,operating_room,
8673,38084,41616,archive,
8674,38084,41616,banquet_hall,
8675,38084,41640,chemistry_lab,
8676,38084,41640,clean_room,
8677,38084,41640,archive,
8678,38084,41640,banquet_hall,
8679,38084,41640,operating_room,
8680,38084,41664,clean_room,
8681,38084,41664,chemistry_lab,
8682,38084,41664,archive,
8683,38084,41664,banquet_hall,
8684,38084,41664,operating_room,
8685,38084,41688,dressing_room,
8686,38084,41688,music_studio,
8687,38084,41688,museum/indoor,
8688,38084,41688,art_gallery,
8689,38084,41688,clean_room,
8690,38084,41712,clean_room,
8691,38084,41712,archive,
8692,38084,41712,museum/indoor,
8693,38084,41712,classroom,
8694,38084,41712,physics_laboratory,
8695,38084,41736,chemistry_lab,
8696,38084,41736,clean_room,
8697,38084,41736,biology_laboratory,
8698,38084,41736,dressing_room,
8699,38084,41736,ice_cream_parlor,
8700,38084,41760,banquet_hall,
8701,38084,41760,restaurant,
8702,38084,41760,chemistry_lab,
8703,38084,41760,dining_hall,
8704,38084,41760,dining_room,
8705,38084,41784,banquet_hall,
8706,38084,41784,dining_room,
8707,38084,41784,dining_hall,
8708,38084,41784,clean_room,
8709,38084,41784,restaurant,
8710,38084,41808,chemistry_lab,
8711,38084,41808,physics_laboratory,
8712,38084,41808,jewelry_shop,
8713,38084,41808,museum/indoor,
8714,38084,41808,science_museum,
8715,38084,41832,physics_laboratory,
8716,38084,41832,chemistry_lab,
8717,38084,41832,dressing_room,
8718,38084,41832,wet_bar,
8719,38084,41832,bar,
8720,38084,41856,nursery,
8721,38084,41856,museum/indoor,
8722,38084,41856,archive,
8723,38084,41856,childs_room,
8724,38084,41856,art_studio,
8725,38084,41880,nursery,
8726,38084,41880,museum/indoor,
8727,38084,41880,archive,
8728,38084,41880,childs_room,
8729,38084,41880,art_studio,
8730,38084,41904,nursery,
8731,38084,41904,museum/indoor,
8732,38084,41904,archive,
8733,38084,41904,childs_room,
8734,38084,41904,art_studio,
8735,38084,41928,nursery,
8736,38084,41928,museum/indoor,
8737,38084,41928,archive,
8738,38084,41928,art_studio,
8739,38084,41928,childs_room,
8740,38084,41952,nursery,
8741,38084,41952,museum/indoor,
8742,38084,41952,archive,
8743,38084,41952,childs_room,
8744,38084,41952,art_studio,
8745,38084,41976,nursery,
8746,38084,41976,museum/indoor,
8747,38084,41976,childs_room,
8748,38084,41976,archive,
8749,38084,41976,art_studio,
8750,38084,42000,nursery,
8751,38084,42000,museum/indoor,
8752,38084,42000,childs_room,
8753,38084,42000,archive,
8754,38084,42000,art_studio,
8755,38084,42024,nursery,
8756,38084,42024,museum/indoor,
8757,38084,42024,childs_room,
8758,38084,42024,archive,
8759,38084,42024,art_studio,
8760,38084,42048,nursery,
8761,38084,42048,museum/indoor,
8762,38084,42048,childs_room,
8763,38084,42048,archive,
8764,38084,42048,art_studio,
8765,38084,42072,museum/indoor,
8766,38084,42072,dressing_room,
8767,38084,42072,discotheque,
8768,38084,42072,clean_room,
8769,38084,42072,nursery,
8770,38084,42096,museum/indoor,
8771,38084,42096,discotheque,
8772,38084,42096,dressing_room,
8773,38084,42096,clean_room,
8774,38084,42096,nursing_home,
8775,38084,42120,museum/indoor,
8776,38084,42120,dressing_room,
8777,38084,42120,nursing_home,
8778,38084,42120,discotheque,
8779,38084,42120,clean_room,
8780,38084,42144,museum/indoor,
8781,38084,42144,discotheque,
8782,38084,42144,dressing_room,
8783,38084,42144,banquet_hall,
8784,38084,42144,ballroom,
8785,38084,42168,dressing_room,
8786,38084,42168,museum/indoor,
8787,38084,42168,banquet_hall,
8788,38084,42168,clean_room,
8789,38084,42168,discotheque,
8790,38084,42192,museum/indoor,
8791,38084,42192,nursing_home,
8792,38084,42192,dressing_room,
8793,38084,42192,clean_room,
8794,38084,42192,archive,
8795,38084,42216,museum/indoor,
8796,38084,42216,dressing_room,
8797,38084,42216,nursing_home,
8798,38084,42216,clean_room,
8799,38084,42216,ballroom,
8800,38084,42240,museum/indoor,
8801,38084,42240,dressing_room,
8802,38084,42240,clean_room,
8803,38084,42240,archive,
8804,38084,42240,art_gallery,
8805,38084,42264,museum/indoor,
8806,38084,42264,dressing_room,
8807,38084,42264,clean_room,
8808,38084,42264,discotheque,
8809,38084,42264,nursing_home,
8810,38084,42288,museum/indoor,
8811,38084,42288,archive,
8812,38084,42288,clean_room,
8813,38084,42288,dressing_room,
8814,38084,42288,art_gallery,
8815,38084,42312,museum/indoor,
8816,38084,42312,clean_room,
8817,38084,42312,dressing_room,
8818,38084,42312,chemistry_lab,
8819,38084,42312,nursing_home,
8820,38084,42336,museum/indoor,
8821,38084,42336,clean_room,
8822,38084,42336,nursing_home,
8823,38084,42336,archive,
8824,38084,42336,chemistry_lab,
8825,38084,42360,museum/indoor,
8826,38084,42360,clean_room,
8827,38084,42360,archive,
8828,38084,42360,nursing_home,
8829,38084,42360,chemistry_lab,
8830,38084,42384,museum/indoor,
8831,38084,42384,dressing_room,
8832,38084,42384,clean_room,
8833,38084,42384,archive,
8834,38084,42384,nursing_home,
8835,38084,42408,museum/indoor,
8836,38084,42408,dressing_room,
8837,38084,42408,art_gallery,
8838,38084,42408,clean_room,
8839,38084,42408,television_studio,
8840,38084,42432,museum/indoor,
8841,38084,42432,dressing_room,
8842,38084,42432,clean_room,
8843,38084,42432,art_gallery,
8844,38084,42432,nursing_home,
8845,38084,42456,museum/indoor,
8846,38084,42456,clean_room,
8847,38084,42456,dressing_room,
8848,38084,42456,television_studio,
8849,38084,42456,art_gallery,
8850,38084,42480,physics_laboratory,
8851,38084,42480,chemistry_lab,
8852,38084,42480,biology_laboratory,
8853,38084,42480,clean_room,
8854,38084,42480,science_museum,
8855,38084,42504,physics_laboratory,
8856,38084,42504,chemistry_lab,
8857,38084,42504,biology_laboratory,
8858,38084,42504,museum/indoor,
8859,38084,42504,clean_room,
8860,38084,42528,museum/indoor,
8861,38084,42528,physics_laboratory,
8862,38084,42528,chemistry_lab,
8863,38084,42528,clean_room,
8864,38084,42528,science_museum,
8865,38084,42552,dining_hall,
8866,38084,42552,restaurant,
8867,38084,42552,banquet_hall,
8868,38084,42552,dining_room,
8869,38084,42552,cafeteria,
8870,38084,42576,banquet_hall,
8871,38084,42576,dining_hall,
8872,38084,42576,dining_room,
8873,38084,42576,restaurant,
8874,38084,42576,dressing_room,
8875,38084,42600,banquet_hall,
8876,38084,42600,dining_hall,
8877,38084,42600,ballroom,
8878,38084,42600,dining_room,
8879,38084,42600,restaurant,
8880,38084,42624,clean_room,
8881,38084,42624,chemistry_lab,
8882,38084,42624,dressing_room,
8883,38084,42624,biology_laboratory,
8884,38084,42624,restaurant,
8885,38084,42648,clean_room,
8886,38084,42648,dressing_room,
8887,38084,42648,chemistry_lab,
8888,38084,42648,banquet_hall,
8889,38084,42648,archive,
8890,38084,42672,dressing_room,
8891,38084,42672,clean_room,
8892,38084,42672,chemistry_lab,
8893,38084,42672,banquet_hall,
8894,38084,42672,ballroom,
8895,38084,42696,clean_room,
8896,38084,42696,chemistry_lab,
8897,38084,42696,dressing_room,
8898,38084,42696,museum/indoor,
8899,38084,42696,archive,
8900,38084,42720,clean_room,
8901,38084,42720,chemistry_lab,
8902,38084,42720,archive,
8903,38084,42720,dressing_room,
8904,38084,42720,physics_laboratory,
8905,38084,42744,chemistry_lab,
8906,38084,42744,clean_room,
8907,38084,42744,biology_laboratory,
8908,38084,42744,physics_laboratory,
8909,38084,42744,dressing_room,
8910,38084,42768,clean_room,
8911,38084,42768,chemistry_lab,
8912,38084,42768,archive,
8913,38084,42768,physics_laboratory,
8914,38084,42768,dressing_room,
8915,38084,42792,chemistry_lab,
8916,38084,42792,banquet_hall,
8917,38084,42792,clean_room,
8918,38084,42792,dressing_room,
8919,38084,42792,dining_hall,
8920,38084,42816,chemistry_lab,
8921,38084,42816,dressing_room,
8922,38084,42816,clean_room,
8923,38084,42816,banquet_hall,
8924,38084,42816,biology_laboratory,
8925,38084,42840,dressing_room,
8926,38084,42840,clean_room,
8927,38084,42840,banquet_hall,
8928,38084,42840,chemistry_lab,
8929,38084,42840,nursery,
8930,38084,42864,chemistry_lab,
8931,38084,42864,clean_room,
8932,38084,42864,banquet_hall,
8933,38084,42864,dressing_room,
8934,38084,42864,nursery,
8935,38084,42888,chemistry_lab,
8936,38084,42888,clean_room,
8937,38084,42888,dressing_room,
8938,38084,42888,banquet_hall,
8939,38084,42888,nursery,
8940,38084,42912,clean_room,
8941,38084,42912,dressing_room,
8942,38084,42912,chemistry_lab,
8943,38084,42912,nursery,
8944,38084,42912,archive,
8945,38084,42936,clean_room,
8946,38084,42936,chemistry_lab,
8947,38084,42936,physics_laboratory,
8948,38084,42936,banquet_hall,
8949,38084,42936,biology_laboratory,
8950,38084,42960,banquet_hall,
8951,38084,42960,clean_room,
8952,38084,42960,dining_hall,
8953,38084,42960,chemistry_lab,
8954,38084,42960,ballroom,
8955,38084,42984,dressing_room,
8956,38084,42984,clean_room,
8957,38084,42984,beauty_salon,
8958,38084,42984,locker_room,
8959,38084,42984,chemistry_lab,
8960,38084,43008,dressing_room,
8961,38084,43008,clean_room,
8962,38084,43008,banquet_hall,
8963,38084,43008,chemistry_lab,
8964,38084,43008,bathroom,
8965,38084,43032,dressing_room,
8966,38084,43032,clean_room,
8967,38084,43032,chemistry_lab,
8968,38084,43032,biology_laboratory,
8969,38084,43032,hospital_room,
8970,38084,43056,dressing_room,
8971,38084,43056,clean_room,
8972,38084,43056,chemistry_lab,
8973,38084,43056,beauty_salon,
8974,38084,43056,biology_laboratory,
8975,38084,43080,dressing_room,
8976,38084,43080,chemistry_lab,
8977,38084,43080,clean_room,
8978,38084,43080,ballroom,
8979,38084,43080,beauty_salon,
8980,38084,43104,discotheque,
8981,38084,43104,museum/indoor,
8982,38084,43104,science_museum,
8983,38084,43104,aquarium,
8984,38084,43104,music_studio,
8985,38084,43128,discotheque,
8986,38084,43128,television_studio,
8987,38084,43128,music_studio,
8988,38084,43128,dressing_room,
8989,38084,43128,stage/indoor,
8990,38084,43152,clean_room,
8991,38084,43152,chemistry_lab,
8992,38084,43152,biology_laboratory,
8993,38084,43152,dressing_room,
8994,38084,43152,physics_laboratory,
8995,38084,43176,clean_room,
8996,38084,43176,chemistry_lab,
8997,38084,43176,biology_laboratory,
8998,38084,43176,physics_laboratory,
8999,38084,43176,dressing_room,
9000,38084,43200,chemistry_lab,
9001,38084,43200,clean_room,
9002,38084,43200,biology_laboratory,
9003,38084,43200,dressing_room,
9004,38084,43200,physics_laboratory,
9005,38084,43224,chemistry_lab,
9006,38084,43224,clean_room,
9007,38084,43224,dressing_room,
9008,38084,43224,biology_laboratory,
9009,38084,43224,music_studio,
9010,38084,43248,dressing_room,
9011,38084,43248,clean_room,
9012,38084,43248,chemistry_lab,
9013,38084,43248,beauty_salon,
9014,38084,43248,jewelry_shop,
9015,38084,43272,clean_room,
9016,38084,43272,chemistry_lab,
9017,38084,43272,jewelry_shop,
9018,38084,43272,dressing_room,
9019,38084,43272,biology_laboratory,
9020,38084,43296,museum/indoor,
9021,38084,43296,archive,
9022,38084,43296,science_museum,
9023,38084,43296,art_gallery,
9024,38084,43296,lecture_room,
9025,38084,43320,museum/indoor,
9026,38084,43320,archive,
9027,38084,43320,lecture_room,
9028,38084,43320,art_gallery,
9029,38084,43320,science_museum,
9030,38084,43344,museum/indoor,
9031,38084,43344,archive,
9032,38084,43344,art_gallery,
9033,38084,43344,clean_room,
9034,38084,43344,lecture_room,
9035,38084,43368,chemistry_lab,
9036,38084,43368,clean_room,
9037,38084,43368,dressing_room,
9038,38084,43368,biology_laboratory,
9039,38084,43368,physics_laboratory,
9040,38084,43392,chemistry_lab,
9041,38084,43392,clean_room,
9042,38084,43392,music_studio,
9043,38084,43392,biology_laboratory,
9044,38084,43392,dressing_room,
9045,38084,43416,dressing_room,
9046,38084,43416,clean_room,
9047,38084,43416,music_studio,
9048,38084,43416,museum/indoor,
9049,38084,43416,chemistry_lab,
9050,38084,43440,chemistry_lab,
9051,38084,43440,dressing_room,
9052,38084,43440,biology_laboratory,
9053,38084,43440,restaurant,
9054,38084,43440,bar,
9055,38084,43464,discotheque,
9056,38084,43464,television_studio,
9057,38084,43464,dressing_room,
9058,38084,43464,music_studio,
9059,38084,43464,science_museum,
9060,38084,43488,television_studio,
9061,38084,43488,music_studio,
9062,38084,43488,discotheque,
9063,38084,43488,museum/indoor,
9064,38084,43488,stage/indoor,
9065,38084,43512,museum/indoor,
9066,38084,43512,discotheque,
9067,38084,43512,science_museum,
9068,38084,43512,television_studio,
9069,38084,43512,martial_arts_gym,
9070,38084,43536,clean_room,
9071,38084,43536,chemistry_lab,
9072,38084,43536,dressing_room,
9073,38084,43536,biology_laboratory,
9074,38084,43536,jewelry_shop,
9075,38084,43560,dressing_room,
9076,38084,43560,clean_room,
9077,38084,43560,chemistry_lab,
9078,38084,43560,jewelry_shop,
9079,38084,43560,beauty_salon,
9080,38084,43584,clean_room,
9081,38084,43584,chemistry_lab,
9082,38084,43584,dressing_room,
9083,38084,43584,biology_laboratory,
9084,38084,43584,beauty_salon,
9085,38084,43608,dressing_room,
9086,38084,43608,chemistry_lab,
9087,38084,43608,clean_room,
9088,38084,43608,biology_laboratory,
9089,38084,43608,jewelry_shop,
9090,38084,43632,clean_room,
9091,38084,43632,dressing_room,
9092,38084,43632,chemistry_lab,
9093,38084,43632,beauty_salon,
9094,38084,43632,art_studio,
9095,38084,43656,dining_room,
9096,38084,43656,conference_room,
9097,38084,43656,dressing_room,
9098,38084,43656,office,
9099,38084,43656,clean_room,
9100,38084,43680,office,
9101,38084,43680,clean_room,
9102,38084,43680,dressing_room,
9103,38084,43680,reception,
9104,38084,43680,office_cubicles,
9105,38084,43704,clean_room,
9106,38084,43704,dressing_room,
9107,38084,43704,office,
9108,38084,43704,jewelry_shop,
9109,38084,43704,reception,
9110,38084,43728,clean_room,
9111,38084,43728,dressing_room,
9112,38084,43728,beauty_salon,
9113,38084,43728,bathroom,
9114,38084,43728,operating_room,
9115,38084,43752,clean_room,
9116,38084,43752,science_museum,
9117,38084,43752,chemistry_lab,
9118,38084,43752,television_studio,
9119,38084,43752,discotheque,
9120,38084,43776,clean_room,
9121,38084,43776,television_studio,
9122,38084,43776,music_studio,
9123,38084,43776,physics_laboratory,
9124,38084,43776,discotheque,
9125,38084,43800,museum/indoor,
9126,38084,43800,television_studio,
9127,38084,43800,clean_room,
9128,38084,43800,archive,
9129,38084,43800,biology_laboratory,
9130,38084,43824,clean_room,
9131,38084,43824,music_studio,
9132,38084,43824,television_studio,
9133,38084,43824,chemistry_lab,
9134,38084,43824,physics_laboratory,
9135,38084,43848,science_museum,
9136,38084,43848,discotheque,
9137,38084,43848,clean_room,
9138,38084,43848,museum/indoor,
9139,38084,43848,music_studio,
9140,38084,43872,museum/indoor,
9141,38084,43872,television_studio,
9142,38084,43872,discotheque,
9143,38084,43872,science_museum,
9144,38084,43872,stage/indoor,
9145,38084,43896,museum/indoor,
9146,38084,43896,television_studio,
9147,38084,43896,science_museum,
9148,38084,43896,discotheque,
9149,38084,43896,music_studio,
9150,38084,43920,museum/indoor,
9151,38084,43920,science_museum,
9152,38084,43920,television_studio,
9153,38084,43920,discotheque,
9154,38084,43920,music_studio,
9155,38084,43944,museum/indoor,
9156,38084,43944,science_museum,
9157,38084,43944,television_studio,
9158,38084,43944,discotheque,
9159,38084,43944,music_studio,
9160,38084,43968,museum/indoor,
9161,38084,43968,science_museum,
9162,38084,43968,television_studio,
9163,38084,43968,discotheque,
9164,38084,43968,music_studio,
9165,38084,43992,television_studio,
9166,38084,43992,museum/indoor,
9167,38084,43992,science_museum,
9168,38084,43992,discotheque,
9169,38084,43992,music_studio,
9170,38084,44016,science_museum,
9171,38084,44016,museum/indoor,
9172,38084,44016,television_studio,
9173,38084,44016,discotheque,
9174,38084,44016,music_studio,
9175,38084,44040,science_museum,
9176,38084,44040,museum/indoor,
9177,38084,44040,television_studio,
9178,38084,44040,discotheque,
9179,38084,44040,music_studio,
9180,38084,44064,museum/indoor,
9181,38084,44064,science_museum,
9182,38084,44064,discotheque,
9183,38084,44064,television_studio,
9184,38084,44064,boxing_ring,
9185,38084,44088,clean_room,
9186,38084,44088,chemistry_lab,
9187,38084,44088,dressing_room,
9188,38084,44088,biology_laboratory,
9189,38084,44088,physics_laboratory,
9190,38084,44112,chemistry_lab,
9191,38084,44112,clean_room,
9192,38084,44112,biology_laboratory,
9193,38084,44112,dressing_room,
9194,38084,44112,beauty_salon,
9195,38084,44136,clean_room,
9196,38084,44136,chemistry_lab,
9197,38084,44136,dressing_room,
9198,38084,44136,biology_laboratory,
9199,38084,44136,physics_laboratory,
9200,38084,44160,clean_room,
9201,38084,44160,dressing_room,
9202,38084,44160,chemistry_lab,
9203,38084,44160,biology_laboratory,
9204,38084,44160,beauty_salon,
9205,38084,44184,clean_room,
9206,38084,44184,chemistry_lab,
9207,38084,44184,dressing_room,
9208,38084,44184,biology_laboratory,
9209,38084,44184,jewelry_shop,
9210,38084,44208,clean_room,
9211,38084,44208,chemistry_lab,
9212,38084,44208,biology_laboratory,
9213,38084,44208,dressing_room,
9214,38084,44208,beauty_salon,
9215,38084,44232,chemistry_lab,
9216,38084,44232,clean_room,
9217,38084,44232,dressing_room,
9218,38084,44232,biology_laboratory,
9219,38084,44232,beauty_salon,
9220,38084,44256,museum/indoor,
9221,38084,44256,conference_center,
9222,38084,44256,archive,
9223,38084,44256,lecture_room,
9224,38084,44256,office,
9225,38084,44280,museum/indoor,
9226,38084,44280,conference_center,
9227,38084,44280,archive,
9228,38084,44280,lecture_room,
9229,38084,44280,office,
9230,38084,44304,museum/indoor,
9231,38084,44304,conference_center,
9232,38084,44304,lecture_room,
9233,38084,44304,archive,
9234,38084,44304,office,
9235,38084,44328,clean_room,
9236,38084,44328,chemistry_lab,
9237,38084,44328,biology_laboratory,
9238,38084,44328,dressing_room,
9239,38084,44328,beauty_salon,
9240,38084,44352,dressing_room,
9241,38084,44352,chemistry_lab,
9242,38084,44352,clean_room,
9243,38084,44352,biology_laboratory,
9244,38084,44352,jewelry_shop,
9245,38084,44376,dressing_room,
9246,38084,44376,chemistry_lab,
9247,38084,44376,clean_room,
9248,38084,44376,bar,
9249,38084,44376,dining_room,
9250,38084,44400,dressing_room,
9251,38084,44400,clean_room,
9252,38084,44400,beauty_salon,
9253,38084,44400,reception,
9254,38084,44400,jewelry_shop,
9255,38084,44424,dressing_room,
9256,38084,44424,clean_room,
9257,38084,44424,chemistry_lab,
9258,38084,44424,discotheque,
9259,38084,44424,shower,
9260,38084,44448,dressing_room,
9261,38084,44448,office,
9262,38084,44448,clean_room,
9263,38084,44448,conference_room,
9264,38084,44448,dining_room,
9265,38084,44472,clean_room,
9266,38084,44472,dressing_room,
9267,38084,44472,museum/indoor,
9268,38084,44472,office,
9269,38084,44472,art_gallery,
9270,38084,44496,clean_room,
9271,38084,44496,museum/indoor,
9272,38084,44496,dressing_room,
9273,38084,44496,office,
9274,38084,44496,archive,
9275,38084,44520,clean_room,
9276,38084,44520,museum/indoor,
9277,38084,44520,dressing_room,
9278,38084,44520,office,
9279,38084,44520,science_museum,
9280,38084,44544,clean_room,
9281,38084,44544,museum/indoor,
9282,38084,44544,office,
9283,38084,44544,dressing_room,
9284,38084,44544,archive,
9285,38084,44568,conference_room,
9286,38084,44568,waiting_room,
9287,38084,44568,office,
9288,38084,44568,lecture_room,
9289,38084,44568,conference_center,
9290,38084,44592,dining_room,
9291,38084,44592,conference_room,
9292,38084,44592,dressing_room,
9293,38084,44592,office,
9294,38084,44592,waiting_room,
9295,38084,44616,dressing_room,
9296,38084,44616,clean_room,
9297,38084,44616,music_studio,
9298,38084,44616,museum/indoor,
9299,38084,44616,jewelry_shop,
9300,38084,44640,dressing_room,
9301,38084,44640,ballroom,
9302,38084,44640,beauty_salon,
9303,38084,44640,clean_room,
9304,38084,44640,museum/indoor,
9305,38084,44664,dressing_room,
9306,38084,44664,ballroom,
9307,38084,44664,beauty_salon,
9308,38084,44664,museum/indoor,
9309,38084,44664,clean_room,
9310,38084,44688,dressing_room,
9311,38084,44688,beauty_salon,
9312,38084,44688,bathroom,
9313,38084,44688,shower,
9314,38084,44688,locker_room,
9315,38084,44712,dressing_room,
9316,38084,44712,museum/indoor,
9317,38084,44712,clean_room,
9318,38084,44712,hospital_room,
9319,38084,44712,beauty_salon,
9320,38084,44736,dressing_room,
9321,38084,44736,hospital_room,
9322,38084,44736,nursing_home,
9323,38084,44736,clean_room,
9324,38084,44736,bow_window/indoor,
9325,38084,44760,dressing_room,
9326,38084,44760,museum/indoor,
9327,38084,44760,clean_room,
9328,38084,44760,hospital_room,
9329,38084,44760,nursing_home,
9330,38084,44784,dressing_room,
9331,38084,44784,beauty_salon,
9332,38084,44784,clean_room,
9333,38084,44784,museum/indoor,
9334,38084,44784,ballroom,
9335,38084,44808,dressing_room,
9336,38084,44808,clean_room,
9337,38084,44808,beauty_salon,
9338,38084,44808,museum/indoor,
9339,38084,44808,nursery,
9340,38084,44832,dressing_room,
9341,38084,44832,clean_room,
9342,38084,44832,museum/indoor,
9343,38084,44832,beauty_salon,
9344,38084,44832,ballroom,
9345,38084,44856,dressing_room,
9346,38084,44856,museum/indoor,
9347,38084,44856,beauty_salon,
9348,38084,44856,clean_room,
9349,38084,44856,ballroom,
9350,38084,44880,dressing_room,
9351,38084,44880,museum/indoor,
9352,38084,44880,clean_room,
9353,38084,44880,ballroom,
9354,38084,44880,beauty_salon,
9355,38084,44904,dressing_room,
9356,38084,44904,clean_room,
9357,38084,44904,museum/indoor,
9358,38084,44904,nursing_home,
9359,38084,44904,chemistry_lab,
9360,38084,44928,clean_room,
9361,38084,44928,chemistry_lab,
9362,38084,44928,dressing_room,
9363,38084,44928,biology_laboratory,
9364,38084,44928,locker_room,
9365,38084,44952,clean_room,
9366,38084,44952,locker_room,
9367,38084,44952,chemistry_lab,
9368,38084,44952,operating_room,
9369,38084,44952,dressing_room,
9370,38084,44976,clean_room,
9371,38084,44976,locker_room,
9372,38084,44976,biology_laboratory,
9373,38084,44976,dressing_room,
9374,38084,44976,chemistry_lab,
9375,38084,45000,clean_room,
9376,38084,45000,martial_arts_gym,
9377,38084,45000,locker_room,
9378,38084,45000,dressing_room,
9379,38084,45000,museum/indoor,
9380,38084,45024,clean_room,
9381,38084,45024,locker_room,
9382,38084,45024,dressing_room,
9383,38084,45024,physics_laboratory,
9384,38084,45024,archive,
9385,38084,45048,clean_room,
9386,38084,45048,locker_room,
9387,38084,45048,museum/indoor,
9388,38084,45048,dressing_room,
9389,38084,45048,television_studio,
9390,38084,45072,clean_room,
9391,38084,45072,locker_room,
9392,38084,45072,dressing_room,
9393,38084,45072,archive,
9394,38084,45072,television_studio,
9395,38084,45096,clean_room,
9396,38084,45096,biology_laboratory,
9397,38084,45096,dressing_room,
9398,38084,45096,office,
9399,38084,45096,locker_room,
9400,38084,45120,clean_room,
9401,38084,45120,television_studio,
9402,38084,45120,martial_arts_gym,
9403,38084,45120,archive,
9404,38084,45120,locker_room,
9405,38084,45144,clean_room,
9406,38084,45144,museum/indoor,
9407,38084,45144,television_studio,
9408,38084,45144,archive,
9409,38084,45144,operating_room,
9410,38084,45168,clean_room,
9411,38084,45168,dressing_room,
9412,38084,45168,locker_room,
9413,38084,45168,martial_arts_gym,
9414,38084,45168,television_studio,
9415,38084,45192,clean_room,
9416,38084,45192,biology_laboratory,
9417,38084,45192,dressing_room,
9418,38084,45192,chemistry_lab,
9419,38084,45192,locker_room,
9420,38084,45216,clean_room,
9421,38084,45216,martial_arts_gym,
9422,38084,45216,locker_room,
9423,38084,45216,dressing_room,
9424,38084,45216,biology_laboratory,
9425,38084,45240,clean_room,
9426,38084,45240,dressing_room,
9427,38084,45240,museum/indoor,
9428,38084,45240,airplane_cabin,
9429,38084,45240,operating_room,
9430,38084,45264,dressing_room,
9431,38084,45264,clean_room,
9432,38084,45264,museum/indoor,
9433,38084,45264,hospital_room,
9434,38084,45264,locker_room,
9435,38084,45288,dressing_room,
9436,38084,45288,clean_room,
9437,38084,45288,museum/indoor,
9438,38084,45288,ballroom,
9439,38084,45288,hospital_room,
9440,38084,45312,dressing_room,
9441,38084,45312,museum/indoor,
9442,38084,45312,clean_room,
9443,38084,45312,ballroom,
9444,38084,45312,hospital_room,
9445,38084,45336,dressing_room,
9446,38084,45336,clean_room,
9447,38084,45336,hospital_room,
9448,38084,45336,museum/indoor,
9449,38084,45336,discotheque,
9450,38084,45360,dressing_room,
9451,38084,45360,clean_room,
9452,38084,45360,hospital_room,
9453,38084,45360,locker_room,
9454,38084,45360,shower,
9455,38084,45384,dressing_room,
9456,38084,45384,clean_room,
9457,38084,45384,locker_room,
9458,38084,45384,museum/indoor,
9459,38084,45384,shower,
9460,38084,45408,dressing_room,
9461,38084,45408,clean_room,
9462,38084,45408,museum/indoor,
9463,38084,45408,shower,
9464,38084,45408,airplane_cabin,
9465,38084,45432,dressing_room,
9466,38084,45432,clean_room,
9467,38084,45432,beauty_salon,
9468,38084,45432,airplane_cabin,
9469,38084,45432,shower,
9470,38084,45456,dressing_room,
9471,38084,45456,clean_room,
9472,38084,45456,museum/indoor,
9473,38084,45456,bathroom,
9474,38084,45456,shower,
9475,38084,45480,dressing_room,
9476,38084,45480,locker_room,
9477,38084,45480,clean_room,
9478,38084,45480,museum/indoor,
9479,38084,45480,hospital_room,
9480,38084,45504,dressing_room,
9481,38084,45504,clean_room,
9482,38084,45504,hospital_room,
9483,38084,45504,discotheque,
9484,38084,45504,beauty_salon,
9485,38084,45528,dressing_room,
9486,38084,45528,clean_room,
9487,38084,45528,conference_center,
9488,38084,45528,museum/indoor,
9489,38084,45528,office,
9490,38084,45552,dressing_room,
9491,38084,45552,clean_room,
9492,38084,45552,museum/indoor,
9493,38084,45552,art_gallery,
9494,38084,45552,conference_center,
9495,38084,45576,dressing_room,
9496,38084,45576,clean_room,
9497,38084,45576,museum/indoor,
9498,38084,45576,office,
9499,38084,45576,television_studio,
9500,38084,45600,dressing_room,
9501,38084,45600,clean_room,
9502,38084,45600,office,
9503,38084,45600,beauty_salon,
9504,38084,45600,music_studio,
9505,38084,45624,dressing_room,
9506,38084,45624,clean_room,
9507,38084,45624,museum/indoor,
9508,38084,45624,office,
9509,38084,45624,beauty_salon,
9510,38084,45648,dressing_room,
9511,38084,45648,clean_room,
9512,38084,45648,museum/indoor,
9513,38084,45648,office,
9514,38084,45648,beauty_salon,
9515,38084,45672,dressing_room,
9516,38084,45672,clean_room,
9517,38084,45672,office,
9518,38084,45672,beauty_salon,
9519,38084,45672,shower,
9520,38084,45696,clean_room,
9521,38084,45696,dressing_room,
9522,38084,45696,chemistry_lab,
9523,38084,45696,beauty_salon,
9524,38084,45696,clothing_store,
9525,38084,45720,dressing_room,
9526,38084,45720,clean_room,
9527,38084,45720,locker_room,
9528,38084,45720,music_studio,
9529,38084,45720,shower,
9530,38084,45744,clean_room,
9531,38084,45744,dressing_room,
9532,38084,45744,chemistry_lab,
9533,38084,45744,biology_laboratory,
9534,38084,45744,physics_laboratory,
9535,38084,45768,dressing_room,
9536,38084,45768,clean_room,
9537,38084,45768,music_studio,
9538,38084,45768,clothing_store,
9539,38084,45768,chemistry_lab,
9540,38084,45792,clean_room,
9541,38084,45792,dressing_room,
9542,38084,45792,chemistry_lab,
9543,38084,45792,biology_laboratory,
9544,38084,45792,physics_laboratory,
9545,38084,45816,dressing_room,
9546,38084,45816,clean_room,
9547,38084,45816,chemistry_lab,
9548,38084,45816,clothing_store,
9549,38084,45816,biology_laboratory,
9550,38084,45840,dressing_room,
9551,38084,45840,clean_room,
9552,38084,45840,music_studio,
9553,38084,45840,physics_laboratory,
9554,38084,45840,television_studio,
9555,38084,45864,dressing_room,
9556,38084,45864,clean_room,
9557,38084,45864,music_studio,
9558,38084,45864,clothing_store,
9559,38084,45864,television_studio,
9560,38084,45888,dressing_room,
9561,38084,45888,clean_room,
9562,38084,45888,music_studio,
9563,38084,45888,television_studio,
9564,38084,45888,clothing_store,
9565,38084,45912,dressing_room,
9566,38084,45912,clean_room,
9567,38084,45912,music_studio,
9568,38084,45912,chemistry_lab,
9569,38084,45912,physics_laboratory,
9570,38084,45936,clean_room,
9571,38084,45936,dressing_room,
9572,38084,45936,music_studio,
9573,38084,45936,clothing_store,
9574,38084,45936,physics_laboratory,
9575,38084,45960,dressing_room,
9576,38084,45960,clean_room,
9577,38084,45960,beauty_salon,
9578,38084,45960,bathroom,
9579,38084,45960,shower,
9580,38084,45984,restaurant,
9581,38084,45984,clean_room,
9582,38084,45984,cafeteria,
9583,38084,45984,chemistry_lab,
9584,38084,45984,dressing_room,
9585,38084,46008,clean_room,
9586,38084,46008,archive,
9587,38084,46008,dressing_room,
9588,38084,46008,library/indoor,
9589,38084,46008,chemistry_lab,
9590,38084,46032,clean_room,
9591,38084,46032,dressing_room,
9592,38084,46032,archive,
9593,38084,46032,library/indoor,
9594,38084,46032,office,
9595,38084,46056,archive,
9596,38084,46056,clean_room,
9597,38084,46056,office,
9598,38084,46056,dressing_room,
9599,38084,46056,locker_room,
9600,38084,46080,archive,
9601,38084,46080,dressing_room,
9602,38084,46080,clean_room,
9603,38084,46080,office,
9604,38084,46080,locker_room,
9605,38084,46104,clean_room,
9606,38084,46104,martial_arts_gym,
9607,38084,46104,dressing_room,
9608,38084,46104,discotheque,
9609,38084,46104,nursery,
9610,38084,46128,discotheque,
9611,38084,46128,clean_room,
9612,38084,46128,dressing_room,
9613,38084,46128,martial_arts_gym,
9614,38084,46128,stage/indoor,
9615,38084,46152,clean_room,
9616,38084,46152,dressing_room,
9617,38084,46152,discotheque,
9618,38084,46152,martial_arts_gym,
9619,38084,46152,chemistry_lab,
9620,38084,46176,dressing_room,
9621,38084,46176,music_studio,
9622,38084,46176,clean_room,
9623,38084,46176,discotheque,
9624,38084,46176,chemistry_lab,
9625,38084,46200,dressing_room,
9626,38084,46200,locker_room,
9627,38084,46200,clean_room,
9628,38084,46200,bathroom,
9629,38084,46200,shower,
9630,38084,46224,dressing_room,
9631,38084,46224,clean_room,
9632,38084,46224,locker_room,
9633,38084,46224,archive,
9634,38084,46224,bathroom,
9635,38084,46248,clean_room,
9636,38084,46248,dressing_room,
9637,38084,46248,archive,
9638,38084,46248,museum/indoor,
9639,38084,46248,operating_room,
9640,38084,46272,dressing_room,
9641,38084,46272,clean_room,
9642,38084,46272,bathroom,
9643,38084,46272,archive,
9644,38084,46272,museum/indoor,
9645,38084,46296,dressing_room,
9646,38084,46296,clean_room,
9647,38084,46296,jewelry_shop,
9648,38084,46296,museum/indoor,
9649,38084,46296,archive,
9650,38084,46320,museum/indoor,
9651,38084,46320,clean_room,
9652,38084,46320,dressing_room,
9653,38084,46320,art_gallery,
9654,38084,46320,jewelry_shop,
9655,38084,46344,clean_room,
9656,38084,46344,museum/indoor,
9657,38084,46344,dressing_room,
9658,38084,46344,operating_room,
9659,38084,46344,archive,
9660,38084,46368,clean_room,
9661,38084,46368,museum/indoor,
9662,38084,46368,dressing_room,
9663,38084,46368,archive,
9664,38084,46368,jewelry_shop,
9665,38084,46392,clean_room,
9666,38084,46392,operating_room,
9667,38084,46392,museum/indoor,
9668,38084,46392,dressing_room,
9669,38084,46392,locker_room,
9670,38084,46416,clean_room,
9671,38084,46416,dressing_room,
9672,38084,46416,art_gallery,
9673,38084,46416,museum/indoor,
9674,38084,46416,bathroom,
9675,38084,46440,clean_room,
9676,38084,46440,dressing_room,
9677,38084,46440,bathroom,
9678,38084,46440,shower,
9679,38084,46440,beauty_salon,
9680,38084,46464,clean_room,
9681,38084,46464,dressing_room,
9682,38084,46464,music_studio,
9683,38084,46464,chemistry_lab,
9684,38084,46464,biology_laboratory,
9685,38084,46488,clean_room,
9686,38084,46488,museum/indoor,
9687,38084,46488,office,
9688,38084,46488,locker_room,
9689,38084,46488,dressing_room,
9690,38084,46512,museum/indoor,
9691,38084,46512,archive,
9692,38084,46512,clean_room,
9693,38084,46512,dressing_room,
9694,38084,46512,natural_history_museum,
9695,38084,46536,archive,
9696,38084,46536,museum/indoor,
9697,38084,46536,natural_history_museum,
9698,38084,46536,clean_room,
9699,38084,46536,locker_room,
9700,38084,46560,museum/indoor,
9701,38084,46560,clean_room,
9702,38084,46560,archive,
9703,38084,46560,natural_history_museum,
9704,38084,46560,dressing_room,
9705,38084,46584,museum/indoor,
9706,38084,46584,entrance_hall,
9707,38084,46584,bow_window/indoor,
9708,38084,46584,office,
9709,38084,46584,lobby,
9710,38084,46608,museum/indoor,
9711,38084,46608,office,
9712,38084,46608,clean_room,
9713,38084,46608,entrance_hall,
9714,38084,46608,elevator_lobby,
9715,38084,46632,museum/indoor,
9716,38084,46632,clean_room,
9717,38084,46632,entrance_hall,
9718,38084,46632,art_gallery,
9719,38084,46632,bow_window/indoor,
9720,38084,46656,museum/indoor,
9721,38084,46656,locker_room,
9722,38084,46656,entrance_hall,
9723,38084,46656,art_gallery,
9724,38084,46656,clean_room,
9725,38084,46680,lobby,
9726,38084,46680,reception,
9727,38084,46680,entrance_hall,
9728,38084,46680,museum/indoor,
9729,38084,46680,living_room,
9730,38084,46704,museum/indoor,
9731,38084,46704,archive,
9732,38084,46704,lecture_room,
9733,38084,46704,clean_room,
9734,38084,46704,office,
9735,38084,46728,clean_room,
9736,38084,46728,office,
9737,38084,46728,archive,
9738,38084,46728,museum/indoor,
9739,38084,46728,art_gallery,
9740,38084,46752,archive,
9741,38084,46752,clean_room,
9742,38084,46752,office,
9743,38084,46752,gymnasium/indoor,
9744,38084,46752,library/indoor,
9745,38084,46776,beauty_salon,
9746,38084,46776,dressing_room,
9747,38084,46776,gymnasium/indoor,
9748,38084,46776,clean_room,
9749,38084,46776,living_room,
9750,38084,46800,dressing_room,
9751,38084,46800,office,
9752,38084,46800,clean_room,
9753,38084,46800,dining_room,
9754,38084,46800,living_room,
9755,38084,46824,dressing_room,
9756,38084,46824,beauty_salon,
9757,38084,46824,clean_room,
9758,38084,46824,bathroom,
9759,38084,46824,museum/indoor,
9760,38084,46848,clean_room,
9761,38084,46848,chemistry_lab,
9762,38084,46848,dressing_room,
9763,38084,46848,biology_laboratory,
9764,38084,46848,physics_laboratory,
9765,38084,46872,clean_room,
9766,38084,46872,conference_center,
9767,38084,46872,chemistry_lab,
9768,38084,46872,conference_room,
9769,38084,46872,office,
9770,38084,46896,clean_room,
9771,38084,46896,chemistry_lab,
9772,38084,46896,office,
9773,38084,46896,biology_laboratory,
9774,38084,46896,physics_laboratory,
9775,38084,46920,clean_room,
9776,38084,46920,chemistry_lab,
9777,38084,46920,music_studio,
9778,38084,46920,office,
9779,38084,46920,physics_laboratory,
9780,38084,46944,clean_room,
9781,38084,46944,chemistry_lab,
9782,38084,46944,archive,
9783,38084,46944,music_studio,
9784,38084,46944,office,
9785,38084,46968,clean_room,
9786,38084,46968,music_studio,
9787,38084,46968,dressing_room,
9788,38084,46968,chemistry_lab,
9789,38084,46968,physics_laboratory,
9790,38084,46992,clean_room,
9791,38084,46992,music_studio,
9792,38084,46992,chemistry_lab,
9793,38084,46992,physics_laboratory,
9794,38084,46992,archive,
9795,38084,47016,clean_room,
9796,38084,47016,music_studio,
9797,38084,47016,television_studio,
9798,38084,47016,stage/indoor,
9799,38084,47016,gymnasium/indoor,
9800,38084,47040,clean_room,
9801,38084,47040,conference_room,
9802,38084,47040,operating_room,
9803,38084,47040,museum/indoor,
9804,38084,47040,gymnasium/indoor,
9805,38084,47064,dining_room,
9806,38084,47064,restaurant,
9807,38084,47064,banquet_hall,
9808,38084,47064,clean_room,
9809,38084,47064,dining_hall,
9810,38084,47088,beauty_salon,
9811,38084,47088,dressing_room,
9812,38084,47088,clean_room,
9813,38084,47088,living_room,
9814,38084,47088,chemistry_lab,
9815,38084,47112,beauty_salon,
9816,38084,47112,clean_room,
9817,38084,47112,waiting_room,
9818,38084,47112,living_room,
9819,38084,47112,office,
9820,38084,47136,banquet_hall,
9821,38084,47136,ballroom,
9822,38084,47136,conference_room,
9823,38084,47136,conference_center,
9824,38084,47136,auditorium,
9825,38084,47160,auditorium,
9826,38084,47160,conference_center,
9827,38084,47160,ballroom,
9828,38084,47160,entrance_hall,
9829,38084,47160,banquet_hall,
9830,38084,47184,banquet_hall,
9831,38084,47184,ballroom,
9832,38084,47184,church/indoor,
9833,38084,47184,lobby,
9834,38084,47184,dining_hall,
9835,38084,47208,bow_window/indoor,
9836,38084,47208,elevator/door,
9837,38084,47208,shower,
9838,38084,47208,elevator_lobby,
9839,38084,47208,closet,
9840,38084,47232,bow_window/indoor,
9841,38084,47232,elevator/door,
9842,38084,47232,elevator_lobby,
9843,38084,47232,doorway/outdoor,
9844,38084,47232,closet,
9845,38084,47256,dressing_room,
9846,38084,47256,elevator/door,
9847,38084,47256,shower,
9848,38084,47256,closet,
9849,38084,47256,clothing_store,
9850,38084,47280,elevator/door,
9851,38084,47280,closet,
9852,38084,47280,elevator_lobby,
9853,38084,47280,shower,
9854,38084,47280,dressing_room,
9855,38084,47304,beauty_salon,
9856,38084,47304,museum/indoor,
9857,38084,47304,clean_room,
9858,38084,47304,ice_cream_parlor,
9859,38084,47304,nursery,
9860,38084,47328,beauty_salon,
9861,38084,47328,museum/indoor,
9862,38084,47328,clean_room,
9863,38084,47328,ice_cream_parlor,
9864,38084,47328,ice_floe,
9865,38084,47352,nursery,
9866,38084,47352,museum/indoor,
9867,38084,47352,childs_room,
9868,38084,47352,cemetery,
9869,38084,47352,beauty_salon,
9870,38084,47376,nursery,
9871,38084,47376,discotheque,
9872,38084,47376,stage/indoor,
9873,38084,47376,music_studio,
9874,38084,47376,hospital_room,
9875,38084,47400,artists_loft,
9876,38084,47400,art_studio,
9877,38084,47400,museum/indoor,
9878,38084,47400,art_gallery,
9879,38084,47400,art_school,
9880,38084,47424,art_studio,
9881,38084,47424,artists_loft,
9882,38084,47424,dressing_room,
9883,38084,47424,museum/indoor,
9884,38084,47424,art_school,
9885,38084,47448,museum/indoor,
9886,38084,47448,art_studio,
9887,38084,47448,artists_loft,
9888,38084,47448,clean_room,
9889,38084,47448,dressing_room,
9890,38084,47472,art_studio,
9891,38084,47472,artists_loft,
9892,38084,47472,museum/indoor,
9893,38084,47472,bow_window/indoor,
9894,38084,47472,dining_room,
9895,38084,47496,art_studio,
9896,38084,47496,artists_loft,
9897,38084,47496,dining_room,
9898,38084,47496,museum/indoor,
9899,38084,47496,bow_window/indoor,
9900,38084,47520,art_studio,
9901,38084,47520,museum/indoor,
9902,38084,47520,artists_loft,
9903,38084,47520,art_school,
9904,38084,47520,music_studio,
9905,38084,47544,museum/indoor,
9906,38084,47544,art_studio,
9907,38084,47544,artists_loft,
9908,38084,47544,art_school,
9909,38084,47544,bow_window/indoor,
9910,38084,47568,art_studio,
9911,38084,47568,clean_room,
9912,38084,47568,dressing_room,
9913,38084,47568,beauty_salon,
9914,38084,47568,artists_loft,
9915,38084,47592,museum/indoor,
9916,38084,47592,art_studio,
9917,38084,47592,art_gallery,
9918,38084,47592,artists_loft,
9919,38084,47592,television_studio,
9920,38084,47616,museum/indoor,
9921,38084,47616,art_studio,
9922,38084,47616,television_studio,
9923,38084,47616,artists_loft,
9924,38084,47616,clean_room,
9925,38084,47640,museum/indoor,
9926,38084,47640,art_studio,
9927,38084,47640,art_gallery,
9928,38084,47640,artists_loft,
9929,38084,47640,television_studio,
9930,38084,47664,museum/indoor,
9931,38084,47664,art_gallery,
9932,38084,47664,art_studio,
9933,38084,47664,artists_loft,
9934,38084,47664,television_studio,
9935,38084,47688,museum/indoor,
9936,38084,47688,television_studio,
9937,38084,47688,art_studio,
9938,38084,47688,art_gallery,
9939,38084,47688,music_studio,
9940,38084,47712,gymnasium/indoor,
9941,38084,47712,museum/indoor,
9942,38084,47712,clean_room,
9943,38084,47712,artists_loft,
9944,38084,47712,entrance_hall,
9945,38084,47736,museum/indoor,
9946,38084,47736,porch,
9947,38084,47736,artists_loft,
9948,38084,47736,lobby,
9949,38084,47736,living_room,
9950,38084,47760,museum/indoor,
9951,38084,47760,entrance_hall,
9952,38084,47760,lobby,
9953,38084,47760,living_room,
9954,38084,47760,art_gallery,
9955,38084,47784,museum/indoor,
9956,38084,47784,artists_loft,
9957,38084,47784,locker_room,
9958,38084,47784,bow_window/indoor,
9959,38084,47784,dressing_room,
9960,38084,47808,artists_loft,
9961,38084,47808,bow_window/indoor,
9962,38084,47808,museum/indoor,
9963,38084,47808,locker_room,
9964,38084,47808,dressing_room,
9965,38084,47832,museum/indoor,
9966,38084,47832,entrance_hall,
9967,38084,47832,locker_room,
9968,38084,47832,archive,
9969,38084,47832,clean_room,
9970,38084,47856,clean_room,
9971,38084,47856,entrance_hall,
9972,38084,47856,museum/indoor,
9973,38084,47856,locker_room,
9974,38084,47856,corridor,
9975,38084,47880,clean_room,
9976,38084,47880,locker_room,
9977,38084,47880,shower,
9978,38084,47880,dressing_room,
9979,38084,47880,bathroom,
9980,38084,47904,clean_room,
9981,38084,47904,locker_room,
9982,38084,47904,dressing_room,
9983,38084,47904,corridor,
9984,38084,47904,museum/indoor,
9985,38084,47928,dressing_room,
9986,38084,47928,clothing_store,
9987,38084,47928,museum/indoor,
9988,38084,47928,clean_room,
9989,38084,47928,art_gallery,
9990,38084,47952,clean_room,
9991,38084,47952,museum/indoor,
9992,38084,47952,dressing_room,
9993,38084,47952,clothing_store,
9994,38084,47952,archive,
9995,38084,47976,clean_room,
9996,38084,47976,dressing_room,
9997,38084,47976,operating_room,
9998,38084,47976,beauty_salon,
9999,38084,47976,museum/indoor,
10000,38084,48000,clean_room,
10001,38084,48000,dressing_room,
10002,38084,48000,locker_room,
10003,38084,48000,shower,
10004,38084,48000,museum/indoor,
10005,38084,48024,clean_room,
10006,38084,48024,dressing_room,
10007,38084,48024,shower,
10008,38084,48024,locker_room,
10009,38084,48024,museum/indoor,
10010,38084,48048,clean_room,
10011,38084,48048,dressing_room,
10012,38084,48048,locker_room,
10013,38084,48048,clothing_store,
10014,38084,48048,operating_room,
10015,38084,48072,clean_room,
10016,38084,48072,dressing_room,
10017,38084,48072,museum/indoor,
10018,38084,48072,locker_room,
10019,38084,48072,clothing_store,
10020,38084,48096,museum/indoor,
10021,38084,48096,clean_room,
10022,38084,48096,entrance_hall,
10023,38084,48096,art_gallery,
10024,38084,48096,lobby,
10025,38084,48120,clean_room,
10026,38084,48120,museum/indoor,
10027,38084,48120,dressing_room,
10028,38084,48120,archive,
10029,38084,48120,locker_room,
10030,38084,48144,museum/indoor,
10031,38084,48144,clean_room,
10032,38084,48144,dressing_room,
10033,38084,48144,locker_room,
10034,38084,48144,archive,
10035,38084,48168,museum/indoor,
10036,38084,48168,archive,
10037,38084,48168,clean_room,
10038,38084,48168,dressing_room,
10039,38084,48168,locker_room,
10040,38084,48192,museum/indoor,
10041,38084,48192,archive,
10042,38084,48192,clean_room,
10043,38084,48192,dressing_room,
10044,38084,48192,classroom,
10045,38084,48216,museum/indoor,
10046,38084,48216,archive,
10047,38084,48216,clean_room,
10048,38084,48216,dressing_room,
10049,38084,48216,locker_room,
10050,38084,48240,museum/indoor,
10051,38084,48240,archive,
10052,38084,48240,clean_room,
10053,38084,48240,dressing_room,
10054,38084,48240,locker_room,
10055,38084,48264,museum/indoor,
10056,38084,48264,archive,
10057,38084,48264,clean_room,
10058,38084,48264,library/indoor,
10059,38084,48264,classroom,
10060,38084,48288,museum/indoor,
10061,38084,48288,archive,
10062,38084,48288,dressing_room,
10063,38084,48288,classroom,
10064,38084,48288,locker_room,
10065,38084,48312,locker_room,
10066,38084,48312,museum/indoor,
10067,38084,48312,dressing_room,
10068,38084,48312,clean_room,
10069,38084,48312,bow_window/indoor,
10070,38084,48336,office,
10071,38084,48336,museum/indoor,
10072,38084,48336,reception,
10073,38084,48336,dressing_room,
10074,38084,48336,bow_window/indoor,
10075,38084,48360,office,
10076,38084,48360,archive,
10077,38084,48360,library/indoor,
10078,38084,48360,classroom,
10079,38084,48360,clean_room,
10080,38084,48384,dressing_room,
10081,38084,48384,archive,
10082,38084,48384,museum/indoor,
10083,38084,48384,locker_room,
10084,38084,48384,clean_room,
10085,38084,48408,dressing_room,
10086,38084,48408,clean_room,
10087,38084,48408,beauty_salon,
10088,38084,48408,office,
10089,38084,48408,chemistry_lab,
10090,38084,48432,beauty_salon,
10091,38084,48432,dressing_room,
10092,38084,48432,dining_room,
10093,38084,48432,clean_room,
10094,38084,48432,living_room,
10095,38084,48456,bow_window/indoor,
10096,38084,48456,dining_room,
10097,38084,48456,clean_room,
10098,38084,48456,office,
10099,38084,48456,banquet_hall,
10100,38084,48480,jewelry_shop,
10101,38084,48480,banquet_hall,
10102,38084,48480,chemistry_lab,
10103,38084,48480,beauty_salon,
10104,38084,48480,restaurant,
10105,38084,48504,banquet_hall,
10106,38084,48504,restaurant,
10107,38084,48504,beauty_salon,
10108,38084,48504,jewelry_shop,
10109,38084,48504,dining_room,
10110,38084,48528,restaurant,
10111,38084,48528,beauty_salon,
10112,38084,48528,banquet_hall,
10113,38084,48528,dining_room,
10114,38084,48528,chemistry_lab,
10115,38084,48552,chemistry_lab,
10116,38084,48552,restaurant,
10117,38084,48552,beauty_salon,
10118,38084,48552,biology_laboratory,
10119,38084,48552,bar,
10120,38084,48576,chemistry_lab,
10121,38084,48576,beauty_salon,
10122,38084,48576,biology_laboratory,
10123,38084,48576,restaurant,
10124,38084,48576,bar,
10125,38084,48600,chemistry_lab,
10126,38084,48600,jewelry_shop,
10127,38084,48600,biology_laboratory,
10128,38084,48600,clean_room,
10129,38084,48600,physics_laboratory,
10130,38084,48624,chemistry_lab,
10131,38084,48624,restaurant,
10132,38084,48624,bar,
10133,38084,48624,beauty_salon,
10134,38084,48624,clean_room,
10135,38084,48648,chemistry_lab,
10136,38084,48648,clean_room,
10137,38084,48648,biology_laboratory,
10138,38084,48648,beauty_salon,
10139,38084,48648,physics_laboratory,
10140,38084,48672,chemistry_lab,
10141,38084,48672,biology_laboratory,
10142,38084,48672,beauty_salon,
10143,38084,48672,restaurant,
10144,38084,48672,office,
10145,38084,48696,chemistry_lab,
10146,38084,48696,banquet_hall,
10147,38084,48696,restaurant,
10148,38084,48696,dining_hall,
10149,38084,48696,bar,
10150,38084,48720,chemistry_lab,
10151,38084,48720,beauty_salon,
10152,38084,48720,jewelry_shop,
10153,38084,48720,restaurant,
10154,38084,48720,biology_laboratory,
10155,38084,48744,beauty_salon,
10156,38084,48744,jewelry_shop,
10157,38084,48744,chemistry_lab,
10158,38084,48744,biology_laboratory,
10159,38084,48744,dressing_room,
10160,38084,48768,chemistry_lab,
10161,38084,48768,jewelry_shop,
10162,38084,48768,clean_room,
10163,38084,48768,biology_laboratory,
10164,38084,48768,beauty_salon,
10165,38084,48792,jewelry_shop,
10166,38084,48792,beauty_salon,
10167,38084,48792,clean_room,
10168,38084,48792,chemistry_lab,
10169,38084,48792,dressing_room,
10170,38084,48816,jewelry_shop,
10171,38084,48816,clean_room,
10172,38084,48816,chemistry_lab,
10173,38084,48816,beauty_salon,
10174,38084,48816,dressing_room,
10175,38084,48840,jewelry_shop,
10176,38084,48840,chemistry_lab,
10177,38084,48840,beauty_salon,
10178,38084,48840,clean_room,
10179,38084,48840,dressing_room,
10180,38084,48864,jewelry_shop,
10181,38084,48864,beauty_salon,
10182,38084,48864,chemistry_lab,
10183,38084,48864,dressing_room,
10184,38084,48864,clean_room,
10185,38084,48888,jewelry_shop,
10186,38084,48888,beauty_salon,
10187,38084,48888,dressing_room,
10188,38084,48888,chemistry_lab,
10189,38084,48888,clean_room,
10190,38084,48912,jewelry_shop,
10191,38084,48912,chemistry_lab,
10192,38084,48912,beauty_salon,
10193,38084,48912,dressing_room,
10194,38084,48912,clean_room,
10195,38084,48936,beauty_salon,
10196,38084,48936,chemistry_lab,
10197,38084,48936,clean_room,
10198,38084,48936,biology_laboratory,
10199,38084,48936,drugstore,
10200,38084,48960,chemistry_lab,
10201,38084,48960,banquet_hall,
10202,38084,48960,beauty_salon,
10203,38084,48960,jewelry_shop,
10204,38084,48960,biology_laboratory,
10205,38084,48984,beauty_salon,
10206,38084,48984,clean_room,
10207,38084,48984,chemistry_lab,
10208,38084,48984,biology_laboratory,
10209,38084,48984,banquet_hall,
10210,38084,49008,jewelry_shop,
10211,38084,49008,clean_room,
10212,38084,49008,chemistry_lab,
10213,38084,49008,archive,
10214,38084,49008,biology_laboratory,
10215,38084,49032,clean_room,
10216,38084,49032,chemistry_lab,
10217,38084,49032,jewelry_shop,
10218,38084,49032,biology_laboratory,
10219,38084,49032,physics_laboratory,
10220,38084,49056,jewelry_shop,
10221,38084,49056,chemistry_lab,
10222,38084,49056,clean_room,
10223,38084,49056,physics_laboratory,
10224,38084,49056,dressing_room,
10225,38084,49080,clean_room,
10226,38084,49080,jewelry_shop,
10227,38084,49080,archive,
10228,38084,49080,chemistry_lab,
10229,38084,49080,physics_laboratory,
10230,38084,49104,jewelry_shop,
10231,38084,49104,clean_room,
10232,38084,49104,chemistry_lab,
10233,38084,49104,physics_laboratory,
10234,38084,49104,archive,
10235,38084,49128,jewelry_shop,
10236,38084,49128,chemistry_lab,
10237,38084,49128,clean_room,
10238,38084,49128,biology_laboratory,
10239,38084,49128,physics_laboratory,
10240,38084,49152,clean_room,
10241,38084,49152,jewelry_shop,
10242,38084,49152,chemistry_lab,
10243,38084,49152,physics_laboratory,
10244,38084,49152,archive,
10245,38084,49176,jewelry_shop,
10246,38084,49176,clean_room,
10247,38084,49176,physics_laboratory,
10248,38084,49176,chemistry_lab,
10249,38084,49176,archive,
10250,38084,49200,jewelry_shop,
10251,38084,49200,clean_room,
10252,38084,49200,physics_laboratory,
10253,38084,49200,chemistry_lab,
10254,38084,49200,archive,
10255,38084,49224,jewelry_shop,
10256,38084,49224,chemistry_lab,
10257,38084,49224,clean_room,
10258,38084,49224,physics_laboratory,
10259,38084,49224,biology_laboratory,
10260,38084,49248,jewelry_shop,
10261,38084,49248,clean_room,
10262,38084,49248,chemistry_lab,
10263,38084,49248,physics_laboratory,
10264,38084,49248,archive,
10265,38084,49272,jewelry_shop,
10266,38084,49272,chemistry_lab,
10267,38084,49272,clean_room,
10268,38084,49272,physics_laboratory,
10269,38084,49272,biology_laboratory,
10270,38084,49296,jewelry_shop,
10271,38084,49296,physics_laboratory,
10272,38084,49296,clean_room,
10273,38084,49296,chemistry_lab,
10274,38084,49296,biology_laboratory,
10275,38084,49320,jewelry_shop,
10276,38084,49320,physics_laboratory,
10277,38084,49320,clean_room,
10278,38084,49320,chemistry_lab,
10279,38084,49320,archive,
10280,38084,49344,jewelry_shop,
10281,38084,49344,chemistry_lab,
10282,38084,49344,clean_room,
10283,38084,49344,physics_laboratory,
10284,38084,49344,beauty_salon,
10285,38084,49368,jewelry_shop,
10286,38084,49368,clean_room,
10287,38084,49368,chemistry_lab,
10288,38084,49368,archive,
10289,38084,49368,physics_laboratory,
10290,38084,49392,dressing_room,
10291,38084,49392,clean_room,
10292,38084,49392,chemistry_lab,
10293,38084,49392,beauty_salon,
10294,38084,49392,biology_laboratory,
10295,38084,49416,living_room,
10296,38084,49416,office,
10297,38084,49416,clean_room,
10298,38084,49416,museum/indoor,
10299,38084,49416,dressing_room,
10300,38084,49440,dining_room,
10301,38084,49440,living_room,
10302,38084,49440,dining_hall,
10303,38084,49440,library/indoor,
10304,38084,49440,waiting_room,
10305,38084,49464,living_room,
10306,38084,49464,bow_window/indoor,
10307,38084,49464,dining_room,
10308,38084,49464,entrance_hall,
10309,38084,49464,museum/indoor,
10310,38084,49488,dressing_room,
10311,38084,49488,clean_room,
10312,38084,49488,beauty_salon,
10313,38084,49488,reception,
10314,38084,49488,office,
10315,38084,49512,dressing_room,
10316,38084,49512,office,
10317,38084,49512,reception,
10318,38084,49512,clean_room,
10319,38084,49512,archive,
10320,38084,49536,office,
10321,38084,49536,archive,
10322,38084,49536,clean_room,
10323,38084,49536,library/indoor,
10324,38084,49536,office_cubicles,
10325,38084,49560,dressing_room,
10326,38084,49560,clean_room,
10327,38084,49560,chemistry_lab,
10328,38084,49560,discotheque,
10329,38084,49560,nursing_home,
10330,38084,49584,dressing_room,
10331,38084,49584,clean_room,
10332,38084,49584,office,
10333,38084,49584,office_cubicles,
10334,38084,49584,nursing_home,
10335,38084,49608,dressing_room,
10336,38084,49608,clean_room,
10337,38084,49608,locker_room,
10338,38084,49608,shower,
10339,38084,49608,elevator/door,
10340,38084,49632,dressing_room,
10341,38084,49632,clean_room,
10342,38084,49632,locker_room,
10343,38084,49632,elevator/door,
10344,38084,49632,shower,
10345,38084,49656,clean_room,
10346,38084,49656,dressing_room,
10347,38084,49656,shower,
10348,38084,49656,museum/indoor,
10349,38084,49656,bathroom,
10350,38084,49680,clean_room,
10351,38084,49680,dressing_room,
10352,38084,49680,bathroom,
10353,38084,49680,shower,
10354,38084,49680,museum/indoor,
10355,38084,49704,clean_room,
10356,38084,49704,dressing_room,
10357,38084,49704,archive,
10358,38084,49704,museum/indoor,
10359,38084,49704,locker_room,
10360,38084,49728,clean_room,
10361,38084,49728,archive,
10362,38084,49728,museum/indoor,
10363,38084,49728,dressing_room,
10364,38084,49728,locker_room,
10365,38084,49752,clean_room,
10366,38084,49752,dressing_room,
10367,38084,49752,museum/indoor,
10368,38084,49752,archive,
10369,38084,49752,locker_room,
10370,38084,49776,clean_room,
10371,38084,49776,dressing_room,
10372,38084,49776,museum/indoor,
10373,38084,49776,archive,
10374,38084,49776,office,
10375,38084,49800,archive,
10376,38084,49800,museum/indoor,
10377,38084,49800,clean_room,
10378,38084,49800,dressing_room,
10379,38084,49800,art_gallery,
10380,38084,49824,clean_room,
10381,38084,49824,museum/indoor,
10382,38084,49824,dressing_room,
10383,38084,49824,archive,
10384,38084,49824,art_gallery,
10385,38084,49848,clean_room,
10386,38084,49848,museum/indoor,
10387,38084,49848,dressing_room,
10388,38084,49848,archive,
10389,38084,49848,art_gallery,
10390,38084,49872,clean_room,
10391,38084,49872,museum/indoor,
10392,38084,49872,dressing_room,
10393,38084,49872,archive,
10394,38084,49872,art_gallery,
10395,38084,49896,clean_room,
10396,38084,49896,dressing_room,
10397,38084,49896,locker_room,
10398,38084,49896,museum/indoor,
10399,38084,49896,archive,
10400,38084,49920,dressing_room,
10401,38084,49920,clean_room,
10402,38084,49920,bathroom,
10403,38084,49920,jewelry_shop,
10404,38084,49920,museum/indoor,
10405,38084,49944,bathroom,
10406,38084,49944,elevator/door,
10407,38084,49944,clean_room,
10408,38084,49944,shower,
10409,38084,49944,bank_vault,
10410,38084,49968,clean_room,
10411,38084,49968,beauty_salon,
10412,38084,49968,chemistry_lab,
10413,38084,49968,dressing_room,
10414,38084,49968,biology_laboratory,
10415,38084,49992,dressing_room,
10416,38084,49992,clean_room,
10417,38084,49992,archive,
10418,38084,49992,library/indoor,
10419,38084,49992,living_room,
10420,38084,50016,dressing_room,
10421,38084,50016,clean_room,
10422,38084,50016,archive,
10423,38084,50016,beauty_salon,
10424,38084,50016,bow_window/indoor,
10425,38084,50040,dressing_room,
10426,38084,50040,bow_window/indoor,
10427,38084,50040,living_room,
10428,38084,50040,beauty_salon,
10429,38084,50040,clean_room,
10430,38084,50064,bow_window/indoor,
10431,38084,50064,living_room,
10432,38084,50064,library/indoor,
10433,38084,50064,archive,
10434,38084,50064,dressing_room,
10435,38084,50088,bow_window/indoor,
10436,38084,50088,living_room,
10437,38084,50088,library/indoor,
10438,38084,50088,archive,
10439,38084,50088,dining_room,
10440,38084,50112,clean_room,
10441,38084,50112,archive,
10442,38084,50112,library/indoor,
10443,38084,50112,chemistry_lab,
10444,38084,50112,office,
10445,38084,50136,clean_room,
10446,38084,50136,archive,
10447,38084,50136,dressing_room,
10448,38084,50136,bow_window/indoor,
10449,38084,50136,library/indoor,
10450,38084,50160,dressing_room,
10451,38084,50160,clean_room,
10452,38084,50160,archive,
10453,38084,50160,nursery,
10454,38084,50160,clothing_store,
10455,38084,50184,clean_room,
10456,38084,50184,archive,
10457,38084,50184,dressing_room,
10458,38084,50184,nursery,
10459,38084,50184,chemistry_lab,
10460,38084,50208,clean_room,
10461,38084,50208,dressing_room,
10462,38084,50208,biology_laboratory,
10463,38084,50208,beauty_salon,
10464,38084,50208,archive,
10465,38084,50232,clean_room,
10466,38084,50232,dressing_room,
10467,38084,50232,clothing_store,
10468,38084,50232,nursery,
10469,38084,50232,archive,
10470,38084,50256,clean_room,
10471,38084,50256,dressing_room,
10472,38084,50256,beauty_salon,
10473,38084,50256,living_room,
10474,38084,50256,hospital_room,
10475,38084,50280,living_room,
10476,38084,50280,bow_window/indoor,
10477,38084,50280,library/indoor,
10478,38084,50280,waiting_room,
10479,38084,50280,clean_room,
10480,38084,50304,living_room,
10481,38084,50304,dressing_room,
10482,38084,50304,dining_room,
10483,38084,50304,beauty_salon,
10484,38084,50304,office,
10485,38084,50328,clean_room,
10486,38084,50328,dressing_room,
10487,38084,50328,operating_room,
10488,38084,50328,living_room,
10489,38084,50328,hospital_room,
10490,38084,50352,clean_room,
10491,38084,50352,living_room,
10492,38084,50352,archive,
10493,38084,50352,bow_window/indoor,
10494,38084,50352,dining_room,
10495,38084,50376,living_room,
10496,38084,50376,dining_room,
10497,38084,50376,bow_window/indoor,
10498,38084,50376,clean_room,
10499,38084,50376,library/indoor,
10500,38084,50400,bow_window/indoor,
10501,38084,50400,living_room,
10502,38084,50400,waiting_room,
10503,38084,50400,dining_room,
10504,38084,50400,library/indoor,
10505,38084,50424,living_room,
10506,38084,50424,bow_window/indoor,
10507,38084,50424,waiting_room,
10508,38084,50424,dining_room,
10509,38084,50424,library/indoor,
10510,38084,50448,bow_window/indoor,
10511,38084,50448,living_room,
10512,38084,50448,waiting_room,
10513,38084,50448,dining_room,
10514,38084,50448,library/indoor,
10515,38084,50472,living_room,
10516,38084,50472,archive,
10517,38084,50472,clean_room,
10518,38084,50472,bow_window/indoor,
10519,38084,50472,computer_room,
10520,38084,50496,dining_room,
10521,38084,50496,clean_room,
10522,38084,50496,bow_window/indoor,
10523,38084,50496,living_room,
10524,38084,50496,archive,
10525,38084,50520,classroom,
10526,38084,50520,archive,
10527,38084,50520,chemistry_lab,
10528,38084,50520,clean_room,
10529,38084,50520,computer_room,
10530,38084,50544,clean_room,
10531,38084,50544,chemistry_lab,
10532,38084,50544,archive,
10533,38084,50544,hospital_room,
10534,38084,50544,computer_room,
10535,38084,50568,clean_room,
10536,38084,50568,archive,
10537,38084,50568,dressing_room,
10538,38084,50568,office,
10539,38084,50568,nursing_home,
10540,38084,50592,clean_room,
10541,38084,50592,archive,
10542,38084,50592,dressing_room,
10543,38084,50592,nursery,
10544,38084,50592,hospital_room,
10545,38084,50616,archive,
10546,38084,50616,clean_room,
10547,38084,50616,nursery,
10548,38084,50616,dressing_room,
10549,38084,50616,kindergarden_classroom,
10550,38084,50640,clean_room,
10551,38084,50640,archive,
10552,38084,50640,nursery,
10553,38084,50640,hospital_room,
10554,38084,50640,dressing_room,
10555,38084,50664,archive,
10556,38084,50664,clean_room,
10557,38084,50664,nursery,
10558,38084,50664,library/indoor,
10559,38084,50664,hospital_room,
10560,38084,50688,archive,
10561,38084,50688,nursery,
10562,38084,50688,clean_room,
10563,38084,50688,living_room,
10564,38084,50688,bow_window/indoor,
10565,38084,50712,archive,
10566,38084,50712,clean_room,
10567,38084,50712,hospital_room,
10568,38084,50712,bow_window/indoor,
10569,38084,50712,living_room,
10570,38084,50736,clean_room,
10571,38084,50736,hospital_room,
10572,38084,50736,archive,
10573,38084,50736,nursery,
10574,38084,50736,bow_window/indoor,
10575,38084,50760,clean_room,
10576,38084,50760,hospital_room,
10577,38084,50760,living_room,
10578,38084,50760,bedroom,
10579,38084,50760,archive,
10580,38084,50784,living_room,
10581,38084,50784,archive,
10582,38084,50784,hospital_room,
10583,38084,50784,nursery,
10584,38084,50784,bedroom,
10585,38084,50808,living_room,
10586,38084,50808,clean_room,
10587,38084,50808,nursery,
10588,38084,50808,hospital_room,
10589,38084,50808,archive,
10590,38084,50832,living_room,
10591,38084,50832,hospital_room,
10592,38084,50832,clean_room,
10593,38084,50832,archive,
10594,38084,50832,nursery,
10595,38084,50856,living_room,
10596,38084,50856,bedroom,
10597,38084,50856,hospital_room,
10598,38084,50856,archive,
10599,38084,50856,nursery,
10600,38084,50880,archive,
10601,38084,50880,living_room,
10602,38084,50880,hospital_room,
10603,38084,50880,waiting_room,
10604,38084,50880,clean_room,
10605,38084,50904,archive,
10606,38084,50904,clean_room,
10607,38084,50904,library/indoor,
10608,38084,50904,hospital_room,
10609,38084,50904,office,
10610,38084,50928,archive,
10611,38084,50928,clean_room,
10612,38084,50928,nursery,
10613,38084,50928,dressing_room,
10614,38084,50928,hospital_room,
10615,38084,50952,archive,
10616,38084,50952,clean_room,
10617,38084,50952,nursery,
10618,38084,50952,dressing_room,
10619,38084,50952,hospital_room,
10620,38084,50976,archive,
10621,38084,50976,clean_room,
10622,38084,50976,nursery,
10623,38084,50976,dressing_room,
10624,38084,50976,hospital_room,
10625,38084,51000,archive,
10626,38084,51000,nursery,
10627,38084,51000,dressing_room,
10628,38084,51000,clean_room,
10629,38084,51000,locker_room,
10630,38084,51024,archive,
10631,38084,51024,clean_room,
10632,38084,51024,nursing_home,
10633,38084,51024,hospital_room,
10634,38084,51024,nursery,
10635,38084,51048,living_room,
10636,38084,51048,bow_window/indoor,
10637,38084,51048,dining_room,
10638,38084,51048,waiting_room,
10639,38084,51048,hospital_room,
10640,38084,51072,lecture_room,
10641,38084,51072,classroom,
10642,38084,51072,waiting_room,
10643,38084,51072,living_room,
10644,38084,51072,chemistry_lab,
10645,38084,51096,dressing_room,
10646,38084,51096,clean_room,
10647,38084,51096,beauty_salon,
10648,38084,51096,shower,
10649,38084,51096,hospital_room,
10650,38084,51120,shower,
10651,38084,51120,clean_room,
10652,38084,51120,natural_history_museum,
10653,38084,51120,museum/indoor,
10654,38084,51120,art_gallery,
10655,38084,51144,shower,
10656,38084,51144,dressing_room,
10657,38084,51144,bathroom,
10658,38084,51144,clean_room,
10659,38084,51144,beauty_salon,
10660,38084,51168,clean_room,
10661,38084,51168,shower,
10662,38084,51168,bathroom,
10663,38084,51168,dressing_room,
10664,38084,51168,locker_room,
10665,38084,51192,dining_room,
10666,38084,51192,clean_room,
10667,38084,51192,beauty_salon,
10668,38084,51192,dressing_room,
10669,38084,51192,operating_room,
10670,38084,51216,clean_room,
10671,38084,51216,dressing_room,
10672,38084,51216,operating_room,
10673,38084,51216,beauty_salon,
10674,38084,51216,hospital_room,
10675,38084,51240,clean_room,
10676,38084,51240,dressing_room,
10677,38084,51240,beauty_salon,
10678,38084,51240,operating_room,
10679,38084,51240,hospital_room,
10680,38084,51264,clean_room,
10681,38084,51264,operating_room,
10682,38084,51264,dressing_room,
10683,38084,51264,hospital_room,
10684,38084,51264,locker_room,
10685,38084,51288,clean_room,
10686,38084,51288,nursing_home,
10687,38084,51288,dressing_room,
10688,38084,51288,operating_room,
10689,38084,51288,hospital_room,
10690,38084,51312,clean_room,
10691,38084,51312,nursing_home,
10692,38084,51312,operating_room,
10693,38084,51312,hospital_room,
10694,38084,51312,dressing_room,
10695,38084,51336,clean_room,
10696,38084,51336,operating_room,
10697,38084,51336,nursing_home,
10698,38084,51336,hospital_room,
10699,38084,51336,dressing_room,
10700,38084,51360,clean_room,
10701,38084,51360,operating_room,
10702,38084,51360,nursing_home,
10703,38084,51360,hospital_room,
10704,38084,51360,dressing_room,
10705,38084,51384,clean_room,
10706,38084,51384,archive,
10707,38084,51384,nursing_home,
10708,38084,51384,dressing_room,
10709,38084,51384,operating_room,
10710,38084,51408,clean_room,
10711,38084,51408,operating_room,
10712,38084,51408,nursing_home,
10713,38084,51408,hospital_room,
10714,38084,51408,archive,
10715,38084,51432,clean_room,
10716,38084,51432,operating_room,
10717,38084,51432,nursing_home,
10718,38084,51432,hospital_room,
10719,38084,51432,archive,
10720,38084,51456,clean_room,
10721,38084,51456,operating_room,
10722,38084,51456,hospital_room,
10723,38084,51456,nursing_home,
10724,38084,51456,archive,
10725,38084,51480,clean_room,
10726,38084,51480,operating_room,
10727,38084,51480,hospital_room,
10728,38084,51480,dressing_room,
10729,38084,51480,nursing_home,
10730,38084,51504,clean_room,
10731,38084,51504,operating_room,
10732,38084,51504,nursing_home,
10733,38084,51504,hospital_room,
10734,38084,51504,archive,
10735,38084,51528,clean_room,
10736,38084,51528,operating_room,
10737,38084,51528,physics_laboratory,
10738,38084,51528,chemistry_lab,
10739,38084,51528,hospital_room,
10740,38084,51552,clean_room,
10741,38084,51552,operating_room,
10742,38084,51552,hospital_room,
10743,38084,51552,nursing_home,
10744,38084,51552,physics_laboratory,
10745,38084,51576,clean_room,
10746,38084,51576,operating_room,
10747,38084,51576,nursing_home,
10748,38084,51576,physics_laboratory,
10749,38084,51576,archive,
10750,38084,51600,clean_room,
10751,38084,51600,operating_room,
10752,38084,51600,archive,
10753,38084,51600,music_studio,
10754,38084,51600,physics_laboratory,
10755,38084,51624,clean_room,
10756,38084,51624,operating_room,
10757,38084,51624,archive,
10758,38084,51624,hospital_room,
10759,38084,51624,nursing_home,
10760,38084,51648,clean_room,
10761,38084,51648,operating_room,
10762,38084,51648,hospital_room,
10763,38084,51648,museum/indoor,
10764,38084,51648,archive,
10765,38084,51672,clean_room,
10766,38084,51672,operating_room,
10767,38084,51672,hospital_room,
10768,38084,51672,nursing_home,
10769,38084,51672,archive,
10770,38084,51696,clean_room,
10771,38084,51696,operating_room,
10772,38084,51696,nursing_home,
10773,38084,51696,hospital_room,
10774,38084,51696,chemistry_lab,
10775,38084,51720,clean_room,
10776,38084,51720,dressing_room,
10777,38084,51720,entrance_hall,
10778,38084,51720,museum/indoor,
10779,38084,51720,operating_room,
10780,38084,51744,clean_room,
10781,38084,51744,operating_room,
10782,38084,51744,restaurant_kitchen,
10783,38084,51744,kitchen,
10784,38084,51744,chemistry_lab,
10785,38084,51768,clean_room,
10786,38084,51768,chemistry_lab,
10787,38084,51768,dressing_room,
10788,38084,51768,operating_room,
10789,38084,51768,archive,
10790,38084,51792,clean_room,
10791,38084,51792,dining_room,
10792,38084,51792,chemistry_lab,
10793,38084,51792,conference_room,
10794,38084,51792,biology_laboratory,
10795,38084,51816,clean_room,
10796,38084,51816,archive,
10797,38084,51816,physics_laboratory,
10798,38084,51816,chemistry_lab,
10799,38084,51816,biology_laboratory,
10800,38084,51840,clean_room,
10801,38084,51840,beauty_salon,
10802,38084,51840,office,
10803,38084,51840,operating_room,
10804,38084,51840,dining_room,
10805,38084,51864,clean_room,
10806,38084,51864,beauty_salon,
10807,38084,51864,operating_room,
10808,38084,51864,music_studio,
10809,38084,51864,archive,
10810,38084,51888,clean_room,
10811,38084,51888,operating_room,
10812,38084,51888,beauty_salon,
10813,38084,51888,music_studio,
10814,38084,51888,physics_laboratory,
10815,38084,51912,clean_room,
10816,38084,51912,operating_room,
10817,38084,51912,beauty_salon,
10818,38084,51912,physics_laboratory,
10819,38084,51912,hospital_room,
10820,38084,51936,clean_room,
10821,38084,51936,operating_room,
10822,38084,51936,beauty_salon,
10823,38084,51936,physics_laboratory,
10824,38084,51936,archive,
10825,38084,51960,clean_room,
10826,38084,51960,archive,
10827,38084,51960,physics_laboratory,
10828,38084,51960,chemistry_lab,
10829,38084,51960,biology_laboratory,
10830,38084,51984,clean_room,
10831,38084,51984,archive,
10832,38084,51984,physics_laboratory,
10833,38084,51984,chemistry_lab,
10834,38084,51984,biology_laboratory,
10835,38084,52008,clean_room,
10836,38084,52008,archive,
10837,38084,52008,physics_laboratory,
10838,38084,52008,chemistry_lab,
10839,38084,52008,biology_laboratory,
10840,38084,52032,clean_room,
10841,38084,52032,archive,
10842,38084,52032,physics_laboratory,
10843,38084,52032,chemistry_lab,
10844,38084,52032,operating_room,
10845,38084,52056,clean_room,
10846,38084,52056,archive,
10847,38084,52056,physics_laboratory,
10848,38084,52056,chemistry_lab,
10849,38084,52056,operating_room,
10850,38084,52080,clean_room,
10851,38084,52080,locker_room,
10852,38084,52080,dressing_room,
10853,38084,52080,elevator/door,
10854,38084,52080,closet,
10855,38084,52104,clean_room,
10856,38084,52104,dressing_room,
10857,38084,52104,elevator/door,
10858,38084,52104,locker_room,
10859,38084,52104,martial_arts_gym,
10860,38084,52128,clean_room,
10861,38084,52128,dressing_room,
10862,38084,52128,chemistry_lab,
10863,38084,52128,operating_room,
10864,38084,52128,museum/indoor,
10865,38084,52152,museum/indoor,
10866,38084,52152,clean_room,
10867,38084,52152,igloo,
10868,38084,52152,jail_cell,
10869,38084,52152,shower,
10870,38084,52176,museum/indoor,
10871,38084,52176,clean_room,
10872,38084,52176,natural_history_museum,
10873,38084,52176,shower,
10874,38084,52176,science_museum,
10875,38084,52200,clean_room,
10876,38084,52200,dressing_room,
10877,38084,52200,hospital_room,
10878,38084,52200,nursery,
10879,38084,52200,chemistry_lab,
10880,38084,52224,bow_window/indoor,
10881,38084,52224,living_room,
10882,38084,52224,dining_room,
10883,38084,52224,nursery,
10884,38084,52224,waiting_room,
10885,38084,52248,clean_room,
10886,38084,52248,nursery,
10887,38084,52248,waiting_room,
10888,38084,52248,living_room,
10889,38084,52248,hospital_room,
10890,38084,52272,living_room,
10891,38084,52272,nursery,
10892,38084,52272,waiting_room,
10893,38084,52272,clean_room,
10894,38084,52272,bow_window/indoor,
10895,38084,52296,nursery,
10896,38084,52296,living_room,
10897,38084,52296,waiting_room,
10898,38084,52296,hospital_room,
10899,38084,52296,clean_room,
10900,38084,52320,nursery,
10901,38084,52320,waiting_room,
10902,38084,52320,hospital_room,
10903,38084,52320,living_room,
10904,38084,52320,clean_room,
10905,38084,52344,nursery,
10906,38084,52344,clean_room,
10907,38084,52344,waiting_room,
10908,38084,52344,hospital_room,
10909,38084,52344,living_room,
10910,38084,52368,nursery,
10911,38084,52368,clean_room,
10912,38084,52368,hospital_room,
10913,38084,52368,waiting_room,
10914,38084,52368,living_room,
10915,38084,52392,clean_room,
10916,38084,52392,nursery,
10917,38084,52392,waiting_room,
10918,38084,52392,hospital_room,
10919,38084,52392,living_room,
10920,38084,52416,nursery,
10921,38084,52416,clean_room,
10922,38084,52416,hospital_room,
10923,38084,52416,waiting_room,
10924,38084,52416,operating_room,
10925,38084,52440,clean_room,
10926,38084,52440,hospital_room,
10927,38084,52440,nursery,
10928,38084,52440,waiting_room,
10929,38084,52440,operating_room,
10930,38084,52464,clean_room,
10931,38084,52464,hospital_room,
10932,38084,52464,nursery,
10933,38084,52464,waiting_room,
10934,38084,52464,operating_room,
10935,38084,52488,nursery,
10936,38084,52488,clean_room,
10937,38084,52488,hospital_room,
10938,38084,52488,waiting_room,
10939,38084,52488,operating_room,
10940,38084,52512,nursery,
10941,38084,52512,clean_room,
10942,38084,52512,hospital_room,
10943,38084,52512,waiting_room,
10944,38084,52512,operating_room,
10945,38084,52536,nursery,
10946,38084,52536,clean_room,
10947,38084,52536,hospital_room,
10948,38084,52536,waiting_room,
10949,38084,52536,operating_room,
10950,38084,52560,nursery,
10951,38084,52560,hospital_room,
10952,38084,52560,clean_room,
10953,38084,52560,waiting_room,
10954,38084,52560,operating_room,
10955,38084,52584,nursery,
10956,38084,52584,hospital_room,
10957,38084,52584,clean_room,
10958,38084,52584,waiting_room,
10959,38084,52584,living_room,
10960,38084,52608,nursery,
10961,38084,52608,clean_room,
10962,38084,52608,hospital_room,
10963,38084,52608,waiting_room,
10964,38084,52608,living_room,
10965,38084,52632,nursery,
10966,38084,52632,clean_room,
10967,38084,52632,hospital_room,
10968,38084,52632,waiting_room,
10969,38084,52632,living_room,
10970,38084,52656,nursery,
10971,38084,52656,clean_room,
10972,38084,52656,hospital_room,
10973,38084,52656,waiting_room,
10974,38084,52656,living_room,
10975,38084,52680,nursery,
10976,38084,52680,clean_room,
10977,38084,52680,hospital_room,
10978,38084,52680,waiting_room,
10979,38084,52680,living_room,
10980,38084,52704,nursery,
10981,38084,52704,clean_room,
10982,38084,52704,hospital_room,
10983,38084,52704,waiting_room,
10984,38084,52704,living_room,
10985,38084,52728,nursery,
10986,38084,52728,clean_room,
10987,38084,52728,hospital_room,
10988,38084,52728,waiting_room,
10989,38084,52728,living_room,
10990,38084,52752,nursery,
10991,38084,52752,clean_room,
10992,38084,52752,hospital_room,
10993,38084,52752,waiting_room,
10994,38084,52752,living_room,
10995,38084,52776,shower,
10996,38084,52776,dressing_room,
10997,38084,52776,museum/indoor,
10998,38084,52776,bathroom,
10999,38084,52776,sauna,
11000,38084,52800,shower,
11001,38084,52800,dressing_room,
11002,38084,52800,museum/indoor,
11003,38084,52800,bathroom,
11004,38084,52800,elevator/door,
11005,38084,52824,shower,
11006,38084,52824,dressing_room,
11007,38084,52824,museum/indoor,
11008,38084,52824,bathroom,
11009,38084,52824,art_gallery,
11010,38084,52848,shower,
11011,38084,52848,museum/indoor,
11012,38084,52848,dressing_room,
11013,38084,52848,bathroom,
11014,38084,52848,art_gallery,
11015,38084,52872,shower,
11016,38084,52872,dressing_room,
11017,38084,52872,museum/indoor,
11018,38084,52872,bathroom,
11019,38084,52872,art_gallery,
11020,38084,52896,dressing_room,
11021,38084,52896,shower,
11022,38084,52896,museum/indoor,
11023,38084,52896,locker_room,
11024,38084,52896,clean_room,
11025,38084,52920,bow_window/indoor,
11026,38084,52920,shower,
11027,38084,52920,bamboo_forest,
11028,38084,52920,forest/broadleaf,
11029,38084,52920,rainforest,
11030,38084,52944,museum/indoor,
11031,38084,52944,clean_room,
11032,38084,52944,bow_window/indoor,
11033,38084,52944,chemistry_lab,
11034,38084,52944,science_museum,
11035,38084,52968,clean_room,
11036,38084,52968,chemistry_lab,
11037,38084,52968,dressing_room,
11038,38084,52968,shower,
11039,38084,52968,museum/indoor,
11040,38084,52992,dressing_room,
11041,38084,52992,beauty_salon,
11042,38084,52992,airplane_cabin,
11043,38084,52992,clean_room,
11044,38084,52992,hotel_room,
11045,38084,53016,dressing_room,
11046,38084,53016,museum/indoor,
11047,38084,53016,shower,
11048,38084,53016,clean_room,
11049,38084,53016,beauty_salon,
11050,38084,53040,airplane_cabin,
11051,38084,53040,dressing_room,
11052,38084,53040,museum/indoor,
11053,38084,53040,clean_room,
11054,38084,53040,living_room,
11055,38084,53064,airplane_cabin,
11056,38084,53064,dressing_room,
11057,38084,53064,clean_room,
11058,38084,53064,museum/indoor,
11059,38084,53064,bathroom,
11060,38084,53088,airplane_cabin,
11061,38084,53088,museum/indoor,
11062,38084,53088,clean_room,
11063,38084,53088,dressing_room,
11064,38084,53088,art_gallery,
11065,38084,53112,clean_room,
11066,38084,53112,operating_room,
11067,38084,53112,hospital_room,
11068,38084,53112,museum/indoor,
11069,38084,53112,airplane_cabin,
11070,38084,53136,music_studio,
11071,38084,53136,chemistry_lab,
11072,38084,53136,clean_room,
11073,38084,53136,stage/indoor,
11074,38084,53136,jewelry_shop,
11075,38084,53160,stage/indoor,
11076,38084,53160,music_studio,
11077,38084,53160,classroom,
11078,38084,53160,chemistry_lab,
11079,38084,53160,bar,
11080,38084,53184,music_studio,
11081,38084,53184,stage/indoor,
11082,38084,53184,classroom,
11083,38084,53184,chemistry_lab,
11084,38084,53184,museum/indoor,
11085,38084,53208,music_studio,
11086,38084,53208,stage/indoor,
11087,38084,53208,classroom,
11088,38084,53208,chemistry_lab,
11089,38084,53208,bar,
11090,38084,53232,stage/indoor,
11091,38084,53232,music_studio,
11092,38084,53232,classroom,
11093,38084,53232,museum/indoor,
11094,38084,53232,clean_room,
11095,38084,53256,classroom,
11096,38084,53256,museum/indoor,
11097,38084,53256,stage/indoor,
11098,38084,53256,archive,
11099,38084,53256,chemistry_lab,
11100,38084,53280,classroom,
11101,38084,53280,museum/indoor,
11102,38084,53280,music_studio,
11103,38084,53280,archive,
11104,38084,53280,stage/indoor,
11105,38084,53304,stage/indoor,
11106,38084,53304,classroom,
11107,38084,53304,clean_room,
11108,38084,53304,chemistry_lab,
11109,38084,53304,music_studio,
11110,38084,53328,stage/indoor,
11111,38084,53328,museum/indoor,
11112,38084,53328,archive,
11113,38084,53328,music_studio,
11114,38084,53328,clean_room,
11115,38084,53352,chemistry_lab,
11116,38084,53352,music_studio,
11117,38084,53352,clean_room,
11118,38084,53352,biology_laboratory,
11119,38084,53352,stage/indoor,
11120,38084,53376,discotheque,
11121,38084,53376,bar,
11122,38084,53376,stage/indoor,
11123,38084,53376,chemistry_lab,
11124,38084,53376,music_studio,
11125,38084,53400,discotheque,
11126,38084,53400,classroom,
11127,38084,53400,stage/indoor,
11128,38084,53400,chemistry_lab,
11129,38084,53400,music_studio,
11130,38084,53424,music_studio,
11131,38084,53424,stage/indoor,
11132,38084,53424,television_studio,
11133,38084,53424,clean_room,
11134,38084,53424,discotheque,
11135,38084,53448,discotheque,
11136,38084,53448,music_studio,
11137,38084,53448,stage/indoor,
11138,38084,53448,science_museum,
11139,38084,53448,television_studio,
11140,38084,53472,music_studio,
11141,38084,53472,discotheque,
11142,38084,53472,science_museum,
11143,38084,53472,stage/indoor,
11144,38084,53472,museum/indoor,
11145,38084,53496,music_studio,
11146,38084,53496,discotheque,
11147,38084,53496,science_museum,
11148,38084,53496,stage/indoor,
11149,38084,53496,archive,
11150,38084,53520,discotheque,
11151,38084,53520,music_studio,
11152,38084,53520,stage/indoor,
11153,38084,53520,bar,
11154,38084,53520,orchestra_pit,
11155,38084,53544,discotheque,
11156,38084,53544,music_studio,
11157,38084,53544,stage/indoor,
11158,38084,53544,bar,
11159,38084,53544,conference_center,
11160,38084,53568,music_studio,
11161,38084,53568,discotheque,
11162,38084,53568,archive,
11163,38084,53568,stage/indoor,
11164,38084,53568,chemistry_lab,
11165,38084,53592,music_studio,
11166,38084,53592,discotheque,
11167,38084,53592,science_museum,
11168,38084,53592,archive,
11169,38084,53592,stage/indoor,
11170,38084,53616,music_studio,
11171,38084,53616,discotheque,
11172,38084,53616,stage/indoor,
11173,38084,53616,science_museum,
11174,38084,53616,archive,
11175,38084,53640,music_studio,
11176,38084,53640,discotheque,
11177,38084,53640,science_museum,
11178,38084,53640,archive,
11179,38084,53640,clean_room,
11180,38084,53664,music_studio,
11181,38084,53664,science_museum,
11182,38084,53664,chemistry_lab,
11183,38084,53664,discotheque,
11184,38084,53664,biology_laboratory,
11185,38084,53688,discotheque,
11186,38084,53688,chemistry_lab,
11187,38084,53688,biology_laboratory,
11188,38084,53688,music_studio,
11189,38084,53688,office,
11190,38084,53712,chemistry_lab,
11191,38084,53712,discotheque,
11192,38084,53712,biology_laboratory,
11193,38084,53712,office,
11194,38084,53712,music_studio,
11195,38084,53736,discotheque,
11196,38084,53736,chemistry_lab,
11197,38084,53736,biology_laboratory,
11198,38084,53736,music_studio,
11199,38084,53736,science_museum,
11200,38084,53760,discotheque,
11201,38084,53760,chemistry_lab,
11202,38084,53760,biology_laboratory,
11203,38084,53760,dressing_room,
11204,38084,53760,music_studio,
11205,38084,53784,discotheque,
11206,38084,53784,stage/indoor,
11207,38084,53784,music_studio,
11208,38084,53784,ballroom,
11209,38084,53784,bar,
11210,38084,53808,discotheque,
11211,38084,53808,stage/indoor,
11212,38084,53808,music_studio,
11213,38084,53808,dressing_room,
11214,38084,53808,shower,
11215,38084,53832,discotheque,
11216,38084,53832,stage/indoor,
11217,38084,53832,music_studio,
11218,38084,53832,shower,
11219,38084,53832,bar,
11220,38084,53856,discotheque,
11221,38084,53856,stage/indoor,
11222,38084,53856,music_studio,
11223,38084,53856,shower,
11224,38084,53856,dressing_room,
11225,38084,53880,discotheque,
11226,38084,53880,stage/indoor,
11227,38084,53880,music_studio,
11228,38084,53880,ballroom,
11229,38084,53880,dressing_room,
11230,38084,53904,discotheque,
11231,38084,53904,stage/indoor,
11232,38084,53904,dressing_room,
11233,38084,53904,shower,
11234,38084,53904,music_studio,
11235,38084,53928,discotheque,
11236,38084,53928,stage/indoor,
11237,38084,53928,music_studio,
11238,38084,53928,ballroom,
11239,38084,53928,shower,
11240,38084,53952,music_studio,
11241,38084,53952,television_studio,
11242,38084,53952,stage/indoor,
11243,38084,53952,bar,
11244,38084,53952,conference_center,
11245,38084,53976,museum/indoor,
11246,38084,53976,stage/indoor,
11247,38084,53976,music_studio,
11248,38084,53976,television_studio,
11249,38084,53976,classroom,
11250,38084,54000,chemistry_lab,
11251,38084,54000,museum/indoor,
11252,38084,54000,clean_room,
11253,38084,54000,dressing_room,
11254,38084,54000,stage/indoor,
11255,38084,54024,dressing_room,
11256,38084,54024,clean_room,
11257,38084,54024,shower,
11258,38084,54024,reception,
11259,38084,54024,bathroom,
11260,38084,54048,dressing_room,
11261,38084,54048,shower,
11262,38084,54048,bathroom,
11263,38084,54048,clean_room,
11264,38084,54048,beauty_salon,
11265,38084,54072,dressing_room,
11266,38084,54072,jewelry_shop,
11267,38084,54072,shower,
11268,38084,54072,bow_window/indoor,
11269,38084,54072,beauty_salon,
11270,38084,54096,jewelry_shop,
11271,38084,54096,beauty_salon,
11272,38084,54096,shower,
11273,38084,54096,clean_room,
11274,38084,54096,bathroom,
11275,38084,54120,jewelry_shop,
11276,38084,54120,museum/indoor,
11277,38084,54120,art_studio,
11278,38084,54120,office,
11279,38084,54120,beauty_salon,
11280,38084,54144,dressing_room,
11281,38084,54144,shower,
11282,38084,54144,beauty_salon,
11283,38084,54144,bathroom,
11284,38084,54144,art_studio,
11285,38084,54168,artists_loft,
11286,38084,54168,jewelry_shop,
11287,38084,54168,museum/indoor,
11288,38084,54168,dressing_room,
11289,38084,54168,shower,
11290,38084,54192,bow_window/indoor,
11291,38084,54192,shower,
11292,38084,54192,bathroom,
11293,38084,54192,clean_room,
11294,38084,54192,artists_loft,
11295,38084,54216,shower,
11296,38084,54216,dressing_room,
11297,38084,54216,bathroom,
11298,38084,54216,museum/indoor,
11299,38084,54216,clean_room,
11300,38084,54240,dressing_room,
11301,38084,54240,jewelry_shop,
11302,38084,54240,clothing_store,
11303,38084,54240,shower,
11304,38084,54240,artists_loft,
11305,38084,54264,jewelry_shop,
11306,38084,54264,shower,
11307,38084,54264,artists_loft,
11308,38084,54264,bow_window/indoor,
11309,38084,54264,bathroom,
11310,38084,54288,shower,
11311,38084,54288,reception,
11312,38084,54288,clean_room,
11313,38084,54288,bathroom,
11314,38084,54288,artists_loft,
11315,38084,54312,clean_room,
11316,38084,54312,hospital_room,
11317,38084,54312,operating_room,
11318,38084,54312,living_room,
11319,38084,54312,computer_room,
11320,38084,54336,clean_room,
11321,38084,54336,hospital_room,
11322,38084,54336,operating_room,
11323,38084,54336,computer_room,
11324,38084,54336,living_room,
11325,38084,54360,clean_room,
11326,38084,54360,hospital_room,
11327,38084,54360,living_room,
11328,38084,54360,operating_room,
11329,38084,54360,nursery,
11330,38084,54384,clean_room,
11331,38084,54384,hospital_room,
11332,38084,54384,living_room,
11333,38084,54384,nursery,
11334,38084,54384,operating_room,
11335,38084,54408,clean_room,
11336,38084,54408,living_room,
11337,38084,54408,hospital_room,
11338,38084,54408,operating_room,
11339,38084,54408,nursery,
11340,38084,54432,clean_room,
11341,38084,54432,hospital_room,
11342,38084,54432,operating_room,
11343,38084,54432,living_room,
11344,38084,54432,computer_room,
11345,38084,54456,clean_room,
11346,38084,54456,hospital_room,
11347,38084,54456,operating_room,
11348,38084,54456,nursery,
11349,38084,54456,living_room,
11350,38084,54480,clean_room,
11351,38084,54480,nursery,
11352,38084,54480,living_room,
11353,38084,54480,hospital_room,
11354,38084,54480,operating_room,
11355,38084,54504,clean_room,
11356,38084,54504,hospital_room,
11357,38084,54504,operating_room,
11358,38084,54504,living_room,
11359,38084,54504,nursery,
11360,38084,54528,clean_room,
11361,38084,54528,hospital_room,
11362,38084,54528,nursery,
11363,38084,54528,operating_room,
11364,38084,54528,living_room,
11365,38084,54552,clean_room,
11366,38084,54552,hospital_room,
11367,38084,54552,living_room,
11368,38084,54552,nursery,
11369,38084,54552,operating_room,
11370,38084,54576,clean_room,
11371,38084,54576,living_room,
11372,38084,54576,nursery,
11373,38084,54576,hospital_room,
11374,38084,54576,operating_room,
11375,38084,54600,clean_room,
11376,38084,54600,hospital_room,
11377,38084,54600,living_room,
11378,38084,54600,operating_room,
11379,38084,54600,nursery,
11380,38084,54624,clean_room,
11381,38084,54624,hospital_room,
11382,38084,54624,nursery,
11383,38084,54624,operating_room,
11384,38084,54624,living_room,
11385,38084,54648,clean_room,
11386,38084,54648,nursery,
11387,38084,54648,hospital_room,
11388,38084,54648,living_room,
11389,38084,54648,operating_room,
11390,38084,54672,clean_room,
11391,38084,54672,nursery,
11392,38084,54672,living_room,
11393,38084,54672,hospital_room,
11394,38084,54672,childs_room,
11395,38084,54696,clean_room,
11396,38084,54696,nursery,
11397,38084,54696,living_room,
11398,38084,54696,hospital_room,
11399,38084,54696,childs_room,
11400,38084,54720,clean_room,
11401,38084,54720,hospital_room,
11402,38084,54720,operating_room,
11403,38084,54720,living_room,
11404,38084,54720,nursery,
11405,38084,54744,clean_room,
11406,38084,54744,hospital_room,
11407,38084,54744,living_room,
11408,38084,54744,operating_room,
11409,38084,54744,nursery,
11410,38084,54768,clean_room,
11411,38084,54768,living_room,
11412,38084,54768,hospital_room,
11413,38084,54768,nursery,
11414,38084,54768,operating_room,
11415,38084,54792,clean_room,
11416,38084,54792,nursery,
11417,38084,54792,hospital_room,
11418,38084,54792,living_room,
11419,38084,54792,operating_room,
11420,38084,54816,clean_room,
11421,38084,54816,hospital_room,
11422,38084,54816,nursery,
11423,38084,54816,living_room,
11424,38084,54816,operating_room,
11425,38084,54840,clean_room,
11426,38084,54840,hospital_room,
11427,38084,54840,living_room,
11428,38084,54840,nursery,
11429,38084,54840,operating_room,
11430,38084,54864,clean_room,
11431,38084,54864,hospital_room,
11432,38084,54864,living_room,
11433,38084,54864,operating_room,
11434,38084,54864,nursery,
11435,38084,54888,clean_room,
11436,38084,54888,hospital_room,
11437,38084,54888,living_room,
11438,38084,54888,nursery,
11439,38084,54888,operating_room,
11440,38084,54912,clean_room,
11441,38084,54912,hospital_room,
11442,38084,54912,living_room,
11443,38084,54912,nursery,
11444,38084,54912,operating_room,
11445,38084,54936,clean_room,
11446,38084,54936,hospital_room,
11447,38084,54936,living_room,
11448,38084,54936,operating_room,
11449,38084,54936,nursery,
11450,38084,54960,clean_room,
11451,38084,54960,living_room,
11452,38084,54960,hospital_room,
11453,38084,54960,operating_room,
11454,38084,54960,nursery,
11455,38084,54984,clean_room,
11456,38084,54984,living_room,
11457,38084,54984,hospital_room,
11458,38084,54984,operating_room,
11459,38084,54984,nursery,
11460,38084,55008,clean_room,
11461,38084,55008,hospital_room,
11462,38084,55008,living_room,
11463,38084,55008,operating_room,
11464,38084,55008,nursery,
11465,38084,55032,clean_room,
11466,38084,55032,hospital_room,
11467,38084,55032,operating_room,
11468,38084,55032,living_room,
11469,38084,55032,computer_room,
11470,38084,55056,clean_room,
11471,38084,55056,hospital_room,
11472,38084,55056,operating_room,
11473,38084,55056,computer_room,
11474,38084,55056,living_room,
11475,38084,55080,clean_room,
11476,38084,55080,hospital_room,
11477,38084,55080,operating_room,
11478,38084,55080,living_room,
11479,38084,55080,archive,
11480,38084,55104,clean_room,
11481,38084,55104,living_room,
11482,38084,55104,hospital_room,
11483,38084,55104,operating_room,
11484,38084,55104,nursery,
11485,38084,55128,clean_room,
11486,38084,55128,hospital_room,
11487,38084,55128,living_room,
11488,38084,55128,operating_room,
11489,38084,55128,computer_room,
11490,38084,55152,clean_room,
11491,38084,55152,hospital_room,
11492,38084,55152,living_room,
11493,38084,55152,operating_room,
11494,38084,55152,computer_room,
11495,38084,55176,clean_room,
11496,38084,55176,hospital_room,
11497,38084,55176,living_room,
11498,38084,55176,operating_room,
11499,38084,55176,computer_room,
11500,38084,55200,clean_room,
11501,38084,55200,archive,
11502,38084,55200,computer_room,
11503,38084,55200,operating_room,
11504,38084,55200,office,
11505,38084,55224,clean_room,
11506,38084,55224,archive,
11507,38084,55224,computer_room,
11508,38084,55224,library/indoor,
11509,38084,55224,office,
11510,38084,55248,clean_room,
11511,38084,55248,archive,
11512,38084,55248,computer_room,
11513,38084,55248,office,
11514,38084,55248,library/indoor,
11515,38084,55272,clean_room,
11516,38084,55272,computer_room,
11517,38084,55272,archive,
11518,38084,55272,office,
11519,38084,55272,library/indoor,
11520,38084,55296,clean_room,
11521,38084,55296,computer_room,
11522,38084,55296,archive,
11523,38084,55296,office,
11524,38084,55296,office_cubicles,
11525,38084,55320,clean_room,
11526,38084,55320,archive,
11527,38084,55320,computer_room,
11528,38084,55320,office,
11529,38084,55320,library/indoor,
11530,38084,55344,clean_room,
11531,38084,55344,archive,
11532,38084,55344,office,
11533,38084,55344,nursing_home,
11534,38084,55344,computer_room,
11535,38084,55368,clean_room,
11536,38084,55368,archive,
11537,38084,55368,nursing_home,
11538,38084,55368,hospital_room,
11539,38084,55368,nursery,
11540,38084,55392,clean_room,
11541,38084,55392,nursery,
11542,38084,55392,waiting_room,
11543,38084,55392,computer_room,
11544,38084,55392,archive,
11545,38084,55416,clean_room,
11546,38084,55416,nursery,
11547,38084,55416,dining_room,
11548,38084,55416,archive,
11549,38084,55416,computer_room,
11550,38084,55440,clean_room,
11551,38084,55440,dining_room,
11552,38084,55440,archive,
11553,38084,55440,computer_room,
11554,38084,55440,office,
11555,38084,55464,clean_room,
11556,38084,55464,computer_room,
11557,38084,55464,archive,
11558,38084,55464,office,
11559,38084,55464,library/indoor,
11560,38084,55488,clean_room,
11561,38084,55488,computer_room,
11562,38084,55488,archive,
11563,38084,55488,office,
11564,38084,55488,library/indoor,
11565,38084,55512,clean_room,
11566,38084,55512,archive,
11567,38084,55512,computer_room,
11568,38084,55512,office,
11569,38084,55512,conference_room,
11570,38084,55536,clean_room,
11571,38084,55536,archive,
11572,38084,55536,computer_room,
11573,38084,55536,office,
11574,38084,55536,library/indoor,
11575,38084,55560,clean_room,
11576,38084,55560,locker_room,
11577,38084,55560,archive,
11578,38084,55560,jail_cell,
11579,38084,55560,hospital_room,
11580,38084,55584,clean_room,
11581,38084,55584,office,
11582,38084,55584,bow_window/indoor,
11583,38084,55584,living_room,
11584,38084,55584,hotel_room,
11585,38084,55608,clean_room,
11586,38084,55608,office,
11587,38084,55608,living_room,
11588,38084,55608,beauty_salon,
11589,38084,55608,home_office,
11590,38084,55632,clean_room,
11591,38084,55632,archive,
11592,38084,55632,dressing_room,
11593,38084,55632,office,
11594,38084,55632,beauty_salon,
11595,38084,55656,clean_room,
11596,38084,55656,office,
11597,38084,55656,dressing_room,
11598,38084,55656,bow_window/indoor,
11599,38084,55656,bathroom,
11600,38084,55680,clean_room,
11601,38084,55680,office,
11602,38084,55680,dressing_room,
11603,38084,55680,beauty_salon,
11604,38084,55680,bow_window/indoor,
11605,38084,55704,bow_window/indoor,
11606,38084,55704,dressing_room,
11607,38084,55704,clean_room,
11608,38084,55704,office,
11609,38084,55704,living_room,
11610,38084,55728,bow_window/indoor,
11611,38084,55728,office,
11612,38084,55728,clean_room,
11613,38084,55728,living_room,
11614,38084,55728,home_office,
11615,38084,55752,library/indoor,
11616,38084,55752,archive,
11617,38084,55752,office,
11618,38084,55752,clean_room,
11619,38084,55752,classroom,
11620,38084,55776,library/indoor,
11621,38084,55776,archive,
11622,38084,55776,office,
11623,38084,55776,office_cubicles,
11624,38084,55776,computer_room,
11625,38084,55800,clean_room,
11626,38084,55800,archive,
11627,38084,55800,classroom,
11628,38084,55800,dressing_room,
11629,38084,55800,chemistry_lab,
11630,38084,55824,archive,
11631,38084,55824,classroom,
11632,38084,55824,office,
11633,38084,55824,library/indoor,
11634,38084,55824,music_studio,
11635,38084,55848,archive,
11636,38084,55848,clean_room,
11637,38084,55848,dressing_room,
11638,38084,55848,classroom,
11639,38084,55848,biology_laboratory,
11640,38084,55872,office,
11641,38084,55872,archive,
11642,38084,55872,library/indoor,
11643,38084,55872,office_cubicles,
11644,38084,55872,chemistry_lab,
11645,38084,55896,archive,
11646,38084,55896,library/indoor,
11647,38084,55896,office,
11648,38084,55896,computer_room,
11649,38084,55896,bookstore,
11650,38084,55920,library/indoor,
11651,38084,55920,office,
11652,38084,55920,archive,
11653,38084,55920,reception,
11654,38084,55920,computer_room,
11655,38084,55944,office,
11656,38084,55944,archive,
11657,38084,55944,clean_room,
11658,38084,55944,reception,
11659,38084,55944,computer_room,
11660,38084,55968,office,
11661,38084,55968,archive,
11662,38084,55968,office_cubicles,
11663,38084,55968,reception,
11664,38084,55968,home_office,
11665,38084,55992,office,
11666,38084,55992,archive,
11667,38084,55992,office_cubicles,
11668,38084,55992,physics_laboratory,
11669,38084,55992,clean_room,
11670,38084,56016,archive,
11671,38084,56016,office,
11672,38084,56016,computer_room,
11673,38084,56016,biology_laboratory,
11674,38084,56016,chemistry_lab,
11675,38084,56040,archive,
11676,38084,56040,office,
11677,38084,56040,clean_room,
11678,38084,56040,physics_laboratory,
11679,38084,56040,computer_room,
11680,38084,56064,archive,
11681,38084,56064,office,
11682,38084,56064,clean_room,
11683,38084,56064,physics_laboratory,
11684,38084,56064,computer_room,
11685,38084,56088,archive,
11686,38084,56088,office,
11687,38084,56088,clean_room,
11688,38084,56088,physics_laboratory,
11689,38084,56088,office_cubicles,
11690,38084,56112,archive,
11691,38084,56112,office,
11692,38084,56112,clean_room,
11693,38084,56112,physics_laboratory,
11694,38084,56112,office_cubicles,
11695,38084,56136,archive,
11696,38084,56136,office,
11697,38084,56136,clean_room,
11698,38084,56136,physics_laboratory,
11699,38084,56136,office_cubicles,
11700,38084,56160,archive,
11701,38084,56160,office,
11702,38084,56160,clean_room,
11703,38084,56160,physics_laboratory,
11704,38084,56160,biology_laboratory,
11705,38084,56184,office,
11706,38084,56184,archive,
11707,38084,56184,computer_room,
11708,38084,56184,classroom,
11709,38084,56184,office_cubicles,
11710,38084,56208,office,
11711,38084,56208,archive,
11712,38084,56208,classroom,
11713,38084,56208,computer_room,
11714,38084,56208,office_cubicles,
11715,38084,56232,archive,
11716,38084,56232,office,
11717,38084,56232,physics_laboratory,
11718,38084,56232,computer_room,
11719,38084,56232,classroom,
11720,38084,56256,archive,
11721,38084,56256,office,
11722,38084,56256,library/indoor,
11723,38084,56256,physics_laboratory,
11724,38084,56256,classroom,
11725,38084,56280,archive,
11726,38084,56280,office,
11727,38084,56280,physics_laboratory,
11728,38084,56280,library/indoor,
11729,38084,56280,classroom,
11730,38084,56304,office,
11731,38084,56304,archive,
11732,38084,56304,dressing_room,
11733,38084,56304,physics_laboratory,
11734,38084,56304,bow_window/indoor,
11735,38084,56328,archive,
11736,38084,56328,clean_room,
11737,38084,56328,office,
11738,38084,56328,biology_laboratory,
11739,38084,56328,classroom,
11740,38084,56352,archive,
11741,38084,56352,clean_room,
11742,38084,56352,office,
11743,38084,56352,chemistry_lab,
11744,38084,56352,biology_laboratory,
11745,38084,56376,archive,
11746,38084,56376,office,
11747,38084,56376,clean_room,
11748,38084,56376,biology_laboratory,
11749,38084,56376,classroom,
11750,38084,56400,archive,
11751,38084,56400,clean_room,
11752,38084,56400,chemistry_lab,
11753,38084,56400,biology_laboratory,
11754,38084,56400,office,
11755,38084,56424,office,
11756,38084,56424,archive,
11757,38084,56424,chemistry_lab,
11758,38084,56424,biology_laboratory,
11759,38084,56424,classroom,
11760,38084,56448,office,
11761,38084,56448,dressing_room,
11762,38084,56448,jewelry_shop,
11763,38084,56448,museum/indoor,
11764,38084,56448,archive,
11765,38084,56472,dressing_room,
11766,38084,56472,office,
11767,38084,56472,jewelry_shop,
11768,38084,56472,archive,
11769,38084,56472,museum/indoor,
11770,38084,56496,dressing_room,
11771,38084,56496,museum/indoor,
11772,38084,56496,jewelry_shop,
11773,38084,56496,archive,
11774,38084,56496,nursery,
11775,38084,56520,living_room,
11776,38084,56520,dressing_room,
11777,38084,56520,museum/indoor,
11778,38084,56520,bow_window/indoor,
11779,38084,56520,office,
11780,38084,56544,museum/indoor,
11781,38084,56544,dressing_room,
11782,38084,56544,living_room,
11783,38084,56544,nursery,
11784,38084,56544,art_gallery,
11785,38084,56568,museum/indoor,
11786,38084,56568,dressing_room,
11787,38084,56568,nursery,
11788,38084,56568,living_room,
11789,38084,56568,beauty_salon,
11790,38084,56592,office,
11791,38084,56592,chemistry_lab,
11792,38084,56592,biology_laboratory,
11793,38084,56592,clean_room,
11794,38084,56592,office_cubicles,
11795,38084,56616,office,
11796,38084,56616,biology_laboratory,
11797,38084,56616,chemistry_lab,
11798,38084,56616,clean_room,
11799,38084,56616,physics_laboratory,
11800,38084,56640,office,
11801,38084,56640,home_office,
11802,38084,56640,computer_room,
11803,38084,56640,chemistry_lab,
11804,38084,56640,biology_laboratory,
11805,38084,56664,clean_room,
11806,38084,56664,office,
11807,38084,56664,biology_laboratory,
11808,38084,56664,chemistry_lab,
11809,38084,56664,office_cubicles,
11810,38084,56688,office,
11811,38084,56688,clean_room,
11812,38084,56688,home_office,
11813,38084,56688,computer_room,
11814,38084,56688,archive,
11815,38084,56712,office,
11816,38084,56712,computer_room,
11817,38084,56712,archive,
11818,38084,56712,clean_room,
11819,38084,56712,biology_laboratory,
11820,38084,56736,office,
11821,38084,56736,computer_room,
11822,38084,56736,clean_room,
11823,38084,56736,archive,
11824,38084,56736,biology_laboratory,
11825,38084,56760,dressing_room,
11826,38084,56760,office,
11827,38084,56760,clean_room,
11828,38084,56760,shower,
11829,38084,56760,archive,
11830,38084,56784,dressing_room,
11831,38084,56784,office,
11832,38084,56784,bow_window/indoor,
11833,38084,56784,classroom,
11834,38084,56784,chemistry_lab,
11835,38084,56808,clean_room,
11836,38084,56808,chemistry_lab,
11837,38084,56808,biology_laboratory,
11838,38084,56808,science_museum,
11839,38084,56808,physics_laboratory,
11840,38084,56832,clean_room,
11841,38084,56832,dressing_room,
11842,38084,56832,office,
11843,38084,56832,beauty_salon,
11844,38084,56832,bow_window/indoor,
11845,38084,56856,clean_room,
11846,38084,56856,chemistry_lab,
11847,38084,56856,archive,
11848,38084,56856,biology_laboratory,
11849,38084,56856,dressing_room,
11850,38084,56880,clean_room,
11851,38084,56880,archive,
11852,38084,56880,chemistry_lab,
11853,38084,56880,biology_laboratory,
11854,38084,56880,dressing_room,
11855,38084,56904,clean_room,
11856,38084,56904,chemistry_lab,
11857,38084,56904,archive,
11858,38084,56904,biology_laboratory,
11859,38084,56904,physics_laboratory,
11860,38084,56928,clean_room,
11861,38084,56928,chemistry_lab,
11862,38084,56928,dressing_room,
11863,38084,56928,beauty_salon,
11864,38084,56928,physics_laboratory,
11865,38084,56952,clean_room,
11866,38084,56952,office,
11867,38084,56952,chemistry_lab,
11868,38084,56952,archive,
11869,38084,56952,biology_laboratory,
11870,38084,56976,clean_room,
11871,38084,56976,dressing_room,
11872,38084,56976,museum/indoor,
11873,38084,56976,archive,
11874,38084,56976,music_studio,
11875,38084,57000,clean_room,
11876,38084,57000,dressing_room,
11877,38084,57000,music_studio,
11878,38084,57000,museum/indoor,
11879,38084,57000,archive,
11880,38084,57024,clean_room,
11881,38084,57024,dressing_room,
11882,38084,57024,archive,
11883,38084,57024,music_studio,
11884,38084,57024,locker_room,
11885,38084,57048,clean_room,
11886,38084,57048,dressing_room,
11887,38084,57048,locker_room,
11888,38084,57048,archive,
11889,38084,57048,office,
11890,38084,57072,clean_room,
11891,38084,57072,dressing_room,
11892,38084,57072,classroom,
11893,38084,57072,archive,
11894,38084,57072,chemistry_lab,
11895,38084,57096,clean_room,
11896,38084,57096,dressing_room,
11897,38084,57096,chemistry_lab,
11898,38084,57096,archive,
11899,38084,57096,biology_laboratory,
11900,38084,57120,dressing_room,
11901,38084,57120,clean_room,
11902,38084,57120,office,
11903,38084,57120,archive,
11904,38084,57120,classroom,
11905,38084,57144,office,
11906,38084,57144,clean_room,
11907,38084,57144,office_cubicles,
11908,38084,57144,beauty_salon,
11909,38084,57144,dressing_room,
11910,38084,57168,dressing_room,
11911,38084,57168,clean_room,
11912,38084,57168,chemistry_lab,
11913,38084,57168,beauty_salon,
11914,38084,57168,music_studio,
11915,38084,57192,clean_room,
11916,38084,57192,dressing_room,
11917,38084,57192,clothing_store,
11918,38084,57192,chemistry_lab,
11919,38084,57192,archive,
11920,38084,57216,clean_room,
11921,38084,57216,dressing_room,
11922,38084,57216,clothing_store,
11923,38084,57216,shower,
11924,38084,57216,jewelry_shop,
11925,38084,57240,clean_room,
11926,38084,57240,dressing_room,
11927,38084,57240,shower,
11928,38084,57240,locker_room,
11929,38084,57240,clothing_store,
11930,38084,57264,clean_room,
11931,38084,57264,dressing_room,
11932,38084,57264,clothing_store,
11933,38084,57264,television_studio,
11934,38084,57264,beauty_salon,
11935,38084,57288,clean_room,
11936,38084,57288,dressing_room,
11937,38084,57288,beauty_salon,
11938,38084,57288,archive,
11939,38084,57288,music_studio,
11940,38084,57312,clean_room,
11941,38084,57312,museum/indoor,
11942,38084,57312,clothing_store,
11943,38084,57312,archive,
11944,38084,57312,beauty_salon,
11945,38084,57336,museum/indoor,
11946,38084,57336,clean_room,
11947,38084,57336,clothing_store,
11948,38084,57336,dressing_room,
11949,38084,57336,nursery,
11950,38084,57360,dressing_room,
11951,38084,57360,clean_room,
11952,38084,57360,locker_room,
11953,38084,57360,chemistry_lab,
11954,38084,57360,shower,
11955,38084,57384,dressing_room,
11956,38084,57384,jewelry_shop,
11957,38084,57384,clean_room,
11958,38084,57384,beauty_salon,
11959,38084,57384,clothing_store,
11960,38084,57408,clean_room,
11961,38084,57408,dressing_room,
11962,38084,57408,locker_room,
11963,38084,57408,clothing_store,
11964,38084,57408,bow_window/indoor,
11965,38084,57432,clean_room,
11966,38084,57432,dressing_room,
11967,38084,57432,bow_window/indoor,
11968,38084,57432,archive,
11969,38084,57432,locker_room,
11970,38084,57456,clean_room,
11971,38084,57456,dressing_room,
11972,38084,57456,chemistry_lab,
11973,38084,57456,locker_room,
11974,38084,57456,office,
11975,38084,57480,dressing_room,
11976,38084,57480,chemistry_lab,
11977,38084,57480,clean_room,
11978,38084,57480,biology_laboratory,
11979,38084,57480,beauty_salon,
11980,38084,57504,clean_room,
11981,38084,57504,dressing_room,
11982,38084,57504,chemistry_lab,
11983,38084,57504,archive,
11984,38084,57504,museum/indoor,
11985,38084,57528,clean_room,
11986,38084,57528,dressing_room,
11987,38084,57528,locker_room,
11988,38084,57528,chemistry_lab,
11989,38084,57528,archive,
11990,38084,57552,clean_room,
11991,38084,57552,dressing_room,
11992,38084,57552,chemistry_lab,
11993,38084,57552,locker_room,
11994,38084,57552,archive,
11995,38084,57576,clean_room,
11996,38084,57576,chemistry_lab,
11997,38084,57576,dressing_room,
11998,38084,57576,operating_room,
11999,38084,57576,biology_laboratory,
12000,38084,57600,clean_room,
12001,38084,57600,dressing_room,
12002,38084,57600,chemistry_lab,
12003,38084,57600,biology_laboratory,
12004,38084,57600,locker_room,
12005,38084,57624,clean_room,
12006,38084,57624,locker_room,
12007,38084,57624,dressing_room,
12008,38084,57624,archive,
12009,38084,57624,chemistry_lab,
12010,38084,57648,bow_window/indoor,
12011,38084,57648,museum/indoor,
12012,38084,57648,clean_room,
12013,38084,57648,archive,
12014,38084,57648,locker_room,
12015,38084,57672,clean_room,
12016,38084,57672,bow_window/indoor,
12017,38084,57672,museum/indoor,
12018,38084,57672,nursery,
12019,38084,57672,dressing_room,
12020,38084,57696,clean_room,
12021,38084,57696,dressing_room,
12022,38084,57696,chemistry_lab,
12023,38084,57696,operating_room,
12024,38084,57696,locker_room,
12025,38084,57720,clean_room,
12026,38084,57720,dressing_room,
12027,38084,57720,chemistry_lab,
12028,38084,57720,locker_room,
12029,38084,57720,nursery,
12030,38084,57744,clean_room,
12031,38084,57744,dressing_room,
12032,38084,57744,operating_room,
12033,38084,57744,chemistry_lab,
12034,38084,57744,locker_room,
12035,38084,57768,clean_room,
12036,38084,57768,dressing_room,
12037,38084,57768,chemistry_lab,
12038,38084,57768,locker_room,
12039,38084,57768,operating_room,
12040,38084,57792,clean_room,
12041,38084,57792,dressing_room,
12042,38084,57792,chemistry_lab,
12043,38084,57792,operating_room,
12044,38084,57792,locker_room,
12045,38084,57816,clean_room,
12046,38084,57816,dressing_room,
12047,38084,57816,locker_room,
12048,38084,57816,chemistry_lab,
12049,38084,57816,operating_room,
12050,38084,57840,dressing_room,
12051,38084,57840,clean_room,
12052,38084,57840,chemistry_lab,
12053,38084,57840,archive,
12054,38084,57840,locker_room,
12055,38084,57864,dressing_room,
12056,38084,57864,chemistry_lab,
12057,38084,57864,clean_room,
12058,38084,57864,banquet_hall,
12059,38084,57864,classroom,
12060,38084,57888,clean_room,
12061,38084,57888,dressing_room,
12062,38084,57888,chemistry_lab,
12063,38084,57888,archive,
12064,38084,57888,locker_room,
12065,38084,57912,clean_room,
12066,38084,57912,chemistry_lab,
12067,38084,57912,dressing_room,
12068,38084,57912,jewelry_shop,
12069,38084,57912,beauty_salon,
12070,38084,57936,chemistry_lab,
12071,38084,57936,clean_room,
12072,38084,57936,dressing_room,
12073,38084,57936,ballroom,
12074,38084,57936,banquet_hall,
12075,38084,57960,chemistry_lab,
12076,38084,57960,clean_room,
12077,38084,57960,dressing_room,
12078,38084,57960,biology_laboratory,
12079,38084,57960,locker_room,
12080,38084,57984,clean_room,
12081,38084,57984,chemistry_lab,
12082,38084,57984,locker_room,
12083,38084,57984,physics_laboratory,
12084,38084,57984,dressing_room,
12085,38084,58008,locker_room,
12086,38084,58008,clean_room,
12087,38084,58008,nursery,
12088,38084,58008,dressing_room,
12089,38084,58008,ballroom,
12090,38084,58032,clean_room,
12091,38084,58032,ballroom,
12092,38084,58032,dressing_room,
12093,38084,58032,martial_arts_gym,
12094,38084,58032,locker_room,
12095,38084,58056,clean_room,
12096,38084,58056,dressing_room,
12097,38084,58056,chemistry_lab,
12098,38084,58056,ballroom,
12099,38084,58056,banquet_hall,
12100,38084,58080,clean_room,
12101,38084,58080,dressing_room,
12102,38084,58080,ballroom,
12103,38084,58080,archive,
12104,38084,58080,chemistry_lab,
12105,38084,58104,clean_room,
12106,38084,58104,dressing_room,
12107,38084,58104,chemistry_lab,
12108,38084,58104,archive,
12109,38084,58104,ballroom,
12110,38084,58128,clean_room,
12111,38084,58128,dressing_room,
12112,38084,58128,archive,
12113,38084,58128,chemistry_lab,
12114,38084,58128,museum/indoor,
12115,38084,58152,clean_room,
12116,38084,58152,dressing_room,
12117,38084,58152,archive,
12118,38084,58152,chemistry_lab,
12119,38084,58152,locker_room,
12120,38084,58176,clean_room,
12121,38084,58176,dressing_room,
12122,38084,58176,archive,
12123,38084,58176,chemistry_lab,
12124,38084,58176,locker_room,
12125,38084,58200,clean_room,
12126,38084,58200,dressing_room,
12127,38084,58200,archive,
12128,38084,58200,chemistry_lab,
12129,38084,58200,office,
12130,38084,58224,archive,
12131,38084,58224,clean_room,
12132,38084,58224,dressing_room,
12133,38084,58224,office,
12134,38084,58224,ballroom,
12135,38084,58248,locker_room,
12136,38084,58248,clean_room,
12137,38084,58248,dressing_room,
12138,38084,58248,music_studio,
12139,38084,58248,jail_cell,
12140,38084,58272,dressing_room,
12141,38084,58272,shower,
12142,38084,58272,clean_room,
12143,38084,58272,bathroom,
12144,38084,58272,hotel_room,
12145,38084,58296,dressing_room,
12146,38084,58296,clean_room,
12147,38084,58296,beauty_salon,
12148,38084,58296,archive,
12149,38084,58296,locker_room,
12150,38084,58320,dressing_room,
12151,38084,58320,beauty_salon,
12152,38084,58320,art_gallery,
12153,38084,58320,bathroom,
12154,38084,58320,museum/indoor,
12155,38084,58344,museum/indoor,
12156,38084,58344,lobby,
12157,38084,58344,dressing_room,
12158,38084,58344,ballroom,
12159,38084,58344,department_store,
12160,38084,58368,clean_room,
12161,38084,58368,dressing_room,
12162,38084,58368,clothing_store,
12163,38084,58368,ballroom,
12164,38084,58368,shower,
12165,38084,58392,museum/indoor,
12166,38084,58392,dressing_room,
12167,38084,58392,natural_history_museum,
12168,38084,58392,clean_room,
12169,38084,58392,clothing_store,
12170,38084,58416,dressing_room,
12171,38084,58416,ballroom,
12172,38084,58416,discotheque,
12173,38084,58416,music_studio,
12174,38084,58416,museum/indoor,
12175,38084,58440,dressing_room,
12176,38084,58440,clean_room,
12177,38084,58440,chemistry_lab,
12178,38084,58440,beauty_salon,
12179,38084,58440,biology_laboratory,
12180,38084,58464,clean_room,
12181,38084,58464,chemistry_lab,
12182,38084,58464,museum/indoor,
12183,38084,58464,dressing_room,
12184,38084,58464,beauty_salon,
12185,38084,58488,museum/indoor,
12186,38084,58488,music_studio,
12187,38084,58488,clean_room,
12188,38084,58488,dressing_room,
12189,38084,58488,nursery,
12190,38084,58512,dressing_room,
12191,38084,58512,clean_room,
12192,38084,58512,clothing_store,
12193,38084,58512,beauty_salon,
12194,38084,58512,bathroom,
12195,38084,58536,clean_room,
12196,38084,58536,dressing_room,
12197,38084,58536,clothing_store,
12198,38084,58536,chemistry_lab,
12199,38084,58536,museum/indoor,
12200,38084,58560,dressing_room,
12201,38084,58560,jewelry_shop,
12202,38084,58560,beauty_salon,
12203,38084,58560,banquet_hall,
12204,38084,58560,museum/indoor,
12205,38084,58584,shower,
12206,38084,58584,dressing_room,
12207,38084,58584,bathroom,
12208,38084,58584,nursery,
12209,38084,58584,discotheque,
12210,38084,58608,shower,
12211,38084,58608,dressing_room,
12212,38084,58608,nursery,
12213,38084,58608,bathroom,
12214,38084,58608,stage/indoor,
12215,38084,58632,shower,
12216,38084,58632,dressing_room,
12217,38084,58632,bathroom,
12218,38084,58632,nursery,
12219,38084,58632,discotheque,
12220,38084,58656,clean_room,
12221,38084,58656,dressing_room,
12222,38084,58656,museum/indoor,
12223,38084,58656,airplane_cabin,
12224,38084,58656,art_gallery,
12225,38084,58680,dressing_room,
12226,38084,58680,clean_room,
12227,38084,58680,bathroom,
12228,38084,58680,locker_room,
12229,38084,58680,airplane_cabin,
12230,38084,58704,clean_room,
12231,38084,58704,dressing_room,
12232,38084,58704,museum/indoor,
12233,38084,58704,locker_room,
12234,38084,58704,clothing_store,
12235,38084,58728,dressing_room,
12236,38084,58728,clean_room,
12237,38084,58728,museum/indoor,
12238,38084,58728,art_gallery,
12239,38084,58728,locker_room,
12240,38084,58752,clean_room,
12241,38084,58752,dressing_room,
12242,38084,58752,airplane_cabin,
12243,38084,58752,bathroom,
12244,38084,58752,operating_room,
12245,38084,58776,clean_room,
12246,38084,58776,dressing_room,
12247,38084,58776,museum/indoor,
12248,38084,58776,bathroom,
12249,38084,58776,locker_room,
12250,38084,58800,clean_room,
12251,38084,58800,dressing_room,
12252,38084,58800,museum/indoor,
12253,38084,58800,bathroom,
12254,38084,58800,clothing_store,
12255,38084,58824,dressing_room,
12256,38084,58824,clean_room,
12257,38084,58824,museum/indoor,
12258,38084,58824,bathroom,
12259,38084,58824,clothing_store,
12260,38084,58848,dressing_room,
12261,38084,58848,beauty_salon,
12262,38084,58848,airplane_cabin,
12263,38084,58848,discotheque,
12264,38084,58848,clean_room,
12265,38084,58872,dressing_room,
12266,38084,58872,airplane_cabin,
12267,38084,58872,beauty_salon,
12268,38084,58872,clean_room,
12269,38084,58872,bathroom,
12270,38084,58896,dressing_room,
12271,38084,58896,beauty_salon,
12272,38084,58896,airplane_cabin,
12273,38084,58896,clean_room,
12274,38084,58896,art_gallery,
12275,38084,58920,dressing_room,
12276,38084,58920,beauty_salon,
12277,38084,58920,airplane_cabin,
12278,38084,58920,clean_room,
12279,38084,58920,discotheque,
12280,38084,58944,dressing_room,
12281,38084,58944,airplane_cabin,
12282,38084,58944,beauty_salon,
12283,38084,58944,art_gallery,
12284,38084,58944,clean_room,
12285,38084,58968,dressing_room,
12286,38084,58968,beauty_salon,
12287,38084,58968,airplane_cabin,
12288,38084,58968,clean_room,
12289,38084,58968,bathroom,
12290,38084,58992,dressing_room,
12291,38084,58992,beauty_salon,
12292,38084,58992,airplane_cabin,
12293,38084,58992,clean_room,
12294,38084,58992,bathroom,
12295,38084,59016,dressing_room,
12296,38084,59016,beauty_salon,
12297,38084,59016,airplane_cabin,
12298,38084,59016,bathroom,
12299,38084,59016,clean_room,
12300,38084,59040,clean_room,
12301,38084,59040,dressing_room,
12302,38084,59040,museum/indoor,
12303,38084,59040,clothing_store,
12304,38084,59040,science_museum,
12305,38084,59064,clean_room,
12306,38084,59064,dressing_room,
12307,38084,59064,museum/indoor,
12308,38084,59064,clothing_store,
12309,38084,59064,airplane_cabin,
12310,38084,59088,dressing_room,
12311,38084,59088,clean_room,
12312,38084,59088,museum/indoor,
12313,38084,59088,art_gallery,
12314,38084,59088,clothing_store,
12315,38084,59112,dressing_room,
12316,38084,59112,clean_room,
12317,38084,59112,museum/indoor,
12318,38084,59112,clothing_store,
12319,38084,59112,art_gallery,
12320,38084,59136,dressing_room,
12321,38084,59136,clean_room,
12322,38084,59136,museum/indoor,
12323,38084,59136,locker_room,
12324,38084,59136,bathroom,
12325,38084,59160,dressing_room,
12326,38084,59160,clean_room,
12327,38084,59160,museum/indoor,
12328,38084,59160,science_museum,
12329,38084,59160,art_gallery,
12330,38084,59184,clean_room,
12331,38084,59184,discotheque,
12332,38084,59184,stage/indoor,
12333,38084,59184,dressing_room,
12334,38084,59184,museum/indoor,
12335,38084,59208,museum/indoor,
12336,38084,59208,clothing_store,
12337,38084,59208,clean_room,
12338,38084,59208,dressing_room,
12339,38084,59208,discotheque,
12340,38084,59232,museum/indoor,
12341,38084,59232,clean_room,
12342,38084,59232,clothing_store,
12343,38084,59232,stage/indoor,
12344,38084,59232,discotheque,
12345,38084,59256,clean_room,
12346,38084,59256,museum/indoor,
12347,38084,59256,clothing_store,
12348,38084,59256,stage/indoor,
12349,38084,59256,discotheque,
12350,38084,59280,museum/indoor,
12351,38084,59280,clothing_store,
12352,38084,59280,clean_room,
12353,38084,59280,science_museum,
12354,38084,59280,natural_history_museum,
12355,38084,59304,museum/indoor,
12356,38084,59304,clean_room,
12357,38084,59304,dressing_room,
12358,38084,59304,discotheque,
12359,38084,59304,clothing_store,
12360,38084,59328,discotheque,
12361,38084,59328,museum/indoor,
12362,38084,59328,dressing_room,
12363,38084,59328,clean_room,
12364,38084,59328,clothing_store,
12365,38084,59352,dressing_room,
12366,38084,59352,clothing_store,
12367,38084,59352,museum/indoor,
12368,38084,59352,discotheque,
12369,38084,59352,stage/indoor,
12370,38084,59376,museum/indoor,
12371,38084,59376,dressing_room,
12372,38084,59376,discotheque,
12373,38084,59376,clothing_store,
12374,38084,59376,clean_room,
12375,38084,59400,dressing_room,
12376,38084,59400,clean_room,
12377,38084,59400,discotheque,
12378,38084,59400,museum/indoor,
12379,38084,59400,clothing_store,
12380,38084,59424,clean_room,
12381,38084,59424,dressing_room,
12382,38084,59424,museum/indoor,
12383,38084,59424,clothing_store,
12384,38084,59424,shower,
12385,38084,59448,clean_room,
12386,38084,59448,dressing_room,
12387,38084,59448,museum/indoor,
12388,38084,59448,clothing_store,
12389,38084,59448,beauty_salon,
12390,38084,59472,clean_room,
12391,38084,59472,dressing_room,
12392,38084,59472,shower,
12393,38084,59472,bathroom,
12394,38084,59472,chemistry_lab,
12395,38084,59496,dressing_room,
12396,38084,59496,clean_room,
12397,38084,59496,beauty_salon,
12398,38084,59496,locker_room,
12399,38084,59496,chemistry_lab,
12400,38084,59520,dressing_room,
12401,38084,59520,clean_room,
12402,38084,59520,locker_room,
12403,38084,59520,archive,
12404,38084,59520,chemistry_lab,
12405,38084,59544,dressing_room,
12406,38084,59544,clean_room,
12407,38084,59544,locker_room,
12408,38084,59544,archive,
12409,38084,59544,chemistry_lab,
12410,38084,59568,dressing_room,
12411,38084,59568,clean_room,
12412,38084,59568,locker_room,
12413,38084,59568,chemistry_lab,
12414,38084,59568,beauty_salon,
12415,38084,59592,dressing_room,
12416,38084,59592,clean_room,
12417,38084,59592,chemistry_lab,
12418,38084,59592,locker_room,
12419,38084,59592,beauty_salon,
12420,38084,59616,dressing_room,
12421,38084,59616,clean_room,
12422,38084,59616,chemistry_lab,
12423,38084,59616,locker_room,
12424,38084,59616,biology_laboratory,
12425,38084,59640,dressing_room,
12426,38084,59640,clean_room,
12427,38084,59640,chemistry_lab,
12428,38084,59640,locker_room,
12429,38084,59640,biology_laboratory,
12430,38084,59664,dressing_room,
12431,38084,59664,clean_room,
12432,38084,59664,locker_room,
12433,38084,59664,chemistry_lab,
12434,38084,59664,beauty_salon,
12435,38084,59688,dressing_room,
12436,38084,59688,clean_room,
12437,38084,59688,locker_room,
12438,38084,59688,chemistry_lab,
12439,38084,59688,beauty_salon,
12440,38084,59712,dressing_room,
12441,38084,59712,clean_room,
12442,38084,59712,locker_room,
12443,38084,59712,beauty_salon,
12444,38084,59712,chemistry_lab,
12445,38084,59736,clean_room,
12446,38084,59736,chemistry_lab,
12447,38084,59736,dressing_room,
12448,38084,59736,banquet_hall,
12449,38084,59736,jewelry_shop,
12450,38084,59760,banquet_hall,
12451,38084,59760,restaurant,
12452,38084,59760,dining_hall,
12453,38084,59760,dining_room,
12454,38084,59760,cafeteria,
12455,38084,59784,dining_room,
12456,38084,59784,banquet_hall,
12457,38084,59784,dining_hall,
12458,38084,59784,restaurant,
12459,38084,59784,cafeteria,
12460,38084,59808,dressing_room,
12461,38084,59808,restaurant,
12462,38084,59808,banquet_hall,
12463,38084,59808,dining_hall,
12464,38084,59808,dining_room,
12465,38084,59832,banquet_hall,
12466,38084,59832,dining_hall,
12467,38084,59832,restaurant,
12468,38084,59832,dining_room,
12469,38084,59832,cafeteria,
12470,38084,59856,banquet_hall,
12471,38084,59856,dining_hall,
12472,38084,59856,restaurant,
12473,38084,59856,dining_room,
12474,38084,59856,ice_cream_parlor,
12475,38084,59880,banquet_hall,
12476,38084,59880,dining_hall,
12477,38084,59880,restaurant,
12478,38084,59880,dining_room,
12479,38084,59880,cafeteria,
12480,38084,59904,banquet_hall,
12481,38084,59904,dining_hall,
12482,38084,59904,restaurant,
12483,38084,59904,dining_room,
12484,38084,59904,ice_cream_parlor,
12485,38084,59928,banquet_hall,
12486,38084,59928,dining_hall,
12487,38084,59928,restaurant,
12488,38084,59928,dining_room,
12489,38084,59928,ballroom,
12490,38084,59952,banquet_hall,
12491,38084,59952,dining_hall,
12492,38084,59952,dining_room,
12493,38084,59952,restaurant,
12494,38084,59952,cafeteria,
12495,38084,59976,banquet_hall,
12496,38084,59976,dining_hall,
12497,38084,59976,restaurant,
12498,38084,59976,dining_room,
12499,38084,59976,cafeteria,
12500,38084,60000,banquet_hall,
12501,38084,60000,dining_hall,
12502,38084,60000,restaurant,
12503,38084,60000,dining_room,
12504,38084,60000,cafeteria,
12505,38084,60024,banquet_hall,
12506,38084,60024,dining_hall,
12507,38084,60024,dining_room,
12508,38084,60024,restaurant,
12509,38084,60024,ice_cream_parlor,
12510,38084,60048,banquet_hall,
12511,38084,60048,dining_hall,
12512,38084,60048,ice_cream_parlor,
12513,38084,60048,ballroom,
12514,38084,60048,chemistry_lab,
12515,38084,60072,banquet_hall,
12516,38084,60072,dining_hall,
12517,38084,60072,restaurant,
12518,38084,60072,dining_room,
12519,38084,60072,ice_cream_parlor,
12520,38084,60096,banquet_hall,
12521,38084,60096,dining_hall,
12522,38084,60096,restaurant,
12523,38084,60096,dining_room,
12524,38084,60096,ice_cream_parlor,
12525,38084,60120,banquet_hall,
12526,38084,60120,dining_hall,
12527,38084,60120,dining_room,
12528,38084,60120,restaurant,
12529,38084,60120,chemistry_lab,
12530,38084,60144,dressing_room,
12531,38084,60144,restaurant,
12532,38084,60144,living_room,
12533,38084,60144,cafeteria,
12534,38084,60144,dining_room,
12535,38084,60168,banquet_hall,
12536,38084,60168,clean_room,
12537,38084,60168,dressing_room,
12538,38084,60168,nursery,
12539,38084,60168,chemistry_lab,
12540,38084,60192,dressing_room,
12541,38084,60192,clean_room,
12542,38084,60192,chemistry_lab,
12543,38084,60192,biology_laboratory,
12544,38084,60192,bathroom,
12545,38084,60216,dressing_room,
12546,38084,60216,archive,
12547,38084,60216,music_studio,
12548,38084,60216,nursing_home,
12549,38084,60216,banquet_hall,
12550,38084,60240,dressing_room,
12551,38084,60240,banquet_hall,
12552,38084,60240,archive,
12553,38084,60240,dining_hall,
12554,38084,60240,music_studio,
12555,38084,60264,dressing_room,
12556,38084,60264,banquet_hall,
12557,38084,60264,archive,
12558,38084,60264,beauty_salon,
12559,38084,60264,dining_hall,
12560,38084,60288,dressing_room,
12561,38084,60288,archive,
12562,38084,60288,banquet_hall,
12563,38084,60288,nursery,
12564,38084,60288,nursing_home,
12565,38084,60312,dressing_room,
12566,38084,60312,nursing_home,
12567,38084,60312,banquet_hall,
12568,38084,60312,nursery,
12569,38084,60312,living_room,
12570,38084,60336,dressing_room,
12571,38084,60336,banquet_hall,
12572,38084,60336,nursing_home,
12573,38084,60336,living_room,
12574,38084,60336,office,
12575,38084,60360,dressing_room,
12576,38084,60360,banquet_hall,
12577,38084,60360,bedroom,
12578,38084,60360,living_room,
12579,38084,60360,nursery,
12580,38084,60384,dressing_room,
12581,38084,60384,banquet_hall,
12582,38084,60384,nursery,
12583,38084,60384,bedroom,
12584,38084,60384,living_room,
12585,38084,60408,dressing_room,
12586,38084,60408,banquet_hall,
12587,38084,60408,nursery,
12588,38084,60408,beauty_salon,
12589,38084,60408,living_room,
12590,38084,60432,banquet_hall,
12591,38084,60432,dressing_room,
12592,38084,60432,dining_hall,
12593,38084,60432,nursing_home,
12594,38084,60432,living_room,
12595,38084,60456,dressing_room,
12596,38084,60456,banquet_hall,
12597,38084,60456,bedroom,
12598,38084,60456,nursery,
12599,38084,60456,nursing_home,
12600,38084,60480,dressing_room,
12601,38084,60480,banquet_hall,
12602,38084,60480,nursing_home,
12603,38084,60480,dining_hall,
12604,38084,60480,archive,
12605,38084,60504,banquet_hall,
12606,38084,60504,dressing_room,
12607,38084,60504,nursing_home,
12608,38084,60504,dining_hall,
12609,38084,60504,beauty_salon,
12610,38084,60528,dressing_room,
12611,38084,60528,banquet_hall,
12612,38084,60528,nursing_home,
12613,38084,60528,office,
12614,38084,60528,beauty_salon,
12615,38084,60552,banquet_hall,
12616,38084,60552,dressing_room,
12617,38084,60552,bedroom,
12618,38084,60552,nursing_home,
12619,38084,60552,dining_hall,
12620,38084,60576,banquet_hall,
12621,38084,60576,dressing_room,
12622,38084,60576,dining_hall,
12623,38084,60576,restaurant,
12624,38084,60576,dining_room,
12625,38084,60600,dressing_room,
12626,38084,60600,archive,
12627,38084,60600,clean_room,
12628,38084,60600,banquet_hall,
12629,38084,60600,living_room,
12630,38084,60624,dressing_room,
12631,38084,60624,nursery,
12632,38084,60624,archive,
12633,38084,60624,museum/indoor,
12634,38084,60624,living_room,
12635,38084,60648,dressing_room,
12636,38084,60648,living_room,
12637,38084,60648,banquet_hall,
12638,38084,60648,bow_window/indoor,
12639,38084,60648,archive,
12640,38084,60672,dressing_room,
12641,38084,60672,living_room,
12642,38084,60672,nursery,
12643,38084,60672,beauty_salon,
12644,38084,60672,bow_window/indoor,
12645,38084,60696,dressing_room,
12646,38084,60696,archive,
12647,38084,60696,nursery,
12648,38084,60696,jewelry_shop,
12649,38084,60696,beauty_salon,
12650,38084,60720,dressing_room,
12651,38084,60720,clean_room,
12652,38084,60720,living_room,
12653,38084,60720,bow_window/indoor,
12654,38084,60720,nursery,
12655,38084,60744,dressing_room,
12656,38084,60744,living_room,
12657,38084,60744,clean_room,
12658,38084,60744,banquet_hall,
12659,38084,60744,archive,
12660,38084,60768,dressing_room,
12661,38084,60768,beauty_salon,
12662,38084,60768,living_room,
12663,38084,60768,bow_window/indoor,
12664,38084,60768,banquet_hall,
12665,38084,60792,dressing_room,
12666,38084,60792,banquet_hall,
12667,38084,60792,bow_window/indoor,
12668,38084,60792,living_room,
12669,38084,60792,office,
12670,38084,60816,dressing_room,
12671,38084,60816,banquet_hall,
12672,38084,60816,ballroom,
12673,38084,60816,archive,
12674,38084,60816,beauty_salon,
12675,38084,60840,dressing_room,
12676,38084,60840,banquet_hall,
12677,38084,60840,living_room,
12678,38084,60840,bow_window/indoor,
12679,38084,60840,nursing_home,
12680,38084,60864,dressing_room,
12681,38084,60864,living_room,
12682,38084,60864,bow_window/indoor,
12683,38084,60864,bedroom,
12684,38084,60864,nursery,
12685,38084,60888,bedroom,
12686,38084,60888,living_room,
12687,38084,60888,nursery,
12688,38084,60888,dressing_room,
12689,38084,60888,bow_window/indoor,
12690,38084,60912,nursery,
12691,38084,60912,dressing_room,
12692,38084,60912,archive,
12693,38084,60912,living_room,
12694,38084,60912,bedroom,
12695,38084,60936,nursery,
12696,38084,60936,bedroom,
12697,38084,60936,living_room,
12698,38084,60936,dressing_room,
12699,38084,60936,bow_window/indoor,
12700,38084,60960,living_room,
12701,38084,60960,bow_window/indoor,
12702,38084,60960,bedroom,
12703,38084,60960,dressing_room,
12704,38084,60960,nursery,
12705,38084,60984,dressing_room,
12706,38084,60984,nursery,
12707,38084,60984,archive,
12708,38084,60984,nursing_home,
12709,38084,60984,living_room,
12710,38084,61008,dressing_room,
12711,38084,61008,bedroom,
12712,38084,61008,living_room,
12713,38084,61008,nursery,
12714,38084,61008,hospital_room,
12715,38084,61032,bedroom,
12716,38084,61032,living_room,
12717,38084,61032,dressing_room,
12718,38084,61032,bow_window/indoor,
12719,38084,61032,hotel_room,
12720,38084,61056,dressing_room,
12721,38084,61056,living_room,
12722,38084,61056,bedroom,
12723,38084,61056,nursery,
12724,38084,61056,bow_window/indoor,
12725,38084,61080,dressing_room,
12726,38084,61080,living_room,
12727,38084,61080,bedroom,
12728,38084,61080,nursery,
12729,38084,61080,hospital_room,
12730,38084,61104,dressing_room,
12731,38084,61104,living_room,
12732,38084,61104,beauty_salon,
12733,38084,61104,office,
12734,38084,61104,banquet_hall,
12735,38084,61128,dressing_room,
12736,38084,61128,archive,
12737,38084,61128,museum/indoor,
12738,38084,61128,living_room,
12739,38084,61128,banquet_hall,
12740,38084,61152,dressing_room,
12741,38084,61152,nursing_home,
12742,38084,61152,archive,
12743,38084,61152,banquet_hall,
12744,38084,61152,music_studio,
12745,38084,61176,dressing_room,
12746,38084,61176,banquet_hall,
12747,38084,61176,living_room,
12748,38084,61176,bedroom,
12749,38084,61176,beauty_salon,
12750,38084,61200,dressing_room,
12751,38084,61200,nursery,
12752,38084,61200,living_room,
12753,38084,61200,bedroom,
12754,38084,61200,beauty_salon,
12755,38084,61224,jewelry_shop,
12756,38084,61224,science_museum,
12757,38084,61224,museum/indoor,
12758,38084,61224,gift_shop,
12759,38084,61224,clothing_store,
12760,38084,61248,clean_room,
12761,38084,61248,shower,
12762,38084,61248,jewelry_shop,
12763,38084,61248,bathroom,
12764,38084,61248,clothing_store,
12765,38084,61272,clean_room,
12766,38084,61272,museum/indoor,
12767,38084,61272,dressing_room,
12768,38084,61272,art_gallery,
12769,38084,61272,clothing_store,
12770,38084,61296,museum/indoor,
12771,38084,61296,dressing_room,
12772,38084,61296,clean_room,
12773,38084,61296,art_gallery,
12774,38084,61296,clothing_store,
12775,38084,61320,clean_room,
12776,38084,61320,dressing_room,
12777,38084,61320,museum/indoor,
12778,38084,61320,clothing_store,
12779,38084,61320,locker_room,
12780,38084,61344,dressing_room,
12781,38084,61344,bathroom,
12782,38084,61344,clean_room,
12783,38084,61344,locker_room,
12784,38084,61344,shower,
12785,38084,61368,dressing_room,
12786,38084,61368,clean_room,
12787,38084,61368,locker_room,
12788,38084,61368,museum/indoor,
12789,38084,61368,clothing_store,
12790,38084,61392,clean_room,
12791,38084,61392,dressing_room,
12792,38084,61392,clothing_store,
12793,38084,61392,operating_room,
12794,38084,61392,museum/indoor,
12795,38084,61416,clean_room,
12796,38084,61416,dressing_room,
12797,38084,61416,museum/indoor,
12798,38084,61416,clothing_store,
12799,38084,61416,operating_room,
12800,38084,61440,clean_room,
12801,38084,61440,dressing_room,
12802,38084,61440,museum/indoor,
12803,38084,61440,clothing_store,
12804,38084,61440,jewelry_shop,
12805,38084,61464,clean_room,
12806,38084,61464,dressing_room,
12807,38084,61464,museum/indoor,
12808,38084,61464,clothing_store,
12809,38084,61464,locker_room,
12810,38084,61488,dressing_room,
12811,38084,61488,locker_room,
12812,38084,61488,clean_room,
12813,38084,61488,museum/indoor,
12814,38084,61488,nursery,
12815,38084,61512,dressing_room,
12816,38084,61512,shower,
12817,38084,61512,bathroom,
12818,38084,61512,clean_room,
12819,38084,61512,locker_room,
12820,38084,61536,dressing_room,
12821,38084,61536,clean_room,
12822,38084,61536,music_studio,
12823,38084,61536,locker_room,
12824,38084,61536,shower,
12825,38084,61560,clean_room,
12826,38084,61560,shower,
12827,38084,61560,dressing_room,
12828,38084,61560,locker_room,
12829,38084,61560,clothing_store,
12830,38084,61584,museum/indoor,
12831,38084,61584,clean_room,
12832,38084,61584,dressing_room,
12833,38084,61584,archive,
12834,38084,61584,science_museum,
12835,38084,61608,museum/indoor,
12836,38084,61608,clean_room,
12837,38084,61608,dressing_room,
12838,38084,61608,clothing_store,
12839,38084,61608,art_gallery,
12840,38084,61632,museum/indoor,
12841,38084,61632,clean_room,
12842,38084,61632,art_gallery,
12843,38084,61632,science_museum,
12844,38084,61632,martial_arts_gym,
12845,38084,61656,clean_room,
12846,38084,61656,locker_room,
12847,38084,61656,dressing_room,
12848,38084,61656,museum/indoor,
12849,38084,61656,clothing_store,
12850,38084,61680,clean_room,
12851,38084,61680,dressing_room,
12852,38084,61680,martial_arts_gym,
12853,38084,61680,locker_room,
12854,38084,61680,museum/indoor,
12855,38084,61704,clean_room,
12856,38084,61704,martial_arts_gym,
12857,38084,61704,dressing_room,
12858,38084,61704,locker_room,
12859,38084,61704,museum/indoor,
12860,38084,61728,dressing_room,
12861,38084,61728,clean_room,
12862,38084,61728,locker_room,
12863,38084,61728,archive,
12864,38084,61728,clothing_store,
12865,38084,61752,clean_room,
12866,38084,61752,dressing_room,
12867,38084,61752,locker_room,
12868,38084,61752,clothing_store,
12869,38084,61752,museum/indoor,
12870,38084,61776,clean_room,
12871,38084,61776,dressing_room,
12872,38084,61776,clothing_store,
12873,38084,61776,museum/indoor,
12874,38084,61776,locker_room,
12875,38084,61800,clean_room,
12876,38084,61800,dressing_room,
12877,38084,61800,clothing_store,
12878,38084,61800,museum/indoor,
12879,38084,61800,locker_room,
12880,38084,61824,dressing_room,
12881,38084,61824,clean_room,
12882,38084,61824,locker_room,
12883,38084,61824,clothing_store,
12884,38084,61824,archive,
12885,38084,61848,clean_room,
12886,38084,61848,dressing_room,
12887,38084,61848,locker_room,
12888,38084,61848,clothing_store,
12889,38084,61848,museum/indoor,
12890,38084,61872,dressing_room,
12891,38084,61872,clean_room,
12892,38084,61872,locker_room,
12893,38084,61872,museum/indoor,
12894,38084,61872,clothing_store,
12895,38084,61896,clean_room,
12896,38084,61896,dressing_room,
12897,38084,61896,locker_room,
12898,38084,61896,museum/indoor,
12899,38084,61896,clothing_store,
12900,38084,61920,dressing_room,
12901,38084,61920,clean_room,
12902,38084,61920,locker_room,
12903,38084,61920,clothing_store,
12904,38084,61920,elevator/door,
12905,38084,61944,dressing_room,
12906,38084,61944,clean_room,
12907,38084,61944,locker_room,
12908,38084,61944,clothing_store,
12909,38084,61944,museum/indoor,
12910,38084,61968,clean_room,
12911,38084,61968,dressing_room,
12912,38084,61968,locker_room,
12913,38084,61968,clothing_store,
12914,38084,61968,museum/indoor,
12915,38084,61992,clean_room,
12916,38084,61992,dressing_room,
12917,38084,61992,locker_room,
12918,38084,61992,museum/indoor,
12919,38084,61992,archive,
12920,38084,62016,dressing_room,
12921,38084,62016,locker_room,
12922,38084,62016,clean_room,
12923,38084,62016,martial_arts_gym,
12924,38084,62016,nursery,
12925,38084,62040,clean_room,
12926,38084,62040,martial_arts_gym,
12927,38084,62040,museum/indoor,
12928,38084,62040,archive,
12929,38084,62040,dressing_room,
12930,38084,62064,clean_room,
12931,38084,62064,dressing_room,
12932,38084,62064,museum/indoor,
12933,38084,62064,art_gallery,
12934,38084,62064,archive,
12935,38084,62088,clean_room,
12936,38084,62088,museum/indoor,
12937,38084,62088,dressing_room,
12938,38084,62088,archive,
12939,38084,62088,operating_room,
12940,38084,62112,clean_room,
12941,38084,62112,dressing_room,
12942,38084,62112,museum/indoor,
12943,38084,62112,archive,
12944,38084,62112,clothing_store,
12945,38084,62136,clean_room,
12946,38084,62136,museum/indoor,
12947,38084,62136,archive,
12948,38084,62136,dressing_room,
12949,38084,62136,operating_room,
12950,38084,62160,clean_room,
12951,38084,62160,museum/indoor,
12952,38084,62160,operating_room,
12953,38084,62160,archive,
12954,38084,62160,martial_arts_gym,
12955,38084,62184,clean_room,
12956,38084,62184,museum/indoor,
12957,38084,62184,operating_room,
12958,38084,62184,archive,
12959,38084,62184,dressing_room,
12960,38084,62208,museum/indoor,
12961,38084,62208,clean_room,
12962,38084,62208,archive,
12963,38084,62208,operating_room,
12964,38084,62208,martial_arts_gym,
12965,38084,62232,museum/indoor,
12966,38084,62232,dressing_room,
12967,38084,62232,locker_room,
12968,38084,62232,clean_room,
12969,38084,62232,boxing_ring,
12970,38084,62256,clean_room,
12971,38084,62256,museum/indoor,
12972,38084,62256,operating_room,
12973,38084,62256,dressing_room,
12974,38084,62256,clothing_store,
12975,38084,62280,clean_room,
12976,38084,62280,shower,
12977,38084,62280,airport_terminal,
12978,38084,62280,science_museum,
12979,38084,62280,chemistry_lab,
12980,38084,62304,clean_room,
12981,38084,62304,jail_cell,
12982,38084,62304,museum/indoor,
12983,38084,62304,shower,
12984,38084,62304,music_studio,
12985,38084,62328,museum/indoor,
12986,38084,62328,clean_room,
12987,38084,62328,archive,
12988,38084,62328,science_museum,
12989,38084,62328,office,
12990,38084,62352,clean_room,
12991,38084,62352,office,
12992,38084,62352,archive,
12993,38084,62352,locker_room,
12994,38084,62352,museum/indoor,
12995,38084,62376,museum/indoor,
12996,38084,62376,clean_room,
12997,38084,62376,office,
12998,38084,62376,jail_cell,
12999,38084,62376,archive,
13000,38084,62400,clean_room,
13001,38084,62400,museum/indoor,
13002,38084,62400,operating_room,
13003,38084,62400,dressing_room,
13004,38084,62400,schoolhouse,
13005,38084,62424,clean_room,
13006,38084,62424,museum/indoor,
13007,38084,62424,archive,
13008,38084,62424,clothing_store,
13009,38084,62424,dressing_room,
13010,38084,62448,archive,
13011,38084,62448,library/indoor,
13012,38084,62448,balcony/interior,
13013,38084,62448,nursery,
13014,38084,62448,clean_room,
13015,38084,62472,museum/indoor,
13016,38084,62472,nursery,
13017,38084,62472,hospital_room,
13018,38084,62472,archive,
13019,38084,62472,clean_room,
13020,38084,62496,museum/indoor,
13021,38084,62496,clean_room,
13022,38084,62496,dressing_room,
13023,38084,62496,hospital_room,
13024,38084,62496,operating_room,
13025,38084,62520,clean_room,
13026,38084,62520,operating_room,
13027,38084,62520,museum/indoor,
13028,38084,62520,hospital_room,
13029,38084,62520,stage/indoor,
13030,38084,62544,clean_room,
13031,38084,62544,museum/indoor,
13032,38084,62544,operating_room,
13033,38084,62544,stage/indoor,
13034,38084,62544,hospital_room,
13035,38084,62568,clean_room,
13036,38084,62568,museum/indoor,
13037,38084,62568,operating_room,
13038,38084,62568,stage/indoor,
13039,38084,62568,hospital_room,
13040,38084,62592,museum/indoor,
13041,38084,62592,clean_room,
13042,38084,62592,stage/indoor,
13043,38084,62592,boxing_ring,
13044,38084,62592,operating_room,
13045,38084,62616,clean_room,
13046,38084,62616,museum/indoor,
13047,38084,62616,stage/indoor,
13048,38084,62616,hospital_room,
13049,38084,62616,operating_room,
13050,38084,62640,clean_room,
13051,38084,62640,museum/indoor,
13052,38084,62640,stage/indoor,
13053,38084,62640,operating_room,
13054,38084,62640,dressing_room,
13055,38084,62664,museum/indoor,
13056,38084,62664,clean_room,
13057,38084,62664,stage/indoor,
13058,38084,62664,ballroom,
13059,38084,62664,hospital_room,
13060,38084,62688,clean_room,
13061,38084,62688,museum/indoor,
13062,38084,62688,stage/indoor,
13063,38084,62688,operating_room,
13064,38084,62688,hospital_room,
13065,38084,62712,clean_room,
13066,38084,62712,museum/indoor,
13067,38084,62712,stage/indoor,
13068,38084,62712,operating_room,
13069,38084,62712,hospital_room,
13070,38084,62736,museum/indoor,
13071,38084,62736,discotheque,
13072,38084,62736,stage/indoor,
13073,38084,62736,ice_floe,
13074,38084,62736,pond,
13075,38084,62760,clean_room,
13076,38084,62760,archive,
13077,38084,62760,museum/indoor,
13078,38084,62760,stage/indoor,
13079,38084,62760,music_studio,
13080,38084,62784,archive,
13081,38084,62784,clean_room,
13082,38084,62784,museum/indoor,
13083,38084,62784,shoe_shop,
13084,38084,62784,stage/indoor,
13085,38084,62808,archive,
13086,38084,62808,museum/indoor,
13087,38084,62808,clean_room,
13088,38084,62808,shoe_shop,
13089,38084,62808,stage/indoor,
13090,38084,62832,museum/indoor,
13091,38084,62832,archive,
13092,38084,62832,clean_room,
13093,38084,62832,operating_room,
13094,38084,62832,shoe_shop,
13095,38084,62856,museum/indoor,
13096,38084,62856,clean_room,
13097,38084,62856,archive,
13098,38084,62856,art_gallery,
13099,38084,62856,clothing_store,
13100,38084,62880,boxing_ring,
13101,38084,62880,discotheque,
13102,38084,62880,dressing_room,
13103,38084,62880,playground,
13104,38084,62880,museum/indoor,
13105,38084,62904,boxing_ring,
13106,38084,62904,discotheque,
13107,38084,62904,dressing_room,
13108,38084,62904,music_studio,
13109,38084,62904,playground,
13110,38084,62928,discotheque,
13111,38084,62928,boxing_ring,
13112,38084,62928,playground,
13113,38084,62928,dressing_room,
13114,38084,62928,music_studio,
13115,38084,62952,boxing_ring,
13116,38084,62952,discotheque,
13117,38084,62952,dressing_room,
13118,38084,62952,playground,
13119,38084,62952,museum/indoor,
13120,38084,62976,boxing_ring,
13121,38084,62976,playground,
13122,38084,62976,discotheque,
13123,38084,62976,dressing_room,
13124,38084,62976,nursery,
13125,38084,63000,boxing_ring,
13126,38084,63000,playground,
13127,38084,63000,discotheque,
13128,38084,63000,dressing_room,
13129,38084,63000,nursery,
13130,38084,63024,clean_room,
13131,38084,63024,museum/indoor,
13132,38084,63024,hospital_room,
13133,38084,63024,operating_room,
13134,38084,63024,chemistry_lab,
13135,38084,63048,museum/indoor,
13136,38084,63048,chemistry_lab,
13137,38084,63048,clean_room,
13138,38084,63048,discotheque,
13139,38084,63048,operating_room,
13140,38084,63072,museum/indoor,
13141,38084,63072,chemistry_lab,
13142,38084,63072,clean_room,
13143,38084,63072,stage/indoor,
13144,38084,63072,discotheque,
13145,38084,63096,museum/indoor,
13146,38084,63096,clean_room,
13147,38084,63096,gymnasium/indoor,
13148,38084,63096,discotheque,
13149,38084,63096,shower,
13150,38084,63120,museum/indoor,
13151,38084,63120,clean_room,
13152,38084,63120,chemistry_lab,
13153,38084,63120,gymnasium/indoor,
13154,38084,63120,shower,
13155,38084,63144,chemistry_lab,
13156,38084,63144,museum/indoor,
13157,38084,63144,clean_room,
13158,38084,63144,shower,
13159,38084,63144,operating_room,
13160,38084,63168,boxing_ring,
13161,38084,63168,dressing_room,
13162,38084,63168,discotheque,
13163,38084,63168,nursery,
13164,38084,63168,museum/indoor,
13165,38084,63192,boxing_ring,
13166,38084,63192,playground,
13167,38084,63192,nursery,
13168,38084,63192,dressing_room,
13169,38084,63192,discotheque,
13170,38084,63216,boxing_ring,
13171,38084,63216,discotheque,
13172,38084,63216,playground,
13173,38084,63216,stage/indoor,
13174,38084,63216,nursery,
13175,38084,63240,boxing_ring,
13176,38084,63240,discotheque,
13177,38084,63240,dressing_room,
13178,38084,63240,playground,
13179,38084,63240,nursery,
13180,38084,63264,museum/indoor,
13181,38084,63264,clean_room,
13182,38084,63264,operating_room,
13183,38084,63264,chemistry_lab,
13184,38084,63264,hospital_room,
13185,38084,63288,museum/indoor,
13186,38084,63288,clean_room,
13187,38084,63288,operating_room,
13188,38084,63288,amusement_park,
13189,38084,63288,nursery,
13190,38084,63312,operating_room,
13191,38084,63312,clean_room,
13192,38084,63312,museum/indoor,
13193,38084,63312,hospital_room,
13194,38084,63312,chemistry_lab,
13195,38084,63336,operating_room,
13196,38084,63336,museum/indoor,
13197,38084,63336,hospital_room,
13198,38084,63336,clean_room,
13199,38084,63336,boxing_ring,
13200,38084,63360,museum/indoor,
13201,38084,63360,gymnasium/indoor,
13202,38084,63360,hospital_room,
13203,38084,63360,clean_room,
13204,38084,63360,operating_room,
13205,38084,63384,museum/indoor,
13206,38084,63384,gymnasium/indoor,
13207,38084,63384,hospital_room,
13208,38084,63384,operating_room,
13209,38084,63384,clean_room,
13210,38084,63408,museum/indoor,
13211,38084,63408,hospital_room,
13212,38084,63408,gymnasium/indoor,
13213,38084,63408,clean_room,
13214,38084,63408,operating_room,
13215,38084,63432,museum/indoor,
13216,38084,63432,amusement_park,
13217,38084,63432,nursery,
13218,38084,63432,gymnasium/indoor,
13219,38084,63432,waiting_room,
13220,38084,63456,chemistry_lab,
13221,38084,63456,clean_room,
13222,38084,63456,ice_cream_parlor,
13223,38084,63456,boxing_ring,
13224,38084,63456,volleyball_court/outdoor,
13225,38084,63480,museum/indoor,
13226,38084,63480,clean_room,
13227,38084,63480,dressing_room,
13228,38084,63480,art_gallery,
13229,38084,63480,iceberg,
13230,38084,63504,museum/indoor,
13231,38084,63504,art_gallery,
13232,38084,63504,nursery,
13233,38084,63504,science_museum,
13234,38084,63504,natural_history_museum,
13235,38084,63528,clean_room,
13236,38084,63528,archive,
13237,38084,63528,museum/indoor,
13238,38084,63528,locker_room,
13239,38084,63528,classroom,
13240,38084,63552,clean_room,
13241,38084,63552,locker_room,
13242,38084,63552,archive,
13243,38084,63552,museum/indoor,
13244,38084,63552,physics_laboratory,
13245,38084,63576,locker_room,
13246,38084,63576,clean_room,
13247,38084,63576,archive,
13248,38084,63576,museum/indoor,
13249,38084,63576,physics_laboratory,
13250,38084,63600,clean_room,
13251,38084,63600,dressing_room,
13252,38084,63600,beauty_salon,
13253,38084,63600,museum/indoor,
13254,38084,63600,clothing_store,
13255,38084,63624,dressing_room,
13256,38084,63624,clean_room,
13257,38084,63624,clothing_store,
13258,38084,63624,shower,
13259,38084,63624,beauty_salon,
13260,38084,63648,clean_room,
13261,38084,63648,dressing_room,
13262,38084,63648,museum/indoor,
13263,38084,63648,clothing_store,
13264,38084,63648,archive,
13265,38084,63672,clean_room,
13266,38084,63672,dressing_room,
13267,38084,63672,museum/indoor,
13268,38084,63672,clothing_store,
13269,38084,63672,beauty_salon,
13270,38084,63696,clean_room,
13271,38084,63696,dressing_room,
13272,38084,63696,museum/indoor,
13273,38084,63696,clothing_store,
13274,38084,63696,shower,
13275,38084,63720,dressing_room,
13276,38084,63720,clean_room,
13277,38084,63720,museum/indoor,
13278,38084,63720,clothing_store,
13279,38084,63720,shower,
13280,38084,63744,clean_room,
13281,38084,63744,dressing_room,
13282,38084,63744,clothing_store,
13283,38084,63744,museum/indoor,
13284,38084,63744,shower,
13285,38084,63768,dressing_room,
13286,38084,63768,clean_room,
13287,38084,63768,bathroom,
13288,38084,63768,beauty_salon,
13289,38084,63768,shower,
13290,38084,63792,dressing_room,
13291,38084,63792,clean_room,
13292,38084,63792,chemistry_lab,
13293,38084,63792,biology_laboratory,
13294,38084,63792,restaurant,
13295,38084,63816,chemistry_lab,
13296,38084,63816,discotheque,
13297,38084,63816,music_studio,
13298,38084,63816,dressing_room,
13299,38084,63816,bar,
13300,38084,63840,dressing_room,
13301,38084,63840,discotheque,
13302,38084,63840,ballroom,
13303,38084,63840,music_studio,
13304,38084,63840,stage/indoor,
13305,38084,63864,boxing_ring,
13306,38084,63864,music_studio,
13307,38084,63864,museum/indoor,
13308,38084,63864,martial_arts_gym,
13309,38084,63864,gymnasium/indoor,
13310,38084,63888,music_studio,
13311,38084,63888,clean_room,
13312,38084,63888,museum/indoor,
13313,38084,63888,stage/indoor,
13314,38084,63888,discotheque,
13315,38084,63912,museum/indoor,
13316,38084,63912,boxing_ring,
13317,38084,63912,stage/indoor,
13318,38084,63912,music_studio,
13319,38084,63912,clean_room,
13320,38084,63936,dressing_room,
13321,38084,63936,shower,
13322,38084,63936,beauty_salon,
13323,38084,63936,ballroom,
13324,38084,63936,clothing_store,
13325,38084,63960,dressing_room,
13326,38084,63960,museum/indoor,
13327,38084,63960,clothing_store,
13328,38084,63960,shower,
13329,38084,63960,clean_room,
13330,38084,63984,museum/indoor,
13331,38084,63984,dressing_room,
13332,38084,63984,clean_room,
13333,38084,63984,archive,
13334,38084,63984,physics_laboratory,
13335,38084,64008,clean_room,
13336,38084,64008,dressing_room,
13337,38084,64008,museum/indoor,
13338,38084,64008,chemistry_lab,
13339,38084,64008,jewelry_shop,
13340,38084,64032,dressing_room,
13341,38084,64032,discotheque,
13342,38084,64032,museum/indoor,
13343,38084,64032,chemistry_lab,
13344,38084,64032,stage/indoor,
13345,38084,64056,dressing_room,
13346,38084,64056,museum/indoor,
13347,38084,64056,discotheque,
13348,38084,64056,stage/indoor,
13349,38084,64056,chemistry_lab,
13350,38084,64080,dressing_room,
13351,38084,64080,museum/indoor,
13352,38084,64080,discotheque,
13353,38084,64080,nursery,
13354,38084,64080,bedroom,
13355,38084,64104,dressing_room,
13356,38084,64104,museum/indoor,
13357,38084,64104,discotheque,
13358,38084,64104,nursery,
13359,38084,64104,bedroom,
13360,38084,64128,music_studio,
13361,38084,64128,discotheque,
13362,38084,64128,chemistry_lab,
13363,38084,64128,clean_room,
13364,38084,64128,dressing_room,
13365,38084,64152,music_studio,
13366,38084,64152,clean_room,
13367,38084,64152,chemistry_lab,
13368,38084,64152,discotheque,
13369,38084,64152,physics_laboratory,
13370,38084,64176,museum/indoor,
13371,38084,64176,clean_room,
13372,38084,64176,discotheque,
13373,38084,64176,music_studio,
13374,38084,64176,chemistry_lab,
13375,38084,64200,chemistry_lab,
13376,38084,64200,museum/indoor,
13377,38084,64200,discotheque,
13378,38084,64200,clean_room,
13379,38084,64200,dressing_room,
13380,38084,64224,dressing_room,
13381,38084,64224,discotheque,
13382,38084,64224,museum/indoor,
13383,38084,64224,chemistry_lab,
13384,38084,64224,stage/indoor,
13385,38084,64248,dressing_room,
13386,38084,64248,museum/indoor,
13387,38084,64248,discotheque,
13388,38084,64248,shower,
13389,38084,64248,stage/indoor,
13390,38084,64272,dressing_room,
13391,38084,64272,discotheque,
13392,38084,64272,museum/indoor,
13393,38084,64272,shower,
13394,38084,64272,chemistry_lab,
13395,38084,64296,discotheque,
13396,38084,64296,music_studio,
13397,38084,64296,dressing_room,
13398,38084,64296,stage/indoor,
13399,38084,64296,chemistry_lab,
13400,38084,64320,dressing_room,
13401,38084,64320,discotheque,
13402,38084,64320,museum/indoor,
13403,38084,64320,chemistry_lab,
13404,38084,64320,stage/indoor,
13405,38084,64344,dressing_room,
13406,38084,64344,discotheque,
13407,38084,64344,museum/indoor,
13408,38084,64344,shower,
13409,38084,64344,stage/indoor,
13410,38084,64368,dressing_room,
13411,38084,64368,discotheque,
13412,38084,64368,museum/indoor,
13413,38084,64368,stage/indoor,
13414,38084,64368,shower,
13415,38084,64392,dressing_room,
13416,38084,64392,discotheque,
13417,38084,64392,museum/indoor,
13418,38084,64392,shower,
13419,38084,64392,stage/indoor,
13420,38084,64416,dressing_room,
13421,38084,64416,discotheque,
13422,38084,64416,museum/indoor,
13423,38084,64416,shower,
13424,38084,64416,chemistry_lab,
13425,38084,64440,dressing_room,
13426,38084,64440,music_studio,
13427,38084,64440,discotheque,
13428,38084,64440,stage/indoor,
13429,38084,64440,chemistry_lab,
13430,38084,64464,dressing_room,
13431,38084,64464,chemistry_lab,
13432,38084,64464,music_studio,
13433,38084,64464,beauty_salon,
13434,38084,64464,discotheque,
13435,38084,64488,dressing_room,
13436,38084,64488,music_studio,
13437,38084,64488,chemistry_lab,
13438,38084,64488,discotheque,
13439,38084,64488,clean_room,
13440,38084,64512,dressing_room,
13441,38084,64512,music_studio,
13442,38084,64512,discotheque,
13443,38084,64512,chemistry_lab,
13444,38084,64512,stage/indoor,
13445,38084,64536,music_studio,
13446,38084,64536,dressing_room,
13447,38084,64536,beauty_salon,
13448,38084,64536,discotheque,
13449,38084,64536,chemistry_lab,
13450,38084,64560,dressing_room,
13451,38084,64560,music_studio,
13452,38084,64560,beauty_salon,
13453,38084,64560,discotheque,
13454,38084,64560,bar,
13455,38084,64584,clean_room,
13456,38084,64584,locker_room,
13457,38084,64584,hospital_room,
13458,38084,64584,archive,
13459,38084,64584,dressing_room,
13460,38084,64608,museum/indoor,
13461,38084,64608,clean_room,
13462,38084,64608,dressing_room,
13463,38084,64608,locker_room,
13464,38084,64608,archive,
13465,38084,64632,clean_room,
13466,38084,64632,archive,
13467,38084,64632,operating_room,
13468,38084,64632,hospital_room,
13469,38084,64632,locker_room,
13470,38084,64656,clean_room,
13471,38084,64656,operating_room,
13472,38084,64656,archive,
13473,38084,64656,hospital_room,
13474,38084,64656,chemistry_lab,
13475,38084,64680,archive,
13476,38084,64680,clean_room,
13477,38084,64680,classroom,
13478,38084,64680,operating_room,
13479,38084,64680,chemistry_lab,
13480,38084,64704,clean_room,
13481,38084,64704,dressing_room,
13482,38084,64704,music_studio,
13483,38084,64704,dining_room,
13484,38084,64704,archive,
13485,38084,64728,banquet_hall,
13486,38084,64728,dining_hall,
13487,38084,64728,chemistry_lab,
13488,38084,64728,classroom,
13489,38084,64728,dining_room,
13490,38084,64752,fountain,
13491,38084,64752,museum/indoor,
13492,38084,64752,discotheque,
13493,38084,64752,science_museum,
13494,38084,64752,chemistry_lab,
13495,38084,64776,ballroom,
13496,38084,64776,stage/indoor,
13497,38084,64776,dressing_room,
13498,38084,64776,discotheque,
13499,38084,64776,banquet_hall,
13500,38084,64800,ballroom,
13501,38084,64800,discotheque,
13502,38084,64800,stage/indoor,
13503,38084,64800,dressing_room,
13504,38084,64800,banquet_hall,
13505,38084,64824,ballroom,
13506,38084,64824,stage/indoor,
13507,38084,64824,dressing_room,
13508,38084,64824,discotheque,
13509,38084,64824,banquet_hall,
13510,38084,64848,operating_room,
13511,38084,64848,clean_room,
13512,38084,64848,music_studio,
13513,38084,64848,dining_room,
13514,38084,64848,hospital_room,
13515,38084,64872,operating_room,
13516,38084,64872,clean_room,
13517,38084,64872,dining_room,
13518,38084,64872,music_studio,
13519,38084,64872,patio,
13520,38084,64896,dining_room,
13521,38084,64896,clean_room,
13522,38084,64896,operating_room,
13523,38084,64896,music_studio,
13524,38084,64896,dining_hall,
13525,38084,64920,dressing_room,
13526,38084,64920,clean_room,
13527,38084,64920,locker_room,
13528,38084,64920,sauna,
13529,38084,64920,classroom,
13530,38084,64944,shower,
13531,38084,64944,clean_room,
13532,38084,64944,bow_window/indoor,
13533,38084,64944,dressing_room,
13534,38084,64944,sauna,
13535,38084,64968,clean_room,
13536,38084,64968,chemistry_lab,
13537,38084,64968,operating_room,
13538,38084,64968,museum/indoor,
13539,38084,64968,physics_laboratory,
13540,38084,64992,clean_room,
13541,38084,64992,museum/indoor,
13542,38084,64992,chemistry_lab,
13543,38084,64992,archive,
13544,38084,64992,physics_laboratory,
13545,38084,65016,clean_room,
13546,38084,65016,museum/indoor,
13547,38084,65016,chemistry_lab,
13548,38084,65016,physics_laboratory,
13549,38084,65016,operating_room,
13550,38084,65040,clean_room,
13551,38084,65040,museum/indoor,
13552,38084,65040,chemistry_lab,
13553,38084,65040,operating_room,
13554,38084,65040,physics_laboratory,
13555,38084,65064,clean_room,
13556,38084,65064,museum/indoor,
13557,38084,65064,chemistry_lab,
13558,38084,65064,physics_laboratory,
13559,38084,65064,operating_room,
13560,38084,65088,clean_room,
13561,38084,65088,museum/indoor,
13562,38084,65088,chemistry_lab,
13563,38084,65088,operating_room,
13564,38084,65088,physics_laboratory,
13565,38084,65112,dressing_room,
13566,38084,65112,museum/indoor,
13567,38084,65112,living_room,
13568,38084,65112,sauna,
13569,38084,65112,clean_room,
13570,38084,65136,dining_room,
13571,38084,65136,dressing_room,
13572,38084,65136,dining_hall,
13573,38084,65136,classroom,
13574,38084,65136,ballroom,
13575,38084,65160,clean_room,
13576,38084,65160,classroom,
13577,38084,65160,chemistry_lab,
13578,38084,65160,music_studio,
13579,38084,65160,dressing_room,
13580,38084,65184,banquet_hall,
13581,38084,65184,dining_hall,
13582,38084,65184,dining_room,
13583,38084,65184,ballroom,
13584,38084,65184,dressing_room,
13585,38084,65208,dressing_room,
13586,38084,65208,clean_room,
13587,38084,65208,banquet_hall,
13588,38084,65208,dining_hall,
13589,38084,65208,dining_room,
13590,38084,65232,dressing_room,
13591,38084,65232,clean_room,
13592,38084,65232,music_studio,
13593,38084,65232,chemistry_lab,
13594,38084,65232,physics_laboratory,
13595,38084,65256,dressing_room,
13596,38084,65256,dining_room,
13597,38084,65256,dining_hall,
13598,38084,65256,restaurant,
13599,38084,65256,banquet_hall,
13600,38084,65280,banquet_hall,
13601,38084,65280,dining_room,
13602,38084,65280,dining_hall,
13603,38084,65280,dressing_room,
13604,38084,65280,restaurant,
13605,38084,65304,dressing_room,
13606,38084,65304,banquet_hall,
13607,38084,65304,dining_room,
13608,38084,65304,dining_hall,
13609,38084,65304,clean_room,
13610,38084,65328,clean_room,
13611,38084,65328,operating_room,
13612,38084,65328,chemistry_lab,
13613,38084,65328,banquet_hall,
13614,38084,65328,dressing_room,
13615,38084,65352,clean_room,
13616,38084,65352,chemistry_lab,
13617,38084,65352,operating_room,
13618,38084,65352,physics_laboratory,
13619,38084,65352,music_studio,
13620,38084,65376,discotheque,
13621,38084,65376,dressing_room,
13622,38084,65376,music_studio,
13623,38084,65376,stage/indoor,
13624,38084,65376,childs_room,
13625,38084,65400,discotheque,
13626,38084,65400,dressing_room,
13627,38084,65400,stage/indoor,
13628,38084,65400,music_studio,
13629,38084,65400,jewelry_shop,
13630,38084,65424,discotheque,
13631,38084,65424,music_studio,
13632,38084,65424,dressing_room,
13633,38084,65424,stage/indoor,
13634,38084,65424,jewelry_shop,
13635,38084,65448,discotheque,
13636,38084,65448,dressing_room,
13637,38084,65448,stage/indoor,
13638,38084,65448,jewelry_shop,
13639,38084,65448,ice_cream_parlor,
13640,38084,65472,dressing_room,
13641,38084,65472,clean_room,
13642,38084,65472,locker_room,
13643,38084,65472,clothing_store,
13644,38084,65472,archive,
13645,38084,65496,dressing_room,
13646,38084,65496,clean_room,
13647,38084,65496,locker_room,
13648,38084,65496,clothing_store,
13649,38084,65496,chemistry_lab,
13650,38084,65520,dressing_room,
13651,38084,65520,clean_room,
13652,38084,65520,locker_room,
13653,38084,65520,clothing_store,
13654,38084,65520,chemistry_lab,
13655,38084,65544,dressing_room,
13656,38084,65544,discotheque,
13657,38084,65544,ballroom,
13658,38084,65544,stage/indoor,
13659,38084,65544,music_studio,
13660,38084,65568,dressing_room,
13661,38084,65568,jewelry_shop,
13662,38084,65568,discotheque,
13663,38084,65568,ice_cream_parlor,
13664,38084,65568,shower,
13665,38084,65592,dressing_room,
13666,38084,65592,discotheque,
13667,38084,65592,shower,
13668,38084,65592,jewelry_shop,
13669,38084,65592,beauty_salon,
13670,38084,65616,dressing_room,
13671,38084,65616,shower,
13672,38084,65616,discotheque,
13673,38084,65616,bathroom,
13674,38084,65616,beauty_salon,
13675,38084,65640,dressing_room,
13676,38084,65640,clean_room,
13677,38084,65640,locker_room,
13678,38084,65640,chemistry_lab,
13679,38084,65640,clothing_store,
13680,38084,65664,dressing_room,
13681,38084,65664,clean_room,
13682,38084,65664,locker_room,
13683,38084,65664,clothing_store,
13684,38084,65664,chemistry_lab,
13685,38084,65688,dressing_room,
13686,38084,65688,clean_room,
13687,38084,65688,locker_room,
13688,38084,65688,clothing_store,
13689,38084,65688,hospital_room,
13690,38084,65712,clean_room,
13691,38084,65712,dressing_room,
13692,38084,65712,locker_room,
13693,38084,65712,chemistry_lab,
13694,38084,65712,archive,
13695,38084,65736,dressing_room,
13696,38084,65736,clean_room,
13697,38084,65736,locker_room,
13698,38084,65736,chemistry_lab,
13699,38084,65736,music_studio,
13700,38084,65760,clean_room,
13701,38084,65760,museum/indoor,
13702,38084,65760,dressing_room,
13703,38084,65760,archive,
13704,38084,65760,banquet_hall,
13705,38084,65784,clean_room,
13706,38084,65784,museum/indoor,
13707,38084,65784,dressing_room,
13708,38084,65784,operating_room,
13709,38084,65784,physics_laboratory,
13710,38084,65808,clean_room,
13711,38084,65808,operating_room,
13712,38084,65808,dressing_room,
13713,38084,65808,museum/indoor,
13714,38084,65808,physics_laboratory,
13715,38084,65832,clean_room,
13716,38084,65832,dressing_room,
13717,38084,65832,operating_room,
13718,38084,65832,physics_laboratory,
13719,38084,65832,museum/indoor,
13720,38084,65856,clean_room,
13721,38084,65856,dressing_room,
13722,38084,65856,operating_room,
13723,38084,65856,music_studio,
13724,38084,65856,physics_laboratory,
13725,38084,65880,clean_room,
13726,38084,65880,dressing_room,
13727,38084,65880,museum/indoor,
13728,38084,65880,operating_room,
13729,38084,65880,physics_laboratory,
13730,38084,65904,clean_room,
13731,38084,65904,museum/indoor,
13732,38084,65904,dressing_room,
13733,38084,65904,operating_room,
13734,38084,65904,music_studio,
13735,38084,65928,clean_room,
13736,38084,65928,museum/indoor,
13737,38084,65928,operating_room,
13738,38084,65928,chemistry_lab,
13739,38084,65928,dressing_room,
13740,38084,65952,dressing_room,
13741,38084,65952,ice_cream_parlor,
13742,38084,65952,jewelry_shop,
13743,38084,65952,candy_store,
13744,38084,65952,discotheque,
13745,38084,65976,dressing_room,
13746,38084,65976,discotheque,
13747,38084,65976,ice_cream_parlor,
13748,38084,65976,stage/indoor,
13749,38084,65976,ballroom,
13750,38084,66000,clean_room,
13751,38084,66000,dressing_room,
13752,38084,66000,chemistry_lab,
13753,38084,66000,music_studio,
13754,38084,66000,stage/indoor,
13755,38084,66024,clean_room,
13756,38084,66024,chemistry_lab,
13757,38084,66024,dressing_room,
13758,38084,66024,biology_laboratory,
13759,38084,66024,locker_room,
13760,38084,66048,clean_room,
13761,38084,66048,dressing_room,
13762,38084,66048,sauna,
13763,38084,66048,hospital_room,
13764,38084,66048,chemistry_lab,
13765,38084,66072,clean_room,
13766,38084,66072,shower,
13767,38084,66072,music_studio,
13768,38084,66072,discotheque,
13769,38084,66072,chemistry_lab,
13770,38084,66096,dressing_room,
13771,38084,66096,clean_room,
13772,38084,66096,chemistry_lab,
13773,38084,66096,discotheque,
13774,38084,66096,shower,
13775,38084,66120,dressing_room,
13776,38084,66120,clean_room,
13777,38084,66120,shower,
13778,38084,66120,discotheque,
13779,38084,66120,museum/indoor,
13780,38084,66144,dressing_room,
13781,38084,66144,clean_room,
13782,38084,66144,shower,
13783,38084,66144,museum/indoor,
13784,38084,66144,bathroom,
13785,38084,66168,dressing_room,
13786,38084,66168,clean_room,
13787,38084,66168,shower,
13788,38084,66168,banquet_hall,
13789,38084,66168,museum/indoor,
13790,38084,66192,dressing_room,
13791,38084,66192,clean_room,
13792,38084,66192,shower,
13793,38084,66192,banquet_hall,
13794,38084,66192,restaurant,
13795,38084,66216,dressing_room,
13796,38084,66216,clean_room,
13797,38084,66216,banquet_hall,
13798,38084,66216,restaurant,
13799,38084,66216,shower,
13800,38084,66240,ice_cream_parlor,
13801,38084,66240,dressing_room,
13802,38084,66240,ballroom,
13803,38084,66240,nursery,
13804,38084,66240,stage/indoor,
13805,38084,66264,ice_cream_parlor,
13806,38084,66264,dressing_room,
13807,38084,66264,discotheque,
13808,38084,66264,nursery,
13809,38084,66264,museum/indoor,
13810,38084,66288,dressing_room,
13811,38084,66288,clean_room,
13812,38084,66288,locker_room,
13813,38084,66288,chemistry_lab,
13814,38084,66288,archive,
13815,38084,66312,dressing_room,
13816,38084,66312,clean_room,
13817,38084,66312,locker_room,
13818,38084,66312,chemistry_lab,
13819,38084,66312,museum/indoor,
13820,38084,66336,dressing_room,
13821,38084,66336,locker_room,
13822,38084,66336,clean_room,
13823,38084,66336,chemistry_lab,
13824,38084,66336,discotheque,
13825,38084,66360,ice_cream_parlor,
13826,38084,66360,dressing_room,
13827,38084,66360,stage/indoor,
13828,38084,66360,discotheque,
13829,38084,66360,museum/indoor,
13830,38084,66384,ice_cream_parlor,
13831,38084,66384,dressing_room,
13832,38084,66384,nursery,
13833,38084,66384,ballroom,
13834,38084,66384,beauty_salon,
13835,38084,66408,dressing_room,
13836,38084,66408,locker_room,
13837,38084,66408,clean_room,
13838,38084,66408,chemistry_lab,
13839,38084,66408,archive,
13840,38084,66432,dressing_room,
13841,38084,66432,locker_room,
13842,38084,66432,clean_room,
13843,38084,66432,chemistry_lab,
13844,38084,66432,shower,
13845,38084,66456,dressing_room,
13846,38084,66456,locker_room,
13847,38084,66456,clean_room,
13848,38084,66456,archive,
13849,38084,66456,chemistry_lab,
13850,38084,66480,dressing_room,
13851,38084,66480,locker_room,
13852,38084,66480,clean_room,
13853,38084,66480,chemistry_lab,
13854,38084,66480,archive,
13855,38084,66504,dressing_room,
13856,38084,66504,clean_room,
13857,38084,66504,locker_room,
13858,38084,66504,chemistry_lab,
13859,38084,66504,biology_laboratory,
13860,38084,66528,clean_room,
13861,38084,66528,locker_room,
13862,38084,66528,chemistry_lab,
13863,38084,66528,dressing_room,
13864,38084,66528,biology_laboratory,
13865,38084,66552,dressing_room,
13866,38084,66552,clean_room,
13867,38084,66552,shower,
13868,38084,66552,bathroom,
13869,38084,66552,museum/indoor,
13870,38084,66576,dressing_room,
13871,38084,66576,clean_room,
13872,38084,66576,museum/indoor,
13873,38084,66576,ballroom,
13874,38084,66576,music_studio,
13875,38084,66600,dressing_room,
13876,38084,66600,clean_room,
13877,38084,66600,shower,
13878,38084,66600,museum/indoor,
13879,38084,66600,locker_room,
13880,38084,66624,dressing_room,
13881,38084,66624,clean_room,
13882,38084,66624,museum/indoor,
13883,38084,66624,operating_room,
13884,38084,66624,hospital_room,
13885,38084,66648,dressing_room,
13886,38084,66648,clean_room,
13887,38084,66648,museum/indoor,
13888,38084,66648,bathroom,
13889,38084,66648,shower,
13890,38084,66672,dressing_room,
13891,38084,66672,clean_room,
13892,38084,66672,music_studio,
13893,38084,66672,museum/indoor,
13894,38084,66672,stage/indoor,
13895,38084,66696,clean_room,
13896,38084,66696,dressing_room,
13897,38084,66696,music_studio,
13898,38084,66696,chemistry_lab,
13899,38084,66696,bathroom,
13900,38084,66720,dining_room,
13901,38084,66720,dressing_room,
13902,38084,66720,living_room,
13903,38084,66720,restaurant,
13904,38084,66720,dining_hall,
13905,38084,66744,bedchamber,
13906,38084,66744,living_room,
13907,38084,66744,nursery,
13908,38084,66744,dining_room,
13909,38084,66744,bedroom,
13910,38084,66768,dressing_room,
13911,38084,66768,jewelry_shop,
13912,38084,66768,bar,
13913,38084,66768,coffee_shop,
13914,38084,66768,museum/indoor,
13915,38084,66792,museum/indoor,
13916,38084,66792,dressing_room,
13917,38084,66792,art_studio,
13918,38084,66792,living_room,
13919,38084,66792,bow_window/indoor,
13920,38084,66816,museum/indoor,
13921,38084,66816,art_studio,
13922,38084,66816,archive,
13923,38084,66816,art_school,
13924,38084,66816,art_gallery,
13925,38084,66840,museum/indoor,
13926,38084,66840,dressing_room,
13927,38084,66840,art_studio,
13928,38084,66840,living_room,
13929,38084,66840,music_studio,
13930,38084,66864,museum/indoor,
13931,38084,66864,living_room,
13932,38084,66864,art_studio,
13933,38084,66864,dressing_room,
13934,38084,66864,art_gallery,
13935,38084,66888,museum/indoor,
13936,38084,66888,stage/indoor,
13937,38084,66888,archive,
13938,38084,66888,ballroom,
13939,38084,66888,discotheque,
13940,38084,66912,dining_room,
13941,38084,66912,living_room,
13942,38084,66912,music_studio,
13943,38084,66912,office,
13944,38084,66912,bow_window/indoor,
13945,38084,66936,living_room,
13946,38084,66936,dining_room,
13947,38084,66936,bow_window/indoor,
13948,38084,66936,nursing_home,
13949,38084,66936,music_studio,
13950,38084,66960,living_room,
13951,38084,66960,bow_window/indoor,
13952,38084,66960,dining_room,
13953,38084,66960,nursing_home,
13954,38084,66960,waiting_room,
13955,38084,66984,living_room,
13956,38084,66984,bow_window/indoor,
13957,38084,66984,dining_room,
13958,38084,66984,lobby,
13959,38084,66984,waiting_room,
13960,38084,67008,living_room,
13961,38084,67008,bow_window/indoor,
13962,38084,67008,beauty_salon,
13963,38084,67008,dining_room,
13964,38084,67008,lobby,
13965,38084,67032,living_room,
13966,38084,67032,beauty_salon,
13967,38084,67032,bow_window/indoor,
13968,38084,67032,dressing_room,
13969,38084,67032,lobby,
13970,38084,67056,bow_window/indoor,
13971,38084,67056,living_room,
13972,38084,67056,museum/indoor,
13973,38084,67056,lobby,
13974,38084,67056,dining_room,
13975,38084,67080,bow_window/indoor,
13976,38084,67080,clean_room,
13977,38084,67080,museum/indoor,
13978,38084,67080,living_room,
13979,38084,67080,television_studio,
13980,38084,67104,dressing_room,
13981,38084,67104,television_studio,
13982,38084,67104,clean_room,
13983,38084,67104,music_studio,
13984,38084,67104,office,
13985,38084,67128,dressing_room,
13986,38084,67128,office,
13987,38084,67128,clean_room,
13988,38084,67128,beauty_salon,
13989,38084,67128,archive,
13990,38084,67152,dressing_room,
13991,38084,67152,clean_room,
13992,38084,67152,office,
13993,38084,67152,nursing_home,
13994,38084,67152,archive,
13995,38084,67176,dressing_room,
13996,38084,67176,office,
13997,38084,67176,clean_room,
13998,38084,67176,nursing_home,
13999,38084,67176,beauty_salon,
14000,38084,67200,dressing_room,
14001,38084,67200,office,
14002,38084,67200,clean_room,
14003,38084,67200,nursing_home,
14004,38084,67200,archive,
14005,38084,67224,dressing_room,
14006,38084,67224,clean_room,
14007,38084,67224,office,
14008,38084,67224,nursing_home,
14009,38084,67224,archive,
14010,38084,67248,dressing_room,
14011,38084,67248,office,
14012,38084,67248,clean_room,
14013,38084,67248,archive,
14014,38084,67248,bow_window/indoor,
14015,38084,67272,dressing_room,
14016,38084,67272,office,
14017,38084,67272,clean_room,
14018,38084,67272,archive,
14019,38084,67272,bow_window/indoor,
14020,38084,67296,dressing_room,
14021,38084,67296,office,
14022,38084,67296,clean_room,
14023,38084,67296,bow_window/indoor,
14024,38084,67296,archive,
14025,38084,67320,dressing_room,
14026,38084,67320,office,
14027,38084,67320,archive,
14028,38084,67320,bow_window/indoor,
14029,38084,67320,clean_room,
14030,38084,67344,dressing_room,
14031,38084,67344,office,
14032,38084,67344,archive,
14033,38084,67344,clean_room,
14034,38084,67344,bow_window/indoor,
14035,38084,67368,dressing_room,
14036,38084,67368,office,
14037,38084,67368,clean_room,
14038,38084,67368,archive,
14039,38084,67368,bow_window/indoor,
14040,38084,67392,dressing_room,
14041,38084,67392,clean_room,
14042,38084,67392,beauty_salon,
14043,38084,67392,office,
14044,38084,67392,bow_window/indoor,
14045,38084,67416,dressing_room,
14046,38084,67416,clean_room,
14047,38084,67416,bow_window/indoor,
14048,38084,67416,office,
14049,38084,67416,beauty_salon,
14050,38084,67440,dressing_room,
14051,38084,67440,bow_window/indoor,
14052,38084,67440,clean_room,
14053,38084,67440,office,
14054,38084,67440,beauty_salon,
14055,38084,67464,bow_window/indoor,
14056,38084,67464,dining_room,
14057,38084,67464,living_room,
14058,38084,67464,dressing_room,
14059,38084,67464,office,
14060,38084,67488,dressing_room,
14061,38084,67488,living_room,
14062,38084,67488,bow_window/indoor,
14063,38084,67488,dining_room,
14064,38084,67488,waiting_room,
14065,38084,67512,dressing_room,
14066,38084,67512,living_room,
14067,38084,67512,bow_window/indoor,
14068,38084,67512,waiting_room,
14069,38084,67512,conference_room,
14070,38084,67536,dressing_room,
14071,38084,67536,bow_window/indoor,
14072,38084,67536,living_room,
14073,38084,67536,dining_room,
14074,38084,67536,conference_room,
14075,38084,67560,bow_window/indoor,
14076,38084,67560,living_room,
14077,38084,67560,dressing_room,
14078,38084,67560,dining_room,
14079,38084,67560,waiting_room,
14080,38084,67584,dressing_room,
14081,38084,67584,bow_window/indoor,
14082,38084,67584,bathroom,
14083,38084,67584,alcove,
14084,38084,67584,closet,
14085,38084,67608,chemistry_lab,
14086,38084,67608,clean_room,
14087,38084,67608,biology_laboratory,
14088,38084,67608,beauty_salon,
14089,38084,67608,bar,
14090,38084,67632,banquet_hall,
14091,38084,67632,dining_hall,
14092,38084,67632,cafeteria,
14093,38084,67632,restaurant,
14094,38084,67632,chemistry_lab,
14095,38084,67656,banquet_hall,
14096,38084,67656,dining_hall,
14097,38084,67656,bar,
14098,38084,67656,cafeteria,
14099,38084,67656,restaurant,
14100,38084,67680,chemistry_lab,
14101,38084,67680,banquet_hall,
14102,38084,67680,dining_hall,
14103,38084,67680,dining_room,
14104,38084,67680,restaurant,
14105,38084,67704,banquet_hall,
14106,38084,67704,dining_hall,
14107,38084,67704,dining_room,
14108,38084,67704,restaurant,
14109,38084,67704,cafeteria,
14110,38084,67728,dining_room,
14111,38084,67728,banquet_hall,
14112,38084,67728,restaurant,
14113,38084,67728,dining_hall,
14114,38084,67728,clean_room,
14115,38084,67752,clean_room,
14116,38084,67752,dressing_room,
14117,38084,67752,dining_room,
14118,38084,67752,beauty_salon,
14119,38084,67752,banquet_hall,
14120,38084,67776,clean_room,
14121,38084,67776,dressing_room,
14122,38084,67776,museum/indoor,
14123,38084,67776,dining_room,
14124,38084,67776,archive,
14125,38084,67800,clean_room,
14126,38084,67800,dressing_room,
14127,38084,67800,museum/indoor,
14128,38084,67800,archive,
14129,38084,67800,dining_room,
14130,38084,67824,clean_room,
14131,38084,67824,dressing_room,
14132,38084,67824,museum/indoor,
14133,38084,67824,archive,
14134,38084,67824,locker_room,
14135,38084,67848,clean_room,
14136,38084,67848,dressing_room,
14137,38084,67848,museum/indoor,
14138,38084,67848,locker_room,
14139,38084,67848,archive,
14140,38084,67872,clean_room,
14141,38084,67872,dressing_room,
14142,38084,67872,museum/indoor,
14143,38084,67872,locker_room,
14144,38084,67872,archive,
14145,38084,67896,clean_room,
14146,38084,67896,dressing_room,
14147,38084,67896,museum/indoor,
14148,38084,67896,locker_room,
14149,38084,67896,bathroom,
14150,38084,67920,clean_room,
14151,38084,67920,dressing_room,
14152,38084,67920,museum/indoor,
14153,38084,67920,locker_room,
14154,38084,67920,clothing_store,
14155,38084,67944,dressing_room,
14156,38084,67944,clean_room,
14157,38084,67944,locker_room,
14158,38084,67944,museum/indoor,
14159,38084,67944,clothing_store,
14160,38084,67968,dressing_room,
14161,38084,67968,clean_room,
14162,38084,67968,locker_room,
14163,38084,67968,museum/indoor,
14164,38084,67968,clothing_store,
14165,38084,67992,clean_room,
14166,38084,67992,dressing_room,
14167,38084,67992,locker_room,
14168,38084,67992,museum/indoor,
14169,38084,67992,beauty_salon,
14170,38084,68016,dressing_room,
14171,38084,68016,clean_room,
14172,38084,68016,beauty_salon,
14173,38084,68016,dining_room,
14174,38084,68016,office,
14175,38084,68040,clean_room,
14176,38084,68040,dressing_room,
14177,38084,68040,banquet_hall,
14178,38084,68040,ballroom,
14179,38084,68040,discotheque,
14180,38084,68064,dressing_room,
14181,38084,68064,clean_room,
14182,38084,68064,museum/indoor,
14183,38084,68064,chemistry_lab,
14184,38084,68064,dining_room,
14185,38084,68088,dressing_room,
14186,38084,68088,clean_room,
14187,38084,68088,beauty_salon,
14188,38084,68088,physics_laboratory,
14189,38084,68088,chemistry_lab,
14190,38084,68112,chemistry_lab,
14191,38084,68112,music_studio,
14192,38084,68112,banquet_hall,
14193,38084,68112,dressing_room,
14194,38084,68112,restaurant,
14195,38084,68136,banquet_hall,
14196,38084,68136,chemistry_lab,
14197,38084,68136,dining_hall,
14198,38084,68136,restaurant,
14199,38084,68136,dining_room,
14200,38084,68160,banquet_hall,
14201,38084,68160,chemistry_lab,
14202,38084,68160,dining_hall,
14203,38084,68160,restaurant,
14204,38084,68160,cafeteria,
14205,38084,68184,banquet_hall,
14206,38084,68184,chemistry_lab,
14207,38084,68184,dining_hall,
14208,38084,68184,restaurant,
14209,38084,68184,dressing_room,
14210,38084,68208,banquet_hall,
14211,38084,68208,dining_hall,
14212,38084,68208,restaurant,
14213,38084,68208,chemistry_lab,
14214,38084,68208,ballroom,
14215,38084,68232,banquet_hall,
14216,38084,68232,dining_hall,
14217,38084,68232,restaurant,
14218,38084,68232,dining_room,
14219,38084,68232,ballroom,
14220,38084,68256,banquet_hall,
14221,38084,68256,dining_hall,
14222,38084,68256,restaurant,
14223,38084,68256,dining_room,
14224,38084,68256,ballroom,
14225,38084,68280,banquet_hall,
14226,38084,68280,dining_hall,
14227,38084,68280,restaurant,
14228,38084,68280,dining_room,
14229,38084,68280,ballroom,
14230,38084,68304,banquet_hall,
14231,38084,68304,dining_hall,
14232,38084,68304,restaurant,
14233,38084,68304,dining_room,
14234,38084,68304,cafeteria,
14235,38084,68328,banquet_hall,
14236,38084,68328,dining_hall,
14237,38084,68328,restaurant,
14238,38084,68328,dining_room,
14239,38084,68328,cafeteria,
14240,38084,68352,banquet_hall,
14241,38084,68352,dining_hall,
14242,38084,68352,restaurant,
14243,38084,68352,dining_room,
14244,38084,68352,cafeteria,
14245,38084,68376,banquet_hall,
14246,38084,68376,dining_hall,
14247,38084,68376,restaurant,
14248,38084,68376,dining_room,
14249,38084,68376,cafeteria,
14250,38084,68400,clean_room,
14251,38084,68400,chemistry_lab,
14252,38084,68400,restaurant,
14253,38084,68400,banquet_hall,
14254,38084,68400,operating_room,
14255,38084,68424,clean_room,
14256,38084,68424,chemistry_lab,
14257,38084,68424,banquet_hall,
14258,38084,68424,restaurant,
14259,38084,68424,operating_room,
14260,38084,68448,clean_room,
14261,38084,68448,chemistry_lab,
14262,38084,68448,operating_room,
14263,38084,68448,banquet_hall,
14264,38084,68448,restaurant,
14265,38084,68472,banquet_hall,
14266,38084,68472,restaurant,
14267,38084,68472,dining_hall,
14268,38084,68472,chemistry_lab,
14269,38084,68472,bar,
14270,38084,68496,banquet_hall,
14271,38084,68496,restaurant,
14272,38084,68496,chemistry_lab,
14273,38084,68496,dining_hall,
14274,38084,68496,dressing_room,
14275,38084,68520,chemistry_lab,
14276,38084,68520,banquet_hall,
14277,38084,68520,restaurant,
14278,38084,68520,clean_room,
14279,38084,68520,dining_hall,
14280,38084,68544,chemistry_lab,
14281,38084,68544,banquet_hall,
14282,38084,68544,clean_room,
14283,38084,68544,restaurant,
14284,38084,68544,dining_hall,
14285,38084,68568,chemistry_lab,
14286,38084,68568,banquet_hall,
14287,38084,68568,restaurant,
14288,38084,68568,clean_room,
14289,38084,68568,bar,
14290,38084,68592,banquet_hall,
14291,38084,68592,chemistry_lab,
14292,38084,68592,restaurant,
14293,38084,68592,dining_hall,
14294,38084,68592,dressing_room,
14295,38084,68616,banquet_hall,
14296,38084,68616,restaurant,
14297,38084,68616,dining_hall,
14298,38084,68616,chemistry_lab,
14299,38084,68616,bar,
14300,38084,68640,banquet_hall,
14301,38084,68640,restaurant,
14302,38084,68640,chemistry_lab,
14303,38084,68640,clean_room,
14304,38084,68640,dining_hall,
14305,38084,68664,banquet_hall,
14306,38084,68664,restaurant,
14307,38084,68664,chemistry_lab,
14308,38084,68664,dining_hall,
14309,38084,68664,bar,
14310,38084,68688,dressing_room,
14311,38084,68688,clean_room,
14312,38084,68688,chemistry_lab,
14313,38084,68688,restaurant,
14314,38084,68688,beauty_salon,
14315,38084,68712,clean_room,
14316,38084,68712,chemistry_lab,
14317,38084,68712,dressing_room,
14318,38084,68712,beauty_salon,
14319,38084,68712,banquet_hall,
14320,38084,68736,banquet_hall,
14321,38084,68736,chemistry_lab,
14322,38084,68736,clean_room,
14323,38084,68736,restaurant,
14324,38084,68736,dressing_room,
14325,38084,68760,clean_room,
14326,38084,68760,chemistry_lab,
14327,38084,68760,banquet_hall,
14328,38084,68760,restaurant,
14329,38084,68760,biology_laboratory,
14330,38084,68784,clean_room,
14331,38084,68784,restaurant,
14332,38084,68784,banquet_hall,
14333,38084,68784,dining_hall,
14334,38084,68784,cafeteria,
14335,38084,68808,clean_room,
14336,38084,68808,restaurant,
14337,38084,68808,banquet_hall,
14338,38084,68808,dining_hall,
14339,38084,68808,restaurant_kitchen,
14340,38084,68832,clean_room,
14341,38084,68832,banquet_hall,
14342,38084,68832,restaurant,
14343,38084,68832,chemistry_lab,
14344,38084,68832,operating_room,
14345,38084,68856,clean_room,
14346,38084,68856,restaurant,
14347,38084,68856,banquet_hall,
14348,38084,68856,chemistry_lab,
14349,38084,68856,cafeteria,
14350,38084,68880,clean_room,
14351,38084,68880,banquet_hall,
14352,38084,68880,restaurant,
14353,38084,68880,chemistry_lab,
14354,38084,68880,discotheque,
14355,38084,68904,clean_room,
14356,38084,68904,chemistry_lab,
14357,38084,68904,discotheque,
14358,38084,68904,banquet_hall,
14359,38084,68904,biology_laboratory,
14360,38084,68928,clean_room,
14361,38084,68928,chemistry_lab,
14362,38084,68928,biology_laboratory,
14363,38084,68928,restaurant,
14364,38084,68928,banquet_hall,
14365,38084,68952,banquet_hall,
14366,38084,68952,clean_room,
14367,38084,68952,restaurant,
14368,38084,68952,chemistry_lab,
14369,38084,68952,dining_hall,
14370,38084,68976,banquet_hall,
14371,38084,68976,chemistry_lab,
14372,38084,68976,dressing_room,
14373,38084,68976,restaurant,
14374,38084,68976,clean_room,
14375,38084,69000,clean_room,
14376,38084,69000,chemistry_lab,
14377,38084,69000,restaurant,
14378,38084,69000,banquet_hall,
14379,38084,69000,biology_laboratory,
14380,38084,69024,clean_room,
14381,38084,69024,chemistry_lab,
14382,38084,69024,banquet_hall,
14383,38084,69024,restaurant,
14384,38084,69024,biology_laboratory,
14385,38084,69048,clean_room,
14386,38084,69048,banquet_hall,
14387,38084,69048,chemistry_lab,
14388,38084,69048,restaurant,
14389,38084,69048,operating_room,
14390,38084,69072,clean_room,
14391,38084,69072,restaurant,
14392,38084,69072,banquet_hall,
14393,38084,69072,chemistry_lab,
14394,38084,69072,discotheque,
14395,38084,69096,clean_room,
14396,38084,69096,banquet_hall,
14397,38084,69096,chemistry_lab,
14398,38084,69096,operating_room,
14399,38084,69096,restaurant,
14400,38084,69120,clean_room,
14401,38084,69120,restaurant,
14402,38084,69120,banquet_hall,
14403,38084,69120,chemistry_lab,
14404,38084,69120,operating_room,
14405,38084,69144,clean_room,
14406,38084,69144,banquet_hall,
14407,38084,69144,restaurant,
14408,38084,69144,chemistry_lab,
14409,38084,69144,operating_room,
14410,38084,69168,clean_room,
14411,38084,69168,banquet_hall,
14412,38084,69168,restaurant,
14413,38084,69168,chemistry_lab,
14414,38084,69168,dining_hall,
14415,38084,69192,clean_room,
14416,38084,69192,chemistry_lab,
14417,38084,69192,restaurant,
14418,38084,69192,banquet_hall,
14419,38084,69192,operating_room,
14420,38084,69216,clean_room,
14421,38084,69216,restaurant,
14422,38084,69216,chemistry_lab,
14423,38084,69216,banquet_hall,
14424,38084,69216,operating_room,
14425,38084,69240,clean_room,
14426,38084,69240,chemistry_lab,
14427,38084,69240,restaurant,
14428,38084,69240,banquet_hall,
14429,38084,69240,discotheque,
14430,38084,69264,clean_room,
14431,38084,69264,chemistry_lab,
14432,38084,69264,banquet_hall,
14433,38084,69264,restaurant,
14434,38084,69264,dressing_room,
14435,38084,69288,clean_room,
14436,38084,69288,chemistry_lab,
14437,38084,69288,dressing_room,
14438,38084,69288,restaurant,
14439,38084,69288,banquet_hall,
14440,38084,69312,chemistry_lab,
14441,38084,69312,clean_room,
14442,38084,69312,banquet_hall,
14443,38084,69312,restaurant,
14444,38084,69312,dressing_room,
14445,38084,69336,chemistry_lab,
14446,38084,69336,banquet_hall,
14447,38084,69336,clean_room,
14448,38084,69336,dressing_room,
14449,38084,69336,restaurant,
14450,38084,69360,banquet_hall,
14451,38084,69360,chemistry_lab,
14452,38084,69360,restaurant,
14453,38084,69360,clean_room,
14454,38084,69360,dressing_room,
14455,38084,69384,clean_room,
14456,38084,69384,chemistry_lab,
14457,38084,69384,operating_room,
14458,38084,69384,banquet_hall,
14459,38084,69384,biology_laboratory,
14460,38084,69408,clean_room,
14461,38084,69408,chemistry_lab,
14462,38084,69408,banquet_hall,
14463,38084,69408,operating_room,
14464,38084,69408,restaurant,
14465,38084,69432,clean_room,
14466,38084,69432,chemistry_lab,
14467,38084,69432,operating_room,
14468,38084,69432,banquet_hall,
14469,38084,69432,biology_laboratory,
14470,38084,69456,clean_room,
14471,38084,69456,chemistry_lab,
14472,38084,69456,dressing_room,
14473,38084,69456,banquet_hall,
14474,38084,69456,restaurant,
14475,38084,69480,chemistry_lab,
14476,38084,69480,restaurant,
14477,38084,69480,clean_room,
14478,38084,69480,banquet_hall,
14479,38084,69480,jewelry_shop,
14480,38084,69504,clean_room,
14481,38084,69504,banquet_hall,
14482,38084,69504,chemistry_lab,
14483,38084,69504,biology_laboratory,
14484,38084,69504,restaurant,
14485,38084,69528,clean_room,
14486,38084,69528,chemistry_lab,
14487,38084,69528,banquet_hall,
14488,38084,69528,biology_laboratory,
14489,38084,69528,operating_room,
14490,38084,69552,clean_room,
14491,38084,69552,chemistry_lab,
14492,38084,69552,biology_laboratory,
14493,38084,69552,banquet_hall,
14494,38084,69552,operating_room,
14495,38084,69576,clean_room,
14496,38084,69576,chemistry_lab,
14497,38084,69576,banquet_hall,
14498,38084,69576,biology_laboratory,
14499,38084,69576,operating_room,
14500,38084,69600,restaurant,
14501,38084,69600,chemistry_lab,
14502,38084,69600,banquet_hall,
14503,38084,69600,clean_room,
14504,38084,69600,bar,
14505,38084,69624,restaurant,
14506,38084,69624,banquet_hall,
14507,38084,69624,chemistry_lab,
14508,38084,69624,bar,
14509,38084,69624,dining_hall,
14510,38084,69648,banquet_hall,
14511,38084,69648,restaurant,
14512,38084,69648,dining_hall,
14513,38084,69648,bar,
14514,38084,69648,ballroom,
14515,38084,69672,clean_room,
14516,38084,69672,chemistry_lab,
14517,38084,69672,banquet_hall,
14518,38084,69672,dressing_room,
14519,38084,69672,physics_laboratory,
14520,38084,69696,banquet_hall,
14521,38084,69696,dining_hall,
14522,38084,69696,restaurant,
14523,38084,69696,chemistry_lab,
14524,38084,69696,cafeteria,
14525,38084,69720,banquet_hall,
14526,38084,69720,dining_hall,
14527,38084,69720,chemistry_lab,
14528,38084,69720,restaurant,
14529,38084,69720,dining_room,
14530,38084,69744,banquet_hall,
14531,38084,69744,dining_hall,
14532,38084,69744,restaurant,
14533,38084,69744,chemistry_lab,
14534,38084,69744,cafeteria,
14535,38084,69768,banquet_hall,
14536,38084,69768,dining_hall,
14537,38084,69768,chemistry_lab,
14538,38084,69768,restaurant,
14539,38084,69768,cafeteria,
14540,38084,69792,banquet_hall,
14541,38084,69792,dining_hall,
14542,38084,69792,chemistry_lab,
14543,38084,69792,restaurant,
14544,38084,69792,cafeteria,
14545,38084,69816,museum/indoor,
14546,38084,69816,beauty_salon,
14547,38084,69816,dressing_room,
14548,38084,69816,clean_room,
14549,38084,69816,chemistry_lab,
14550,38084,69840,clean_room,
14551,38084,69840,museum/indoor,
14552,38084,69840,dressing_room,
14553,38084,69840,locker_room,
14554,38084,69840,stage/indoor,
14555,38084,69864,museum/indoor,
14556,38084,69864,clean_room,
14557,38084,69864,art_gallery,
14558,38084,69864,locker_room,
14559,38084,69864,stage/indoor,
14560,38084,69888,clean_room,
14561,38084,69888,museum/indoor,
14562,38084,69888,art_gallery,
14563,38084,69888,stage/indoor,
14564,38084,69888,archive,
14565,38084,69912,clean_room,
14566,38084,69912,museum/indoor,
14567,38084,69912,dressing_room,
14568,38084,69912,art_gallery,
14569,38084,69912,stage/indoor,
14570,38084,69936,clean_room,
14571,38084,69936,dressing_room,
14572,38084,69936,clothing_store,
14573,38084,69936,museum/indoor,
14574,38084,69936,operating_room,
14575,38084,69960,clean_room,
14576,38084,69960,dressing_room,
14577,38084,69960,operating_room,
14578,38084,69960,hospital_room,
14579,38084,69960,clothing_store,
14580,38084,69984,clean_room,
14581,38084,69984,dressing_room,
14582,38084,69984,operating_room,
14583,38084,69984,hospital_room,
14584,38084,69984,museum/indoor,
14585,38084,70008,clean_room,
14586,38084,70008,museum/indoor,
14587,38084,70008,dressing_room,
14588,38084,70008,art_gallery,
14589,38084,70008,hospital_room,
14590,38084,70032,clean_room,
14591,38084,70032,museum/indoor,
14592,38084,70032,archive,
14593,38084,70032,dressing_room,
14594,38084,70032,locker_room,
14595,38084,70056,clean_room,
14596,38084,70056,museum/indoor,
14597,38084,70056,dressing_room,
14598,38084,70056,art_gallery,
14599,38084,70056,archive,
14600,38084,70080,clean_room,
14601,38084,70080,museum/indoor,
14602,38084,70080,dressing_room,
14603,38084,70080,art_gallery,
14604,38084,70080,archive,
14605,38084,70104,clean_room,
14606,38084,70104,museum/indoor,
14607,38084,70104,art_gallery,
14608,38084,70104,archive,
14609,38084,70104,science_museum,
14610,38084,70128,clean_room,
14611,38084,70128,museum/indoor,
14612,38084,70128,dressing_room,
14613,38084,70128,art_gallery,
14614,38084,70128,science_museum,
14615,38084,70152,clean_room,
14616,38084,70152,dressing_room,
14617,38084,70152,museum/indoor,
14618,38084,70152,art_gallery,
14619,38084,70152,discotheque,
14620,38084,70176,clean_room,
14621,38084,70176,museum/indoor,
14622,38084,70176,dressing_room,
14623,38084,70176,art_gallery,
14624,38084,70176,discotheque,
14625,38084,70200,clean_room,
14626,38084,70200,museum/indoor,
14627,38084,70200,dressing_room,
14628,38084,70200,art_gallery,
14629,38084,70200,discotheque,
14630,38084,70224,museum/indoor,
14631,38084,70224,clean_room,
14632,38084,70224,dressing_room,
14633,38084,70224,art_gallery,
14634,38084,70224,discotheque,
14635,38084,70248,dressing_room,
14636,38084,70248,chemistry_lab,
14637,38084,70248,clean_room,
14638,38084,70248,beauty_salon,
14639,38084,70248,bar,
14640,38084,70272,dressing_room,
14641,38084,70272,chemistry_lab,
14642,38084,70272,clean_room,
14643,38084,70272,beauty_salon,
14644,38084,70272,bar,
14645,38084,70296,dressing_room,
14646,38084,70296,beauty_salon,
14647,38084,70296,chemistry_lab,
14648,38084,70296,clean_room,
14649,38084,70296,bar,
14650,38084,70320,dressing_room,
14651,38084,70320,chemistry_lab,
14652,38084,70320,beauty_salon,
14653,38084,70320,clean_room,
14654,38084,70320,bar,
14655,38084,70344,dressing_room,
14656,38084,70344,beauty_salon,
14657,38084,70344,chemistry_lab,
14658,38084,70344,clean_room,
14659,38084,70344,bar,
14660,38084,70368,dressing_room,
14661,38084,70368,beauty_salon,
14662,38084,70368,bar,
14663,38084,70368,chemistry_lab,
14664,38084,70368,clean_room,
14665,38084,70392,museum/indoor,
14666,38084,70392,dressing_room,
14667,38084,70392,art_gallery,
14668,38084,70392,clean_room,
14669,38084,70392,clothing_store,
14670,38084,70416,clean_room,
14671,38084,70416,dressing_room,
14672,38084,70416,museum/indoor,
14673,38084,70416,clothing_store,
14674,38084,70416,art_gallery,
14675,38084,70440,clean_room,
14676,38084,70440,dressing_room,
14677,38084,70440,museum/indoor,
14678,38084,70440,clothing_store,
14679,38084,70440,locker_room,
14680,38084,70464,clean_room,
14681,38084,70464,clothing_store,
14682,38084,70464,stage/indoor,
14683,38084,70464,museum/indoor,
14684,38084,70464,dressing_room,
14685,38084,70488,dressing_room,
14686,38084,70488,clothing_store,
14687,38084,70488,museum/indoor,
14688,38084,70488,stage/indoor,
14689,38084,70488,art_gallery,
14690,38084,70512,clean_room,
14691,38084,70512,dressing_room,
14692,38084,70512,museum/indoor,
14693,38084,70512,clothing_store,
14694,38084,70512,art_gallery,
14695,38084,70536,clean_room,
14696,38084,70536,museum/indoor,
14697,38084,70536,art_gallery,
14698,38084,70536,archive,
14699,38084,70536,dressing_room,
14700,38084,70560,clean_room,
14701,38084,70560,dressing_room,
14702,38084,70560,museum/indoor,
14703,38084,70560,operating_room,
14704,38084,70560,boxing_ring,
14705,38084,70584,clean_room,
14706,38084,70584,dressing_room,
14707,38084,70584,nursery,
14708,38084,70584,discotheque,
14709,38084,70584,shower,
14710,38084,70608,clean_room,
14711,38084,70608,dressing_room,
14712,38084,70608,operating_room,
14713,38084,70608,nursery,
14714,38084,70608,museum/indoor,
14715,38084,70632,dressing_room,
14716,38084,70632,clean_room,
14717,38084,70632,clothing_store,
14718,38084,70632,museum/indoor,
14719,38084,70632,stage/indoor,
14720,38084,70656,clean_room,
14721,38084,70656,dressing_room,
14722,38084,70656,stage/indoor,
14723,38084,70656,discotheque,
14724,38084,70656,clothing_store,
14725,38084,70680,dressing_room,
14726,38084,70680,clean_room,
14727,38084,70680,stage/indoor,
14728,38084,70680,discotheque,
14729,38084,70680,locker_room,
14730,38084,70704,clean_room,
14731,38084,70704,locker_room,
14732,38084,70704,discotheque,
14733,38084,70704,stage/indoor,
14734,38084,70704,dressing_room,
14735,38084,70728,clean_room,
14736,38084,70728,dressing_room,
14737,38084,70728,locker_room,
14738,38084,70728,discotheque,
14739,38084,70728,stage/indoor,
14740,38084,70752,clean_room,
14741,38084,70752,stage/indoor,
14742,38084,70752,music_studio,
14743,38084,70752,discotheque,
14744,38084,70752,dressing_room,
14745,38084,70776,clean_room,
14746,38084,70776,dressing_room,
14747,38084,70776,chemistry_lab,
14748,38084,70776,archive,
14749,38084,70776,beauty_salon,
14750,38084,70800,clean_room,
14751,38084,70800,archive,
14752,38084,70800,dressing_room,
14753,38084,70800,chemistry_lab,
14754,38084,70800,physics_laboratory,
14755,38084,70824,dressing_room,
14756,38084,70824,clean_room,
14757,38084,70824,archive,
14758,38084,70824,chemistry_lab,
14759,38084,70824,locker_room,
14760,38084,70848,clean_room,
14761,38084,70848,archive,
14762,38084,70848,chemistry_lab,
14763,38084,70848,dressing_room,
14764,38084,70848,physics_laboratory,
14765,38084,70872,dressing_room,
14766,38084,70872,clean_room,
14767,38084,70872,archive,
14768,38084,70872,chemistry_lab,
14769,38084,70872,office,
14770,38084,70896,clean_room,
14771,38084,70896,dressing_room,
14772,38084,70896,archive,
14773,38084,70896,chemistry_lab,
14774,38084,70896,museum/indoor,
14775,38084,70920,dressing_room,
14776,38084,70920,archive,
14777,38084,70920,clean_room,
14778,38084,70920,chemistry_lab,
14779,38084,70920,museum/indoor,
14780,38084,70944,archive,
14781,38084,70944,clean_room,
14782,38084,70944,dressing_room,
14783,38084,70944,chemistry_lab,
14784,38084,70944,museum/indoor,
14785,38084,70968,archive,
14786,38084,70968,clean_room,
14787,38084,70968,dressing_room,
14788,38084,70968,chemistry_lab,
14789,38084,70968,museum/indoor,
14790,38084,70992,clean_room,
14791,38084,70992,archive,
14792,38084,70992,dressing_room,
14793,38084,70992,chemistry_lab,
14794,38084,70992,museum/indoor,
14795,38084,71016,clean_room,
14796,38084,71016,archive,
14797,38084,71016,dressing_room,
14798,38084,71016,chemistry_lab,
14799,38084,71016,museum/indoor,
14800,38084,71040,clean_room,
14801,38084,71040,archive,
14802,38084,71040,dressing_room,
14803,38084,71040,chemistry_lab,
14804,38084,71040,museum/indoor,
14805,38084,71064,dressing_room,
14806,38084,71064,discotheque,
14807,38084,71064,shower,
14808,38084,71064,stage/indoor,
14809,38084,71064,music_studio,
14810,38084,71088,stage/indoor,
14811,38084,71088,shower,
14812,38084,71088,museum/indoor,
14813,38084,71088,discotheque,
14814,38084,71088,dressing_room,
14815,38084,71112,shower,
14816,38084,71112,discotheque,
14817,38084,71112,dressing_room,
14818,38084,71112,museum/indoor,
14819,38084,71112,stage/indoor,
14820,38084,71136,stage/indoor,
14821,38084,71136,museum/indoor,
14822,38084,71136,shower,
14823,38084,71136,discotheque,
14824,38084,71136,art_gallery,
14825,38084,71160,stage/indoor,
14826,38084,71160,museum/indoor,
14827,38084,71160,discotheque,
14828,38084,71160,shower,
14829,38084,71160,beauty_salon,
14830,38084,71184,shower,
14831,38084,71184,discotheque,
14832,38084,71184,dressing_room,
14833,38084,71184,beauty_salon,
14834,38084,71184,stage/indoor,
14835,38084,71208,shower,
14836,38084,71208,discotheque,
14837,38084,71208,dressing_room,
14838,38084,71208,bathroom,
14839,38084,71208,beauty_salon,
14840,38084,71232,shower,
14841,38084,71232,discotheque,
14842,38084,71232,dressing_room,
14843,38084,71232,bathroom,
14844,38084,71232,stage/indoor,
14845,38084,71256,shower,
14846,38084,71256,discotheque,
14847,38084,71256,dressing_room,
14848,38084,71256,bathroom,
14849,38084,71256,beauty_salon,
14850,38084,71280,shower,
14851,38084,71280,discotheque,
14852,38084,71280,dressing_room,
14853,38084,71280,chemistry_lab,
14854,38084,71280,beauty_salon,
14855,38084,71304,discotheque,
14856,38084,71304,shower,
14857,38084,71304,dressing_room,
14858,38084,71304,chemistry_lab,
14859,38084,71304,stage/indoor,
14860,38084,71328,discotheque,
14861,38084,71328,stage/indoor,
14862,38084,71328,shower,
14863,38084,71328,dressing_room,
14864,38084,71328,museum/indoor,
14865,38084,71352,discotheque,
14866,38084,71352,shower,
14867,38084,71352,aquarium,
14868,38084,71352,bathroom,
14869,38084,71352,hospital_room,
14870,38084,71376,shower,
14871,38084,71376,discotheque,
14872,38084,71376,bathroom,
14873,38084,71376,aquarium,
14874,38084,71376,beauty_salon,
14875,38084,71400,discotheque,
14876,38084,71400,aquarium,
14877,38084,71400,shower,
14878,38084,71400,hot_spring,
14879,38084,71400,igloo,
14880,38084,71424,discotheque,
14881,38084,71424,aquarium,
14882,38084,71424,stage/indoor,
14883,38084,71424,iceberg,
14884,38084,71424,sky,
14885,38084,71448,aquarium,
14886,38084,71448,discotheque,
14887,38084,71448,igloo,
14888,38084,71448,shower,
14889,38084,71448,stage/indoor,
14890,38084,71472,shower,
14891,38084,71472,bathroom,
14892,38084,71472,discotheque,
14893,38084,71472,aquarium,
14894,38084,71472,music_studio,
14895,38084,71496,discotheque,
14896,38084,71496,shower,
14897,38084,71496,bathroom,
14898,38084,71496,boxing_ring,
14899,38084,71496,jacuzzi/indoor,
14900,38084,71520,discotheque,
14901,38084,71520,shower,
14902,38084,71520,bathroom,
14903,38084,71520,dressing_room,
14904,38084,71520,boxing_ring,
14905,38084,71544,discotheque,
14906,38084,71544,shower,
14907,38084,71544,bathroom,
14908,38084,71544,aquarium,
14909,38084,71544,dressing_room,
14910,38084,71568,discotheque,
14911,38084,71568,shower,
14912,38084,71568,bathroom,
14913,38084,71568,science_museum,
14914,38084,71568,dressing_room,
14915,38084,71592,discotheque,
14916,38084,71592,shower,
14917,38084,71592,bathroom,
14918,38084,71592,science_museum,
14919,38084,71592,aquarium,
14920,38084,71616,discotheque,
14921,38084,71616,shower,
14922,38084,71616,stage/indoor,
14923,38084,71616,boxing_ring,
14924,38084,71616,museum/indoor,
14925,38084,71640,discotheque,
14926,38084,71640,stage/indoor,
14927,38084,71640,dressing_room,
14928,38084,71640,museum/indoor,
14929,38084,71640,art_gallery,
14930,38084,71664,discotheque,
14931,38084,71664,dressing_room,
14932,38084,71664,shower,
14933,38084,71664,stage/indoor,
14934,38084,71664,boxing_ring,
14935,38084,71688,discotheque,
14936,38084,71688,stage/indoor,
14937,38084,71688,shower,
14938,38084,71688,boxing_ring,
14939,38084,71688,music_studio,
14940,38084,71712,discotheque,
14941,38084,71712,dressing_room,
14942,38084,71712,stage/indoor,
14943,38084,71712,shower,
14944,38084,71712,beauty_salon,
14945,38084,71736,discotheque,
14946,38084,71736,dressing_room,
14947,38084,71736,shower,
14948,38084,71736,stage/indoor,
14949,38084,71736,beauty_salon,
14950,38084,71760,discotheque,
14951,38084,71760,shower,
14952,38084,71760,dressing_room,
14953,38084,71760,stage/indoor,
14954,38084,71760,beauty_salon,
14955,38084,71784,discotheque,
14956,38084,71784,shower,
14957,38084,71784,stage/indoor,
14958,38084,71784,dressing_room,
14959,38084,71784,beauty_salon,
14960,38084,71808,discotheque,
14961,38084,71808,shower,
14962,38084,71808,stage/indoor,
14963,38084,71808,dressing_room,
14964,38084,71808,beauty_salon,
14965,38084,71832,discotheque,
14966,38084,71832,stage/indoor,
14967,38084,71832,shower,
14968,38084,71832,dressing_room,
14969,38084,71832,beauty_salon,
14970,38084,71856,discotheque,
14971,38084,71856,stage/indoor,
14972,38084,71856,shower,
14973,38084,71856,music_studio,
14974,38084,71856,dressing_room,
14975,38084,71880,dressing_room,
14976,38084,71880,discotheque,
14977,38084,71880,shower,
14978,38084,71880,stage/indoor,
14979,38084,71880,music_studio,
14980,38084,71904,dressing_room,
14981,38084,71904,discotheque,
14982,38084,71904,stage/indoor,
14983,38084,71904,shower,
14984,38084,71904,music_studio,
14985,38084,71928,dressing_room,
14986,38084,71928,stage/indoor,
14987,38084,71928,discotheque,
14988,38084,71928,shower,
14989,38084,71928,music_studio,
14990,38084,71952,dressing_room,
14991,38084,71952,clean_room,
14992,38084,71952,bow_window/indoor,
14993,38084,71952,jail_cell,
14994,38084,71952,sauna,
14995,38084,71976,living_room,
14996,38084,71976,office,
14997,38084,71976,home_office,
14998,38084,71976,bow_window/indoor,
14999,38084,71976,waiting_room,
15000,38084,72000,living_room,
15001,38084,72000,office,
15002,38084,72000,home_office,
15003,38084,72000,bow_window/indoor,
15004,38084,72000,dining_room,
15005,38084,72024,museum/indoor,
15006,38084,72024,stage/indoor,
15007,38084,72024,cemetery,
15008,38084,72024,clean_room,
15009,38084,72024,music_studio,
15010,38084,72048,stage/indoor,
15011,38084,72048,museum/indoor,
15012,38084,72048,music_studio,
15013,38084,72048,clean_room,
15014,38084,72048,discotheque,
15015,38084,72072,clean_room,
15016,38084,72072,operating_room,
15017,38084,72072,museum/indoor,
15018,38084,72072,hospital_room,
15019,38084,72072,stage/indoor,
15020,38084,72096,museum/indoor,
15021,38084,72096,art_gallery,
15022,38084,72096,science_museum,
15023,38084,72096,fountain,
15024,38084,72096,clean_room,
15025,38084,72120,nursery,
15026,38084,72120,dining_room,
15027,38084,72120,clean_room,
15028,38084,72120,living_room,
15029,38084,72120,dressing_room,
15030,38084,72144,boxing_ring,
15031,38084,72144,clean_room,
15032,38084,72144,hospital_room,
15033,38084,72144,classroom,
15034,38084,72144,martial_arts_gym,
15035,38084,72168,hospital_room,
15036,38084,72168,discotheque,
15037,38084,72168,nursery,
15038,38084,72168,clean_room,
15039,38084,72168,dressing_room,
15040,38084,72192,discotheque,
15041,38084,72192,clean_room,
15042,38084,72192,dressing_room,
15043,38084,72192,shower,
15044,38084,72192,art_gallery,
15045,38084,72216,clean_room,
15046,38084,72216,shower,
15047,38084,72216,discotheque,
15048,38084,72216,dressing_room,
15049,38084,72216,chemistry_lab,
15050,38084,72240,locker_room,
15051,38084,72240,clean_room,
15052,38084,72240,shower,
15053,38084,72240,jail_cell,
15054,38084,72240,bathroom,
15055,38084,72264,locker_room,
15056,38084,72264,clean_room,
15057,38084,72264,shower,
15058,38084,72264,dressing_room,
15059,38084,72264,elevator/door,
15060,38084,72288,clean_room,
15061,38084,72288,locker_room,
15062,38084,72288,shower,
15063,38084,72288,dressing_room,
15064,38084,72288,elevator/door,
15065,38084,72312,clean_room,
15066,38084,72312,locker_room,
15067,38084,72312,museum/indoor,
15068,38084,72312,shower,
15069,38084,72312,jail_cell,
15070,38084,72336,clean_room,
15071,38084,72336,locker_room,
15072,38084,72336,jail_cell,
15073,38084,72336,shower,
15074,38084,72336,chemistry_lab,
15075,38084,72360,shower,
15076,38084,72360,clean_room,
15077,38084,72360,elevator/door,
15078,38084,72360,bathroom,
15079,38084,72360,bow_window/indoor,
15080,38084,72384,shower,
15081,38084,72384,bow_window/indoor,
15082,38084,72384,closet,
15083,38084,72384,dressing_room,
15084,38084,72384,nursery,
15085,38084,72408,hotel_room,
15086,38084,72408,bedchamber,
15087,38084,72408,bow_window/indoor,
15088,38084,72408,living_room,
15089,38084,72408,nursery,
15090,38084,72432,living_room,
15091,38084,72432,hotel_room,
15092,38084,72432,bow_window/indoor,
15093,38084,72432,bedchamber,
15094,38084,72432,nursery,
15095,38084,72456,hotel_room,
15096,38084,72456,bow_window/indoor,
15097,38084,72456,living_room,
15098,38084,72456,bedchamber,
15099,38084,72456,nursery,
15100,38084,72480,dressing_room,
15101,38084,72480,living_room,
15102,38084,72480,bathroom,
15103,38084,72480,bow_window/indoor,
15104,38084,72480,beauty_salon,
15105,38084,72504,dressing_room,
15106,38084,72504,bathroom,
15107,38084,72504,living_room,
15108,38084,72504,locker_room,
15109,38084,72504,beauty_salon,
15110,38084,72528,dressing_room,
15111,38084,72528,bathroom,
15112,38084,72528,living_room,
15113,38084,72528,bow_window/indoor,
15114,38084,72528,locker_room,
15115,38084,72552,dressing_room,
15116,38084,72552,bathroom,
15117,38084,72552,locker_room,
15118,38084,72552,nursery,
15119,38084,72552,living_room,
15120,38084,72576,dressing_room,
15121,38084,72576,bathroom,
15122,38084,72576,bow_window/indoor,
15123,38084,72576,living_room,
15124,38084,72576,nursery,
15125,38084,72600,nursery,
15126,38084,72600,living_room,
15127,38084,72600,dressing_room,
15128,38084,72600,bow_window/indoor,
15129,38084,72600,bathroom,
15130,38084,72624,dressing_room,
15131,38084,72624,living_room,
15132,38084,72624,television_studio,
15133,38084,72624,locker_room,
15134,38084,72624,beauty_salon,
15135,38084,72648,dressing_room,
15136,38084,72648,living_room,
15137,38084,72648,beauty_salon,
15138,38084,72648,television_studio,
15139,38084,72648,bathroom,
15140,38084,72672,dressing_room,
15141,38084,72672,living_room,
15142,38084,72672,bathroom,
15143,38084,72672,beauty_salon,
15144,38084,72672,locker_room,
15145,38084,72696,dressing_room,
15146,38084,72696,living_room,
15147,38084,72696,bathroom,
15148,38084,72696,hotel_room,
15149,38084,72696,beauty_salon,
15150,38084,72720,dressing_room,
15151,38084,72720,hotel_room,
15152,38084,72720,living_room,
15153,38084,72720,bow_window/indoor,
15154,38084,72720,nursery,
15155,38084,72744,hotel_room,
15156,38084,72744,bedchamber,
15157,38084,72744,bedroom,
15158,38084,72744,youth_hostel,
15159,38084,72744,nursery,
15160,38084,72768,bedchamber,
15161,38084,72768,hotel_room,
15162,38084,72768,nursery,
15163,38084,72768,bedroom,
15164,38084,72768,bow_window/indoor,
15165,38084,72792,clean_room,
15166,38084,72792,elevator/door,
15167,38084,72792,archive,
15168,38084,72792,pantry,
15169,38084,72792,closet,
15170,38084,72816,museum/indoor,
15171,38084,72816,art_gallery,
15172,38084,72816,elevator/door,
15173,38084,72816,clean_room,
15174,38084,72816,archive,
15175,38084,72840,clean_room,
15176,38084,72840,museum/indoor,
15177,38084,72840,dressing_room,
15178,38084,72840,art_gallery,
15179,38084,72840,archive,
15180,38084,72864,conference_room,
15181,38084,72864,airplane_cabin,
15182,38084,72864,clean_room,
15183,38084,72864,conference_center,
15184,38084,72864,office,
15185,38084,72888,dressing_room,
15186,38084,72888,clean_room,
15187,38084,72888,beauty_salon,
15188,38084,72888,bathroom,
15189,38084,72888,archive,
15190,38084,72912,clean_room,
15191,38084,72912,dressing_room,
15192,38084,72912,bathroom,
15193,38084,72912,shower,
15194,38084,72912,museum/indoor,
15195,38084,72936,clean_room,
15196,38084,72936,dressing_room,
15197,38084,72936,museum/indoor,
15198,38084,72936,bathroom,
15199,38084,72936,art_gallery,
15200,38084,72960,dressing_room,
15201,38084,72960,clean_room,
15202,38084,72960,locker_room,
15203,38084,72960,museum/indoor,
15204,38084,72960,bathroom,
15205,38084,72984,dressing_room,
15206,38084,72984,clean_room,
15207,38084,72984,locker_room,
15208,38084,72984,museum/indoor,
15209,38084,72984,bathroom,
15210,38084,73008,clean_room,
15211,38084,73008,dressing_room,
15212,38084,73008,museum/indoor,
15213,38084,73008,art_gallery,
15214,38084,73008,locker_room,
15215,38084,73032,dressing_room,
15216,38084,73032,clean_room,
15217,38084,73032,museum/indoor,
15218,38084,73032,art_gallery,
15219,38084,73032,locker_room,
15220,38084,73056,museum/indoor,
15221,38084,73056,dressing_room,
15222,38084,73056,clean_room,
15223,38084,73056,art_gallery,
15224,38084,73056,natural_history_museum,
15225,38084,73080,clean_room,
15226,38084,73080,atrium/public,
15227,38084,73080,museum/indoor,
15228,38084,73080,science_museum,
15229,38084,73080,chemistry_lab,
15230,38084,73104,dressing_room,
15231,38084,73104,clean_room,
15232,38084,73104,beauty_salon,
15233,38084,73104,bathroom,
15234,38084,73104,shower,
15235,38084,73128,dressing_room,
15236,38084,73128,clean_room,
15237,38084,73128,bathroom,
15238,38084,73128,elevator_lobby,
15239,38084,73128,airplane_cabin,
15240,38084,73152,shower,
15241,38084,73152,dressing_room,
15242,38084,73152,bathroom,
15243,38084,73152,clean_room,
15244,38084,73152,museum/indoor,
15245,38084,73176,museum/indoor,
15246,38084,73176,art_gallery,
15247,38084,73176,clean_room,
15248,38084,73176,natural_history_museum,
15249,38084,73176,nursing_home,
15250,38084,73200,discotheque,
15251,38084,73200,dressing_room,
15252,38084,73200,ballroom,
15253,38084,73200,museum/indoor,
15254,38084,73200,stage/indoor,
15255,38084,73224,dressing_room,
15256,38084,73224,nursing_home,
15257,38084,73224,office,
15258,38084,73224,museum/indoor,
15259,38084,73224,clean_room,
15260,38084,73248,dressing_room,
15261,38084,73248,museum/indoor,
15262,38084,73248,ballroom,
15263,38084,73248,nursing_home,
15264,38084,73248,clean_room,
15265,38084,73272,office,
15266,38084,73272,clean_room,
15267,38084,73272,dressing_room,
15268,38084,73272,music_studio,
15269,38084,73272,museum/indoor,
15270,38084,73296,museum/indoor,
15271,38084,73296,dressing_room,
15272,38084,73296,art_gallery,
15273,38084,73296,art_studio,
15274,38084,73296,clean_room,
15275,38084,73320,dressing_room,
15276,38084,73320,museum/indoor,
15277,38084,73320,art_gallery,
15278,38084,73320,clothing_store,
15279,38084,73320,clean_room,
15280,38084,73344,dressing_room,
15281,38084,73344,museum/indoor,
15282,38084,73344,clean_room,
15283,38084,73344,beauty_salon,
15284,38084,73344,nursing_home,
15285,38084,73368,museum/indoor,
15286,38084,73368,dressing_room,
15287,38084,73368,nursing_home,
15288,38084,73368,art_gallery,
15289,38084,73368,beauty_salon,
15290,38084,73392,museum/indoor,
15291,38084,73392,dressing_room,
15292,38084,73392,nursing_home,
15293,38084,73392,office,
15294,38084,73392,clean_room,
15295,38084,73416,dressing_room,
15296,38084,73416,museum/indoor,
15297,38084,73416,beauty_salon,
15298,38084,73416,clothing_store,
15299,38084,73416,art_studio,
15300,38084,73440,dressing_room,
15301,38084,73440,museum/indoor,
15302,38084,73440,art_studio,
15303,38084,73440,art_gallery,
15304,38084,73440,music_studio,
15305,38084,73464,dressing_room,
15306,38084,73464,museum/indoor,
15307,38084,73464,clothing_store,
15308,38084,73464,clean_room,
15309,38084,73464,art_gallery,
15310,38084,73488,dressing_room,
15311,38084,73488,bathroom,
15312,38084,73488,clean_room,
15313,38084,73488,shower,
15314,38084,73488,beauty_salon,
15315,38084,73512,dressing_room,
15316,38084,73512,bathroom,
15317,38084,73512,beauty_salon,
15318,38084,73512,living_room,
15319,38084,73512,hotel_room,
15320,38084,73536,dressing_room,
15321,38084,73536,bathroom,
15322,38084,73536,beauty_salon,
15323,38084,73536,living_room,
15324,38084,73536,clean_room,
15325,38084,73560,dressing_room,
15326,38084,73560,clean_room,
15327,38084,73560,shower,
15328,38084,73560,bathroom,
15329,38084,73560,jewelry_shop,
15330,38084,73584,dressing_room,
15331,38084,73584,clothing_store,
15332,38084,73584,clean_room,
15333,38084,73584,museum/indoor,
15334,38084,73584,jewelry_shop,
15335,38084,73608,dressing_room,
15336,38084,73608,banquet_hall,
15337,38084,73608,museum/indoor,
15338,38084,73608,clothing_store,
15339,38084,73608,ballroom,
15340,38084,73632,dressing_room,
15341,38084,73632,banquet_hall,
15342,38084,73632,museum/indoor,
15343,38084,73632,restaurant,
15344,38084,73632,beauty_salon,
15345,38084,73656,dressing_room,
15346,38084,73656,clean_room,
15347,38084,73656,clothing_store,
15348,38084,73656,beauty_salon,
15349,38084,73656,banquet_hall,
15350,38084,73680,dressing_room,
15351,38084,73680,clean_room,
15352,38084,73680,clothing_store,
15353,38084,73680,beauty_salon,
15354,38084,73680,jewelry_shop,
15355,38084,73704,dressing_room,
15356,38084,73704,clean_room,
15357,38084,73704,clothing_store,
15358,38084,73704,museum/indoor,
15359,38084,73704,beauty_salon,
15360,38084,73728,dressing_room,
15361,38084,73728,clean_room,
15362,38084,73728,clothing_store,
15363,38084,73728,museum/indoor,
15364,38084,73728,beauty_salon,
15365,38084,73752,dressing_room,
15366,38084,73752,clean_room,
15367,38084,73752,museum/indoor,
15368,38084,73752,beauty_salon,
15369,38084,73752,clothing_store,
15370,38084,73776,clean_room,
15371,38084,73776,museum/indoor,
15372,38084,73776,dressing_room,
15373,38084,73776,jewelry_shop,
15374,38084,73776,beauty_salon,
15375,38084,73800,dressing_room,
15376,38084,73800,beauty_salon,
15377,38084,73800,clean_room,
15378,38084,73800,jewelry_shop,
15379,38084,73800,clothing_store,
15380,38084,73824,clean_room,
15381,38084,73824,dressing_room,
15382,38084,73824,clothing_store,
15383,38084,73824,bathroom,
15384,38084,73824,shower,
15385,38084,73848,clean_room,
15386,38084,73848,dressing_room,
15387,38084,73848,clothing_store,
15388,38084,73848,bathroom,
15389,38084,73848,museum/indoor,
15390,38084,73872,clean_room,
15391,38084,73872,dressing_room,
15392,38084,73872,clothing_store,
15393,38084,73872,bathroom,
15394,38084,73872,locker_room,
15395,38084,73896,dressing_room,
15396,38084,73896,clean_room,
15397,38084,73896,clothing_store,
15398,38084,73896,bathroom,
15399,38084,73896,shower,
15400,38084,73920,dressing_room,
15401,38084,73920,clean_room,
15402,38084,73920,clothing_store,
15403,38084,73920,nursery,
15404,38084,73920,museum/indoor,
15405,38084,73944,dressing_room,
15406,38084,73944,clothing_store,
15407,38084,73944,museum/indoor,
15408,38084,73944,clean_room,
15409,38084,73944,bathroom,
15410,38084,73968,dressing_room,
15411,38084,73968,jewelry_shop,
15412,38084,73968,beauty_salon,
15413,38084,73968,bathroom,
15414,38084,73968,ice_cream_parlor,
15415,38084,73992,dressing_room,
15416,38084,73992,beauty_salon,
15417,38084,73992,jewelry_shop,
15418,38084,73992,discotheque,
15419,38084,73992,bar,
15420,38084,74016,dressing_room,
15421,38084,74016,bathroom,
15422,38084,74016,beauty_salon,
15423,38084,74016,shower,
15424,38084,74016,discotheque,
15425,38084,74040,dressing_room,
15426,38084,74040,nursery,
15427,38084,74040,discotheque,
15428,38084,74040,bathroom,
15429,38084,74040,kindergarden_classroom,
15430,38084,74064,dressing_room,
15431,38084,74064,discotheque,
15432,38084,74064,nursery,
15433,38084,74064,bathroom,
15434,38084,74064,shower,
15435,38084,74088,dressing_room,
15436,38084,74088,nursery,
15437,38084,74088,discotheque,
15438,38084,74088,jewelry_shop,
15439,38084,74088,bathroom,
15440,38084,74112,dressing_room,
15441,38084,74112,nursery,
15442,38084,74112,discotheque,
15443,38084,74112,bathroom,
15444,38084,74112,beauty_salon,
15445,38084,74136,dressing_room,
15446,38084,74136,discotheque,
15447,38084,74136,nursery,
15448,38084,74136,kindergarden_classroom,
15449,38084,74136,beauty_salon,
15450,38084,74160,dressing_room,
15451,38084,74160,clean_room,
15452,38084,74160,bathroom,
15453,38084,74160,shower,
15454,38084,74160,clothing_store,
15455,38084,74184,dressing_room,
15456,38084,74184,clean_room,
15457,38084,74184,clothing_store,
15458,38084,74184,museum/indoor,
15459,38084,74184,nursery,
15460,38084,74208,dressing_room,
15461,38084,74208,clean_room,
15462,38084,74208,museum/indoor,
15463,38084,74208,clothing_store,
15464,38084,74208,shower,
15465,38084,74232,dressing_room,
15466,38084,74232,clean_room,
15467,38084,74232,clothing_store,
15468,38084,74232,locker_room,
15469,38084,74232,museum/indoor,
15470,38084,74256,clean_room,
15471,38084,74256,dressing_room,
15472,38084,74256,clothing_store,
15473,38084,74256,nursery,
15474,38084,74256,operating_room,
15475,38084,74280,clean_room,
15476,38084,74280,dressing_room,
15477,38084,74280,clothing_store,
15478,38084,74280,operating_room,
15479,38084,74280,physics_laboratory,
15480,38084,74304,clean_room,
15481,38084,74304,operating_room,
15482,38084,74304,dressing_room,
15483,38084,74304,beauty_salon,
15484,38084,74304,clothing_store,
15485,38084,74328,clean_room,
15486,38084,74328,operating_room,
15487,38084,74328,dressing_room,
15488,38084,74328,beauty_salon,
15489,38084,74328,clothing_store,
15490,38084,74352,clean_room,
15491,38084,74352,operating_room,
15492,38084,74352,dressing_room,
15493,38084,74352,beauty_salon,
15494,38084,74352,clothing_store,
15495,38084,74376,dressing_room,
15496,38084,74376,museum/indoor,
15497,38084,74376,beauty_salon,
15498,38084,74376,chemistry_lab,
15499,38084,74376,clean_room,
15500,38084,74400,dressing_room,
15501,38084,74400,beauty_salon,
15502,38084,74400,chemistry_lab,
15503,38084,74400,museum/indoor,
15504,38084,74400,bar,
15505,38084,74424,dressing_room,
15506,38084,74424,beauty_salon,
15507,38084,74424,chemistry_lab,
15508,38084,74424,music_studio,
15509,38084,74424,museum/indoor,
15510,38084,74448,dressing_room,
15511,38084,74448,museum/indoor,
15512,38084,74448,beauty_salon,
15513,38084,74448,music_studio,
15514,38084,74448,chemistry_lab,
15515,38084,74472,clean_room,
15516,38084,74472,operating_room,
15517,38084,74472,dressing_room,
15518,38084,74472,clothing_store,
15519,38084,74472,beauty_salon,
15520,38084,74496,clean_room,
15521,38084,74496,operating_room,
15522,38084,74496,dressing_room,
15523,38084,74496,clothing_store,
15524,38084,74496,beauty_salon,
15525,38084,74520,clean_room,
15526,38084,74520,dressing_room,
15527,38084,74520,beauty_salon,
15528,38084,74520,operating_room,
15529,38084,74520,clothing_store,
15530,38084,74544,dressing_room,
15531,38084,74544,beauty_salon,
15532,38084,74544,bathroom,
15533,38084,74544,clean_room,
15534,38084,74544,clothing_store,
15535,38084,74568,clean_room,
15536,38084,74568,shower,
15537,38084,74568,bathroom,
15538,38084,74568,art_gallery,
15539,38084,74568,museum/indoor,
15540,38084,74592,clean_room,
15541,38084,74592,science_museum,
15542,38084,74592,clothing_store,
15543,38084,74592,museum/indoor,
15544,38084,74592,elevator/door,
15545,38084,74616,clean_room,
15546,38084,74616,chemistry_lab,
15547,38084,74616,biology_laboratory,
15548,38084,74616,beauty_salon,
15549,38084,74616,physics_laboratory,
15550,38084,74640,clean_room,
15551,38084,74640,dressing_room,
15552,38084,74640,dining_room,
15553,38084,74640,chemistry_lab,
15554,38084,74640,beauty_salon,
15555,38084,74664,chemistry_lab,
15556,38084,74664,dressing_room,
15557,38084,74664,clean_room,
15558,38084,74664,dining_room,
15559,38084,74664,biology_laboratory,
15560,38084,74688,chemistry_lab,
15561,38084,74688,dressing_room,
15562,38084,74688,clean_room,
15563,38084,74688,biology_laboratory,
15564,38084,74688,music_studio,
15565,38084,74712,banquet_hall,
15566,38084,74712,dining_hall,
15567,38084,74712,ballroom,
15568,38084,74712,dining_room,
15569,38084,74712,chemistry_lab,
15570,38084,74736,dressing_room,
15571,38084,74736,chemistry_lab,
15572,38084,74736,dining_room,
15573,38084,74736,clean_room,
15574,38084,74736,banquet_hall,
15575,38084,74760,dressing_room,
15576,38084,74760,dining_room,
15577,38084,74760,chemistry_lab,
15578,38084,74760,banquet_hall,
15579,38084,74760,dining_hall,
15580,38084,74784,chemistry_lab,
15581,38084,74784,music_studio,
15582,38084,74784,dressing_room,
15583,38084,74784,clean_room,
15584,38084,74784,dining_room,
15585,38084,74808,dressing_room,
15586,38084,74808,dining_room,
15587,38084,74808,music_studio,
15588,38084,74808,chemistry_lab,
15589,38084,74808,banquet_hall,
15590,38084,74832,dressing_room,
15591,38084,74832,banquet_hall,
15592,38084,74832,dining_room,
15593,38084,74832,restaurant,
15594,38084,74832,dining_hall,
15595,38084,74856,dressing_room,
15596,38084,74856,chemistry_lab,
15597,38084,74856,dining_room,
15598,38084,74856,banquet_hall,
15599,38084,74856,restaurant,
15600,38084,74880,dressing_room,
15601,38084,74880,dining_room,
15602,38084,74880,chemistry_lab,
15603,38084,74880,restaurant,
15604,38084,74880,banquet_hall,
15605,38084,74904,dressing_room,
15606,38084,74904,chemistry_lab,
15607,38084,74904,banquet_hall,
15608,38084,74904,dining_room,
15609,38084,74904,dining_hall,
15610,38084,74928,dressing_room,
15611,38084,74928,clean_room,
15612,38084,74928,chemistry_lab,
15613,38084,74928,museum/indoor,
15614,38084,74928,banquet_hall,
15615,38084,74952,clean_room,
15616,38084,74952,dressing_room,
15617,38084,74952,chemistry_lab,
15618,38084,74952,physics_laboratory,
15619,38084,74952,discotheque,
15620,38084,74976,clean_room,
15621,38084,74976,dressing_room,
15622,38084,74976,locker_room,
15623,38084,74976,art_gallery,
15624,38084,74976,museum/indoor,
15625,38084,75000,clean_room,
15626,38084,75000,dressing_room,
15627,38084,75000,shower,
15628,38084,75000,bathroom,
15629,38084,75000,art_gallery,
15630,38084,75024,dressing_room,
15631,38084,75024,clean_room,
15632,38084,75024,clothing_store,
15633,38084,75024,beauty_salon,
15634,38084,75024,bathroom,
15635,38084,75048,clean_room,
15636,38084,75048,dressing_room,
15637,38084,75048,clothing_store,
15638,38084,75048,beauty_salon,
15639,38084,75048,bathroom,
15640,38084,75072,dressing_room,
15641,38084,75072,clean_room,
15642,38084,75072,clothing_store,
15643,38084,75072,beauty_salon,
15644,38084,75072,bathroom,
15645,38084,75096,clean_room,
15646,38084,75096,dressing_room,
15647,38084,75096,beauty_salon,
15648,38084,75096,clothing_store,
15649,38084,75096,bathroom,
15650,38084,75120,dressing_room,
15651,38084,75120,shower,
15652,38084,75120,bathroom,
15653,38084,75120,clean_room,
15654,38084,75120,nursery,
15655,38084,75144,clean_room,
15656,38084,75144,dressing_room,
15657,38084,75144,bathroom,
15658,38084,75144,jewelry_shop,
15659,38084,75144,beauty_salon,
15660,38084,75168,clean_room,
15661,38084,75168,dressing_room,
15662,38084,75168,clothing_store,
15663,38084,75168,jewelry_shop,
15664,38084,75168,shower,
15665,38084,75192,dressing_room,
15666,38084,75192,clean_room,
15667,38084,75192,clothing_store,
15668,38084,75192,jewelry_shop,
15669,38084,75192,beauty_salon,
15670,38084,75216,dressing_room,
15671,38084,75216,beauty_salon,
15672,38084,75216,clean_room,
15673,38084,75216,jewelry_shop,
15674,38084,75216,clothing_store,
15675,38084,75240,clean_room,
15676,38084,75240,dressing_room,
15677,38084,75240,beauty_salon,
15678,38084,75240,jewelry_shop,
15679,38084,75240,clothing_store,
15680,38084,75264,clean_room,
15681,38084,75264,museum/indoor,
15682,38084,75264,art_gallery,
15683,38084,75264,dressing_room,
15684,38084,75264,clothing_store,
15685,38084,75288,elevator/door,
15686,38084,75288,museum/indoor,
15687,38084,75288,clean_room,
15688,38084,75288,elevator_lobby,
15689,38084,75288,art_gallery,
15690,38084,75312,clean_room,
15691,38084,75312,dressing_room,
15692,38084,75312,bathroom,
15693,38084,75312,elevator/door,
15694,38084,75312,museum/indoor,
15695,38084,75336,dressing_room,
15696,38084,75336,clean_room,
15697,38084,75336,bathroom,
15698,38084,75336,shower,
15699,38084,75336,elevator/door,
15700,38084,75360,dressing_room,
15701,38084,75360,clean_room,
15702,38084,75360,elevator/door,
15703,38084,75360,closet,
15704,38084,75360,locker_room,
15705,38084,75384,dressing_room,
15706,38084,75384,clean_room,
15707,38084,75384,locker_room,
15708,38084,75384,bathroom,
15709,38084,75384,beauty_salon,
15710,38084,75408,dressing_room,
15711,38084,75408,clean_room,
15712,38084,75408,museum/indoor,
15713,38084,75408,clothing_store,
15714,38084,75408,art_gallery,
15715,38084,75432,dressing_room,
15716,38084,75432,clean_room,
15717,38084,75432,clothing_store,
15718,38084,75432,nursing_home,
15719,38084,75432,music_studio,
15720,38084,75456,dressing_room,
15721,38084,75456,clean_room,
15722,38084,75456,beauty_salon,
15723,38084,75456,shower,
15724,38084,75456,bathroom,
15725,38084,75480,dressing_room,
15726,38084,75480,beauty_salon,
15727,38084,75480,clean_room,
15728,38084,75480,bathroom,
15729,38084,75480,shower,
15730,38084,75504,dressing_room,
15731,38084,75504,clean_room,
15732,38084,75504,bathroom,
15733,38084,75504,museum/indoor,
15734,38084,75504,airplane_cabin,
15735,38084,75528,dressing_room,
15736,38084,75528,clean_room,
15737,38084,75528,bathroom,
15738,38084,75528,locker_room,
15739,38084,75528,laundromat,
15740,38084,75552,dressing_room,
15741,38084,75552,bathroom,
15742,38084,75552,shower,
15743,38084,75552,clean_room,
15744,38084,75552,museum/indoor,
15745,38084,75576,dressing_room,
15746,38084,75576,bathroom,
15747,38084,75576,shower,
15748,38084,75576,clothing_store,
15749,38084,75576,beauty_salon,
15750,38084,75600,dressing_room,
15751,38084,75600,clean_room,
15752,38084,75600,clothing_store,
15753,38084,75600,beauty_salon,
15754,38084,75600,museum/indoor,
15755,38084,75624,dressing_room,
15756,38084,75624,discotheque,
15757,38084,75624,clothing_store,
15758,38084,75624,ballroom,
15759,38084,75624,stage/indoor,
15760,38084,75648,dressing_room,
15761,38084,75648,clean_room,
15762,38084,75648,museum/indoor,
15763,38084,75648,art_gallery,
15764,38084,75648,clothing_store,
15765,38084,75672,dressing_room,
15766,38084,75672,clean_room,
15767,38084,75672,clothing_store,
15768,38084,75672,art_gallery,
15769,38084,75672,beauty_salon,
15770,38084,75696,dressing_room,
15771,38084,75696,clean_room,
15772,38084,75696,clothing_store,
15773,38084,75696,beauty_salon,
15774,38084,75696,museum/indoor,
15775,38084,75720,dressing_room,
15776,38084,75720,clean_room,
15777,38084,75720,clothing_store,
15778,38084,75720,museum/indoor,
15779,38084,75720,art_gallery,
15780,38084,75744,dressing_room,
15781,38084,75744,clean_room,
15782,38084,75744,beauty_salon,
15783,38084,75744,shower,
15784,38084,75744,dining_room,
15785,38084,75768,dressing_room,
15786,38084,75768,clean_room,
15787,38084,75768,locker_room,
15788,38084,75768,bathroom,
15789,38084,75768,elevator/door,
15790,38084,75792,clean_room,
15791,38084,75792,dressing_room,
15792,38084,75792,locker_room,
15793,38084,75792,elevator/door,
15794,38084,75792,archive,
15795,38084,75816,clean_room,
15796,38084,75816,dressing_room,
15797,38084,75816,locker_room,
15798,38084,75816,elevator/door,
15799,38084,75816,bathroom,
15800,38084,75840,clean_room,
15801,38084,75840,dressing_room,
15802,38084,75840,locker_room,
15803,38084,75840,bathroom,
15804,38084,75840,archive,
15805,38084,75864,clean_room,
15806,38084,75864,dressing_room,
15807,38084,75864,locker_room,
15808,38084,75864,beauty_salon,
15809,38084,75864,elevator/door,
15810,38084,75888,clean_room,
15811,38084,75888,dressing_room,
15812,38084,75888,elevator/door,
15813,38084,75888,locker_room,
15814,38084,75888,bank_vault,
15815,38084,75912,dressing_room,
15816,38084,75912,clean_room,
15817,38084,75912,elevator/door,
15818,38084,75912,bathroom,
15819,38084,75912,shower,
15820,38084,75936,airplane_cabin,
15821,38084,75936,clean_room,
15822,38084,75936,dressing_room,
15823,38084,75936,discotheque,
15824,38084,75936,beauty_salon,
15825,38084,75960,clean_room,
15826,38084,75960,dressing_room,
15827,38084,75960,airplane_cabin,
15828,38084,75960,hospital_room,
15829,38084,75960,operating_room,
15830,38084,75984,dressing_room,
15831,38084,75984,clean_room,
15832,38084,75984,airplane_cabin,
15833,38084,75984,hospital_room,
15834,38084,75984,office,
15835,38084,76008,clean_room,
15836,38084,76008,dressing_room,
15837,38084,76008,hospital_room,
15838,38084,76008,airplane_cabin,
15839,38084,76008,operating_room,
15840,38084,76032,clean_room,
15841,38084,76032,dressing_room,
15842,38084,76032,hospital_room,
15843,38084,76032,operating_room,
15844,38084,76032,office,
15845,38084,76056,clean_room,
15846,38084,76056,dressing_room,
15847,38084,76056,hospital_room,
15848,38084,76056,office,
15849,38084,76056,operating_room,
15850,38084,76080,clean_room,
15851,38084,76080,dressing_room,
15852,38084,76080,hospital_room,
15853,38084,76080,operating_room,
15854,38084,76080,airplane_cabin,
15855,38084,76104,clean_room,
15856,38084,76104,dressing_room,
15857,38084,76104,shower,
15858,38084,76104,museum/indoor,
15859,38084,76104,bathroom,
15860,38084,76128,dressing_room,
15861,38084,76128,beauty_salon,
15862,38084,76128,jewelry_shop,
15863,38084,76128,museum/indoor,
15864,38084,76128,bathroom,
15865,38084,76152,beauty_salon,
15866,38084,76152,clothing_store,
15867,38084,76152,airplane_cabin,
15868,38084,76152,dressing_room,
15869,38084,76152,museum/indoor,
15870,38084,76176,dressing_room,
15871,38084,76176,clean_room,
15872,38084,76176,chemistry_lab,
15873,38084,76176,ice_cream_parlor,
15874,38084,76176,beauty_salon,
15875,38084,76200,dressing_room,
15876,38084,76200,museum/indoor,
15877,38084,76200,discotheque,
15878,38084,76200,bathroom,
15879,38084,76200,beauty_salon,
15880,38084,76224,dressing_room,
15881,38084,76224,discotheque,
15882,38084,76224,beauty_salon,
15883,38084,76224,museum/indoor,
15884,38084,76224,ballroom,
15885,38084,76248,dressing_room,
15886,38084,76248,discotheque,
15887,38084,76248,museum/indoor,
15888,38084,76248,beauty_salon,
15889,38084,76248,ballroom,
15890,38084,76272,dressing_room,
15891,38084,76272,discotheque,
15892,38084,76272,museum/indoor,
15893,38084,76272,beauty_salon,
15894,38084,76272,clothing_store,
15895,38084,76296,dressing_room,
15896,38084,76296,discotheque,
15897,38084,76296,museum/indoor,
15898,38084,76296,clothing_store,
15899,38084,76296,beauty_salon,
15900,38084,76320,dressing_room,
15901,38084,76320,discotheque,
15902,38084,76320,museum/indoor,
15903,38084,76320,beauty_salon,
15904,38084,76320,clothing_store,
15905,38084,76344,dressing_room,
15906,38084,76344,museum/indoor,
15907,38084,76344,discotheque,
15908,38084,76344,clean_room,
15909,38084,76344,beauty_salon,
15910,38084,76368,dressing_room,
15911,38084,76368,beauty_salon,
15912,38084,76368,museum/indoor,
15913,38084,76368,discotheque,
15914,38084,76368,ballroom,
15915,38084,76392,clean_room,
15916,38084,76392,dressing_room,
15917,38084,76392,discotheque,
15918,38084,76392,art_gallery,
15919,38084,76392,museum/indoor,
15920,38084,76416,dressing_room,
15921,38084,76416,clean_room,
15922,38084,76416,shower,
15923,38084,76416,bathroom,
15924,38084,76416,beauty_salon,
15925,38084,76440,clean_room,
15926,38084,76440,dressing_room,
15927,38084,76440,beauty_salon,
15928,38084,76440,chemistry_lab,
15929,38084,76440,bathroom,
15930,38084,76464,clean_room,
15931,38084,76464,dressing_room,
15932,38084,76464,beauty_salon,
15933,38084,76464,bathroom,
15934,38084,76464,operating_room,
15935,38084,76488,dressing_room,
15936,38084,76488,clean_room,
15937,38084,76488,beauty_salon,
15938,38084,76488,bathroom,
15939,38084,76488,shower,
15940,38084,76512,dressing_room,
15941,38084,76512,clean_room,
15942,38084,76512,bathroom,
15943,38084,76512,beauty_salon,
15944,38084,76512,shower,
15945,38084,76536,dressing_room,
15946,38084,76536,clean_room,
15947,38084,76536,beauty_salon,
15948,38084,76536,bathroom,
15949,38084,76536,operating_room,
15950,38084,76560,dressing_room,
15951,38084,76560,clean_room,
15952,38084,76560,beauty_salon,
15953,38084,76560,operating_room,
15954,38084,76560,hospital_room,
15955,38084,76584,dressing_room,
15956,38084,76584,clean_room,
15957,38084,76584,beauty_salon,
15958,38084,76584,bathroom,
15959,38084,76584,operating_room,
15960,38084,76608,dressing_room,
15961,38084,76608,clean_room,
15962,38084,76608,beauty_salon,
15963,38084,76608,nursing_home,
15964,38084,76608,hospital_room,
15965,38084,76632,dressing_room,
15966,38084,76632,clean_room,
15967,38084,76632,beauty_salon,
15968,38084,76632,nursing_home,
15969,38084,76632,bathroom,
15970,38084,76656,dressing_room,
15971,38084,76656,clean_room,
15972,38084,76656,beauty_salon,
15973,38084,76656,bathroom,
15974,38084,76656,nursery,
15975,38084,76680,dressing_room,
15976,38084,76680,clean_room,
15977,38084,76680,beauty_salon,
15978,38084,76680,bathroom,
15979,38084,76680,nursery,
15980,38084,76704,clean_room,
15981,38084,76704,dressing_room,
15982,38084,76704,beauty_salon,
15983,38084,76704,bathroom,
15984,38084,76704,nursery,
15985,38084,76728,bathroom,
15986,38084,76728,shower,
15987,38084,76728,jewelry_shop,
15988,38084,76728,clean_room,
15989,38084,76728,beauty_salon,
15990,38084,76752,bathroom,
15991,38084,76752,jewelry_shop,
15992,38084,76752,shower,
15993,38084,76752,beauty_salon,
15994,38084,76752,clean_room,
15995,38084,76776,science_museum,
15996,38084,76776,clean_room,
15997,38084,76776,natural_history_museum,
15998,38084,76776,bathroom,
15999,38084,76776,shower,
16000,38084,76800,desert/sand,
16001,38084,76800,lake/natural,
16002,38084,76800,marsh,
16003,38084,76800,beach,
16004,38084,76800,pond,
16005,38084,76824,dining_room,
16006,38084,76824,restaurant,
16007,38084,76824,cafeteria,
16008,38084,76824,dining_hall,
16009,38084,76824,coffee_shop,
16010,38084,76848,library/indoor,
16011,38084,76848,archive,
16012,38084,76848,physics_laboratory,
16013,38084,76848,chemistry_lab,
16014,38084,76848,dining_room,
16015,38084,76872,dining_room,
16016,38084,76872,library/indoor,
16017,38084,76872,restaurant,
16018,38084,76872,dining_hall,
16019,38084,76872,cafeteria,
16020,38084,76896,library/indoor,
16021,38084,76896,archive,
16022,38084,76896,dining_room,
16023,38084,76896,dining_hall,
16024,38084,76896,classroom,
16025,38084,76920,library/indoor,
16026,38084,76920,archive,
16027,38084,76920,chemistry_lab,
16028,38084,76920,dining_room,
16029,38084,76920,dining_hall,
16030,38084,76944,library/indoor,
16031,38084,76944,dining_room,
16032,38084,76944,chemistry_lab,
16033,38084,76944,archive,
16034,38084,76944,physics_laboratory,
16035,38084,76968,chemistry_lab,
16036,38084,76968,restaurant,
16037,38084,76968,library/indoor,
16038,38084,76968,dining_room,
16039,38084,76968,cafeteria,
16040,38084,76992,dressing_room,
16041,38084,76992,archive,
16042,38084,76992,clean_room,
16043,38084,76992,office,
16044,38084,76992,beauty_salon,
16045,38084,77016,living_room,
16046,38084,77016,bow_window/indoor,
16047,38084,77016,bathroom,
16048,38084,77016,dining_room,
16049,38084,77016,shower,
16050,38084,77040,dining_room,
16051,38084,77040,living_room,
16052,38084,77040,bow_window/indoor,
16053,38084,77040,waiting_room,
16054,38084,77040,recreation_room,
16055,38084,77064,dining_room,
16056,38084,77064,dining_hall,
16057,38084,77064,restaurant,
16058,38084,77064,cafeteria,
16059,38084,77064,library/indoor,
16060,38084,77088,dining_hall,
16061,38084,77088,dining_room,
16062,38084,77088,cafeteria,
16063,38084,77088,restaurant,
16064,38084,77088,banquet_hall,
16065,38084,77112,clean_room,
16066,38084,77112,dining_room,
16067,38084,77112,dining_hall,
16068,38084,77112,classroom,
16069,38084,77112,beauty_salon,
16070,38084,77136,dining_room,
16071,38084,77136,dining_hall,
16072,38084,77136,banquet_hall,
16073,38084,77136,conference_room,
16074,38084,77136,clean_room,
16075,38084,77160,dining_room,
16076,38084,77160,dining_hall,
16077,38084,77160,restaurant,
16078,38084,77160,banquet_hall,
16079,38084,77160,cafeteria,
16080,38084,77184,dining_room,
16081,38084,77184,dining_hall,
16082,38084,77184,banquet_hall,
16083,38084,77184,cafeteria,
16084,38084,77184,restaurant,
16085,38084,77208,dining_room,
16086,38084,77208,dining_hall,
16087,38084,77208,banquet_hall,
16088,38084,77208,restaurant,
16089,38084,77208,bow_window/indoor,
16090,38084,77232,dining_room,
16091,38084,77232,dining_hall,
16092,38084,77232,banquet_hall,
16093,38084,77232,living_room,
16094,38084,77232,conference_room,
16095,38084,77256,dining_room,
16096,38084,77256,dining_hall,
16097,38084,77256,bow_window/indoor,
16098,38084,77256,banquet_hall,
16099,38084,77256,living_room,
16100,38084,77280,dining_room,
16101,38084,77280,dining_hall,
16102,38084,77280,banquet_hall,
16103,38084,77280,conference_room,
16104,38084,77280,restaurant,
16105,38084,77304,dining_room,
16106,38084,77304,dining_hall,
16107,38084,77304,banquet_hall,
16108,38084,77304,conference_room,
16109,38084,77304,restaurant,
16110,38084,77328,dining_room,
16111,38084,77328,dining_hall,
16112,38084,77328,banquet_hall,
16113,38084,77328,bow_window/indoor,
16114,38084,77328,living_room,
16115,38084,77352,dining_room,
16116,38084,77352,dining_hall,
16117,38084,77352,banquet_hall,
16118,38084,77352,restaurant,
16119,38084,77352,cafeteria,
16120,38084,77376,dining_room,
16121,38084,77376,dining_hall,
16122,38084,77376,banquet_hall,
16123,38084,77376,restaurant,
16124,38084,77376,cafeteria,
16125,38084,77400,dining_room,
16126,38084,77400,dining_hall,
16127,38084,77400,banquet_hall,
16128,38084,77400,restaurant,
16129,38084,77400,cafeteria,
16130,38084,77424,dining_room,
16131,38084,77424,dining_hall,
16132,38084,77424,banquet_hall,
16133,38084,77424,restaurant,
16134,38084,77424,cafeteria,
16135,38084,77448,dining_room,
16136,38084,77448,dining_hall,
16137,38084,77448,banquet_hall,
16138,38084,77448,restaurant,
16139,38084,77448,cafeteria,
16140,38084,77472,dining_room,
16141,38084,77472,dining_hall,
16142,38084,77472,banquet_hall,
16143,38084,77472,restaurant,
16144,38084,77472,cafeteria,
16145,38084,77496,dining_room,
16146,38084,77496,dining_hall,
16147,38084,77496,banquet_hall,
16148,38084,77496,restaurant,
16149,38084,77496,cafeteria,
16150,38084,77520,dining_room,
16151,38084,77520,bow_window/indoor,
16152,38084,77520,living_room,
16153,38084,77520,clean_room,
16154,38084,77520,waiting_room,
16155,38084,77544,dining_room,
16156,38084,77544,jewelry_shop,
16157,38084,77544,living_room,
16158,38084,77544,beauty_salon,
16159,38084,77544,clean_room,
16160,38084,77568,living_room,
16161,38084,77568,artists_loft,
16162,38084,77568,reception,
16163,38084,77568,beauty_salon,
16164,38084,77568,jewelry_shop,
16165,38084,77592,living_room,
16166,38084,77592,artists_loft,
16167,38084,77592,bow_window/indoor,
16168,38084,77592,dining_room,
16169,38084,77592,waiting_room,
16170,38084,77616,living_room,
16171,38084,77616,dining_room,
16172,38084,77616,bow_window/indoor,
16173,38084,77616,lobby,
16174,38084,77616,coffee_shop,
16175,38084,77640,dining_room,
16176,38084,77640,dining_hall,
16177,38084,77640,banquet_hall,
16178,38084,77640,restaurant,
16179,38084,77640,conference_room,
16180,38084,77664,restaurant,
16181,38084,77664,dining_room,
16182,38084,77664,dining_hall,
16183,38084,77664,banquet_hall,
16184,38084,77664,cafeteria,
16185,38084,77688,banquet_hall,
16186,38084,77688,dining_room,
16187,38084,77688,bow_window/indoor,
16188,38084,77688,dining_hall,
16189,38084,77688,clean_room,
16190,38084,77712,bow_window/indoor,
16191,38084,77712,banquet_hall,
16192,38084,77712,dining_room,
16193,38084,77712,dining_hall,
16194,38084,77712,living_room,
16195,38084,77736,bow_window/indoor,
16196,38084,77736,living_room,
16197,38084,77736,dining_room,
16198,38084,77736,banquet_hall,
16199,38084,77736,clean_room,
16200,38084,77760,art_gallery,
16201,38084,77760,museum/indoor,
16202,38084,77760,archive,
16203,38084,77760,office,
16204,38084,77760,clean_room,
16205,38084,77784,art_gallery,
16206,38084,77784,museum/indoor,
16207,38084,77784,office,
16208,38084,77784,archive,
16209,38084,77784,clean_room,
16210,38084,77808,archive,
16211,38084,77808,art_gallery,
16212,38084,77808,clean_room,
16213,38084,77808,office,
16214,38084,77808,museum/indoor,
16215,38084,77832,archive,
16216,38084,77832,clean_room,
16217,38084,77832,office,
16218,38084,77832,art_gallery,
16219,38084,77832,museum/indoor,
16220,38084,77856,archive,
16221,38084,77856,clean_room,
16222,38084,77856,art_gallery,
16223,38084,77856,museum/indoor,
16224,38084,77856,office,
16225,38084,77880,archive,
16226,38084,77880,clean_room,
16227,38084,77880,art_gallery,
16228,38084,77880,museum/indoor,
16229,38084,77880,nursing_home,
16230,38084,77904,archive,
16231,38084,77904,clean_room,
16232,38084,77904,art_gallery,
16233,38084,77904,museum/indoor,
16234,38084,77904,office,
16235,38084,77928,archive,
16236,38084,77928,clean_room,
16237,38084,77928,art_gallery,
16238,38084,77928,museum/indoor,
16239,38084,77928,nursing_home,
16240,38084,77952,museum/indoor,
16241,38084,77952,art_gallery,
16242,38084,77952,clean_room,
16243,38084,77952,archive,
16244,38084,77952,office,
16245,38084,77976,museum/indoor,
16246,38084,77976,art_gallery,
16247,38084,77976,archive,
16248,38084,77976,dressing_room,
16249,38084,77976,clean_room,
16250,38084,78000,conference_room,
16251,38084,78000,dining_room,
16252,38084,78000,waiting_room,
16253,38084,78000,office,
16254,38084,78000,living_room,
16255,38084,78024,bow_window/indoor,
16256,38084,78024,shower,
16257,38084,78024,atrium/public,
16258,38084,78024,clean_room,
16259,38084,78024,bathroom,
16260,38084,78048,archive,
16261,38084,78048,bow_window/indoor,
16262,38084,78048,shower,
16263,38084,78048,server_room,
16264,38084,78048,clean_room,
16265,38084,78072,archive,
16266,38084,78072,server_room,
16267,38084,78072,shower,
16268,38084,78072,doorway/outdoor,
16269,38084,78072,bank_vault,
16270,38084,78096,archive,
16271,38084,78096,shower,
16272,38084,78096,server_room,
16273,38084,78096,doorway/outdoor,
16274,38084,78096,elevator/door,
16275,38084,78120,archive,
16276,38084,78120,shower,
16277,38084,78120,server_room,
16278,38084,78120,doorway/outdoor,
16279,38084,78120,bank_vault,
16280,38084,78144,server_room,
16281,38084,78144,apartment_building/outdoor,
16282,38084,78144,skyscraper,
16283,38084,78144,archive,
16284,38084,78144,office_building,
16285,38084,78168,bow_window/indoor,
16286,38084,78168,archive,
16287,38084,78168,server_room,
16288,38084,78168,apartment_building/outdoor,
16289,38084,78168,office_building,
16290,38084,78192,archive,
16291,38084,78192,server_room,
16292,38084,78192,bow_window/indoor,
16293,38084,78192,apartment_building/outdoor,
16294,38084,78192,office_building,
16295,38084,78216,archive,
16296,38084,78216,server_room,
16297,38084,78216,bow_window/indoor,
16298,38084,78216,office_building,
16299,38084,78216,apartment_building/outdoor,
16300,38084,78240,museum/indoor,
16301,38084,78240,clean_room,
16302,38084,78240,archive,
16303,38084,78240,dressing_room,
16304,38084,78240,physics_laboratory,
16305,38084,78264,museum/indoor,
16306,38084,78264,archive,
16307,38084,78264,clean_room,
16308,38084,78264,dressing_room,
16309,38084,78264,physics_laboratory,
16310,38084,78288,archive,
16311,38084,78288,museum/indoor,
16312,38084,78288,clean_room,
16313,38084,78288,dressing_room,
16314,38084,78288,physics_laboratory,
16315,38084,78312,museum/indoor,
16316,38084,78312,archive,
16317,38084,78312,clean_room,
16318,38084,78312,dressing_room,
16319,38084,78312,physics_laboratory,
16320,38084,78336,museum/indoor,
16321,38084,78336,archive,
16322,38084,78336,clean_room,
16323,38084,78336,dressing_room,
16324,38084,78336,physics_laboratory,
16325,38084,78360,museum/indoor,
16326,38084,78360,archive,
16327,38084,78360,clean_room,
16328,38084,78360,physics_laboratory,
16329,38084,78360,dressing_room,
16330,38084,78384,archive,
16331,38084,78384,museum/indoor,
16332,38084,78384,clean_room,
16333,38084,78384,dressing_room,
16334,38084,78384,physics_laboratory,
16335,38084,78408,archive,
16336,38084,78408,museum/indoor,
16337,38084,78408,physics_laboratory,
16338,38084,78408,clean_room,
16339,38084,78408,office,
16340,38084,78432,museum/indoor,
16341,38084,78432,archive,
16342,38084,78432,art_gallery,
16343,38084,78432,clean_room,
16344,38084,78432,physics_laboratory,
16345,38084,78456,archive,
16346,38084,78456,office,
16347,38084,78456,clean_room,
16348,38084,78456,museum/indoor,
16349,38084,78456,library/indoor,
16350,38084,78480,archive,
16351,38084,78480,clean_room,
16352,38084,78480,office,
16353,38084,78480,physics_laboratory,
16354,38084,78480,museum/indoor,
16355,38084,78504,archive,
16356,38084,78504,museum/indoor,
16357,38084,78504,clean_room,
16358,38084,78504,library/indoor,
16359,38084,78504,office,
16360,38084,78528,museum/indoor,
16361,38084,78528,archive,
16362,38084,78528,office,
16363,38084,78528,conference_center,
16364,38084,78528,clean_room,
16365,38084,78552,museum/indoor,
16366,38084,78552,archive,
16367,38084,78552,clean_room,
16368,38084,78552,office,
16369,38084,78552,art_gallery,
16370,38084,78576,museum/indoor,
16371,38084,78576,archive,
16372,38084,78576,clean_room,
16373,38084,78576,office,
16374,38084,78576,art_gallery,
16375,38084,78600,museum/indoor,
16376,38084,78600,archive,
16377,38084,78600,office,
16378,38084,78600,clean_room,
16379,38084,78600,lecture_room,
16380,38084,78624,museum/indoor,
16381,38084,78624,archive,
16382,38084,78624,clean_room,
16383,38084,78624,office,
16384,38084,78624,lecture_room,
16385,38084,78648,museum/indoor,
16386,38084,78648,archive,
16387,38084,78648,clean_room,
16388,38084,78648,office,
16389,38084,78648,dressing_room,
16390,38084,78672,museum/indoor,
16391,38084,78672,archive,
16392,38084,78672,office,
16393,38084,78672,clean_room,
16394,38084,78672,lecture_room,
16395,38084,78696,archive,
16396,38084,78696,museum/indoor,
16397,38084,78696,office,
16398,38084,78696,library/indoor,
16399,38084,78696,clean_room,
16400,38084,78720,archive,
16401,38084,78720,museum/indoor,
16402,38084,78720,clean_room,
16403,38084,78720,office,
16404,38084,78720,nursing_home,
16405,38084,78744,museum/indoor,
16406,38084,78744,archive,
16407,38084,78744,office,
16408,38084,78744,clean_room,
16409,38084,78744,lecture_room,
16410,38084,78768,museum/indoor,
16411,38084,78768,archive,
16412,38084,78768,office,
16413,38084,78768,clean_room,
16414,38084,78768,lecture_room,
16415,38084,78792,museum/indoor,
16416,38084,78792,archive,
16417,38084,78792,clean_room,
16418,38084,78792,office,
16419,38084,78792,dressing_room,
16420,38084,78816,museum/indoor,
16421,38084,78816,archive,
16422,38084,78816,clean_room,
16423,38084,78816,office,
16424,38084,78816,dressing_room,
16425,38084,78840,archive,
16426,38084,78840,museum/indoor,
16427,38084,78840,office,
16428,38084,78840,library/indoor,
16429,38084,78840,clean_room,
16430,38084,78864,museum/indoor,
16431,38084,78864,archive,
16432,38084,78864,office,
16433,38084,78864,clean_room,
16434,38084,78864,lecture_room,
16435,38084,78888,museum/indoor,
16436,38084,78888,archive,
16437,38084,78888,clean_room,
16438,38084,78888,office,
16439,38084,78888,art_gallery,
16440,38084,78912,archive,
16441,38084,78912,museum/indoor,
16442,38084,78912,office,
16443,38084,78912,clean_room,
16444,38084,78912,bow_window/indoor,
16445,38084,78936,museum/indoor,
16446,38084,78936,archive,
16447,38084,78936,office,
16448,38084,78936,clean_room,
16449,38084,78936,lecture_room,
16450,38084,78960,archive,
16451,38084,78960,museum/indoor,
16452,38084,78960,clean_room,
16453,38084,78960,office,
16454,38084,78960,nursing_home,
16455,38084,78984,museum/indoor,
16456,38084,78984,archive,
16457,38084,78984,clean_room,
16458,38084,78984,office,
16459,38084,78984,dressing_room,
16460,38084,79008,museum/indoor,
16461,38084,79008,archive,
16462,38084,79008,clean_room,
16463,38084,79008,office,
16464,38084,79008,library/indoor,
16465,38084,79032,bow_window/indoor,
16466,38084,79032,museum/indoor,
16467,38084,79032,clean_room,
16468,38084,79032,waiting_room,
16469,38084,79032,archive,
16470,38084,79056,office,
16471,38084,79056,museum/indoor,
16472,38084,79056,archive,
16473,38084,79056,bow_window/indoor,
16474,38084,79056,clean_room,
16475,38084,79080,museum/indoor,
16476,38084,79080,clean_room,
16477,38084,79080,archive,
16478,38084,79080,music_studio,
16479,38084,79080,dressing_room,
16480,38084,79104,museum/indoor,
16481,38084,79104,archive,
16482,38084,79104,clean_room,
16483,38084,79104,office,
16484,38084,79104,nursing_home,
16485,38084,79128,museum/indoor,
16486,38084,79128,archive,
16487,38084,79128,clean_room,
16488,38084,79128,office,
16489,38084,79128,art_gallery,
16490,38084,79152,archive,
16491,38084,79152,museum/indoor,
16492,38084,79152,office,
16493,38084,79152,clean_room,
16494,38084,79152,art_gallery,
16495,38084,79176,archive,
16496,38084,79176,office,
16497,38084,79176,clean_room,
16498,38084,79176,museum/indoor,
16499,38084,79176,nursing_home,
16500,38084,79200,clean_room,
16501,38084,79200,bow_window/indoor,
16502,38084,79200,dressing_room,
16503,38084,79200,shower,
16504,38084,79200,locker_room,
16505,38084,79224,locker_room,
16506,38084,79224,bow_window/indoor,
16507,38084,79224,jail_cell,
16508,38084,79224,bank_vault,
16509,38084,79224,shower,
16510,38084,79248,clean_room,
16511,38084,79248,bow_window/indoor,
16512,38084,79248,beauty_salon,
16513,38084,79248,dressing_room,
16514,38084,79248,chemistry_lab,
16515,38084,79272,chemistry_lab,
16516,38084,79272,clean_room,
16517,38084,79272,shower,
16518,38084,79272,bathroom,
16519,38084,79272,bow_window/indoor,
16520,38084,79296,clean_room,
16521,38084,79296,shower,
16522,38084,79296,chemistry_lab,
16523,38084,79296,locker_room,
16524,38084,79296,sauna,
16525,38084,79320,clean_room,
16526,38084,79320,chemistry_lab,
16527,38084,79320,dressing_room,
16528,38084,79320,archive,
16529,38084,79320,classroom,
16530,38084,79344,dining_room,
16531,38084,79344,clean_room,
16532,38084,79344,dressing_room,
16533,38084,79344,library/indoor,
16534,38084,79344,archive,
16535,38084,79368,bow_window/indoor,
16536,38084,79368,museum/indoor,
16537,38084,79368,clean_room,
16538,38084,79368,archive,
16539,38084,79368,jewelry_shop,
16540,38084,79392,museum/indoor,
16541,38084,79392,jewelry_shop,
16542,38084,79392,dressing_room,
16543,38084,79392,bow_window/indoor,
16544,38084,79392,archive,
16545,38084,79416,museum/indoor,
16546,38084,79416,dressing_room,
16547,38084,79416,beauty_salon,
16548,38084,79416,bow_window/indoor,
16549,38084,79416,clean_room,
16550,38084,79440,discotheque,
16551,38084,79440,museum/indoor,
16552,38084,79440,dressing_room,
16553,38084,79440,ice_shelf,
16554,38084,79440,rainforest,
16555,38084,79464,discotheque,
16556,38084,79464,museum/indoor,
16557,38084,79464,dressing_room,
16558,38084,79464,ice_shelf,
16559,38084,79464,art_studio,
16560,38084,79488,museum/indoor,
16561,38084,79488,discotheque,
16562,38084,79488,dressing_room,
16563,38084,79488,ice_shelf,
16564,38084,79488,rainforest,
16565,38084,79512,discotheque,
16566,38084,79512,museum/indoor,
16567,38084,79512,ice_shelf,
16568,38084,79512,shower,
16569,38084,79512,rainforest,
16570,38084,79536,dressing_room,
16571,38084,79536,museum/indoor,
16572,38084,79536,stage/indoor,
16573,38084,79536,discotheque,
16574,38084,79536,ballroom,
16575,38084,79560,museum/indoor,
16576,38084,79560,dressing_room,
16577,38084,79560,stage/indoor,
16578,38084,79560,orchard,
16579,38084,79560,playground,
16580,38084,79584,dressing_room,
16581,38084,79584,museum/indoor,
16582,38084,79584,clothing_store,
16583,38084,79584,art_studio,
16584,38084,79584,art_gallery,
16585,38084,79608,orchard,
16586,38084,79608,dressing_room,
16587,38084,79608,museum/indoor,
16588,38084,79608,botanical_garden,
16589,38084,79608,playground,
16590,38084,79632,nursery,
16591,38084,79632,dressing_room,
16592,38084,79632,orchard,
16593,38084,79632,museum/indoor,
16594,38084,79632,botanical_garden,
16595,38084,79656,dressing_room,
16596,38084,79656,discotheque,
16597,38084,79656,stage/indoor,
16598,38084,79656,nursery,
16599,38084,79656,museum/indoor,
16600,38084,79680,clean_room,
16601,38084,79680,archive,
16602,38084,79680,locker_room,
16603,38084,79680,classroom,
16604,38084,79680,dressing_room,
16605,38084,79704,clean_room,
16606,38084,79704,locker_room,
16607,38084,79704,sauna,
16608,38084,79704,dressing_room,
16609,38084,79704,shower,
16610,38084,79728,dressing_room,
16611,38084,79728,locker_room,
16612,38084,79728,clean_room,
16613,38084,79728,ballroom,
16614,38084,79728,classroom,
16615,38084,79752,chemistry_lab,
16616,38084,79752,dressing_room,
16617,38084,79752,beauty_salon,
16618,38084,79752,physics_laboratory,
16619,38084,79752,biology_laboratory,
16620,38084,79776,bow_window/indoor,
16621,38084,79776,classroom,
16622,38084,79776,art_studio,
16623,38084,79776,clean_room,
16624,38084,79776,chemistry_lab,
16625,38084,79800,dressing_room,
16626,38084,79800,clean_room,
16627,38084,79800,museum/indoor,
16628,38084,79800,bow_window/indoor,
16629,38084,79800,sauna,
16630,38084,79824,clean_room,
16631,38084,79824,dressing_room,
16632,38084,79824,museum/indoor,
16633,38084,79824,archive,
16634,38084,79824,beauty_salon,
16635,38084,79848,museum/indoor,
16636,38084,79848,dressing_room,
16637,38084,79848,clean_room,
16638,38084,79848,archive,
16639,38084,79848,bow_window/indoor,
16640,38084,79872,museum/indoor,
16641,38084,79872,dressing_room,
16642,38084,79872,clean_room,
16643,38084,79872,music_studio,
16644,38084,79872,stage/indoor,
16645,38084,79896,dressing_room,
16646,38084,79896,museum/indoor,
16647,38084,79896,clean_room,
16648,38084,79896,music_studio,
16649,38084,79896,bow_window/indoor,
16650,38084,79920,dressing_room,
16651,38084,79920,clean_room,
16652,38084,79920,music_studio,
16653,38084,79920,museum/indoor,
16654,38084,79920,beauty_salon,
16655,38084,79944,dressing_room,
16656,38084,79944,beauty_salon,
16657,38084,79944,clean_room,
16658,38084,79944,museum/indoor,
16659,38084,79944,music_studio,
16660,38084,79968,dressing_room,
16661,38084,79968,beauty_salon,
16662,38084,79968,clean_room,
16663,38084,79968,museum/indoor,
16664,38084,79968,music_studio,
16665,38084,79992,dressing_room,
16666,38084,79992,beauty_salon,
16667,38084,79992,clean_room,
16668,38084,79992,museum/indoor,
16669,38084,79992,music_studio,
16670,38084,80016,dressing_room,
16671,38084,80016,beauty_salon,
16672,38084,80016,clean_room,
16673,38084,80016,music_studio,
16674,38084,80016,chemistry_lab,
16675,38084,80040,dressing_room,
16676,38084,80040,beauty_salon,
16677,38084,80040,clean_room,
16678,38084,80040,art_studio,
16679,38084,80040,museum/indoor,
16680,38084,80064,dressing_room,
16681,38084,80064,clean_room,
16682,38084,80064,beauty_salon,
16683,38084,80064,museum/indoor,
16684,38084,80064,physics_laboratory,
16685,38084,80088,dressing_room,
16686,38084,80088,clean_room,
16687,38084,80088,beauty_salon,
16688,38084,80088,museum/indoor,
16689,38084,80088,art_studio,
16690,38084,80112,dressing_room,
16691,38084,80112,clean_room,
16692,38084,80112,music_studio,
16693,38084,80112,chemistry_lab,
16694,38084,80112,physics_laboratory,
16695,38084,80136,dressing_room,
16696,38084,80136,beauty_salon,
16697,38084,80136,clean_room,
16698,38084,80136,chemistry_lab,
16699,38084,80136,jewelry_shop,
16700,38084,80160,dressing_room,
16701,38084,80160,beauty_salon,
16702,38084,80160,clean_room,
16703,38084,80160,music_studio,
16704,38084,80160,jewelry_shop,
16705,38084,80184,dressing_room,
16706,38084,80184,beauty_salon,
16707,38084,80184,clean_room,
16708,38084,80184,music_studio,
16709,38084,80184,art_studio,
16710,38084,80208,dressing_room,
16711,38084,80208,beauty_salon,
16712,38084,80208,clean_room,
16713,38084,80208,music_studio,
16714,38084,80208,bathroom,
16715,38084,80232,dressing_room,
16716,38084,80232,beauty_salon,
16717,38084,80232,music_studio,
16718,38084,80232,clean_room,
16719,38084,80232,physics_laboratory,
16720,38084,80256,dressing_room,
16721,38084,80256,beauty_salon,
16722,38084,80256,clean_room,
16723,38084,80256,music_studio,
16724,38084,80256,chemistry_lab,
16725,38084,80280,dressing_room,
16726,38084,80280,beauty_salon,
16727,38084,80280,clean_room,
16728,38084,80280,music_studio,
16729,38084,80280,chemistry_lab,
16730,38084,80304,dressing_room,
16731,38084,80304,beauty_salon,
16732,38084,80304,clean_room,
16733,38084,80304,music_studio,
16734,38084,80304,museum/indoor,
16735,38084,80328,dressing_room,
16736,38084,80328,museum/indoor,
16737,38084,80328,clean_room,
16738,38084,80328,beauty_salon,
16739,38084,80328,stage/indoor,
16740,38084,80352,clean_room,
16741,38084,80352,dressing_room,
16742,38084,80352,music_studio,
16743,38084,80352,nursing_home,
16744,38084,80352,museum/indoor,
16745,38084,80376,clean_room,
16746,38084,80376,dressing_room,
16747,38084,80376,museum/indoor,
16748,38084,80376,music_studio,
16749,38084,80376,nursing_home,
16750,38084,80400,clean_room,
16751,38084,80400,dressing_room,
16752,38084,80400,music_studio,
16753,38084,80400,museum/indoor,
16754,38084,80400,physics_laboratory,
16755,38084,80424,dressing_room,
16756,38084,80424,clean_room,
16757,38084,80424,museum/indoor,
16758,38084,80424,music_studio,
16759,38084,80424,archive,
16760,38084,80448,clean_room,
16761,38084,80448,museum/indoor,
16762,38084,80448,music_studio,
16763,38084,80448,dressing_room,
16764,38084,80448,office,
16765,38084,80472,music_studio,
16766,38084,80472,clean_room,
16767,38084,80472,television_studio,
16768,38084,80472,ballroom,
16769,38084,80472,stage/indoor,
16770,38084,80496,clean_room,
16771,38084,80496,dressing_room,
16772,38084,80496,museum/indoor,
16773,38084,80496,physics_laboratory,
16774,38084,80496,hospital_room,
16775,38084,80520,clean_room,
16776,38084,80520,dressing_room,
16777,38084,80520,locker_room,
16778,38084,80520,beauty_salon,
16779,38084,80520,closet,
16780,38084,80544,dressing_room,
16781,38084,80544,clean_room,
16782,38084,80544,locker_room,
16783,38084,80544,elevator/door,
16784,38084,80544,shower,
16785,38084,80568,clean_room,
16786,38084,80568,dressing_room,
16787,38084,80568,chemistry_lab,
16788,38084,80568,hospital_room,
16789,38084,80568,physics_laboratory,
16790,38084,80592,clean_room,
16791,38084,80592,dressing_room,
16792,38084,80592,archive,
16793,38084,80592,hospital_room,
16794,38084,80592,physics_laboratory,
16795,38084,80616,clean_room,
16796,38084,80616,dressing_room,
16797,38084,80616,hospital_room,
16798,38084,80616,physics_laboratory,
16799,38084,80616,chemistry_lab,
16800,38084,80640,clean_room,
16801,38084,80640,dressing_room,
16802,38084,80640,physics_laboratory,
16803,38084,80640,chemistry_lab,
16804,38084,80640,biology_laboratory,
16805,38084,80664,clean_room,
16806,38084,80664,dressing_room,
16807,38084,80664,physics_laboratory,
16808,38084,80664,chemistry_lab,
16809,38084,80664,archive,
16810,38084,80688,clean_room,
16811,38084,80688,dressing_room,
16812,38084,80688,chemistry_lab,
16813,38084,80688,biology_laboratory,
16814,38084,80688,operating_room,
16815,38084,80712,clean_room,
16816,38084,80712,dressing_room,
16817,38084,80712,archive,
16818,38084,80712,physics_laboratory,
16819,38084,80712,operating_room,
16820,38084,80736,clean_room,
16821,38084,80736,dressing_room,
16822,38084,80736,beauty_salon,
16823,38084,80736,archive,
16824,38084,80736,hospital_room,
16825,38084,80760,clean_room,
16826,38084,80760,dressing_room,
16827,38084,80760,archive,
16828,38084,80760,beauty_salon,
16829,38084,80760,hospital_room,
16830,38084,80784,clean_room,
16831,38084,80784,dressing_room,
16832,38084,80784,chemistry_lab,
16833,38084,80784,beauty_salon,
16834,38084,80784,archive,
16835,38084,80808,clean_room,
16836,38084,80808,dressing_room,
16837,38084,80808,archive,
16838,38084,80808,chemistry_lab,
16839,38084,80808,office,
16840,38084,80832,clean_room,
16841,38084,80832,dressing_room,
16842,38084,80832,chemistry_lab,
16843,38084,80832,biology_laboratory,
16844,38084,80832,archive,
16845,38084,80856,clean_room,
16846,38084,80856,dressing_room,
16847,38084,80856,archive,
16848,38084,80856,chemistry_lab,
16849,38084,80856,office,
16850,38084,80880,clean_room,
16851,38084,80880,archive,
16852,38084,80880,dressing_room,
16853,38084,80880,office,
16854,38084,80880,physics_laboratory,
16855,38084,80904,clean_room,
16856,38084,80904,dressing_room,
16857,38084,80904,archive,
16858,38084,80904,beauty_salon,
16859,38084,80904,chemistry_lab,
16860,38084,80928,clean_room,
16861,38084,80928,dressing_room,
16862,38084,80928,archive,
16863,38084,80928,physics_laboratory,
16864,38084,80928,chemistry_lab,
16865,38084,80952,clean_room,
16866,38084,80952,dressing_room,
16867,38084,80952,physics_laboratory,
16868,38084,80952,chemistry_lab,
16869,38084,80952,biology_laboratory,
16870,38084,80976,clean_room,
16871,38084,80976,dressing_room,
16872,38084,80976,physics_laboratory,
16873,38084,80976,archive,
16874,38084,80976,chemistry_lab,
16875,38084,81000,clean_room,
16876,38084,81000,dressing_room,
16877,38084,81000,archive,
16878,38084,81000,physics_laboratory,
16879,38084,81000,chemistry_lab,
16880,38084,81024,clean_room,
16881,38084,81024,dressing_room,
16882,38084,81024,office,
16883,38084,81024,archive,
16884,38084,81024,conference_room,
16885,38084,81048,clean_room,
16886,38084,81048,dressing_room,
16887,38084,81048,physics_laboratory,
16888,38084,81048,archive,
16889,38084,81048,museum/indoor,
16890,38084,81072,dressing_room,
16891,38084,81072,clean_room,
16892,38084,81072,archive,
16893,38084,81072,locker_room,
16894,38084,81072,hospital_room,
16895,38084,81096,clean_room,
16896,38084,81096,dressing_room,
16897,38084,81096,archive,
16898,38084,81096,museum/indoor,
16899,38084,81096,locker_room,
16900,38084,81120,clean_room,
16901,38084,81120,dressing_room,
16902,38084,81120,archive,
16903,38084,81120,locker_room,
16904,38084,81120,physics_laboratory,
16905,38084,81144,clean_room,
16906,38084,81144,dressing_room,
16907,38084,81144,hospital_room,
16908,38084,81144,archive,
16909,38084,81144,locker_room,
16910,38084,81168,clean_room,
16911,38084,81168,dressing_room,
16912,38084,81168,physics_laboratory,
16913,38084,81168,chemistry_lab,
16914,38084,81168,archive,
16915,38084,81192,clean_room,
16916,38084,81192,dressing_room,
16917,38084,81192,archive,
16918,38084,81192,museum/indoor,
16919,38084,81192,physics_laboratory,
16920,38084,81216,clean_room,
16921,38084,81216,dressing_room,
16922,38084,81216,nursing_home,
16923,38084,81216,archive,
16924,38084,81216,locker_room,
16925,38084,81240,clean_room,
16926,38084,81240,dressing_room,
16927,38084,81240,archive,
16928,38084,81240,nursing_home,
16929,38084,81240,office,
16930,38084,81264,clean_room,
16931,38084,81264,dressing_room,
16932,38084,81264,archive,
16933,38084,81264,office,
16934,38084,81264,nursing_home,
16935,38084,81288,dressing_room,
16936,38084,81288,clean_room,
16937,38084,81288,nursing_home,
16938,38084,81288,locker_room,
16939,38084,81288,archive,
16940,38084,81312,dressing_room,
16941,38084,81312,clean_room,
16942,38084,81312,locker_room,
16943,38084,81312,nursing_home,
16944,38084,81312,nursery,
16945,38084,81336,dressing_room,
16946,38084,81336,clean_room,
16947,38084,81336,locker_room,
16948,38084,81336,nursery,
16949,38084,81336,nursing_home,
16950,38084,81360,dressing_room,
16951,38084,81360,clean_room,
16952,38084,81360,nursery,
16953,38084,81360,locker_room,
16954,38084,81360,nursing_home,
16955,38084,81384,dressing_room,
16956,38084,81384,clean_room,
16957,38084,81384,locker_room,
16958,38084,81384,nursery,
16959,38084,81384,nursing_home,
16960,38084,81408,dressing_room,
16961,38084,81408,clean_room,
16962,38084,81408,locker_room,
16963,38084,81408,nursery,
16964,38084,81408,nursing_home,
16965,38084,81432,dressing_room,
16966,38084,81432,clean_room,
16967,38084,81432,locker_room,
16968,38084,81432,nursery,
16969,38084,81432,nursing_home,
16970,38084,81456,dressing_room,
16971,38084,81456,clean_room,
16972,38084,81456,locker_room,
16973,38084,81456,nursing_home,
16974,38084,81456,nursery,
16975,38084,81480,dressing_room,
16976,38084,81480,clean_room,
16977,38084,81480,locker_room,
16978,38084,81480,nursing_home,
16979,38084,81480,nursery,
16980,38084,81504,dressing_room,
16981,38084,81504,clean_room,
16982,38084,81504,locker_room,
16983,38084,81504,nursing_home,
16984,38084,81504,hospital_room,
16985,38084,81528,dressing_room,
16986,38084,81528,clean_room,
16987,38084,81528,nursing_home,
16988,38084,81528,hospital_room,
16989,38084,81528,nursery,
16990,38084,81552,dressing_room,
16991,38084,81552,clean_room,
16992,38084,81552,nursing_home,
16993,38084,81552,nursery,
16994,38084,81552,archive,
16995,38084,81576,dressing_room,
16996,38084,81576,clean_room,
16997,38084,81576,nursery,
16998,38084,81576,hospital_room,
16999,38084,81576,nursing_home,
17000,38084,81600,dressing_room,
17001,38084,81600,clean_room,
17002,38084,81600,hospital_room,
17003,38084,81600,locker_room,
17004,38084,81600,jail_cell,
17005,38084,81624,dressing_room,
17006,38084,81624,clean_room,
17007,38084,81624,hospital_room,
17008,38084,81624,jail_cell,
17009,38084,81624,locker_room,
17010,38084,81648,dressing_room,
17011,38084,81648,clean_room,
17012,38084,81648,locker_room,
17013,38084,81648,hospital_room,
17014,38084,81648,nursing_home,
17015,38084,81672,dressing_room,
17016,38084,81672,clean_room,
17017,38084,81672,locker_room,
17018,38084,81672,hospital_room,
17019,38084,81672,nursery,
17020,38084,81696,dressing_room,
17021,38084,81696,clean_room,
17022,38084,81696,office,
17023,38084,81696,locker_room,
17024,38084,81696,jail_cell,
17025,38084,81720,restaurant,
17026,38084,81720,coffee_shop,
17027,38084,81720,bar,
17028,38084,81720,cafeteria,
17029,38084,81720,dressing_room,
17030,38084,81744,dressing_room,
17031,38084,81744,restaurant,
17032,38084,81744,beauty_salon,
17033,38084,81744,reception,
17034,38084,81744,coffee_shop,
17035,38084,81768,restaurant,
17036,38084,81768,dressing_room,
17037,38084,81768,coffee_shop,
17038,38084,81768,beauty_salon,
17039,38084,81768,cafeteria,
17040,38084,81792,restaurant,
17041,38084,81792,dressing_room,
17042,38084,81792,coffee_shop,
17043,38084,81792,beauty_salon,
17044,38084,81792,bar,
17045,38084,81816,restaurant,
17046,38084,81816,coffee_shop,
17047,38084,81816,dining_room,
17048,38084,81816,cafeteria,
17049,38084,81816,beauty_salon,
17050,38084,81840,restaurant,
17051,38084,81840,coffee_shop,
17052,38084,81840,beauty_salon,
17053,38084,81840,dressing_room,
17054,38084,81840,dining_room,
17055,38084,81864,restaurant,
17056,38084,81864,coffee_shop,
17057,38084,81864,beauty_salon,
17058,38084,81864,cafeteria,
17059,38084,81864,dressing_room,
17060,38084,81888,restaurant,
17061,38084,81888,beauty_salon,
17062,38084,81888,coffee_shop,
17063,38084,81888,dressing_room,
17064,38084,81888,cafeteria,
17065,38084,81912,restaurant,
17066,38084,81912,coffee_shop,
17067,38084,81912,dressing_room,
17068,38084,81912,beauty_salon,
17069,38084,81912,cafeteria,
17070,38084,81936,restaurant,
17071,38084,81936,coffee_shop,
17072,38084,81936,dressing_room,
17073,38084,81936,beauty_salon,
17074,38084,81936,cafeteria,
17075,38084,81960,restaurant,
17076,38084,81960,dressing_room,
17077,38084,81960,coffee_shop,
17078,38084,81960,beauty_salon,
17079,38084,81960,cafeteria,
17080,38084,81984,restaurant,
17081,38084,81984,dressing_room,
17082,38084,81984,coffee_shop,
17083,38084,81984,beauty_salon,
17084,38084,81984,dining_room,
17085,38084,82008,dressing_room,
17086,38084,82008,clean_room,
17087,38084,82008,jewelry_shop,
17088,38084,82008,museum/indoor,
17089,38084,82008,gift_shop,
17090,38084,82032,dressing_room,
17091,38084,82032,clean_room,
17092,38084,82032,museum/indoor,
17093,38084,82032,jewelry_shop,
17094,38084,82032,gift_shop,
17095,38084,82056,dressing_room,
17096,38084,82056,clean_room,
17097,38084,82056,museum/indoor,
17098,38084,82056,gift_shop,
17099,38084,82056,jewelry_shop,
17100,38084,82080,dressing_room,
17101,38084,82080,clean_room,
17102,38084,82080,jewelry_shop,
17103,38084,82080,museum/indoor,
17104,38084,82080,art_gallery,
17105,38084,82104,dressing_room,
17106,38084,82104,museum/indoor,
17107,38084,82104,jewelry_shop,
17108,38084,82104,archive,
17109,38084,82104,gift_shop,
17110,38084,82128,dressing_room,
17111,38084,82128,museum/indoor,
17112,38084,82128,locker_room,
17113,38084,82128,art_gallery,
17114,38084,82128,jewelry_shop,
17115,38084,82152,dressing_room,
17116,38084,82152,archive,
17117,38084,82152,clean_room,
17118,38084,82152,museum/indoor,
17119,38084,82152,locker_room,
17120,38084,82176,dressing_room,
17121,38084,82176,archive,
17122,38084,82176,museum/indoor,
17123,38084,82176,clean_room,
17124,38084,82176,locker_room,
17125,38084,82200,dressing_room,
17126,38084,82200,museum/indoor,
17127,38084,82200,clean_room,
17128,38084,82200,clothing_store,
17129,38084,82200,nursing_home,
17130,38084,82224,dressing_room,
17131,38084,82224,museum/indoor,
17132,38084,82224,clean_room,
17133,38084,82224,gift_shop,
17134,38084,82224,jewelry_shop,
17135,38084,82248,dressing_room,
17136,38084,82248,museum/indoor,
17137,38084,82248,locker_room,
17138,38084,82248,clean_room,
17139,38084,82248,archive,
17140,38084,82272,restaurant,
17141,38084,82272,dining_room,
17142,38084,82272,coffee_shop,
17143,38084,82272,cafeteria,
17144,38084,82272,banquet_hall,
17145,38084,82296,restaurant,
17146,38084,82296,coffee_shop,
17147,38084,82296,cafeteria,
17148,38084,82296,dressing_room,
17149,38084,82296,dining_hall,
17150,38084,82320,restaurant,
17151,38084,82320,dressing_room,
17152,38084,82320,coffee_shop,
17153,38084,82320,beauty_salon,
17154,38084,82320,cafeteria,
17155,38084,82344,dressing_room,
17156,38084,82344,museum/indoor,
17157,38084,82344,jewelry_shop,
17158,38084,82344,art_gallery,
17159,38084,82344,clean_room,
17160,38084,82368,dressing_room,
17161,38084,82368,museum/indoor,
17162,38084,82368,clean_room,
17163,38084,82368,archive,
17164,38084,82368,art_gallery,
17165,38084,82392,dressing_room,
17166,38084,82392,museum/indoor,
17167,38084,82392,clean_room,
17168,38084,82392,locker_room,
17169,38084,82392,art_gallery,
17170,38084,82416,dressing_room,
17171,38084,82416,museum/indoor,
17172,38084,82416,clean_room,
17173,38084,82416,locker_room,
17174,38084,82416,archive,
17175,38084,82440,dressing_room,
17176,38084,82440,museum/indoor,
17177,38084,82440,archive,
17178,38084,82440,art_gallery,
17179,38084,82440,office,
17180,38084,82464,dressing_room,
17181,38084,82464,museum/indoor,
17182,38084,82464,art_gallery,
17183,38084,82464,clean_room,
17184,38084,82464,jewelry_shop,
17185,38084,82488,dressing_room,
17186,38084,82488,museum/indoor,
17187,38084,82488,clean_room,
17188,38084,82488,art_gallery,
17189,38084,82488,jewelry_shop,
17190,38084,82512,dressing_room,
17191,38084,82512,museum/indoor,
17192,38084,82512,clean_room,
17193,38084,82512,jewelry_shop,
17194,38084,82512,art_gallery,
17195,38084,82536,dressing_room,
17196,38084,82536,clean_room,
17197,38084,82536,locker_room,
17198,38084,82536,museum/indoor,
17199,38084,82536,jewelry_shop,
17200,38084,82560,dressing_room,
17201,38084,82560,clean_room,
17202,38084,82560,archive,
17203,38084,82560,museum/indoor,
17204,38084,82560,locker_room,
17205,38084,82584,dressing_room,
17206,38084,82584,museum/indoor,
17207,38084,82584,locker_room,
17208,38084,82584,clean_room,
17209,38084,82584,jewelry_shop,
17210,38084,82608,dressing_room,
17211,38084,82608,museum/indoor,
17212,38084,82608,office,
17213,38084,82608,archive,
17214,38084,82608,restaurant,
17215,38084,82632,dressing_room,
17216,38084,82632,locker_room,
17217,38084,82632,museum/indoor,
17218,38084,82632,archive,
17219,38084,82632,office,
17220,38084,82656,dressing_room,
17221,38084,82656,locker_room,
17222,38084,82656,clean_room,
17223,38084,82656,clothing_store,
17224,38084,82656,beauty_salon,
17225,38084,82680,dressing_room,
17226,38084,82680,locker_room,
17227,38084,82680,office,
17228,38084,82680,beauty_salon,
17229,38084,82680,archive,
17230,38084,82704,art_gallery,
17231,38084,82704,museum/indoor,
17232,38084,82704,science_museum,
17233,38084,82704,clean_room,
17234,38084,82704,beauty_salon,
17235,38084,82728,art_gallery,
17236,38084,82728,museum/indoor,
17237,38084,82728,science_museum,
17238,38084,82728,beauty_salon,
17239,38084,82728,clean_room,
17240,38084,82752,dressing_room,
17241,38084,82752,beauty_salon,
17242,38084,82752,museum/indoor,
17243,38084,82752,clean_room,
17244,38084,82752,locker_room,
17245,38084,82776,dressing_room,
17246,38084,82776,museum/indoor,
17247,38084,82776,clean_room,
17248,38084,82776,archive,
17249,38084,82776,beauty_salon,
17250,38084,82800,dressing_room,
17251,38084,82800,clean_room,
17252,38084,82800,beauty_salon,
17253,38084,82800,chemistry_lab,
17254,38084,82800,office,
17255,38084,82824,living_room,
17256,38084,82824,bow_window/indoor,
17257,38084,82824,dressing_room,
17258,38084,82824,waiting_room,
17259,38084,82824,dorm_room,
17260,38084,82848,living_room,
17261,38084,82848,dressing_room,
17262,38084,82848,bow_window/indoor,
17263,38084,82848,clean_room,
17264,38084,82848,waiting_room,
17265,38084,82872,clean_room,
17266,38084,82872,dressing_room,
17267,38084,82872,beauty_salon,
17268,38084,82872,museum/indoor,
17269,38084,82872,hospital_room,
17270,38084,82896,dressing_room,
17271,38084,82896,clean_room,
17272,38084,82896,museum/indoor,
17273,38084,82896,beauty_salon,
17274,38084,82896,art_gallery,
17275,38084,82920,clean_room,
17276,38084,82920,dressing_room,
17277,38084,82920,bathroom,
17278,38084,82920,beauty_salon,
17279,38084,82920,shower,
17280,38084,82944,dressing_room,
17281,38084,82944,clean_room,
17282,38084,82944,beauty_salon,
17283,38084,82944,shower,
17284,38084,82944,bathroom,
17285,38084,82968,dressing_room,
17286,38084,82968,clean_room,
17287,38084,82968,beauty_salon,
17288,38084,82968,shower,
17289,38084,82968,music_studio,
17290,38084,82992,dressing_room,
17291,38084,82992,clean_room,
17292,38084,82992,beauty_salon,
17293,38084,82992,shower,
17294,38084,82992,music_studio,
17295,38084,83016,dressing_room,
17296,38084,83016,bathroom,
17297,38084,83016,clean_room,
17298,38084,83016,shower,
17299,38084,83016,beauty_salon,
17300,38084,83040,dressing_room,
17301,38084,83040,stage/indoor,
17302,38084,83040,music_studio,
17303,38084,83040,clothing_store,
17304,38084,83040,discotheque,
17305,38084,83064,clean_room,
17306,38084,83064,chemistry_lab,
17307,38084,83064,dressing_room,
17308,38084,83064,bow_window/indoor,
17309,38084,83064,archive,
17310,38084,83088,dressing_room,
17311,38084,83088,shower,
17312,38084,83088,bathroom,
17313,38084,83088,sauna,
17314,38084,83088,bow_window/indoor,
17315,38084,83112,classroom,
17316,38084,83112,archive,
17317,38084,83112,bow_window/indoor,
17318,38084,83112,lecture_room,
17319,38084,83112,office,
17320,38084,83136,classroom,
17321,38084,83136,archive,
17322,38084,83136,dressing_room,
17323,38084,83136,office,
17324,38084,83136,clean_room,
17325,38084,83160,bow_window/indoor,
17326,38084,83160,office,
17327,38084,83160,archive,
17328,38084,83160,library/indoor,
17329,38084,83160,classroom,
17330,38084,83184,bow_window/indoor,
17331,38084,83184,office,
17332,38084,83184,archive,
17333,38084,83184,museum/indoor,
17334,38084,83184,library/indoor,
17335,38084,83208,bow_window/indoor,
17336,38084,83208,museum/indoor,
17337,38084,83208,office,
17338,38084,83208,archive,
17339,38084,83208,sauna,
17340,38084,83232,bow_window/indoor,
17341,38084,83232,archive,
17342,38084,83232,library/indoor,
17343,38084,83232,dressing_room,
17344,38084,83232,classroom,
17345,38084,83256,bow_window/indoor,
17346,38084,83256,archive,
17347,38084,83256,library/indoor,
17348,38084,83256,classroom,
17349,38084,83256,dressing_room,
17350,38084,83280,bow_window/indoor,
17351,38084,83280,archive,
17352,38084,83280,dressing_room,
17353,38084,83280,library/indoor,
17354,38084,83280,sauna,
17355,38084,83304,bow_window/indoor,
17356,38084,83304,dressing_room,
17357,38084,83304,archive,
17358,38084,83304,sauna,
17359,38084,83304,classroom,
17360,38084,83328,bow_window/indoor,
17361,38084,83328,archive,
17362,38084,83328,library/indoor,
17363,38084,83328,classroom,
17364,38084,83328,office,
17365,38084,83352,bow_window/indoor,
17366,38084,83352,archive,
17367,38084,83352,classroom,
17368,38084,83352,dressing_room,
17369,38084,83352,restaurant,
17370,38084,83376,bow_window/indoor,
17371,38084,83376,classroom,
17372,38084,83376,archive,
17373,38084,83376,library/indoor,
17374,38084,83376,sauna,
17375,38084,83400,archive,
17376,38084,83400,classroom,
17377,38084,83400,library/indoor,
17378,38084,83400,bow_window/indoor,
17379,38084,83400,office,
17380,38084,83424,archive,
17381,38084,83424,library/indoor,
17382,38084,83424,classroom,
17383,38084,83424,office,
17384,38084,83424,lecture_room,
17385,38084,83448,archive,
17386,38084,83448,classroom,
17387,38084,83448,library/indoor,
17388,38084,83448,bow_window/indoor,
17389,38084,83448,lecture_room,
17390,38084,83472,bow_window/indoor,
17391,38084,83472,archive,
17392,38084,83472,library/indoor,
17393,38084,83472,classroom,
17394,38084,83472,office,
17395,38084,83496,library/indoor,
17396,38084,83496,archive,
17397,38084,83496,bow_window/indoor,
17398,38084,83496,office,
17399,38084,83496,classroom,
17400,38084,83520,bow_window/indoor,
17401,38084,83520,classroom,
17402,38084,83520,library/indoor,
17403,38084,83520,office,
17404,38084,83520,archive,
17405,38084,83544,bow_window/indoor,
17406,38084,83544,office,
17407,38084,83544,archive,
17408,38084,83544,library/indoor,
17409,38084,83544,classroom,
17410,38084,83568,archive,
17411,38084,83568,library/indoor,
17412,38084,83568,classroom,
17413,38084,83568,office,
17414,38084,83568,bow_window/indoor,
17415,38084,83592,library/indoor,
17416,38084,83592,archive,
17417,38084,83592,office,
17418,38084,83592,classroom,
17419,38084,83592,bow_window/indoor,
17420,38084,83616,clean_room,
17421,38084,83616,archive,
17422,38084,83616,museum/indoor,
17423,38084,83616,operating_room,
17424,38084,83616,chemistry_lab,
17425,38084,83640,clean_room,
17426,38084,83640,dressing_room,
17427,38084,83640,archive,
17428,38084,83640,museum/indoor,
17429,38084,83640,physics_laboratory,
17430,38084,83664,clean_room,
17431,38084,83664,archive,
17432,38084,83664,museum/indoor,
17433,38084,83664,physics_laboratory,
17434,38084,83664,dressing_room,
17435,38084,83688,clean_room,
17436,38084,83688,archive,
17437,38084,83688,dressing_room,
17438,38084,83688,museum/indoor,
17439,38084,83688,physics_laboratory,
17440,38084,83712,clean_room,
17441,38084,83712,archive,
17442,38084,83712,museum/indoor,
17443,38084,83712,physics_laboratory,
17444,38084,83712,chemistry_lab,
17445,38084,83736,clean_room,
17446,38084,83736,archive,
17447,38084,83736,museum/indoor,
17448,38084,83736,physics_laboratory,
17449,38084,83736,dressing_room,
17450,38084,83760,clean_room,
17451,38084,83760,dressing_room,
17452,38084,83760,archive,
17453,38084,83760,chemistry_lab,
17454,38084,83760,physics_laboratory,
17455,38084,83784,clean_room,
17456,38084,83784,archive,
17457,38084,83784,dressing_room,
17458,38084,83784,chemistry_lab,
17459,38084,83784,museum/indoor,
17460,38084,83808,clean_room,
17461,38084,83808,archive,
17462,38084,83808,chemistry_lab,
17463,38084,83808,biology_laboratory,
17464,38084,83808,physics_laboratory,
17465,38084,83832,clean_room,
17466,38084,83832,archive,
17467,38084,83832,museum/indoor,
17468,38084,83832,chemistry_lab,
17469,38084,83832,dressing_room,
17470,38084,83856,clean_room,
17471,38084,83856,dressing_room,
17472,38084,83856,archive,
17473,38084,83856,museum/indoor,
17474,38084,83856,physics_laboratory,
17475,38084,83880,clean_room,
17476,38084,83880,museum/indoor,
17477,38084,83880,dressing_room,
17478,38084,83880,archive,
17479,38084,83880,chemistry_lab,
17480,38084,83904,clean_room,
17481,38084,83904,chemistry_lab,
17482,38084,83904,dressing_room,
17483,38084,83904,biology_laboratory,
17484,38084,83904,archive,
17485,38084,83928,archive,
17486,38084,83928,clean_room,
17487,38084,83928,dressing_room,
17488,38084,83928,office,
17489,38084,83928,chemistry_lab,
17490,38084,83952,dressing_room,
17491,38084,83952,beauty_salon,
17492,38084,83952,shower,
17493,38084,83952,chemistry_lab,
17494,38084,83952,bathroom,
17495,38084,83976,dressing_room,
17496,38084,83976,clean_room,
17497,38084,83976,shower,
17498,38084,83976,museum/indoor,
17499,38084,83976,beauty_salon,
17500,38084,84000,clean_room,
17501,38084,84000,dressing_room,
17502,38084,84000,archive,
17503,38084,84000,chemistry_lab,
17504,38084,84000,beauty_salon,
17505,38084,84024,dressing_room,
17506,38084,84024,clean_room,
17507,38084,84024,chemistry_lab,
17508,38084,84024,archive,
17509,38084,84024,music_studio,
17510,38084,84048,clean_room,
17511,38084,84048,dressing_room,
17512,38084,84048,chemistry_lab,
17513,38084,84048,physics_laboratory,
17514,38084,84048,archive,
17515,38084,84072,dressing_room,
17516,38084,84072,clean_room,
17517,38084,84072,chemistry_lab,
17518,38084,84072,beauty_salon,
17519,38084,84072,music_studio,
17520,38084,84096,dressing_room,
17521,38084,84096,clean_room,
17522,38084,84096,archive,
17523,38084,84096,music_studio,
17524,38084,84096,chemistry_lab,
17525,38084,84120,dressing_room,
17526,38084,84120,chemistry_lab,
17527,38084,84120,clean_room,
17528,38084,84120,beauty_salon,
17529,38084,84120,music_studio,
17530,38084,84144,dressing_room,
17531,38084,84144,clean_room,
17532,38084,84144,chemistry_lab,
17533,38084,84144,beauty_salon,
17534,38084,84144,music_studio,
17535,38084,84168,clean_room,
17536,38084,84168,chemistry_lab,
17537,38084,84168,dressing_room,
17538,38084,84168,music_studio,
17539,38084,84168,archive,
17540,38084,84192,clean_room,
17541,38084,84192,dressing_room,
17542,38084,84192,chemistry_lab,
17543,38084,84192,archive,
17544,38084,84192,physics_laboratory,
17545,38084,84216,dressing_room,
17546,38084,84216,beauty_salon,
17547,38084,84216,music_studio,
17548,38084,84216,clean_room,
17549,38084,84216,chemistry_lab,
17550,38084,84240,clean_room,
17551,38084,84240,dressing_room,
17552,38084,84240,chemistry_lab,
17553,38084,84240,physics_laboratory,
17554,38084,84240,locker_room,
17555,38084,84264,clean_room,
17556,38084,84264,music_studio,
17557,38084,84264,beauty_salon,
17558,38084,84264,dressing_room,
17559,38084,84264,physics_laboratory,
17560,38084,84288,office,
17561,38084,84288,dressing_room,
17562,38084,84288,office_cubicles,
17563,38084,84288,home_office,
17564,38084,84288,archive,
17565,38084,84312,bow_window/indoor,
17566,38084,84312,office,
17567,38084,84312,dressing_room,
17568,38084,84312,art_gallery,
17569,38084,84312,clean_room,
17570,38084,84336,bow_window/indoor,
17571,38084,84336,dressing_room,
17572,38084,84336,office,
17573,38084,84336,art_gallery,
17574,38084,84336,art_studio,
17575,38084,84360,office,
17576,38084,84360,bow_window/indoor,
17577,38084,84360,art_gallery,
17578,38084,84360,clean_room,
17579,38084,84360,art_studio,
17580,38084,84384,office,
17581,38084,84384,bow_window/indoor,
17582,38084,84384,dressing_room,
17583,38084,84384,conference_room,
17584,38084,84384,beauty_salon,
17585,38084,84408,dressing_room,
17586,38084,84408,art_gallery,
17587,38084,84408,museum/indoor,
17588,38084,84408,art_studio,
17589,38084,84408,clean_room,
17590,38084,84432,museum/indoor,
17591,38084,84432,art_gallery,
17592,38084,84432,art_studio,
17593,38084,84432,office,
17594,38084,84432,physics_laboratory,
17595,38084,84456,museum/indoor,
17596,38084,84456,clean_room,
17597,38084,84456,dressing_room,
17598,38084,84456,office,
17599,38084,84456,archive,
17600,38084,84480,clean_room,
17601,38084,84480,home_office,
17602,38084,84480,office,
17603,38084,84480,beauty_salon,
17604,38084,84480,hospital_room,
17605,38084,84504,bow_window/indoor,
17606,38084,84504,dining_room,
17607,38084,84504,conference_room,
17608,38084,84504,dining_hall,
17609,38084,84504,banquet_hall,
17610,38084,84528,dining_room,
17611,38084,84528,bow_window/indoor,
17612,38084,84528,banquet_hall,
17613,38084,84528,living_room,
17614,38084,84528,archive,
17615,38084,84552,bow_window/indoor,
17616,38084,84552,office,
17617,38084,84552,classroom,
17618,38084,84552,lecture_room,
17619,38084,84552,conference_center,
17620,38084,84576,bow_window/indoor,
17621,38084,84576,office,
17622,38084,84576,clean_room,
17623,38084,84576,classroom,
17624,38084,84576,conference_center,
17625,38084,84600,bow_window/indoor,
17626,38084,84600,office,
17627,38084,84600,classroom,
17628,38084,84600,office_cubicles,
17629,38084,84600,living_room,
17630,38084,84624,bow_window/indoor,
17631,38084,84624,office,
17632,38084,84624,classroom,
17633,38084,84624,office_cubicles,
17634,38084,84624,living_room,
17635,38084,84648,bow_window/indoor,
17636,38084,84648,office,
17637,38084,84648,classroom,
17638,38084,84648,chemistry_lab,
17639,38084,84648,living_room,
17640,38084,84672,bow_window/indoor,
17641,38084,84672,office,
17642,38084,84672,classroom,
17643,38084,84672,office_cubicles,
17644,38084,84672,hospital_room,
17645,38084,84696,bow_window/indoor,
17646,38084,84696,office,
17647,38084,84696,classroom,
17648,38084,84696,office_cubicles,
17649,38084,84696,lobby,
17650,38084,84720,bow_window/indoor,
17651,38084,84720,office,
17652,38084,84720,office_cubicles,
17653,38084,84720,classroom,
17654,38084,84720,lobby,
17655,38084,84744,bow_window/indoor,
17656,38084,84744,office,
17657,38084,84744,shower,
17658,38084,84744,lobby,
17659,38084,84744,office_cubicles,
17660,38084,84768,chemistry_lab,
17661,38084,84768,biology_laboratory,
17662,38084,84768,classroom,
17663,38084,84768,restaurant,
17664,38084,84768,clean_room,
17665,38084,84792,shower,
17666,38084,84792,bow_window/indoor,
17667,38084,84792,bathroom,
17668,38084,84792,beauty_salon,
17669,38084,84792,discotheque,
17670,38084,84816,clean_room,
17671,38084,84816,dressing_room,
17672,38084,84816,locker_room,
17673,38084,84816,music_studio,
17674,38084,84816,chemistry_lab,
17675,38084,84840,dressing_room,
17676,38084,84840,beauty_salon,
17677,38084,84840,bathroom,
17678,38084,84840,dining_room,
17679,38084,84840,clean_room,
17680,38084,84864,dressing_room,
17681,38084,84864,bathroom,
17682,38084,84864,shower,
17683,38084,84864,clean_room,
17684,38084,84864,beauty_salon,
17685,38084,84888,bathroom,
17686,38084,84888,shower,
17687,38084,84888,dressing_room,
17688,38084,84888,clean_room,
17689,38084,84888,reception,
17690,38084,84912,bathroom,
17691,38084,84912,shower,
17692,38084,84912,dressing_room,
17693,38084,84912,bow_window/indoor,
17694,38084,84912,dining_room,
17695,38084,84936,bathroom,
17696,38084,84936,shower,
17697,38084,84936,airplane_cabin,
17698,38084,84936,beauty_salon,
17699,38084,84936,hotel_room,
17700,38084,84960,bow_window/indoor,
17701,38084,84960,bathroom,
17702,38084,84960,airplane_cabin,
17703,38084,84960,beauty_salon,
17704,38084,84960,clean_room,
17705,38084,84984,clean_room,
17706,38084,84984,dressing_room,
17707,38084,84984,archive,
17708,38084,84984,nursing_home,
17709,38084,84984,hospital_room,
17710,38084,85008,clean_room,
17711,38084,85008,office,
17712,38084,85008,nursing_home,
17713,38084,85008,archive,
17714,38084,85008,home_office,
17715,38084,85032,office,
17716,38084,85032,archive,
17717,38084,85032,clean_room,
17718,38084,85032,nursing_home,
17719,38084,85032,office_cubicles,
17720,38084,85056,office,
17721,38084,85056,clean_room,
17722,38084,85056,archive,
17723,38084,85056,nursing_home,
17724,38084,85056,office_cubicles,
17725,38084,85080,office,
17726,38084,85080,archive,
17727,38084,85080,clean_room,
17728,38084,85080,nursing_home,
17729,38084,85080,office_cubicles,
17730,38084,85104,office,
17731,38084,85104,archive,
17732,38084,85104,nursing_home,
17733,38084,85104,clean_room,
17734,38084,85104,office_cubicles,
17735,38084,85128,office,
17736,38084,85128,clean_room,
17737,38084,85128,archive,
17738,38084,85128,nursing_home,
17739,38084,85128,dressing_room,
17740,38084,85152,office,
17741,38084,85152,clean_room,
17742,38084,85152,archive,
17743,38084,85152,nursing_home,
17744,38084,85152,dressing_room,
17745,38084,85176,office,
17746,38084,85176,clean_room,
17747,38084,85176,nursing_home,
17748,38084,85176,archive,
17749,38084,85176,dressing_room,
17750,38084,85200,office,
17751,38084,85200,clean_room,
17752,38084,85200,nursing_home,
17753,38084,85200,archive,
17754,38084,85200,dressing_room,
17755,38084,85224,office,
17756,38084,85224,nursing_home,
17757,38084,85224,archive,
17758,38084,85224,clean_room,
17759,38084,85224,dressing_room,
17760,38084,85248,nursing_home,
17761,38084,85248,office,
17762,38084,85248,clean_room,
17763,38084,85248,archive,
17764,38084,85248,dressing_room,
17765,38084,85272,office,
17766,38084,85272,nursing_home,
17767,38084,85272,clean_room,
17768,38084,85272,archive,
17769,38084,85272,dressing_room,
17770,38084,85296,office,
17771,38084,85296,clean_room,
17772,38084,85296,nursing_home,
17773,38084,85296,archive,
17774,38084,85296,office_cubicles,
17775,38084,85320,clean_room,
17776,38084,85320,office,
17777,38084,85320,archive,
17778,38084,85320,nursing_home,
17779,38084,85320,dressing_room,
17780,38084,85344,office,
17781,38084,85344,clean_room,
17782,38084,85344,archive,
17783,38084,85344,conference_room,
17784,38084,85344,office_cubicles,
17785,38084,85368,office,
17786,38084,85368,clean_room,
17787,38084,85368,nursing_home,
17788,38084,85368,archive,
17789,38084,85368,office_cubicles,
17790,38084,85392,clean_room,
17791,38084,85392,dressing_room,
17792,38084,85392,office,
17793,38084,85392,biology_laboratory,
17794,38084,85392,hospital_room,
17795,38084,85416,office,
17796,38084,85416,dressing_room,
17797,38084,85416,clean_room,
17798,38084,85416,home_office,
17799,38084,85416,bow_window/indoor,
17800,38084,85440,office,
17801,38084,85440,clean_room,
17802,38084,85440,archive,
17803,38084,85440,dressing_room,
17804,38084,85440,home_office,
17805,38084,85464,office,
17806,38084,85464,archive,
17807,38084,85464,clean_room,
17808,38084,85464,home_office,
17809,38084,85464,bow_window/indoor,
17810,38084,85488,office,
17811,38084,85488,home_office,
17812,38084,85488,clean_room,
17813,38084,85488,bow_window/indoor,
17814,38084,85488,archive,
17815,38084,85512,bow_window/indoor,
17816,38084,85512,office,
17817,38084,85512,home_office,
17818,38084,85512,shower,
17819,38084,85512,dorm_room,
17820,38084,85536,bow_window/indoor,
17821,38084,85536,home_office,
17822,38084,85536,office,
17823,38084,85536,dorm_room,
17824,38084,85536,alcove,
17825,38084,85560,office,
17826,38084,85560,home_office,
17827,38084,85560,bow_window/indoor,
17828,38084,85560,archive,
17829,38084,85560,computer_room,
17830,38084,85584,office,
17831,38084,85584,clean_room,
17832,38084,85584,chemistry_lab,
17833,38084,85584,physics_laboratory,
17834,38084,85584,archive,
17835,38084,85608,office,
17836,38084,85608,archive,
17837,38084,85608,clean_room,
17838,38084,85608,dressing_room,
17839,38084,85608,physics_laboratory,
17840,38084,85632,office,
17841,38084,85632,clean_room,
17842,38084,85632,archive,
17843,38084,85632,dressing_room,
17844,38084,85632,chemistry_lab,
17845,38084,85656,office,
17846,38084,85656,clean_room,
17847,38084,85656,archive,
17848,38084,85656,physics_laboratory,
17849,38084,85656,chemistry_lab,
17850,38084,85680,archive,
17851,38084,85680,office,
17852,38084,85680,clean_room,
17853,38084,85680,physics_laboratory,
17854,38084,85680,chemistry_lab,
17855,38084,85704,archive,
17856,38084,85704,office,
17857,38084,85704,clean_room,
17858,38084,85704,physics_laboratory,
17859,38084,85704,home_office,
17860,38084,85728,dressing_room,
17861,38084,85728,clean_room,
17862,38084,85728,museum/indoor,
17863,38084,85728,physics_laboratory,
17864,38084,85728,beauty_salon,
17865,38084,85752,clean_room,
17866,38084,85752,dressing_room,
17867,38084,85752,chemistry_lab,
17868,38084,85752,biology_laboratory,
17869,38084,85752,beauty_salon,
17870,38084,85776,clean_room,
17871,38084,85776,dressing_room,
17872,38084,85776,physics_laboratory,
17873,38084,85776,biology_laboratory,
17874,38084,85776,chemistry_lab,
17875,38084,85800,clean_room,
17876,38084,85800,dressing_room,
17877,38084,85800,beauty_salon,
17878,38084,85800,chemistry_lab,
17879,38084,85800,biology_laboratory,
17880,38084,85824,archive,
17881,38084,85824,office,
17882,38084,85824,clean_room,
17883,38084,85824,home_office,
17884,38084,85824,biology_laboratory,
17885,38084,85848,dressing_room,
17886,38084,85848,clean_room,
17887,38084,85848,archive,
17888,38084,85848,locker_room,
17889,38084,85848,chemistry_lab,
17890,38084,85872,office,
17891,38084,85872,bow_window/indoor,
17892,38084,85872,archive,
17893,38084,85872,home_office,
17894,38084,85872,chemistry_lab,
17895,38084,85896,office,
17896,38084,85896,bow_window/indoor,
17897,38084,85896,physics_laboratory,
17898,38084,85896,home_office,
17899,38084,85896,archive,
17900,38084,85920,bow_window/indoor,
17901,38084,85920,office,
17902,38084,85920,archive,
17903,38084,85920,home_office,
17904,38084,85920,physics_laboratory,
17905,38084,85944,bow_window/indoor,
17906,38084,85944,archive,
17907,38084,85944,office,
17908,38084,85944,home_office,
17909,38084,85944,physics_laboratory,
17910,38084,85968,bow_window/indoor,
17911,38084,85968,office,
17912,38084,85968,archive,
17913,38084,85968,home_office,
17914,38084,85968,physics_laboratory,
17915,38084,85992,dressing_room,
17916,38084,85992,clean_room,
17917,38084,85992,archive,
17918,38084,85992,jewelry_shop,
17919,38084,85992,locker_room,
17920,38084,86016,dressing_room,
17921,38084,86016,clean_room,
17922,38084,86016,archive,
17923,38084,86016,jewelry_shop,
17924,38084,86016,physics_laboratory,
17925,38084,86040,clean_room,
17926,38084,86040,dressing_room,
17927,38084,86040,archive,
17928,38084,86040,locker_room,
17929,38084,86040,art_gallery,
17930,38084,86064,dressing_room,
17931,38084,86064,archive,
17932,38084,86064,clean_room,
17933,38084,86064,art_gallery,
17934,38084,86064,museum/indoor,
17935,38084,86088,archive,
17936,38084,86088,clean_room,
17937,38084,86088,dressing_room,
17938,38084,86088,office,
17939,38084,86088,art_gallery,
17940,38084,86112,archive,
17941,38084,86112,clean_room,
17942,38084,86112,dressing_room,
17943,38084,86112,art_gallery,
17944,38084,86112,locker_room,
17945,38084,86136,archive,
17946,38084,86136,dressing_room,
17947,38084,86136,clean_room,
17948,38084,86136,locker_room,
17949,38084,86136,shower,
17950,38084,86160,archive,
17951,38084,86160,clean_room,
17952,38084,86160,office,
17953,38084,86160,bow_window/indoor,
17954,38084,86160,sauna,
17955,38084,86184,archive,
17956,38084,86184,clean_room,
17957,38084,86184,office,
17958,38084,86184,bow_window/indoor,
17959,38084,86184,sauna,
17960,38084,86208,archive,
17961,38084,86208,clean_room,
17962,38084,86208,office,
17963,38084,86208,server_room,
17964,38084,86208,bow_window/indoor,
17965,38084,86232,archive,
17966,38084,86232,clean_room,
17967,38084,86232,office,
17968,38084,86232,bow_window/indoor,
17969,38084,86232,server_room,
17970,38084,86256,archive,
17971,38084,86256,clean_room,
17972,38084,86256,office,
17973,38084,86256,bow_window/indoor,
17974,38084,86256,server_room,
17975,38084,86280,archive,
17976,38084,86280,clean_room,
17977,38084,86280,office,
17978,38084,86280,bow_window/indoor,
17979,38084,86280,server_room,
17980,38084,86304,dressing_room,
17981,38084,86304,archive,
17982,38084,86304,clean_room,
17983,38084,86304,art_gallery,
17984,38084,86304,museum/indoor,
17985,38084,86328,elevator/door,
17986,38084,86328,bow_window/indoor,
17987,38084,86328,server_room,
17988,38084,86328,closet,
17989,38084,86328,doorway/outdoor,
17990,38084,86352,archive,
17991,38084,86352,clean_room,
17992,38084,86352,bow_window/indoor,
17993,38084,86352,office,
17994,38084,86352,sauna,
17995,38084,86376,archive,
17996,38084,86376,bow_window/indoor,
17997,38084,86376,office,
17998,38084,86376,sauna,
17999,38084,86376,home_office,
18000,38084,86400,office,
18001,38084,86400,archive,
18002,38084,86400,home_office,
18003,38084,86400,bow_window/indoor,
18004,38084,86400,conference_room,
18005,38084,86424,archive,
18006,38084,86424,office,
18007,38084,86424,sauna,
18008,38084,86424,clean_room,
18009,38084,86424,home_office,
18010,38084,86448,archive,
18011,38084,86448,office,
18012,38084,86448,clean_room,
18013,38084,86448,sauna,
18014,38084,86448,home_office,
18015,38084,86472,archive,
18016,38084,86472,office,
18017,38084,86472,clean_room,
18018,38084,86472,home_office,
18019,38084,86472,physics_laboratory,
18020,38084,86496,archive,
18021,38084,86496,office,
18022,38084,86496,bow_window/indoor,
18023,38084,86496,clean_room,
18024,38084,86496,home_office,
18025,38084,86520,archive,
18026,38084,86520,office,
18027,38084,86520,clean_room,
18028,38084,86520,bow_window/indoor,
18029,38084,86520,physics_laboratory,
18030,38084,86544,archive,
18031,38084,86544,science_museum,
18032,38084,86544,clean_room,
18033,38084,86544,natural_history_museum,
18034,38084,86544,museum/indoor,
18035,38084,86568,shower,
18036,38084,86568,skyscraper,
18037,38084,86568,hospital,
18038,38084,86568,tower,
18039,38084,86568,office_building,
18040,38084,86592,skyscraper,
18041,38084,86592,shower,
18042,38084,86592,tower,
18043,38084,86592,art_gallery,
18044,38084,86592,lake/natural,
18045,38084,86616,chemistry_lab,
18046,38084,86616,shower,
18047,38084,86616,discotheque,
18048,38084,86616,stage/indoor,
18049,38084,86616,igloo,
18050,38084,86640,discotheque,
18051,38084,86640,stage/indoor,
18052,38084,86640,arena/performance,
18053,38084,86640,music_studio,
18054,38084,86640,chemistry_lab,
18055,38084,86664,discotheque,
18056,38084,86664,stage/indoor,
18057,38084,86664,chemistry_lab,
18058,38084,86664,music_studio,
18059,38084,86664,igloo,
18060,38084,86688,discotheque,
18061,38084,86688,stage/indoor,
18062,38084,86688,engine_room,
18063,38084,86688,clean_room,
18064,38084,86688,chemistry_lab,
18065,38084,86712,discotheque,
18066,38084,86712,clean_room,
18067,38084,86712,stage/indoor,
18068,38084,86712,corn_field,
18069,38084,86712,chemistry_lab,
18070,38084,86736,stage/indoor,
18071,38084,86736,discotheque,
18072,38084,86736,music_studio,
18073,38084,86736,corn_field,
18074,38084,86736,clean_room,
18075,38084,86760,skyscraper,
18076,38084,86760,discotheque,
18077,38084,86760,shower,
18078,38084,86760,tower,
18079,38084,86760,fountain,
18080,38084,86784,shower,
18081,38084,86784,sky,
18082,38084,86784,pond,
18083,38084,86784,aquarium,
18084,38084,86784,discotheque,
18085,38084,86808,shower,
18086,38084,86808,bathroom,
18087,38084,86808,dressing_room,
18088,38084,86808,museum/indoor,
18089,38084,86808,clean_room,
18090,38084,86832,staircase,
18091,38084,86832,living_room,
18092,38084,86832,jail_cell,
18093,38084,86832,basement,
18094,38084,86832,corridor,
18095,38084,86856,clean_room,
18096,38084,86856,dressing_room,
18097,38084,86856,archive,
18098,38084,86856,locker_room,
18099,38084,86856,chemistry_lab,
18100,38084,86880,dressing_room,
18101,38084,86880,clean_room,
18102,38084,86880,locker_room,
18103,38084,86880,chemistry_lab,
18104,38084,86880,museum/indoor,
18105,38084,86904,dressing_room,
18106,38084,86904,chemistry_lab,
18107,38084,86904,clean_room,
18108,38084,86904,locker_room,
18109,38084,86904,museum/indoor,
18110,38084,86928,dressing_room,
18111,38084,86928,clean_room,
18112,38084,86928,chemistry_lab,
18113,38084,86928,locker_room,
18114,38084,86928,museum/indoor,
18115,38084,86952,dressing_room,
18116,38084,86952,locker_room,
18117,38084,86952,clean_room,
18118,38084,86952,shower,
18119,38084,86952,chemistry_lab,
18120,38084,86976,clean_room,
18121,38084,86976,dressing_room,
18122,38084,86976,chemistry_lab,
18123,38084,86976,locker_room,
18124,38084,86976,operating_room,
18125,38084,87000,museum/indoor,
18126,38084,87000,science_museum,
18127,38084,87000,natural_history_museum,
18128,38084,87000,jewelry_shop,
18129,38084,87000,clean_room,
18130,38084,87024,dressing_room,
18131,38084,87024,locker_room,
18132,38084,87024,clean_room,
18133,38084,87024,museum/indoor,
18134,38084,87024,jail_cell,
18135,38084,87048,clean_room,
18136,38084,87048,dressing_room,
18137,38084,87048,jail_cell,
18138,38084,87048,locker_room,
18139,38084,87048,archive,
18140,38084,87072,clean_room,
18141,38084,87072,archive,
18142,38084,87072,museum/indoor,
18143,38084,87072,dressing_room,
18144,38084,87072,locker_room,
18145,38084,87096,clean_room,
18146,38084,87096,museum/indoor,
18147,38084,87096,archive,
18148,38084,87096,dressing_room,
18149,38084,87096,library/indoor,
18150,38084,87120,clean_room,
18151,38084,87120,archive,
18152,38084,87120,museum/indoor,
18153,38084,87120,locker_room,
18154,38084,87120,dressing_room,
18155,38084,87144,clean_room,
18156,38084,87144,archive,
18157,38084,87144,museum/indoor,
18158,38084,87144,physics_laboratory,
18159,38084,87144,chemistry_lab,
18160,38084,87168,clean_room,
18161,38084,87168,museum/indoor,
18162,38084,87168,archive,
18163,38084,87168,dressing_room,
18164,38084,87168,physics_laboratory,
18165,38084,87192,museum/indoor,
18166,38084,87192,clean_room,
18167,38084,87192,archive,
18168,38084,87192,dressing_room,
18169,38084,87192,locker_room,
18170,38084,87216,museum/indoor,
18171,38084,87216,archive,
18172,38084,87216,clean_room,
18173,38084,87216,music_studio,
18174,38084,87216,dressing_room,
18175,38084,87240,clean_room,
18176,38084,87240,archive,
18177,38084,87240,music_studio,
18178,38084,87240,museum/indoor,
18179,38084,87240,library/indoor,
18180,38084,87264,clean_room,
18181,38084,87264,dressing_room,
18182,38084,87264,gymnasium/indoor,
18183,38084,87264,archive,
18184,38084,87264,martial_arts_gym,
18185,38084,87288,museum/indoor,
18186,38084,87288,clean_room,
18187,38084,87288,dressing_room,
18188,38084,87288,nursery,
18189,38084,87288,archive,
18190,38084,87312,dressing_room,
18191,38084,87312,clean_room,
18192,38084,87312,museum/indoor,
18193,38084,87312,chemistry_lab,
18194,38084,87312,archive,
18195,38084,87336,museum/indoor,
18196,38084,87336,clean_room,
18197,38084,87336,archive,
18198,38084,87336,physics_laboratory,
18199,38084,87336,operating_room,
18200,38084,87360,clean_room,
18201,38084,87360,dressing_room,
18202,38084,87360,museum/indoor,
18203,38084,87360,shower,
18204,38084,87360,discotheque,
18205,38084,87384,clean_room,
18206,38084,87384,reception,
18207,38084,87384,ice_cream_parlor,
18208,38084,87384,restaurant,
18209,38084,87384,chemistry_lab,
18210,38084,87408,dressing_room,
18211,38084,87408,clean_room,
18212,38084,87408,beauty_salon,
18213,38084,87408,jewelry_shop,
18214,38084,87408,bathroom,
18215,38084,87432,dressing_room,
18216,38084,87432,clean_room,
18217,38084,87432,beauty_salon,
18218,38084,87432,archive,
18219,38084,87432,jewelry_shop,
18220,38084,87456,dressing_room,
18221,38084,87456,nursery,
18222,38084,87456,clothing_store,
18223,38084,87456,living_room,
18224,38084,87456,dining_room,
18225,38084,87480,dining_room,
18226,38084,87480,dressing_room,
18227,38084,87480,banquet_hall,
18228,38084,87480,dining_hall,
18229,38084,87480,living_room,
18230,38084,87504,dressing_room,
18231,38084,87504,beauty_salon,
18232,38084,87504,dining_room,
18233,38084,87504,jewelry_shop,
18234,38084,87504,nursery,
18235,38084,87528,dressing_room,
18236,38084,87528,beauty_salon,
18237,38084,87528,jewelry_shop,
18238,38084,87528,nursery,
18239,38084,87528,home_office,
18240,38084,87552,dressing_room,
18241,38084,87552,clean_room,
18242,38084,87552,hospital_room,
18243,38084,87552,nursery,
18244,38084,87552,operating_room,
18245,38084,87576,dressing_room,
18246,38084,87576,hospital_room,
18247,38084,87576,banquet_hall,
18248,38084,87576,dining_room,
18249,38084,87576,nursing_home,
18250,38084,87600,nursing_home,
18251,38084,87600,hospital_room,
18252,38084,87600,dining_room,
18253,38084,87600,banquet_hall,
18254,38084,87600,music_studio,
18255,38084,87624,dressing_room,
18256,38084,87624,hospital_room,
18257,38084,87624,nursing_home,
18258,38084,87624,banquet_hall,
18259,38084,87624,ballroom,
18260,38084,87648,dressing_room,
18261,38084,87648,hospital_room,
18262,38084,87648,music_studio,
18263,38084,87648,nursing_home,
18264,38084,87648,ballroom,
18265,38084,87672,hospital_room,
18266,38084,87672,music_studio,
18267,38084,87672,nursing_home,
18268,38084,87672,dressing_room,
18269,38084,87672,ballroom,
18270,38084,87696,dressing_room,
18271,38084,87696,dining_room,
18272,38084,87696,hospital_room,
18273,38084,87696,living_room,
18274,38084,87696,banquet_hall,
18275,38084,87720,banquet_hall,
18276,38084,87720,dining_room,
18277,38084,87720,dining_hall,
18278,38084,87720,restaurant,
18279,38084,87720,dressing_room,
18280,38084,87744,dining_room,
18281,38084,87744,banquet_hall,
18282,38084,87744,dressing_room,
18283,38084,87744,dining_hall,
18284,38084,87744,living_room,
18285,38084,87768,dressing_room,
18286,38084,87768,banquet_hall,
18287,38084,87768,dining_room,
18288,38084,87768,archive,
18289,38084,87768,bow_window/indoor,
18290,38084,87792,dressing_room,
18291,38084,87792,living_room,
18292,38084,87792,nursery,
18293,38084,87792,beauty_salon,
18294,38084,87792,dining_room,
18295,38084,87816,dining_room,
18296,38084,87816,dressing_room,
18297,38084,87816,living_room,
18298,38084,87816,banquet_hall,
18299,38084,87816,nursery,
18300,38084,87840,dressing_room,
18301,38084,87840,dining_room,
18302,38084,87840,beauty_salon,
18303,38084,87840,clean_room,
18304,38084,87840,living_room,
18305,38084,87864,dressing_room,
18306,38084,87864,nursery,
18307,38084,87864,jewelry_shop,
18308,38084,87864,banquet_hall,
18309,38084,87864,beauty_salon,
18310,38084,87888,dressing_room,
18311,38084,87888,dining_room,
18312,38084,87888,nursery,
18313,38084,87888,banquet_hall,
18314,38084,87888,living_room,
18315,38084,87912,dressing_room,
18316,38084,87912,banquet_hall,
18317,38084,87912,dining_room,
18318,38084,87912,jewelry_shop,
18319,38084,87912,living_room,
18320,38084,87936,clean_room,
18321,38084,87936,dressing_room,
18322,38084,87936,nursery,
18323,38084,87936,hospital_room,
18324,38084,87936,museum/indoor,
18325,38084,87960,dressing_room,
18326,38084,87960,clothing_store,
18327,38084,87960,shower,
18328,38084,87960,clean_room,
18329,38084,87960,stage/indoor,
18330,38084,87984,dressing_room,
18331,38084,87984,clothing_store,
18332,38084,87984,department_store,
18333,38084,87984,closet,
18334,38084,87984,fabric_store,
18335,38084,88008,clean_room,
18336,38084,88008,dressing_room,
18337,38084,88008,museum/indoor,
18338,38084,88008,archive,
18339,38084,88008,clothing_store,
18340,38084,88032,clean_room,
18341,38084,88032,nursery,
18342,38084,88032,staircase,
18343,38084,88032,clothing_store,
18344,38084,88032,dressing_room,
18345,38084,88056,clean_room,
18346,38084,88056,archive,
18347,38084,88056,clothing_store,
18348,38084,88056,department_store,
18349,38084,88056,nursery,
18350,38084,88080,clean_room,
18351,38084,88080,archive,
18352,38084,88080,operating_room,
18353,38084,88080,clothing_store,
18354,38084,88080,hospital_room,
18355,38084,88104,clean_room,
18356,38084,88104,archive,
18357,38084,88104,clothing_store,
18358,38084,88104,department_store,
18359,38084,88104,operating_room,
18360,38084,88128,clean_room,
18361,38084,88128,clothing_store,
18362,38084,88128,operating_room,
18363,38084,88128,hospital_room,
18364,38084,88128,department_store,
18365,38084,88152,clean_room,
18366,38084,88152,clothing_store,
18367,38084,88152,operating_room,
18368,38084,88152,dressing_room,
18369,38084,88152,department_store,
18370,38084,88176,clean_room,
18371,38084,88176,operating_room,
18372,38084,88176,clothing_store,
18373,38084,88176,hospital_room,
18374,38084,88176,archive,
18375,38084,88200,clean_room,
18376,38084,88200,clothing_store,
18377,38084,88200,operating_room,
18378,38084,88200,dressing_room,
18379,38084,88200,hospital_room,
18380,38084,88224,clothing_store,
18381,38084,88224,clean_room,
18382,38084,88224,department_store,
18383,38084,88224,archive,
18384,38084,88224,fabric_store,
18385,38084,88248,clean_room,
18386,38084,88248,operating_room,
18387,38084,88248,clothing_store,
18388,38084,88248,hospital_room,
18389,38084,88248,archive,
18390,38084,88272,clean_room,
18391,38084,88272,operating_room,
18392,38084,88272,archive,
18393,38084,88272,clothing_store,
18394,38084,88272,hospital_room,
18395,38084,88296,dressing_room,
18396,38084,88296,nursing_home,
18397,38084,88296,clothing_store,
18398,38084,88296,museum/indoor,
18399,38084,88296,archive,
18400,38084,88320,clothing_store,
18401,38084,88320,clean_room,
18402,38084,88320,dressing_room,
18403,38084,88320,nursing_home,
18404,38084,88320,jewelry_shop,
18405,38084,88344,butchers_shop,
18406,38084,88344,clean_room,
18407,38084,88344,nursing_home,
18408,38084,88344,operating_room,
18409,38084,88344,hospital_room,
18410,38084,88368,clean_room,
18411,38084,88368,archive,
18412,38084,88368,nursery,
18413,38084,88368,clothing_store,
18414,38084,88368,museum/indoor,
18415,38084,88392,clean_room,
18416,38084,88392,hospital_room,
18417,38084,88392,dressing_room,
18418,38084,88392,nursery,
18419,38084,88392,operating_room,
18420,38084,88416,nursery,
18421,38084,88416,dressing_room,
18422,38084,88416,jewelry_shop,
18423,38084,88416,candy_store,
18424,38084,88416,supermarket,
18425,38084,88440,nursery,
18426,38084,88440,dressing_room,
18427,38084,88440,candy_store,
18428,38084,88440,clothing_store,
18429,38084,88440,ice_cream_parlor,
18430,38084,88464,nursery,
18431,38084,88464,dressing_room,
18432,38084,88464,candy_store,
18433,38084,88464,childs_room,
18434,38084,88464,clothing_store,
18435,38084,88488,dressing_room,
18436,38084,88488,nursery,
18437,38084,88488,ballroom,
18438,38084,88488,banquet_hall,
18439,38084,88488,living_room,
18440,38084,88512,clothing_store,
18441,38084,88512,department_store,
18442,38084,88512,dressing_room,
18443,38084,88512,archive,
18444,38084,88512,nursery,
18445,38084,88536,nursery,
18446,38084,88536,clothing_store,
18447,38084,88536,archive,
18448,38084,88536,department_store,
18449,38084,88536,dressing_room,
18450,38084,88560,dressing_room,
18451,38084,88560,nursery,
18452,38084,88560,clothing_store,
18453,38084,88560,archive,
18454,38084,88560,beauty_salon,
18455,38084,88584,department_store,
18456,38084,88584,candy_store,
18457,38084,88584,supermarket,
18458,38084,88584,nursery,
18459,38084,88584,clothing_store,
18460,38084,88608,dressing_room,
18461,38084,88608,beauty_salon,
18462,38084,88608,clean_room,
18463,38084,88608,hospital_room,
18464,38084,88608,nursing_home,
18465,38084,88632,dressing_room,
18466,38084,88632,beauty_salon,
18467,38084,88632,hospital_room,
18468,38084,88632,hotel_room,
18469,38084,88632,dorm_room,
18470,38084,88656,dressing_room,
18471,38084,88656,beauty_salon,
18472,38084,88656,hospital_room,
18473,38084,88656,hotel_room,
18474,38084,88656,sauna,
18475,38084,88680,nursery,
18476,38084,88680,staircase,
18477,38084,88680,dressing_room,
18478,38084,88680,ballroom,
18479,38084,88680,bowling_alley,
18480,38084,88704,nursery,
18481,38084,88704,staircase,
18482,38084,88704,ice_cream_parlor,
18483,38084,88704,banquet_hall,
18484,38084,88704,cafeteria,
18485,38084,88728,nursery,
18486,38084,88728,staircase,
18487,38084,88728,bowling_alley,
18488,38084,88728,lobby,
18489,38084,88728,banquet_hall,
18490,38084,88752,nursery,
18491,38084,88752,staircase,
18492,38084,88752,bowling_alley,
18493,38084,88752,entrance_hall,
18494,38084,88752,dressing_room,
18495,38084,88776,nursery,
18496,38084,88776,staircase,
18497,38084,88776,ice_cream_parlor,
18498,38084,88776,lobby,
18499,38084,88776,living_room,
18500,38084,88800,dressing_room,
18501,38084,88800,nursing_home,
18502,38084,88800,hospital_room,
18503,38084,88800,beauty_salon,
18504,38084,88800,clean_room,
18505,38084,88824,dressing_room,
18506,38084,88824,nursing_home,
18507,38084,88824,hospital_room,
18508,38084,88824,beauty_salon,
18509,38084,88824,clean_room,
18510,38084,88848,dressing_room,
18511,38084,88848,nursing_home,
18512,38084,88848,beauty_salon,
18513,38084,88848,hospital_room,
18514,38084,88848,clean_room,
18515,38084,88872,dressing_room,
18516,38084,88872,nursing_home,
18517,38084,88872,beauty_salon,
18518,38084,88872,hospital_room,
18519,38084,88872,dorm_room,
18520,38084,88896,dressing_room,
18521,38084,88896,beauty_salon,
18522,38084,88896,nursing_home,
18523,38084,88896,hospital_room,
18524,38084,88896,clean_room,
18525,38084,88920,dressing_room,
18526,38084,88920,nursing_home,
18527,38084,88920,clean_room,
18528,38084,88920,hospital_room,
18529,38084,88920,beauty_salon,
18530,38084,88944,dressing_room,
18531,38084,88944,nursing_home,
18532,38084,88944,hospital_room,
18533,38084,88944,clean_room,
18534,38084,88944,beauty_salon,
18535,38084,88968,nursery,
18536,38084,88968,staircase,
18537,38084,88968,lobby,
18538,38084,88968,living_room,
18539,38084,88968,entrance_hall,
18540,38084,88992,nursery,
18541,38084,88992,dressing_room,
18542,38084,88992,childs_room,
18543,38084,88992,ice_cream_parlor,
18544,38084,88992,staircase,
18545,38084,89016,nursery,
18546,38084,89016,staircase,
18547,38084,89016,living_room,
18548,38084,89016,ice_cream_parlor,
18549,38084,89016,lobby,
18550,38084,89040,nursery,
18551,38084,89040,staircase,
18552,38084,89040,clothing_store,
18553,38084,89040,archive,
18554,38084,89040,dressing_room,
18555,38084,89064,dressing_room,
18556,38084,89064,clothing_store,
18557,38084,89064,department_store,
18558,38084,89064,jewelry_shop,
18559,38084,89064,clean_room,
18560,38084,89088,dressing_room,
18561,38084,89088,department_store,
18562,38084,89088,clothing_store,
18563,38084,89088,supermarket,
18564,38084,89088,clean_room,
18565,38084,89112,dressing_room,
18566,38084,89112,department_store,
18567,38084,89112,nursery,
18568,38084,89112,archive,
18569,38084,89112,clothing_store,
18570,38084,89136,nursery,
18571,38084,89136,dressing_room,
18572,38084,89136,archive,
18573,38084,89136,clean_room,
18574,38084,89136,staircase,
18575,38084,89160,nursery,
18576,38084,89160,dressing_room,
18577,38084,89160,clean_room,
18578,38084,89160,staircase,
18579,38084,89160,clothing_store,
18580,38084,89184,dressing_room,
18581,38084,89184,nursery,
18582,38084,89184,clothing_store,
18583,38084,89184,candy_store,
18584,38084,89184,department_store,
18585,38084,89208,nursery,
18586,38084,89208,dressing_room,
18587,38084,89208,ice_cream_parlor,
18588,38084,89208,clothing_store,
18589,38084,89208,childs_room,
18590,38084,89232,nursery,
18591,38084,89232,dressing_room,
18592,38084,89232,clothing_store,
18593,38084,89232,ice_cream_parlor,
18594,38084,89232,childs_room,
18595,38084,89256,dressing_room,
18596,38084,89256,clothing_store,
18597,38084,89256,nursery,
18598,38084,89256,ice_cream_parlor,
18599,38084,89256,jewelry_shop,
18600,38084,89280,nursery,
18601,38084,89280,dressing_room,
18602,38084,89280,clothing_store,
18603,38084,89280,bedroom,
18604,38084,89280,archive,
18605,38084,89304,nursery,
18606,38084,89304,dressing_room,
18607,38084,89304,jewelry_shop,
18608,38084,89304,clothing_store,
18609,38084,89304,ice_cream_parlor,
18610,38084,89328,nursery,
18611,38084,89328,dressing_room,
18612,38084,89328,jewelry_shop,
18613,38084,89328,ice_cream_parlor,
18614,38084,89328,clothing_store,
18615,38084,89352,nursery,
18616,38084,89352,dressing_room,
18617,38084,89352,clothing_store,
18618,38084,89352,ice_cream_parlor,
18619,38084,89352,jewelry_shop,
18620,38084,89376,dressing_room,
18621,38084,89376,nursery,
18622,38084,89376,clothing_store,
18623,38084,89376,bedroom,
18624,38084,89376,living_room,
18625,38084,89400,dressing_room,
18626,38084,89400,clothing_store,
18627,38084,89400,nursery,
18628,38084,89400,clean_room,
18629,38084,89400,banquet_hall,
18630,38084,89424,clean_room,
18631,38084,89424,clothing_store,
18632,38084,89424,dressing_room,
18633,38084,89424,museum/indoor,
18634,38084,89424,nursery,
18635,38084,89448,dressing_room,
18636,38084,89448,beauty_salon,
18637,38084,89448,clothing_store,
18638,38084,89448,clean_room,
18639,38084,89448,ballroom,
18640,38084,89472,department_store,
18641,38084,89472,ice_cream_parlor,
18642,38084,89472,clean_room,
18643,38084,89472,dressing_room,
18644,38084,89472,archive,
18645,38084,89496,clean_room,
18646,38084,89496,nursery,
18647,38084,89496,ballroom,
18648,38084,89496,archive,
18649,38084,89496,staircase,
18650,38084,89520,dressing_room,
18651,38084,89520,ice_cream_parlor,
18652,38084,89520,cafeteria,
18653,38084,89520,beauty_salon,
18654,38084,89520,restaurant,
18655,38084,89544,dressing_room,
18656,38084,89544,shower,
18657,38084,89544,jewelry_shop,
18658,38084,89544,clean_room,
18659,38084,89544,hospital_room,
18660,38084,89568,dressing_room,
18661,38084,89568,shower,
18662,38084,89568,hospital_room,
18663,38084,89568,clean_room,
18664,38084,89568,discotheque,
18665,38084,89592,dressing_room,
18666,38084,89592,clean_room,
18667,38084,89592,nursing_home,
18668,38084,89592,hospital_room,
18669,38084,89592,operating_room,
18670,38084,89616,dressing_room,
18671,38084,89616,nursing_home,
18672,38084,89616,hospital_room,
18673,38084,89616,clean_room,
18674,38084,89616,ice_cream_parlor,
18675,38084,89640,dressing_room,
18676,38084,89640,clean_room,
18677,38084,89640,jewelry_shop,
18678,38084,89640,nursing_home,
18679,38084,89640,hospital_room,
18680,38084,89664,dressing_room,
18681,38084,89664,clean_room,
18682,38084,89664,jewelry_shop,
18683,38084,89664,hospital_room,
18684,38084,89664,clothing_store,
18685,38084,89688,dressing_room,
18686,38084,89688,clean_room,
18687,38084,89688,hospital_room,
18688,38084,89688,nursing_home,
18689,38084,89688,beauty_salon,
18690,38084,89712,hospital_room,
18691,38084,89712,clean_room,
18692,38084,89712,dressing_room,
18693,38084,89712,operating_room,
18694,38084,89712,nursing_home,
18695,38084,89736,dressing_room,
18696,38084,89736,ice_cream_parlor,
18697,38084,89736,coffee_shop,
18698,38084,89736,restaurant,
18699,38084,89736,cafeteria,
18700,38084,89760,coffee_shop,
18701,38084,89760,dressing_room,
18702,38084,89760,ice_cream_parlor,
18703,38084,89760,restaurant,
18704,38084,89760,cafeteria,
18705,38084,89784,coffee_shop,
18706,38084,89784,restaurant,
18707,38084,89784,cafeteria,
18708,38084,89784,ice_cream_parlor,
18709,38084,89784,dressing_room,
18710,38084,89808,bar,
18711,38084,89808,discotheque,
18712,38084,89808,coffee_shop,
18713,38084,89808,restaurant,
18714,38084,89808,dressing_room,
18715,38084,89832,dressing_room,
18716,38084,89832,coffee_shop,
18717,38084,89832,bar,
18718,38084,89832,restaurant,
18719,38084,89832,ice_cream_parlor,
18720,38084,89856,dressing_room,
18721,38084,89856,nursery,
18722,38084,89856,clothing_store,
18723,38084,89856,beauty_salon,
18724,38084,89856,bedroom,
18725,38084,89880,dressing_room,
18726,38084,89880,nursery,
18727,38084,89880,clothing_store,
18728,38084,89880,hospital_room,
18729,38084,89880,shower,
18730,38084,89904,dressing_room,
18731,38084,89904,nursery,
18732,38084,89904,childs_room,
18733,38084,89904,bedroom,
18734,38084,89904,hospital_room,
18735,38084,89928,dressing_room,
18736,38084,89928,clean_room,
18737,38084,89928,chemistry_lab,
18738,38084,89928,hospital_room,
18739,38084,89928,coffee_shop,
18740,38084,89952,clean_room,
18741,38084,89952,dressing_room,
18742,38084,89952,chemistry_lab,
18743,38084,89952,coffee_shop,
18744,38084,89952,ice_cream_parlor,
18745,38084,89976,dressing_room,
18746,38084,89976,nursery,
18747,38084,89976,clothing_store,
18748,38084,89976,shower,
18749,38084,89976,nursing_home,
18750,38084,90000,dressing_room,
18751,38084,90000,shower,
18752,38084,90000,nursery,
18753,38084,90000,clothing_store,
18754,38084,90000,bathroom,
18755,38084,90024,dressing_room,
18756,38084,90024,nursery,
18757,38084,90024,bedroom,
18758,38084,90024,beauty_salon,
18759,38084,90024,clothing_store,
18760,38084,90048,dressing_room,
18761,38084,90048,nursery,
18762,38084,90048,bedroom,
18763,38084,90048,hotel_room,
18764,38084,90048,beauty_salon,
18765,38084,90072,chemistry_lab,
18766,38084,90072,dressing_room,
18767,38084,90072,bar,
18768,38084,90072,clean_room,
18769,38084,90072,discotheque,
18770,38084,90096,dressing_room,
18771,38084,90096,chemistry_lab,
18772,38084,90096,bar,
18773,38084,90096,coffee_shop,
18774,38084,90096,restaurant,
18775,38084,90120,dressing_room,
18776,38084,90120,bar,
18777,38084,90120,chemistry_lab,
18778,38084,90120,discotheque,
18779,38084,90120,restaurant,
18780,38084,90144,dressing_room,
18781,38084,90144,coffee_shop,
18782,38084,90144,chemistry_lab,
18783,38084,90144,bar,
18784,38084,90144,restaurant,
18785,38084,90168,dressing_room,
18786,38084,90168,banquet_hall,
18787,38084,90168,nursery,
18788,38084,90168,clothing_store,
18789,38084,90168,nursing_home,
18790,38084,90192,dressing_room,
18791,38084,90192,ice_cream_parlor,
18792,38084,90192,banquet_hall,
18793,38084,90192,restaurant,
18794,38084,90192,nursing_home,
18795,38084,90216,ice_cream_parlor,
18796,38084,90216,dressing_room,
18797,38084,90216,restaurant,
18798,38084,90216,banquet_hall,
18799,38084,90216,jewelry_shop,
18800,38084,90240,dressing_room,
18801,38084,90240,nursery,
18802,38084,90240,ice_cream_parlor,
18803,38084,90240,shower,
18804,38084,90240,clothing_store,
18805,38084,90264,dressing_room,
18806,38084,90264,clean_room,
18807,38084,90264,hospital_room,
18808,38084,90264,nursery,
18809,38084,90264,chemistry_lab,
18810,38084,90288,dressing_room,
18811,38084,90288,coffee_shop,
18812,38084,90288,discotheque,
18813,38084,90288,clean_room,
18814,38084,90288,chemistry_lab,
18815,38084,90312,dressing_room,
18816,38084,90312,clean_room,
18817,38084,90312,hospital_room,
18818,38084,90312,nursery,
18819,38084,90312,discotheque,
18820,38084,90336,dressing_room,
18821,38084,90336,coffee_shop,
18822,38084,90336,discotheque,
18823,38084,90336,restaurant,
18824,38084,90336,laundromat,
18825,38084,90360,dressing_room,
18826,38084,90360,laundromat,
18827,38084,90360,clean_room,
18828,38084,90360,coffee_shop,
18829,38084,90360,discotheque,
18830,38084,90384,dressing_room,
18831,38084,90384,nursery,
18832,38084,90384,clothing_store,
18833,38084,90384,childs_room,
18834,38084,90384,bedroom,
18835,38084,90408,dressing_room,
18836,38084,90408,nursery,
18837,38084,90408,clothing_store,
18838,38084,90408,bedroom,
18839,38084,90408,beauty_salon,
18840,38084,90432,dressing_room,
18841,38084,90432,clothing_store,
18842,38084,90432,banquet_hall,
18843,38084,90432,nursing_home,
18844,38084,90432,hospital_room,
18845,38084,90456,dressing_room,
18846,38084,90456,nursery,
18847,38084,90456,clothing_store,
18848,38084,90456,beauty_salon,
18849,38084,90456,nursing_home,
18850,38084,90480,dressing_room,
18851,38084,90480,nursery,
18852,38084,90480,beauty_salon,
18853,38084,90480,clothing_store,
18854,38084,90480,hospital_room,
18855,38084,90504,dressing_room,
18856,38084,90504,nursery,
18857,38084,90504,clothing_store,
18858,38084,90504,beauty_salon,
18859,38084,90504,restaurant,
18860,38084,90528,dressing_room,
18861,38084,90528,nursery,
18862,38084,90528,clothing_store,
18863,38084,90528,hospital_room,
18864,38084,90528,shower,
18865,38084,90552,dressing_room,
18866,38084,90552,nursery,
18867,38084,90552,shower,
18868,38084,90552,clothing_store,
18869,38084,90552,bathroom,
18870,38084,90576,dressing_room,
18871,38084,90576,shower,
18872,38084,90576,bathroom,
18873,38084,90576,clothing_store,
18874,38084,90576,nursery,
18875,38084,90600,dressing_room,
18876,38084,90600,beauty_salon,
18877,38084,90600,clothing_store,
18878,38084,90600,nursery,
18879,38084,90600,shower,
18880,38084,90624,dressing_room,
18881,38084,90624,beauty_salon,
18882,38084,90624,nursery,
18883,38084,90624,jewelry_shop,
18884,38084,90624,clothing_store,
18885,38084,90648,dressing_room,
18886,38084,90648,nursery,
18887,38084,90648,shower,
18888,38084,90648,beauty_salon,
18889,38084,90648,bathroom,
18890,38084,90672,dressing_room,
18891,38084,90672,shower,
18892,38084,90672,clothing_store,
18893,38084,90672,beauty_salon,
18894,38084,90672,nursery,
18895,38084,90696,dressing_room,
18896,38084,90696,coffee_shop,
18897,38084,90696,clean_room,
18898,38084,90696,discotheque,
18899,38084,90696,restaurant,
18900,38084,90720,dressing_room,
18901,38084,90720,coffee_shop,
18902,38084,90720,restaurant,
18903,38084,90720,beauty_salon,
18904,38084,90720,discotheque,
18905,38084,90744,dressing_room,
18906,38084,90744,beauty_salon,
18907,38084,90744,clothing_store,
18908,38084,90744,nursery,
18909,38084,90744,bedroom,
18910,38084,90768,dressing_room,
18911,38084,90768,clothing_store,
18912,38084,90768,beauty_salon,
18913,38084,90768,nursery,
18914,38084,90768,shower,
18915,38084,90792,dressing_room,
18916,38084,90792,nursery,
18917,38084,90792,clothing_store,
18918,38084,90792,beauty_salon,
18919,38084,90792,hospital_room,
18920,38084,90816,dressing_room,
18921,38084,90816,clothing_store,
18922,38084,90816,nursery,
18923,38084,90816,beauty_salon,
18924,38084,90816,hospital_room,
18925,38084,90840,dressing_room,
18926,38084,90840,nursery,
18927,38084,90840,clothing_store,
18928,38084,90840,beauty_salon,
18929,38084,90840,childs_room,
18930,38084,90864,dressing_room,
18931,38084,90864,clothing_store,
18932,38084,90864,nursery,
18933,38084,90864,beauty_salon,
18934,38084,90864,hospital_room,
18935,38084,90888,dressing_room,
18936,38084,90888,clothing_store,
18937,38084,90888,beauty_salon,
18938,38084,90888,nursery,
18939,38084,90888,fabric_store,
18940,38084,90912,dressing_room,
18941,38084,90912,coffee_shop,
18942,38084,90912,restaurant,
18943,38084,90912,beauty_salon,
18944,38084,90912,discotheque,
18945,38084,90936,dressing_room,
18946,38084,90936,coffee_shop,
18947,38084,90936,restaurant,
18948,38084,90936,discotheque,
18949,38084,90936,ice_cream_parlor,
18950,38084,90960,dressing_room,
18951,38084,90960,coffee_shop,
18952,38084,90960,restaurant,
18953,38084,90960,discotheque,
18954,38084,90960,beauty_salon,
18955,38084,90984,dressing_room,
18956,38084,90984,restaurant,
18957,38084,90984,coffee_shop,
18958,38084,90984,ice_cream_parlor,
18959,38084,90984,cafeteria,
18960,38084,91008,dressing_room,
18961,38084,91008,coffee_shop,
18962,38084,91008,restaurant,
18963,38084,91008,clean_room,
18964,38084,91008,cafeteria,
18965,38084,91032,dressing_room,
18966,38084,91032,coffee_shop,
18967,38084,91032,restaurant,
18968,38084,91032,clean_room,
18969,38084,91032,ice_cream_parlor,
18970,38084,91056,clean_room,
18971,38084,91056,nursing_home,
18972,38084,91056,hospital_room,
18973,38084,91056,operating_room,
18974,38084,91056,dressing_room,
18975,38084,91080,clean_room,
18976,38084,91080,hospital_room,
18977,38084,91080,nursing_home,
18978,38084,91080,operating_room,
18979,38084,91080,dressing_room,
18980,38084,91104,clean_room,
18981,38084,91104,hospital_room,
18982,38084,91104,nursing_home,
18983,38084,91104,dressing_room,
18984,38084,91104,operating_room,
18985,38084,91128,clean_room,
18986,38084,91128,nursing_home,
18987,38084,91128,hospital_room,
18988,38084,91128,operating_room,
18989,38084,91128,dressing_room,
18990,38084,91152,dressing_room,
18991,38084,91152,nursing_home,
18992,38084,91152,clean_room,
18993,38084,91152,hospital_room,
18994,38084,91152,operating_room,
18995,38084,91176,clean_room,
18996,38084,91176,nursing_home,
18997,38084,91176,hospital_room,
18998,38084,91176,dressing_room,
18999,38084,91176,chemistry_lab,
19000,38084,91200,clean_room,
19001,38084,91200,nursing_home,
19002,38084,91200,hospital_room,
19003,38084,91200,dressing_room,
19004,38084,91200,operating_room,
19005,38084,91224,clean_room,
19006,38084,91224,nursing_home,
19007,38084,91224,hospital_room,
19008,38084,91224,dressing_room,
19009,38084,91224,operating_room,
19010,38084,91248,dressing_room,
19011,38084,91248,discotheque,
19012,38084,91248,ballroom,
19013,38084,91248,shower,
19014,38084,91248,childs_room,
19015,38084,91272,dressing_room,
19016,38084,91272,ice_cream_parlor,
19017,38084,91272,discotheque,
19018,38084,91272,bar,
19019,38084,91272,locker_room,
19020,38084,91296,dressing_room,
19021,38084,91296,ice_cream_parlor,
19022,38084,91296,discotheque,
19023,38084,91296,nursery,
19024,38084,91296,kindergarden_classroom,
19025,38084,91320,dressing_room,
19026,38084,91320,nursery,
19027,38084,91320,locker_room,
19028,38084,91320,ice_cream_parlor,
19029,38084,91320,kindergarden_classroom,
19030,38084,91344,dressing_room,
19031,38084,91344,ice_cream_parlor,
19032,38084,91344,restaurant,
19033,38084,91344,nursery,
19034,38084,91344,discotheque,
19035,38084,91368,dressing_room,
19036,38084,91368,discotheque,
19037,38084,91368,ice_cream_parlor,
19038,38084,91368,bar,
19039,38084,91368,restaurant,
19040,38084,91392,dressing_room,
19041,38084,91392,discotheque,
19042,38084,91392,ice_cream_parlor,
19043,38084,91392,beauty_salon,
19044,38084,91392,bar,
19045,38084,91416,dressing_room,
19046,38084,91416,discotheque,
19047,38084,91416,locker_room,
19048,38084,91416,ice_cream_parlor,
19049,38084,91416,nursing_home,
19050,38084,91440,dressing_room,
19051,38084,91440,clothing_store,
19052,38084,91440,clean_room,
19053,38084,91440,beauty_salon,
19054,38084,91440,reception,
19055,38084,91464,dressing_room,
19056,38084,91464,clothing_store,
19057,38084,91464,beauty_salon,
19058,38084,91464,clean_room,
19059,38084,91464,living_room,
19060,38084,91488,clean_room,
19061,38084,91488,archive,
19062,38084,91488,hospital_room,
19063,38084,91488,beauty_salon,
19064,38084,91488,pharmacy,
19065,38084,91512,archive,
19066,38084,91512,clean_room,
19067,38084,91512,restaurant,
19068,38084,91512,candy_store,
19069,38084,91512,beauty_salon,
19070,38084,91536,candy_store,
19071,38084,91536,supermarket,
19072,38084,91536,pharmacy,
19073,38084,91536,archive,
19074,38084,91536,ice_cream_parlor,
19075,38084,91560,archive,
19076,38084,91560,clean_room,
19077,38084,91560,candy_store,
19078,38084,91560,nursing_home,
19079,38084,91560,hospital_room,
19080,38084,91584,clean_room,
19081,38084,91584,clothing_store,
19082,38084,91584,dressing_room,
19083,38084,91584,nursery,
19084,38084,91584,hospital_room,
19085,38084,91608,ice_cream_parlor,
19086,38084,91608,restaurant,
19087,38084,91608,nursery,
19088,38084,91608,bowling_alley,
19089,38084,91608,cafeteria,
19090,38084,91632,dressing_room,
19091,38084,91632,clean_room,
19092,38084,91632,beauty_salon,
19093,38084,91632,nursing_home,
19094,38084,91632,hospital_room,
19095,38084,91656,dressing_room,
19096,38084,91656,clean_room,
19097,38084,91656,beauty_salon,
19098,38084,91656,nursing_home,
19099,38084,91656,operating_room,
19100,38084,91680,dressing_room,
19101,38084,91680,discotheque,
19102,38084,91680,bar,
19103,38084,91680,airplane_cabin,
19104,38084,91680,restaurant,
19105,38084,91704,dressing_room,
19106,38084,91704,discotheque,
19107,38084,91704,airplane_cabin,
19108,38084,91704,bar,
19109,38084,91704,hospital_room,
19110,38084,91728,airplane_cabin,
19111,38084,91728,restaurant,
19112,38084,91728,dressing_room,
19113,38084,91728,bar,
19114,38084,91728,ice_cream_parlor,
19115,38084,91752,dressing_room,
19116,38084,91752,nursing_home,
19117,38084,91752,hospital_room,
19118,38084,91752,nursery,
19119,38084,91752,beauty_salon,
19120,38084,91776,dressing_room,
19121,38084,91776,nursery,
19122,38084,91776,nursing_home,
19123,38084,91776,discotheque,
19124,38084,91776,ballroom,
19125,38084,91800,dressing_room,
19126,38084,91800,nursery,
19127,38084,91800,beauty_salon,
19128,38084,91800,nursing_home,
19129,38084,91800,bedroom,
19130,38084,91824,dressing_room,
19131,38084,91824,nursery,
19132,38084,91824,beauty_salon,
19133,38084,91824,clothing_store,
19134,38084,91824,ballroom,
19135,38084,91848,dressing_room,
19136,38084,91848,nursery,
19137,38084,91848,discotheque,
19138,38084,91848,ballroom,
19139,38084,91848,beauty_salon,
19140,38084,91872,dressing_room,
19141,38084,91872,beauty_salon,
19142,38084,91872,nursery,
19143,38084,91872,nursing_home,
19144,38084,91872,living_room,
19145,38084,91896,jewelry_shop,
19146,38084,91896,clothing_store,
19147,38084,91896,nursery,
19148,38084,91896,music_studio,
19149,38084,91896,candy_store,
19150,38084,91920,dressing_room,
19151,38084,91920,clothing_store,
19152,38084,91920,jewelry_shop,
19153,38084,91920,candy_store,
19154,38084,91920,fabric_store,
19155,38084,91944,jewelry_shop,
19156,38084,91944,bookstore,
19157,38084,91944,dressing_room,
19158,38084,91944,candy_store,
19159,38084,91944,archive,
19160,38084,91968,dressing_room,
19161,38084,91968,jewelry_shop,
19162,38084,91968,bedroom,
19163,38084,91968,discotheque,
19164,38084,91968,beauty_salon,
19165,38084,91992,jewelry_shop,
19166,38084,91992,beauty_salon,
19167,38084,91992,clothing_store,
19168,38084,91992,dressing_room,
19169,38084,91992,clean_room,
19170,38084,92016,jewelry_shop,
19171,38084,92016,clothing_store,
19172,38084,92016,dressing_room,
19173,38084,92016,beauty_salon,
19174,38084,92016,discotheque,
19175,38084,92040,jewelry_shop,
19176,38084,92040,clothing_store,
19177,38084,92040,discotheque,
19178,38084,92040,dressing_room,
19179,38084,92040,beauty_salon,
19180,38084,92064,jewelry_shop,
19181,38084,92064,clothing_store,
19182,38084,92064,dressing_room,
19183,38084,92064,discotheque,
19184,38084,92064,beauty_salon,
19185,38084,92088,jewelry_shop,
19186,38084,92088,clothing_store,
19187,38084,92088,dressing_room,
19188,38084,92088,discotheque,
19189,38084,92088,beauty_salon,
19190,38084,92112,jewelry_shop,
19191,38084,92112,clothing_store,
19192,38084,92112,beauty_salon,
19193,38084,92112,dressing_room,
19194,38084,92112,discotheque,
19195,38084,92136,dressing_room,
19196,38084,92136,hospital_room,
19197,38084,92136,discotheque,
19198,38084,92136,nursery,
19199,38084,92136,ice_cream_parlor,
19200,38084,92160,dressing_room,
19201,38084,92160,airplane_cabin,
19202,38084,92160,hospital_room,
19203,38084,92160,ice_cream_parlor,
19204,38084,92160,restaurant,
19205,38084,92184,nursery,
19206,38084,92184,jewelry_shop,
19207,38084,92184,dressing_room,
19208,38084,92184,clothing_store,
19209,38084,92184,archive,
19210,38084,92208,jewelry_shop,
19211,38084,92208,dressing_room,
19212,38084,92208,nursery,
19213,38084,92208,clothing_store,
19214,38084,92208,bar,
19215,38084,92232,nursery,
19216,38084,92232,dressing_room,
19217,38084,92232,jewelry_shop,
19218,38084,92232,ice_cream_parlor,
19219,38084,92232,restaurant,
19220,38084,92256,dressing_room,
19221,38084,92256,clothing_store,
19222,38084,92256,jewelry_shop,
19223,38084,92256,nursery,
19224,38084,92256,candy_store,
19225,38084,92280,nursery,
19226,38084,92280,dressing_room,
19227,38084,92280,clothing_store,
19228,38084,92280,jewelry_shop,
19229,38084,92280,archive,
19230,38084,92304,nursery,
19231,38084,92304,clothing_store,
19232,38084,92304,dressing_room,
19233,38084,92304,jewelry_shop,
19234,38084,92304,archive,
19235,38084,92328,nursery,
19236,38084,92328,dressing_room,
19237,38084,92328,archive,
19238,38084,92328,jewelry_shop,
19239,38084,92328,clothing_store,
19240,38084,92352,nursery,
19241,38084,92352,jewelry_shop,
19242,38084,92352,dressing_room,
19243,38084,92352,candy_store,
19244,38084,92352,clothing_store,
19245,38084,92376,clothing_store,
19246,38084,92376,jewelry_shop,
19247,38084,92376,candy_store,
19248,38084,92376,dressing_room,
19249,38084,92376,fabric_store,
19250,38084,92400,clothing_store,
19251,38084,92400,dressing_room,
19252,38084,92400,jewelry_shop,
19253,38084,92400,nursery,
19254,38084,92400,bar,
19255,38084,92424,jewelry_shop,
19256,38084,92424,nursery,
19257,38084,92424,candy_store,
19258,38084,92424,archive,
19259,38084,92424,clothing_store,
19260,38084,92448,jewelry_shop,
19261,38084,92448,dressing_room,
19262,38084,92448,nursery,
19263,38084,92448,candy_store,
19264,38084,92448,archive,
19265,38084,92472,candy_store,
19266,38084,92472,jewelry_shop,
19267,38084,92472,nursery,
19268,38084,92472,ice_cream_parlor,
19269,38084,92472,dressing_room,
19270,38084,92496,jewelry_shop,
19271,38084,92496,clothing_store,
19272,38084,92496,dressing_room,
19273,38084,92496,archive,
19274,38084,92496,candy_store,
19275,38084,92520,archive,
19276,38084,92520,nursery,
19277,38084,92520,jewelry_shop,
19278,38084,92520,dressing_room,
19279,38084,92520,clothing_store,
19280,38084,92544,jewelry_shop,
19281,38084,92544,dressing_room,
19282,38084,92544,candy_store,
19283,38084,92544,archive,
19284,38084,92544,clothing_store,
19285,38084,92568,archive,
19286,38084,92568,bookstore,
19287,38084,92568,jewelry_shop,
19288,38084,92568,bar,
19289,38084,92568,coffee_shop,
19290,38084,92592,nursery,
19291,38084,92592,archive,
19292,38084,92592,jewelry_shop,
19293,38084,92592,dressing_room,
19294,38084,92592,candy_store,
19295,38084,92616,archive,
19296,38084,92616,jewelry_shop,
19297,38084,92616,nursery,
19298,38084,92616,candy_store,
19299,38084,92616,nursing_home,
19300,38084,92640,jewelry_shop,
19301,38084,92640,nursery,
19302,38084,92640,candy_store,
19303,38084,92640,archive,
19304,38084,92640,clothing_store,
19305,38084,92664,nursery,
19306,38084,92664,jewelry_shop,
19307,38084,92664,archive,
19308,38084,92664,candy_store,
19309,38084,92664,bar,
19310,38084,92688,dressing_room,
19311,38084,92688,nursery,
19312,38084,92688,nursing_home,
19313,38084,92688,hospital_room,
19314,38084,92688,bedroom,
19315,38084,92712,dressing_room,
19316,38084,92712,nursery,
19317,38084,92712,jewelry_shop,
19318,38084,92712,hospital_room,
19319,38084,92712,beauty_salon,
19320,38084,92736,dressing_room,
19321,38084,92736,jewelry_shop,
19322,38084,92736,beauty_salon,
19323,38084,92736,ice_cream_parlor,
19324,38084,92736,candy_store,
19325,38084,92760,dressing_room,
19326,38084,92760,nursery,
19327,38084,92760,ice_cream_parlor,
19328,38084,92760,museum/indoor,
19329,38084,92760,kindergarden_classroom,
19330,38084,92784,restaurant,
19331,38084,92784,banquet_hall,
19332,38084,92784,classroom,
19333,38084,92784,ice_cream_parlor,
19334,38084,92784,cafeteria,
19335,38084,92808,dressing_room,
19336,38084,92808,clean_room,
19337,38084,92808,ice_cream_parlor,
19338,38084,92808,beauty_salon,
19339,38084,92808,restaurant,
19340,38084,92832,clean_room,
19341,38084,92832,department_store,
19342,38084,92832,clothing_store,
19343,38084,92832,dressing_room,
19344,38084,92832,ice_cream_parlor,
19345,38084,92856,clean_room,
19346,38084,92856,dressing_room,
19347,38084,92856,operating_room,
19348,38084,92856,clothing_store,
19349,38084,92856,gift_shop,
19350,38084,92880,clean_room,
19351,38084,92880,banquet_hall,
19352,38084,92880,dining_room,
19353,38084,92880,operating_room,
19354,38084,92880,dining_hall,
19355,38084,92904,dressing_room,
19356,38084,92904,discotheque,
19357,38084,92904,clothing_store,
19358,38084,92904,banquet_hall,
19359,38084,92904,restaurant,
19360,38084,92928,dressing_room,
19361,38084,92928,waiting_room,
19362,38084,92928,coffee_shop,
19363,38084,92928,restaurant,
19364,38084,92928,living_room,
19365,38084,92952,discotheque,
19366,38084,92952,stage/indoor,
19367,38084,92952,dressing_room,
19368,38084,92952,martial_arts_gym,
19369,38084,92952,music_studio,
19370,38084,92976,dressing_room,
19371,38084,92976,museum/indoor,
19372,38084,92976,clean_room,
19373,38084,92976,art_gallery,
19374,38084,92976,archive,
19375,38084,93000,dressing_room,
19376,38084,93000,clean_room,
19377,38084,93000,music_studio,
19378,38084,93000,museum/indoor,
19379,38084,93000,office,
19380,38084,93024,museum/indoor,
19381,38084,93024,dressing_room,
19382,38084,93024,art_gallery,
19383,38084,93024,living_room,
19384,38084,93024,clean_room,
19385,38084,93048,museum/indoor,
19386,38084,93048,dressing_room,
19387,38084,93048,bathroom,
19388,38084,93048,shower,
19389,38084,93048,art_gallery,
19390,38084,93072,museum/indoor,
19391,38084,93072,dressing_room,
19392,38084,93072,shower,
19393,38084,93072,bathroom,
19394,38084,93072,clean_room,
19395,38084,93096,museum/indoor,
19396,38084,93096,dressing_room,
19397,38084,93096,clean_room,
19398,38084,93096,shower,
19399,38084,93096,art_gallery,
19400,38084,93120,museum/indoor,
19401,38084,93120,dressing_room,
19402,38084,93120,clean_room,
19403,38084,93120,shower,
19404,38084,93120,operating_room,
19405,38084,93144,clean_room,
19406,38084,93144,museum/indoor,
19407,38084,93144,operating_room,
19408,38084,93144,music_studio,
19409,38084,93144,art_studio,
19410,38084,93168,clean_room,
19411,38084,93168,museum/indoor,
19412,38084,93168,dressing_room,
19413,38084,93168,operating_room,
19414,38084,93168,shower,
19415,38084,93192,clean_room,
19416,38084,93192,museum/indoor,
19417,38084,93192,operating_room,
19418,38084,93192,art_gallery,
19419,38084,93192,archive,
19420,38084,93216,living_room,
19421,38084,93216,museum/indoor,
19422,38084,93216,dressing_room,
19423,38084,93216,clean_room,
19424,38084,93216,office,
19425,38084,93240,museum/indoor,
19426,38084,93240,dressing_room,
19427,38084,93240,art_gallery,
19428,38084,93240,living_room,
19429,38084,93240,archive,
19430,38084,93264,museum/indoor,
19431,38084,93264,clean_room,
19432,38084,93264,archive,
19433,38084,93264,art_gallery,
19434,38084,93264,dressing_room,
19435,38084,93288,dressing_room,
19436,38084,93288,museum/indoor,
19437,38084,93288,shower,
19438,38084,93288,living_room,
19439,38084,93288,bathroom,
19440,38084,93312,museum/indoor,
19441,38084,93312,shower,
19442,38084,93312,art_gallery,
19443,38084,93312,natural_history_museum,
19444,38084,93312,archive,
19445,38084,93336,museum/indoor,
19446,38084,93336,clean_room,
19447,38084,93336,dressing_room,
19448,38084,93336,living_room,
19449,38084,93336,archive,
19450,38084,93360,museum/indoor,
19451,38084,93360,dressing_room,
19452,38084,93360,shower,
19453,38084,93360,art_gallery,
19454,38084,93360,art_studio,
19455,38084,93384,shower,
19456,38084,93384,museum/indoor,
19457,38084,93384,dressing_room,
19458,38084,93384,clean_room,
19459,38084,93384,bathroom,
19460,38084,93408,museum/indoor,
19461,38084,93408,art_gallery,
19462,38084,93408,clean_room,
19463,38084,93408,dressing_room,
19464,38084,93408,archive,
19465,38084,93432,dressing_room,
19466,38084,93432,bathroom,
19467,38084,93432,shower,
19468,38084,93432,beauty_salon,
19469,38084,93432,nursery,
19470,38084,93456,dressing_room,
19471,38084,93456,beauty_salon,
19472,38084,93456,discotheque,
19473,38084,93456,museum/indoor,
19474,38084,93456,bathroom,
19475,38084,93480,clean_room,
19476,38084,93480,dressing_room,
19477,38084,93480,chemistry_lab,
19478,38084,93480,discotheque,
19479,38084,93480,beauty_salon,
19480,38084,93504,dressing_room,
19481,38084,93504,nursery,
19482,38084,93504,clean_room,
19483,38084,93504,shower,
19484,38084,93504,bathroom,
19485,38084,93528,dressing_room,
19486,38084,93528,nursery,
19487,38084,93528,hospital_room,
19488,38084,93528,shower,
19489,38084,93528,clean_room,
19490,38084,93552,dressing_room,
19491,38084,93552,nursery,
19492,38084,93552,hospital_room,
19493,38084,93552,bedroom,
19494,38084,93552,shower,
19495,38084,93576,dressing_room,
19496,38084,93576,bedroom,
19497,38084,93576,shower,
19498,38084,93576,hospital_room,
19499,38084,93576,bedchamber,
19500,38084,93600,dressing_room,
19501,38084,93600,bedroom,
19502,38084,93600,hospital_room,
19503,38084,93600,nursery,
19504,38084,93600,childs_room,
19505,38084,93624,shower,
19506,38084,93624,clean_room,
19507,38084,93624,dressing_room,
19508,38084,93624,hospital_room,
19509,38084,93624,nursery,
19510,38084,93648,hospital_room,
19511,38084,93648,clean_room,
19512,38084,93648,dressing_room,
19513,38084,93648,operating_room,
19514,38084,93648,beauty_salon,
19515,38084,93672,dressing_room,
19516,38084,93672,bedroom,
19517,38084,93672,shower,
19518,38084,93672,beauty_salon,
19519,38084,93672,clean_room,
19520,38084,93696,bedroom,
19521,38084,93696,hospital_room,
19522,38084,93696,dressing_room,
19523,38084,93696,hotel_room,
19524,38084,93696,bedchamber,
19525,38084,93720,dressing_room,
19526,38084,93720,bedroom,
19527,38084,93720,clean_room,
19528,38084,93720,hospital_room,
19529,38084,93720,nursery,
19530,38084,93744,dressing_room,
19531,38084,93744,bedroom,
19532,38084,93744,hospital_room,
19533,38084,93744,hotel_room,
19534,38084,93744,bedchamber,
19535,38084,93768,dressing_room,
19536,38084,93768,bedroom,
19537,38084,93768,clean_room,
19538,38084,93768,hospital_room,
19539,38084,93768,beauty_salon,
19540,38084,93792,dressing_room,
19541,38084,93792,bedroom,
19542,38084,93792,nursery,
19543,38084,93792,childs_room,
19544,38084,93792,bedchamber,
19545,38084,93816,dressing_room,
19546,38084,93816,bedroom,
19547,38084,93816,hospital_room,
19548,38084,93816,clean_room,
19549,38084,93816,beauty_salon,
19550,38084,93840,dressing_room,
19551,38084,93840,bedroom,
19552,38084,93840,beauty_salon,
19553,38084,93840,shower,
19554,38084,93840,bathroom,
19555,38084,93864,dressing_room,
19556,38084,93864,shower,
19557,38084,93864,bathroom,
19558,38084,93864,bedroom,
19559,38084,93864,clean_room,
19560,38084,93888,dressing_room,
19561,38084,93888,shower,
19562,38084,93888,clean_room,
19563,38084,93888,bedroom,
19564,38084,93888,bathroom,
19565,38084,93912,dressing_room,
19566,38084,93912,shower,
19567,38084,93912,clean_room,
19568,38084,93912,bathroom,
19569,38084,93912,bedroom,
19570,38084,93936,dressing_room,
19571,38084,93936,shower,
19572,38084,93936,bathroom,
19573,38084,93936,clean_room,
19574,38084,93936,bedroom,
19575,38084,93960,dressing_room,
19576,38084,93960,clean_room,
19577,38084,93960,shower,
19578,38084,93960,bathroom,
19579,38084,93960,bedroom,
19580,38084,93984,dressing_room,
19581,38084,93984,clean_room,
19582,38084,93984,shower,
19583,38084,93984,bedroom,
19584,38084,93984,hospital_room,
19585,38084,94008,clean_room,
19586,38084,94008,dressing_room,
19587,38084,94008,shower,
19588,38084,94008,bedroom,
19589,38084,94008,hospital_room,
19590,38084,94032,dressing_room,
19591,38084,94032,clean_room,
19592,38084,94032,shower,
19593,38084,94032,bedroom,
19594,38084,94032,locker_room,
19595,38084,94056,dressing_room,
19596,38084,94056,clean_room,
19597,38084,94056,shower,
19598,38084,94056,bedroom,
19599,38084,94056,nursery,
19600,38084,94080,dressing_room,
19601,38084,94080,shower,
19602,38084,94080,nursery,
19603,38084,94080,clean_room,
19604,38084,94080,hospital_room,
19605,38084,94104,dressing_room,
19606,38084,94104,shower,
19607,38084,94104,discotheque,
19608,38084,94104,bathroom,
19609,38084,94104,beauty_salon,
19610,38084,94128,dressing_room,
19611,38084,94128,bedroom,
19612,38084,94128,hotel_room,
19613,38084,94128,shower,
19614,38084,94128,bedchamber,
19615,38084,94152,dressing_room,
19616,38084,94152,shower,
19617,38084,94152,discotheque,
19618,38084,94152,clean_room,
19619,38084,94152,bedroom,
19620,38084,94176,dressing_room,
19621,38084,94176,shower,
19622,38084,94176,bedroom,
19623,38084,94176,discotheque,
19624,38084,94176,hospital_room,
19625,38084,94200,dressing_room,
19626,38084,94200,shower,
19627,38084,94200,beauty_salon,
19628,38084,94200,bedroom,
19629,38084,94200,bathroom,
19630,38084,94224,dressing_room,
19631,38084,94224,shower,
19632,38084,94224,clean_room,
19633,38084,94224,bathroom,
19634,38084,94224,nursery,
19635,38084,94248,shower,
19636,38084,94248,hospital_room,
19637,38084,94248,clean_room,
19638,38084,94248,dressing_room,
19639,38084,94248,nursery,
19640,38084,94272,clean_room,
19641,38084,94272,shower,
19642,38084,94272,dressing_room,
19643,38084,94272,hospital_room,
19644,38084,94272,chemistry_lab,
19645,38084,94296,clean_room,
19646,38084,94296,dressing_room,
19647,38084,94296,shower,
19648,38084,94296,chemistry_lab,
19649,38084,94296,hospital_room,
19650,38084,94320,clean_room,
19651,38084,94320,shower,
19652,38084,94320,dressing_room,
19653,38084,94320,hospital_room,
19654,38084,94320,bedroom,
19655,38084,94344,dressing_room,
19656,38084,94344,shower,
19657,38084,94344,clean_room,
19658,38084,94344,hospital_room,
19659,38084,94344,bedroom,
19660,38084,94368,dressing_room,
19661,38084,94368,shower,
19662,38084,94368,clean_room,
19663,38084,94368,hospital_room,
19664,38084,94368,bathroom,
19665,38084,94392,playground,
19666,38084,94392,nursery,
19667,38084,94392,boxing_ring,
19668,38084,94392,staircase,
19669,38084,94392,porch,
19670,38084,94416,clean_room,
19671,38084,94416,operating_room,
19672,38084,94416,hospital_room,
19673,38084,94416,butchers_shop,
19674,38084,94416,dressing_room,
19675,38084,94440,clean_room,
19676,38084,94440,operating_room,
19677,38084,94440,hospital_room,
19678,38084,94440,discotheque,
19679,38084,94440,supermarket,
19680,38084,94464,clean_room,
19681,38084,94464,operating_room,
19682,38084,94464,hospital_room,
19683,38084,94464,boxing_ring,
19684,38084,94464,discotheque,
19685,38084,94488,clean_room,
19686,38084,94488,operating_room,
19687,38084,94488,hospital_room,
19688,38084,94488,boxing_ring,
19689,38084,94488,clothing_store,
19690,38084,94512,operating_room,
19691,38084,94512,hospital_room,
19692,38084,94512,clean_room,
19693,38084,94512,nursery,
19694,38084,94512,dressing_room,
19695,38084,94536,operating_room,
19696,38084,94536,hospital_room,
19697,38084,94536,nursery,
19698,38084,94536,clean_room,
19699,38084,94536,dressing_room,
19700,38084,94560,operating_room,
19701,38084,94560,nursery,
19702,38084,94560,hospital_room,
19703,38084,94560,bedroom,
19704,38084,94560,clean_room,
19705,38084,94584,operating_room,
19706,38084,94584,hospital_room,
19707,38084,94584,bedroom,
19708,38084,94584,nursery,
19709,38084,94584,bedchamber,
19710,38084,94608,operating_room,
19711,38084,94608,nursery,
19712,38084,94608,hospital_room,
19713,38084,94608,clean_room,
19714,38084,94608,bedroom,
19715,38084,94632,operating_room,
19716,38084,94632,hospital_room,
19717,38084,94632,clean_room,
19718,38084,94632,nursery,
19719,38084,94632,bedroom,
19720,38084,94656,operating_room,
19721,38084,94656,clean_room,
19722,38084,94656,hospital_room,
19723,38084,94656,nursery,
19724,38084,94656,bedroom,
19725,38084,94680,operating_room,
19726,38084,94680,hospital_room,
19727,38084,94680,clean_room,
19728,38084,94680,boxing_ring,
19729,38084,94680,nursery,
19730,38084,94704,operating_room,
19731,38084,94704,clean_room,
19732,38084,94704,boxing_ring,
19733,38084,94704,hospital_room,
19734,38084,94704,butchers_shop,
19735,38084,94728,clean_room,
19736,38084,94728,operating_room,
19737,38084,94728,boxing_ring,
19738,38084,94728,hospital_room,
19739,38084,94728,nursery,
19740,38084,94752,nursery,
19741,38084,94752,clean_room,
19742,38084,94752,staircase,
19743,38084,94752,museum/indoor,
19744,38084,94752,restaurant,
19745,38084,94776,staircase,
19746,38084,94776,clean_room,
19747,38084,94776,archive,
19748,38084,94776,entrance_hall,
19749,38084,94776,nursery,
19750,38084,94800,staircase,
19751,38084,94800,archive,
19752,38084,94800,lobby,
19753,38084,94800,entrance_hall,
19754,38084,94800,clothing_store,
19755,38084,94824,staircase,
19756,38084,94824,archive,
19757,38084,94824,department_store,
19758,38084,94824,clothing_store,
19759,38084,94824,jewelry_shop,
19760,38084,94848,dressing_room,
19761,38084,94848,clean_room,
19762,38084,94848,bedroom,
19763,38084,94848,shower,
19764,38084,94848,hospital_room,
19765,38084,94872,dressing_room,
19766,38084,94872,clean_room,
19767,38084,94872,bedroom,
19768,38084,94872,hospital_room,
19769,38084,94872,nursery,
19770,38084,94896,dressing_room,
19771,38084,94896,clean_room,
19772,38084,94896,bedroom,
19773,38084,94896,nursery,
19774,38084,94896,shower,
19775,38084,94920,dressing_room,
19776,38084,94920,clean_room,
19777,38084,94920,bedroom,
19778,38084,94920,shower,
19779,38084,94920,hospital_room,
19780,38084,94944,dressing_room,
19781,38084,94944,clean_room,
19782,38084,94944,bedroom,
19783,38084,94944,hospital_room,
19784,38084,94944,shower,
19785,38084,94968,clean_room,
19786,38084,94968,nursery,
19787,38084,94968,operating_room,
19788,38084,94968,hospital_room,
19789,38084,94968,shower,
19790,38084,94992,clean_room,
19791,38084,94992,operating_room,
19792,38084,94992,hospital_room,
19793,38084,94992,nursery,
19794,38084,94992,ice_floe,
19795,38084,95016,clean_room,
19796,38084,95016,shower,
19797,38084,95016,dressing_room,
19798,38084,95016,operating_room,
19799,38084,95016,museum/indoor,
19800,38084,95040,clean_room,
19801,38084,95040,operating_room,
19802,38084,95040,hospital_room,
19803,38084,95040,dressing_room,
19804,38084,95040,museum/indoor,
19805,38084,95064,clean_room,
19806,38084,95064,operating_room,
19807,38084,95064,dressing_room,
19808,38084,95064,hospital_room,
19809,38084,95064,museum/indoor,
19810,38084,95088,clean_room,
19811,38084,95088,dressing_room,
19812,38084,95088,operating_room,
19813,38084,95088,hospital_room,
19814,38084,95088,museum/indoor,
19815,38084,95112,clean_room,
19816,38084,95112,operating_room,
19817,38084,95112,hospital_room,
19818,38084,95112,dressing_room,
19819,38084,95112,nursing_home,
19820,38084,95136,clean_room,
19821,38084,95136,operating_room,
19822,38084,95136,dressing_room,
19823,38084,95136,hospital_room,
19824,38084,95136,nursing_home,
19825,38084,95160,clean_room,
19826,38084,95160,operating_room,
19827,38084,95160,hospital_room,
19828,38084,95160,dressing_room,
19829,38084,95160,shower,
19830,38084,95184,operating_room,
19831,38084,95184,clean_room,
19832,38084,95184,hospital_room,
19833,38084,95184,dressing_room,
19834,38084,95184,shower,
19835,38084,95208,clean_room,
19836,38084,95208,operating_room,
19837,38084,95208,dressing_room,
19838,38084,95208,hospital_room,
19839,38084,95208,art_studio,
19840,38084,95232,clean_room,
19841,38084,95232,operating_room,
19842,38084,95232,dressing_room,
19843,38084,95232,hospital_room,
19844,38084,95232,museum/indoor,
19845,38084,95256,clean_room,
19846,38084,95256,operating_room,
19847,38084,95256,dressing_room,
19848,38084,95256,hospital_room,
19849,38084,95256,museum/indoor,
19850,38084,95280,clean_room,
19851,38084,95280,operating_room,
19852,38084,95280,dressing_room,
19853,38084,95280,hospital_room,
19854,38084,95280,museum/indoor,
19855,38084,95304,clean_room,
19856,38084,95304,operating_room,
19857,38084,95304,hospital_room,
19858,38084,95304,nursery,
19859,38084,95304,nursing_home,
19860,38084,95328,museum/indoor,
19861,38084,95328,dressing_room,
19862,38084,95328,clean_room,
19863,38084,95328,nursery,
19864,38084,95328,church/indoor,
19865,38084,95352,shower,
19866,38084,95352,bathroom,
19867,38084,95352,clean_room,
19868,38084,95352,museum/indoor,
19869,38084,95352,ice_floe,
19870,38084,95376,clean_room,
19871,38084,95376,operating_room,
19872,38084,95376,dressing_room,
19873,38084,95376,hospital_room,
19874,38084,95376,physics_laboratory,
19875,38084,95400,clean_room,
19876,38084,95400,operating_room,
19877,38084,95400,dressing_room,
19878,38084,95400,hospital_room,
19879,38084,95400,physics_laboratory,
19880,38084,95424,hospital_room,
19881,38084,95424,clean_room,
19882,38084,95424,operating_room,
19883,38084,95424,dressing_room,
19884,38084,95424,chemistry_lab,
19885,38084,95448,chemistry_lab,
19886,38084,95448,biology_laboratory,
19887,38084,95448,clean_room,
19888,38084,95448,discotheque,
19889,38084,95448,dressing_room,
19890,38084,95472,dressing_room,
19891,38084,95472,shower,
19892,38084,95472,discotheque,
19893,38084,95472,hospital_room,
19894,38084,95472,beauty_salon,
19895,38084,95496,dressing_room,
19896,38084,95496,shower,
19897,38084,95496,discotheque,
19898,38084,95496,music_studio,
19899,38084,95496,clean_room,
19900,38084,95520,dressing_room,
19901,38084,95520,clean_room,
19902,38084,95520,beauty_salon,
19903,38084,95520,dining_room,
19904,38084,95520,bathroom,
19905,38084,95544,clean_room,
19906,38084,95544,science_museum,
19907,38084,95544,shower,
19908,38084,95544,museum/indoor,
19909,38084,95544,bowling_alley,
19910,38084,95568,shower,
19911,38084,95568,clean_room,
19912,38084,95568,locker_room,
19913,38084,95568,dressing_room,
19914,38084,95568,bathroom,
19915,38084,95592,locker_room,
19916,38084,95592,dressing_room,
19917,38084,95592,jail_cell,
19918,38084,95592,elevator/door,
19919,38084,95592,shower,
19920,38084,95616,locker_room,
19921,38084,95616,dressing_room,
19922,38084,95616,clean_room,
19923,38084,95616,shower,
19924,38084,95616,elevator/door,
19925,38084,95640,dressing_room,
19926,38084,95640,locker_room,
19927,38084,95640,archive,
19928,38084,95640,elevator/door,
19929,38084,95640,sauna,
19930,38084,95664,clean_room,
19931,38084,95664,archive,
19932,38084,95664,dressing_room,
19933,38084,95664,locker_room,
19934,38084,95664,elevator/door,
19935,38084,95688,clean_room,
19936,38084,95688,hospital_room,
19937,38084,95688,dressing_room,
19938,38084,95688,clothing_store,
19939,38084,95688,beauty_salon,
19940,38084,95712,dressing_room,
19941,38084,95712,clean_room,
19942,38084,95712,office,
19943,38084,95712,hospital_room,
19944,38084,95712,office_cubicles,
19945,38084,95736,clean_room,
19946,38084,95736,dressing_room,
19947,38084,95736,office,
19948,38084,95736,hospital_room,
19949,38084,95736,office_cubicles,
19950,38084,95760,clean_room,
19951,38084,95760,dressing_room,
19952,38084,95760,hospital_room,
19953,38084,95760,archive,
19954,38084,95760,office,
19955,38084,95784,clean_room,
19956,38084,95784,dressing_room,
19957,38084,95784,locker_room,
19958,38084,95784,archive,
19959,38084,95784,office,
19960,38084,95808,dressing_room,
19961,38084,95808,clean_room,
19962,38084,95808,archive,
19963,38084,95808,office,
19964,38084,95808,office_cubicles,
19965,38084,95832,dressing_room,
19966,38084,95832,clean_room,
19967,38084,95832,locker_room,
19968,38084,95832,archive,
19969,38084,95832,bathroom,
19970,38084,95856,clean_room,
19971,38084,95856,dressing_room,
19972,38084,95856,locker_room,
19973,38084,95856,hospital_room,
19974,38084,95856,archive,
19975,38084,95880,dressing_room,
19976,38084,95880,clean_room,
19977,38084,95880,reception,
19978,38084,95880,hospital_room,
19979,38084,95880,locker_room,
19980,38084,95904,dressing_room,
19981,38084,95904,clean_room,
19982,38084,95904,clothing_store,
19983,38084,95904,hospital_room,
19984,38084,95904,office,
19985,38084,95928,dressing_room,
19986,38084,95928,clean_room,
19987,38084,95928,office,
19988,38084,95928,reception,
19989,38084,95928,archive,
19990,38084,95952,dressing_room,
19991,38084,95952,clean_room,
19992,38084,95952,clothing_store,
19993,38084,95952,office,
19994,38084,95952,hospital_room,
19995,38084,95976,dressing_room,
19996,38084,95976,clean_room,
19997,38084,95976,archive,
19998,38084,95976,clothing_store,
19999,38084,95976,office,
20000,38084,96000,clean_room,
20001,38084,96000,reception,
20002,38084,96000,dressing_room,
20003,38084,96000,hospital_room,
20004,38084,96000,clothing_store,
20005,38084,96024,dressing_room,
20006,38084,96024,clean_room,
20007,38084,96024,reception,
20008,38084,96024,hospital_room,
20009,38084,96024,office,
20010,38084,96048,dressing_room,
20011,38084,96048,clean_room,
20012,38084,96048,reception,
20013,38084,96048,beauty_salon,
20014,38084,96048,hospital_room,
20015,38084,96072,dressing_room,
20016,38084,96072,clean_room,
20017,38084,96072,hospital_room,
20018,38084,96072,beauty_salon,
20019,38084,96072,bathroom,
20020,38084,96096,clean_room,
20021,38084,96096,dressing_room,
20022,38084,96096,shower,
20023,38084,96096,chemistry_lab,
20024,38084,96096,clothing_store,
20025,38084,96120,shower,
20026,38084,96120,clean_room,
20027,38084,96120,museum/indoor,
20028,38084,96120,bathroom,
20029,38084,96120,dressing_room,
20030,38084,96144,dining_room,
20031,38084,96144,clean_room,
20032,38084,96144,dining_hall,
20033,38084,96144,restaurant,
20034,38084,96144,living_room,
20035,38084,96168,clean_room,
20036,38084,96168,dressing_room,
20037,38084,96168,museum/indoor,
20038,38084,96168,operating_room,
20039,38084,96168,hospital_room,
20040,38084,96192,clean_room,
20041,38084,96192,dressing_room,
20042,38084,96192,museum/indoor,
20043,38084,96192,nursery,
20044,38084,96192,hospital_room,
20045,38084,96216,dressing_room,
20046,38084,96216,clean_room,
20047,38084,96216,shower,
20048,38084,96216,clothing_store,
20049,38084,96216,locker_room,
20050,38084,96240,clean_room,
20051,38084,96240,music_studio,
20052,38084,96240,museum/indoor,
20053,38084,96240,nursery,
20054,38084,96240,entrance_hall,
20055,38084,96264,clean_room,
20056,38084,96264,bow_window/indoor,
20057,38084,96264,museum/indoor,
20058,38084,96264,nursery,
20059,38084,96264,shower,
20060,38084,96288,clean_room,
20061,38084,96288,dressing_room,
20062,38084,96288,museum/indoor,
20063,38084,96288,hospital_room,
20064,38084,96288,shower,
20065,38084,96312,clean_room,
20066,38084,96312,music_studio,
20067,38084,96312,bank_vault,
20068,38084,96312,hospital_room,
20069,38084,96312,chemistry_lab,
20070,38084,96336,dressing_room,
20071,38084,96336,clean_room,
20072,38084,96336,beauty_salon,
20073,38084,96336,living_room,
20074,38084,96336,bedchamber,
20075,38084,96360,dressing_room,
20076,38084,96360,dining_room,
20077,38084,96360,clean_room,
20078,38084,96360,living_room,
20079,38084,96360,bow_window/indoor,
20080,38084,96384,dressing_room,
20081,38084,96384,clean_room,
20082,38084,96384,living_room,
20083,38084,96384,nursery,
20084,38084,96384,dining_room,
20085,38084,96408,dressing_room,
20086,38084,96408,clean_room,
20087,38084,96408,clothing_store,
20088,38084,96408,museum/indoor,
20089,38084,96408,locker_room,
20090,38084,96432,dressing_room,
20091,38084,96432,clean_room,
20092,38084,96432,nursery,
20093,38084,96432,museum/indoor,
20094,38084,96432,locker_room,
20095,38084,96456,clean_room,
20096,38084,96456,dressing_room,
20097,38084,96456,nursery,
20098,38084,96456,museum/indoor,
20099,38084,96456,archive,
20100,38084,96480,clean_room,
20101,38084,96480,dressing_room,
20102,38084,96480,nursery,
20103,38084,96480,museum/indoor,
20104,38084,96480,archive,
20105,38084,96504,clean_room,
20106,38084,96504,dressing_room,
20107,38084,96504,nursery,
20108,38084,96504,locker_room,
20109,38084,96504,clothing_store,
20110,38084,96528,staircase,
20111,38084,96528,clean_room,
20112,38084,96528,archive,
20113,38084,96528,clothing_store,
20114,38084,96528,department_store,
20115,38084,96552,staircase,
20116,38084,96552,clean_room,
20117,38084,96552,archive,
20118,38084,96552,clothing_store,
20119,38084,96552,department_store,
20120,38084,96576,clean_room,
20121,38084,96576,staircase,
20122,38084,96576,archive,
20123,38084,96576,clothing_store,
20124,38084,96576,department_store,
20125,38084,96600,clean_room,
20126,38084,96600,archive,
20127,38084,96600,staircase,
20128,38084,96600,clothing_store,
20129,38084,96600,pharmacy,
20130,38084,96624,clean_room,
20131,38084,96624,dressing_room,
20132,38084,96624,museum/indoor,
20133,38084,96624,clothing_store,
20134,38084,96624,nursery,
20135,38084,96648,clean_room,
20136,38084,96648,dressing_room,
20137,38084,96648,shower,
20138,38084,96648,museum/indoor,
20139,38084,96648,clothing_store,
20140,38084,96672,clean_room,
20141,38084,96672,dressing_room,
20142,38084,96672,shower,
20143,38084,96672,locker_room,
20144,38084,96672,clothing_store,
20145,38084,96696,dressing_room,
20146,38084,96696,clean_room,
20147,38084,96696,shower,
20148,38084,96696,bathroom,
20149,38084,96696,clothing_store,
20150,38084,96720,clean_room,
20151,38084,96720,dressing_room,
20152,38084,96720,shower,
20153,38084,96720,nursery,
20154,38084,96720,bathroom,
20155,38084,96744,clean_room,
20156,38084,96744,dressing_room,
20157,38084,96744,clothing_store,
20158,38084,96744,nursery,
20159,38084,96744,museum/indoor,
20160,38084,96768,clean_room,
20161,38084,96768,dressing_room,
20162,38084,96768,beauty_salon,
20163,38084,96768,operating_room,
20164,38084,96768,hospital_room,
20165,38084,96792,clean_room,
20166,38084,96792,dressing_room,
20167,38084,96792,chemistry_lab,
20168,38084,96792,beauty_salon,
20169,38084,96792,biology_laboratory,
20170,38084,96816,dressing_room,
20171,38084,96816,beauty_salon,
20172,38084,96816,clean_room,
20173,38084,96816,chemistry_lab,
20174,38084,96816,bathroom,
20175,38084,96840,clean_room,
20176,38084,96840,dressing_room,
20177,38084,96840,operating_room,
20178,38084,96840,hospital_room,
20179,38084,96840,chemistry_lab,
20180,38084,96864,clean_room,
20181,38084,96864,operating_room,
20182,38084,96864,dressing_room,
20183,38084,96864,hospital_room,
20184,38084,96864,chemistry_lab,
20185,38084,96888,clean_room,
20186,38084,96888,dressing_room,
20187,38084,96888,operating_room,
20188,38084,96888,hospital_room,
20189,38084,96888,beauty_salon,
20190,38084,96912,clean_room,
20191,38084,96912,operating_room,
20192,38084,96912,dressing_room,
20193,38084,96912,hospital_room,
20194,38084,96912,chemistry_lab,
20195,38084,96936,clean_room,
20196,38084,96936,dressing_room,
20197,38084,96936,operating_room,
20198,38084,96936,hospital_room,
20199,38084,96936,beauty_salon,
20200,38084,96960,clean_room,
20201,38084,96960,dressing_room,
20202,38084,96960,beauty_salon,
20203,38084,96960,operating_room,
20204,38084,96960,hospital_room,
20205,38084,96984,clean_room,
20206,38084,96984,operating_room,
20207,38084,96984,dressing_room,
20208,38084,96984,hospital_room,
20209,38084,96984,chemistry_lab,
20210,38084,97008,dressing_room,
20211,38084,97008,clean_room,
20212,38084,97008,beauty_salon,
20213,38084,97008,operating_room,
20214,38084,97008,hospital_room,
20215,38084,97032,dressing_room,
20216,38084,97032,clean_room,
20217,38084,97032,chemistry_lab,
20218,38084,97032,biology_laboratory,
20219,38084,97032,beauty_salon,
20220,38084,97056,clean_room,
20221,38084,97056,dressing_room,
20222,38084,97056,operating_room,
20223,38084,97056,hospital_room,
20224,38084,97056,clothing_store,
20225,38084,97080,clean_room,
20226,38084,97080,dressing_room,
20227,38084,97080,operating_room,
20228,38084,97080,shower,
20229,38084,97080,clothing_store,
20230,38084,97104,clean_room,
20231,38084,97104,archive,
20232,38084,97104,nursery,
20233,38084,97104,assembly_line,
20234,38084,97104,physics_laboratory,
20235,38084,97128,clean_room,
20236,38084,97128,archive,
20237,38084,97128,chemistry_lab,
20238,38084,97128,biology_laboratory,
20239,38084,97128,beauty_salon,
20240,38084,97152,clean_room,
20241,38084,97152,nursery,
20242,38084,97152,assembly_line,
20243,38084,97152,engine_room,
20244,38084,97152,archive,
20245,38084,97176,dressing_room,
20246,38084,97176,nursing_home,
20247,38084,97176,clean_room,
20248,38084,97176,music_studio,
20249,38084,97176,playroom,
20250,38084,97200,dressing_room,
20251,38084,97200,museum/indoor,
20252,38084,97200,clean_room,
20253,38084,97200,natural_history_museum,
20254,38084,97200,jewelry_shop,
20255,38084,97224,clean_room,
20256,38084,97224,dressing_room,
20257,38084,97224,museum/indoor,
20258,38084,97224,art_gallery,
20259,38084,97224,archive,
20260,38084,97248,dressing_room,
20261,38084,97248,museum/indoor,
20262,38084,97248,clean_room,
20263,38084,97248,clothing_store,
20264,38084,97248,art_gallery,
20265,38084,97272,dressing_room,
20266,38084,97272,museum/indoor,
20267,38084,97272,clean_room,
20268,38084,97272,clothing_store,
20269,38084,97272,nursing_home,
20270,38084,97296,dressing_room,
20271,38084,97296,museum/indoor,
20272,38084,97296,clothing_store,
20273,38084,97296,clean_room,
20274,38084,97296,nursing_home,
20275,38084,97320,dressing_room,
20276,38084,97320,clothing_store,
20277,38084,97320,clean_room,
20278,38084,97320,museum/indoor,
20279,38084,97320,jewelry_shop,
20280,38084,97344,dressing_room,
20281,38084,97344,clean_room,
20282,38084,97344,clothing_store,
20283,38084,97344,museum/indoor,
20284,38084,97344,operating_room,
20285,38084,97368,dressing_room,
20286,38084,97368,clean_room,
20287,38084,97368,museum/indoor,
20288,38084,97368,clothing_store,
20289,38084,97368,operating_room,
20290,38084,97392,dressing_room,
20291,38084,97392,clean_room,
20292,38084,97392,clothing_store,
20293,38084,97392,museum/indoor,
20294,38084,97392,beauty_salon,
20295,38084,97416,dressing_room,
20296,38084,97416,clean_room,
20297,38084,97416,clothing_store,
20298,38084,97416,locker_room,
20299,38084,97416,operating_room,
20300,38084,97440,dressing_room,
20301,38084,97440,clean_room,
20302,38084,97440,clothing_store,
20303,38084,97440,museum/indoor,
20304,38084,97440,operating_room,
20305,38084,97464,dressing_room,
20306,38084,97464,clean_room,
20307,38084,97464,clothing_store,
20308,38084,97464,locker_room,
20309,38084,97464,museum/indoor,
20310,38084,97488,dressing_room,
20311,38084,97488,clean_room,
20312,38084,97488,locker_room,
20313,38084,97488,nursery,
20314,38084,97488,hospital_room,
20315,38084,97512,dressing_room,
20316,38084,97512,clean_room,
20317,38084,97512,locker_room,
20318,38084,97512,museum/indoor,
20319,38084,97512,clothing_store,
20320,38084,97536,dressing_room,
20321,38084,97536,clean_room,
20322,38084,97536,locker_room,
20323,38084,97536,museum/indoor,
20324,38084,97536,clothing_store,
20325,38084,97560,dressing_room,
20326,38084,97560,clean_room,
20327,38084,97560,locker_room,
20328,38084,97560,clothing_store,
20329,38084,97560,discotheque,
20330,38084,97584,dressing_room,
20331,38084,97584,clean_room,
20332,38084,97584,locker_room,
20333,38084,97584,clothing_store,
20334,38084,97584,hospital_room,
20335,38084,97608,clean_room,
20336,38084,97608,dressing_room,
20337,38084,97608,locker_room,
20338,38084,97608,clothing_store,
20339,38084,97608,museum/indoor,
20340,38084,97632,clean_room,
20341,38084,97632,dressing_room,
20342,38084,97632,clothing_store,
20343,38084,97632,operating_room,
20344,38084,97632,locker_room,
20345,38084,97656,clean_room,
20346,38084,97656,dressing_room,
20347,38084,97656,locker_room,
20348,38084,97656,clothing_store,
20349,38084,97656,museum/indoor,
20350,38084,97680,clean_room,
20351,38084,97680,dressing_room,
20352,38084,97680,operating_room,
20353,38084,97680,hospital_room,
20354,38084,97680,clothing_store,
20355,38084,97704,clean_room,
20356,38084,97704,dressing_room,
20357,38084,97704,operating_room,
20358,38084,97704,hospital_room,
20359,38084,97704,nursery,
20360,38084,97728,clean_room,
20361,38084,97728,operating_room,
20362,38084,97728,dressing_room,
20363,38084,97728,hospital_room,
20364,38084,97728,museum/indoor,
20365,38084,97752,clean_room,
20366,38084,97752,dressing_room,
20367,38084,97752,museum/indoor,
20368,38084,97752,nursery,
20369,38084,97752,operating_room,
20370,38084,97776,dressing_room,
20371,38084,97776,clean_room,
20372,38084,97776,museum/indoor,
20373,38084,97776,art_gallery,
20374,38084,97776,locker_room,
20375,38084,97800,clean_room,
20376,38084,97800,dressing_room,
20377,38084,97800,museum/indoor,
20378,38084,97800,art_gallery,
20379,38084,97800,locker_room,
20380,38084,97824,clean_room,
20381,38084,97824,museum/indoor,
20382,38084,97824,dressing_room,
20383,38084,97824,art_gallery,
20384,38084,97824,operating_room,
20385,38084,97848,dressing_room,
20386,38084,97848,clean_room,
20387,38084,97848,nursery,
20388,38084,97848,museum/indoor,
20389,38084,97848,chemistry_lab,
20390,38084,97872,dressing_room,
20391,38084,97872,discotheque,
20392,38084,97872,shower,
20393,38084,97872,bathroom,
20394,38084,97872,locker_room,
20395,38084,97896,discotheque,
20396,38084,97896,dressing_room,
20397,38084,97896,shower,
20398,38084,97896,clean_room,
20399,38084,97896,bathroom,
20400,38084,97920,shower,
20401,38084,97920,chemistry_lab,
20402,38084,97920,discotheque,
20403,38084,97920,bathroom,
20404,38084,97920,dressing_room,
20405,38084,97944,discotheque,
20406,38084,97944,dressing_room,
20407,38084,97944,shower,
20408,38084,97944,clean_room,
20409,38084,97944,bathroom,
20410,38084,97968,nursery,
20411,38084,97968,discotheque,
20412,38084,97968,playground,
20413,38084,97968,kindergarden_classroom,
20414,38084,97968,dressing_room,
20415,38084,97992,nursery,
20416,38084,97992,dressing_room,
20417,38084,97992,discotheque,
20418,38084,97992,kindergarden_classroom,
20419,38084,97992,playground,
20420,38084,98016,dressing_room,
20421,38084,98016,discotheque,
20422,38084,98016,clean_room,
20423,38084,98016,chemistry_lab,
20424,38084,98016,beauty_salon,
20425,38084,98040,clean_room,
20426,38084,98040,hospital_room,
20427,38084,98040,operating_room,
20428,38084,98040,discotheque,
20429,38084,98040,chemistry_lab,
20430,38084,98064,martial_arts_gym,
20431,38084,98064,boxing_ring,
20432,38084,98064,clean_room,
20433,38084,98064,discotheque,
20434,38084,98064,hospital_room,
20435,38084,98088,boxing_ring,
20436,38084,98088,discotheque,
20437,38084,98088,martial_arts_gym,
20438,38084,98088,bowling_alley,
20439,38084,98088,dressing_room,
20440,38084,98112,discotheque,
20441,38084,98112,boxing_ring,
20442,38084,98112,dressing_room,
20443,38084,98112,bowling_alley,
20444,38084,98112,martial_arts_gym,
20445,38084,98136,boxing_ring,
20446,38084,98136,martial_arts_gym,
20447,38084,98136,discotheque,
20448,38084,98136,bowling_alley,
20449,38084,98136,hospital_room,
20450,38084,98160,boxing_ring,
20451,38084,98160,discotheque,
20452,38084,98160,martial_arts_gym,
20453,38084,98160,bowling_alley,
20454,38084,98160,dressing_room,
20455,38084,98184,museum/indoor,
20456,38084,98184,art_gallery,
20457,38084,98184,boxing_ring,
20458,38084,98184,martial_arts_gym,
20459,38084,98184,discotheque,
20460,38084,98208,clean_room,
20461,38084,98208,dressing_room,
20462,38084,98208,elevator/door,
20463,38084,98208,locker_room,
20464,38084,98208,hospital_room,
20465,38084,98232,clean_room,
20466,38084,98232,dressing_room,
20467,38084,98232,chemistry_lab,
20468,38084,98232,biology_laboratory,
20469,38084,98232,locker_room,
20470,38084,98256,clean_room,
20471,38084,98256,dressing_room,
20472,38084,98256,chemistry_lab,
20473,38084,98256,operating_room,
20474,38084,98256,biology_laboratory,
20475,38084,98280,dressing_room,
20476,38084,98280,ballroom,
20477,38084,98280,clean_room,
20478,38084,98280,museum/indoor,
20479,38084,98280,locker_room,
20480,38084,98304,dressing_room,
20481,38084,98304,clean_room,
20482,38084,98304,locker_room,
20483,38084,98304,ballroom,
20484,38084,98304,discotheque,
20485,38084,98328,dressing_room,
20486,38084,98328,clean_room,
20487,38084,98328,beauty_salon,
20488,38084,98328,hospital_room,
20489,38084,98328,chemistry_lab,
20490,38084,98352,dressing_room,
20491,38084,98352,clean_room,
20492,38084,98352,hospital_room,
20493,38084,98352,beauty_salon,
20494,38084,98352,locker_room,
20495,38084,98376,dressing_room,
20496,38084,98376,shower,
20497,38084,98376,clean_room,
20498,38084,98376,elevator/door,
20499,38084,98376,locker_room,
20500,38084,98400,dressing_room,
20501,38084,98400,clean_room,
20502,38084,98400,nursing_home,
20503,38084,98400,living_room,
20504,38084,98400,clothing_store,
20505,38084,98424,dressing_room,
20506,38084,98424,clean_room,
20507,38084,98424,living_room,
20508,38084,98424,clothing_store,
20509,38084,98424,nursing_home,
20510,38084,98448,dressing_room,
20511,38084,98448,clean_room,
20512,38084,98448,elevator/door,
20513,38084,98448,clothing_store,
20514,38084,98448,museum/indoor,
20515,38084,98472,clean_room,
20516,38084,98472,museum/indoor,
20517,38084,98472,nursing_home,
20518,38084,98472,dressing_room,
20519,38084,98472,office,
20520,38084,98496,clean_room,
20521,38084,98496,dressing_room,
20522,38084,98496,archive,
20523,38084,98496,office,
20524,38084,98496,restaurant,
20525,38084,98520,dressing_room,
20526,38084,98520,clean_room,
20527,38084,98520,chemistry_lab,
20528,38084,98520,biology_laboratory,
20529,38084,98520,ice_cream_parlor,
20530,38084,98544,clean_room,
20531,38084,98544,dressing_room,
20532,38084,98544,chemistry_lab,
20533,38084,98544,hospital_room,
20534,38084,98544,biology_laboratory,
20535,38084,98568,dressing_room,
20536,38084,98568,clean_room,
20537,38084,98568,beauty_salon,
20538,38084,98568,bathroom,
20539,38084,98568,locker_room,
20540,38084,98592,clean_room,
20541,38084,98592,dressing_room,
20542,38084,98592,hospital_room,
20543,38084,98592,operating_room,
20544,38084,98592,physics_laboratory,
20545,38084,98616,clean_room,
20546,38084,98616,dressing_room,
20547,38084,98616,operating_room,
20548,38084,98616,chemistry_lab,
20549,38084,98616,biology_laboratory,
20550,38084,98640,clean_room,
20551,38084,98640,dressing_room,
20552,38084,98640,hospital_room,
20553,38084,98640,biology_laboratory,
20554,38084,98640,chemistry_lab,
20555,38084,98664,clean_room,
20556,38084,98664,dressing_room,
20557,38084,98664,operating_room,
20558,38084,98664,chemistry_lab,
20559,38084,98664,hospital_room,
20560,38084,98688,dressing_room,
20561,38084,98688,clean_room,
20562,38084,98688,locker_room,
20563,38084,98688,discotheque,
20564,38084,98688,music_studio,
20565,38084,98712,clean_room,
20566,38084,98712,hospital_room,
20567,38084,98712,museum/indoor,
20568,38084,98712,chemistry_lab,
20569,38084,98712,operating_room,
20570,38084,98736,clean_room,
20571,38084,98736,museum/indoor,
20572,38084,98736,archive,
20573,38084,98736,discotheque,
20574,38084,98736,operating_room,
20575,38084,98760,clean_room,
20576,38084,98760,ice_floe,
20577,38084,98760,ice_shelf,
20578,38084,98760,iceberg,
20579,38084,98760,igloo,
20580,38084,98784,clean_room,
20581,38084,98784,archive,
20582,38084,98784,museum/indoor,
20583,38084,98784,discotheque,
20584,38084,98784,ice_shelf,
20585,38084,98808,discotheque,
20586,38084,98808,clean_room,
20587,38084,98808,museum/indoor,
20588,38084,98808,ice_shelf,
20589,38084,98808,archive,
20590,38084,98832,discotheque,
20591,38084,98832,clean_room,
20592,38084,98832,stage/indoor,
20593,38084,98832,igloo,
20594,38084,98832,chemistry_lab,
20595,38084,98856,discotheque,
20596,38084,98856,clean_room,
20597,38084,98856,dressing_room,
20598,38084,98856,nursery,
20599,38084,98856,museum/indoor,
20600,38084,98880,discotheque,
20601,38084,98880,dressing_room,
20602,38084,98880,stage/indoor,
20603,38084,98880,ballroom,
20604,38084,98880,museum/indoor,
20605,38084,98904,discotheque,
20606,38084,98904,clean_room,
20607,38084,98904,stage/indoor,
20608,38084,98904,museum/indoor,
20609,38084,98904,ballroom,
20610,38084,98928,discotheque,
20611,38084,98928,stage/indoor,
20612,38084,98928,nursery,
20613,38084,98928,music_studio,
20614,38084,98928,museum/indoor,
20615,38084,98952,discotheque,
20616,38084,98952,stage/indoor,
20617,38084,98952,music_studio,
20618,38084,98952,ballroom,
20619,38084,98952,museum/indoor,
20620,38084,98976,discotheque,
20621,38084,98976,stage/indoor,
20622,38084,98976,museum/indoor,
20623,38084,98976,chemistry_lab,
20624,38084,98976,music_studio,
20625,38084,99000,discotheque,
20626,38084,99000,stage/indoor,
20627,38084,99000,museum/indoor,
20628,38084,99000,dressing_room,
20629,38084,99000,music_studio,
20630,38084,99024,discotheque,
20631,38084,99024,shower,
20632,38084,99024,ice_shelf,
20633,38084,99024,ice_floe,
20634,38084,99024,clean_room,
20635,38084,99048,ice_shelf,
20636,38084,99048,iceberg,
20637,38084,99048,ice_floe,
20638,38084,99048,discotheque,
20639,38084,99048,aquarium,
20640,38084,99072,shower,
20641,38084,99072,discotheque,
20642,38084,99072,bathroom,
20643,38084,99072,clean_room,
20644,38084,99072,ice_shelf,
20645,38084,99096,ice_shelf,
20646,38084,99096,iceberg,
20647,38084,99096,ice_floe,
20648,38084,99096,igloo,
20649,38084,99096,discotheque,
20650,38084,99120,discotheque,
20651,38084,99120,museum/indoor,
20652,38084,99120,archive,
20653,38084,99120,stage/indoor,
20654,38084,99120,bar,
20655,38084,99144,discotheque,
20656,38084,99144,dressing_room,
20657,38084,99144,museum/indoor,
20658,38084,99144,shower,
20659,38084,99144,ice_shelf,
20660,38084,99168,discotheque,
20661,38084,99168,museum/indoor,
20662,38084,99168,dressing_room,
20663,38084,99168,stage/indoor,
20664,38084,99168,auditorium,
20665,38084,99192,discotheque,
20666,38084,99192,museum/indoor,
20667,38084,99192,ice_shelf,
20668,38084,99192,aquarium,
20669,38084,99192,ballroom,
20670,38084,99216,discotheque,
20671,38084,99216,ice_shelf,
20672,38084,99216,museum/indoor,
20673,38084,99216,clean_room,
20674,38084,99216,igloo,
20675,38084,99240,discotheque,
20676,38084,99240,dressing_room,
20677,38084,99240,ice_shelf,
20678,38084,99240,museum/indoor,
20679,38084,99240,bar,
20680,38084,99264,discotheque,
20681,38084,99264,stage/indoor,
20682,38084,99264,museum/indoor,
20683,38084,99264,dressing_room,
20684,38084,99264,clean_room,
20685,38084,99288,discotheque,
20686,38084,99288,clean_room,
20687,38084,99288,dressing_room,
20688,38084,99288,ice_shelf,
20689,38084,99288,shower,
20690,38084,99312,discotheque,
20691,38084,99312,museum/indoor,
20692,38084,99312,ballroom,
20693,38084,99312,aquarium,
20694,38084,99312,stage/indoor,
20695,38084,99336,discotheque,
20696,38084,99336,museum/indoor,
20697,38084,99336,boxing_ring,
20698,38084,99336,martial_arts_gym,
20699,38084,99336,gymnasium/indoor,
20700,38084,99360,discotheque,
20701,38084,99360,museum/indoor,
20702,38084,99360,bar,
20703,38084,99360,archive,
20704,38084,99360,martial_arts_gym,
20705,38084,99384,dressing_room,
20706,38084,99384,discotheque,
20707,38084,99384,museum/indoor,
20708,38084,99384,sauna,
20709,38084,99384,shower,
20710,38084,99408,discotheque,
20711,38084,99408,boxing_ring,
20712,38084,99408,shower,
20713,38084,99408,martial_arts_gym,
20714,38084,99408,museum/indoor,
20715,38084,99432,discotheque,
20716,38084,99432,museum/indoor,
20717,38084,99432,martial_arts_gym,
20718,38084,99432,boxing_ring,
20719,38084,99432,kindergarden_classroom,
20720,38084,99456,discotheque,
20721,38084,99456,martial_arts_gym,
20722,38084,99456,museum/indoor,
20723,38084,99456,clean_room,
20724,38084,99456,stage/indoor,
20725,38084,99480,locker_room,
20726,38084,99480,museum/indoor,
20727,38084,99480,martial_arts_gym,
20728,38084,99480,discotheque,
20729,38084,99480,dressing_room,
20730,38084,99504,discotheque,
20731,38084,99504,shower,
20732,38084,99504,ice_shelf,
20733,38084,99504,museum/indoor,
20734,38084,99504,dressing_room,
20735,38084,99528,discotheque,
20736,38084,99528,museum/indoor,
20737,38084,99528,clean_room,
20738,38084,99528,ice_shelf,
20739,38084,99528,archive,
20740,38084,99552,discotheque,
20741,38084,99552,museum/indoor,
20742,38084,99552,shower,
20743,38084,99552,clean_room,
20744,38084,99552,dressing_room,
20745,38084,99576,discotheque,
20746,38084,99576,museum/indoor,
20747,38084,99576,clean_room,
20748,38084,99576,shower,
20749,38084,99576,archive,
20750,38084,99600,clean_room,
20751,38084,99600,discotheque,
20752,38084,99600,museum/indoor,
20753,38084,99600,shower,
20754,38084,99600,locker_room,
20755,38084,99624,discotheque,
20756,38084,99624,clean_room,
20757,38084,99624,ice_floe,
20758,38084,99624,underwater/ocean_deep,
20759,38084,99624,aquarium,
20760,38084,99648,discotheque,
20761,38084,99648,stage/indoor,
20762,38084,99648,martial_arts_gym,
20763,38084,99648,archive,
20764,38084,99648,boxing_ring,
20765,38084,99672,museum/indoor,
20766,38084,99672,clean_room,
20767,38084,99672,archive,
20768,38084,99672,dressing_room,
20769,38084,99672,shower,
20770,38084,99696,dressing_room,
20771,38084,99696,shower,
20772,38084,99696,discotheque,
20773,38084,99696,chemistry_lab,
20774,38084,99696,beauty_salon,
20775,38084,99720,clean_room,
20776,38084,99720,dressing_room,
20777,38084,99720,chemistry_lab,
20778,38084,99720,hospital_room,
20779,38084,99720,biology_laboratory,
20780,38084,99744,clean_room,
20781,38084,99744,airport_terminal,
20782,38084,99744,dressing_room,
20783,38084,99744,hospital_room,
20784,38084,99744,bowling_alley,
20785,38084,99768,dressing_room,
20786,38084,99768,clean_room,
20787,38084,99768,archive,
20788,38084,99768,clothing_store,
20789,38084,99768,locker_room,
20790,38084,99792,clean_room,
20791,38084,99792,dressing_room,
20792,38084,99792,clothing_store,
20793,38084,99792,locker_room,
20794,38084,99792,elevator_lobby,
20795,38084,99816,corridor,
20796,38084,99816,clean_room,
20797,38084,99816,dining_room,
20798,38084,99816,entrance_hall,
20799,38084,99816,locker_room,
20800,38084,99840,clean_room,
20801,38084,99840,corridor,
20802,38084,99840,lobby,
20803,38084,99840,chemistry_lab,
20804,38084,99840,entrance_hall,
20805,38084,99864,dressing_room,
20806,38084,99864,locker_room,
20807,38084,99864,clean_room,
20808,38084,99864,bathroom,
20809,38084,99864,shower,
20810,38084,99888,dressing_room,
20811,38084,99888,clean_room,
20812,38084,99888,locker_room,
20813,38084,99888,nursery,
20814,38084,99888,bathroom,
20815,38084,99912,dressing_room,
20816,38084,99912,clean_room,
20817,38084,99912,locker_room,
20818,38084,99912,beauty_salon,
20819,38084,99912,bathroom,
20820,38084,99936,dressing_room,
20821,38084,99936,clean_room,
20822,38084,99936,locker_room,
20823,38084,99936,nursery,
20824,38084,99936,beauty_salon,
20825,38084,99960,dressing_room,
20826,38084,99960,locker_room,
20827,38084,99960,clean_room,
20828,38084,99960,bathroom,
20829,38084,99960,beauty_salon,
20830,38084,99984,dressing_room,
20831,38084,99984,clean_room,
20832,38084,99984,locker_room,
20833,38084,99984,beauty_salon,
20834,38084,99984,nursing_home,
20835,38084,100008,clean_room,
20836,38084,100008,dressing_room,
20837,38084,100008,nursing_home,
20838,38084,100008,locker_room,
20839,38084,100008,hospital_room,
20840,38084,100032,dressing_room,
20841,38084,100032,clean_room,
20842,38084,100032,locker_room,
20843,38084,100032,bathroom,
20844,38084,100032,beauty_salon,
20845,38084,100056,dressing_room,
20846,38084,100056,clean_room,
20847,38084,100056,locker_room,
20848,38084,100056,beauty_salon,
20849,38084,100056,biology_laboratory,
20850,38084,100080,clean_room,
20851,38084,100080,dressing_room,
20852,38084,100080,locker_room,
20853,38084,100080,discotheque,
20854,38084,100080,bathroom,
20855,38084,100104,clean_room,
20856,38084,100104,dressing_room,
20857,38084,100104,locker_room,
20858,38084,100104,operating_room,
20859,38084,100104,hospital_room,
20860,38084,100128,dressing_room,
20861,38084,100128,locker_room,
20862,38084,100128,clean_room,
20863,38084,100128,beauty_salon,
20864,38084,100128,bathroom,
20865,38084,100152,dressing_room,
20866,38084,100152,clean_room,
20867,38084,100152,discotheque,
20868,38084,100152,beauty_salon,
20869,38084,100152,locker_room,
20870,38084,100176,dressing_room,
20871,38084,100176,clean_room,
20872,38084,100176,locker_room,
20873,38084,100176,beauty_salon,
20874,38084,100176,bathroom,
20875,38084,100200,clean_room,
20876,38084,100200,dressing_room,
20877,38084,100200,locker_room,
20878,38084,100200,operating_room,
20879,38084,100200,hospital_room,
20880,38084,100224,dressing_room,
20881,38084,100224,clean_room,
20882,38084,100224,beauty_salon,
20883,38084,100224,locker_room,
20884,38084,100224,museum/indoor,
20885,38084,100248,dressing_room,
20886,38084,100248,clean_room,
20887,38084,100248,museum/indoor,
20888,38084,100248,beauty_salon,
20889,38084,100248,discotheque,
20890,38084,100272,clean_room,
20891,38084,100272,dressing_room,
20892,38084,100272,beauty_salon,
20893,38084,100272,chemistry_lab,
20894,38084,100272,museum/indoor,
20895,38084,100296,clean_room,
20896,38084,100296,dressing_room,
20897,38084,100296,chemistry_lab,
20898,38084,100296,locker_room,
20899,38084,100296,biology_laboratory,
20900,38084,100320,clean_room,
20901,38084,100320,dressing_room,
20902,38084,100320,chemistry_lab,
20903,38084,100320,locker_room,
20904,38084,100320,office,
20905,38084,100344,clean_room,
20906,38084,100344,dressing_room,
20907,38084,100344,locker_room,
20908,38084,100344,chemistry_lab,
20909,38084,100344,airplane_cabin,
20910,38084,100368,dressing_room,
20911,38084,100368,locker_room,
20912,38084,100368,clean_room,
20913,38084,100368,shower,
20914,38084,100368,bathroom,
20915,38084,100392,clean_room,
20916,38084,100392,locker_room,
20917,38084,100392,dressing_room,
20918,38084,100392,bathroom,
20919,38084,100392,shower,
20920,38084,100416,dressing_room,
20921,38084,100416,bathroom,
20922,38084,100416,shower,
20923,38084,100416,beauty_salon,
20924,38084,100416,locker_room,
20925,38084,100440,airplane_cabin,
20926,38084,100440,locker_room,
20927,38084,100440,shower,
20928,38084,100440,bathroom,
20929,38084,100440,clean_room,
20930,38084,100464,shower,
20931,38084,100464,locker_room,
20932,38084,100464,bathroom,
20933,38084,100464,jail_cell,
20934,38084,100464,elevator/door,
20935,38084,100488,museum/indoor,
20936,38084,100488,clean_room,
20937,38084,100488,locker_room,
20938,38084,100488,bathroom,
20939,38084,100488,shower,
20940,38084,100512,clean_room,
20941,38084,100512,museum/indoor,
20942,38084,100512,jewelry_shop,
20943,38084,100512,shower,
20944,38084,100512,dressing_room,
20945,38084,100536,museum/indoor,
20946,38084,100536,dressing_room,
20947,38084,100536,clean_room,
20948,38084,100536,jewelry_shop,
20949,38084,100536,bathroom,
20950,38084,100560,clean_room,
20951,38084,100560,dressing_room,
20952,38084,100560,operating_room,
20953,38084,100560,museum/indoor,
20954,38084,100560,locker_room,
20955,38084,100584,clean_room,
20956,38084,100584,operating_room,
20957,38084,100584,dressing_room,
20958,38084,100584,museum/indoor,
20959,38084,100584,hospital_room,
20960,38084,100608,museum/indoor,
20961,38084,100608,clean_room,
20962,38084,100608,dressing_room,
20963,38084,100608,archive,
20964,38084,100608,clothing_store,
20965,38084,100632,clean_room,
20966,38084,100632,museum/indoor,
20967,38084,100632,dressing_room,
20968,38084,100632,operating_room,
20969,38084,100632,archive,
20970,38084,100656,clean_room,
20971,38084,100656,museum/indoor,
20972,38084,100656,dressing_room,
20973,38084,100656,operating_room,
20974,38084,100656,archive,
20975,38084,100680,clean_room,
20976,38084,100680,museum/indoor,
20977,38084,100680,operating_room,
20978,38084,100680,dressing_room,
20979,38084,100680,archive,
20980,38084,100704,clean_room,
20981,38084,100704,museum/indoor,
20982,38084,100704,dressing_room,
20983,38084,100704,operating_room,
20984,38084,100704,archive,
20985,38084,100728,clean_room,
20986,38084,100728,museum/indoor,
20987,38084,100728,dressing_room,
20988,38084,100728,operating_room,
20989,38084,100728,locker_room,
20990,38084,100752,clean_room,
20991,38084,100752,museum/indoor,
20992,38084,100752,dressing_room,
20993,38084,100752,operating_room,
20994,38084,100752,clothing_store,
20995,38084,100776,clean_room,
20996,38084,100776,museum/indoor,
20997,38084,100776,operating_room,
20998,38084,100776,dressing_room,
20999,38084,100776,science_museum,
21000,38084,100800,museum/indoor,
21001,38084,100800,clean_room,
21002,38084,100800,dressing_room,
21003,38084,100800,operating_room,
21004,38084,100800,archive,
21005,38084,100824,dressing_room,
21006,38084,100824,clean_room,
21007,38084,100824,shower,
21008,38084,100824,clothing_store,
21009,38084,100824,bathroom,
21010,38084,100848,dressing_room,
21011,38084,100848,clean_room,
21012,38084,100848,shower,
21013,38084,100848,clothing_store,
21014,38084,100848,nursery,
21015,38084,100872,clean_room,
21016,38084,100872,dressing_room,
21017,38084,100872,beauty_salon,
21018,38084,100872,shower,
21019,38084,100872,chemistry_lab,
21020,38084,100896,clean_room,
21021,38084,100896,dressing_room,
21022,38084,100896,bathroom,
21023,38084,100896,beauty_salon,
21024,38084,100896,shower,
21025,38084,100920,clean_room,
21026,38084,100920,museum/indoor,
21027,38084,100920,dressing_room,
21028,38084,100920,operating_room,
21029,38084,100920,music_studio,
21030,38084,100944,dressing_room,
21031,38084,100944,museum/indoor,
21032,38084,100944,clean_room,
21033,38084,100944,discotheque,
21034,38084,100944,television_studio,
21035,38084,100968,museum/indoor,
21036,38084,100968,dressing_room,
21037,38084,100968,clean_room,
21038,38084,100968,beauty_salon,
21039,38084,100968,shower,
21040,38084,100992,dressing_room,
21041,38084,100992,museum/indoor,
21042,38084,100992,clean_room,
21043,38084,100992,discotheque,
21044,38084,100992,beauty_salon,
21045,38084,101016,museum/indoor,
21046,38084,101016,dressing_room,
21047,38084,101016,clean_room,
21048,38084,101016,art_gallery,
21049,38084,101016,television_studio,
21050,38084,101040,museum/indoor,
21051,38084,101040,dressing_room,
21052,38084,101040,art_gallery,
21053,38084,101040,clean_room,
21054,38084,101040,discotheque,
21055,38084,101064,dressing_room,
21056,38084,101064,museum/indoor,
21057,38084,101064,locker_room,
21058,38084,101064,sauna,
21059,38084,101064,shower,
21060,38084,101088,dressing_room,
21061,38084,101088,discotheque,
21062,38084,101088,clean_room,
21063,38084,101088,locker_room,
21064,38084,101088,bathroom,
21065,38084,101112,clean_room,
21066,38084,101112,bathroom,
21067,38084,101112,dressing_room,
21068,38084,101112,shower,
21069,38084,101112,chemistry_lab,
21070,38084,101136,dressing_room,
21071,38084,101136,airplane_cabin,
21072,38084,101136,clean_room,
21073,38084,101136,bathroom,
21074,38084,101136,beauty_salon,
21075,38084,101160,dressing_room,
21076,38084,101160,beauty_salon,
21077,38084,101160,bathroom,
21078,38084,101160,shower,
21079,38084,101160,clean_room,
21080,38084,101184,clean_room,
21081,38084,101184,dressing_room,
21082,38084,101184,airplane_cabin,
21083,38084,101184,bathroom,
21084,38084,101184,shower,
21085,38084,101208,clean_room,
21086,38084,101208,dressing_room,
21087,38084,101208,shower,
21088,38084,101208,beauty_salon,
21089,38084,101208,bathroom,
21090,38084,101232,airplane_cabin,
21091,38084,101232,bathroom,
21092,38084,101232,laundromat,
21093,38084,101232,beauty_salon,
21094,38084,101232,atrium/public,
21095,38084,101256,clean_room,
21096,38084,101256,dressing_room,
21097,38084,101256,museum/indoor,
21098,38084,101256,beauty_salon,
21099,38084,101256,nursing_home,
21100,38084,101280,clean_room,
21101,38084,101280,dressing_room,
21102,38084,101280,operating_room,
21103,38084,101280,beauty_salon,
21104,38084,101280,chemistry_lab,
21105,38084,101304,clean_room,
21106,38084,101304,dressing_room,
21107,38084,101304,beauty_salon,
21108,38084,101304,nursing_home,
21109,38084,101304,operating_room,
21110,38084,101328,clean_room,
21111,38084,101328,dressing_room,
21112,38084,101328,operating_room,
21113,38084,101328,beauty_salon,
21114,38084,101328,hospital_room,
21115,38084,101352,dressing_room,
21116,38084,101352,clean_room,
21117,38084,101352,beauty_salon,
21118,38084,101352,biology_laboratory,
21119,38084,101352,clothing_store,
21120,38084,101376,clean_room,
21121,38084,101376,dressing_room,
21122,38084,101376,bathroom,
21123,38084,101376,beauty_salon,
21124,38084,101376,shower,
21125,38084,101400,clean_room,
21126,38084,101400,dressing_room,
21127,38084,101400,bathroom,
21128,38084,101400,airplane_cabin,
21129,38084,101400,hospital_room,
21130,38084,101424,dressing_room,
21131,38084,101424,shower,
21132,38084,101424,locker_room,
21133,38084,101424,clothing_store,
21134,38084,101424,closet,
21135,38084,101448,clean_room,
21136,38084,101448,shower,
21137,38084,101448,dressing_room,
21138,38084,101448,locker_room,
21139,38084,101448,museum/indoor,
21140,38084,101472,clean_room,
21141,38084,101472,dressing_room,
21142,38084,101472,museum/indoor,
21143,38084,101472,locker_room,
21144,38084,101472,shower,
21145,38084,101496,dressing_room,
21146,38084,101496,museum/indoor,
21147,38084,101496,clean_room,
21148,38084,101496,shower,
21149,38084,101496,locker_room,
21150,38084,101520,clean_room,
21151,38084,101520,museum/indoor,
21152,38084,101520,dressing_room,
21153,38084,101520,shower,
21154,38084,101520,art_gallery,
21155,38084,101544,museum/indoor,
21156,38084,101544,clean_room,
21157,38084,101544,dressing_room,
21158,38084,101544,archive,
21159,38084,101544,art_gallery,
21160,38084,101568,dressing_room,
21161,38084,101568,museum/indoor,
21162,38084,101568,clean_room,
21163,38084,101568,shower,
21164,38084,101568,archive,
21165,38084,101592,clean_room,
21166,38084,101592,dressing_room,
21167,38084,101592,museum/indoor,
21168,38084,101592,shower,
21169,38084,101592,locker_room,
21170,38084,101616,clean_room,
21171,38084,101616,dressing_room,
21172,38084,101616,shower,
21173,38084,101616,museum/indoor,
21174,38084,101616,clothing_store,
21175,38084,101640,dressing_room,
21176,38084,101640,clean_room,
21177,38084,101640,shower,
21178,38084,101640,museum/indoor,
21179,38084,101640,clothing_store,
21180,38084,101664,clean_room,
21181,38084,101664,dressing_room,
21182,38084,101664,shower,
21183,38084,101664,museum/indoor,
21184,38084,101664,locker_room,
21185,38084,101688,museum/indoor,
21186,38084,101688,clean_room,
21187,38084,101688,dressing_room,
21188,38084,101688,art_gallery,
21189,38084,101688,shower,
21190,38084,101712,museum/indoor,
21191,38084,101712,clean_room,
21192,38084,101712,elevator/door,
21193,38084,101712,elevator_lobby,
21194,38084,101712,dressing_room,
21195,38084,101736,clean_room,
21196,38084,101736,dressing_room,
21197,38084,101736,chemistry_lab,
21198,38084,101736,locker_room,
21199,38084,101736,clothing_store,
21200,38084,101760,clean_room,
21201,38084,101760,dressing_room,
21202,38084,101760,chemistry_lab,
21203,38084,101760,biology_laboratory,
21204,38084,101760,operating_room,
21205,38084,101784,clean_room,
21206,38084,101784,dressing_room,
21207,38084,101784,museum/indoor,
21208,38084,101784,operating_room,
21209,38084,101784,clothing_store,
21210,38084,101808,clean_room,
21211,38084,101808,dressing_room,
21212,38084,101808,operating_room,
21213,38084,101808,chemistry_lab,
21214,38084,101808,museum/indoor,
21215,38084,101832,clean_room,
21216,38084,101832,operating_room,
21217,38084,101832,dressing_room,
21218,38084,101832,chemistry_lab,
21219,38084,101832,hospital_room,
21220,38084,101856,clean_room,
21221,38084,101856,operating_room,
21222,38084,101856,dressing_room,
21223,38084,101856,chemistry_lab,
21224,38084,101856,biology_laboratory,
21225,38084,101880,clean_room,
21226,38084,101880,operating_room,
21227,38084,101880,dressing_room,
21228,38084,101880,hospital_room,
21229,38084,101880,chemistry_lab,
21230,38084,101904,clean_room,
21231,38084,101904,operating_room,
21232,38084,101904,dressing_room,
21233,38084,101904,chemistry_lab,
21234,38084,101904,hospital_room,
21235,38084,101928,clean_room,
21236,38084,101928,dressing_room,
21237,38084,101928,operating_room,
21238,38084,101928,hospital_room,
21239,38084,101928,museum/indoor,
21240,38084,101952,clean_room,
21241,38084,101952,operating_room,
21242,38084,101952,hospital_room,
21243,38084,101952,dressing_room,
21244,38084,101952,chemistry_lab,
21245,38084,101976,clean_room,
21246,38084,101976,operating_room,
21247,38084,101976,dressing_room,
21248,38084,101976,chemistry_lab,
21249,38084,101976,biology_laboratory,
21250,38084,102000,clean_room,
21251,38084,102000,dressing_room,
21252,38084,102000,operating_room,
21253,38084,102000,chemistry_lab,
21254,38084,102000,museum/indoor,
21255,38084,102024,clean_room,
21256,38084,102024,dressing_room,
21257,38084,102024,shower,
21258,38084,102024,operating_room,
21259,38084,102024,bathroom,
21260,38084,102048,clean_room,
21261,38084,102048,dressing_room,
21262,38084,102048,operating_room,
21263,38084,102048,chemistry_lab,
21264,38084,102048,hospital_room,
21265,38084,102072,clean_room,
21266,38084,102072,operating_room,
21267,38084,102072,dressing_room,
21268,38084,102072,hospital_room,
21269,38084,102072,museum/indoor,
21270,38084,102096,clean_room,
21271,38084,102096,dressing_room,
21272,38084,102096,operating_room,
21273,38084,102096,chemistry_lab,
21274,38084,102096,biology_laboratory,
21275,38084,102120,clean_room,
21276,38084,102120,museum/indoor,
21277,38084,102120,dressing_room,
21278,38084,102120,archive,
21279,38084,102120,physics_laboratory,
21280,38084,102144,bathroom,
21281,38084,102144,clean_room,
21282,38084,102144,airplane_cabin,
21283,38084,102144,shower,
21284,38084,102144,museum/indoor,
21285,38084,102168,dressing_room,
21286,38084,102168,bathroom,
21287,38084,102168,clean_room,
21288,38084,102168,airplane_cabin,
21289,38084,102168,clothing_store,
21290,38084,102192,bathroom,
21291,38084,102192,airplane_cabin,
21292,38084,102192,shower,
21293,38084,102192,clean_room,
21294,38084,102192,clothing_store,
21295,38084,102216,clean_room,
21296,38084,102216,locker_room,
21297,38084,102216,dressing_room,
21298,38084,102216,museum/indoor,
21299,38084,102216,science_museum,
21300,38084,102240,dressing_room,
21301,38084,102240,locker_room,
21302,38084,102240,clean_room,
21303,38084,102240,museum/indoor,
21304,38084,102240,science_museum,
21305,38084,102264,clean_room,
21306,38084,102264,dressing_room,
21307,38084,102264,clothing_store,
21308,38084,102264,shower,
21309,38084,102264,bathroom,
21310,38084,102288,clean_room,
21311,38084,102288,dressing_room,
21312,38084,102288,locker_room,
21313,38084,102288,shower,
21314,38084,102288,bathroom,
21315,38084,102312,elevator/door,
21316,38084,102312,elevator_lobby,
21317,38084,102312,dressing_room,
21318,38084,102312,shower,
21319,38084,102312,locker_room,
21320,38084,102336,shower,
21321,38084,102336,bathroom,
21322,38084,102336,jewelry_shop,
21323,38084,102336,clean_room,
21324,38084,102336,museum/indoor,
21325,38084,102360,museum/indoor,
21326,38084,102360,clean_room,
21327,38084,102360,science_museum,
21328,38084,102360,jewelry_shop,
21329,38084,102360,shower,
21330,38084,102384,bathroom,
21331,38084,102384,dressing_room,
21332,38084,102384,shower,
21333,38084,102384,jewelry_shop,
21334,38084,102384,clean_room,
21335,38084,102408,museum/indoor,
21336,38084,102408,jewelry_shop,
21337,38084,102408,bathroom,
21338,38084,102408,art_gallery,
21339,38084,102408,dining_room,
21340,38084,102432,museum/indoor,
21341,38084,102432,dressing_room,
21342,38084,102432,bow_window/indoor,
21343,38084,102432,bathroom,
21344,38084,102432,art_gallery,
21345,38084,102456,bow_window/indoor,
21346,38084,102456,dining_room,
21347,38084,102456,museum/indoor,
21348,38084,102456,dressing_room,
21349,38084,102456,bathroom,
21350,38084,102480,bathroom,
21351,38084,102480,shower,
21352,38084,102480,airplane_cabin,
21353,38084,102480,clean_room,
21354,38084,102480,dressing_room,
21355,38084,102504,bathroom,
21356,38084,102504,dressing_room,
21357,38084,102504,clean_room,
21358,38084,102504,airplane_cabin,
21359,38084,102504,shower,
21360,38084,102528,dressing_room,
21361,38084,102528,bathroom,
21362,38084,102528,airplane_cabin,
21363,38084,102528,clean_room,
21364,38084,102528,shower,
21365,38084,102552,bathroom,
21366,38084,102552,clean_room,
21367,38084,102552,dressing_room,
21368,38084,102552,shower,
21369,38084,102552,airplane_cabin,
21370,38084,102576,clean_room,
21371,38084,102576,dressing_room,
21372,38084,102576,bathroom,
21373,38084,102576,airplane_cabin,
21374,38084,102576,beauty_salon,
21375,38084,102600,bathroom,
21376,38084,102600,clothing_store,
21377,38084,102600,clean_room,
21378,38084,102600,airplane_cabin,
21379,38084,102600,shower,
21380,38084,102624,bathroom,
21381,38084,102624,dressing_room,
21382,38084,102624,clean_room,
21383,38084,102624,airplane_cabin,
21384,38084,102624,clothing_store,
21385,38084,102648,airplane_cabin,
21386,38084,102648,clean_room,
21387,38084,102648,bathroom,
21388,38084,102648,dressing_room,
21389,38084,102648,clothing_store,
21390,38084,102672,airplane_cabin,
21391,38084,102672,dressing_room,
21392,38084,102672,clean_room,
21393,38084,102672,operating_room,
21394,38084,102672,bathroom,
21395,38084,102696,clean_room,
21396,38084,102696,dressing_room,
21397,38084,102696,clothing_store,
21398,38084,102696,operating_room,
21399,38084,102696,bathroom,
21400,38084,102720,airplane_cabin,
21401,38084,102720,dressing_room,
21402,38084,102720,clean_room,
21403,38084,102720,bathroom,
21404,38084,102720,clothing_store,
21405,38084,102744,airplane_cabin,
21406,38084,102744,clothing_store,
21407,38084,102744,dressing_room,
21408,38084,102744,clean_room,
21409,38084,102744,bathroom,
21410,38084,102768,airplane_cabin,
21411,38084,102768,bathroom,
21412,38084,102768,clean_room,
21413,38084,102768,dressing_room,
21414,38084,102768,beauty_salon,
21415,38084,102792,clean_room,
21416,38084,102792,clothing_store,
21417,38084,102792,closet,
21418,38084,102792,art_gallery,
21419,38084,102792,dressing_room,
21420,38084,102816,clean_room,
21421,38084,102816,dressing_room,
21422,38084,102816,locker_room,
21423,38084,102816,shower,
21424,38084,102816,clothing_store,
21425,38084,102840,jewelry_shop,
21426,38084,102840,chemistry_lab,
21427,38084,102840,banquet_hall,
21428,38084,102840,bow_window/indoor,
21429,38084,102840,clean_room,
21430,38084,102864,banquet_hall,
21431,38084,102864,restaurant,
21432,38084,102864,dining_hall,
21433,38084,102864,dining_room,
21434,38084,102864,jewelry_shop,
21435,38084,102888,banquet_hall,
21436,38084,102888,jewelry_shop,
21437,38084,102888,dining_hall,
21438,38084,102888,restaurant,
21439,38084,102888,dining_room,
21440,38084,102912,banquet_hall,
21441,38084,102912,dining_hall,
21442,38084,102912,jewelry_shop,
21443,38084,102912,restaurant,
21444,38084,102912,dining_room,
21445,38084,102936,banquet_hall,
21446,38084,102936,dining_hall,
21447,38084,102936,jewelry_shop,
21448,38084,102936,restaurant,
21449,38084,102936,dining_room,
21450,38084,102960,banquet_hall,
21451,38084,102960,dining_hall,
21452,38084,102960,dining_room,
21453,38084,102960,restaurant,
21454,38084,102960,jewelry_shop,
21455,38084,102984,banquet_hall,
21456,38084,102984,dining_hall,
21457,38084,102984,jewelry_shop,
21458,38084,102984,restaurant,
21459,38084,102984,dining_room,
21460,38084,103008,banquet_hall,
21461,38084,103008,dining_hall,
21462,38084,103008,restaurant,
21463,38084,103008,dining_room,
21464,38084,103008,jewelry_shop,
21465,38084,103032,banquet_hall,
21466,38084,103032,dining_hall,
21467,38084,103032,jewelry_shop,
21468,38084,103032,restaurant,
21469,38084,103032,dining_room,
21470,38084,103056,banquet_hall,
21471,38084,103056,jewelry_shop,
21472,38084,103056,dining_hall,
21473,38084,103056,restaurant,
21474,38084,103056,dining_room,
21475,38084,103080,banquet_hall,
21476,38084,103080,jewelry_shop,
21477,38084,103080,dining_hall,
21478,38084,103080,restaurant,
21479,38084,103080,dining_room,
21480,38084,103104,banquet_hall,
21481,38084,103104,dining_hall,
21482,38084,103104,jewelry_shop,
21483,38084,103104,restaurant,
21484,38084,103104,dining_room,
21485,38084,103128,banquet_hall,
21486,38084,103128,dining_hall,
21487,38084,103128,jewelry_shop,
21488,38084,103128,restaurant,
21489,38084,103128,dining_room,
21490,38084,103152,banquet_hall,
21491,38084,103152,jewelry_shop,
21492,38084,103152,dining_hall,
21493,38084,103152,restaurant,
21494,38084,103152,dining_room,
21495,38084,103176,banquet_hall,
21496,38084,103176,jewelry_shop,
21497,38084,103176,dining_hall,
21498,38084,103176,restaurant,
21499,38084,103176,dining_room,
21500,38084,103200,banquet_hall,
21501,38084,103200,dining_hall,
21502,38084,103200,jewelry_shop,
21503,38084,103200,restaurant,
21504,38084,103200,dining_room,
21505,38084,103224,banquet_hall,
21506,38084,103224,restaurant,
21507,38084,103224,chemistry_lab,
21508,38084,103224,cafeteria,
21509,38084,103224,dining_hall,
21510,38084,103248,clean_room,
21511,38084,103248,dressing_room,
21512,38084,103248,clothing_store,
21513,38084,103248,locker_room,
21514,38084,103248,closet,
21515,38084,103272,clean_room,
21516,38084,103272,dressing_room,
21517,38084,103272,beauty_salon,
21518,38084,103272,chemistry_lab,
21519,38084,103272,locker_room,
21520,38084,103296,dressing_room,
21521,38084,103296,bow_window/indoor,
21522,38084,103296,clean_room,
21523,38084,103296,nursery,
21524,38084,103296,bedroom,
21525,38084,103320,dressing_room,
21526,38084,103320,bedchamber,
21527,38084,103320,clean_room,
21528,38084,103320,bow_window/indoor,
21529,38084,103320,living_room,
21530,38084,103344,dressing_room,
21531,38084,103344,living_room,
21532,38084,103344,bedchamber,
21533,38084,103344,clean_room,
21534,38084,103344,bow_window/indoor,
21535,38084,103368,dressing_room,
21536,38084,103368,clean_room,
21537,38084,103368,bedchamber,
21538,38084,103368,hotel_room,
21539,38084,103368,living_room,
21540,38084,103392,dressing_room,
21541,38084,103392,clean_room,
21542,38084,103392,bedchamber,
21543,38084,103392,living_room,
21544,38084,103392,hotel_room,
21545,38084,103416,dressing_room,
21546,38084,103416,bedchamber,
21547,38084,103416,clean_room,
21548,38084,103416,hotel_room,
21549,38084,103416,hospital_room,
21550,38084,103440,dressing_room,
21551,38084,103440,bedchamber,
21552,38084,103440,clean_room,
21553,38084,103440,hotel_room,
21554,38084,103440,living_room,
21555,38084,103464,dressing_room,
21556,38084,103464,bedchamber,
21557,38084,103464,clean_room,
21558,38084,103464,hotel_room,
21559,38084,103464,living_room,
21560,38084,103488,chemistry_lab,
21561,38084,103488,beauty_salon,
21562,38084,103488,biology_laboratory,
21563,38084,103488,restaurant,
21564,38084,103488,clean_room,
21565,38084,103512,chemistry_lab,
21566,38084,103512,beauty_salon,
21567,38084,103512,clean_room,
21568,38084,103512,restaurant,
21569,38084,103512,dressing_room,
21570,38084,103536,chemistry_lab,
21571,38084,103536,beauty_salon,
21572,38084,103536,restaurant,
21573,38084,103536,dressing_room,
21574,38084,103536,bar,
21575,38084,103560,beauty_salon,
21576,38084,103560,chemistry_lab,
21577,38084,103560,dressing_room,
21578,38084,103560,restaurant,
21579,38084,103560,bar,
21580,38084,103584,chemistry_lab,
21581,38084,103584,beauty_salon,
21582,38084,103584,dressing_room,
21583,38084,103584,restaurant,
21584,38084,103584,biology_laboratory,
21585,38084,103608,dressing_room,
21586,38084,103608,clean_room,
21587,38084,103608,clothing_store,
21588,38084,103608,chemistry_lab,
21589,38084,103608,locker_room,
21590,38084,103632,dressing_room,
21591,38084,103632,clean_room,
21592,38084,103632,clothing_store,
21593,38084,103632,shower,
21594,38084,103632,closet,
21595,38084,103656,dressing_room,
21596,38084,103656,clean_room,
21597,38084,103656,shower,
21598,38084,103656,clothing_store,
21599,38084,103656,bathroom,
21600,38084,103680,dressing_room,
21601,38084,103680,clean_room,
21602,38084,103680,shower,
21603,38084,103680,chemistry_lab,
21604,38084,103680,clothing_store,
21605,38084,103704,beauty_salon,
21606,38084,103704,chemistry_lab,
21607,38084,103704,dressing_room,
21608,38084,103704,restaurant,
21609,38084,103704,clean_room,
21610,38084,103728,beauty_salon,
21611,38084,103728,chemistry_lab,
21612,38084,103728,dressing_room,
21613,38084,103728,clean_room,
21614,38084,103728,restaurant,
21615,38084,103752,beauty_salon,
21616,38084,103752,chemistry_lab,
21617,38084,103752,restaurant,
21618,38084,103752,dressing_room,
21619,38084,103752,nursing_home,
21620,38084,103776,beauty_salon,
21621,38084,103776,chemistry_lab,
21622,38084,103776,dressing_room,
21623,38084,103776,clean_room,
21624,38084,103776,restaurant,
21625,38084,103800,dressing_room,
21626,38084,103800,clean_room,
21627,38084,103800,shower,
21628,38084,103800,chemistry_lab,
21629,38084,103800,bathroom,
21630,38084,103824,dressing_room,
21631,38084,103824,clean_room,
21632,38084,103824,chemistry_lab,
21633,38084,103824,shower,
21634,38084,103824,clothing_store,
21635,38084,103848,dressing_room,
21636,38084,103848,clean_room,
21637,38084,103848,shower,
21638,38084,103848,chemistry_lab,
21639,38084,103848,clothing_store,
21640,38084,103872,dressing_room,
21641,38084,103872,clean_room,
21642,38084,103872,chemistry_lab,
21643,38084,103872,shower,
21644,38084,103872,clothing_store,
21645,38084,103896,dressing_room,
21646,38084,103896,clean_room,
21647,38084,103896,shower,
21648,38084,103896,locker_room,
21649,38084,103896,chemistry_lab,
21650,38084,103920,dressing_room,
21651,38084,103920,clean_room,
21652,38084,103920,shower,
21653,38084,103920,locker_room,
21654,38084,103920,clothing_store,
21655,38084,103944,chemistry_lab,
21656,38084,103944,beauty_salon,
21657,38084,103944,restaurant,
21658,38084,103944,dressing_room,
21659,38084,103944,banquet_hall,
21660,38084,103968,chemistry_lab,
21661,38084,103968,dressing_room,
21662,38084,103968,restaurant,
21663,38084,103968,beauty_salon,
21664,38084,103968,bar,
21665,38084,103992,dressing_room,
21666,38084,103992,hotel_room,
21667,38084,103992,bedchamber,
21668,38084,103992,clean_room,
21669,38084,103992,banquet_hall,
21670,38084,104016,dressing_room,
21671,38084,104016,bedchamber,
21672,38084,104016,hotel_room,
21673,38084,104016,clean_room,
21674,38084,104016,living_room,
21675,38084,104040,dressing_room,
21676,38084,104040,clean_room,
21677,38084,104040,banquet_hall,
21678,38084,104040,hotel_room,
21679,38084,104040,hospital_room,
21680,38084,104064,dressing_room,
21681,38084,104064,banquet_hall,
21682,38084,104064,clean_room,
21683,38084,104064,hotel_room,
21684,38084,104064,beauty_salon,
21685,38084,104088,dressing_room,
21686,38084,104088,banquet_hall,
21687,38084,104088,living_room,
21688,38084,104088,hotel_room,
21689,38084,104088,hospital_room,
21690,38084,104112,dressing_room,
21691,38084,104112,clean_room,
21692,38084,104112,banquet_hall,
21693,38084,104112,bedchamber,
21694,38084,104112,hospital_room,
21695,38084,104136,dressing_room,
21696,38084,104136,clean_room,
21697,38084,104136,bedchamber,
21698,38084,104136,bow_window/indoor,
21699,38084,104136,banquet_hall,
21700,38084,104160,dressing_room,
21701,38084,104160,clean_room,
21702,38084,104160,bedchamber,
21703,38084,104160,bow_window/indoor,
21704,38084,104160,banquet_hall,
21705,38084,104184,dressing_room,
21706,38084,104184,clean_room,
21707,38084,104184,bedchamber,
21708,38084,104184,banquet_hall,
21709,38084,104184,bow_window/indoor,
21710,38084,104208,clean_room,
21711,38084,104208,dressing_room,
21712,38084,104208,hospital_room,
21713,38084,104208,bedchamber,
21714,38084,104208,hotel_room,
21715,38084,104232,dressing_room,
21716,38084,104232,clean_room,
21717,38084,104232,hospital_room,
21718,38084,104232,operating_room,
21719,38084,104232,clothing_store,
21720,38084,104256,clean_room,
21721,38084,104256,dressing_room,
21722,38084,104256,operating_room,
21723,38084,104256,hospital_room,
21724,38084,104256,clothing_store,
21725,38084,104280,dressing_room,
21726,38084,104280,clean_room,
21727,38084,104280,clothing_store,
21728,38084,104280,locker_room,
21729,38084,104280,ballroom,
21730,38084,104304,dressing_room,
21731,38084,104304,clean_room,
21732,38084,104304,clothing_store,
21733,38084,104304,nursery,
21734,38084,104304,hospital_room,
21735,38084,104328,dressing_room,
21736,38084,104328,clean_room,
21737,38084,104328,clothing_store,
21738,38084,104328,operating_room,
21739,38084,104328,nursery,
21740,38084,104352,dressing_room,
21741,38084,104352,clean_room,
21742,38084,104352,clothing_store,
21743,38084,104352,locker_room,
21744,38084,104352,nursery,
21745,38084,104376,dressing_room,
21746,38084,104376,clean_room,
21747,38084,104376,clothing_store,
21748,38084,104376,operating_room,
21749,38084,104376,nursery,
21750,38084,104400,dressing_room,
21751,38084,104400,clean_room,
21752,38084,104400,clothing_store,
21753,38084,104400,locker_room,
21754,38084,104400,operating_room,
21755,38084,104424,dressing_room,
21756,38084,104424,clean_room,
21757,38084,104424,clothing_store,
21758,38084,104424,locker_room,
21759,38084,104424,nursery,
21760,38084,104448,dressing_room,
21761,38084,104448,locker_room,
21762,38084,104448,shower,
21763,38084,104448,bathroom,
21764,38084,104448,sauna,
21765,38084,104472,dressing_room,
21766,38084,104472,locker_room,
21767,38084,104472,clothing_store,
21768,38084,104472,shower,
21769,38084,104472,closet,
21770,38084,104496,locker_room,
21771,38084,104496,dressing_room,
21772,38084,104496,clean_room,
21773,38084,104496,clothing_store,
21774,38084,104496,shower,
21775,38084,104520,clean_room,
21776,38084,104520,dressing_room,
21777,38084,104520,bathroom,
21778,38084,104520,shower,
21779,38084,104520,beauty_salon,
21780,38084,104544,dressing_room,
21781,38084,104544,clean_room,
21782,38084,104544,shower,
21783,38084,104544,clothing_store,
21784,38084,104544,bathroom,
21785,38084,104568,clean_room,
21786,38084,104568,dressing_room,
21787,38084,104568,shower,
21788,38084,104568,beauty_salon,
21789,38084,104568,bathroom,
21790,38084,104592,clean_room,
21791,38084,104592,dressing_room,
21792,38084,104592,clothing_store,
21793,38084,104592,shower,
21794,38084,104592,hospital_room,
21795,38084,104616,clean_room,
21796,38084,104616,dressing_room,
21797,38084,104616,operating_room,
21798,38084,104616,shower,
21799,38084,104616,clothing_store,
21800,38084,104640,clean_room,
21801,38084,104640,dressing_room,
21802,38084,104640,shower,
21803,38084,104640,beauty_salon,
21804,38084,104640,chemistry_lab,
21805,38084,104664,clean_room,
21806,38084,104664,dressing_room,
21807,38084,104664,operating_room,
21808,38084,104664,beauty_salon,
21809,38084,104664,shower,
21810,38084,104688,clean_room,
21811,38084,104688,dressing_room,
21812,38084,104688,beauty_salon,
21813,38084,104688,operating_room,
21814,38084,104688,shower,
21815,38084,104712,clean_room,
21816,38084,104712,dressing_room,
21817,38084,104712,operating_room,
21818,38084,104712,clothing_store,
21819,38084,104712,beauty_salon,
21820,38084,104736,clean_room,
21821,38084,104736,dressing_room,
21822,38084,104736,beauty_salon,
21823,38084,104736,clothing_store,
21824,38084,104736,shower,
21825,38084,104760,clean_room,
21826,38084,104760,dressing_room,
21827,38084,104760,chemistry_lab,
21828,38084,104760,beauty_salon,
21829,38084,104760,clothing_store,
21830,38084,104784,clean_room,
21831,38084,104784,dressing_room,
21832,38084,104784,shower,
21833,38084,104784,clothing_store,
21834,38084,104784,chemistry_lab,
21835,38084,104808,clean_room,
21836,38084,104808,dressing_room,
21837,38084,104808,bathroom,
21838,38084,104808,shower,
21839,38084,104808,operating_room,
21840,38084,104832,clean_room,
21841,38084,104832,dressing_room,
21842,38084,104832,operating_room,
21843,38084,104832,hospital_room,
21844,38084,104832,bathroom,
21845,38084,104856,clean_room,
21846,38084,104856,dressing_room,
21847,38084,104856,hospital_room,
21848,38084,104856,bathroom,
21849,38084,104856,operating_room,
21850,38084,104880,clean_room,
21851,38084,104880,dressing_room,
21852,38084,104880,locker_room,
21853,38084,104880,hospital_room,
21854,38084,104880,operating_room,
21855,38084,104904,clean_room,
21856,38084,104904,dressing_room,
21857,38084,104904,shower,
21858,38084,104904,hospital_room,
21859,38084,104904,clothing_store,
21860,38084,104928,dressing_room,
21861,38084,104928,clean_room,
21862,38084,104928,clothing_store,
21863,38084,104928,shower,
21864,38084,104928,locker_room,
21865,38084,104952,dressing_room,
21866,38084,104952,clean_room,
21867,38084,104952,hospital_room,
21868,38084,104952,beauty_salon,
21869,38084,104952,clothing_store,
21870,38084,104976,dressing_room,
21871,38084,104976,clean_room,
21872,38084,104976,hospital_room,
21873,38084,104976,clothing_store,
21874,38084,104976,operating_room,
21875,38084,105000,dressing_room,
21876,38084,105000,clean_room,
21877,38084,105000,hospital_room,
21878,38084,105000,operating_room,
21879,38084,105000,clothing_store,
21880,38084,105024,dressing_room,
21881,38084,105024,clean_room,
21882,38084,105024,clothing_store,
21883,38084,105024,operating_room,
21884,38084,105024,discotheque,
21885,38084,105048,dressing_room,
21886,38084,105048,clean_room,
21887,38084,105048,clothing_store,
21888,38084,105048,operating_room,
21889,38084,105048,hospital_room,
21890,38084,105072,dressing_room,
21891,38084,105072,clean_room,
21892,38084,105072,discotheque,
21893,38084,105072,nursery,
21894,38084,105072,clothing_store,
21895,38084,105096,dressing_room,
21896,38084,105096,clean_room,
21897,38084,105096,discotheque,
21898,38084,105096,nursery,
21899,38084,105096,shower,
21900,38084,105120,clean_room,
21901,38084,105120,operating_room,
21902,38084,105120,hospital_room,
21903,38084,105120,dressing_room,
21904,38084,105120,locker_room,
21905,38084,105144,clean_room,
21906,38084,105144,dressing_room,
21907,38084,105144,hospital_room,
21908,38084,105144,operating_room,
21909,38084,105144,locker_room,
21910,38084,105168,clean_room,
21911,38084,105168,hospital_room,
21912,38084,105168,chemistry_lab,
21913,38084,105168,operating_room,
21914,38084,105168,dressing_room,
21915,38084,105192,clean_room,
21916,38084,105192,hospital_room,
21917,38084,105192,operating_room,
21918,38084,105192,dressing_room,
21919,38084,105192,nursery,
21920,38084,105216,clean_room,
21921,38084,105216,hospital_room,
21922,38084,105216,operating_room,
21923,38084,105216,dressing_room,
21924,38084,105216,nursery,
21925,38084,105240,clean_room,
21926,38084,105240,hospital_room,
21927,38084,105240,operating_room,
21928,38084,105240,dressing_room,
21929,38084,105240,nursery,
21930,38084,105264,clean_room,
21931,38084,105264,hospital_room,
21932,38084,105264,operating_room,
21933,38084,105264,dressing_room,
21934,38084,105264,nursery,
21935,38084,105288,dressing_room,
21936,38084,105288,discotheque,
21937,38084,105288,beauty_salon,
21938,38084,105288,clean_room,
21939,38084,105288,hospital_room,
21940,38084,105312,dressing_room,
21941,38084,105312,discotheque,
21942,38084,105312,beauty_salon,
21943,38084,105312,clean_room,
21944,38084,105312,hospital_room,
21945,38084,105336,dressing_room,
21946,38084,105336,discotheque,
21947,38084,105336,beauty_salon,
21948,38084,105336,clean_room,
21949,38084,105336,hospital_room,
21950,38084,105360,dressing_room,
21951,38084,105360,discotheque,
21952,38084,105360,beauty_salon,
21953,38084,105360,clean_room,
21954,38084,105360,hospital_room,
21955,38084,105384,dressing_room,
21956,38084,105384,discotheque,
21957,38084,105384,beauty_salon,
21958,38084,105384,clean_room,
21959,38084,105384,hospital_room,
21960,38084,105408,dressing_room,
21961,38084,105408,discotheque,
21962,38084,105408,beauty_salon,
21963,38084,105408,clean_room,
21964,38084,105408,hospital_room,
21965,38084,105432,dressing_room,
21966,38084,105432,discotheque,
21967,38084,105432,beauty_salon,
21968,38084,105432,clean_room,
21969,38084,105432,stage/indoor,
21970,38084,105456,dressing_room,
21971,38084,105456,discotheque,
21972,38084,105456,beauty_salon,
21973,38084,105456,clean_room,
21974,38084,105456,chemistry_lab,
21975,38084,105480,dressing_room,
21976,38084,105480,discotheque,
21977,38084,105480,beauty_salon,
21978,38084,105480,chemistry_lab,
21979,38084,105480,clean_room,
21980,38084,105504,dressing_room,
21981,38084,105504,shower,
21982,38084,105504,bathroom,
21983,38084,105504,beauty_salon,
21984,38084,105504,clean_room,
21985,38084,105528,dressing_room,
21986,38084,105528,shower,
21987,38084,105528,bathroom,
21988,38084,105528,beauty_salon,
21989,38084,105528,discotheque,
21990,38084,105552,dressing_room,
21991,38084,105552,shower,
21992,38084,105552,bathroom,
21993,38084,105552,beauty_salon,
21994,38084,105552,discotheque,
21995,38084,105576,dressing_room,
21996,38084,105576,discotheque,
21997,38084,105576,beauty_salon,
21998,38084,105576,clean_room,
21999,38084,105576,hospital_room,
22000,38084,105600,dressing_room,
22001,38084,105600,discotheque,
22002,38084,105600,beauty_salon,
22003,38084,105600,clean_room,
22004,38084,105600,hospital_room,
22005,38084,105624,dressing_room,
22006,38084,105624,discotheque,
22007,38084,105624,beauty_salon,
22008,38084,105624,hospital_room,
22009,38084,105624,nursery,
22010,38084,105648,dressing_room,
22011,38084,105648,discotheque,
22012,38084,105648,nursery,
22013,38084,105648,clean_room,
22014,38084,105648,hospital_room,
22015,38084,105672,dressing_room,
22016,38084,105672,discotheque,
22017,38084,105672,clean_room,
22018,38084,105672,beauty_salon,
22019,38084,105672,hospital_room,
22020,38084,105696,dressing_room,
22021,38084,105696,discotheque,
22022,38084,105696,clean_room,
22023,38084,105696,beauty_salon,
22024,38084,105696,music_studio,
22025,38084,105720,dressing_room,
22026,38084,105720,discotheque,
22027,38084,105720,clean_room,
22028,38084,105720,chemistry_lab,
22029,38084,105720,beauty_salon,
22030,38084,105744,dressing_room,
22031,38084,105744,discotheque,
22032,38084,105744,clean_room,
22033,38084,105744,hospital_room,
22034,38084,105744,beauty_salon,
22035,38084,105768,dressing_room,
22036,38084,105768,discotheque,
22037,38084,105768,clean_room,
22038,38084,105768,beauty_salon,
22039,38084,105768,hospital_room,
22040,38084,105792,dressing_room,
22041,38084,105792,discotheque,
22042,38084,105792,hospital_room,
22043,38084,105792,beauty_salon,
22044,38084,105792,clean_room,
22045,38084,105816,dressing_room,
22046,38084,105816,discotheque,
22047,38084,105816,hospital_room,
22048,38084,105816,beauty_salon,
22049,38084,105816,clean_room,
22050,38084,105840,dressing_room,
22051,38084,105840,discotheque,
22052,38084,105840,clean_room,
22053,38084,105840,beauty_salon,
22054,38084,105840,hospital_room,
22055,38084,105864,dressing_room,
22056,38084,105864,discotheque,
22057,38084,105864,clean_room,
22058,38084,105864,beauty_salon,
22059,38084,105864,hospital_room,
22060,38084,105888,dressing_room,
22061,38084,105888,clean_room,
22062,38084,105888,bathroom,
22063,38084,105888,locker_room,
22064,38084,105888,shower,
22065,38084,105912,dressing_room,
22066,38084,105912,clean_room,
22067,38084,105912,bathroom,
22068,38084,105912,hospital_room,
22069,38084,105912,shower,
22070,38084,105936,dressing_room,
22071,38084,105936,clean_room,
22072,38084,105936,bathroom,
22073,38084,105936,locker_room,
22074,38084,105936,shower,
22075,38084,105960,dressing_room,
22076,38084,105960,clean_room,
22077,38084,105960,bathroom,
22078,38084,105960,shower,
22079,38084,105960,locker_room,
22080,38084,105984,dressing_room,
22081,38084,105984,clean_room,
22082,38084,105984,bathroom,
22083,38084,105984,locker_room,
22084,38084,105984,hospital_room,
22085,38084,106008,dressing_room,
22086,38084,106008,clean_room,
22087,38084,106008,bathroom,
22088,38084,106008,locker_room,
22089,38084,106008,shower,
22090,38084,106032,dressing_room,
22091,38084,106032,clean_room,
22092,38084,106032,bathroom,
22093,38084,106032,locker_room,
22094,38084,106032,shower,
22095,38084,106056,dressing_room,
22096,38084,106056,clean_room,
22097,38084,106056,bathroom,
22098,38084,106056,locker_room,
22099,38084,106056,shower,
22100,38084,106080,dressing_room,
22101,38084,106080,clean_room,
22102,38084,106080,bathroom,
22103,38084,106080,locker_room,
22104,38084,106080,chemistry_lab,
22105,38084,106104,dressing_room,
22106,38084,106104,clean_room,
22107,38084,106104,bathroom,
22108,38084,106104,locker_room,
22109,38084,106104,shower,
22110,38084,106128,dressing_room,
22111,38084,106128,clean_room,
22112,38084,106128,locker_room,
22113,38084,106128,bathroom,
22114,38084,106128,nursery,
22115,38084,106152,dressing_room,
22116,38084,106152,clean_room,
22117,38084,106152,locker_room,
22118,38084,106152,bathroom,
22119,38084,106152,shower,
22120,38084,106176,dressing_room,
22121,38084,106176,clean_room,
22122,38084,106176,locker_room,
22123,38084,106176,bathroom,
22124,38084,106176,shower,
22125,38084,106200,dressing_room,
22126,38084,106200,clean_room,
22127,38084,106200,locker_room,
22128,38084,106200,bathroom,
22129,38084,106200,shower,
22130,38084,106224,dressing_room,
22131,38084,106224,clean_room,
22132,38084,106224,locker_room,
22133,38084,106224,bathroom,
22134,38084,106224,shower,
22135,38084,106248,dressing_room,
22136,38084,106248,clean_room,
22137,38084,106248,locker_room,
22138,38084,106248,bathroom,
22139,38084,106248,shower,
22140,38084,106272,dressing_room,
22141,38084,106272,clean_room,
22142,38084,106272,bathroom,
22143,38084,106272,locker_room,
22144,38084,106272,shower,
22145,38084,106296,dressing_room,
22146,38084,106296,clean_room,
22147,38084,106296,locker_room,
22148,38084,106296,bathroom,
22149,38084,106296,shower,
22150,38084,106320,dressing_room,
22151,38084,106320,clean_room,
22152,38084,106320,bathroom,
22153,38084,106320,locker_room,
22154,38084,106320,shower,
22155,38084,106344,dressing_room,
22156,38084,106344,bathroom,
22157,38084,106344,clean_room,
22158,38084,106344,shower,
22159,38084,106344,locker_room,
22160,38084,106368,clean_room,
22161,38084,106368,dressing_room,
22162,38084,106368,beauty_salon,
22163,38084,106368,bathroom,
22164,38084,106368,hospital_room,
22165,38084,106392,clean_room,
22166,38084,106392,dressing_room,
22167,38084,106392,beauty_salon,
22168,38084,106392,operating_room,
22169,38084,106392,clothing_store,
22170,38084,106416,clean_room,
22171,38084,106416,dressing_room,
22172,38084,106416,clothing_store,
22173,38084,106416,beauty_salon,
22174,38084,106416,operating_room,
22175,38084,106440,clean_room,
22176,38084,106440,dressing_room,
22177,38084,106440,beauty_salon,
22178,38084,106440,clothing_store,
22179,38084,106440,jewelry_shop,
22180,38084,106464,dressing_room,
22181,38084,106464,clean_room,
22182,38084,106464,beauty_salon,
22183,38084,106464,clothing_store,
22184,38084,106464,bathroom,
22185,38084,106488,clean_room,
22186,38084,106488,dressing_room,
22187,38084,106488,beauty_salon,
22188,38084,106488,operating_room,
22189,38084,106488,hospital_room,
22190,38084,106512,clean_room,
22191,38084,106512,dressing_room,
22192,38084,106512,beauty_salon,
22193,38084,106512,operating_room,
22194,38084,106512,hospital_room,
22195,38084,106536,clean_room,
22196,38084,106536,dressing_room,
22197,38084,106536,beauty_salon,
22198,38084,106536,operating_room,
22199,38084,106536,hospital_room,
22200,38084,106560,clean_room,
22201,38084,106560,dressing_room,
22202,38084,106560,beauty_salon,
22203,38084,106560,operating_room,
22204,38084,106560,clothing_store,
22205,38084,106584,clean_room,
22206,38084,106584,dressing_room,
22207,38084,106584,beauty_salon,
22208,38084,106584,operating_room,
22209,38084,106584,hospital_room,
22210,38084,106608,clean_room,
22211,38084,106608,dressing_room,
22212,38084,106608,beauty_salon,
22213,38084,106608,clothing_store,
22214,38084,106608,operating_room,
22215,38084,106632,clean_room,
22216,38084,106632,dressing_room,
22217,38084,106632,beauty_salon,
22218,38084,106632,operating_room,
22219,38084,106632,hospital_room,
22220,38084,106656,clean_room,
22221,38084,106656,dressing_room,
22222,38084,106656,beauty_salon,
22223,38084,106656,operating_room,
22224,38084,106656,hospital_room,
22225,38084,106680,clean_room,
22226,38084,106680,dressing_room,
22227,38084,106680,operating_room,
22228,38084,106680,beauty_salon,
22229,38084,106680,hospital_room,
22230,38084,106704,dressing_room,
22231,38084,106704,clean_room,
22232,38084,106704,beauty_salon,
22233,38084,106704,clothing_store,
22234,38084,106704,hospital_room,
22235,38084,106728,clean_room,
22236,38084,106728,dressing_room,
22237,38084,106728,beauty_salon,
22238,38084,106728,clothing_store,
22239,38084,106728,operating_room,
22240,38084,106752,clean_room,
22241,38084,106752,dressing_room,
22242,38084,106752,beauty_salon,
22243,38084,106752,hospital_room,
22244,38084,106752,operating_room,
22245,38084,106776,clean_room,
22246,38084,106776,beauty_salon,
22247,38084,106776,dressing_room,
22248,38084,106776,operating_room,
22249,38084,106776,hospital_room,
22250,38084,106800,clean_room,
22251,38084,106800,dressing_room,
22252,38084,106800,beauty_salon,
22253,38084,106800,operating_room,
22254,38084,106800,chemistry_lab,
22255,38084,106824,clean_room,
22256,38084,106824,dressing_room,
22257,38084,106824,chemistry_lab,
22258,38084,106824,operating_room,
22259,38084,106824,beauty_salon,
22260,38084,106848,clean_room,
22261,38084,106848,dressing_room,
22262,38084,106848,chemistry_lab,
22263,38084,106848,operating_room,
22264,38084,106848,beauty_salon,
22265,38084,106872,clean_room,
22266,38084,106872,dressing_room,
22267,38084,106872,nursery,
22268,38084,106872,locker_room,
22269,38084,106872,operating_room,
22270,38084,106896,clean_room,
22271,38084,106896,dressing_room,
22272,38084,106896,operating_room,
22273,38084,106896,nursery,
22274,38084,106896,clothing_store,
22275,38084,106920,clean_room,
22276,38084,106920,dressing_room,
22277,38084,106920,locker_room,
22278,38084,106920,clothing_store,
22279,38084,106920,hospital_room,
22280,38084,106944,dressing_room,
22281,38084,106944,clean_room,
22282,38084,106944,locker_room,
22283,38084,106944,clothing_store,
22284,38084,106944,elevator/door,
22285,38084,106968,clean_room,
22286,38084,106968,dressing_room,
22287,38084,106968,chemistry_lab,
22288,38084,106968,biology_laboratory,
22289,38084,106968,clothing_store,
22290,38084,106992,dressing_room,
22291,38084,106992,clean_room,
22292,38084,106992,chemistry_lab,
22293,38084,106992,biology_laboratory,
22294,38084,106992,locker_room,
22295,38084,107016,clean_room,
22296,38084,107016,dressing_room,
22297,38084,107016,chemistry_lab,
22298,38084,107016,operating_room,
22299,38084,107016,biology_laboratory,
22300,38084,107040,clean_room,
22301,38084,107040,dressing_room,
22302,38084,107040,clothing_store,
22303,38084,107040,chemistry_lab,
22304,38084,107040,locker_room,
22305,38084,107064,clean_room,
22306,38084,107064,dressing_room,
22307,38084,107064,clothing_store,
22308,38084,107064,locker_room,
22309,38084,107064,chemistry_lab,
22310,38084,107088,clean_room,
22311,38084,107088,dressing_room,
22312,38084,107088,operating_room,
22313,38084,107088,clothing_store,
22314,38084,107088,chemistry_lab,
22315,38084,107112,clean_room,
22316,38084,107112,dressing_room,
22317,38084,107112,clothing_store,
22318,38084,107112,operating_room,
22319,38084,107112,chemistry_lab,
22320,38084,107136,clean_room,
22321,38084,107136,dressing_room,
22322,38084,107136,chemistry_lab,
22323,38084,107136,operating_room,
22324,38084,107136,locker_room,
22325,38084,107160,clean_room,
22326,38084,107160,dressing_room,
22327,38084,107160,chemistry_lab,
22328,38084,107160,locker_room,
22329,38084,107160,biology_laboratory,
22330,38084,107184,clean_room,
22331,38084,107184,dressing_room,
22332,38084,107184,chemistry_lab,
22333,38084,107184,biology_laboratory,
22334,38084,107184,operating_room,
22335,38084,107208,clean_room,
22336,38084,107208,dressing_room,
22337,38084,107208,chemistry_lab,
22338,38084,107208,operating_room,
22339,38084,107208,beauty_salon,
22340,38084,107232,clean_room,
22341,38084,107232,dressing_room,
22342,38084,107232,chemistry_lab,
22343,38084,107232,operating_room,
22344,38084,107232,biology_laboratory,
22345,38084,107256,clean_room,
22346,38084,107256,dressing_room,
22347,38084,107256,chemistry_lab,
22348,38084,107256,operating_room,
22349,38084,107256,biology_laboratory,
22350,38084,107280,clean_room,
22351,38084,107280,dressing_room,
22352,38084,107280,chemistry_lab,
22353,38084,107280,operating_room,
22354,38084,107280,hospital_room,
22355,38084,107304,clean_room,
22356,38084,107304,dressing_room,
22357,38084,107304,chemistry_lab,
22358,38084,107304,biology_laboratory,
22359,38084,107304,operating_room,
22360,38084,107328,clean_room,
22361,38084,107328,dressing_room,
22362,38084,107328,chemistry_lab,
22363,38084,107328,operating_room,
22364,38084,107328,hospital_room,
22365,38084,107352,clean_room,
22366,38084,107352,dressing_room,
22367,38084,107352,chemistry_lab,
22368,38084,107352,operating_room,
22369,38084,107352,locker_room,
22370,38084,107376,clean_room,
22371,38084,107376,dressing_room,
22372,38084,107376,chemistry_lab,
22373,38084,107376,operating_room,
22374,38084,107376,biology_laboratory,
22375,38084,107400,dressing_room,
22376,38084,107400,clean_room,
22377,38084,107400,chemistry_lab,
22378,38084,107400,biology_laboratory,
22379,38084,107400,beauty_salon,
22380,38084,107424,dressing_room,
22381,38084,107424,clean_room,
22382,38084,107424,shower,
22383,38084,107424,beauty_salon,
22384,38084,107424,chemistry_lab,
22385,38084,107448,dressing_room,
22386,38084,107448,clean_room,
22387,38084,107448,beauty_salon,
22388,38084,107448,shower,
22389,38084,107448,clothing_store,
22390,38084,107472,dressing_room,
22391,38084,107472,clean_room,
22392,38084,107472,clothing_store,
22393,38084,107472,locker_room,
22394,38084,107472,beauty_salon,
22395,38084,107496,dressing_room,
22396,38084,107496,clean_room,
22397,38084,107496,locker_room,
22398,38084,107496,hospital_room,
22399,38084,107496,clothing_store,
22400,38084,107520,clean_room,
22401,38084,107520,dressing_room,
22402,38084,107520,locker_room,
22403,38084,107520,chemistry_lab,
22404,38084,107520,stage/indoor,
22405,38084,107544,clean_room,
22406,38084,107544,dressing_room,
22407,38084,107544,music_studio,
22408,38084,107544,hospital_room,
22409,38084,107544,locker_room,
22410,38084,107568,dressing_room,
22411,38084,107568,clean_room,
22412,38084,107568,chemistry_lab,
22413,38084,107568,beauty_salon,
22414,38084,107568,hospital_room,
22415,38084,107592,dressing_room,
22416,38084,107592,clean_room,
22417,38084,107592,art_gallery,
22418,38084,107592,discotheque,
22419,38084,107592,clothing_store,
22420,38084,107616,nursery,
22421,38084,107616,clean_room,
22422,38084,107616,dressing_room,
22423,38084,107616,museum/indoor,
22424,38084,107616,childs_room,
22425,38084,107640,dressing_room,
22426,38084,107640,nursery,
22427,38084,107640,museum/indoor,
22428,38084,107640,clean_room,
22429,38084,107640,discotheque,
22430,38084,107664,nursery,
22431,38084,107664,clean_room,
22432,38084,107664,dressing_room,
22433,38084,107664,discotheque,
22434,38084,107664,chemistry_lab,
22435,38084,107688,dressing_room,
22436,38084,107688,clean_room,
22437,38084,107688,discotheque,
22438,38084,107688,nursery,
22439,38084,107688,music_studio,
22440,38084,107712,dining_hall,
22441,38084,107712,dining_room,
22442,38084,107712,banquet_hall,
22443,38084,107712,classroom,
22444,38084,107712,cafeteria,
22445,38084,107736,banquet_hall,
22446,38084,107736,dining_hall,
22447,38084,107736,dining_room,
22448,38084,107736,cafeteria,
22449,38084,107736,chemistry_lab,
22450,38084,107760,clean_room,
22451,38084,107760,music_studio,
22452,38084,107760,classroom,
22453,38084,107760,operating_room,
22454,38084,107760,lecture_room,
22455,38084,107784,clean_room,
22456,38084,107784,music_studio,
22457,38084,107784,operating_room,
22458,38084,107784,stage/indoor,
22459,38084,107784,banquet_hall,
22460,38084,107808,clean_room,
22461,38084,107808,stage/indoor,
22462,38084,107808,banquet_hall,
22463,38084,107808,museum/indoor,
22464,38084,107808,chemistry_lab,
22465,38084,107832,clean_room,
22466,38084,107832,dressing_room,
22467,38084,107832,banquet_hall,
22468,38084,107832,museum/indoor,
22469,38084,107832,stage/indoor,
22470,38084,107856,clean_room,
22471,38084,107856,stage/indoor,
22472,38084,107856,museum/indoor,
22473,38084,107856,dressing_room,
22474,38084,107856,music_studio,
22475,38084,107880,museum/indoor,
22476,38084,107880,dressing_room,
22477,38084,107880,clean_room,
22478,38084,107880,stage/indoor,
22479,38084,107880,art_gallery,
22480,38084,107904,museum/indoor,
22481,38084,107904,dressing_room,
22482,38084,107904,stage/indoor,
22483,38084,107904,clean_room,
22484,38084,107904,clothing_store,
22485,38084,107928,museum/indoor,
22486,38084,107928,dressing_room,
22487,38084,107928,clean_room,
22488,38084,107928,stage/indoor,
22489,38084,107928,clothing_store,
22490,38084,107952,dressing_room,
22491,38084,107952,museum/indoor,
22492,38084,107952,clean_room,
22493,38084,107952,clothing_store,
22494,38084,107952,art_gallery,
22495,38084,107976,dressing_room,
22496,38084,107976,clean_room,
22497,38084,107976,museum/indoor,
22498,38084,107976,clothing_store,
22499,38084,107976,discotheque,
22500,38084,108000,dressing_room,
22501,38084,108000,bathroom,
22502,38084,108000,hotel_room,
22503,38084,108000,beauty_salon,
22504,38084,108000,bedroom,
22505,38084,108024,dressing_room,
22506,38084,108024,bedroom,
22507,38084,108024,hotel_room,
22508,38084,108024,beauty_salon,
22509,38084,108024,clean_room,
22510,38084,108048,dressing_room,
22511,38084,108048,bedroom,
22512,38084,108048,hotel_room,
22513,38084,108048,clean_room,
22514,38084,108048,discotheque,
22515,38084,108072,dressing_room,
22516,38084,108072,clean_room,
22517,38084,108072,discotheque,
22518,38084,108072,chemistry_lab,
22519,38084,108072,ice_cream_parlor,
22520,38084,108096,dressing_room,
22521,38084,108096,clean_room,
22522,38084,108096,art_gallery,
22523,38084,108096,beauty_salon,
22524,38084,108096,clothing_store,
22525,38084,108120,dressing_room,
22526,38084,108120,clean_room,
22527,38084,108120,beauty_salon,
22528,38084,108120,chemistry_lab,
22529,38084,108120,clothing_store,
22530,38084,108144,museum/indoor,
22531,38084,108144,clean_room,
22532,38084,108144,physics_laboratory,
22533,38084,108144,chemistry_lab,
22534,38084,108144,stage/indoor,
22535,38084,108168,museum/indoor,
22536,38084,108168,clean_room,
22537,38084,108168,archive,
22538,38084,108168,physics_laboratory,
22539,38084,108168,dressing_room,
22540,38084,108192,clean_room,
22541,38084,108192,museum/indoor,
22542,38084,108192,chemistry_lab,
22543,38084,108192,physics_laboratory,
22544,38084,108192,archive,
22545,38084,108216,dressing_room,
22546,38084,108216,clean_room,
22547,38084,108216,beauty_salon,
22548,38084,108216,living_room,
22549,38084,108216,dining_room,
22550,38084,108240,dressing_room,
22551,38084,108240,clean_room,
22552,38084,108240,living_room,
22553,38084,108240,beauty_salon,
22554,38084,108240,dining_room,
22555,38084,108264,dressing_room,
22556,38084,108264,clean_room,
22557,38084,108264,living_room,
22558,38084,108264,dining_room,
22559,38084,108264,beauty_salon,
22560,38084,108288,dressing_room,
22561,38084,108288,clean_room,
22562,38084,108288,dining_room,
22563,38084,108288,dining_hall,
22564,38084,108288,living_room,
22565,38084,108312,dressing_room,
22566,38084,108312,clean_room,
22567,38084,108312,dining_room,
22568,38084,108312,living_room,
22569,38084,108312,beauty_salon,
22570,38084,108336,dressing_room,
22571,38084,108336,clean_room,
22572,38084,108336,dining_room,
22573,38084,108336,living_room,
22574,38084,108336,beauty_salon,
22575,38084,108360,museum/indoor,
22576,38084,108360,clean_room,
22577,38084,108360,physics_laboratory,
22578,38084,108360,chemistry_lab,
22579,38084,108360,archive,
22580,38084,108384,clean_room,
22581,38084,108384,museum/indoor,
22582,38084,108384,physics_laboratory,
22583,38084,108384,chemistry_lab,
22584,38084,108384,archive,
22585,38084,108408,clean_room,
22586,38084,108408,museum/indoor,
22587,38084,108408,physics_laboratory,
22588,38084,108408,chemistry_lab,
22589,38084,108408,archive,
22590,38084,108432,clean_room,
22591,38084,108432,museum/indoor,
22592,38084,108432,physics_laboratory,
22593,38084,108432,chemistry_lab,
22594,38084,108432,archive,
22595,38084,108456,museum/indoor,
22596,38084,108456,clean_room,
22597,38084,108456,physics_laboratory,
22598,38084,108456,chemistry_lab,
22599,38084,108456,archive,
22600,38084,108480,clean_room,
22601,38084,108480,dressing_room,
22602,38084,108480,dining_room,
22603,38084,108480,dining_hall,
22604,38084,108480,banquet_hall,
22605,38084,108504,dressing_room,
22606,38084,108504,clean_room,
22607,38084,108504,dining_room,
22608,38084,108504,dining_hall,
22609,38084,108504,living_room,
22610,38084,108528,clean_room,
22611,38084,108528,dressing_room,
22612,38084,108528,chemistry_lab,
22613,38084,108528,hospital_room,
22614,38084,108528,clothing_store,
22615,38084,108552,clean_room,
22616,38084,108552,dressing_room,
22617,38084,108552,chemistry_lab,
22618,38084,108552,biology_laboratory,
22619,38084,108552,hospital_room,
22620,38084,108576,dressing_room,
22621,38084,108576,clean_room,
22622,38084,108576,hospital_room,
22623,38084,108576,beauty_salon,
22624,38084,108576,bedroom,
22625,38084,108600,dressing_room,
22626,38084,108600,clean_room,
22627,38084,108600,beauty_salon,
22628,38084,108600,hospital_room,
22629,38084,108600,bedroom,
22630,38084,108624,dressing_room,
22631,38084,108624,clean_room,
22632,38084,108624,beauty_salon,
22633,38084,108624,hospital_room,
22634,38084,108624,chemistry_lab,
22635,38084,108648,dressing_room,
22636,38084,108648,clean_room,
22637,38084,108648,beauty_salon,
22638,38084,108648,shower,
22639,38084,108648,bathroom,
22640,38084,108672,dressing_room,
22641,38084,108672,music_studio,
22642,38084,108672,stage/indoor,
22643,38084,108672,clean_room,
22644,38084,108672,discotheque,
22645,38084,108696,dressing_room,
22646,38084,108696,chemistry_lab,
22647,38084,108696,clean_room,
22648,38084,108696,music_studio,
22649,38084,108696,stage/indoor,
22650,38084,108720,dressing_room,
22651,38084,108720,clean_room,
22652,38084,108720,chemistry_lab,
22653,38084,108720,museum/indoor,
22654,38084,108720,stage/indoor,
22655,38084,108744,dressing_room,
22656,38084,108744,discotheque,
22657,38084,108744,beauty_salon,
22658,38084,108744,music_studio,
22659,38084,108744,hospital_room,
22660,38084,108768,dressing_room,
22661,38084,108768,discotheque,
22662,38084,108768,beauty_salon,
22663,38084,108768,hospital_room,
22664,38084,108768,shower,
22665,38084,108792,dressing_room,
22666,38084,108792,chemistry_lab,
22667,38084,108792,clean_room,
22668,38084,108792,shower,
22669,38084,108792,discotheque,
22670,38084,108816,clean_room,
22671,38084,108816,dressing_room,
22672,38084,108816,locker_room,
22673,38084,108816,chemistry_lab,
22674,38084,108816,shower,
22675,38084,108840,dressing_room,
22676,38084,108840,discotheque,
22677,38084,108840,clean_room,
22678,38084,108840,stage/indoor,
22679,38084,108840,shower,
22680,38084,108864,discotheque,
22681,38084,108864,stage/indoor,
22682,38084,108864,museum/indoor,
22683,38084,108864,shower,
22684,38084,108864,clean_room,
22685,38084,108888,discotheque,
22686,38084,108888,stage/indoor,
22687,38084,108888,clean_room,
22688,38084,108888,aquarium,
22689,38084,108888,nursery,
22690,38084,108912,discotheque,
22691,38084,108912,stage/indoor,
22692,38084,108912,museum/indoor,
22693,38084,108912,aquarium,
22694,38084,108912,clean_room,
22695,38084,108936,discotheque,
22696,38084,108936,stage/indoor,
22697,38084,108936,music_studio,
22698,38084,108936,chemistry_lab,
22699,38084,108936,shower,
22700,38084,108960,discotheque,
22701,38084,108960,dressing_room,
22702,38084,108960,chemistry_lab,
22703,38084,108960,clean_room,
22704,38084,108960,shower,
22705,38084,108984,dressing_room,
22706,38084,108984,clean_room,
22707,38084,108984,discotheque,
22708,38084,108984,music_studio,
22709,38084,108984,locker_room,
22710,38084,109008,dressing_room,
22711,38084,109008,discotheque,
22712,38084,109008,beauty_salon,
22713,38084,109008,shower,
22714,38084,109008,hospital_room,
22715,38084,109032,dressing_room,
22716,38084,109032,discotheque,
22717,38084,109032,beauty_salon,
22718,38084,109032,shower,
22719,38084,109032,hospital_room,
22720,38084,109056,dressing_room,
22721,38084,109056,discotheque,
22722,38084,109056,beauty_salon,
22723,38084,109056,shower,
22724,38084,109056,hospital_room,
22725,38084,109080,dressing_room,
22726,38084,109080,discotheque,
22727,38084,109080,shower,
22728,38084,109080,beauty_salon,
22729,38084,109080,hospital_room,
22730,38084,109104,discotheque,
22731,38084,109104,dressing_room,
22732,38084,109104,shower,
22733,38084,109104,beauty_salon,
22734,38084,109104,hospital_room,
22735,38084,109128,dressing_room,
22736,38084,109128,clean_room,
22737,38084,109128,music_studio,
22738,38084,109128,locker_room,
22739,38084,109128,beauty_salon,
22740,38084,109152,dressing_room,
22741,38084,109152,clean_room,
22742,38084,109152,locker_room,
22743,38084,109152,music_studio,
22744,38084,109152,discotheque,
22745,38084,109176,discotheque,
22746,38084,109176,stage/indoor,
22747,38084,109176,chemistry_lab,
22748,38084,109176,dressing_room,
22749,38084,109176,music_studio,
22750,38084,109200,stage/indoor,
22751,38084,109200,tower,
22752,38084,109200,gift_shop,
22753,38084,109200,childs_room,
22754,38084,109200,museum/indoor,
22755,38084,109224,iceberg,
22756,38084,109224,florist_shop/indoor,
22757,38084,109224,botanical_garden,
22758,38084,109224,museum/indoor,
22759,38084,109224,aquarium,
22760,38084,109248,iceberg,
22761,38084,109248,aquarium,
22762,38084,109248,beauty_salon,
22763,38084,109248,florist_shop/indoor,
22764,38084,109248,ice_floe,
22765,38084,109272,clean_room,
22766,38084,109272,dressing_room,
22767,38084,109272,sauna,
22768,38084,109272,locker_room,
22769,38084,109272,elevator/door,
22770,38084,109296,dressing_room,
22771,38084,109296,clean_room,
22772,38084,109296,sauna,
22773,38084,109296,locker_room,
22774,38084,109296,elevator/door,
22775,38084,109320,dressing_room,
22776,38084,109320,clean_room,
22777,38084,109320,sauna,
22778,38084,109320,locker_room,
22779,38084,109320,shower,
22780,38084,109344,dressing_room,
22781,38084,109344,nursery,
22782,38084,109344,childs_room,
22783,38084,109344,bedroom,
22784,38084,109344,clean_room,
22785,38084,109368,dressing_room,
22786,38084,109368,nursery,
22787,38084,109368,clean_room,
22788,38084,109368,bedroom,
22789,38084,109368,jewelry_shop,
22790,38084,109392,dressing_room,
22791,38084,109392,clean_room,
22792,38084,109392,locker_room,
22793,38084,109392,bow_window/indoor,
22794,38084,109392,elevator/door,
22795,38084,109416,discotheque,
22796,38084,109416,chemistry_lab,
22797,38084,109416,shower,
22798,38084,109416,museum/indoor,
22799,38084,109416,swimming_pool/indoor,
22800,38084,109440,clean_room,
22801,38084,109440,shower,
22802,38084,109440,discotheque,
22803,38084,109440,science_museum,
22804,38084,109440,stage/indoor,
22805,38084,109464,chemistry_lab,
22806,38084,109464,clean_room,
22807,38084,109464,biology_laboratory,
22808,38084,109464,physics_laboratory,
22809,38084,109464,discotheque,
22810,38084,109488,clean_room,
22811,38084,109488,dressing_room,
22812,38084,109488,discotheque,
22813,38084,109488,stage/indoor,
22814,38084,109488,museum/indoor,
22815,38084,109512,clean_room,
22816,38084,109512,dressing_room,
22817,38084,109512,museum/indoor,
22818,38084,109512,discotheque,
22819,38084,109512,art_gallery,
22820,38084,109536,clean_room,
22821,38084,109536,dressing_room,
22822,38084,109536,operating_room,
22823,38084,109536,museum/indoor,
22824,38084,109536,beauty_salon,
22825,38084,109560,clean_room,
22826,38084,109560,dressing_room,
22827,38084,109560,operating_room,
22828,38084,109560,discotheque,
22829,38084,109560,museum/indoor,
22830,38084,109584,clean_room,
22831,38084,109584,dressing_room,
22832,38084,109584,operating_room,
22833,38084,109584,discotheque,
22834,38084,109584,museum/indoor,
22835,38084,109608,dressing_room,
22836,38084,109608,discotheque,
22837,38084,109608,stage/indoor,
22838,38084,109608,beauty_salon,
22839,38084,109608,ballroom,
22840,38084,109632,discotheque,
22841,38084,109632,dressing_room,
22842,38084,109632,stage/indoor,
22843,38084,109632,hospital_room,
22844,38084,109632,ballroom,
22845,38084,109656,dressing_room,
22846,38084,109656,discotheque,
22847,38084,109656,stage/indoor,
22848,38084,109656,clean_room,
22849,38084,109656,ballroom,
22850,38084,109680,discotheque,
22851,38084,109680,dressing_room,
22852,38084,109680,stage/indoor,
22853,38084,109680,hospital_room,
22854,38084,109680,ballroom,
22855,38084,109704,discotheque,
22856,38084,109704,dressing_room,
22857,38084,109704,stage/indoor,
22858,38084,109704,ballroom,
22859,38084,109704,hospital_room,
22860,38084,109728,clean_room,
22861,38084,109728,dressing_room,
22862,38084,109728,nursing_home,
22863,38084,109728,operating_room,
22864,38084,109728,museum/indoor,
22865,38084,109752,clean_room,
22866,38084,109752,dressing_room,
22867,38084,109752,operating_room,
22868,38084,109752,nursing_home,
22869,38084,109752,museum/indoor,
22870,38084,109776,clean_room,
22871,38084,109776,dressing_room,
22872,38084,109776,operating_room,
22873,38084,109776,nursing_home,
22874,38084,109776,hospital_room,
22875,38084,109800,dressing_room,
22876,38084,109800,clean_room,
22877,38084,109800,discotheque,
22878,38084,109800,ballroom,
22879,38084,109800,museum/indoor,
22880,38084,109824,clean_room,
22881,38084,109824,dressing_room,
22882,38084,109824,museum/indoor,
22883,38084,109824,art_gallery,
22884,38084,109824,discotheque,
22885,38084,109848,clean_room,
22886,38084,109848,dressing_room,
22887,38084,109848,museum/indoor,
22888,38084,109848,art_gallery,
22889,38084,109848,discotheque,
22890,38084,109872,clean_room,
22891,38084,109872,museum/indoor,
22892,38084,109872,dressing_room,
22893,38084,109872,art_gallery,
22894,38084,109872,science_museum,
22895,38084,109896,clean_room,
22896,38084,109896,dressing_room,
22897,38084,109896,museum/indoor,
22898,38084,109896,clothing_store,
22899,38084,109896,discotheque,
22900,38084,109920,clean_room,
22901,38084,109920,discotheque,
22902,38084,109920,dressing_room,
22903,38084,109920,stage/indoor,
22904,38084,109920,music_studio,
22905,38084,109944,clean_room,
22906,38084,109944,dressing_room,
22907,38084,109944,operating_room,
22908,38084,109944,clothing_store,
22909,38084,109944,museum/indoor,
22910,38084,109968,dressing_room,
22911,38084,109968,locker_room,
22912,38084,109968,clean_room,
22913,38084,109968,martial_arts_gym,
22914,38084,109968,discotheque,
22915,38084,109992,dressing_room,
22916,38084,109992,locker_room,
22917,38084,109992,discotheque,
22918,38084,109992,clean_room,
22919,38084,109992,martial_arts_gym,
22920,38084,110016,dressing_room,
22921,38084,110016,locker_room,
22922,38084,110016,clean_room,
22923,38084,110016,discotheque,
22924,38084,110016,martial_arts_gym,
22925,38084,110040,dressing_room,
22926,38084,110040,discotheque,
22927,38084,110040,clean_room,
22928,38084,110040,boxing_ring,
22929,38084,110040,stage/indoor,
22930,38084,110064,clean_room,
22931,38084,110064,dressing_room,
22932,38084,110064,discotheque,
22933,38084,110064,locker_room,
22934,38084,110064,museum/indoor,
22935,38084,110088,clean_room,
22936,38084,110088,dressing_room,
22937,38084,110088,chemistry_lab,
22938,38084,110088,clothing_store,
22939,38084,110088,locker_room,
22940,38084,110112,clean_room,
22941,38084,110112,dressing_room,
22942,38084,110112,chemistry_lab,
22943,38084,110112,discotheque,
22944,38084,110112,biology_laboratory,
22945,38084,110136,clean_room,
22946,38084,110136,dressing_room,
22947,38084,110136,discotheque,
22948,38084,110136,operating_room,
22949,38084,110136,hospital_room,
22950,38084,110160,clean_room,
22951,38084,110160,dressing_room,
22952,38084,110160,operating_room,
22953,38084,110160,hospital_room,
22954,38084,110160,chemistry_lab,
22955,38084,110184,clean_room,
22956,38084,110184,dressing_room,
22957,38084,110184,operating_room,
22958,38084,110184,hospital_room,
22959,38084,110184,chemistry_lab,
22960,38084,110208,clean_room,
22961,38084,110208,operating_room,
22962,38084,110208,chemistry_lab,
22963,38084,110208,discotheque,
22964,38084,110208,biology_laboratory,
22965,38084,110232,clean_room,
22966,38084,110232,chemistry_lab,
22967,38084,110232,operating_room,
22968,38084,110232,discotheque,
22969,38084,110232,dressing_room,
22970,38084,110256,clean_room,
22971,38084,110256,dressing_room,
22972,38084,110256,operating_room,
22973,38084,110256,chemistry_lab,
22974,38084,110256,biology_laboratory,
22975,38084,110280,clean_room,
22976,38084,110280,operating_room,
22977,38084,110280,chemistry_lab,
22978,38084,110280,biology_laboratory,
22979,38084,110280,hospital_room,
22980,38084,110304,clean_room,
22981,38084,110304,dressing_room,
22982,38084,110304,chemistry_lab,
22983,38084,110304,discotheque,
22984,38084,110304,biology_laboratory,
22985,38084,110328,discotheque,
22986,38084,110328,dressing_room,
22987,38084,110328,stage/indoor,
22988,38084,110328,music_studio,
22989,38084,110328,ballroom,
22990,38084,110352,dressing_room,
22991,38084,110352,discotheque,
22992,38084,110352,stage/indoor,
22993,38084,110352,music_studio,
22994,38084,110352,ballroom,
22995,38084,110376,discotheque,
22996,38084,110376,dressing_room,
22997,38084,110376,stage/indoor,
22998,38084,110376,music_studio,
22999,38084,110376,ballroom,
23000,38084,110400,clean_room,
23001,38084,110400,dressing_room,
23002,38084,110400,locker_room,
23003,38084,110400,discotheque,
23004,38084,110400,archive,
23005,38084,110424,clean_room,
23006,38084,110424,dressing_room,
23007,38084,110424,locker_room,
23008,38084,110424,archive,
23009,38084,110424,discotheque,
23010,38084,110448,clean_room,
23011,38084,110448,dressing_room,
23012,38084,110448,discotheque,
23013,38084,110448,locker_room,
23014,38084,110448,chemistry_lab,
23015,38084,110472,clean_room,
23016,38084,110472,dressing_room,
23017,38084,110472,chemistry_lab,
23018,38084,110472,discotheque,
23019,38084,110472,biology_laboratory,
23020,38084,110496,clean_room,
23021,38084,110496,dressing_room,
23022,38084,110496,chemistry_lab,
23023,38084,110496,biology_laboratory,
23024,38084,110496,physics_laboratory,
23025,38084,110520,clean_room,
23026,38084,110520,dressing_room,
23027,38084,110520,chemistry_lab,
23028,38084,110520,operating_room,
23029,38084,110520,biology_laboratory,
23030,38084,110544,clean_room,
23031,38084,110544,operating_room,
23032,38084,110544,chemistry_lab,
23033,38084,110544,biology_laboratory,
23034,38084,110544,hospital_room,
23035,38084,110568,clean_room,
23036,38084,110568,dressing_room,
23037,38084,110568,chemistry_lab,
23038,38084,110568,operating_room,
23039,38084,110568,hospital_room,
23040,38084,110592,clean_room,
23041,38084,110592,discotheque,
23042,38084,110592,stage/indoor,
23043,38084,110592,dressing_room,
23044,38084,110592,museum/indoor,
23045,38084,110616,clean_room,
23046,38084,110616,dressing_room,
23047,38084,110616,discotheque,
23048,38084,110616,chemistry_lab,
23049,38084,110616,operating_room,
23050,38084,110640,clean_room,
23051,38084,110640,dressing_room,
23052,38084,110640,discotheque,
23053,38084,110640,chemistry_lab,
23054,38084,110640,locker_room,
23055,38084,110664,discotheque,
23056,38084,110664,stage/indoor,
23057,38084,110664,dressing_room,
23058,38084,110664,nursery,
23059,38084,110664,music_studio,
23060,38084,110688,discotheque,
23061,38084,110688,dressing_room,
23062,38084,110688,stage/indoor,
23063,38084,110688,music_studio,
23064,38084,110688,nursery,
23065,38084,110712,discotheque,
23066,38084,110712,stage/indoor,
23067,38084,110712,dressing_room,
23068,38084,110712,clean_room,
23069,38084,110712,chemistry_lab,
23070,38084,110736,discotheque,
23071,38084,110736,dressing_room,
23072,38084,110736,stage/indoor,
23073,38084,110736,clean_room,
23074,38084,110736,nursery,
23075,38084,110760,clean_room,
23076,38084,110760,dressing_room,
23077,38084,110760,chemistry_lab,
23078,38084,110760,discotheque,
23079,38084,110760,operating_room,
23080,38084,110784,clean_room,
23081,38084,110784,operating_room,
23082,38084,110784,dressing_room,
23083,38084,110784,chemistry_lab,
23084,38084,110784,hospital_room,
23085,38084,110808,clean_room,
23086,38084,110808,operating_room,
23087,38084,110808,dressing_room,
23088,38084,110808,chemistry_lab,
23089,38084,110808,hospital_room,
23090,38084,110832,clean_room,
23091,38084,110832,dressing_room,
23092,38084,110832,chemistry_lab,
23093,38084,110832,operating_room,
23094,38084,110832,hospital_room,
23095,38084,110856,clean_room,
23096,38084,110856,operating_room,
23097,38084,110856,dressing_room,
23098,38084,110856,chemistry_lab,
23099,38084,110856,biology_laboratory,
23100,38084,110880,clean_room,
23101,38084,110880,discotheque,
23102,38084,110880,chemistry_lab,
23103,38084,110880,dressing_room,
23104,38084,110880,operating_room,
23105,38084,110904,clean_room,
23106,38084,110904,operating_room,
23107,38084,110904,discotheque,
23108,38084,110904,chemistry_lab,
23109,38084,110904,dressing_room,
23110,38084,110928,clean_room,
23111,38084,110928,operating_room,
23112,38084,110928,discotheque,
23113,38084,110928,chemistry_lab,
23114,38084,110928,music_studio,
23115,38084,110952,dressing_room,
23116,38084,110952,discotheque,
23117,38084,110952,stage/indoor,
23118,38084,110952,ballroom,
23119,38084,110952,shower,
23120,38084,110976,dressing_room,
23121,38084,110976,discotheque,
23122,38084,110976,stage/indoor,
23123,38084,110976,music_studio,
23124,38084,110976,shower,
23125,38084,111000,dressing_room,
23126,38084,111000,discotheque,
23127,38084,111000,stage/indoor,
23128,38084,111000,ballroom,
23129,38084,111000,chemistry_lab,
23130,38084,111024,discotheque,
23131,38084,111024,stage/indoor,
23132,38084,111024,dressing_room,
23133,38084,111024,clean_room,
23134,38084,111024,chemistry_lab,
23135,38084,111048,discotheque,
23136,38084,111048,dressing_room,
23137,38084,111048,stage/indoor,
23138,38084,111048,music_studio,
23139,38084,111048,nursery,
23140,38084,111072,discotheque,
23141,38084,111072,dressing_room,
23142,38084,111072,stage/indoor,
23143,38084,111072,ballroom,
23144,38084,111072,music_studio,
23145,38084,111096,clean_room,
23146,38084,111096,dressing_room,
23147,38084,111096,locker_room,
23148,38084,111096,chemistry_lab,
23149,38084,111096,operating_room,
23150,38084,111120,clean_room,
23151,38084,111120,dressing_room,
23152,38084,111120,locker_room,
23153,38084,111120,operating_room,
23154,38084,111120,clothing_store,
23155,38084,111144,clean_room,
23156,38084,111144,dressing_room,
23157,38084,111144,locker_room,
23158,38084,111144,operating_room,
23159,38084,111144,chemistry_lab,
23160,38084,111168,clean_room,
23161,38084,111168,dressing_room,
23162,38084,111168,chemistry_lab,
23163,38084,111168,operating_room,
23164,38084,111168,locker_room,
23165,38084,111192,clean_room,
23166,38084,111192,dressing_room,
23167,38084,111192,chemistry_lab,
23168,38084,111192,operating_room,
23169,38084,111192,biology_laboratory,
23170,38084,111216,clean_room,
23171,38084,111216,dressing_room,
23172,38084,111216,chemistry_lab,
23173,38084,111216,operating_room,
23174,38084,111216,hospital_room,
23175,38084,111240,clean_room,
23176,38084,111240,dressing_room,
23177,38084,111240,locker_room,
23178,38084,111240,operating_room,
23179,38084,111240,chemistry_lab,
23180,38084,111264,clean_room,
23181,38084,111264,dressing_room,
23182,38084,111264,chemistry_lab,
23183,38084,111264,operating_room,
23184,38084,111264,discotheque,
23185,38084,111288,clean_room,
23186,38084,111288,discotheque,
23187,38084,111288,stage/indoor,
23188,38084,111288,dressing_room,
23189,38084,111288,music_studio,
23190,38084,111312,clean_room,
23191,38084,111312,discotheque,
23192,38084,111312,dressing_room,
23193,38084,111312,stage/indoor,
23194,38084,111312,chemistry_lab,
23195,38084,111336,clean_room,
23196,38084,111336,operating_room,
23197,38084,111336,dressing_room,
23198,38084,111336,chemistry_lab,
23199,38084,111336,hospital_room,
23200,38084,111360,clean_room,
23201,38084,111360,dressing_room,
23202,38084,111360,operating_room,
23203,38084,111360,chemistry_lab,
23204,38084,111360,discotheque,
23205,38084,111384,clean_room,
23206,38084,111384,dressing_room,
23207,38084,111384,discotheque,
23208,38084,111384,chemistry_lab,
23209,38084,111384,operating_room,
23210,38084,111408,clean_room,
23211,38084,111408,museum/indoor,
23212,38084,111408,chemistry_lab,
23213,38084,111408,science_museum,
23214,38084,111408,clothing_store,
23215,38084,111432,dressing_room,
23216,38084,111432,nursery,
23217,38084,111432,banquet_hall,
23218,38084,111432,clean_room,
23219,38084,111432,dining_room,
23220,38084,111456,dressing_room,
23221,38084,111456,clean_room,
23222,38084,111456,banquet_hall,
23223,38084,111456,chemistry_lab,
23224,38084,111456,museum/indoor,
23225,38084,111480,clean_room,
23226,38084,111480,dressing_room,
23227,38084,111480,museum/indoor,
23228,38084,111480,science_museum,
23229,38084,111480,art_gallery,
23230,38084,111504,clean_room,
23231,38084,111504,dressing_room,
23232,38084,111504,museum/indoor,
23233,38084,111504,clothing_store,
23234,38084,111504,archive,
23235,38084,111528,clean_room,
23236,38084,111528,museum/indoor,
23237,38084,111528,dressing_room,
23238,38084,111528,science_museum,
23239,38084,111528,natural_history_museum,
23240,38084,111552,clean_room,
23241,38084,111552,museum/indoor,
23242,38084,111552,dressing_room,
23243,38084,111552,archive,
23244,38084,111552,science_museum,
23245,38084,111576,clean_room,
23246,38084,111576,museum/indoor,
23247,38084,111576,dressing_room,
23248,38084,111576,archive,
23249,38084,111576,clothing_store,
23250,38084,111600,clean_room,
23251,38084,111600,museum/indoor,
23252,38084,111600,archive,
23253,38084,111600,dressing_room,
23254,38084,111600,physics_laboratory,
23255,38084,111624,dressing_room,
23256,38084,111624,archive,
23257,38084,111624,museum/indoor,
23258,38084,111624,banquet_hall,
23259,38084,111624,jewelry_shop,
23260,38084,111648,chemistry_lab,
23261,38084,111648,shower,
23262,38084,111648,clean_room,
23263,38084,111648,bathroom,
23264,38084,111648,archive,
23265,38084,111672,nursery,
23266,38084,111672,bedchamber,
23267,38084,111672,dressing_room,
23268,38084,111672,bedroom,
23269,38084,111672,hotel_room,
23270,38084,111696,clean_room,
23271,38084,111696,dressing_room,
23272,38084,111696,nursery,
23273,38084,111696,bedchamber,
23274,38084,111696,hospital_room,
23275,38084,111720,dressing_room,
23276,38084,111720,clean_room,
23277,38084,111720,beauty_salon,
23278,38084,111720,clothing_store,
23279,38084,111720,locker_room,
23280,38084,111744,dressing_room,
23281,38084,111744,clean_room,
23282,38084,111744,beauty_salon,
23283,38084,111744,nursery,
23284,38084,111744,clothing_store,
23285,38084,111768,dressing_room,
23286,38084,111768,clean_room,
23287,38084,111768,beauty_salon,
23288,38084,111768,hospital_room,
23289,38084,111768,operating_room,
23290,38084,111792,dressing_room,
23291,38084,111792,clean_room,
23292,38084,111792,discotheque,
23293,38084,111792,clothing_store,
23294,38084,111792,bathroom,
23295,38084,111816,dressing_room,
23296,38084,111816,clean_room,
23297,38084,111816,clothing_store,
23298,38084,111816,museum/indoor,
23299,38084,111816,ballroom,
23300,38084,111840,dressing_room,
23301,38084,111840,clean_room,
23302,38084,111840,clothing_store,
23303,38084,111840,museum/indoor,
23304,38084,111840,ballroom,
23305,38084,111864,dressing_room,
23306,38084,111864,clean_room,
23307,38084,111864,clothing_store,
23308,38084,111864,museum/indoor,
23309,38084,111864,ballroom,
23310,38084,111888,dressing_room,
23311,38084,111888,clean_room,
23312,38084,111888,clothing_store,
23313,38084,111888,ballroom,
23314,38084,111888,beauty_salon,
23315,38084,111912,dressing_room,
23316,38084,111912,clean_room,
23317,38084,111912,ballroom,
23318,38084,111912,stage/indoor,
23319,38084,111912,clothing_store,
23320,38084,111936,dressing_room,
23321,38084,111936,shower,
23322,38084,111936,bathroom,
23323,38084,111936,ballroom,
23324,38084,111936,clothing_store,
23325,38084,111960,dressing_room,
23326,38084,111960,nursery,
23327,38084,111960,clean_room,
23328,38084,111960,bathroom,
23329,38084,111960,clothing_store,
23330,38084,111984,dressing_room,
23331,38084,111984,clean_room,
23332,38084,111984,shower,
23333,38084,111984,bathroom,
23334,38084,111984,museum/indoor,
23335,38084,112008,dressing_room,
23336,38084,112008,locker_room,
23337,38084,112008,clean_room,
23338,38084,112008,closet,
23339,38084,112008,shower,
23340,38084,112032,clean_room,
23341,38084,112032,dressing_room,
23342,38084,112032,operating_room,
23343,38084,112032,beauty_salon,
23344,38084,112032,locker_room,
23345,38084,112056,clean_room,
23346,38084,112056,dressing_room,
23347,38084,112056,locker_room,
23348,38084,112056,sauna,
23349,38084,112056,museum/indoor,
23350,38084,112080,dressing_room,
23351,38084,112080,clean_room,
23352,38084,112080,operating_room,
23353,38084,112080,beauty_salon,
23354,38084,112080,shower,
23355,38084,112104,clean_room,
23356,38084,112104,dressing_room,
23357,38084,112104,operating_room,
23358,38084,112104,hospital_room,
23359,38084,112104,beauty_salon,
23360,38084,112128,clean_room,
23361,38084,112128,dressing_room,
23362,38084,112128,operating_room,
23363,38084,112128,clothing_store,
23364,38084,112128,beauty_salon,
23365,38084,112152,clean_room,
23366,38084,112152,dressing_room,
23367,38084,112152,operating_room,
23368,38084,112152,beauty_salon,
23369,38084,112152,museum/indoor,
23370,38084,112176,clean_room,
23371,38084,112176,dressing_room,
23372,38084,112176,museum/indoor,
23373,38084,112176,operating_room,
23374,38084,112176,locker_room,
23375,38084,112200,clean_room,
23376,38084,112200,operating_room,
23377,38084,112200,dressing_room,
23378,38084,112200,museum/indoor,
23379,38084,112200,shower,
23380,38084,112224,clean_room,
23381,38084,112224,museum/indoor,
23382,38084,112224,shower,
23383,38084,112224,jewelry_shop,
23384,38084,112224,clothing_store,
23385,38084,112248,clean_room,
23386,38084,112248,museum/indoor,
23387,38084,112248,clothing_store,
23388,38084,112248,shower,
23389,38084,112248,jewelry_shop,
23390,38084,112272,clean_room,
23391,38084,112272,museum/indoor,
23392,38084,112272,shower,
23393,38084,112272,jewelry_shop,
23394,38084,112272,clothing_store,
23395,38084,112296,clean_room,
23396,38084,112296,museum/indoor,
23397,38084,112296,clothing_store,
23398,38084,112296,operating_room,
23399,38084,112296,jewelry_shop,
23400,38084,112320,clean_room,
23401,38084,112320,museum/indoor,
23402,38084,112320,shower,
23403,38084,112320,clothing_store,
23404,38084,112320,operating_room,
23405,38084,112344,clean_room,
23406,38084,112344,dressing_room,
23407,38084,112344,clothing_store,
23408,38084,112344,beauty_salon,
23409,38084,112344,jewelry_shop,
23410,38084,112368,clean_room,
23411,38084,112368,clothing_store,
23412,38084,112368,dressing_room,
23413,38084,112368,jewelry_shop,
23414,38084,112368,shower,
23415,38084,112392,clean_room,
23416,38084,112392,dressing_room,
23417,38084,112392,clothing_store,
23418,38084,112392,operating_room,
23419,38084,112392,shower,
23420,38084,112416,clean_room,
23421,38084,112416,dressing_room,
23422,38084,112416,clothing_store,
23423,38084,112416,operating_room,
23424,38084,112416,nursery,
23425,38084,112440,clean_room,
23426,38084,112440,dressing_room,
23427,38084,112440,clothing_store,
23428,38084,112440,beauty_salon,
23429,38084,112440,shower,
23430,38084,112464,clean_room,
23431,38084,112464,dressing_room,
23432,38084,112464,clothing_store,
23433,38084,112464,operating_room,
23434,38084,112464,shower,
23435,38084,112488,clean_room,
23436,38084,112488,dressing_room,
23437,38084,112488,museum/indoor,
23438,38084,112488,art_gallery,
23439,38084,112488,natural_history_museum,
23440,38084,112512,clean_room,
23441,38084,112512,museum/indoor,
23442,38084,112512,dressing_room,
23443,38084,112512,art_gallery,
23444,38084,112512,operating_room,
23445,38084,112536,clean_room,
23446,38084,112536,museum/indoor,
23447,38084,112536,dressing_room,
23448,38084,112536,art_gallery,
23449,38084,112536,natural_history_museum,
23450,38084,112560,clean_room,
23451,38084,112560,dressing_room,
23452,38084,112560,museum/indoor,
23453,38084,112560,shower,
23454,38084,112560,natural_history_museum,
23455,38084,112584,clean_room,
23456,38084,112584,dressing_room,
23457,38084,112584,museum/indoor,
23458,38084,112584,shower,
23459,38084,112584,clothing_store,
23460,38084,112608,clean_room,
23461,38084,112608,dressing_room,
23462,38084,112608,museum/indoor,
23463,38084,112608,clothing_store,
23464,38084,112608,art_gallery,
23465,38084,112632,clean_room,
23466,38084,112632,dressing_room,
23467,38084,112632,beauty_salon,
23468,38084,112632,shower,
23469,38084,112632,operating_room,
23470,38084,112656,clean_room,
23471,38084,112656,dressing_room,
23472,38084,112656,museum/indoor,
23473,38084,112656,art_gallery,
23474,38084,112656,beauty_salon,
23475,38084,112680,dressing_room,
23476,38084,112680,clean_room,
23477,38084,112680,museum/indoor,
23478,38084,112680,art_gallery,
23479,38084,112680,beauty_salon,
23480,38084,112704,clean_room,
23481,38084,112704,museum/indoor,
23482,38084,112704,dressing_room,
23483,38084,112704,art_gallery,
23484,38084,112704,natural_history_museum,
23485,38084,112728,clean_room,
23486,38084,112728,museum/indoor,
23487,38084,112728,dressing_room,
23488,38084,112728,art_gallery,
23489,38084,112728,natural_history_museum,
23490,38084,112752,museum/indoor,
23491,38084,112752,clean_room,
23492,38084,112752,dressing_room,
23493,38084,112752,archive,
23494,38084,112752,natural_history_museum,
23495,38084,112776,dressing_room,
23496,38084,112776,discotheque,
23497,38084,112776,shower,
23498,38084,112776,beauty_salon,
23499,38084,112776,bathroom,
23500,38084,112800,dressing_room,
23501,38084,112800,shower,
23502,38084,112800,beauty_salon,
23503,38084,112800,discotheque,
23504,38084,112800,clean_room,
23505,38084,112824,dressing_room,
23506,38084,112824,shower,
23507,38084,112824,discotheque,
23508,38084,112824,beauty_salon,
23509,38084,112824,clean_room,
23510,38084,112848,dressing_room,
23511,38084,112848,shower,
23512,38084,112848,clean_room,
23513,38084,112848,discotheque,
23514,38084,112848,beauty_salon,
23515,38084,112872,dressing_room,
23516,38084,112872,shower,
23517,38084,112872,discotheque,
23518,38084,112872,stage/indoor,
23519,38084,112872,beauty_salon,
23520,38084,112896,skyscraper,
23521,38084,112896,tower,
23522,38084,112896,office_building,
23523,38084,112896,shower,
23524,38084,112896,hospital,
23525,38084,112920,locker_room,
23526,38084,112920,archive,
23527,38084,112920,server_room,
23528,38084,112920,basement,
23529,38084,112920,classroom,
23530,38084,112944,basement,
23531,38084,112944,archive,
23532,38084,112944,music_studio,
23533,38084,112944,clean_room,
23534,38084,112944,museum/indoor,
23535,38084,112968,living_room,
23536,38084,112968,entrance_hall,
23537,38084,112968,artists_loft,
23538,38084,112968,museum/indoor,
23539,38084,112968,music_studio,
23540,38084,112992,museum/indoor,
23541,38084,112992,dressing_room,
23542,38084,112992,jewelry_shop,
23543,38084,112992,lobby,
23544,38084,112992,clothing_store,
23545,38084,113016,museum/indoor,
23546,38084,113016,dressing_room,
23547,38084,113016,living_room,
23548,38084,113016,music_studio,
23549,38084,113016,artists_loft,
23550,38084,113040,dressing_room,
23551,38084,113040,living_room,
23552,38084,113040,nursery,
23553,38084,113040,music_studio,
23554,38084,113040,museum/indoor,
23555,38084,113064,museum/indoor,
23556,38084,113064,dressing_room,
23557,38084,113064,stage/indoor,
23558,38084,113064,music_studio,
23559,38084,113064,ballroom,
23560,38084,113088,archive,
23561,38084,113088,clean_room,
23562,38084,113088,museum/indoor,
23563,38084,113088,dressing_room,
23564,38084,113088,jewelry_shop,
23565,38084,113112,lobby,
23566,38084,113112,living_room,
23567,38084,113112,museum/indoor,
23568,38084,113112,entrance_hall,
23569,38084,113112,library/indoor,
23570,38084,113136,museum/indoor,
23571,38084,113136,dressing_room,
23572,38084,113136,clean_room,
23573,38084,113136,living_room,
23574,38084,113136,conference_room,
23575,38084,113160,living_room,
23576,38084,113160,museum/indoor,
23577,38084,113160,dressing_room,
23578,38084,113160,lobby,
23579,38084,113160,artists_loft,
23580,38084,113184,artists_loft,
23581,38084,113184,dressing_room,
23582,38084,113184,art_studio,
23583,38084,113184,jewelry_shop,
23584,38084,113184,beauty_salon,
23585,38084,113208,dressing_room,
23586,38084,113208,beauty_salon,
23587,38084,113208,shower,
23588,38084,113208,ice_cream_parlor,
23589,38084,113208,bathroom,
23590,38084,113232,dressing_room,
23591,38084,113232,clean_room,
23592,38084,113232,chemistry_lab,
23593,38084,113232,beauty_salon,
23594,38084,113232,discotheque,
23595,38084,113256,dressing_room,
23596,38084,113256,discotheque,
23597,38084,113256,shower,
23598,38084,113256,childs_room,
23599,38084,113256,jewelry_shop,
23600,38084,113280,dressing_room,
23601,38084,113280,discotheque,
23602,38084,113280,shower,
23603,38084,113280,beauty_salon,
23604,38084,113280,clean_room,
23605,38084,113304,dressing_room,
23606,38084,113304,discotheque,
23607,38084,113304,shower,
23608,38084,113304,beauty_salon,
23609,38084,113304,ice_cream_parlor,
23610,38084,113328,dressing_room,
23611,38084,113328,clean_room,
23612,38084,113328,shower,
23613,38084,113328,discotheque,
23614,38084,113328,beauty_salon,
23615,38084,113352,dressing_room,
23616,38084,113352,discotheque,
23617,38084,113352,shower,
23618,38084,113352,wheat_field,
23619,38084,113352,corn_field,
23620,38084,113376,dressing_room,
23621,38084,113376,discotheque,
23622,38084,113376,shower,
23623,38084,113376,jewelry_shop,
23624,38084,113376,bathroom,
23625,38084,113400,dressing_room,
23626,38084,113400,discotheque,
23627,38084,113400,shower,
23628,38084,113400,wheat_field,
23629,38084,113400,corn_field,
23630,38084,113424,ice_shelf,
23631,38084,113424,jewelry_shop,
23632,38084,113424,dressing_room,
23633,38084,113424,ice_floe,
23634,38084,113424,iceberg,
23635,38084,113448,dressing_room,
23636,38084,113448,discotheque,
23637,38084,113448,ice_shelf,
23638,38084,113448,shower,
23639,38084,113448,iceberg,
23640,38084,113472,dressing_room,
23641,38084,113472,discotheque,
23642,38084,113472,beauty_salon,
23643,38084,113472,shower,
23644,38084,113472,ice_cream_parlor,
23645,38084,113496,shower,
23646,38084,113496,closet,
23647,38084,113496,elevator/door,
23648,38084,113496,doorway/outdoor,
23649,38084,113496,bow_window/indoor,
23650,38084,113520,museum/indoor,
23651,38084,113520,shower,
23652,38084,113520,clean_room,
23653,38084,113520,art_gallery,
23654,38084,113520,dressing_room,
23655,38084,113544,shower,
23656,38084,113544,clean_room,
23657,38084,113544,dressing_room,
23658,38084,113544,museum/indoor,
23659,38084,113544,natural_history_museum,
23660,38084,113568,dressing_room,
23661,38084,113568,discotheque,
23662,38084,113568,beauty_salon,
23663,38084,113568,music_studio,
23664,38084,113568,television_studio,
23665,38084,113592,dressing_room,
23666,38084,113592,office,
23667,38084,113592,locker_room,
23668,38084,113592,clean_room,
23669,38084,113592,beauty_salon,
23670,38084,113616,dressing_room,
23671,38084,113616,beauty_salon,
23672,38084,113616,locker_room,
23673,38084,113616,office,
23674,38084,113616,bathroom,
23675,38084,113640,archive,
23676,38084,113640,museum/indoor,
23677,38084,113640,shower,
23678,38084,113640,schoolhouse,
23679,38084,113640,clean_room,
23680,38084,113664,dressing_room,
23681,38084,113664,beauty_salon,
23682,38084,113664,office,
23683,38084,113664,discotheque,
23684,38084,113664,bathroom,
23685,38084,113688,dressing_room,
23686,38084,113688,office,
23687,38084,113688,beauty_salon,
23688,38084,113688,locker_room,
23689,38084,113688,discotheque,
23690,38084,113712,dressing_room,
23691,38084,113712,locker_room,
23692,38084,113712,art_gallery,
23693,38084,113712,office,
23694,38084,113712,clean_room,
23695,38084,113736,dressing_room,
23696,38084,113736,beauty_salon,
23697,38084,113736,office,
23698,38084,113736,clean_room,
23699,38084,113736,bathroom,
23700,38084,113760,dining_room,
23701,38084,113760,archive,
23702,38084,113760,clean_room,
23703,38084,113760,library/indoor,
23704,38084,113760,office,
23705,38084,113784,clean_room,
23706,38084,113784,dressing_room,
23707,38084,113784,archive,
23708,38084,113784,museum/indoor,
23709,38084,113784,locker_room,
23710,38084,113808,clean_room,
23711,38084,113808,dressing_room,
23712,38084,113808,museum/indoor,
23713,38084,113808,operating_room,
23714,38084,113808,shower,
23715,38084,113832,clean_room,
23716,38084,113832,operating_room,
23717,38084,113832,museum/indoor,
23718,38084,113832,dressing_room,
23719,38084,113832,archive,
23720,38084,113856,clean_room,
23721,38084,113856,dressing_room,
23722,38084,113856,museum/indoor,
23723,38084,113856,operating_room,
23724,38084,113856,chemistry_lab,
23725,38084,113880,clean_room,
23726,38084,113880,dressing_room,
23727,38084,113880,operating_room,
23728,38084,113880,museum/indoor,
23729,38084,113880,archive,
23730,38084,113904,dressing_room,
23731,38084,113904,beauty_salon,
23732,38084,113904,museum/indoor,
23733,38084,113904,chemistry_lab,
23734,38084,113904,shower,
23735,38084,113928,dressing_room,
23736,38084,113928,beauty_salon,
23737,38084,113928,museum/indoor,
23738,38084,113928,music_studio,
23739,38084,113928,shower,
23740,38084,113952,dressing_room,
23741,38084,113952,beauty_salon,
23742,38084,113952,jewelry_shop,
23743,38084,113952,music_studio,
23744,38084,113952,museum/indoor,
23745,38084,113976,dressing_room,
23746,38084,113976,beauty_salon,
23747,38084,113976,museum/indoor,
23748,38084,113976,shower,
23749,38084,113976,jewelry_shop,
23750,38084,114000,dressing_room,
23751,38084,114000,beauty_salon,
23752,38084,114000,shower,
23753,38084,114000,museum/indoor,
23754,38084,114000,bathroom,
23755,38084,114024,dressing_room,
23756,38084,114024,museum/indoor,
23757,38084,114024,beauty_salon,
23758,38084,114024,shower,
23759,38084,114024,jewelry_shop,
23760,38084,114048,dressing_room,
23761,38084,114048,shower,
23762,38084,114048,beauty_salon,
23763,38084,114048,museum/indoor,
23764,38084,114048,bathroom,
23765,38084,114072,dressing_room,
23766,38084,114072,museum/indoor,
23767,38084,114072,beauty_salon,
23768,38084,114072,shower,
23769,38084,114072,jewelry_shop,
23770,38084,114096,dressing_room,
23771,38084,114096,museum/indoor,
23772,38084,114096,beauty_salon,
23773,38084,114096,jewelry_shop,
23774,38084,114096,music_studio,
23775,38084,114120,water_tower,
23776,38084,114120,dressing_room,
23777,38084,114120,museum/indoor,
23778,38084,114120,shower,
23779,38084,114120,chemistry_lab,
23780,38084,114144,dressing_room,
23781,38084,114144,chemistry_lab,
23782,38084,114144,clean_room,
23783,38084,114144,music_studio,
23784,38084,114144,shower,
23785,38084,114168,dressing_room,
23786,38084,114168,music_studio,
23787,38084,114168,clean_room,
23788,38084,114168,office,
23789,38084,114168,physics_laboratory,
23790,38084,114192,dressing_room,
23791,38084,114192,bow_window/indoor,
23792,38084,114192,beauty_salon,
23793,38084,114192,banquet_hall,
23794,38084,114192,jewelry_shop,
23795,38084,114216,dressing_room,
23796,38084,114216,shower,
23797,38084,114216,bathroom,
23798,38084,114216,beauty_salon,
23799,38084,114216,jewelry_shop,
23800,38084,114240,dressing_room,
23801,38084,114240,jewelry_shop,
23802,38084,114240,beauty_salon,
23803,38084,114240,museum/indoor,
23804,38084,114240,bathroom,
23805,38084,114264,dressing_room,
23806,38084,114264,jewelry_shop,
23807,38084,114264,beauty_salon,
23808,38084,114264,bathroom,
23809,38084,114264,bow_window/indoor,
23810,38084,114288,dressing_room,
23811,38084,114288,jewelry_shop,
23812,38084,114288,beauty_salon,
23813,38084,114288,bathroom,
23814,38084,114288,shower,
23815,38084,114312,dressing_room,
23816,38084,114312,beauty_salon,
23817,38084,114312,jewelry_shop,
23818,38084,114312,bathroom,
23819,38084,114312,shower,
23820,38084,114336,dressing_room,
23821,38084,114336,beauty_salon,
23822,38084,114336,jewelry_shop,
23823,38084,114336,bathroom,
23824,38084,114336,locker_room,
23825,38084,114360,dressing_room,
23826,38084,114360,bathroom,
23827,38084,114360,beauty_salon,
23828,38084,114360,shower,
23829,38084,114360,jewelry_shop,
23830,38084,114384,dressing_room,
23831,38084,114384,music_studio,
23832,38084,114384,physics_laboratory,
23833,38084,114384,shower,
23834,38084,114384,chemistry_lab,
23835,38084,114408,dressing_room,
23836,38084,114408,jewelry_shop,
23837,38084,114408,beauty_salon,
23838,38084,114408,bathroom,
23839,38084,114408,bow_window/indoor,
23840,38084,114432,dressing_room,
23841,38084,114432,beauty_salon,
23842,38084,114432,jewelry_shop,
23843,38084,114432,bow_window/indoor,
23844,38084,114432,bathroom,
23845,38084,114456,dressing_room,
23846,38084,114456,beauty_salon,
23847,38084,114456,living_room,
23848,38084,114456,bow_window/indoor,
23849,38084,114456,jewelry_shop,
23850,38084,114480,dressing_room,
23851,38084,114480,music_studio,
23852,38084,114480,museum/indoor,
23853,38084,114480,clothing_store,
23854,38084,114480,physics_laboratory,
23855,38084,114504,dressing_room,
23856,38084,114504,music_studio,
23857,38084,114504,clothing_store,
23858,38084,114504,physics_laboratory,
23859,38084,114504,museum/indoor,
23860,38084,114528,dressing_room,
23861,38084,114528,beauty_salon,
23862,38084,114528,bathroom,
23863,38084,114528,living_room,
23864,38084,114528,bow_window/indoor,
23865,38084,114552,dressing_room,
23866,38084,114552,beauty_salon,
23867,38084,114552,living_room,
23868,38084,114552,bow_window/indoor,
23869,38084,114552,bathroom,
23870,38084,114576,dressing_room,
23871,38084,114576,living_room,
23872,38084,114576,beauty_salon,
23873,38084,114576,bow_window/indoor,
23874,38084,114576,bathroom,
23875,38084,114600,dressing_room,
23876,38084,114600,bow_window/indoor,
23877,38084,114600,bathroom,
23878,38084,114600,beauty_salon,
23879,38084,114600,living_room,
23880,38084,114624,dressing_room,
23881,38084,114624,music_studio,
23882,38084,114624,physics_laboratory,
23883,38084,114624,clothing_store,
23884,38084,114624,shower,
23885,38084,114648,dressing_room,
23886,38084,114648,music_studio,
23887,38084,114648,clothing_store,
23888,38084,114648,physics_laboratory,
23889,38084,114648,museum/indoor,
23890,38084,114672,dressing_room,
23891,38084,114672,jewelry_shop,
23892,38084,114672,beauty_salon,
23893,38084,114672,bow_window/indoor,
23894,38084,114672,nursery,
23895,38084,114696,dressing_room,
23896,38084,114696,beauty_salon,
23897,38084,114696,living_room,
23898,38084,114696,bow_window/indoor,
23899,38084,114696,jewelry_shop,
23900,38084,114720,dressing_room,
23901,38084,114720,clean_room,
23902,38084,114720,bathroom,
23903,38084,114720,shower,
23904,38084,114720,office_cubicles,
23905,38084,114744,dressing_room,
23906,38084,114744,archive,
23907,38084,114744,museum/indoor,
23908,38084,114744,clean_room,
23909,38084,114744,library/indoor,
23910,38084,114768,museum/indoor,
23911,38084,114768,dressing_room,
23912,38084,114768,archive,
23913,38084,114768,art_studio,
23914,38084,114768,clean_room,
23915,38084,114792,museum/indoor,
23916,38084,114792,dressing_room,
23917,38084,114792,clean_room,
23918,38084,114792,archive,
23919,38084,114792,art_studio,
23920,38084,114816,dressing_room,
23921,38084,114816,chemistry_lab,
23922,38084,114816,clean_room,
23923,38084,114816,basement,
23924,38084,114816,museum/indoor,
23925,38084,114840,clean_room,
23926,38084,114840,dressing_room,
23927,38084,114840,beauty_salon,
23928,38084,114840,clothing_store,
23929,38084,114840,bathroom,
23930,38084,114864,clean_room,
23931,38084,114864,art_gallery,
23932,38084,114864,museum/indoor,
23933,38084,114864,bow_window/indoor,
23934,38084,114864,dressing_room,
23935,38084,114888,dressing_room,
23936,38084,114888,clean_room,
23937,38084,114888,locker_room,
23938,38084,114888,clothing_store,
23939,38084,114888,beauty_salon,
23940,38084,114912,dressing_room,
23941,38084,114912,clean_room,
23942,38084,114912,museum/indoor,
23943,38084,114912,art_gallery,
23944,38084,114912,clothing_store,
23945,38084,114936,dressing_room,
23946,38084,114936,clean_room,
23947,38084,114936,locker_room,
23948,38084,114936,elevator/door,
23949,38084,114936,shower,
23950,38084,114960,dressing_room,
23951,38084,114960,elevator/door,
23952,38084,114960,closet,
23953,38084,114960,shower,
23954,38084,114960,bow_window/indoor,
23955,38084,114984,bow_window/indoor,
23956,38084,114984,artists_loft,
23957,38084,114984,living_room,
23958,38084,114984,office,
23959,38084,114984,hotel_room,
23960,38084,115008,dressing_room,
23961,38084,115008,bow_window/indoor,
23962,38084,115008,living_room,
23963,38084,115008,nursery,
23964,38084,115008,artists_loft,
23965,38084,115032,dressing_room,
23966,38084,115032,bow_window/indoor,
23967,38084,115032,museum/indoor,
23968,38084,115032,nursery,
23969,38084,115032,living_room,
23970,38084,115056,dressing_room,
23971,38084,115056,bow_window/indoor,
23972,38084,115056,nursery,
23973,38084,115056,living_room,
23974,38084,115056,artists_loft,
23975,38084,115080,museum/indoor,
23976,38084,115080,art_gallery,
23977,38084,115080,artists_loft,
23978,38084,115080,living_room,
23979,38084,115080,staircase,
23980,38084,115104,museum/indoor,
23981,38084,115104,clean_room,
23982,38084,115104,dressing_room,
23983,38084,115104,nursery,
23984,38084,115104,sauna,
23985,38084,115128,bow_window/indoor,
23986,38084,115128,living_room,
23987,38084,115128,dining_room,
23988,38084,115128,waiting_room,
23989,38084,115128,nursery,
23990,38084,115152,bow_window/indoor,
23991,38084,115152,dining_room,
23992,38084,115152,dining_hall,
23993,38084,115152,banquet_hall,
23994,38084,115152,living_room,
23995,38084,115176,dining_room,
23996,38084,115176,bow_window/indoor,
23997,38084,115176,living_room,
23998,38084,115176,dining_hall,
23999,38084,115176,library/indoor,
24000,38084,115200,living_room,
24001,38084,115200,dining_room,
24002,38084,115200,dressing_room,
24003,38084,115200,bow_window/indoor,
24004,38084,115200,playroom,
24005,38084,115224,dining_room,
24006,38084,115224,living_room,
24007,38084,115224,dressing_room,
24008,38084,115224,dining_hall,
24009,38084,115224,banquet_hall,
24010,38084,115248,dining_room,
24011,38084,115248,banquet_hall,
24012,38084,115248,living_room,
24013,38084,115248,dressing_room,
24014,38084,115248,dining_hall,
24015,38084,115272,banquet_hall,
24016,38084,115272,living_room,
24017,38084,115272,dining_room,
24018,38084,115272,dressing_room,
24019,38084,115272,dining_hall,
24020,38084,115296,clean_room,
24021,38084,115296,stage/indoor,
24022,38084,115296,barndoor,
24023,38084,115296,jail_cell,
24024,38084,115296,bow_window/indoor,
24025,38084,115320,clean_room,
24026,38084,115320,barndoor,
24027,38084,115320,jail_cell,
24028,38084,115320,stage/indoor,
24029,38084,115320,bow_window/indoor,
24030,38084,115344,clean_room,
24031,38084,115344,locker_room,
24032,38084,115344,jail_cell,
24033,38084,115344,barndoor,
24034,38084,115344,dressing_room,
24035,38084,115368,bow_window/indoor,
24036,38084,115368,dressing_room,
24037,38084,115368,sauna,
24038,38084,115368,living_room,
24039,38084,115368,locker_room,
24040,38084,115392,clean_room,
24041,38084,115392,dressing_room,
24042,38084,115392,locker_room,
24043,38084,115392,bow_window/indoor,
24044,38084,115392,shower,
24045,38084,115416,clean_room,
24046,38084,115416,dressing_room,
24047,38084,115416,shower,
24048,38084,115416,bathroom,
24049,38084,115416,locker_room,
24050,38084,115440,dressing_room,
24051,38084,115440,clean_room,
24052,38084,115440,locker_room,
24053,38084,115440,nursery,
24054,38084,115440,art_gallery,
24055,38084,115464,bow_window/indoor,
24056,38084,115464,living_room,
24057,38084,115464,classroom,
24058,38084,115464,bedroom,
24059,38084,115464,dressing_room,
24060,38084,115488,dressing_room,
24061,38084,115488,nursery,
24062,38084,115488,clean_room,
24063,38084,115488,banquet_hall,
24064,38084,115488,ballroom,
24065,38084,115512,clean_room,
24066,38084,115512,nursery,
24067,38084,115512,dressing_room,
24068,38084,115512,archive,
24069,38084,115512,nursing_home,
24070,38084,115536,clean_room,
24071,38084,115536,nursery,
24072,38084,115536,dressing_room,
24073,38084,115536,archive,
24074,38084,115536,hospital_room,
24075,38084,115560,clean_room,
24076,38084,115560,nursery,
24077,38084,115560,dressing_room,
24078,38084,115560,archive,
24079,38084,115560,bow_window/indoor,
24080,38084,115584,clean_room,
24081,38084,115584,nursery,
24082,38084,115584,dressing_room,
24083,38084,115584,archive,
24084,38084,115584,bow_window/indoor,
24085,38084,115608,clean_room,
24086,38084,115608,nursery,
24087,38084,115608,archive,
24088,38084,115608,dressing_room,
24089,38084,115608,bow_window/indoor,
24090,38084,115632,clean_room,
24091,38084,115632,archive,
24092,38084,115632,nursery,
24093,38084,115632,dressing_room,
24094,38084,115632,banquet_hall,
24095,38084,115656,clean_room,
24096,38084,115656,archive,
24097,38084,115656,nursery,
24098,38084,115656,dressing_room,
24099,38084,115656,bow_window/indoor,
24100,38084,115680,clean_room,
24101,38084,115680,archive,
24102,38084,115680,nursery,
24103,38084,115680,dressing_room,
24104,38084,115680,bow_window/indoor,
24105,38084,115704,clean_room,
24106,38084,115704,archive,
24107,38084,115704,nursery,
24108,38084,115704,dressing_room,
24109,38084,115704,bow_window/indoor,
24110,38084,115728,clean_room,
24111,38084,115728,archive,
24112,38084,115728,dressing_room,
24113,38084,115728,nursery,
24114,38084,115728,bow_window/indoor,
24115,38084,115752,clean_room,
24116,38084,115752,archive,
24117,38084,115752,dressing_room,
24118,38084,115752,nursery,
24119,38084,115752,bow_window/indoor,
24120,38084,115776,clean_room,
24121,38084,115776,archive,
24122,38084,115776,nursery,
24123,38084,115776,dressing_room,
24124,38084,115776,bow_window/indoor,
24125,38084,115800,clean_room,
24126,38084,115800,archive,
24127,38084,115800,nursery,
24128,38084,115800,dressing_room,
24129,38084,115800,bow_window/indoor,
24130,38084,115824,clean_room,
24131,38084,115824,archive,
24132,38084,115824,nursery,
24133,38084,115824,dressing_room,
24134,38084,115824,bow_window/indoor,
24135,38084,115848,clean_room,
24136,38084,115848,nursery,
24137,38084,115848,bow_window/indoor,
24138,38084,115848,archive,
24139,38084,115848,dressing_room,
24140,38084,115872,clean_room,
24141,38084,115872,nursery,
24142,38084,115872,dressing_room,
24143,38084,115872,bow_window/indoor,
24144,38084,115872,archive,
24145,38084,115896,clean_room,
24146,38084,115896,nursery,
24147,38084,115896,bow_window/indoor,
24148,38084,115896,archive,
24149,38084,115896,dressing_room,
24150,38084,115920,discotheque,
24151,38084,115920,clean_room,
24152,38084,115920,stage/indoor,
24153,38084,115920,music_studio,
24154,38084,115920,museum/indoor,
24155,38084,115944,discotheque,
24156,38084,115944,stage/indoor,
24157,38084,115944,music_studio,
24158,38084,115944,clean_room,
24159,38084,115944,ballroom,
24160,38084,115968,stage/indoor,
24161,38084,115968,discotheque,
24162,38084,115968,music_studio,
24163,38084,115968,museum/indoor,
24164,38084,115968,dressing_room,
24165,38084,115992,discotheque,
24166,38084,115992,stage/indoor,
24167,38084,115992,museum/indoor,
24168,38084,115992,music_studio,
24169,38084,115992,dressing_room,
24170,38084,116016,discotheque,
24171,38084,116016,stage/indoor,
24172,38084,116016,music_studio,
24173,38084,116016,beauty_salon,
24174,38084,116016,museum/indoor,
24175,38084,116040,discotheque,
24176,38084,116040,stage/indoor,
24177,38084,116040,music_studio,
24178,38084,116040,beauty_salon,
24179,38084,116040,museum/indoor,
24180,38084,116064,clean_room,
24181,38084,116064,nursery,
24182,38084,116064,archive,
24183,38084,116064,dressing_room,
24184,38084,116064,nursing_home,
24185,38084,116088,clean_room,
24186,38084,116088,archive,
24187,38084,116088,nursery,
24188,38084,116088,dressing_room,
24189,38084,116088,banquet_hall,
24190,38084,116112,clean_room,
24191,38084,116112,archive,
24192,38084,116112,dressing_room,
24193,38084,116112,nursery,
24194,38084,116112,hospital_room,
24195,38084,116136,clean_room,
24196,38084,116136,archive,
24197,38084,116136,dressing_room,
24198,38084,116136,locker_room,
24199,38084,116136,nursery,
24200,38084,116160,clean_room,
24201,38084,116160,dressing_room,
24202,38084,116160,archive,
24203,38084,116160,locker_room,
24204,38084,116160,nursery,
24205,38084,116184,clean_room,
24206,38084,116184,dressing_room,
24207,38084,116184,locker_room,
24208,38084,116184,archive,
24209,38084,116184,martial_arts_gym,
24210,38084,116208,clean_room,
24211,38084,116208,dressing_room,
24212,38084,116208,locker_room,
24213,38084,116208,archive,
24214,38084,116208,martial_arts_gym,
24215,38084,116232,clean_room,
24216,38084,116232,dressing_room,
24217,38084,116232,locker_room,
24218,38084,116232,archive,
24219,38084,116232,martial_arts_gym,
24220,38084,116256,clean_room,
24221,38084,116256,dressing_room,
24222,38084,116256,locker_room,
24223,38084,116256,archive,
24224,38084,116256,office,
24225,38084,116280,dressing_room,
24226,38084,116280,discotheque,
24227,38084,116280,clean_room,
24228,38084,116280,beauty_salon,
24229,38084,116280,hospital_room,
24230,38084,116304,dressing_room,
24231,38084,116304,clean_room,
24232,38084,116304,ballroom,
24233,38084,116304,music_studio,
24234,38084,116304,beauty_salon,
24235,38084,116328,dressing_room,
24236,38084,116328,music_studio,
24237,38084,116328,discotheque,
24238,38084,116328,clean_room,
24239,38084,116328,nursing_home,
24240,38084,116352,clean_room,
24241,38084,116352,dressing_room,
24242,38084,116352,locker_room,
24243,38084,116352,archive,
24244,38084,116352,martial_arts_gym,
24245,38084,116376,clean_room,
24246,38084,116376,dressing_room,
24247,38084,116376,locker_room,
24248,38084,116376,archive,
24249,38084,116376,martial_arts_gym,
24250,38084,116400,clean_room,
24251,38084,116400,dressing_room,
24252,38084,116400,locker_room,
24253,38084,116400,archive,
24254,38084,116400,office,
24255,38084,116424,clean_room,
24256,38084,116424,locker_room,
24257,38084,116424,dressing_room,
24258,38084,116424,archive,
24259,38084,116424,martial_arts_gym,
24260,38084,116448,clean_room,
24261,38084,116448,locker_room,
24262,38084,116448,dressing_room,
24263,38084,116448,archive,
24264,38084,116448,martial_arts_gym,
24265,38084,116472,clean_room,
24266,38084,116472,locker_room,
24267,38084,116472,dressing_room,
24268,38084,116472,archive,
24269,38084,116472,martial_arts_gym,
24270,38084,116496,clean_room,
24271,38084,116496,locker_room,
24272,38084,116496,dressing_room,
24273,38084,116496,martial_arts_gym,
24274,38084,116496,archive,
24275,38084,116520,clean_room,
24276,38084,116520,locker_room,
24277,38084,116520,dressing_room,
24278,38084,116520,martial_arts_gym,
24279,38084,116520,archive,
24280,38084,116544,clean_room,
24281,38084,116544,dressing_room,
24282,38084,116544,locker_room,
24283,38084,116544,martial_arts_gym,
24284,38084,116544,archive,
24285,38084,116568,clean_room,
24286,38084,116568,locker_room,
24287,38084,116568,dressing_room,
24288,38084,116568,martial_arts_gym,
24289,38084,116568,archive,
24290,38084,116592,clean_room,
24291,38084,116592,archive,
24292,38084,116592,locker_room,
24293,38084,116592,dressing_room,
24294,38084,116592,office,
24295,38084,116616,dressing_room,
24296,38084,116616,stage/indoor,
24297,38084,116616,locker_room,
24298,38084,116616,discotheque,
24299,38084,116616,clean_room,
24300,38084,116640,clean_room,
24301,38084,116640,chemistry_lab,
24302,38084,116640,biology_laboratory,
24303,38084,116640,hospital_room,
24304,38084,116640,nursery,
24305,38084,116664,nursery,
24306,38084,116664,bow_window/indoor,
24307,38084,116664,clean_room,
24308,38084,116664,jail_cell,
24309,38084,116664,locker_room,
24310,38084,116688,bow_window/indoor,
24311,38084,116688,aquarium,
24312,38084,116688,shower,
24313,38084,116688,bamboo_forest,
24314,38084,116688,bathroom,
24315,38084,116712,clean_room,
24316,38084,116712,bow_window/indoor,
24317,38084,116712,locker_room,
24318,38084,116712,archive,
24319,38084,116712,dressing_room,
24320,38084,116736,locker_room,
24321,38084,116736,clean_room,
24322,38084,116736,dressing_room,
24323,38084,116736,discotheque,
24324,38084,116736,stage/indoor,
24325,38084,116760,locker_room,
24326,38084,116760,clean_room,
24327,38084,116760,discotheque,
24328,38084,116760,dressing_room,
24329,38084,116760,jail_cell,
24330,38084,116784,clean_room,
24331,38084,116784,locker_room,
24332,38084,116784,dressing_room,
24333,38084,116784,discotheque,
24334,38084,116784,stage/indoor,
24335,38084,116808,clean_room,
24336,38084,116808,locker_room,
24337,38084,116808,dressing_room,
24338,38084,116808,discotheque,
24339,38084,116808,jail_cell,
24340,38084,116832,locker_room,
24341,38084,116832,clean_room,
24342,38084,116832,dressing_room,
24343,38084,116832,discotheque,
24344,38084,116832,jail_cell,
24345,38084,116856,clean_room,
24346,38084,116856,locker_room,
24347,38084,116856,dressing_room,
24348,38084,116856,jail_cell,
24349,38084,116856,discotheque,
24350,38084,116880,clean_room,
24351,38084,116880,locker_room,
24352,38084,116880,dressing_room,
24353,38084,116880,discotheque,
24354,38084,116880,martial_arts_gym,
24355,38084,116904,clean_room,
24356,38084,116904,discotheque,
24357,38084,116904,locker_room,
24358,38084,116904,dressing_room,
24359,38084,116904,jail_cell,
24360,38084,116928,clean_room,
24361,38084,116928,locker_room,
24362,38084,116928,dressing_room,
24363,38084,116928,discotheque,
24364,38084,116928,elevator/door,
24365,38084,116952,clean_room,
24366,38084,116952,locker_room,
24367,38084,116952,dressing_room,
24368,38084,116952,jail_cell,
24369,38084,116952,martial_arts_gym,
24370,38084,116976,bow_window/indoor,
24371,38084,116976,hotel_room,
24372,38084,116976,bamboo_forest,
24373,38084,116976,bathroom,
24374,38084,116976,elevator/door,
24375,38084,117000,bow_window/indoor,
24376,38084,117000,jail_cell,
24377,38084,117000,office,
24378,38084,117000,bamboo_forest,
24379,38084,117000,nursery,
24380,38084,117024,bow_window/indoor,
24381,38084,117024,jail_cell,
24382,38084,117024,locker_room,
24383,38084,117024,nursery,
24384,38084,117024,bamboo_forest,
24385,38084,117048,hospital_room,
24386,38084,117048,clean_room,
24387,38084,117048,bow_window/indoor,
24388,38084,117048,bedroom,
24389,38084,117048,shower,
24390,38084,117072,ice_floe,
24391,38084,117072,ocean,
24392,38084,117072,shower,
24393,38084,117072,aquarium,
24394,38084,117072,underwater/ocean_deep,
24395,38084,117096,ice_floe,
24396,38084,117096,ocean,
24397,38084,117096,aquarium,
24398,38084,117096,underwater/ocean_deep,
24399,38084,117096,shower,
24400,38084,117120,ice_floe,
24401,38084,117120,shower,
24402,38084,117120,sky,
24403,38084,117120,ocean,
24404,38084,117120,aquarium,
24405,38084,117144,dining_room,
24406,38084,117144,bathroom,
24407,38084,117144,restaurant,
24408,38084,117144,shower,
24409,38084,117144,living_room,
24410,38084,117168,dining_room,
24411,38084,117168,bathroom,
24412,38084,117168,restaurant,
24413,38084,117168,living_room,
24414,38084,117168,shower,
24415,38084,117192,dining_room,
24416,38084,117192,restaurant,
24417,38084,117192,living_room,
24418,38084,117192,bathroom,
24419,38084,117192,banquet_hall,
24420,38084,117216,dining_room,
24421,38084,117216,living_room,
24422,38084,117216,bathroom,
24423,38084,117216,shower,
24424,38084,117216,restaurant,
24425,38084,117240,dressing_room,
24426,38084,117240,clean_room,
24427,38084,117240,beauty_salon,
24428,38084,117240,hospital_room,
24429,38084,117240,operating_room,
24430,38084,117264,dressing_room,
24431,38084,117264,beauty_salon,
24432,38084,117264,clean_room,
24433,38084,117264,hospital_room,
24434,38084,117264,operating_room,
24435,38084,117288,dressing_room,
24436,38084,117288,hospital_room,
24437,38084,117288,beauty_salon,
24438,38084,117288,clean_room,
24439,38084,117288,nursery,
24440,38084,117312,clean_room,
24441,38084,117312,dressing_room,
24442,38084,117312,beauty_salon,
24443,38084,117312,hospital_room,
24444,38084,117312,operating_room,
24445,38084,117336,clean_room,
24446,38084,117336,beauty_salon,
24447,38084,117336,hospital_room,
24448,38084,117336,dressing_room,
24449,38084,117336,operating_room,
24450,38084,117360,hospital_room,
24451,38084,117360,operating_room,
24452,38084,117360,clean_room,
24453,38084,117360,beauty_salon,
24454,38084,117360,dressing_room,
24455,38084,117384,dressing_room,
24456,38084,117384,clean_room,
24457,38084,117384,beauty_salon,
24458,38084,117384,bathroom,
24459,38084,117384,artists_loft,
24460,38084,117408,clean_room,
24461,38084,117408,dressing_room,
24462,38084,117408,nursery,
24463,38084,117408,artists_loft,
24464,38084,117408,beauty_salon,
24465,38084,117432,hospital_room,
24466,38084,117432,dressing_room,
24467,38084,117432,beauty_salon,
24468,38084,117432,operating_room,
24469,38084,117432,clean_room,
24470,38084,117456,dressing_room,
24471,38084,117456,clean_room,
24472,38084,117456,bathroom,
24473,38084,117456,hospital_room,
24474,38084,117456,beauty_salon,
24475,38084,117480,clean_room,
24476,38084,117480,dressing_room,
24477,38084,117480,bathroom,
24478,38084,117480,hospital_room,
24479,38084,117480,beauty_salon,
24480,38084,117504,dressing_room,
24481,38084,117504,clean_room,
24482,38084,117504,bathroom,
24483,38084,117504,beauty_salon,
24484,38084,117504,hospital_room,
24485,38084,117528,dressing_room,
24486,38084,117528,clean_room,
24487,38084,117528,hospital_room,
24488,38084,117528,nursery,
24489,38084,117528,bathroom,
24490,38084,117552,clean_room,
24491,38084,117552,dressing_room,
24492,38084,117552,artists_loft,
24493,38084,117552,nursery,
24494,38084,117552,clothing_store,
24495,38084,117576,clean_room,
24496,38084,117576,dressing_room,
24497,38084,117576,artists_loft,
24498,38084,117576,nursery,
24499,38084,117576,art_gallery,
24500,38084,117600,clean_room,
24501,38084,117600,dressing_room,
24502,38084,117600,artists_loft,
24503,38084,117600,art_gallery,
24504,38084,117600,museum/indoor,
24505,38084,117624,dressing_room,
24506,38084,117624,nursery,
24507,38084,117624,clean_room,
24508,38084,117624,hospital_room,
24509,38084,117624,childs_room,
24510,38084,117648,clean_room,
24511,38084,117648,dressing_room,
24512,38084,117648,clothing_store,
24513,38084,117648,nursery,
24514,38084,117648,shower,
24515,38084,117672,clean_room,
24516,38084,117672,dressing_room,
24517,38084,117672,clothing_store,
24518,38084,117672,hospital_room,
24519,38084,117672,shower,
24520,38084,117696,beauty_salon,
24521,38084,117696,dressing_room,
24522,38084,117696,clean_room,
24523,38084,117696,bathroom,
24524,38084,117696,shower,
24525,38084,117720,clean_room,
24526,38084,117720,dressing_room,
24527,38084,117720,bathroom,
24528,38084,117720,operating_room,
24529,38084,117720,museum/indoor,
24530,38084,117744,clean_room,
24531,38084,117744,operating_room,
24532,38084,117744,bathroom,
24533,38084,117744,shower,
24534,38084,117744,dressing_room,
24535,38084,117768,clean_room,
24536,38084,117768,operating_room,
24537,38084,117768,chemistry_lab,
24538,38084,117768,dressing_room,
24539,38084,117768,hospital_room,
24540,38084,117792,clean_room,
24541,38084,117792,dressing_room,
24542,38084,117792,operating_room,
24543,38084,117792,museum/indoor,
24544,38084,117792,clothing_store,
24545,38084,117816,clean_room,
24546,38084,117816,operating_room,
24547,38084,117816,hospital_room,
24548,38084,117816,dressing_room,
24549,38084,117816,chemistry_lab,
24550,38084,117840,clean_room,
24551,38084,117840,operating_room,
24552,38084,117840,hospital_room,
24553,38084,117840,chemistry_lab,
24554,38084,117840,nursery,
24555,38084,117864,clean_room,
24556,38084,117864,dressing_room,
24557,38084,117864,operating_room,
24558,38084,117864,hospital_room,
24559,38084,117864,museum/indoor,
24560,38084,117888,clean_room,
24561,38084,117888,dressing_room,
24562,38084,117888,operating_room,
24563,38084,117888,museum/indoor,
24564,38084,117888,hospital_room,
24565,38084,117912,clean_room,
24566,38084,117912,chemistry_lab,
24567,38084,117912,operating_room,
24568,38084,117912,dressing_room,
24569,38084,117912,hospital_room,
24570,38084,117936,clean_room,
24571,38084,117936,operating_room,
24572,38084,117936,chemistry_lab,
24573,38084,117936,hospital_room,
24574,38084,117936,biology_laboratory,
24575,38084,117960,dressing_room,
24576,38084,117960,nursery,
24577,38084,117960,clean_room,
24578,38084,117960,hospital_room,
24579,38084,117960,childs_room,
24580,38084,117984,dressing_room,
24581,38084,117984,nursery,
24582,38084,117984,hospital_room,
24583,38084,117984,clean_room,
24584,38084,117984,childs_room,
24585,38084,118008,dressing_room,
24586,38084,118008,nursery,
24587,38084,118008,clean_room,
24588,38084,118008,hospital_room,
24589,38084,118008,childs_room,
24590,38084,118032,dressing_room,
24591,38084,118032,nursery,
24592,38084,118032,clean_room,
24593,38084,118032,hospital_room,
24594,38084,118032,childs_room,
24595,38084,118056,dressing_room,
24596,38084,118056,nursery,
24597,38084,118056,hospital_room,
24598,38084,118056,clean_room,
24599,38084,118056,discotheque,
24600,38084,118080,dressing_room,
24601,38084,118080,nursery,
24602,38084,118080,beauty_salon,
24603,38084,118080,clean_room,
24604,38084,118080,banquet_hall,
24605,38084,118104,dressing_room,
24606,38084,118104,nursery,
24607,38084,118104,clean_room,
24608,38084,118104,hospital_room,
24609,38084,118104,beauty_salon,
24610,38084,118128,dressing_room,
24611,38084,118128,nursery,
24612,38084,118128,beauty_salon,
24613,38084,118128,clean_room,
24614,38084,118128,childs_room,
24615,38084,118152,dressing_room,
24616,38084,118152,nursery,
24617,38084,118152,bathroom,
24618,38084,118152,clean_room,
24619,38084,118152,shower,
24620,38084,118176,clean_room,
24621,38084,118176,operating_room,
24622,38084,118176,chemistry_lab,
24623,38084,118176,hospital_room,
24624,38084,118176,biology_laboratory,
24625,38084,118200,clean_room,
24626,38084,118200,operating_room,
24627,38084,118200,hospital_room,
24628,38084,118200,dressing_room,
24629,38084,118200,chemistry_lab,
24630,38084,118224,clean_room,
24631,38084,118224,operating_room,
24632,38084,118224,hospital_room,
24633,38084,118224,chemistry_lab,
24634,38084,118224,biology_laboratory,
24635,38084,118248,clean_room,
24636,38084,118248,operating_room,
24637,38084,118248,hospital_room,
24638,38084,118248,nursery,
24639,38084,118248,chemistry_lab,
24640,38084,118272,clean_room,
24641,38084,118272,operating_room,
24642,38084,118272,hospital_room,
24643,38084,118272,chemistry_lab,
24644,38084,118272,nursery,
24645,38084,118296,clean_room,
24646,38084,118296,operating_room,
24647,38084,118296,hospital_room,
24648,38084,118296,chemistry_lab,
24649,38084,118296,nursery,
24650,38084,118320,dressing_room,
24651,38084,118320,nursery,
24652,38084,118320,clean_room,
24653,38084,118320,hospital_room,
24654,38084,118320,childs_room,
24655,38084,118344,dressing_room,
24656,38084,118344,nursery,
24657,38084,118344,clean_room,
24658,38084,118344,beauty_salon,
24659,38084,118344,hospital_room,
24660,38084,118368,dressing_room,
24661,38084,118368,nursery,
24662,38084,118368,clean_room,
24663,38084,118368,hospital_room,
24664,38084,118368,beauty_salon,
24665,38084,118392,dressing_room,
24666,38084,118392,nursery,
24667,38084,118392,clean_room,
24668,38084,118392,hospital_room,
24669,38084,118392,childs_room,
24670,38084,118416,dressing_room,
24671,38084,118416,nursery,
24672,38084,118416,clean_room,
24673,38084,118416,hospital_room,
24674,38084,118416,beauty_salon,
24675,38084,118440,dressing_room,
24676,38084,118440,nursery,
24677,38084,118440,clean_room,
24678,38084,118440,hospital_room,
24679,38084,118440,childs_room,
24680,38084,118464,dressing_room,
24681,38084,118464,nursery,
24682,38084,118464,clean_room,
24683,38084,118464,hospital_room,
24684,38084,118464,bathroom,
24685,38084,118488,dressing_room,
24686,38084,118488,nursery,
24687,38084,118488,clean_room,
24688,38084,118488,hospital_room,
24689,38084,118488,childs_room,
24690,38084,118512,dressing_room,
24691,38084,118512,nursery,
24692,38084,118512,clean_room,
24693,38084,118512,hospital_room,
24694,38084,118512,childs_room,
24695,38084,118536,dressing_room,
24696,38084,118536,nursery,
24697,38084,118536,clean_room,
24698,38084,118536,hospital_room,
24699,38084,118536,childs_room,
24700,38084,118560,dressing_room,
24701,38084,118560,nursery,
24702,38084,118560,clean_room,
24703,38084,118560,hospital_room,
24704,38084,118560,childs_room,
24705,38084,118584,dressing_room,
24706,38084,118584,nursery,
24707,38084,118584,clean_room,
24708,38084,118584,hospital_room,
24709,38084,118584,banquet_hall,
24710,38084,118608,dressing_room,
24711,38084,118608,nursery,
24712,38084,118608,clean_room,
24713,38084,118608,hospital_room,
24714,38084,118608,bathroom,
24715,38084,118632,clean_room,
24716,38084,118632,operating_room,
24717,38084,118632,hospital_room,
24718,38084,118632,chemistry_lab,
24719,38084,118632,biology_laboratory,
24720,38084,118656,clean_room,
24721,38084,118656,operating_room,
24722,38084,118656,hospital_room,
24723,38084,118656,nursery,
24724,38084,118656,beauty_salon,
24725,38084,118680,dressing_room,
24726,38084,118680,nursery,
24727,38084,118680,clean_room,
24728,38084,118680,bathroom,
24729,38084,118680,hospital_room,
24730,38084,118704,dressing_room,
24731,38084,118704,nursery,
24732,38084,118704,clean_room,
24733,38084,118704,hospital_room,
24734,38084,118704,childs_room,
24735,38084,118728,clean_room,
24736,38084,118728,operating_room,
24737,38084,118728,hospital_room,
24738,38084,118728,chemistry_lab,
24739,38084,118728,biology_laboratory,
24740,38084,118752,clean_room,
24741,38084,118752,operating_room,
24742,38084,118752,hospital_room,
24743,38084,118752,chemistry_lab,
24744,38084,118752,dressing_room,
24745,38084,118776,clean_room,
24746,38084,118776,operating_room,
24747,38084,118776,hospital_room,
24748,38084,118776,chemistry_lab,
24749,38084,118776,biology_laboratory,
24750,38084,118800,dressing_room,
24751,38084,118800,hospital_room,
24752,38084,118800,nursery,
24753,38084,118800,clean_room,
24754,38084,118800,shower,
24755,38084,118824,dressing_room,
24756,38084,118824,nursery,
24757,38084,118824,hospital_room,
24758,38084,118824,clean_room,
24759,38084,118824,shower,
24760,38084,118848,dressing_room,
24761,38084,118848,hospital_room,
24762,38084,118848,nursery,
24763,38084,118848,clean_room,
24764,38084,118848,childs_room,
24765,38084,118872,clean_room,
24766,38084,118872,operating_room,
24767,38084,118872,chemistry_lab,
24768,38084,118872,beauty_salon,
24769,38084,118872,hospital_room,
24770,38084,118896,clean_room,
24771,38084,118896,dressing_room,
24772,38084,118896,operating_room,
24773,38084,118896,hospital_room,
24774,38084,118896,beauty_salon,
24775,38084,118920,clean_room,
24776,38084,118920,operating_room,
24777,38084,118920,dressing_room,
24778,38084,118920,hospital_room,
24779,38084,118920,chemistry_lab,
24780,38084,118944,clean_room,
24781,38084,118944,dressing_room,
24782,38084,118944,operating_room,
24783,38084,118944,hospital_room,
24784,38084,118944,shower,
24785,38084,118968,clean_room,
24786,38084,118968,operating_room,
24787,38084,118968,hospital_room,
24788,38084,118968,dressing_room,
24789,38084,118968,chemistry_lab,
24790,38084,118992,clean_room,
24791,38084,118992,dressing_room,
24792,38084,118992,shower,
24793,38084,118992,museum/indoor,
24794,38084,118992,operating_room,
24795,38084,119016,clean_room,
24796,38084,119016,dressing_room,
24797,38084,119016,shower,
24798,38084,119016,hospital_room,
24799,38084,119016,bathroom,
24800,38084,119040,dressing_room,
24801,38084,119040,clean_room,
24802,38084,119040,beauty_salon,
24803,38084,119040,shower,
24804,38084,119040,bathroom,
24805,38084,119064,clean_room,
24806,38084,119064,dressing_room,
24807,38084,119064,operating_room,
24808,38084,119064,hospital_room,
24809,38084,119064,beauty_salon,
24810,38084,119088,clean_room,
24811,38084,119088,shower,
24812,38084,119088,dressing_room,
24813,38084,119088,bathroom,
24814,38084,119088,closet,
24815,38084,119112,dressing_room,
24816,38084,119112,clean_room,
24817,38084,119112,clothing_store,
24818,38084,119112,hospital_room,
24819,38084,119112,chemistry_lab,
24820,38084,119136,dressing_room,
24821,38084,119136,clean_room,
24822,38084,119136,clothing_store,
24823,38084,119136,shower,
24824,38084,119136,locker_room,
24825,38084,119160,clean_room,
24826,38084,119160,dressing_room,
24827,38084,119160,operating_room,
24828,38084,119160,chemistry_lab,
24829,38084,119160,shower,
24830,38084,119184,clean_room,
24831,38084,119184,chemistry_lab,
24832,38084,119184,biology_laboratory,
24833,38084,119184,dressing_room,
24834,38084,119184,ice_cream_parlor,
24835,38084,119208,museum/indoor,
24836,38084,119208,dressing_room,
24837,38084,119208,gift_shop,
24838,38084,119208,art_gallery,
24839,38084,119208,science_museum,
24840,38084,119232,museum/indoor,
24841,38084,119232,dressing_room,
24842,38084,119232,art_gallery,
24843,38084,119232,science_museum,
24844,38084,119232,clean_room,
24845,38084,119256,dressing_room,
24846,38084,119256,hospital_room,
24847,38084,119256,clean_room,
24848,38084,119256,shower,
24849,38084,119256,nursery,
24850,38084,119280,hospital_room,
24851,38084,119280,clean_room,
24852,38084,119280,shower,
24853,38084,119280,dressing_room,
24854,38084,119280,nursery,
24855,38084,119304,dressing_room,
24856,38084,119304,hospital_room,
24857,38084,119304,clean_room,
24858,38084,119304,nursery,
24859,38084,119304,shower,
24860,38084,119328,hospital_room,
24861,38084,119328,clean_room,
24862,38084,119328,dressing_room,
24863,38084,119328,nursery,
24864,38084,119328,shower,
24865,38084,119352,hospital_room,
24866,38084,119352,clean_room,
24867,38084,119352,nursery,
24868,38084,119352,dressing_room,
24869,38084,119352,shower,
24870,38084,119376,clean_room,
24871,38084,119376,hospital_room,
24872,38084,119376,nursery,
24873,38084,119376,dressing_room,
24874,38084,119376,shower,
24875,38084,119400,hospital_room,
24876,38084,119400,clean_room,
24877,38084,119400,nursery,
24878,38084,119400,shower,
24879,38084,119400,dressing_room,
24880,38084,119424,hospital_room,
24881,38084,119424,clean_room,
24882,38084,119424,nursery,
24883,38084,119424,bedroom,
24884,38084,119424,ice_floe,
24885,38084,119448,chemistry_lab,
24886,38084,119448,clean_room,
24887,38084,119448,biology_laboratory,
24888,38084,119448,museum/indoor,
24889,38084,119448,dressing_room,
24890,38084,119472,chemistry_lab,
24891,38084,119472,museum/indoor,
24892,38084,119472,clean_room,
24893,38084,119472,biology_laboratory,
24894,38084,119472,science_museum,
24895,38084,119496,chemistry_lab,
24896,38084,119496,biology_laboratory,
24897,38084,119496,clean_room,
24898,38084,119496,museum/indoor,
24899,38084,119496,science_museum,
24900,38084,119520,chemistry_lab,
24901,38084,119520,biology_laboratory,
24902,38084,119520,clean_room,
24903,38084,119520,museum/indoor,
24904,38084,119520,gift_shop,
24905,38084,119544,clean_room,
24906,38084,119544,hospital_room,
24907,38084,119544,chemistry_lab,
24908,38084,119544,biology_laboratory,
24909,38084,119544,nursery,
24910,38084,119568,clean_room,
24911,38084,119568,hospital_room,
24912,38084,119568,dressing_room,
24913,38084,119568,shower,
24914,38084,119568,bedroom,
24915,38084,119592,clean_room,
24916,38084,119592,hospital_room,
24917,38084,119592,dressing_room,
24918,38084,119592,bedroom,
24919,38084,119592,nursery,
24920,38084,119616,clean_room,
24921,38084,119616,hospital_room,
24922,38084,119616,dressing_room,
24923,38084,119616,bedroom,
24924,38084,119616,nursery,
24925,38084,119640,clean_room,
24926,38084,119640,hospital_room,
24927,38084,119640,dressing_room,
24928,38084,119640,ice_floe,
24929,38084,119640,chemistry_lab,
24930,38084,119664,clean_room,
24931,38084,119664,hospital_room,
24932,38084,119664,bedroom,
24933,38084,119664,nursery,
24934,38084,119664,ice_floe,
24935,38084,119688,hospital_room,
24936,38084,119688,clean_room,
24937,38084,119688,bedroom,
24938,38084,119688,nursery,
24939,38084,119688,dressing_room,
24940,38084,119712,dressing_room,
24941,38084,119712,living_room,
24942,38084,119712,bow_window/indoor,
24943,38084,119712,beauty_salon,
24944,38084,119712,chemistry_lab,
24945,38084,119736,dressing_room,
24946,38084,119736,living_room,
24947,38084,119736,beauty_salon,
24948,38084,119736,bow_window/indoor,
24949,38084,119736,clean_room,
24950,38084,119760,living_room,
24951,38084,119760,dressing_room,
24952,38084,119760,beauty_salon,
24953,38084,119760,bow_window/indoor,
24954,38084,119760,nursery,
24955,38084,119784,dressing_room,
24956,38084,119784,clean_room,
24957,38084,119784,hospital_room,
24958,38084,119784,discotheque,
24959,38084,119784,chemistry_lab,
24960,38084,119808,clean_room,
24961,38084,119808,hospital_room,
24962,38084,119808,chemistry_lab,
24963,38084,119808,dressing_room,
24964,38084,119808,ice_cream_parlor,
24965,38084,119832,clean_room,
24966,38084,119832,living_room,
24967,38084,119832,bow_window/indoor,
24968,38084,119832,nursery,
24969,38084,119832,dressing_room,
24970,38084,119856,clean_room,
24971,38084,119856,bow_window/indoor,
24972,38084,119856,living_room,
24973,38084,119856,nursery,
24974,38084,119856,jewelry_shop,
24975,38084,119880,clean_room,
24976,38084,119880,living_room,
24977,38084,119880,nursery,
24978,38084,119880,dressing_room,
24979,38084,119880,jewelry_shop,
24980,38084,119904,clean_room,
24981,38084,119904,dressing_room,
24982,38084,119904,living_room,
24983,38084,119904,nursery,
24984,38084,119904,hospital_room,
24985,38084,119928,clean_room,
24986,38084,119928,dressing_room,
24987,38084,119928,locker_room,
24988,38084,119928,bathroom,
24989,38084,119928,shower,
24990,38084,119952,dressing_room,
24991,38084,119952,beauty_salon,
24992,38084,119952,clean_room,
24993,38084,119952,bathroom,
24994,38084,119952,art_gallery,
24995,38084,119976,beauty_salon,
24996,38084,119976,art_studio,
24997,38084,119976,dressing_room,
24998,38084,119976,art_gallery,
24999,38084,119976,clean_room,
25000,38084,120000,clean_room,
25001,38084,120000,dressing_room,
25002,38084,120000,beauty_salon,
25003,38084,120000,chemistry_lab,
25004,38084,120000,biology_laboratory,
25005,38084,120024,clean_room,
25006,38084,120024,dressing_room,
25007,38084,120024,beauty_salon,
25008,38084,120024,bathroom,
25009,38084,120024,locker_room,
25010,38084,120048,clean_room,
25011,38084,120048,dressing_room,
25012,38084,120048,beauty_salon,
25013,38084,120048,nursery,
25014,38084,120048,hospital_room,
25015,38084,120072,clean_room,
25016,38084,120072,dressing_room,
25017,38084,120072,beauty_salon,
25018,38084,120072,art_studio,
25019,38084,120072,biology_laboratory,
25020,38084,120096,clean_room,
25021,38084,120096,beauty_salon,
25022,38084,120096,art_studio,
25023,38084,120096,art_gallery,
25024,38084,120096,artists_loft,
25025,38084,120120,clean_room,
25026,38084,120120,hospital_room,
25027,38084,120120,biology_laboratory,
25028,38084,120120,chemistry_lab,
25029,38084,120120,operating_room,
25030,38084,120144,clean_room,
25031,38084,120144,ice_floe,
25032,38084,120144,hospital_room,
25033,38084,120144,florist_shop/indoor,
25034,38084,120144,biology_laboratory,
25035,38084,120168,clean_room,
25036,38084,120168,hospital_room,
25037,38084,120168,ice_floe,
25038,38084,120168,biology_laboratory,
25039,38084,120168,chemistry_lab,
25040,38084,120192,clean_room,
25041,38084,120192,hospital_room,
25042,38084,120192,ice_cream_parlor,
25043,38084,120192,nursery,
25044,38084,120192,bakery/shop,
25045,38084,120216,clean_room,
25046,38084,120216,hospital_room,
25047,38084,120216,ice_cream_parlor,
25048,38084,120216,bakery/shop,
25049,38084,120216,nursery,
25050,38084,120240,clean_room,
25051,38084,120240,hospital_room,
25052,38084,120240,ice_cream_parlor,
25053,38084,120240,nursery,
25054,38084,120240,bakery/shop,
25055,38084,120264,clean_room,
25056,38084,120264,hospital_room,
25057,38084,120264,ice_cream_parlor,
25058,38084,120264,florist_shop/indoor,
25059,38084,120264,nursery,
25060,38084,120288,ice_cream_parlor,
25061,38084,120288,clean_room,
25062,38084,120288,hospital_room,
25063,38084,120288,florist_shop/indoor,
25064,38084,120288,aquarium,
25065,38084,120312,ice_cream_parlor,
25066,38084,120312,clean_room,
25067,38084,120312,hospital_room,
25068,38084,120312,aquarium,
25069,38084,120312,shower,
25070,38084,120336,hospital_room,
25071,38084,120336,clean_room,
25072,38084,120336,ice_cream_parlor,
25073,38084,120336,operating_room,
25074,38084,120336,nursery,
25075,38084,120360,ice_cream_parlor,
25076,38084,120360,nursery,
25077,38084,120360,ice_floe,
25078,38084,120360,hospital_room,
25079,38084,120360,aquarium,
25080,38084,120384,ice_cream_parlor,
25081,38084,120384,clean_room,
25082,38084,120384,nursery,
25083,38084,120384,ice_floe,
25084,38084,120384,hospital_room,
25085,38084,120408,ice_cream_parlor,
25086,38084,120408,ice_floe,
25087,38084,120408,clean_room,
25088,38084,120408,aquarium,
25089,38084,120408,hospital_room,
25090,38084,120432,museum/indoor,
25091,38084,120432,art_gallery,
25092,38084,120432,science_museum,
25093,38084,120432,jewelry_shop,
25094,38084,120432,chemistry_lab,
25095,38084,120456,museum/indoor,
25096,38084,120456,art_gallery,
25097,38084,120456,science_museum,
25098,38084,120456,jewelry_shop,
25099,38084,120456,chemistry_lab,
25100,38084,120480,industrial_area,
25101,38084,120480,fountain,
25102,38084,120480,tower,
25103,38084,120480,plaza,
25104,38084,120480,construction_site,
25105,38084,120504,playground,
25106,38084,120504,construction_site,
25107,38084,120504,ski_slope,
25108,38084,120504,driveway,
25109,38084,120504,volleyball_court/outdoor,
25110,38084,120528,shower,
25111,38084,120528,art_gallery,
25112,38084,120528,atrium/public,
25113,38084,120528,office_building,
25114,38084,120528,playground,
25115,38084,120552,desert/sand,
25116,38084,120552,waiting_room,
25117,38084,120552,field/cultivated,
25118,38084,120552,archive,
25119,38084,120552,airport_terminal,
25120,38084,120576,clean_room,
25121,38084,120576,shower,
25122,38084,120576,elevator/door,
25123,38084,120576,dressing_room,
25124,38084,120576,bathroom,
25125,38084,120600,clean_room,
25126,38084,120600,dressing_room,
25127,38084,120600,locker_room,
25128,38084,120600,elevator/door,
25129,38084,120600,art_gallery,
25130,38084,120624,clean_room,
25131,38084,120624,elevator/door,
25132,38084,120624,locker_room,
25133,38084,120624,dressing_room,
25134,38084,120624,elevator_lobby,
25135,38084,120648,clean_room,
25136,38084,120648,dressing_room,
25137,38084,120648,locker_room,
25138,38084,120648,clothing_store,
25139,38084,120648,operating_room,
25140,38084,120672,clean_room,
25141,38084,120672,locker_room,
25142,38084,120672,elevator/door,
25143,38084,120672,dressing_room,
25144,38084,120672,elevator_lobby,
25145,38084,120696,dressing_room,
25146,38084,120696,clean_room,
25147,38084,120696,shower,
25148,38084,120696,locker_room,
25149,38084,120696,bathroom,
25150,38084,120720,clean_room,
25151,38084,120720,dressing_room,
25152,38084,120720,locker_room,
25153,38084,120720,operating_room,
25154,38084,120720,museum/indoor,
25155,38084,120744,clean_room,
25156,38084,120744,dressing_room,
25157,38084,120744,locker_room,
25158,38084,120744,operating_room,
25159,38084,120744,elevator/door,
25160,38084,120768,clean_room,
25161,38084,120768,dressing_room,
25162,38084,120768,museum/indoor,
25163,38084,120768,locker_room,
25164,38084,120768,clothing_store,
25165,38084,120792,clean_room,
25166,38084,120792,dressing_room,
25167,38084,120792,museum/indoor,
25168,38084,120792,locker_room,
25169,38084,120792,operating_room,
25170,38084,120816,clean_room,
25171,38084,120816,dressing_room,
25172,38084,120816,museum/indoor,
25173,38084,120816,art_gallery,
25174,38084,120816,elevator/door,
25175,38084,120840,clean_room,
25176,38084,120840,dressing_room,
25177,38084,120840,locker_room,
25178,38084,120840,elevator/door,
25179,38084,120840,museum/indoor,
25180,38084,120864,clean_room,
25181,38084,120864,museum/indoor,
25182,38084,120864,dressing_room,
25183,38084,120864,art_gallery,
25184,38084,120864,locker_room,
25185,38084,120888,dressing_room,
25186,38084,120888,clean_room,
25187,38084,120888,locker_room,
25188,38084,120888,operating_room,
25189,38084,120888,hospital_room,
25190,38084,120912,dressing_room,
25191,38084,120912,clean_room,
25192,38084,120912,locker_room,
25193,38084,120912,nursing_home,
25194,38084,120912,elevator/door,
25195,38084,120936,dressing_room,
25196,38084,120936,clean_room,
25197,38084,120936,locker_room,
25198,38084,120936,clothing_store,
25199,38084,120936,elevator/door,
25200,38084,120960,dressing_room,
25201,38084,120960,clean_room,
25202,38084,120960,locker_room,
25203,38084,120960,bathroom,
25204,38084,120960,shower,
25205,38084,120984,dressing_room,
25206,38084,120984,clean_room,
25207,38084,120984,locker_room,
25208,38084,120984,bathroom,
25209,38084,120984,shower,
25210,38084,121008,clean_room,
25211,38084,121008,bathroom,
25212,38084,121008,locker_room,
25213,38084,121008,dressing_room,
25214,38084,121008,shower,
25215,38084,121032,clean_room,
25216,38084,121032,dressing_room,
25217,38084,121032,shower,
25218,38084,121032,bathroom,
25219,38084,121032,locker_room,
25220,38084,121056,shower,
25221,38084,121056,bathroom,
25222,38084,121056,clean_room,
25223,38084,121056,locker_room,
25224,38084,121056,bank_vault,
25225,38084,121080,clean_room,
25226,38084,121080,corridor,
25227,38084,121080,dressing_room,
25228,38084,121080,locker_room,
25229,38084,121080,hospital_room,
25230,38084,121104,clean_room,
25231,38084,121104,corridor,
25232,38084,121104,locker_room,
25233,38084,121104,dressing_room,
25234,38084,121104,elevator/door,
25235,38084,121128,clean_room,
25236,38084,121128,corridor,
25237,38084,121128,dressing_room,
25238,38084,121128,shower,
25239,38084,121128,elevator/door,
25240,38084,121152,dressing_room,
25241,38084,121152,clean_room,
25242,38084,121152,locker_room,
25243,38084,121152,shower,
25244,38084,121152,elevator/door,
25245,38084,121176,dressing_room,
25246,38084,121176,locker_room,
25247,38084,121176,elevator_lobby,
25248,38084,121176,ballroom,
25249,38084,121176,elevator/door,
25250,38084,121200,dressing_room,
25251,38084,121200,ballroom,
25252,38084,121200,elevator_lobby,
25253,38084,121200,discotheque,
25254,38084,121200,conference_room,
25255,38084,121224,dressing_room,
25256,38084,121224,clean_room,
25257,38084,121224,elevator_lobby,
25258,38084,121224,office,
25259,38084,121224,locker_room,
25260,38084,121248,dressing_room,
25261,38084,121248,clothing_store,
25262,38084,121248,locker_room,
25263,38084,121248,museum/indoor,
25264,38084,121248,clean_room,
25265,38084,121272,dressing_room,
25266,38084,121272,clean_room,
25267,38084,121272,clothing_store,
25268,38084,121272,locker_room,
25269,38084,121272,closet,
25270,38084,121296,dressing_room,
25271,38084,121296,clothing_store,
25272,38084,121296,locker_room,
25273,38084,121296,clean_room,
25274,38084,121296,discotheque,
25275,38084,121320,clean_room,
25276,38084,121320,dressing_room,
25277,38084,121320,locker_room,
25278,38084,121320,clothing_store,
25279,38084,121320,elevator_lobby,
25280,38084,121344,dressing_room,
25281,38084,121344,clean_room,
25282,38084,121344,locker_room,
25283,38084,121344,music_studio,
25284,38084,121344,elevator_lobby,
25285,38084,121368,dressing_room,
25286,38084,121368,clean_room,
25287,38084,121368,discotheque,
25288,38084,121368,locker_room,
25289,38084,121368,music_studio,
25290,38084,121392,dressing_room,
25291,38084,121392,locker_room,
25292,38084,121392,shower,
25293,38084,121392,clean_room,
25294,38084,121392,bathroom,
25295,38084,121416,dressing_room,
25296,38084,121416,shower,
25297,38084,121416,discotheque,
25298,38084,121416,locker_room,
25299,38084,121416,bathroom,
25300,38084,121440,dressing_room,
25301,38084,121440,ballroom,
25302,38084,121440,discotheque,
25303,38084,121440,clothing_store,
25304,38084,121440,clean_room,
25305,38084,121464,dressing_room,
25306,38084,121464,bathroom,
25307,38084,121464,clothing_store,
25308,38084,121464,airplane_cabin,
25309,38084,121464,clean_room,
25310,38084,121488,clean_room,
25311,38084,121488,dressing_room,
25312,38084,121488,clothing_store,
25313,38084,121488,locker_room,
25314,38084,121488,closet,
25315,38084,121512,locker_room,
25316,38084,121512,shower,
25317,38084,121512,dressing_room,
25318,38084,121512,clean_room,
25319,38084,121512,bathroom,
25320,38084,121536,dressing_room,
25321,38084,121536,bathroom,
25322,38084,121536,shower,
25323,38084,121536,clean_room,
25324,38084,121536,hotel_room,
25325,38084,121560,dressing_room,
25326,38084,121560,locker_room,
25327,38084,121560,clean_room,
25328,38084,121560,music_studio,
25329,38084,121560,office,
25330,38084,121584,clean_room,
25331,38084,121584,stage/indoor,
25332,38084,121584,music_studio,
25333,38084,121584,discotheque,
25334,38084,121584,dressing_room,
25335,38084,121608,dressing_room,
25336,38084,121608,clean_room,
25337,38084,121608,locker_room,
25338,38084,121608,music_studio,
25339,38084,121608,discotheque,
25340,38084,121632,discotheque,
25341,38084,121632,music_studio,
25342,38084,121632,dressing_room,
25343,38084,121632,stage/indoor,
25344,38084,121632,clean_room,
25345,38084,121656,clean_room,
25346,38084,121656,discotheque,
25347,38084,121656,dressing_room,
25348,38084,121656,shower,
25349,38084,121656,music_studio,
25350,38084,121680,dressing_room,
25351,38084,121680,clean_room,
25352,38084,121680,locker_room,
25353,38084,121680,music_studio,
25354,38084,121680,nursery,
25355,38084,121704,dressing_room,
25356,38084,121704,shower,
25357,38084,121704,locker_room,
25358,38084,121704,clean_room,
25359,38084,121704,discotheque,
25360,38084,121728,dressing_room,
25361,38084,121728,clean_room,
25362,38084,121728,locker_room,
25363,38084,121728,discotheque,
25364,38084,121728,shower,
25365,38084,121752,dressing_room,
25366,38084,121752,clean_room,
25367,38084,121752,locker_room,
25368,38084,121752,discotheque,
25369,38084,121752,music_studio,
25370,38084,121776,dressing_room,
25371,38084,121776,clean_room,
25372,38084,121776,locker_room,
25373,38084,121776,hospital_room,
25374,38084,121776,hotel_room,
25375,38084,121800,dressing_room,
25376,38084,121800,clean_room,
25377,38084,121800,locker_room,
25378,38084,121800,hospital_room,
25379,38084,121800,hotel_room,
25380,38084,121824,clean_room,
25381,38084,121824,dressing_room,
25382,38084,121824,hospital_room,
25383,38084,121824,locker_room,
25384,38084,121824,hotel_room,
25385,38084,121848,dressing_room,
25386,38084,121848,clean_room,
25387,38084,121848,hospital_room,
25388,38084,121848,shower,
25389,38084,121848,hotel_room,
25390,38084,121872,dressing_room,
25391,38084,121872,shower,
25392,38084,121872,clean_room,
25393,38084,121872,discotheque,
25394,38084,121872,locker_room,
25395,38084,121896,clean_room,
25396,38084,121896,hospital_room,
25397,38084,121896,chemistry_lab,
25398,38084,121896,biology_laboratory,
25399,38084,121896,nursery,
25400,38084,121920,dressing_room,
25401,38084,121920,hospital_room,
25402,38084,121920,beauty_salon,
25403,38084,121920,shower,
25404,38084,121920,clean_room,
25405,38084,121944,dressing_room,
25406,38084,121944,beauty_salon,
25407,38084,121944,shower,
25408,38084,121944,discotheque,
25409,38084,121944,hospital_room,
25410,38084,121968,dressing_room,
25411,38084,121968,shower,
25412,38084,121968,beauty_salon,
25413,38084,121968,discotheque,
25414,38084,121968,bathroom,
25415,38084,121992,office,
25416,38084,121992,clean_room,
25417,38084,121992,hospital_room,
25418,38084,121992,dressing_room,
25419,38084,121992,bow_window/indoor,
25420,38084,122016,clean_room,
25421,38084,122016,office,
25422,38084,122016,hospital_room,
25423,38084,122016,bow_window/indoor,
25424,38084,122016,dressing_room,
25425,38084,122040,clean_room,
25426,38084,122040,hospital_room,
25427,38084,122040,office,
25428,38084,122040,dressing_room,
25429,38084,122040,beauty_salon,
25430,38084,122064,dressing_room,
25431,38084,122064,clean_room,
25432,38084,122064,locker_room,
25433,38084,122064,corridor,
25434,38084,122064,elevator/door,
25435,38084,122088,dressing_room,
25436,38084,122088,clean_room,
25437,38084,122088,locker_room,
25438,38084,122088,elevator_lobby,
25439,38084,122088,bathroom,
25440,38084,122112,dressing_room,
25441,38084,122112,clean_room,
25442,38084,122112,locker_room,
25443,38084,122112,elevator/door,
25444,38084,122112,elevator_lobby,
25445,38084,122136,dressing_room,
25446,38084,122136,clean_room,
25447,38084,122136,locker_room,
25448,38084,122136,elevator_lobby,
25449,38084,122136,elevator/door,
25450,38084,122160,clean_room,
25451,38084,122160,dressing_room,
25452,38084,122160,locker_room,
25453,38084,122160,elevator/door,
25454,38084,122160,elevator_lobby,
25455,38084,122184,dressing_room,
25456,38084,122184,discotheque,
25457,38084,122184,hospital_room,
25458,38084,122184,clean_room,
25459,38084,122184,music_studio,
25460,38084,122208,dressing_room,
25461,38084,122208,discotheque,
25462,38084,122208,hospital_room,
25463,38084,122208,beauty_salon,
25464,38084,122208,hotel_room,
25465,38084,122232,dressing_room,
25466,38084,122232,discotheque,
25467,38084,122232,clean_room,
25468,38084,122232,hospital_room,
25469,38084,122232,beauty_salon,
25470,38084,122256,dressing_room,
25471,38084,122256,discotheque,
25472,38084,122256,pub/indoor,
25473,38084,122256,bar,
25474,38084,122256,beauty_salon,
25475,38084,122280,discotheque,
25476,38084,122280,ballroom,
25477,38084,122280,dressing_room,
25478,38084,122280,pub/indoor,
25479,38084,122280,bowling_alley,
25480,38084,122304,dressing_room,
25481,38084,122304,clean_room,
25482,38084,122304,bathroom,
25483,38084,122304,locker_room,
25484,38084,122304,airplane_cabin,
25485,38084,122328,dressing_room,
25486,38084,122328,bathroom,
25487,38084,122328,clean_room,
25488,38084,122328,locker_room,
25489,38084,122328,shower,
25490,38084,122352,dressing_room,
25491,38084,122352,clean_room,
25492,38084,122352,locker_room,
25493,38084,122352,clothing_store,
25494,38084,122352,shower,
25495,38084,122376,discotheque,
25496,38084,122376,dressing_room,
25497,38084,122376,bar,
25498,38084,122376,pub/indoor,
25499,38084,122376,beauty_salon,
25500,38084,122400,dressing_room,
25501,38084,122400,discotheque,
25502,38084,122400,beauty_salon,
25503,38084,122400,hospital_room,
25504,38084,122400,clean_room,
25505,38084,122424,dressing_room,
25506,38084,122424,discotheque,
25507,38084,122424,clean_room,
25508,38084,122424,music_studio,
25509,38084,122424,bar,
25510,38084,122448,dressing_room,
25511,38084,122448,discotheque,
25512,38084,122448,hospital_room,
25513,38084,122448,beauty_salon,
25514,38084,122448,hotel_room,
25515,38084,122472,discotheque,
25516,38084,122472,dressing_room,
25517,38084,122472,chemistry_lab,
25518,38084,122472,music_studio,
25519,38084,122472,clean_room,
25520,38084,122496,discotheque,
25521,38084,122496,dressing_room,
25522,38084,122496,chemistry_lab,
25523,38084,122496,shower,
25524,38084,122496,bar,
25525,38084,122520,dressing_room,
25526,38084,122520,discotheque,
25527,38084,122520,beauty_salon,
25528,38084,122520,chemistry_lab,
25529,38084,122520,hospital_room,
25530,38084,122544,dressing_room,
25531,38084,122544,discotheque,
25532,38084,122544,beauty_salon,
25533,38084,122544,chemistry_lab,
25534,38084,122544,clean_room,
25535,38084,122568,dressing_room,
25536,38084,122568,discotheque,
25537,38084,122568,beauty_salon,
25538,38084,122568,chemistry_lab,
25539,38084,122568,pub/indoor,
25540,38084,122592,dressing_room,
25541,38084,122592,discotheque,
25542,38084,122592,chemistry_lab,
25543,38084,122592,beauty_salon,
25544,38084,122592,clean_room,
25545,38084,122616,dressing_room,
25546,38084,122616,airplane_cabin,
25547,38084,122616,bathroom,
25548,38084,122616,shower,
25549,38084,122616,clean_room,
25550,38084,122640,dressing_room,
25551,38084,122640,airplane_cabin,
25552,38084,122640,clean_room,
25553,38084,122640,locker_room,
25554,38084,122640,bathroom,
25555,38084,122664,dressing_room,
25556,38084,122664,discotheque,
25557,38084,122664,chemistry_lab,
25558,38084,122664,clean_room,
25559,38084,122664,hospital_room,
25560,38084,122688,discotheque,
25561,38084,122688,nursery,
25562,38084,122688,dressing_room,
25563,38084,122688,shower,
25564,38084,122688,ice_cream_parlor,
25565,38084,122712,corridor,
25566,38084,122712,clean_room,
25567,38084,122712,elevator/door,
25568,38084,122712,dressing_room,
25569,38084,122712,elevator_lobby,
25570,38084,122736,clean_room,
25571,38084,122736,corridor,
25572,38084,122736,airplane_cabin,
25573,38084,122736,dressing_room,
25574,38084,122736,escalator/indoor,
25575,38084,122760,clean_room,
25576,38084,122760,atrium/public,
25577,38084,122760,airplane_cabin,
25578,38084,122760,corridor,
25579,38084,122760,server_room,
25580,38084,122784,clean_room,
25581,38084,122784,dressing_room,
25582,38084,122784,airplane_cabin,
25583,38084,122784,museum/indoor,
25584,38084,122784,art_gallery,
25585,38084,122808,dressing_room,
25586,38084,122808,museum/indoor,
25587,38084,122808,clothing_store,
25588,38084,122808,staircase,
25589,38084,122808,airplane_cabin,
25590,38084,122832,dressing_room,
25591,38084,122832,clothing_store,
25592,38084,122832,clean_room,
25593,38084,122832,airplane_cabin,
25594,38084,122832,museum/indoor,
25595,38084,122856,dressing_room,
25596,38084,122856,clothing_store,
25597,38084,122856,airplane_cabin,
25598,38084,122856,clean_room,
25599,38084,122856,closet,
25600,38084,122880,dressing_room,
25601,38084,122880,airplane_cabin,
25602,38084,122880,clothing_store,
25603,38084,122880,clean_room,
25604,38084,122880,closet,
25605,38084,122904,dressing_room,
25606,38084,122904,clothing_store,
25607,38084,122904,airplane_cabin,
25608,38084,122904,clean_room,
25609,38084,122904,beauty_salon,
25610,38084,122928,dressing_room,
25611,38084,122928,clothing_store,
25612,38084,122928,clean_room,
25613,38084,122928,airplane_cabin,
25614,38084,122928,museum/indoor,
25615,38084,122952,dressing_room,
25616,38084,122952,clothing_store,
25617,38084,122952,clean_room,
25618,38084,122952,airplane_cabin,
25619,38084,122952,nursery,
25620,38084,122976,dressing_room,
25621,38084,122976,clothing_store,
25622,38084,122976,clean_room,
25623,38084,122976,airplane_cabin,
25624,38084,122976,museum/indoor,
25625,38084,123000,dressing_room,
25626,38084,123000,airplane_cabin,
25627,38084,123000,clothing_store,
25628,38084,123000,clean_room,
25629,38084,123000,museum/indoor,
25630,38084,123024,dressing_room,
25631,38084,123024,clean_room,
25632,38084,123024,beauty_salon,
25633,38084,123024,elevator_lobby,
25634,38084,123024,museum/indoor,
25635,38084,123048,dressing_room,
25636,38084,123048,clean_room,
25637,38084,123048,museum/indoor,
25638,38084,123048,shower,
25639,38084,123048,elevator/door,
25640,38084,123072,dressing_room,
25641,38084,123072,nursery,
25642,38084,123072,hospital_room,
25643,38084,123072,clean_room,
25644,38084,123072,airplane_cabin,
25645,38084,123096,dressing_room,
25646,38084,123096,locker_room,
25647,38084,123096,nursery,
25648,38084,123096,airplane_cabin,
25649,38084,123096,staircase,
25650,38084,123120,dressing_room,
25651,38084,123120,staircase,
25652,38084,123120,nursery,
25653,38084,123120,museum/indoor,
25654,38084,123120,airplane_cabin,
25655,38084,123144,dressing_room,
25656,38084,123144,bathroom,
25657,38084,123144,shower,
25658,38084,123144,elevator/door,
25659,38084,123144,clean_room,
25660,38084,123168,dressing_room,
25661,38084,123168,bathroom,
25662,38084,123168,shower,
25663,38084,123168,elevator/door,
25664,38084,123168,elevator_lobby,
25665,38084,123192,shower,
25666,38084,123192,dressing_room,
25667,38084,123192,clean_room,
25668,38084,123192,bathroom,
25669,38084,123192,elevator/door,
25670,38084,123216,discotheque,
25671,38084,123216,dressing_room,
25672,38084,123216,clean_room,
25673,38084,123216,music_studio,
25674,38084,123216,stage/indoor,
25675,38084,123240,dressing_room,
25676,38084,123240,discotheque,
25677,38084,123240,clean_room,
25678,38084,123240,music_studio,
25679,38084,123240,hospital_room,
25680,38084,123264,dressing_room,
25681,38084,123264,clean_room,
25682,38084,123264,nursery,
25683,38084,123264,museum/indoor,
25684,38084,123264,shower,
25685,38084,123288,clean_room,
25686,38084,123288,dressing_room,
25687,38084,123288,hospital_room,
25688,38084,123288,nursery,
25689,38084,123288,nursing_home,
25690,38084,123312,dressing_room,
25691,38084,123312,clean_room,
25692,38084,123312,locker_room,
25693,38084,123312,nursery,
25694,38084,123312,archive,
25695,38084,123336,dressing_room,
25696,38084,123336,clean_room,
25697,38084,123336,locker_room,
25698,38084,123336,shower,
25699,38084,123336,hospital_room,
25700,38084,123360,dressing_room,
25701,38084,123360,clean_room,
25702,38084,123360,locker_room,
25703,38084,123360,hospital_room,
25704,38084,123360,clothing_store,
25705,38084,123384,dressing_room,
25706,38084,123384,shower,
25707,38084,123384,locker_room,
25708,38084,123384,bathroom,
25709,38084,123384,clean_room,
25710,38084,123408,dressing_room,
25711,38084,123408,clean_room,
25712,38084,123408,clothing_store,
25713,38084,123408,locker_room,
25714,38084,123408,closet,
25715,38084,123432,dressing_room,
25716,38084,123432,clean_room,
25717,38084,123432,clothing_store,
25718,38084,123432,closet,
25719,38084,123432,fabric_store,
25720,38084,123456,clean_room,
25721,38084,123456,shower,
25722,38084,123456,clothing_store,
25723,38084,123456,hospital_room,
25724,38084,123456,bow_window/indoor,
25725,38084,123480,clean_room,
25726,38084,123480,dressing_room,
25727,38084,123480,shower,
25728,38084,123480,clothing_store,
25729,38084,123480,hotel_room,
25730,38084,123504,shower,
25731,38084,123504,clean_room,
25732,38084,123504,locker_room,
25733,38084,123504,hotel_room,
25734,38084,123504,bathroom,
25735,38084,123528,dressing_room,
25736,38084,123528,clean_room,
25737,38084,123528,locker_room,
25738,38084,123528,shower,
25739,38084,123528,clothing_store,
25740,38084,123552,clean_room,
25741,38084,123552,locker_room,
25742,38084,123552,shower,
25743,38084,123552,dressing_room,
25744,38084,123552,closet,
25745,38084,123576,clean_room,
25746,38084,123576,dressing_room,
25747,38084,123576,locker_room,
25748,38084,123576,chemistry_lab,
25749,38084,123576,hospital_room,
25750,38084,123600,shower,
25751,38084,123600,dressing_room,
25752,38084,123600,clean_room,
25753,38084,123600,locker_room,
25754,38084,123600,hospital_room,
25755,38084,123624,clean_room,
25756,38084,123624,clothing_store,
25757,38084,123624,shower,
25758,38084,123624,closet,
25759,38084,123624,locker_room,
25760,38084,123648,bow_window/indoor,
25761,38084,123648,shower,
25762,38084,123648,clothing_store,
25763,38084,123648,closet,
25764,38084,123648,clean_room,
25765,38084,123672,hospital_room,
25766,38084,123672,closet,
25767,38084,123672,shower,
25768,38084,123672,youth_hostel,
25769,38084,123672,bedroom,
25770,38084,123696,hospital_room,
25771,38084,123696,basement,
25772,38084,123696,staircase,
25773,38084,123696,bedroom,
25774,38084,123696,music_studio,
25775,38084,123720,shower,
25776,38084,123720,hospital_room,
25777,38084,123720,basement,
25778,38084,123720,bathroom,
25779,38084,123720,dressing_room,
25780,38084,123744,music_studio,
25781,38084,123744,basement,
25782,38084,123744,hospital_room,
25783,38084,123744,shower,
25784,38084,123744,dorm_room,
25785,38084,123768,highway,
25786,38084,123768,promenade,
25787,38084,123768,runway,
25788,38084,123768,downtown,
25789,38084,123768,skyscraper,
25790,38084,123792,clothing_store,
25791,38084,123792,clean_room,
25792,38084,123792,airport_terminal,
25793,38084,123792,chemistry_lab,
25794,38084,123792,hospital_room,
25795,38084,123816,locker_room,
25796,38084,123816,clean_room,
25797,38084,123816,gymnasium/indoor,
25798,38084,123816,dressing_room,
25799,38084,123816,playground,
25800,38084,123840,clean_room,
25801,38084,123840,dressing_room,
25802,38084,123840,beauty_salon,
25803,38084,123840,museum/indoor,
25804,38084,123840,locker_room,
25805,38084,123864,locker_room,
25806,38084,123864,clean_room,
25807,38084,123864,dressing_room,
25808,38084,123864,gymnasium/indoor,
25809,38084,123864,museum/indoor,
25810,38084,123888,locker_room,
25811,38084,123888,gymnasium/indoor,
25812,38084,123888,dressing_room,
25813,38084,123888,beauty_salon,
25814,38084,123888,museum/indoor,
25815,38084,123912,locker_room,
25816,38084,123912,dressing_room,
25817,38084,123912,clean_room,
25818,38084,123912,gymnasium/indoor,
25819,38084,123912,museum/indoor,
25820,38084,123936,locker_room,
25821,38084,123936,dressing_room,
25822,38084,123936,gymnasium/indoor,
25823,38084,123936,beauty_salon,
25824,38084,123936,museum/indoor,
25825,38084,123960,locker_room,
25826,38084,123960,gymnasium/indoor,
25827,38084,123960,dressing_room,
25828,38084,123960,clean_room,
25829,38084,123960,museum/indoor,
25830,38084,123984,locker_room,
25831,38084,123984,dressing_room,
25832,38084,123984,beauty_salon,
25833,38084,123984,gymnasium/indoor,
25834,38084,123984,clean_room,
25835,38084,124008,locker_room,
25836,38084,124008,gymnasium/indoor,
25837,38084,124008,dressing_room,
25838,38084,124008,clean_room,
25839,38084,124008,museum/indoor,
25840,38084,124032,locker_room,
25841,38084,124032,nursery,
25842,38084,124032,dressing_room,
25843,38084,124032,gymnasium/indoor,
25844,38084,124032,museum/indoor,
25845,38084,124056,classroom,
25846,38084,124056,basement,
25847,38084,124056,archive,
25848,38084,124056,locker_room,
25849,38084,124056,server_room,
25850,38084,124080,classroom,
25851,38084,124080,basement,
25852,38084,124080,archive,
25853,38084,124080,locker_room,
25854,38084,124080,server_room,
25855,38084,124104,classroom,
25856,38084,124104,basement,
25857,38084,124104,archive,
25858,38084,124104,locker_room,
25859,38084,124104,server_room,
