,imdb_id,frame_num,place,confidence
0,253796,0,museum/indoor ,0.4610959
1,253796,0,burial_chamber ,0.32552138
2,253796,0,cemetery ,0.078439504
3,253796,0,catacomb ,0.026987683
4,253796,0,science_museum ,0.025058294
5,253796,24,elevator_lobby ,0.34137332
6,253796,24,elevator/door ,0.17596878
7,253796,24,server_room ,0.17593187
8,253796,24,locker_room ,0.06669646
9,253796,24,pharmacy ,0.048130013
10,253796,48,pharmacy ,0.16212954
11,253796,48,hospital ,0.1495938
12,253796,48,elevator_lobby ,0.1156687
13,253796,48,elevator/door ,0.100281835
14,253796,48,cemetery ,0.088232525
15,253796,72,pharmacy ,0.32164547
16,253796,72,hospital ,0.1300058
17,253796,72,drugstore ,0.10337684
18,253796,72,elevator_lobby ,0.072660126
19,253796,72,cemetery ,0.061696917
20,253796,96,locker_room ,0.46744254
21,253796,96,shower ,0.22000276
22,253796,96,server_room ,0.08844015
23,253796,96,elevator/door ,0.05641763
24,253796,96,bank_vault ,0.053692948
25,253796,120,shower ,0.5214246
26,253796,120,locker_room ,0.08294539
27,253796,120,elevator/door ,0.063271604
28,253796,120,bank_vault ,0.049355503
29,253796,120,bathroom ,0.049109105
30,253796,144,locker_room ,0.30818173
31,253796,144,bank_vault ,0.19290376
32,253796,144,barndoor ,0.12301843
33,253796,144,elevator/door ,0.08412751
34,253796,144,shower ,0.07520848
35,253796,168,shower ,0.7926341
36,253796,168,bathroom ,0.04279716
37,253796,168,locker_room ,0.040104434
38,253796,168,bank_vault ,0.03545273
39,253796,168,server_room ,0.031769954
40,253796,192,locker_room ,0.30944207
41,253796,192,shower ,0.18978226
42,253796,192,bank_vault ,0.14222123
43,253796,192,server_room ,0.06994348
44,253796,192,elevator/door ,0.052609112
45,253796,216,locker_room ,0.58073825
46,253796,216,bank_vault ,0.10355518
47,253796,216,shower ,0.074677505
48,253796,216,server_room ,0.06554786
49,253796,216,elevator/door ,0.03871594
50,253796,240,barndoor ,0.1865617
51,253796,240,elevator/door ,0.17265733
52,253796,240,shower ,0.11890432
53,253796,240,closet ,0.062407978
54,253796,240,locker_room ,0.052379012
55,253796,264,barndoor ,0.25885954
56,253796,264,elevator/door ,0.21562435
57,253796,264,shower ,0.10059369
58,253796,264,locker_room ,0.07327918
59,253796,264,elevator_lobby ,0.0576704
60,253796,288,barndoor ,0.2923818
61,253796,288,elevator/door ,0.13223954
62,253796,288,shower ,0.1312511
63,253796,288,locker_room ,0.063841775
64,253796,288,elevator_lobby ,0.055161137
65,253796,312,locker_room ,0.26938277
66,253796,312,elevator/door ,0.16651377
67,253796,312,server_room ,0.15986823
68,253796,312,bank_vault ,0.06620135
69,253796,312,elevator_lobby ,0.060018234
70,253796,336,elevator/door ,0.15381625
71,253796,336,pharmacy ,0.13274536
72,253796,336,hospital ,0.12601665
73,253796,336,museum/indoor ,0.09764892
74,253796,336,elevator_lobby ,0.09258896
75,253796,360,elevator/door ,0.27997017
76,253796,360,elevator_lobby ,0.14360605
77,253796,360,pharmacy ,0.0927109
78,253796,360,hospital ,0.08921384
79,253796,360,museum/indoor ,0.074485995
80,253796,384,hospital ,0.21918216
81,253796,384,pharmacy ,0.16973613
82,253796,384,elevator/door ,0.07259749
83,253796,384,museum/indoor ,0.07064603
84,253796,384,elevator_lobby ,0.04778987
85,253796,408,elevator/door ,0.24520032
86,253796,408,hospital ,0.17142768
87,253796,408,pharmacy ,0.115448155
88,253796,408,elevator_lobby ,0.1069637
89,253796,408,museum/indoor ,0.054253366
90,253796,432,hospital ,0.20600772
91,253796,432,pharmacy ,0.17625916
92,253796,432,elevator/door ,0.16133417
93,253796,432,elevator_lobby ,0.07197171
94,253796,432,hospital_room ,0.045385603
95,253796,456,elevator/door ,0.31247815
96,253796,456,elevator_lobby ,0.15475062
97,253796,456,pharmacy ,0.09830911
98,253796,456,hospital ,0.087234996
99,253796,456,museum/indoor ,0.063468166
100,253796,480,elevator/door ,0.1834934
101,253796,480,hospital ,0.17878585
102,253796,480,elevator_lobby ,0.10014073
103,253796,480,pharmacy ,0.085215285
104,253796,480,museum/indoor ,0.07336737
105,253796,504,elevator/door ,0.17605762
106,253796,504,pharmacy ,0.16486956
107,253796,504,elevator_lobby ,0.15197973
108,253796,504,hospital ,0.11670278
109,253796,504,hospital_room ,0.04555102
110,253796,528,elevator/door ,0.18594247
111,253796,528,pharmacy ,0.14713407
112,253796,528,hospital ,0.1321288
113,253796,528,elevator_lobby ,0.1090864
114,253796,528,museum/indoor ,0.06215725
115,253796,552,elevator/door ,0.23123881
116,253796,552,elevator_lobby ,0.119650096
117,253796,552,museum/indoor ,0.09789045
118,253796,552,pharmacy ,0.09082036
119,253796,552,hospital ,0.08747226
120,253796,576,elevator/door ,0.14543293
121,253796,576,barndoor ,0.09853824
122,253796,576,locker_room ,0.0802132
123,253796,576,server_room ,0.07970032
124,253796,576,shower ,0.06766101
125,253796,600,corridor ,0.18607312
126,253796,600,museum/indoor ,0.13053879
127,253796,600,elevator_lobby ,0.11560189
128,253796,600,elevator/door ,0.091233455
129,253796,600,nursery ,0.06377059
130,253796,624,locker_room ,0.29400837
131,253796,624,corridor ,0.25556755
132,253796,624,museum/indoor ,0.08717201
133,253796,624,elevator/door ,0.07902909
134,253796,624,elevator_lobby ,0.06711187
135,253796,648,nursery ,0.12517013
136,253796,648,lecture_room ,0.1076872
137,253796,648,museum/indoor ,0.076771654
138,253796,648,locker_room ,0.07614015
139,253796,648,elevator/door ,0.06551291
140,253796,672,museum/indoor ,0.22873278
141,253796,672,lecture_room ,0.107810825
142,253796,672,nursery ,0.088111036
143,253796,672,classroom ,0.08346076
144,253796,672,art_gallery ,0.07128688
145,253796,696,museum/indoor ,0.17116219
146,253796,696,elevator/door ,0.13471392
147,253796,696,elevator_lobby ,0.12413175
148,253796,696,locker_room ,0.086749665
149,253796,696,lecture_room ,0.07291655
150,253796,720,museum/indoor ,0.5099488
151,253796,720,art_gallery ,0.13976328
152,253796,720,elevator_lobby ,0.05790014
153,253796,720,clothing_store ,0.033434916
154,253796,720,science_museum ,0.027232694
155,253796,744,museum/indoor ,0.5480564
156,253796,744,art_gallery ,0.1965581
157,253796,744,artists_loft ,0.057321448
158,253796,744,art_studio ,0.02070274
159,253796,744,lecture_room ,0.017594712
160,253796,768,museum/indoor ,0.50651866
161,253796,768,art_gallery ,0.18089958
162,253796,768,nursery ,0.046968717
163,253796,768,artists_loft ,0.019902036
164,253796,768,reception ,0.013600106
165,253796,792,museum/indoor ,0.29468262
166,253796,792,art_gallery ,0.13135031
167,253796,792,corridor ,0.11190967
168,253796,792,locker_room ,0.041150033
169,253796,792,nursery ,0.027717147
170,253796,816,museum/indoor ,0.6861454
171,253796,816,art_gallery ,0.09645654
172,253796,816,alcove ,0.014801658
173,253796,816,artists_loft ,0.014374243
174,253796,816,attic ,0.014161645
175,253796,840,art_gallery ,0.27490193
176,253796,840,attic ,0.23847432
177,253796,840,museum/indoor ,0.23652892
178,253796,840,alcove ,0.091467954
179,253796,840,art_studio ,0.022867424
180,253796,864,museum/indoor ,0.8350915
181,253796,864,art_gallery ,0.06111772
182,253796,864,science_museum ,0.028573077
183,253796,864,natural_history_museum ,0.020550977
184,253796,864,clean_room ,0.019195007
185,253796,888,museum/indoor ,0.89503574
186,253796,888,art_gallery ,0.057998013
187,253796,888,natural_history_museum ,0.012948277
188,253796,888,science_museum ,0.007955027
189,253796,888,art_studio ,0.006572342
190,253796,912,museum/indoor ,0.35914478
191,253796,912,art_gallery ,0.21145414
192,253796,912,clean_room ,0.11035604
193,253796,912,natural_history_museum ,0.089291275
194,253796,912,science_museum ,0.04885857
195,253796,936,art_gallery ,0.35584623
196,253796,936,museum/indoor ,0.2817613
197,253796,936,bow_window/indoor ,0.12912871
198,253796,936,stage/indoor ,0.058472194
199,253796,936,alcove ,0.052507997
200,253796,960,art_gallery ,0.4597876
201,253796,960,museum/indoor ,0.44502178
202,253796,960,natural_history_museum ,0.03512395
203,253796,960,artists_loft ,0.009656523
204,253796,960,bow_window/indoor ,0.009474839
205,253796,984,museum/indoor ,0.59112567
206,253796,984,art_gallery ,0.3956775
207,253796,984,art_studio ,0.0048349765
208,253796,984,artists_loft ,0.002622086
209,253796,984,natural_history_museum ,0.0014912012
210,253796,1008,museum/indoor ,0.6859215
211,253796,1008,art_gallery ,0.29915324
212,253796,1008,art_studio ,0.005244802
213,253796,1008,natural_history_museum ,0.0022499175
214,253796,1008,artists_loft ,0.0019235115
215,253796,1032,museum/indoor ,0.6093997
216,253796,1032,art_gallery ,0.37330127
217,253796,1032,natural_history_museum ,0.005881776
218,253796,1032,art_studio ,0.0038390534
219,253796,1032,science_museum ,0.0018184751
220,253796,1056,art_gallery ,0.51496804
221,253796,1056,museum/indoor ,0.47086838
222,253796,1056,art_studio ,0.004256421
223,253796,1056,natural_history_museum ,0.0035148761
224,253796,1056,artists_loft ,0.002017417
225,253796,1080,art_gallery ,0.57822984
226,253796,1080,museum/indoor ,0.3960597
227,253796,1080,art_studio ,0.008030162
228,253796,1080,artists_loft ,0.00610948
229,253796,1080,art_school ,0.002335373
230,253796,1104,museum/indoor ,0.5357558
231,253796,1104,art_gallery ,0.43833372
232,253796,1104,artists_loft ,0.005664891
233,253796,1104,art_studio ,0.004836219
234,253796,1104,natural_history_museum ,0.003664242
235,253796,1128,museum/indoor ,0.65518445
236,253796,1128,art_gallery ,0.13889031
237,253796,1128,stage/indoor ,0.056923974
238,253796,1128,art_studio ,0.032834224
239,253796,1128,artists_loft ,0.023694234
240,253796,1152,art_gallery ,0.50762826
241,253796,1152,museum/indoor ,0.15184702
242,253796,1152,clean_room ,0.14740568
243,253796,1152,artists_loft ,0.052373435
244,253796,1152,dressing_room ,0.042376187
245,253796,1176,dressing_room ,0.21083501
246,253796,1176,art_gallery ,0.19892947
247,253796,1176,museum/indoor ,0.12034378
248,253796,1176,clean_room ,0.10561116
249,253796,1176,bathroom ,0.06593139
250,253796,1200,dressing_room ,0.3625828
251,253796,1200,art_gallery ,0.11091791
252,253796,1200,locker_room ,0.05793568
253,253796,1200,museum/indoor ,0.05223685
254,253796,1200,art_studio ,0.0517407
255,253796,1224,art_gallery ,0.68220556
256,253796,1224,art_studio ,0.057006683
257,253796,1224,dressing_room ,0.034530643
258,253796,1224,museum/indoor ,0.031183062
259,253796,1224,artists_loft ,0.02359001
260,253796,1248,art_gallery ,0.4305025
261,253796,1248,museum/indoor ,0.3958912
262,253796,1248,natural_history_museum ,0.035906885
263,253796,1248,clean_room ,0.03230783
264,253796,1248,shower ,0.031923242
265,253796,1272,museum/indoor ,0.39039123
266,253796,1272,clean_room ,0.24583466
267,253796,1272,art_gallery ,0.22049744
268,253796,1272,natural_history_museum ,0.036132753
269,253796,1272,archive ,0.016588248
270,253796,1296,art_gallery ,0.33332047
271,253796,1296,museum/indoor ,0.22434318
272,253796,1296,clean_room ,0.14260772
273,253796,1296,natural_history_museum ,0.06911987
274,253796,1296,art_studio ,0.028545761
275,253796,1320,art_gallery ,0.3906518
276,253796,1320,museum/indoor ,0.13254346
277,253796,1320,art_studio ,0.10881714
278,253796,1320,clothing_store ,0.07884849
279,253796,1320,closet ,0.062136807
280,253796,1344,museum/indoor ,0.3944147
281,253796,1344,art_gallery ,0.23835693
282,253796,1344,natural_history_museum ,0.072585694
283,253796,1344,science_museum ,0.042831626
284,253796,1344,shower ,0.040530477
285,253796,1368,museum/indoor ,0.4817989
286,253796,1368,art_gallery ,0.29919538
287,253796,1368,art_studio ,0.08054685
288,253796,1368,natural_history_museum ,0.022382973
289,253796,1368,science_museum ,0.017371021
290,253796,1392,art_gallery ,0.33290443
291,253796,1392,museum/indoor ,0.31721312
292,253796,1392,natural_history_museum ,0.052913062
293,253796,1392,dressing_room ,0.03104976
294,253796,1392,corridor ,0.028263591
295,253796,1416,art_gallery ,0.52237654
296,253796,1416,museum/indoor ,0.29988295
297,253796,1416,natural_history_museum ,0.036471445
298,253796,1416,science_museum ,0.024163662
299,253796,1416,artists_loft ,0.019008948
300,253796,1440,museum/indoor ,0.6652585
301,253796,1440,art_gallery ,0.18688312
302,253796,1440,natural_history_museum ,0.04024488
303,253796,1440,science_museum ,0.021283327
304,253796,1440,aquarium ,0.019109335
305,253796,1464,museum/indoor ,0.76804036
306,253796,1464,natural_history_museum ,0.07144229
307,253796,1464,art_gallery ,0.038597528
308,253796,1464,dressing_room ,0.03828259
309,253796,1464,science_museum ,0.01463098
310,253796,1488,museum/indoor ,0.46698925
311,253796,1488,dressing_room ,0.14646995
312,253796,1488,art_gallery ,0.06231531
313,253796,1488,natural_history_museum ,0.056074787
314,253796,1488,locker_room ,0.03914526
315,253796,1512,museum/indoor ,0.37039807
316,253796,1512,dressing_room ,0.15707995
317,253796,1512,art_gallery ,0.07790504
318,253796,1512,clothing_store ,0.058632456
319,253796,1512,locker_room ,0.03641423
320,253796,1536,shower ,0.22121507
321,253796,1536,dressing_room ,0.13708754
322,253796,1536,clean_room ,0.11998259
323,253796,1536,art_gallery ,0.063632086
324,253796,1536,museum/indoor ,0.06141966
325,253796,1560,dressing_room ,0.42820317
326,253796,1560,museum/indoor ,0.13200074
327,253796,1560,clothing_store ,0.12886451
328,253796,1560,locker_room ,0.04723417
329,253796,1560,closet ,0.044607155
330,253796,1584,clothing_store ,0.3013661
331,253796,1584,dressing_room ,0.2988375
332,253796,1584,museum/indoor ,0.0953634
333,253796,1584,locker_room ,0.068953544
334,253796,1584,closet ,0.0452845
335,253796,1608,dressing_room ,0.14426214
336,253796,1608,art_gallery ,0.11286672
337,253796,1608,clothing_store ,0.108504884
338,253796,1608,artists_loft ,0.10262853
339,253796,1608,locker_room ,0.10253549
340,253796,1632,locker_room ,0.21968156
341,253796,1632,art_gallery ,0.17093489
342,253796,1632,museum/indoor ,0.144711
343,253796,1632,art_studio ,0.11909472
344,253796,1632,dressing_room ,0.09860991
345,253796,1656,museum/indoor ,0.36185858
346,253796,1656,locker_room ,0.12191706
347,253796,1656,dressing_room ,0.10782336
348,253796,1656,art_gallery ,0.07643619
349,253796,1656,art_studio ,0.070319414
350,253796,1680,locker_room ,0.42196956
351,253796,1680,dressing_room ,0.1742237
352,253796,1680,museum/indoor ,0.1267004
353,253796,1680,clothing_store ,0.10063965
354,253796,1680,clean_room ,0.030478822
355,253796,1704,locker_room ,0.4689977
356,253796,1704,dressing_room ,0.106146984
357,253796,1704,museum/indoor ,0.07194975
358,253796,1704,art_gallery ,0.065738544
359,253796,1704,clothing_store ,0.065639
360,253796,1728,locker_room ,0.85570884
361,253796,1728,dressing_room ,0.06306614
362,253796,1728,clothing_store ,0.015533915
363,253796,1728,art_gallery ,0.010102561
364,253796,1728,art_studio ,0.009941686
365,253796,1752,locker_room ,0.8434887
366,253796,1752,museum/indoor ,0.045652434
367,253796,1752,dressing_room ,0.027728682
368,253796,1752,art_gallery ,0.021402761
369,253796,1752,clothing_store ,0.01315634
370,253796,1776,locker_room ,0.826732
371,253796,1776,dressing_room ,0.05958053
372,253796,1776,closet ,0.021234287
373,253796,1776,clothing_store ,0.016999794
374,253796,1776,art_gallery ,0.016983233
375,253796,1800,locker_room ,0.9078994
376,253796,1800,clothing_store ,0.018094638
377,253796,1800,dressing_room ,0.0141741345
378,253796,1800,museum/indoor ,0.010292626
379,253796,1800,art_gallery ,0.00796744
380,253796,1824,bank_vault ,0.31796107
381,253796,1824,dressing_room ,0.090851404
382,253796,1824,museum/indoor ,0.08287181
383,253796,1824,jewelry_shop ,0.07273112
384,253796,1824,music_studio ,0.035393737
385,253796,1848,bank_vault ,0.2314179
386,253796,1848,museum/indoor ,0.14713983
387,253796,1848,dressing_room ,0.063616656
388,253796,1848,music_studio ,0.05435666
389,253796,1848,stage/indoor ,0.047825035
390,253796,1872,bank_vault ,0.37224835
391,253796,1872,museum/indoor ,0.10368715
392,253796,1872,music_studio ,0.05592524
393,253796,1872,dressing_room ,0.054601762
394,253796,1872,jewelry_shop ,0.04027977
395,253796,1896,museum/indoor ,0.17344585
396,253796,1896,bank_vault ,0.16505444
397,253796,1896,stage/indoor ,0.076695055
398,253796,1896,music_studio ,0.069707826
399,253796,1896,dressing_room ,0.049461227
400,253796,1920,bank_vault ,0.28918487
401,253796,1920,museum/indoor ,0.13433093
402,253796,1920,jewelry_shop ,0.074526235
403,253796,1920,dressing_room ,0.054397356
404,253796,1920,wet_bar ,0.052302457
405,253796,1944,bank_vault ,0.2231829
406,253796,1944,museum/indoor ,0.1011813
407,253796,1944,music_studio ,0.077164486
408,253796,1944,wet_bar ,0.057147924
409,253796,1944,dressing_room ,0.054693762
410,253796,1968,museum/indoor ,0.18502915
411,253796,1968,bank_vault ,0.16891642
412,253796,1968,jewelry_shop ,0.10044589
413,253796,1968,music_studio ,0.06387628
414,253796,1968,dressing_room ,0.044390626
415,253796,1992,museum/indoor ,0.17661276
416,253796,1992,bank_vault ,0.10087805
417,253796,1992,music_studio ,0.094552256
418,253796,1992,stage/indoor ,0.06454338
419,253796,1992,jewelry_shop ,0.061843786
420,253796,2016,museum/indoor ,0.21605906
421,253796,2016,stage/indoor ,0.16888978
422,253796,2016,music_studio ,0.13894217
423,253796,2016,bank_vault ,0.05494061
424,253796,2016,dressing_room ,0.038823966
425,253796,2040,museum/indoor ,0.2109208
426,253796,2040,music_studio ,0.13682847
427,253796,2040,bank_vault ,0.12416635
428,253796,2040,stage/indoor ,0.10596311
429,253796,2040,dressing_room ,0.031231554
430,253796,2064,museum/indoor ,0.22455694
431,253796,2064,music_studio ,0.102461
432,253796,2064,bank_vault ,0.10162216
433,253796,2064,stage/indoor ,0.08382022
434,253796,2064,jewelry_shop ,0.052848645
435,253796,2088,museum/indoor ,0.32533082
436,253796,2088,stage/indoor ,0.13973622
437,253796,2088,music_studio ,0.110350326
438,253796,2088,bank_vault ,0.053261112
439,253796,2088,dressing_room ,0.032931298
440,253796,2112,museum/indoor ,0.41123104
441,253796,2112,stage/indoor ,0.08755864
442,253796,2112,music_studio ,0.078116894
443,253796,2112,bank_vault ,0.05044813
444,253796,2112,jewelry_shop ,0.031670384
445,253796,2136,museum/indoor ,0.23768549
446,253796,2136,bank_vault ,0.17636538
447,253796,2136,stage/indoor ,0.0958689
448,253796,2136,music_studio ,0.0884736
449,253796,2136,bar ,0.033279736
450,253796,2160,museum/indoor ,0.23019738
451,253796,2160,bank_vault ,0.098493315
452,253796,2160,music_studio ,0.08726368
453,253796,2160,stage/indoor ,0.066514224
454,253796,2160,wet_bar ,0.044672806
455,253796,2184,bank_vault ,0.21743907
456,253796,2184,museum/indoor ,0.1549003
457,253796,2184,jewelry_shop ,0.14755997
458,253796,2184,stage/indoor ,0.050551176
459,253796,2184,elevator_lobby ,0.043403354
460,253796,2208,bank_vault ,0.35318515
461,253796,2208,museum/indoor ,0.18789928
462,253796,2208,elevator_lobby ,0.056930434
463,253796,2208,jewelry_shop ,0.052672908
464,253796,2208,elevator/door ,0.038345635
465,253796,2232,museum/indoor ,0.29369137
466,253796,2232,bank_vault ,0.14680193
467,253796,2232,stage/indoor ,0.06281398
468,253796,2232,elevator_lobby ,0.042508166
469,253796,2232,music_studio ,0.036939614
470,253796,2256,bank_vault ,0.27446535
471,253796,2256,museum/indoor ,0.12941131
472,253796,2256,elevator/door ,0.07403303
473,253796,2256,locker_room ,0.05294925
474,253796,2256,music_studio ,0.051458154
475,253796,2280,music_studio ,0.23654343
476,253796,2280,bank_vault ,0.21602632
477,253796,2280,museum/indoor ,0.05876397
478,253796,2280,locker_room ,0.05298465
479,253796,2280,physics_laboratory ,0.043029577
480,253796,2304,bank_vault ,0.3063583
481,253796,2304,music_studio ,0.154955
482,253796,2304,stage/indoor ,0.09326317
483,253796,2304,museum/indoor ,0.06763682
484,253796,2304,locker_room ,0.04609473
485,253796,2328,bank_vault ,0.22524692
486,253796,2328,music_studio ,0.123694845
487,253796,2328,stage/indoor ,0.1019085
488,253796,2328,museum/indoor ,0.088334985
489,253796,2328,locker_room ,0.05139424
490,253796,2352,bank_vault ,0.30078527
491,253796,2352,music_studio ,0.21932152
492,253796,2352,stage/indoor ,0.0996926
493,253796,2352,locker_room ,0.030475516
494,253796,2352,museum/indoor ,0.028643422
495,253796,2376,music_studio ,0.22863393
496,253796,2376,bank_vault ,0.13773099
497,253796,2376,clean_room ,0.048861597
498,253796,2376,locker_room ,0.04622912
499,253796,2376,archive ,0.039409123
500,253796,2400,music_studio ,0.29404163
501,253796,2400,bank_vault ,0.11124231
502,253796,2400,physics_laboratory ,0.059422374
503,253796,2400,chemistry_lab ,0.04193587
504,253796,2400,stage/indoor ,0.040674407
505,253796,2424,music_studio ,0.23428988
506,253796,2424,clean_room ,0.115172654
507,253796,2424,bank_vault ,0.08622555
508,253796,2424,locker_room ,0.0783506
509,253796,2424,physics_laboratory ,0.059572525
510,253796,2448,music_studio ,0.16905917
511,253796,2448,bank_vault ,0.1034574
512,253796,2448,locker_room ,0.10075623
513,253796,2448,stage/indoor ,0.09031975
514,253796,2448,clean_room ,0.076889135
515,253796,2472,music_studio ,0.37580898
516,253796,2472,stage/indoor ,0.17016189
517,253796,2472,locker_room ,0.08083255
518,253796,2472,dressing_room ,0.07502221
519,253796,2472,bank_vault ,0.07156636
520,253796,2496,music_studio ,0.17206104
521,253796,2496,dressing_room ,0.15097234
522,253796,2496,museum/indoor ,0.07300295
523,253796,2496,locker_room ,0.07262401
524,253796,2496,bank_vault ,0.064899616
525,253796,2520,music_studio ,0.26656467
526,253796,2520,stage/indoor ,0.12866607
527,253796,2520,museum/indoor ,0.12766029
528,253796,2520,dressing_room ,0.10159491
529,253796,2520,clean_room ,0.05441963
530,253796,2544,museum/indoor ,0.24913605
531,253796,2544,dressing_room ,0.17488618
532,253796,2544,music_studio ,0.08436169
533,253796,2544,clothing_store ,0.08210826
534,253796,2544,jewelry_shop ,0.068034045
535,253796,2568,museum/indoor ,0.42133042
536,253796,2568,jewelry_shop ,0.16930097
537,253796,2568,dressing_room ,0.06306999
538,253796,2568,art_gallery ,0.048050653
539,253796,2568,office ,0.025553774
540,253796,2592,museum/indoor ,0.34689
541,253796,2592,jewelry_shop ,0.15725057
542,253796,2592,dressing_room ,0.101457156
543,253796,2592,art_gallery ,0.082197316
544,253796,2592,art_studio ,0.03973487
545,253796,2616,museum/indoor ,0.37212116
546,253796,2616,jewelry_shop ,0.121059045
547,253796,2616,dressing_room ,0.102112316
548,253796,2616,art_gallery ,0.09952018
549,253796,2616,art_studio ,0.04520384
550,253796,2640,museum/indoor ,0.5103208
551,253796,2640,stage/indoor ,0.07246615
552,253796,2640,music_studio ,0.060095284
553,253796,2640,physics_laboratory ,0.0364222
554,253796,2640,art_gallery ,0.032102283
555,253796,2664,museum/indoor ,0.44294193
556,253796,2664,bank_vault ,0.08410736
557,253796,2664,jewelry_shop ,0.0592174
558,253796,2664,archive ,0.037985213
559,253796,2664,music_studio ,0.03413268
560,253796,2688,museum/indoor ,0.43022797
561,253796,2688,stage/indoor ,0.10961584
562,253796,2688,archive ,0.092126995
563,253796,2688,music_studio ,0.05664531
564,253796,2688,locker_room ,0.0380255
565,253796,2712,bank_vault ,0.4859048
566,253796,2712,museum/indoor ,0.111642934
567,253796,2712,locker_room ,0.107568175
568,253796,2712,archive ,0.08975323
569,253796,2712,server_room ,0.022080883
570,253796,2736,locker_room ,0.18749364
571,253796,2736,stage/indoor ,0.12467966
572,253796,2736,music_studio ,0.121967204
573,253796,2736,bank_vault ,0.07402177
574,253796,2736,dressing_room ,0.073982954
575,253796,2760,stage/indoor ,0.23001409
576,253796,2760,music_studio ,0.20889004
577,253796,2760,locker_room ,0.09059676
578,253796,2760,dressing_room ,0.049838316
579,253796,2760,basement ,0.04204276
580,253796,2784,music_studio ,0.18520243
581,253796,2784,stage/indoor ,0.16502309
582,253796,2784,bank_vault ,0.11201707
583,253796,2784,museum/indoor ,0.09189106
584,253796,2784,locker_room ,0.04802544
585,253796,2808,music_studio ,0.20728534
586,253796,2808,stage/indoor ,0.12537386
587,253796,2808,museum/indoor ,0.08878755
588,253796,2808,locker_room ,0.064438894
589,253796,2808,bank_vault ,0.063870266
590,253796,2832,music_studio ,0.21732363
591,253796,2832,locker_room ,0.11280948
592,253796,2832,archive ,0.08064374
593,253796,2832,stage/indoor ,0.07980987
594,253796,2832,clean_room ,0.06434651
595,253796,2856,bank_vault ,0.43110073
596,253796,2856,music_studio ,0.06601309
597,253796,2856,locker_room ,0.054377742
598,253796,2856,archive ,0.051349647
599,253796,2856,basement ,0.047250595
600,253796,2880,bank_vault ,0.17578746
601,253796,2880,music_studio ,0.089585744
602,253796,2880,locker_room ,0.081312366
603,253796,2880,archive ,0.07928305
604,253796,2880,museum/indoor ,0.07745643
605,253796,2904,museum/indoor ,0.28781897
606,253796,2904,archive ,0.11694878
607,253796,2904,music_studio ,0.08467234
608,253796,2904,stage/indoor ,0.07044343
609,253796,2904,bank_vault ,0.06660938
610,253796,2928,museum/indoor ,0.2771004
611,253796,2928,music_studio ,0.10322261
612,253796,2928,jewelry_shop ,0.10237606
613,253796,2928,archive ,0.05523933
614,253796,2928,stage/indoor ,0.04982654
615,253796,2952,museum/indoor ,0.26471204
616,253796,2952,music_studio ,0.123756886
617,253796,2952,archive ,0.0708598
618,253796,2952,jewelry_shop ,0.061029386
619,253796,2952,bank_vault ,0.057697684
620,253796,2976,music_studio ,0.34659296
621,253796,2976,bank_vault ,0.07671939
622,253796,2976,stage/indoor ,0.04951159
623,253796,2976,server_room ,0.048505835
624,253796,2976,museum/indoor ,0.044556882
625,253796,3000,music_studio ,0.46797004
626,253796,3000,stage/indoor ,0.0876032
627,253796,3000,server_room ,0.06040734
628,253796,3000,office ,0.037713885
629,253796,3000,bank_vault ,0.030315753
630,253796,3024,music_studio ,0.3000337
631,253796,3024,jewelry_shop ,0.10839662
632,253796,3024,museum/indoor ,0.05861959
633,253796,3024,office ,0.053181987
634,253796,3024,physics_laboratory ,0.04317036
635,253796,3048,music_studio ,0.36666667
636,253796,3048,bank_vault ,0.28295243
637,253796,3048,server_room ,0.063555256
638,253796,3048,physics_laboratory ,0.036595874
639,253796,3048,jewelry_shop ,0.03126413
640,253796,3072,locker_room ,0.17938027
641,253796,3072,bank_vault ,0.1419804
642,253796,3072,archive ,0.11648877
643,253796,3072,museum/indoor ,0.09566656
644,253796,3072,stage/indoor ,0.047233056
645,253796,3096,bank_vault ,0.15257378
646,253796,3096,museum/indoor ,0.14752756
647,253796,3096,locker_room ,0.12468144
648,253796,3096,archive ,0.10103378
649,253796,3096,stage/indoor ,0.09856908
650,253796,3120,bank_vault ,0.20557557
651,253796,3120,museum/indoor ,0.20051718
652,253796,3120,locker_room ,0.08465044
653,253796,3120,stage/indoor ,0.07512634
654,253796,3120,archive ,0.05640183
655,253796,3144,bank_vault ,0.19727807
656,253796,3144,museum/indoor ,0.16920899
657,253796,3144,archive ,0.10702209
658,253796,3144,locker_room ,0.09284718
659,253796,3144,stage/indoor ,0.082495615
660,253796,3168,museum/indoor ,0.1865259
661,253796,3168,bank_vault ,0.15696393
662,253796,3168,locker_room ,0.12230439
663,253796,3168,stage/indoor ,0.09447003
664,253796,3168,archive ,0.070170365
665,253796,3192,bank_vault ,0.26217815
666,253796,3192,museum/indoor ,0.21134423
667,253796,3192,locker_room ,0.15976347
668,253796,3192,archive ,0.0810528
669,253796,3192,stage/indoor ,0.047460865
670,253796,3216,museum/indoor ,0.25580046
671,253796,3216,bank_vault ,0.19995077
672,253796,3216,locker_room ,0.0684736
673,253796,3216,stage/indoor ,0.056391954
674,253796,3216,archive ,0.05538154
675,253796,3240,bank_vault ,0.22163332
676,253796,3240,museum/indoor ,0.22070146
677,253796,3240,stage/indoor ,0.11992867
678,253796,3240,archive ,0.047204208
679,253796,3240,locker_room ,0.046408616
680,253796,3264,bank_vault ,0.2965005
681,253796,3264,museum/indoor ,0.10380123
682,253796,3264,locker_room ,0.09151494
683,253796,3264,stage/indoor ,0.08985711
684,253796,3264,archive ,0.06924429
685,253796,3288,bank_vault ,0.37032554
686,253796,3288,museum/indoor ,0.14546481
687,253796,3288,locker_room ,0.077198185
688,253796,3288,stage/indoor ,0.06383545
689,253796,3288,music_studio ,0.034663692
690,253796,3312,bank_vault ,0.35071185
691,253796,3312,museum/indoor ,0.11861334
692,253796,3312,locker_room ,0.084995955
693,253796,3312,archive ,0.07532422
694,253796,3312,stage/indoor ,0.051402915
695,253796,3336,bank_vault ,0.5749794
696,253796,3336,archive ,0.073599525
697,253796,3336,locker_room ,0.07319391
698,253796,3336,museum/indoor ,0.06841943
699,253796,3336,server_room ,0.026342368
700,253796,3360,museum/indoor ,0.3535409
701,253796,3360,bank_vault ,0.107398294
702,253796,3360,reception ,0.06298489
703,253796,3360,archive ,0.04982857
704,253796,3360,elevator_lobby ,0.048798744
705,253796,3384,museum/indoor ,0.17139247
706,253796,3384,reception ,0.14380608
707,253796,3384,archive ,0.07897287
708,253796,3384,office ,0.07688141
709,253796,3384,locker_room ,0.06510308
710,253796,3408,bank_vault ,0.15101433
711,253796,3408,museum/indoor ,0.079453304
712,253796,3408,archive ,0.07625109
713,253796,3408,music_studio ,0.075875886
714,253796,3408,locker_room ,0.07315656
715,253796,3432,bank_vault ,0.5216396
716,253796,3432,locker_room ,0.17330432
717,253796,3432,elevator_lobby ,0.042170785
718,253796,3432,museum/indoor ,0.03845462
719,253796,3432,elevator/door ,0.03810405
720,253796,3456,bank_vault ,0.40296295
721,253796,3456,stage/indoor ,0.115153916
722,253796,3456,locker_room ,0.08110788
723,253796,3456,elevator/door ,0.059837487
724,253796,3456,elevator_lobby ,0.05201568
725,253796,3480,bank_vault ,0.425925
726,253796,3480,locker_room ,0.108949736
727,253796,3480,museum/indoor ,0.077657446
728,253796,3480,stage/indoor ,0.053483546
729,253796,3480,elevator/door ,0.049754493
730,253796,3504,bank_vault ,0.31042492
731,253796,3504,locker_room ,0.10966403
732,253796,3504,archive ,0.08858194
733,253796,3504,museum/indoor ,0.05653436
734,253796,3504,music_studio ,0.056292072
735,253796,3528,bank_vault ,0.23211874
736,253796,3528,museum/indoor ,0.14200844
737,253796,3528,archive ,0.111290246
738,253796,3528,locker_room ,0.09010522
739,253796,3528,office ,0.057068974
740,253796,3552,bank_vault ,0.36283803
741,253796,3552,locker_room ,0.20641795
742,253796,3552,elevator/door ,0.10438261
743,253796,3552,elevator_lobby ,0.06822045
744,253796,3552,music_studio ,0.031374343
745,253796,3576,stage/indoor ,0.23347731
746,253796,3576,clean_room ,0.17058659
747,253796,3576,locker_room ,0.09326173
748,253796,3576,museum/indoor ,0.07470009
749,253796,3576,art_gallery ,0.058673017
750,253796,3600,clean_room ,0.21218519
751,253796,3600,bow_window/indoor ,0.18085463
752,253796,3600,stage/indoor ,0.108857274
753,253796,3600,shower ,0.06188193
754,253796,3600,art_gallery ,0.046949666
755,253796,3624,shower ,0.35876277
756,253796,3624,clean_room ,0.15115261
757,253796,3624,museum/indoor ,0.051579844
758,253796,3624,science_museum ,0.041141275
759,253796,3624,elevator/door ,0.035566967
760,253796,3648,shower ,0.26787287
761,253796,3648,bow_window/indoor ,0.15701821
762,253796,3648,attic ,0.07256808
763,253796,3648,bathroom ,0.04770748
764,253796,3648,basement ,0.03600705
765,253796,3672,locker_room ,0.33035874
766,253796,3672,elevator/door ,0.19291094
767,253796,3672,elevator_lobby ,0.08007131
768,253796,3672,classroom ,0.037624814
769,253796,3672,lobby ,0.027579732
770,253796,3696,locker_room ,0.17951544
771,253796,3696,classroom ,0.16381864
772,253796,3696,office ,0.1275563
773,253796,3696,reception ,0.10721053
774,253796,3696,lecture_room ,0.08956374
775,253796,3720,locker_room ,0.1746907
776,253796,3720,classroom ,0.16480339
777,253796,3720,office ,0.0929703
778,253796,3720,lecture_room ,0.07781722
779,253796,3720,reception ,0.06757483
780,253796,3744,locker_room ,0.16187142
781,253796,3744,classroom ,0.15836553
782,253796,3744,lecture_room ,0.09850152
783,253796,3744,reception ,0.07518737
784,253796,3744,office ,0.0742054
785,253796,3768,locker_room ,0.18286619
786,253796,3768,classroom ,0.10590727
787,253796,3768,office ,0.10350549
788,253796,3768,reception ,0.096940346
789,253796,3768,lobby ,0.063778706
790,253796,3792,reception ,0.19805986
791,253796,3792,office ,0.14886205
792,253796,3792,classroom ,0.08190022
793,253796,3792,art_gallery ,0.0772189
794,253796,3792,lecture_room ,0.045634136
795,253796,3816,art_gallery ,0.17409444
796,253796,3816,locker_room ,0.12343143
797,253796,3816,classroom ,0.11894376
798,253796,3816,office ,0.092692256
799,253796,3816,reception ,0.082093775
800,253796,3840,art_gallery ,0.11564136
801,253796,3840,locker_room ,0.07930874
802,253796,3840,stage/indoor ,0.07668496
803,253796,3840,clean_room ,0.07017536
804,253796,3840,music_studio ,0.0651527
805,253796,3864,art_gallery ,0.22427404
806,253796,3864,stage/indoor ,0.07746281
807,253796,3864,clean_room ,0.06681504
808,253796,3864,music_studio ,0.06526766
809,253796,3864,office ,0.052015767
810,253796,3888,art_gallery ,0.27655256
811,253796,3888,clean_room ,0.07859743
812,253796,3888,museum/indoor ,0.07219776
813,253796,3888,natural_history_museum ,0.05161456
814,253796,3888,office ,0.043325946
815,253796,3912,art_gallery ,0.17273965
816,253796,3912,stage/indoor ,0.11858383
817,253796,3912,museum/indoor ,0.11197896
818,253796,3912,music_studio ,0.08707588
819,253796,3912,clean_room ,0.055322118
820,253796,3936,art_gallery ,0.15239388
821,253796,3936,clean_room ,0.075233415
822,253796,3936,locker_room ,0.074439146
823,253796,3936,stage/indoor ,0.06872354
824,253796,3936,office ,0.061866757
825,253796,3960,art_gallery ,0.20588084
826,253796,3960,office ,0.08613639
827,253796,3960,clean_room ,0.053160645
828,253796,3960,museum/indoor ,0.052135136
829,253796,3960,classroom ,0.050737444
830,253796,3984,art_gallery ,0.1690232
831,253796,3984,jewelry_shop ,0.08934141
832,253796,3984,office ,0.07361086
833,253796,3984,reception ,0.060841158
834,253796,3984,art_studio ,0.03926009
835,253796,4008,art_gallery ,0.4895242
836,253796,4008,museum/indoor ,0.09367785
837,253796,4008,natural_history_museum ,0.079120785
838,253796,4008,clean_room ,0.0454948
839,253796,4008,science_museum ,0.03544066
840,253796,4032,art_gallery ,0.31670773
841,253796,4032,office ,0.046479024
842,253796,4032,museum/indoor ,0.045654256
843,253796,4032,art_studio ,0.04047867
844,253796,4032,archive ,0.03706882
845,253796,4056,art_gallery ,0.29661277
846,253796,4056,office ,0.0653414
847,253796,4056,art_studio ,0.048065104
848,253796,4056,locker_room ,0.04546368
849,253796,4056,clean_room ,0.044607047
850,253796,4080,art_gallery ,0.4897987
851,253796,4080,artists_loft ,0.052451346
852,253796,4080,museum/indoor ,0.047821637
853,253796,4080,clean_room ,0.04066681
854,253796,4080,art_studio ,0.034164935
855,253796,4104,art_gallery ,0.2532989
856,253796,4104,office ,0.07944602
857,253796,4104,elevator_lobby ,0.07833738
858,253796,4104,locker_room ,0.075846635
859,253796,4104,museum/indoor ,0.043872036
860,253796,4128,art_gallery ,0.31935593
861,253796,4128,elevator_lobby ,0.086867824
862,253796,4128,locker_room ,0.072639376
863,253796,4128,office ,0.06047035
864,253796,4128,museum/indoor ,0.04184862
865,253796,4152,art_gallery ,0.37099323
866,253796,4152,elevator_lobby ,0.08638776
867,253796,4152,locker_room ,0.061362755
868,253796,4152,office ,0.045093108
869,253796,4152,reception ,0.03640555
870,253796,4176,art_gallery ,0.38380966
871,253796,4176,locker_room ,0.07221704
872,253796,4176,elevator_lobby ,0.052186012
873,253796,4176,museum/indoor ,0.04406583
874,253796,4176,clean_room ,0.043701038
875,253796,4200,locker_room ,0.20067348
876,253796,4200,art_gallery ,0.18765482
877,253796,4200,clean_room ,0.14092278
878,253796,4200,jewelry_shop ,0.0589502
879,253796,4200,dressing_room ,0.05219056
880,253796,4224,clean_room ,0.24378107
881,253796,4224,jewelry_shop ,0.13717577
882,253796,4224,locker_room ,0.09872112
883,253796,4224,office_cubicles ,0.084521376
884,253796,4224,art_gallery ,0.07048165
885,253796,4248,office ,0.30057806
886,253796,4248,basement ,0.10101718
887,253796,4248,music_studio ,0.06568911
888,253796,4248,office_cubicles ,0.056201365
889,253796,4248,attic ,0.048448373
890,253796,4272,classroom ,0.2066489
891,253796,4272,office ,0.15218586
892,253796,4272,art_gallery ,0.07296729
893,253796,4272,server_room ,0.06265047
894,253796,4272,office_cubicles ,0.055866953
895,253796,4296,elevator/door ,0.22513433
896,253796,4296,elevator_lobby ,0.10869901
897,253796,4296,locker_room ,0.0992585
898,253796,4296,server_room ,0.04903024
899,253796,4296,shower ,0.04130487
900,253796,4320,shower ,0.113424815
901,253796,4320,art_gallery ,0.06583788
902,253796,4320,elevator/door ,0.05025713
903,253796,4320,locker_room ,0.045479026
904,253796,4320,office ,0.045302927
905,253796,4344,clean_room ,0.18992434
906,253796,4344,shower ,0.122776486
907,253796,4344,locker_room ,0.09167209
908,253796,4344,bow_window/indoor ,0.04654125
909,253796,4344,server_room ,0.035464823
910,253796,4368,clean_room ,0.4100983
911,253796,4368,locker_room ,0.0793811
912,253796,4368,bow_window/indoor ,0.06331754
913,253796,4368,wet_bar ,0.044323873
914,253796,4368,shower ,0.043508686
915,253796,4392,locker_room ,0.27156845
916,253796,4392,elevator/door ,0.16791749
917,253796,4392,elevator_lobby ,0.12393201
918,253796,4392,reception ,0.097782545
919,253796,4392,nursery ,0.049333815
920,253796,4416,locker_room ,0.32865083
921,253796,4416,elevator/door ,0.16808893
922,253796,4416,reception ,0.09813727
923,253796,4416,elevator_lobby ,0.08835349
924,253796,4416,office ,0.028695807
925,253796,4440,locker_room ,0.21288714
926,253796,4440,elevator_lobby ,0.13468586
927,253796,4440,reception ,0.119081885
928,253796,4440,elevator/door ,0.11342876
929,253796,4440,office ,0.043538447
930,253796,4464,locker_room ,0.28377846
931,253796,4464,elevator/door ,0.22006823
932,253796,4464,elevator_lobby ,0.121546656
933,253796,4464,office ,0.043542497
934,253796,4464,reception ,0.041173898
935,253796,4488,reception ,0.16613331
936,253796,4488,locker_room ,0.13877173
937,253796,4488,nursery ,0.094414584
938,253796,4488,classroom ,0.08249127
939,253796,4488,elevator_lobby ,0.056354597
940,253796,4512,reception ,0.11864211
941,253796,4512,pharmacy ,0.1133878
942,253796,4512,locker_room ,0.099072345
943,253796,4512,drugstore ,0.09134704
944,253796,4512,hospital_room ,0.055864416
945,253796,4536,booth/indoor ,0.24040847
946,253796,4536,pharmacy ,0.14058177
947,253796,4536,reception ,0.092172354
948,253796,4536,drugstore ,0.08004826
949,253796,4536,hospital_room ,0.057863533
950,253796,4560,pharmacy ,0.1791652
951,253796,4560,drugstore ,0.1537778
952,253796,4560,booth/indoor ,0.13680965
953,253796,4560,reception ,0.070889935
954,253796,4560,hospital_room ,0.048973147
955,253796,4584,pharmacy ,0.15480176
956,253796,4584,booth/indoor ,0.10109317
957,253796,4584,hospital ,0.09794877
958,253796,4584,drugstore ,0.085525975
959,253796,4584,hospital_room ,0.073269516
960,253796,4608,booth/indoor ,0.23440322
961,253796,4608,pharmacy ,0.15537703
962,253796,4608,drugstore ,0.09014265
963,253796,4608,hospital ,0.064754695
964,253796,4608,reception ,0.056121066
965,253796,4632,booth/indoor ,0.15270762
966,253796,4632,pharmacy ,0.11488165
967,253796,4632,museum/indoor ,0.09314812
968,253796,4632,reception ,0.08396321
969,253796,4632,drugstore ,0.07260563
970,253796,4656,reception ,0.4085771
971,253796,4656,elevator_lobby ,0.114291266
972,253796,4656,booth/indoor ,0.06892636
973,253796,4656,server_room ,0.051008813
974,253796,4656,elevator/door ,0.048934285
975,253796,4680,reception ,0.22013442
976,253796,4680,elevator_lobby ,0.15317072
977,253796,4680,elevator/door ,0.08399693
978,253796,4680,booth/indoor ,0.083023086
979,253796,4680,server_room ,0.058307737
980,253796,4704,reception ,0.28144634
981,253796,4704,elevator_lobby ,0.1622878
982,253796,4704,server_room ,0.090226114
983,253796,4704,elevator/door ,0.07113299
984,253796,4704,pharmacy ,0.05310961
985,253796,4728,reception ,0.39581192
986,253796,4728,elevator_lobby ,0.11175103
987,253796,4728,server_room ,0.07206978
988,253796,4728,booth/indoor ,0.04684324
989,253796,4728,airport_terminal ,0.03477023
990,253796,4752,reception ,0.32670045
991,253796,4752,booth/indoor ,0.105498575
992,253796,4752,elevator_lobby ,0.07757552
993,253796,4752,server_room ,0.058972567
994,253796,4752,pharmacy ,0.04282342
995,253796,4776,reception ,0.24746227
996,253796,4776,elevator_lobby ,0.17314526
997,253796,4776,lecture_room ,0.08436487
998,253796,4776,booth/indoor ,0.07678544
999,253796,4776,server_room ,0.051620763
1000,253796,4800,reception ,0.28848156
1001,253796,4800,elevator_lobby ,0.12526773
1002,253796,4800,booth/indoor ,0.08436405
1003,253796,4800,server_room ,0.063397706
1004,253796,4800,lecture_room ,0.04258509
1005,253796,4824,reception ,0.2652608
1006,253796,4824,elevator_lobby ,0.10341621
1007,253796,4824,booth/indoor ,0.09755841
1008,253796,4824,lecture_room ,0.06117448
1009,253796,4824,museum/indoor ,0.060476568
1010,253796,4848,reception ,0.18198858
1011,253796,4848,pharmacy ,0.10694634
1012,253796,4848,drugstore ,0.06067799
1013,253796,4848,booth/indoor ,0.059933677
1014,253796,4848,museum/indoor ,0.049090147
1015,253796,4872,booth/indoor ,0.13658309
1016,253796,4872,drugstore ,0.09436526
1017,253796,4872,pharmacy ,0.08533618
1018,253796,4872,nursery ,0.077218436
1019,253796,4872,museum/indoor ,0.074185565
1020,253796,4896,booth/indoor ,0.24086435
1021,253796,4896,drugstore ,0.08995213
1022,253796,4896,reception ,0.078753605
1023,253796,4896,pharmacy ,0.06826247
1024,253796,4896,museum/indoor ,0.046074204
1025,253796,4920,booth/indoor ,0.28927243
1026,253796,4920,pharmacy ,0.120211504
1027,253796,4920,drugstore ,0.09738446
1028,253796,4920,reception ,0.056874808
1029,253796,4920,hospital ,0.042231258
1030,253796,4944,booth/indoor ,0.30988038
1031,253796,4944,drugstore ,0.10473029
1032,253796,4944,pharmacy ,0.09514914
1033,253796,4944,reception ,0.092273824
1034,253796,4944,beauty_salon ,0.035788562
1035,253796,4968,booth/indoor ,0.22509728
1036,253796,4968,reception ,0.1310414
1037,253796,4968,pharmacy ,0.1189541
1038,253796,4968,drugstore ,0.10139313
1039,253796,4968,beauty_salon ,0.036590856
1040,253796,4992,booth/indoor ,0.13382636
1041,253796,4992,pharmacy ,0.07181698
1042,253796,4992,reception ,0.06503025
1043,253796,4992,drugstore ,0.062379695
1044,253796,4992,elevator/door ,0.04219252
1045,253796,5016,classroom ,0.21796206
1046,253796,5016,lecture_room ,0.118407324
1047,253796,5016,booth/indoor ,0.10383053
1048,253796,5016,kindergarden_classroom ,0.06533089
1049,253796,5016,nursery ,0.05723222
1050,253796,5040,elevator/door ,0.19185665
1051,253796,5040,reception ,0.1367729
1052,253796,5040,elevator_lobby ,0.13126837
1053,253796,5040,locker_room ,0.07589163
1054,253796,5040,booth/indoor ,0.06328104
1055,253796,5064,reception ,0.13019878
1056,253796,5064,elevator/door ,0.114235386
1057,253796,5064,booth/indoor ,0.09041689
1058,253796,5064,elevator_lobby ,0.079236515
1059,253796,5064,locker_room ,0.06142543
1060,253796,5088,reception ,0.14504208
1061,253796,5088,elevator/door ,0.12664972
1062,253796,5088,elevator_lobby ,0.08438528
1063,253796,5088,locker_room ,0.07917503
1064,253796,5088,ticket_booth ,0.06802359
1065,253796,5112,reception ,0.1374473
1066,253796,5112,pharmacy ,0.07185455
1067,253796,5112,locker_room ,0.06928013
1068,253796,5112,hospital ,0.060880695
1069,253796,5112,elevator_lobby ,0.05901854
1070,253796,5136,reception ,0.2876908
1071,253796,5136,pharmacy ,0.056484412
1072,253796,5136,booth/indoor ,0.05426055
1073,253796,5136,elevator_lobby ,0.04983137
1074,253796,5136,elevator/door ,0.045888033
1075,253796,5160,reception ,0.20184082
1076,253796,5160,pharmacy ,0.12303941
1077,253796,5160,drugstore ,0.097088605
1078,253796,5160,hospital ,0.08495831
1079,253796,5160,booth/indoor ,0.06884708
1080,253796,5184,reception ,0.16968016
1081,253796,5184,pharmacy ,0.15211642
1082,253796,5184,drugstore ,0.14596416
1083,253796,5184,booth/indoor ,0.08984392
1084,253796,5184,elevator_lobby ,0.04946956
1085,253796,5208,reception ,0.24229932
1086,253796,5208,pharmacy ,0.08784019
1087,253796,5208,elevator_lobby ,0.07506058
1088,253796,5208,hospital ,0.07358287
1089,253796,5208,drugstore ,0.06655115
1090,253796,5232,reception ,0.16106772
1091,253796,5232,pharmacy ,0.10773185
1092,253796,5232,hospital ,0.08881057
1093,253796,5232,booth/indoor ,0.0812863
1094,253796,5232,drugstore ,0.074941024
1095,253796,5256,pharmacy ,0.13362995
1096,253796,5256,elevator_lobby ,0.11705588
1097,253796,5256,hospital ,0.108600125
1098,253796,5256,elevator/door ,0.09944114
1099,253796,5256,drugstore ,0.09856609
1100,253796,5280,reception ,0.15228152
1101,253796,5280,elevator_lobby ,0.1228979
1102,253796,5280,elevator/door ,0.10743935
1103,253796,5280,booth/indoor ,0.07745709
1104,253796,5280,pharmacy ,0.06311087
1105,253796,5304,elevator/door ,0.18588535
1106,253796,5304,elevator_lobby ,0.15736012
1107,253796,5304,reception ,0.14879368
1108,253796,5304,booth/indoor ,0.07080872
1109,253796,5304,locker_room ,0.06745744
1110,253796,5328,booth/indoor ,0.13996185
1111,253796,5328,reception ,0.12763965
1112,253796,5328,drugstore ,0.08523926
1113,253796,5328,pharmacy ,0.08022959
1114,253796,5328,elevator_lobby ,0.07284516
1115,253796,5352,reception ,0.13604367
1116,253796,5352,pharmacy ,0.13279004
1117,253796,5352,drugstore ,0.11641188
1118,253796,5352,booth/indoor ,0.07841423
1119,253796,5352,elevator_lobby ,0.046240333
1120,253796,5376,reception ,0.16881804
1121,253796,5376,booth/indoor ,0.116944596
1122,253796,5376,drugstore ,0.07575791
1123,253796,5376,pharmacy ,0.074337944
1124,253796,5376,elevator_lobby ,0.05926978
1125,253796,5400,reception ,0.27555352
1126,253796,5400,booth/indoor ,0.09412487
1127,253796,5400,elevator_lobby ,0.088698894
1128,253796,5400,elevator/door ,0.072298504
1129,253796,5400,locker_room ,0.052807927
1130,253796,5424,server_room ,0.23025773
1131,253796,5424,clean_room ,0.1306616
1132,253796,5424,reception ,0.08518139
1133,253796,5424,chemistry_lab ,0.07229765
1134,253796,5424,pharmacy ,0.06150664
1135,253796,5448,server_room ,0.26484406
1136,253796,5448,clean_room ,0.1332197
1137,253796,5448,pharmacy ,0.09933821
1138,253796,5448,drugstore ,0.075533114
1139,253796,5448,chemistry_lab ,0.04962727
1140,253796,5472,server_room ,0.21707216
1141,253796,5472,pharmacy ,0.10897606
1142,253796,5472,wet_bar ,0.08360286
1143,253796,5472,chemistry_lab ,0.07782951
1144,253796,5472,drugstore ,0.06849304
1145,253796,5496,chemistry_lab ,0.14784966
1146,253796,5496,clean_room ,0.13731003
1147,253796,5496,pharmacy ,0.11022907
1148,253796,5496,server_room ,0.08631128
1149,253796,5496,museum/indoor ,0.070250385
1150,253796,5520,chemistry_lab ,0.15364225
1151,253796,5520,server_room ,0.12519434
1152,253796,5520,pharmacy ,0.092561066
1153,253796,5520,drugstore ,0.06802227
1154,253796,5520,museum/indoor ,0.06426878
1155,253796,5544,museum/indoor ,0.12398768
1156,253796,5544,pharmacy ,0.123638295
1157,253796,5544,clean_room ,0.11604778
1158,253796,5544,chemistry_lab ,0.109289214
1159,253796,5544,drugstore ,0.09769752
1160,253796,5568,chemistry_lab ,0.16955523
1161,253796,5568,clean_room ,0.15226513
1162,253796,5568,pharmacy ,0.09148053
1163,253796,5568,server_room ,0.081928395
1164,253796,5568,drugstore ,0.074903585
1165,253796,5592,server_room ,0.20043635
1166,253796,5592,chemistry_lab ,0.15244758
1167,253796,5592,clean_room ,0.102213666
1168,253796,5592,pharmacy ,0.08314074
1169,253796,5592,wet_bar ,0.05620189
1170,253796,5616,drugstore ,0.16155203
1171,253796,5616,server_room ,0.15108347
1172,253796,5616,pharmacy ,0.13030832
1173,253796,5616,museum/indoor ,0.07921762
1174,253796,5616,science_museum ,0.0551947
1175,253796,5640,server_room ,0.17718148
1176,253796,5640,museum/indoor ,0.099705465
1177,253796,5640,reception ,0.09017944
1178,253796,5640,pharmacy ,0.08474621
1179,253796,5640,drugstore ,0.082310416
1180,253796,5664,server_room ,0.45441082
1181,253796,5664,pharmacy ,0.09444798
1182,253796,5664,clean_room ,0.071773745
1183,253796,5664,drugstore ,0.067639984
1184,253796,5664,reception ,0.055759344
1185,253796,5688,server_room ,0.27437717
1186,253796,5688,clean_room ,0.09107603
1187,253796,5688,chemistry_lab ,0.080496974
1188,253796,5688,pharmacy ,0.07319673
1189,253796,5688,drugstore ,0.07016226
1190,253796,5712,booth/indoor ,0.1370433
1191,253796,5712,museum/indoor ,0.1198285
1192,253796,5712,server_room ,0.10904475
1193,253796,5712,reception ,0.084472485
1194,253796,5712,science_museum ,0.068805546
1195,253796,5736,booth/indoor ,0.246009
1196,253796,5736,reception ,0.15247364
1197,253796,5736,hospital ,0.083020486
1198,253796,5736,elevator_lobby ,0.06857457
1199,253796,5736,pharmacy ,0.042971227
1200,253796,5760,booth/indoor ,0.2815529
1201,253796,5760,reception ,0.13542077
1202,253796,5760,elevator_lobby ,0.0644304
1203,253796,5760,hospital ,0.05635321
1204,253796,5760,pharmacy ,0.044569537
1205,253796,5784,booth/indoor ,0.17764995
1206,253796,5784,reception ,0.17612673
1207,253796,5784,hospital ,0.113920145
1208,253796,5784,ticket_booth ,0.054790974
1209,253796,5784,pharmacy ,0.049350124
1210,253796,5808,booth/indoor ,0.23410137
1211,253796,5808,elevator_lobby ,0.13540268
1212,253796,5808,hospital ,0.092755884
1213,253796,5808,reception ,0.09264343
1214,253796,5808,elevator/door ,0.07178249
1215,253796,5832,booth/indoor ,0.22980891
1216,253796,5832,elevator_lobby ,0.12225737
1217,253796,5832,reception ,0.11067882
1218,253796,5832,hospital ,0.071368046
1219,253796,5832,elevator/door ,0.068992786
1220,253796,5856,booth/indoor ,0.32631493
1221,253796,5856,reception ,0.11095563
1222,253796,5856,elevator_lobby ,0.047914278
1223,253796,5856,pharmacy ,0.043430593
1224,253796,5856,drugstore ,0.03839131
1225,253796,5880,booth/indoor ,0.28687078
1226,253796,5880,drugstore ,0.120421894
1227,253796,5880,pharmacy ,0.10520603
1228,253796,5880,ice_cream_parlor ,0.05580202
1229,253796,5880,hospital ,0.052252892
1230,253796,5904,reception ,0.4409208
1231,253796,5904,elevator/door ,0.044213664
1232,253796,5904,wet_bar ,0.040452193
1233,253796,5904,locker_room ,0.038379073
1234,253796,5904,ticket_booth ,0.03522688
1235,253796,5928,reception ,0.35023633
1236,253796,5928,elevator_lobby ,0.07481911
1237,253796,5928,elevator/door ,0.05636384
1238,253796,5928,beauty_salon ,0.047060054
1239,253796,5928,booth/indoor ,0.038452566
1240,253796,5952,reception ,0.43685034
1241,253796,5952,beauty_salon ,0.062490605
1242,253796,5952,elevator_lobby ,0.046657197
1243,253796,5952,office ,0.033716366
1244,253796,5952,elevator/door ,0.03366322
1245,253796,5976,reception ,0.39899826
1246,253796,5976,elevator/door ,0.06019602
1247,253796,5976,elevator_lobby ,0.047101848
1248,253796,5976,ticket_booth ,0.04090071
1249,253796,5976,booth/indoor ,0.03249945
1250,253796,6000,reception ,0.44366938
1251,253796,6000,elevator_lobby ,0.059027124
1252,253796,6000,elevator/door ,0.056182843
1253,253796,6000,booth/indoor ,0.05275001
1254,253796,6000,beauty_salon ,0.033085883
1255,253796,6024,reception ,0.26342082
1256,253796,6024,elevator/door ,0.057293233
1257,253796,6024,beauty_salon ,0.057021964
1258,253796,6024,elevator_lobby ,0.04668037
1259,253796,6024,locker_room ,0.042861197
1260,253796,6048,clean_room ,0.3637793
1261,253796,6048,wet_bar ,0.085114084
1262,253796,6048,chemistry_lab ,0.07920348
1263,253796,6048,server_room ,0.07086671
1264,253796,6048,locker_room ,0.03768577
1265,253796,6072,artists_loft ,0.28005078
1266,253796,6072,corridor ,0.18739408
1267,253796,6072,elevator_lobby ,0.15918662
1268,253796,6072,museum/indoor ,0.09571455
1269,253796,6072,art_gallery ,0.09436777
1270,253796,6096,artists_loft ,0.33898205
1271,253796,6096,museum/indoor ,0.15548958
1272,253796,6096,art_gallery ,0.13034643
1273,253796,6096,corridor ,0.11186962
1274,253796,6096,elevator_lobby ,0.09631999
1275,253796,6120,corridor ,0.33991697
1276,253796,6120,elevator_lobby ,0.18304281
1277,253796,6120,artists_loft ,0.1251956
1278,253796,6120,museum/indoor ,0.05783779
1279,253796,6120,art_gallery ,0.053881608
1280,253796,6144,corridor ,0.32445204
1281,253796,6144,artists_loft ,0.1447486
1282,253796,6144,museum/indoor ,0.07135175
1283,253796,6144,elevator_lobby ,0.069866896
1284,253796,6144,art_gallery ,0.054965105
1285,253796,6168,corridor ,0.32828626
1286,253796,6168,elevator_lobby ,0.17919993
1287,253796,6168,entrance_hall ,0.07031782
1288,253796,6168,locker_room ,0.06689924
1289,253796,6168,lobby ,0.05602196
1290,253796,6192,artists_loft ,0.1618528
1291,253796,6192,corridor ,0.16129178
1292,253796,6192,elevator_lobby ,0.11523882
1293,253796,6192,art_gallery ,0.07984229
1294,253796,6192,entrance_hall ,0.064249344
1295,253796,6216,artists_loft ,0.1932382
1296,253796,6216,corridor ,0.12343754
1297,253796,6216,art_gallery ,0.10803199
1298,253796,6216,clean_room ,0.05858409
1299,253796,6216,bow_window/indoor ,0.05188511
1300,253796,6240,corridor ,0.12379853
1301,253796,6240,shower ,0.1198875
1302,253796,6240,locker_room ,0.105994046
1303,253796,6240,basement ,0.07397682
1304,253796,6240,elevator_lobby ,0.0733752
1305,253796,6264,basement ,0.16032276
1306,253796,6264,elevator/door ,0.11215417
1307,253796,6264,corridor ,0.10879138
1308,253796,6264,elevator_lobby ,0.10473301
1309,253796,6264,locker_room ,0.069989346
1310,253796,6288,corridor ,0.1746677
1311,253796,6288,construction_site ,0.06463861
1312,253796,6288,basement ,0.05897917
1313,253796,6288,jail_cell ,0.05685546
1314,253796,6288,clean_room ,0.044844028
1315,253796,6312,clean_room ,0.14879219
1316,253796,6312,jail_cell ,0.07252105
1317,253796,6312,oilrig ,0.062210407
1318,253796,6312,shower ,0.053678
1319,253796,6312,museum/indoor ,0.05124795
1320,253796,6336,corridor ,0.14522573
1321,253796,6336,clean_room ,0.13211924
1322,253796,6336,museum/indoor ,0.07615132
1323,253796,6336,shower ,0.05290571
1324,253796,6336,art_gallery ,0.041459862
1325,253796,6360,locker_room ,0.31191513
1326,253796,6360,clean_room ,0.18442252
1327,253796,6360,shower ,0.10429436
1328,253796,6360,corridor ,0.05083929
1329,253796,6360,artists_loft ,0.035631232
1330,253796,6384,shower ,0.49171934
1331,253796,6384,locker_room ,0.24306634
1332,253796,6384,clean_room ,0.04631035
1333,253796,6384,bathroom ,0.02895627
1334,253796,6384,wet_bar ,0.015741006
1335,253796,6408,clean_room ,0.29131275
1336,253796,6408,locker_room ,0.1459809
1337,253796,6408,shower ,0.10068729
1338,253796,6408,chemistry_lab ,0.05635804
1339,253796,6408,server_room ,0.043509625
1340,253796,6432,shower ,0.5075928
1341,253796,6432,locker_room ,0.09899921
1342,253796,6432,clean_room ,0.05079991
1343,253796,6432,bathroom ,0.04765372
1344,253796,6432,bank_vault ,0.043783344
1345,253796,6456,bank_vault ,0.53768957
1346,253796,6456,locker_room ,0.10057498
1347,253796,6456,elevator/door ,0.040107463
1348,253796,6456,museum/indoor ,0.03751146
1349,253796,6456,shower ,0.035176236
1350,253796,6480,clean_room ,0.33225578
1351,253796,6480,stage/indoor ,0.13420154
1352,253796,6480,chemistry_lab ,0.06130443
1353,253796,6480,arena/performance ,0.042927396
1354,253796,6480,museum/indoor ,0.039608356
1355,253796,6504,clean_room ,0.73213536
1356,253796,6504,museum/indoor ,0.035488296
1357,253796,6504,shower ,0.024160743
1358,253796,6504,science_museum ,0.012653868
1359,253796,6504,chemistry_lab ,0.010470331
1360,253796,6528,burial_chamber ,0.14324415
1361,253796,6528,art_gallery ,0.120490186
1362,253796,6528,museum/indoor ,0.08950787
1363,253796,6528,barndoor ,0.06643149
1364,253796,6528,clean_room ,0.060427554
1365,253796,6552,bow_window/indoor ,0.38371933
1366,253796,6552,shower ,0.16121925
1367,253796,6552,barndoor ,0.050251823
1368,253796,6552,elevator/door ,0.033241834
1369,253796,6552,alcove ,0.032206375
1370,253796,6576,jail_cell ,0.44804335
1371,253796,6576,basement ,0.29873374
1372,253796,6576,locker_room ,0.13638185
1373,253796,6576,elevator/door ,0.014972111
1374,253796,6576,bathroom ,0.011516376
1375,253796,6600,bow_window/indoor ,0.5687081
1376,253796,6600,attic ,0.27893168
1377,253796,6600,alcove ,0.045787916
1378,253796,6600,jail_cell ,0.016160086
1379,253796,6600,basement ,0.014025693
1380,253796,6624,bow_window/indoor ,0.74720824
1381,253796,6624,alcove ,0.1338188
1382,253796,6624,attic ,0.08321195
1383,253796,6624,arch ,0.006951792
1384,253796,6624,entrance_hall ,0.0049620597
1385,253796,6648,bow_window/indoor ,0.7812598
1386,253796,6648,alcove ,0.09095453
1387,253796,6648,attic ,0.090701945
1388,253796,6648,entrance_hall ,0.008413069
1389,253796,6648,artists_loft ,0.0078036245
1390,253796,6672,office ,0.21829161
1391,253796,6672,conference_room ,0.20083842
1392,253796,6672,restaurant ,0.129381
1393,253796,6672,dining_room ,0.04939781
1394,253796,6672,office_cubicles ,0.04561659
1395,253796,6696,dining_room ,0.19558378
1396,253796,6696,restaurant ,0.17407781
1397,253796,6696,conference_room ,0.17333268
1398,253796,6696,office ,0.06431948
1399,253796,6696,classroom ,0.05263574
1400,253796,6720,dining_room ,0.17929225
1401,253796,6720,archive ,0.13141216
1402,253796,6720,restaurant ,0.11582979
1403,253796,6720,coffee_shop ,0.072920196
1404,253796,6720,office ,0.06913419
1405,253796,6744,restaurant ,0.2032512
1406,253796,6744,dining_room ,0.110620804
1407,253796,6744,chemistry_lab ,0.078564145
1408,253796,6744,biology_laboratory ,0.072605304
1409,253796,6744,clean_room ,0.053532705
1410,253796,6768,dining_room ,0.7471403
1411,253796,6768,dining_hall ,0.07006484
1412,253796,6768,restaurant ,0.067168154
1413,253796,6768,banquet_hall ,0.036496717
1414,253796,6768,conference_room ,0.020017616
1415,253796,6792,office ,0.28884494
1416,253796,6792,archive ,0.17619513
1417,253796,6792,home_office ,0.16257976
1418,253796,6792,clean_room ,0.09364045
1419,253796,6792,reception ,0.050961267
1420,253796,6816,chemistry_lab ,0.23566954
1421,253796,6816,clean_room ,0.12113298
1422,253796,6816,pharmacy ,0.07044867
1423,253796,6816,archive ,0.064635925
1424,253796,6816,biology_laboratory ,0.04352147
1425,253796,6840,archive ,0.1601149
1426,253796,6840,clean_room ,0.1380856
1427,253796,6840,operating_room ,0.09359062
1428,253796,6840,chemistry_lab ,0.08983632
1429,253796,6840,office ,0.08069109
1430,253796,6864,hospital_room ,0.28288355
1431,253796,6864,bedroom ,0.1279612
1432,253796,6864,hotel_room ,0.09304893
1433,253796,6864,operating_room ,0.08250454
1434,253796,6864,shower ,0.06961255
1435,253796,6888,hospital_room ,0.40129992
1436,253796,6888,operating_room ,0.23286603
1437,253796,6888,clean_room ,0.20286971
1438,253796,6888,bedroom ,0.037217047
1439,253796,6888,dressing_room ,0.015463936
1440,253796,6912,clean_room ,0.91524756
1441,253796,6912,operating_room ,0.021842264
1442,253796,6912,chemistry_lab ,0.014567621
1443,253796,6912,hospital_room ,0.014536867
1444,253796,6912,pharmacy ,0.012491126
1445,253796,6936,clean_room ,0.93244946
1446,253796,6936,dressing_room ,0.0152561525
1447,253796,6936,art_gallery ,0.011554109
1448,253796,6936,museum/indoor ,0.0071788384
1449,253796,6936,chemistry_lab ,0.004944382
1450,253796,6960,museum/indoor ,0.3596563
1451,253796,6960,clean_room ,0.33953613
1452,253796,6960,art_gallery ,0.060930386
1453,253796,6960,nursery ,0.022236275
1454,253796,6960,archive ,0.021606602
1455,253796,6984,clean_room ,0.6046422
1456,253796,6984,chemistry_lab ,0.11634399
1457,253796,6984,biology_laboratory ,0.07645605
1458,253796,6984,pharmacy ,0.04858332
1459,253796,6984,archive ,0.046455406
1460,253796,7008,clean_room ,0.2681463
1461,253796,7008,museum/indoor ,0.22358784
1462,253796,7008,chemistry_lab ,0.113114566
1463,253796,7008,art_gallery ,0.036322933
1464,253796,7008,beauty_salon ,0.035904516
1465,253796,7032,clean_room ,0.48393542
1466,253796,7032,museum/indoor ,0.18897851
1467,253796,7032,art_gallery ,0.086587526
1468,253796,7032,chemistry_lab ,0.047931496
1469,253796,7032,art_studio ,0.030454272
1470,253796,7056,clean_room ,0.9395315
1471,253796,7056,museum/indoor ,0.016463693
1472,253796,7056,chemistry_lab ,0.014129523
1473,253796,7056,art_gallery ,0.0035056602
1474,253796,7056,archive ,0.0029629688
1475,253796,7080,clean_room ,0.7646309
1476,253796,7080,museum/indoor ,0.07233882
1477,253796,7080,chemistry_lab ,0.036179263
1478,253796,7080,art_gallery ,0.012847332
1479,253796,7080,locker_room ,0.007678991
1480,253796,7104,clean_room ,0.58606726
1481,253796,7104,museum/indoor ,0.07830164
1482,253796,7104,chemistry_lab ,0.074457526
1483,253796,7104,art_gallery ,0.030873043
1484,253796,7104,art_studio ,0.021197608
1485,253796,7128,clean_room ,0.48428407
1486,253796,7128,museum/indoor ,0.14500602
1487,253796,7128,chemistry_lab ,0.053469595
1488,253796,7128,art_gallery ,0.034483906
1489,253796,7128,physics_laboratory ,0.029154459
1490,253796,7152,clean_room ,0.5790637
1491,253796,7152,chemistry_lab ,0.083721384
1492,253796,7152,biology_laboratory ,0.078905895
1493,253796,7152,jewelry_shop ,0.05233802
1494,253796,7152,physics_laboratory ,0.023399401
1495,253796,7176,clean_room ,0.7800246
1496,253796,7176,chemistry_lab ,0.054654717
1497,253796,7176,biology_laboratory ,0.03392359
1498,253796,7176,museum/indoor ,0.019530084
1499,253796,7176,jewelry_shop ,0.0153649775
1500,253796,7200,clean_room ,0.29173845
1501,253796,7200,chemistry_lab ,0.18684317
1502,253796,7200,operating_room ,0.09387313
1503,253796,7200,hospital_room ,0.07816762
1504,253796,7200,pharmacy ,0.042105354
1505,253796,7224,clean_room ,0.4068703
1506,253796,7224,hospital_room ,0.23018754
1507,253796,7224,operating_room ,0.08046162
1508,253796,7224,chemistry_lab ,0.03879356
1509,253796,7224,museum/indoor ,0.023822455
1510,253796,7248,hospital_room ,0.39944056
1511,253796,7248,operating_room ,0.23227057
1512,253796,7248,clean_room ,0.15721025
1513,253796,7248,nursing_home ,0.027205288
1514,253796,7248,beauty_salon ,0.025907617
1515,253796,7272,museum/indoor ,0.21105358
1516,253796,7272,hospital_room ,0.12429833
1517,253796,7272,art_studio ,0.08505439
1518,253796,7272,clean_room ,0.06352822
1519,253796,7272,childs_room ,0.044628598
1520,253796,7296,hospital_room ,0.27504197
1521,253796,7296,clean_room ,0.107537284
1522,253796,7296,dressing_room ,0.09259745
1523,253796,7296,operating_room ,0.090032786
1524,253796,7296,art_studio ,0.054559648
1525,253796,7320,hospital_room ,0.40319964
1526,253796,7320,operating_room ,0.09774531
1527,253796,7320,clean_room ,0.077352114
1528,253796,7320,dressing_room ,0.049318086
1529,253796,7320,bedroom ,0.04838361
1530,253796,7344,hospital_room ,0.4884588
1531,253796,7344,operating_room ,0.11167053
1532,253796,7344,bedroom ,0.1090295
1533,253796,7344,childs_room ,0.055517927
1534,253796,7344,clean_room ,0.049409855
1535,253796,7368,hospital_room ,0.24408117
1536,253796,7368,childs_room ,0.1208021
1537,253796,7368,nursery ,0.07912511
1538,253796,7368,art_studio ,0.07557829
1539,253796,7368,operating_room ,0.06246628
1540,253796,7392,hospital_room ,0.40124682
1541,253796,7392,operating_room ,0.098539285
1542,253796,7392,clean_room ,0.080325164
1543,253796,7392,art_studio ,0.06868616
1544,253796,7392,museum/indoor ,0.037901364
1545,253796,7416,hospital_room ,0.22775564
1546,253796,7416,operating_room ,0.102389604
1547,253796,7416,art_studio ,0.09184773
1548,253796,7416,bedroom ,0.06701459
1549,253796,7416,museum/indoor ,0.06469984
1550,253796,7440,hospital_room ,0.18139978
1551,253796,7440,art_studio ,0.1233932
1552,253796,7440,clean_room ,0.074477494
1553,253796,7440,operating_room ,0.06389844
1554,253796,7440,archive ,0.06154055
1555,253796,7464,operating_room ,0.32594433
1556,253796,7464,hospital_room ,0.28565094
1557,253796,7464,clean_room ,0.10906133
1558,253796,7464,childs_room ,0.037745047
1559,253796,7464,bedroom ,0.031941283
1560,253796,7488,museum/indoor ,0.64835906
1561,253796,7488,art_gallery ,0.2054448
1562,253796,7488,art_studio ,0.053157292
1563,253796,7488,archive ,0.031962965
1564,253796,7488,art_school ,0.012128962
1565,253796,7512,museum/indoor ,0.86498463
1566,253796,7512,art_gallery ,0.07425767
1567,253796,7512,art_studio ,0.026649857
1568,253796,7512,artists_loft ,0.010929789
1569,253796,7512,clean_room ,0.0062763127
1570,253796,7536,museum/indoor ,0.8972746
1571,253796,7536,art_gallery ,0.04443863
1572,253796,7536,art_studio ,0.014017656
1573,253796,7536,artists_loft ,0.011152575
1574,253796,7536,archive ,0.009497864
1575,253796,7560,museum/indoor ,0.7487943
1576,253796,7560,archive ,0.09197209
1577,253796,7560,art_gallery ,0.08746418
1578,253796,7560,clean_room ,0.047543567
1579,253796,7560,art_studio ,0.002858101
1580,253796,7584,museum/indoor ,0.86413544
1581,253796,7584,clean_room ,0.034331832
1582,253796,7584,archive ,0.019220397
1583,253796,7584,art_gallery ,0.015565196
1584,253796,7584,bow_window/indoor ,0.007165055
1585,253796,7608,clean_room ,0.372764
1586,253796,7608,museum/indoor ,0.34017444
1587,253796,7608,archive ,0.12049867
1588,253796,7608,art_gallery ,0.05952989
1589,253796,7608,science_museum ,0.023713952
1590,253796,7632,clean_room ,0.8390301
1591,253796,7632,dressing_room ,0.08122404
1592,253796,7632,museum/indoor ,0.026625086
1593,253796,7632,archive ,0.009829323
1594,253796,7632,art_gallery ,0.0069403974
1595,253796,7656,clean_room ,0.50708485
1596,253796,7656,art_gallery ,0.16722299
1597,253796,7656,museum/indoor ,0.13486607
1598,253796,7656,archive ,0.11138571
1599,253796,7656,science_museum ,0.0098416805
1600,253796,7680,museum/indoor ,0.6213595
1601,253796,7680,art_gallery ,0.1284849
1602,253796,7680,art_studio ,0.050116573
1603,253796,7680,martial_arts_gym ,0.041701406
1604,253796,7680,archive ,0.03965485
1605,253796,7704,museum/indoor ,0.51114017
1606,253796,7704,art_gallery ,0.1774348
1607,253796,7704,clean_room ,0.07384799
1608,253796,7704,art_studio ,0.039950803
1609,253796,7704,dressing_room ,0.028613266
1610,253796,7728,clean_room ,0.6644484
1611,253796,7728,museum/indoor ,0.10279548
1612,253796,7728,archive ,0.04402943
1613,253796,7728,art_gallery ,0.041346163
1614,253796,7728,chemistry_lab ,0.030791653
1615,253796,7752,museum/indoor ,0.471252
1616,253796,7752,clean_room ,0.32408386
1617,253796,7752,archive ,0.07129716
1618,253796,7752,art_gallery ,0.06487818
1619,253796,7752,physics_laboratory ,0.009929335
1620,253796,7776,clean_room ,0.5763686
1621,253796,7776,archive ,0.15007539
1622,253796,7776,museum/indoor ,0.08230364
1623,253796,7776,art_gallery ,0.040156294
1624,253796,7776,chemistry_lab ,0.016095571
1625,253796,7800,clean_room ,0.8633916
1626,253796,7800,archive ,0.036635414
1627,253796,7800,chemistry_lab ,0.01384776
1628,253796,7800,physics_laboratory ,0.011205759
1629,253796,7800,office ,0.009414478
1630,253796,7824,clean_room ,0.8930774
1631,253796,7824,art_gallery ,0.026765034
1632,253796,7824,museum/indoor ,0.014387561
1633,253796,7824,chemistry_lab ,0.011796234
1634,253796,7824,archive ,0.011675071
1635,253796,7848,clean_room ,0.6411157
1636,253796,7848,art_gallery ,0.09823215
1637,253796,7848,museum/indoor ,0.08886358
1638,253796,7848,art_studio ,0.03994306
1639,253796,7848,archive ,0.018897641
1640,253796,7872,museum/indoor ,0.5655296
1641,253796,7872,art_gallery ,0.27773586
1642,253796,7872,clean_room ,0.06599045
1643,253796,7872,art_studio ,0.025055919
1644,253796,7872,archive ,0.018684763
1645,253796,7896,stage/indoor ,0.34393084
1646,253796,7896,clean_room ,0.18468763
1647,253796,7896,museum/indoor ,0.16661523
1648,253796,7896,art_gallery ,0.054575026
1649,253796,7896,discotheque ,0.03362148
1650,253796,7920,museum/indoor ,0.6379988
1651,253796,7920,art_gallery ,0.09338211
1652,253796,7920,clean_room ,0.039789263
1653,253796,7920,science_museum ,0.038847238
1654,253796,7920,shower ,0.03604461
1655,253796,7944,clean_room ,0.46997446
1656,253796,7944,museum/indoor ,0.11501074
1657,253796,7944,shower ,0.06044593
1658,253796,7944,chemistry_lab ,0.05708559
1659,253796,7944,physics_laboratory ,0.026494429
1660,253796,7968,museum/indoor ,0.5758696
1661,253796,7968,shower ,0.23022364
1662,253796,7968,science_museum ,0.033274546
1663,253796,7968,art_gallery ,0.02206275
1664,253796,7968,bow_window/indoor ,0.022037202
1665,253796,7992,museum/indoor ,0.3082883
1666,253796,7992,bow_window/indoor ,0.28963658
1667,253796,7992,shower ,0.096828915
1668,253796,7992,art_gallery ,0.09136725
1669,253796,7992,artists_loft ,0.04503646
1670,253796,8016,museum/indoor ,0.6722313
1671,253796,8016,art_gallery ,0.10317647
1672,253796,8016,clean_room ,0.02970448
1673,253796,8016,art_studio ,0.026809312
1674,253796,8016,chemistry_lab ,0.026573015
1675,253796,8040,museum/indoor ,0.5247605
1676,253796,8040,art_gallery ,0.13967979
1677,253796,8040,bow_window/indoor ,0.07767207
1678,253796,8040,art_studio ,0.06129162
1679,253796,8040,clean_room ,0.03984003
1680,253796,8064,chemistry_lab ,0.4742866
1681,253796,8064,clean_room ,0.13544457
1682,253796,8064,biology_laboratory ,0.066143
1683,253796,8064,museum/indoor ,0.06427408
1684,253796,8064,physics_laboratory ,0.04098504
1685,253796,8088,museum/indoor ,0.63011557
1686,253796,8088,science_museum ,0.09757666
1687,253796,8088,art_gallery ,0.07356234
1688,253796,8088,chemistry_lab ,0.040391304
1689,253796,8088,shower ,0.036645867
1690,253796,8112,dressing_room ,0.51448417
1691,253796,8112,clean_room ,0.110096216
1692,253796,8112,museum/indoor ,0.10573774
1693,253796,8112,chemistry_lab ,0.03423223
1694,253796,8112,art_gallery ,0.03314274
1695,253796,8136,museum/indoor ,0.55137074
1696,253796,8136,art_gallery ,0.09379798
1697,253796,8136,dressing_room ,0.08471841
1698,253796,8136,clean_room ,0.06946505
1699,253796,8136,archive ,0.059811953
1700,253796,8160,chemistry_lab ,0.35996482
1701,253796,8160,dressing_room ,0.15509143
1702,253796,8160,jewelry_shop ,0.096130185
1703,253796,8160,biology_laboratory ,0.062194295
1704,253796,8160,clean_room ,0.051995818
1705,253796,8184,museum/indoor ,0.6279131
1706,253796,8184,art_gallery ,0.2404003
1707,253796,8184,clean_room ,0.04862743
1708,253796,8184,archive ,0.018465621
1709,253796,8184,artists_loft ,0.013992269
1710,253796,8208,museum/indoor ,0.574401
1711,253796,8208,clean_room ,0.3375554
1712,253796,8208,dressing_room ,0.03222763
1713,253796,8208,art_gallery ,0.026862992
1714,253796,8208,archive ,0.013770835
1715,253796,8232,museum/indoor ,0.3693923
1716,253796,8232,dressing_room ,0.26447788
1717,253796,8232,clean_room ,0.15545982
1718,253796,8232,archive ,0.06214347
1719,253796,8232,art_gallery ,0.045724984
1720,253796,8256,museum/indoor ,0.88526154
1721,253796,8256,art_gallery ,0.058843523
1722,253796,8256,art_studio ,0.015871387
1723,253796,8256,dressing_room ,0.015376828
1724,253796,8256,archive ,0.007017321
1725,253796,8280,museum/indoor ,0.7672577
1726,253796,8280,art_gallery ,0.106721096
1727,253796,8280,dressing_room ,0.035227068
1728,253796,8280,art_studio ,0.034950327
1729,253796,8280,clean_room ,0.008346553
1730,253796,8304,museum/indoor ,0.7994008
1731,253796,8304,art_gallery ,0.11496138
1732,253796,8304,art_studio ,0.04354172
1733,253796,8304,dressing_room ,0.010646551
1734,253796,8304,art_school ,0.008524977
1735,253796,8328,museum/indoor ,0.8037194
1736,253796,8328,art_gallery ,0.108706355
1737,253796,8328,art_studio ,0.025588568
1738,253796,8328,dressing_room ,0.013688948
1739,253796,8328,stage/indoor ,0.00977446
1740,253796,8352,museum/indoor ,0.81804204
1741,253796,8352,art_gallery ,0.11491425
1742,253796,8352,art_studio ,0.025340175
1743,253796,8352,dressing_room ,0.0108241355
1744,253796,8352,art_school ,0.0063235937
1745,253796,8376,museum/indoor ,0.9442743
1746,253796,8376,art_gallery ,0.028525492
1747,253796,8376,archive ,0.008943091
1748,253796,8376,art_studio ,0.006774823
1749,253796,8376,art_school ,0.0018129908
1750,253796,8400,museum/indoor ,0.9579348
1751,253796,8400,art_gallery ,0.031854935
1752,253796,8400,art_studio ,0.0030336406
1753,253796,8400,natural_history_museum ,0.0021374985
1754,253796,8400,archive ,0.0015468777
1755,253796,8424,museum/indoor ,0.97037137
1756,253796,8424,art_gallery ,0.020339206
1757,253796,8424,art_studio ,0.0033654445
1758,253796,8424,archive ,0.0021450738
1759,253796,8424,art_school ,0.00071334396
1760,253796,8448,museum/indoor ,0.87347394
1761,253796,8448,art_gallery ,0.08866062
1762,253796,8448,art_studio ,0.014744084
1763,253796,8448,art_school ,0.0044682296
1764,253796,8448,archive ,0.004218602
1765,253796,8472,museum/indoor ,0.9382082
1766,253796,8472,art_gallery ,0.046874277
1767,253796,8472,art_studio ,0.0072866413
1768,253796,8472,archive ,0.0015071792
1769,253796,8472,art_school ,0.0012846448
1770,253796,8496,museum/indoor ,0.90987325
1771,253796,8496,art_gallery ,0.07679527
1772,253796,8496,art_studio ,0.0041335807
1773,253796,8496,artists_loft ,0.0019036506
1774,253796,8496,natural_history_museum ,0.0018450585
1775,253796,8520,museum/indoor ,0.29143062
1776,253796,8520,art_studio ,0.14378704
1777,253796,8520,music_studio ,0.11150287
1778,253796,8520,stage/indoor ,0.090755075
1779,253796,8520,art_gallery ,0.07789999
1780,253796,8544,museum/indoor ,0.35431707
1781,253796,8544,archive ,0.16335487
1782,253796,8544,art_studio ,0.06956765
1783,253796,8544,art_gallery ,0.064219035
1784,253796,8544,dressing_room ,0.04064305
1785,253796,8568,museum/indoor ,0.41599292
1786,253796,8568,archive ,0.13476673
1787,253796,8568,classroom ,0.10000364
1788,253796,8568,art_studio ,0.074480854
1789,253796,8568,art_school ,0.045330934
1790,253796,8592,museum/indoor ,0.5454839
1791,253796,8592,classroom ,0.19959716
1792,253796,8592,lecture_room ,0.06272481
1793,253796,8592,art_studio ,0.04853344
1794,253796,8592,art_school ,0.047460686
1795,253796,8616,museum/indoor ,0.53141207
1796,253796,8616,art_studio ,0.088850476
1797,253796,8616,art_school ,0.05960203
1798,253796,8616,art_gallery ,0.059586573
1799,253796,8616,martial_arts_gym ,0.05897026
1800,253796,8640,museum/indoor ,0.57880956
1801,253796,8640,art_gallery ,0.18578292
1802,253796,8640,art_studio ,0.08659118
1803,253796,8640,dressing_room ,0.03074534
1804,253796,8640,art_school ,0.027454255
1805,253796,8664,museum/indoor ,0.94482297
1806,253796,8664,art_gallery ,0.021910565
1807,253796,8664,art_studio ,0.0048669884
1808,253796,8664,archive ,0.0046936874
1809,253796,8664,science_museum ,0.003914082
1810,253796,8688,museum/indoor ,0.91938174
1811,253796,8688,art_gallery ,0.02935382
1812,253796,8688,dressing_room ,0.012917756
1813,253796,8688,archive ,0.011291561
1814,253796,8688,art_studio ,0.007978324
1815,253796,8712,museum/indoor ,0.96622443
1816,253796,8712,art_gallery ,0.014133357
1817,253796,8712,art_studio ,0.005779634
1818,253796,8712,archive ,0.00490953
1819,253796,8712,dressing_room ,0.0015995754
1820,253796,8736,museum/indoor ,0.9651802
1821,253796,8736,art_gallery ,0.017014353
1822,253796,8736,art_studio ,0.0045947405
1823,253796,8736,archive ,0.002887045
1824,253796,8736,clean_room ,0.0013399145
1825,253796,8760,museum/indoor ,0.88555956
1826,253796,8760,art_gallery ,0.036297344
1827,253796,8760,dressing_room ,0.020959403
1828,253796,8760,art_studio ,0.016441029
1829,253796,8760,clean_room ,0.014066083
1830,253796,8784,museum/indoor ,0.6656594
1831,253796,8784,dressing_room ,0.076437645
1832,253796,8784,archive ,0.06844733
1833,253796,8784,clothing_store ,0.033334907
1834,253796,8784,art_gallery ,0.022469584
1835,253796,8808,museum/indoor ,0.63679206
1836,253796,8808,dressing_room ,0.10544215
1837,253796,8808,archive ,0.04954999
1838,253796,8808,stage/indoor ,0.030027663
1839,253796,8808,locker_room ,0.02437914
1840,253796,8832,museum/indoor ,0.73021555
1841,253796,8832,dressing_room ,0.09813523
1842,253796,8832,art_gallery ,0.039547574
1843,253796,8832,clothing_store ,0.03784746
1844,253796,8832,archive ,0.018302638
1845,253796,8856,museum/indoor ,0.6257198
1846,253796,8856,dressing_room ,0.103326455
1847,253796,8856,archive ,0.061088204
1848,253796,8856,art_gallery ,0.056096517
1849,253796,8856,clothing_store ,0.027576026
1850,253796,8880,museum/indoor ,0.66377866
1851,253796,8880,dressing_room ,0.07893177
1852,253796,8880,clothing_store ,0.060718533
1853,253796,8880,archive ,0.047920812
1854,253796,8880,art_gallery ,0.03312275
1855,253796,8904,museum/indoor ,0.5949938
1856,253796,8904,stage/indoor ,0.09630832
1857,253796,8904,dressing_room ,0.061267875
1858,253796,8904,art_gallery ,0.04067592
1859,253796,8904,clothing_store ,0.030448053
1860,253796,8928,museum/indoor ,0.3819021
1861,253796,8928,art_gallery ,0.16435558
1862,253796,8928,dressing_room ,0.12015788
1863,253796,8928,art_studio ,0.06283091
1864,253796,8928,clothing_store ,0.035718605
1865,253796,8952,museum/indoor ,0.40629613
1866,253796,8952,art_studio ,0.14172927
1867,253796,8952,art_gallery ,0.14068173
1868,253796,8952,dressing_room ,0.09053821
1869,253796,8952,art_school ,0.028388085
1870,253796,8976,museum/indoor ,0.32920334
1871,253796,8976,dressing_room ,0.12704356
1872,253796,8976,art_studio ,0.11606101
1873,253796,8976,art_gallery ,0.09208181
1874,253796,8976,office ,0.05375501
1875,253796,9000,museum/indoor ,0.3312825
1876,253796,9000,art_studio ,0.110387646
1877,253796,9000,art_gallery ,0.09557237
1878,253796,9000,dressing_room ,0.060649868
1879,253796,9000,artists_loft ,0.05873382
1880,253796,9024,museum/indoor ,0.26808178
1881,253796,9024,dressing_room ,0.18509616
1882,253796,9024,art_studio ,0.0939644
1883,253796,9024,art_gallery ,0.08228739
1884,253796,9024,archive ,0.04815356
1885,253796,9048,museum/indoor ,0.34484464
1886,253796,9048,art_studio ,0.10682952
1887,253796,9048,office ,0.07392134
1888,253796,9048,art_gallery ,0.0697523
1889,253796,9048,artists_loft ,0.06624889
1890,253796,9072,museum/indoor ,0.7072871
1891,253796,9072,art_studio ,0.07163437
1892,253796,9072,artists_loft ,0.05735052
1893,253796,9072,art_gallery ,0.03556532
1894,253796,9072,office ,0.024525858
1895,253796,9096,museum/indoor ,0.2927417
1896,253796,9096,art_studio ,0.10298696
1897,253796,9096,dressing_room ,0.10066461
1898,253796,9096,art_gallery ,0.06488756
1899,253796,9096,artists_loft ,0.059352204
1900,253796,9120,museum/indoor ,0.6653644
1901,253796,9120,art_studio ,0.08254468
1902,253796,9120,dressing_room ,0.06860929
1903,253796,9120,art_gallery ,0.04930764
1904,253796,9120,artists_loft ,0.019688841
1905,253796,9144,museum/indoor ,0.9031014
1906,253796,9144,dressing_room ,0.025985379
1907,253796,9144,art_gallery ,0.02059339
1908,253796,9144,art_studio ,0.016992293
1909,253796,9144,stage/indoor ,0.0075411764
1910,253796,9168,museum/indoor ,0.7520671
1911,253796,9168,art_studio ,0.0875155
1912,253796,9168,art_gallery ,0.047496572
1913,253796,9168,dressing_room ,0.026690822
1914,253796,9168,artists_loft ,0.02609004
1915,253796,9192,museum/indoor ,0.5726036
1916,253796,9192,art_studio ,0.13699213
1917,253796,9192,dressing_room ,0.08620627
1918,253796,9192,art_gallery ,0.05091086
1919,253796,9192,artists_loft ,0.040085014
1920,253796,9216,museum/indoor ,0.52114964
1921,253796,9216,art_studio ,0.12185759
1922,253796,9216,dressing_room ,0.06114315
1923,253796,9216,artists_loft ,0.050471462
1924,253796,9216,stage/indoor ,0.02825275
1925,253796,9240,museum/indoor ,0.6069766
1926,253796,9240,art_studio ,0.13546592
1927,253796,9240,artists_loft ,0.053422015
1928,253796,9240,art_gallery ,0.038790546
1929,253796,9240,stage/indoor ,0.018784877
1930,253796,9264,museum/indoor ,0.47341213
1931,253796,9264,art_studio ,0.12279756
1932,253796,9264,artists_loft ,0.077659056
1933,253796,9264,dressing_room ,0.05786556
1934,253796,9264,art_school ,0.028287591
1935,253796,9288,museum/indoor ,0.45518515
1936,253796,9288,dressing_room ,0.30267465
1937,253796,9288,art_studio ,0.04349863
1938,253796,9288,clothing_store ,0.03211165
1939,253796,9288,artists_loft ,0.029853834
1940,253796,9312,dressing_room ,0.30509883
1941,253796,9312,clean_room ,0.08420334
1942,253796,9312,hospital_room ,0.07909198
1943,253796,9312,operating_room ,0.06995823
1944,253796,9312,art_studio ,0.042610403
1945,253796,9336,archive ,0.2782752
1946,253796,9336,music_studio ,0.103882045
1947,253796,9336,operating_room ,0.10059763
1948,253796,9336,clean_room ,0.07628347
1949,253796,9336,dressing_room ,0.071560755
1950,253796,9360,archive ,0.2318805
1951,253796,9360,museum/indoor ,0.2244404
1952,253796,9360,art_studio ,0.120310634
1953,253796,9360,dressing_room ,0.05977671
1954,253796,9360,classroom ,0.03739436
1955,253796,9384,museum/indoor ,0.37328544
1956,253796,9384,archive ,0.1475364
1957,253796,9384,art_studio ,0.11698514
1958,253796,9384,jewelry_shop ,0.042760894
1959,253796,9384,physics_laboratory ,0.028842939
1960,253796,9408,museum/indoor ,0.30345824
1961,253796,9408,art_studio ,0.15206614
1962,253796,9408,archive ,0.14611441
1963,253796,9408,art_school ,0.05139322
1964,253796,9408,classroom ,0.049997054
1965,253796,9432,museum/indoor ,0.38979244
1966,253796,9432,archive ,0.22700189
1967,253796,9432,art_studio ,0.094849646
1968,253796,9432,jewelry_shop ,0.029118596
1969,253796,9432,dressing_room ,0.02567292
1970,253796,9456,museum/indoor ,0.19490285
1971,253796,9456,archive ,0.16951598
1972,253796,9456,art_studio ,0.15304753
1973,253796,9456,office ,0.06911385
1974,253796,9456,clean_room ,0.04388111
1975,253796,9480,museum/indoor ,0.4430438
1976,253796,9480,archive ,0.1464453
1977,253796,9480,art_studio ,0.12528019
1978,253796,9480,office ,0.04505521
1979,253796,9480,art_gallery ,0.03189051
1980,253796,9504,museum/indoor ,0.52659434
1981,253796,9504,archive ,0.17544448
1982,253796,9504,art_studio ,0.054665912
1983,253796,9504,lecture_room ,0.024863465
1984,253796,9504,office ,0.024526319
1985,253796,9528,museum/indoor ,0.24623911
1986,253796,9528,archive ,0.21008845
1987,253796,9528,art_studio ,0.08281696
1988,253796,9528,office ,0.08061247
1989,253796,9528,lecture_room ,0.059781462
1990,253796,9552,archive ,0.31852934
1991,253796,9552,office ,0.14620082
1992,253796,9552,art_studio ,0.118335634
1993,253796,9552,museum/indoor ,0.08541925
1994,253796,9552,classroom ,0.027415311
1995,253796,9576,archive ,0.4178003
1996,253796,9576,office ,0.16484493
1997,253796,9576,art_studio ,0.05915059
1998,253796,9576,classroom ,0.05106156
1999,253796,9576,chemistry_lab ,0.032315247
2000,253796,9600,archive ,0.32500818
2001,253796,9600,art_studio ,0.13483457
2002,253796,9600,office ,0.08538813
2003,253796,9600,museum/indoor ,0.060981736
2004,253796,9600,classroom ,0.0533206
2005,253796,9624,archive ,0.46063867
2006,253796,9624,museum/indoor ,0.11334196
2007,253796,9624,clean_room ,0.08415866
2008,253796,9624,art_studio ,0.060111474
2009,253796,9624,office ,0.05607485
2010,253796,9648,chemistry_lab ,0.23682001
2011,253796,9648,dressing_room ,0.15373445
2012,253796,9648,clean_room ,0.09271697
2013,253796,9648,shower ,0.06030907
2014,253796,9648,locker_room ,0.050167628
2015,253796,9672,clean_room ,0.3762994
2016,253796,9672,dressing_room ,0.12357158
2017,253796,9672,archive ,0.11583882
2018,253796,9672,museum/indoor ,0.106546395
2019,253796,9672,locker_room ,0.09011904
2020,253796,9696,museum/indoor ,0.88544923
2021,253796,9696,stage/indoor ,0.041505884
2022,253796,9696,clean_room ,0.03077671
2023,253796,9696,art_gallery ,0.013670413
2024,253796,9696,archive ,0.006002235
2025,253796,9720,museum/indoor ,0.38541427
2026,253796,9720,clean_room ,0.24274623
2027,253796,9720,chemistry_lab ,0.2053969
2028,253796,9720,biology_laboratory ,0.03310098
2029,253796,9720,art_gallery ,0.023089178
2030,253796,9744,museum/indoor ,0.70682114
2031,253796,9744,art_gallery ,0.13336253
2032,253796,9744,archive ,0.07391816
2033,253796,9744,clean_room ,0.018068254
2034,253796,9744,art_studio ,0.013152282
2035,253796,9768,art_gallery ,0.22743317
2036,253796,9768,shower ,0.15645616
2037,253796,9768,museum/indoor ,0.13479687
2038,253796,9768,elevator_lobby ,0.090489104
2039,253796,9768,elevator/door ,0.07571904
2040,253796,9792,museum/indoor ,0.5885307
2041,253796,9792,science_museum ,0.06573087
2042,253796,9792,clean_room ,0.06024784
2043,253796,9792,clothing_store ,0.02870608
2044,253796,9792,art_gallery ,0.026826657
2045,253796,9816,clean_room ,0.6640183
2046,253796,9816,museum/indoor ,0.20597398
2047,253796,9816,art_gallery ,0.033567104
2048,253796,9816,archive ,0.024590302
2049,253796,9816,dressing_room ,0.023555502
2050,253796,9840,museum/indoor ,0.9356595
2051,253796,9840,art_gallery ,0.03266763
2052,253796,9840,dressing_room ,0.007812317
2053,253796,9840,science_museum ,0.005606683
2054,253796,9840,clean_room ,0.004262847
2055,253796,9864,bow_window/indoor ,0.3250655
2056,253796,9864,museum/indoor ,0.18778893
2057,253796,9864,dressing_room ,0.07260105
2058,253796,9864,art_gallery ,0.058289673
2059,253796,9864,archive ,0.042512666
2060,253796,9888,bow_window/indoor ,0.26848504
2061,253796,9888,clean_room ,0.12829016
2062,253796,9888,office ,0.12664388
2063,253796,9888,dressing_room ,0.07085619
2064,253796,9888,hospital_room ,0.0633946
2065,253796,9912,hospital_room ,0.3119471
2066,253796,9912,chemistry_lab ,0.24035344
2067,253796,9912,operating_room ,0.12590204
2068,253796,9912,clean_room ,0.059995487
2069,253796,9912,biology_laboratory ,0.053468417
2070,253796,9936,operating_room ,0.35059887
2071,253796,9936,hospital_room ,0.32891235
2072,253796,9936,clean_room ,0.09754813
2073,253796,9936,archive ,0.047073364
2074,253796,9936,music_studio ,0.036715176
2075,253796,9960,operating_room ,0.3493173
2076,253796,9960,hospital_room ,0.31051537
2077,253796,9960,clean_room ,0.069815174
2078,253796,9960,archive ,0.04063887
2079,253796,9960,jail_cell ,0.036108255
2080,253796,9984,hospital_room ,0.29360145
2081,253796,9984,operating_room ,0.21681644
2082,253796,9984,clean_room ,0.062545136
2083,253796,9984,archive ,0.05600602
2084,253796,9984,office ,0.04242577
2085,253796,10008,operating_room ,0.22674948
2086,253796,10008,hospital_room ,0.17230955
2087,253796,10008,chemistry_lab ,0.09050508
2088,253796,10008,clean_room ,0.088424124
2089,253796,10008,music_studio ,0.08628637
2090,253796,10032,operating_room ,0.18259057
2091,253796,10032,archive ,0.13034159
2092,253796,10032,music_studio ,0.13021424
2093,253796,10032,hospital_room ,0.107494645
2094,253796,10032,jail_cell ,0.06012625
2095,253796,10056,archive ,0.20892063
2096,253796,10056,music_studio ,0.1455701
2097,253796,10056,operating_room ,0.08603663
2098,253796,10056,hospital_room ,0.085347064
2099,253796,10056,physics_laboratory ,0.05140231
2100,253796,10080,clean_room ,0.5561338
2101,253796,10080,museum/indoor ,0.16824204
2102,253796,10080,dressing_room ,0.10513238
2103,253796,10080,science_museum ,0.022243252
2104,253796,10080,art_gallery ,0.0222011
2105,253796,10104,clean_room ,0.36773732
2106,253796,10104,museum/indoor ,0.19835292
2107,253796,10104,dressing_room ,0.18780841
2108,253796,10104,art_gallery ,0.045592155
2109,253796,10104,music_studio ,0.022803592
2110,253796,10128,clean_room ,0.67764217
2111,253796,10128,dressing_room ,0.08312013
2112,253796,10128,museum/indoor ,0.059201658
2113,253796,10128,music_studio ,0.032160874
2114,253796,10128,chemistry_lab ,0.019958517
2115,253796,10152,clean_room ,0.8845141
2116,253796,10152,dressing_room ,0.02436845
2117,253796,10152,operating_room ,0.015099334
2118,253796,10152,museum/indoor ,0.009691556
2119,253796,10152,chemistry_lab ,0.009601364
2120,253796,10176,clean_room ,0.34542787
2121,253796,10176,museum/indoor ,0.32935756
2122,253796,10176,dressing_room ,0.058398347
2123,253796,10176,music_studio ,0.056484815
2124,253796,10176,physics_laboratory ,0.031282328
2125,253796,10200,museum/indoor ,0.54934394
2126,253796,10200,stage/indoor ,0.079465546
2127,253796,10200,clean_room ,0.06603116
2128,253796,10200,ballroom ,0.062375303
2129,253796,10200,music_studio ,0.035349544
2130,253796,10224,clean_room ,0.60040706
2131,253796,10224,museum/indoor ,0.16321231
2132,253796,10224,operating_room ,0.032913715
2133,253796,10224,dressing_room ,0.02885065
2134,253796,10224,science_museum ,0.019460183
2135,253796,10248,stage/indoor ,0.67354476
2136,253796,10248,discotheque ,0.12779202
2137,253796,10248,music_studio ,0.07841775
2138,253796,10248,dressing_room ,0.036666766
2139,253796,10248,museum/indoor ,0.019768829
2140,253796,10272,dressing_room ,0.9039047
2141,253796,10272,locker_room ,0.041723683
2142,253796,10272,clean_room ,0.03345859
2143,253796,10272,sauna ,0.005155124
2144,253796,10272,shower ,0.0047631655
2145,253796,10296,dressing_room ,0.45395365
2146,253796,10296,clean_room ,0.23125553
2147,253796,10296,music_studio ,0.061454874
2148,253796,10296,stage/indoor ,0.061194442
2149,253796,10296,clothing_store ,0.03464383
2150,253796,10320,clean_room ,0.84263885
2151,253796,10320,dressing_room ,0.032037895
2152,253796,10320,museum/indoor ,0.028780302
2153,253796,10320,stage/indoor ,0.012033585
2154,253796,10320,chemistry_lab ,0.00968672
2155,253796,10344,clean_room ,0.10958612
2156,253796,10344,dressing_room ,0.088777244
2157,253796,10344,bow_window/indoor ,0.08175732
2158,253796,10344,museum/indoor ,0.07349904
2159,253796,10344,stage/indoor ,0.062660225
2160,253796,10368,museum/indoor ,0.5892056
2161,253796,10368,dressing_room ,0.09276328
2162,253796,10368,clean_room ,0.047767844
2163,253796,10368,locker_room ,0.035830546
2164,253796,10368,bow_window/indoor ,0.030080952
2165,253796,10392,museum/indoor ,0.16566268
2166,253796,10392,nursery ,0.1436124
2167,253796,10392,clean_room ,0.12921758
2168,253796,10392,locker_room ,0.1134739
2169,253796,10392,dressing_room ,0.081037536
2170,253796,10416,museum/indoor ,0.3796382
2171,253796,10416,nursery ,0.21981122
2172,253796,10416,bow_window/indoor ,0.15409558
2173,253796,10416,clean_room ,0.03774071
2174,253796,10416,stage/indoor ,0.020038655
2175,253796,10440,museum/indoor ,0.8424786
2176,253796,10440,art_gallery ,0.039980687
2177,253796,10440,nursery ,0.025962492
2178,253796,10440,bow_window/indoor ,0.019536655
2179,253796,10440,elevator/door ,0.007181047
2180,253796,10464,museum/indoor ,0.73062027
2181,253796,10464,nursery ,0.11211875
2182,253796,10464,bow_window/indoor ,0.042163987
2183,253796,10464,art_gallery ,0.033579376
2184,253796,10464,elevator/door ,0.010324889
2185,253796,10488,museum/indoor ,0.76434773
2186,253796,10488,bow_window/indoor ,0.053551115
2187,253796,10488,nursery ,0.051887095
2188,253796,10488,art_gallery ,0.042528305
2189,253796,10488,alcove ,0.020159438
2190,253796,10512,museum/indoor ,0.5686998
2191,253796,10512,bow_window/indoor ,0.15290429
2192,253796,10512,nursery ,0.10311773
2193,253796,10512,art_gallery ,0.034801982
2194,253796,10512,alcove ,0.02950457
2195,253796,10536,museum/indoor ,0.5846261
2196,253796,10536,nursery ,0.12309468
2197,253796,10536,bow_window/indoor ,0.091519736
2198,253796,10536,elevator/door ,0.036411103
2199,253796,10536,art_gallery ,0.03071639
2200,253796,10560,museum/indoor ,0.66849524
2201,253796,10560,nursery ,0.06678927
2202,253796,10560,bow_window/indoor ,0.059304498
2203,253796,10560,art_gallery ,0.047839828
2204,253796,10560,elevator/door ,0.028697902
2205,253796,10584,bow_window/indoor ,0.27615452
2206,253796,10584,museum/indoor ,0.25454938
2207,253796,10584,nursery ,0.14957482
2208,253796,10584,doorway/outdoor ,0.044235505
2209,253796,10584,barndoor ,0.04157553
2210,253796,10608,museum/indoor ,0.5029608
2211,253796,10608,nursery ,0.16132186
2212,253796,10608,bow_window/indoor ,0.102075346
2213,253796,10608,art_gallery ,0.04628146
2214,253796,10608,elevator/door ,0.026436806
2215,253796,10632,dressing_room ,0.24624902
2216,253796,10632,clothing_store ,0.15834811
2217,253796,10632,museum/indoor ,0.101957686
2218,253796,10632,locker_room ,0.09694842
2219,253796,10632,shoe_shop ,0.06488481
2220,253796,10656,museum/indoor ,0.1771486
2221,253796,10656,dressing_room ,0.16441786
2222,253796,10656,clothing_store ,0.13947609
2223,253796,10656,shoe_shop ,0.1344988
2224,253796,10656,locker_room ,0.06607729
2225,253796,10680,museum/indoor ,0.28810337
2226,253796,10680,clothing_store ,0.1497347
2227,253796,10680,dressing_room ,0.12075796
2228,253796,10680,shoe_shop ,0.07816624
2229,253796,10680,locker_room ,0.0569576
2230,253796,10704,clean_room ,0.95976895
2231,253796,10704,dressing_room ,0.015811438
2232,253796,10704,closet ,0.006699794
2233,253796,10704,hospital_room ,0.0043530916
2234,253796,10704,operating_room ,0.0030169464
2235,253796,10728,clean_room ,0.9467872
2236,253796,10728,dressing_room ,0.017028179
2237,253796,10728,locker_room ,0.006726498
2238,253796,10728,iceberg ,0.004334777
2239,253796,10728,operating_room ,0.002890921
2240,253796,10752,clean_room ,0.9322598
2241,253796,10752,museum/indoor ,0.026605112
2242,253796,10752,dressing_room ,0.0106314
2243,253796,10752,sauna ,0.0076188375
2244,253796,10752,art_gallery ,0.0034149475
2245,253796,10776,clean_room ,0.5063087
2246,253796,10776,dressing_room ,0.29239142
2247,253796,10776,closet ,0.05838477
2248,253796,10776,museum/indoor ,0.018980155
2249,253796,10776,locker_room ,0.018496735
2250,253796,10800,clean_room ,0.773972
2251,253796,10800,dressing_room ,0.07018848
2252,253796,10800,closet ,0.038923044
2253,253796,10800,hospital_room ,0.013488594
2254,253796,10800,nursery ,0.012897214
2255,253796,10824,museum/indoor ,0.7158251
2256,253796,10824,art_gallery ,0.07169732
2257,253796,10824,stage/indoor ,0.040790293
2258,253796,10824,bow_window/indoor ,0.02565821
2259,253796,10824,nursery ,0.015715707
2260,253796,10848,museum/indoor ,0.6182852
2261,253796,10848,bow_window/indoor ,0.077133484
2262,253796,10848,art_gallery ,0.056441665
2263,253796,10848,elevator/door ,0.044055965
2264,253796,10848,stage/indoor ,0.025917077
2265,253796,10872,museum/indoor ,0.6588809
2266,253796,10872,bow_window/indoor ,0.06549394
2267,253796,10872,art_gallery ,0.06509507
2268,253796,10872,elevator/door ,0.040959682
2269,253796,10872,alcove ,0.024688587
2270,253796,10896,museum/indoor ,0.6635542
2271,253796,10896,art_gallery ,0.07155308
2272,253796,10896,bow_window/indoor ,0.061110966
2273,253796,10896,elevator/door ,0.03714834
2274,253796,10896,stage/indoor ,0.019084068
2275,253796,10920,museum/indoor ,0.5929313
2276,253796,10920,bow_window/indoor ,0.09089401
2277,253796,10920,art_gallery ,0.059015088
2278,253796,10920,elevator/door ,0.04764993
2279,253796,10920,doorway/outdoor ,0.025894135
2280,253796,10944,museum/indoor ,0.6216034
2281,253796,10944,bow_window/indoor ,0.081408896
2282,253796,10944,art_gallery ,0.06839506
2283,253796,10944,elevator/door ,0.045047015
2284,253796,10944,nursery ,0.02465909
2285,253796,10968,museum/indoor ,0.6633222
2286,253796,10968,bow_window/indoor ,0.06003688
2287,253796,10968,art_gallery ,0.054734364
2288,253796,10968,elevator/door ,0.042467438
2289,253796,10968,doorway/outdoor ,0.016982479
2290,253796,10992,museum/indoor ,0.57173836
2291,253796,10992,bow_window/indoor ,0.087839186
2292,253796,10992,nursery ,0.07037503
2293,253796,10992,art_gallery ,0.053483948
2294,253796,10992,elevator/door ,0.03638192
2295,253796,11016,museum/indoor ,0.64812696
2296,253796,11016,nursery ,0.1085354
2297,253796,11016,bow_window/indoor ,0.05406121
2298,253796,11016,art_gallery ,0.038777255
2299,253796,11016,alcove ,0.01752239
2300,253796,11040,museum/indoor ,0.843318
2301,253796,11040,art_gallery ,0.03891464
2302,253796,11040,bow_window/indoor ,0.036596477
2303,253796,11040,stage/indoor ,0.017696396
2304,253796,11040,elevator/door ,0.012136009
2305,253796,11064,museum/indoor ,0.71855354
2306,253796,11064,bow_window/indoor ,0.07422071
2307,253796,11064,elevator/door ,0.042170398
2308,253796,11064,art_gallery ,0.03610212
2309,253796,11064,nursery ,0.029447177
2310,253796,11088,chemistry_lab ,0.25913882
2311,253796,11088,clean_room ,0.23937254
2312,253796,11088,bow_window/indoor ,0.151149
2313,253796,11088,museum/indoor ,0.07563604
2314,253796,11088,jewelry_shop ,0.037607674
2315,253796,11112,dressing_room ,0.22181164
2316,253796,11112,shower ,0.12288904
2317,253796,11112,bow_window/indoor ,0.11185805
2318,253796,11112,beauty_salon ,0.07054559
2319,253796,11112,museum/indoor ,0.06928011
2320,253796,11136,dressing_room ,0.3406821
2321,253796,11136,museum/indoor ,0.32549804
2322,253796,11136,bow_window/indoor ,0.059179597
2323,253796,11136,beauty_salon ,0.042644735
2324,253796,11136,jewelry_shop ,0.03168423
2325,253796,11160,museum/indoor ,0.49909195
2326,253796,11160,dressing_room ,0.12318252
2327,253796,11160,art_gallery ,0.07507188
2328,253796,11160,clean_room ,0.052565694
2329,253796,11160,shower ,0.04033574
2330,253796,11184,dressing_room ,0.3712041
2331,253796,11184,museum/indoor ,0.18245788
2332,253796,11184,clean_room ,0.16375552
2333,253796,11184,art_gallery ,0.053125724
2334,253796,11184,clothing_store ,0.04776546
2335,253796,11208,dressing_room ,0.37022817
2336,253796,11208,shower ,0.2842471
2337,253796,11208,clean_room ,0.07947339
2338,253796,11208,museum/indoor ,0.03409952
2339,253796,11208,stage/indoor ,0.025645616
2340,253796,11232,clean_room ,0.68356043
2341,253796,11232,dressing_room ,0.13276343
2342,253796,11232,chemistry_lab ,0.05644776
2343,253796,11232,museum/indoor ,0.021758586
2344,253796,11232,biology_laboratory ,0.011361193
2345,253796,11256,stage/indoor ,0.758722
2346,253796,11256,museum/indoor ,0.0780924
2347,253796,11256,discotheque ,0.030835327
2348,253796,11256,dressing_room ,0.01939214
2349,253796,11256,ballroom ,0.018196316
2350,253796,11280,stage/indoor ,0.80248594
2351,253796,11280,dressing_room ,0.042524762
2352,253796,11280,museum/indoor ,0.036658604
2353,253796,11280,discotheque ,0.029662505
2354,253796,11280,ballroom ,0.027554914
2355,253796,11304,dressing_room ,0.47124475
2356,253796,11304,museum/indoor ,0.24596356
2357,253796,11304,clean_room ,0.060997237
2358,253796,11304,clothing_store ,0.032677036
2359,253796,11304,stage/indoor ,0.032353092
2360,253796,11328,museum/indoor ,0.18768564
2361,253796,11328,stage/indoor ,0.18328528
2362,253796,11328,dressing_room ,0.16974574
2363,253796,11328,music_studio ,0.16957682
2364,253796,11328,discotheque ,0.036386844
2365,253796,11352,museum/indoor ,0.71406996
2366,253796,11352,archive ,0.042880863
2367,253796,11352,music_studio ,0.038764983
2368,253796,11352,stage/indoor ,0.03299641
2369,253796,11352,clean_room ,0.024413668
2370,253796,11376,museum/indoor ,0.8343704
2371,253796,11376,stage/indoor ,0.05755333
2372,253796,11376,clean_room ,0.022266772
2373,253796,11376,music_studio ,0.019542469
2374,253796,11376,dressing_room ,0.016565798
2375,253796,11400,museum/indoor ,0.5226149
2376,253796,11400,stage/indoor ,0.1278481
2377,253796,11400,music_studio ,0.109423354
2378,253796,11400,dressing_room ,0.06637153
2379,253796,11400,natural_history_museum ,0.025460197
2380,253796,11424,museum/indoor ,0.47879624
2381,253796,11424,dressing_room ,0.20799161
2382,253796,11424,stage/indoor ,0.051422358
2383,253796,11424,clean_room ,0.048840053
2384,253796,11424,music_studio ,0.027769223
2385,253796,11448,museum/indoor ,0.4715876
2386,253796,11448,stage/indoor ,0.11614614
2387,253796,11448,dressing_room ,0.10760485
2388,253796,11448,music_studio ,0.0961929
2389,253796,11448,clean_room ,0.055514134
2390,253796,11472,dressing_room ,0.40349808
2391,253796,11472,museum/indoor ,0.28273505
2392,253796,11472,clean_room ,0.12848891
2393,253796,11472,stage/indoor ,0.030837663
2394,253796,11472,music_studio ,0.02644279
2395,253796,11496,museum/indoor ,0.29910704
2396,253796,11496,stage/indoor ,0.29752922
2397,253796,11496,clean_room ,0.13655934
2398,253796,11496,discotheque ,0.07101069
2399,253796,11496,music_studio ,0.050640997
2400,253796,11520,dressing_room ,0.8901496
2401,253796,11520,beauty_salon ,0.02434526
2402,253796,11520,museum/indoor ,0.019012908
2403,253796,11520,clean_room ,0.013510885
2404,253796,11520,clothing_store ,0.0071307374
2405,253796,11544,clean_room ,0.22698858
2406,253796,11544,discotheque ,0.12960312
2407,253796,11544,music_studio ,0.11009621
2408,253796,11544,museum/indoor ,0.0838794
2409,253796,11544,dressing_room ,0.04267937
2410,253796,11568,clean_room ,0.64327073
2411,253796,11568,museum/indoor ,0.13911971
2412,253796,11568,dressing_room ,0.07672237
2413,253796,11568,art_gallery ,0.02378002
2414,253796,11568,operating_room ,0.022157004
2415,253796,11592,museum/indoor ,0.4719922
2416,253796,11592,clean_room ,0.18002096
2417,253796,11592,art_gallery ,0.067743525
2418,253796,11592,art_studio ,0.04404608
2419,253796,11592,beauty_salon ,0.04121996
2420,253796,11616,clean_room ,0.5568223
2421,253796,11616,museum/indoor ,0.18614392
2422,253796,11616,beauty_salon ,0.046424765
2423,253796,11616,art_gallery ,0.03239475
2424,253796,11616,dressing_room ,0.032171816
2425,253796,11640,clean_room ,0.46268952
2426,253796,11640,museum/indoor ,0.3040008
2427,253796,11640,art_gallery ,0.05147185
2428,253796,11640,beauty_salon ,0.0473369
2429,253796,11640,art_studio ,0.024571858
2430,253796,11664,clean_room ,0.58289135
2431,253796,11664,museum/indoor ,0.1939349
2432,253796,11664,dressing_room ,0.058274988
2433,253796,11664,art_gallery ,0.03675333
2434,253796,11664,beauty_salon ,0.027474415
2435,253796,11688,clean_room ,0.5163206
2436,253796,11688,museum/indoor ,0.07637067
2437,253796,11688,art_gallery ,0.07466814
2438,253796,11688,locker_room ,0.05812288
2439,253796,11688,dressing_room ,0.036568325
2440,253796,11712,museum/indoor ,0.4041768
2441,253796,11712,clean_room ,0.2972067
2442,253796,11712,art_gallery ,0.051288225
2443,253796,11712,dressing_room ,0.039017823
2444,253796,11712,archive ,0.02710822
2445,253796,11736,museum/indoor ,0.4580741
2446,253796,11736,clean_room ,0.28015158
2447,253796,11736,art_gallery ,0.075651556
2448,253796,11736,dressing_room ,0.074079305
2449,253796,11736,locker_room ,0.019045254
2450,253796,11760,museum/indoor ,0.6717804
2451,253796,11760,art_gallery ,0.20575944
2452,253796,11760,clean_room ,0.06200348
2453,253796,11760,natural_history_museum ,0.015451162
2454,253796,11760,science_museum ,0.014821448
2455,253796,11784,museum/indoor ,0.7391228
2456,253796,11784,art_gallery ,0.088237755
2457,253796,11784,clean_room ,0.068955965
2458,253796,11784,natural_history_museum ,0.031956773
2459,253796,11784,science_museum ,0.02742646
2460,253796,11808,museum/indoor ,0.7349611
2461,253796,11808,art_gallery ,0.08563618
2462,253796,11808,clean_room ,0.082666956
2463,253796,11808,natural_history_museum ,0.033787966
2464,253796,11808,science_museum ,0.03033946
2465,253796,11832,museum/indoor ,0.6442337
2466,253796,11832,clean_room ,0.15514916
2467,253796,11832,art_gallery ,0.111825876
2468,253796,11832,science_museum ,0.024759743
2469,253796,11832,natural_history_museum ,0.018979682
2470,253796,11856,dressing_room ,0.6066281
2471,253796,11856,shower ,0.09773959
2472,253796,11856,locker_room ,0.07228038
2473,253796,11856,clothing_store ,0.06531339
2474,253796,11856,clean_room ,0.06215231
2475,253796,11880,dressing_room ,0.58302385
2476,253796,11880,clean_room ,0.10735713
2477,253796,11880,clothing_store ,0.08296145
2478,253796,11880,shower ,0.06506201
2479,253796,11880,museum/indoor ,0.04532207
2480,253796,11904,dressing_room ,0.27305493
2481,253796,11904,shower ,0.18809076
2482,253796,11904,elevator/door ,0.111390576
2483,253796,11904,locker_room ,0.09114217
2484,253796,11904,elevator_lobby ,0.06900135
2485,253796,11928,shower ,0.1733204
2486,253796,11928,clean_room ,0.17272554
2487,253796,11928,closet ,0.08049354
2488,253796,11928,clothing_store ,0.059498884
2489,253796,11928,elevator/door ,0.055101488
2490,253796,11952,clean_room ,0.22015446
2491,253796,11952,ballroom ,0.18535398
2492,253796,11952,clothing_store ,0.14320096
2493,253796,11952,stage/indoor ,0.07602735
2494,253796,11952,chemistry_lab ,0.04625487
2495,253796,11976,clean_room ,0.25311792
2496,253796,11976,chemistry_lab ,0.14893281
2497,253796,11976,dressing_room ,0.1045321
2498,253796,11976,museum/indoor ,0.08278693
2499,253796,11976,shower ,0.06896234
2500,253796,12000,clean_room ,0.49209473
2501,253796,12000,dressing_room ,0.11083239
2502,253796,12000,museum/indoor ,0.10428644
2503,253796,12000,art_gallery ,0.09034824
2504,253796,12000,clothing_store ,0.050531257
2505,253796,12024,clean_room ,0.46889046
2506,253796,12024,dressing_room ,0.12973332
2507,253796,12024,clothing_store ,0.09497939
2508,253796,12024,chemistry_lab ,0.09098069
2509,253796,12024,biology_laboratory ,0.06928916
2510,253796,12048,museum/indoor ,0.38990608
2511,253796,12048,clean_room ,0.35968715
2512,253796,12048,art_gallery ,0.17297392
2513,253796,12048,dressing_room ,0.017799955
2514,253796,12048,science_museum ,0.012734357
2515,253796,12072,clean_room ,0.5322374
2516,253796,12072,museum/indoor ,0.19864355
2517,253796,12072,dressing_room ,0.1020004
2518,253796,12072,art_gallery ,0.07266235
2519,253796,12072,stage/indoor ,0.021490425
2520,253796,12096,museum/indoor ,0.25614402
2521,253796,12096,art_gallery ,0.2518669
2522,253796,12096,clean_room ,0.17910115
2523,253796,12096,dressing_room ,0.14091086
2524,253796,12096,locker_room ,0.03742161
2525,253796,12120,clean_room ,0.32831904
2526,253796,12120,art_gallery ,0.25565025
2527,253796,12120,museum/indoor ,0.11723658
2528,253796,12120,dressing_room ,0.09953878
2529,253796,12120,elevator/door ,0.062491063
2530,253796,12144,museum/indoor ,0.51593035
2531,253796,12144,clean_room ,0.14867172
2532,253796,12144,stage/indoor ,0.082371674
2533,253796,12144,art_gallery ,0.057714794
2534,253796,12144,dressing_room ,0.040989626
2535,253796,12168,museum/indoor ,0.46687612
2536,253796,12168,dressing_room ,0.15761091
2537,253796,12168,clean_room ,0.14132813
2538,253796,12168,art_gallery ,0.08436577
2539,253796,12168,clothing_store ,0.024659732
2540,253796,12192,dressing_room ,0.22657312
2541,253796,12192,museum/indoor ,0.22629564
2542,253796,12192,clean_room ,0.13601916
2543,253796,12192,art_gallery ,0.096674696
2544,253796,12192,discotheque ,0.07407819
2545,253796,12216,museum/indoor ,0.35779268
2546,253796,12216,art_gallery ,0.29545146
2547,253796,12216,clean_room ,0.14121215
2548,253796,12216,dressing_room ,0.10197391
2549,253796,12216,art_studio ,0.030164741
2550,253796,12240,clean_room ,0.35388714
2551,253796,12240,museum/indoor ,0.21235345
2552,253796,12240,dressing_room ,0.07600388
2553,253796,12240,art_gallery ,0.06643131
2554,253796,12240,locker_room ,0.05563475
2555,253796,12264,dressing_room ,0.3540773
2556,253796,12264,clean_room ,0.26812655
2557,253796,12264,museum/indoor ,0.17018849
2558,253796,12264,art_gallery ,0.11434439
2559,253796,12264,science_museum ,0.02183554
2560,253796,12288,dressing_room ,0.61661404
2561,253796,12288,museum/indoor ,0.124319665
2562,253796,12288,locker_room ,0.08179274
2563,253796,12288,clean_room ,0.08143012
2564,253796,12288,art_gallery ,0.028656557
2565,253796,12312,clean_room ,0.49164096
2566,253796,12312,dressing_room ,0.2318873
2567,253796,12312,museum/indoor ,0.08041762
2568,253796,12312,locker_room ,0.07556301
2569,253796,12312,archive ,0.02240164
2570,253796,12336,discotheque ,0.40012357
2571,253796,12336,stage/indoor ,0.22908941
2572,253796,12336,music_studio ,0.20930862
2573,253796,12336,dressing_room ,0.036643364
2574,253796,12336,clean_room ,0.03444056
2575,253796,12360,dressing_room ,0.9306554
2576,253796,12360,discotheque ,0.013734992
2577,253796,12360,clean_room ,0.011326036
2578,253796,12360,locker_room ,0.008772807
2579,253796,12360,museum/indoor ,0.007189456
2580,253796,12384,dressing_room ,0.45636812
2581,253796,12384,museum/indoor ,0.17755161
2582,253796,12384,discotheque ,0.049822915
2583,253796,12384,stage/indoor ,0.043906514
2584,253796,12384,ballroom ,0.035729088
2585,253796,12408,dressing_room ,0.987777
2586,253796,12408,locker_room ,0.0067461403
2587,253796,12408,discotheque ,0.002775076
2588,253796,12408,ballroom ,0.0003804899
2589,253796,12408,clothing_store ,0.00032845922
2590,253796,12432,clean_room ,0.5865305
2591,253796,12432,science_museum ,0.16239484
2592,253796,12432,museum/indoor ,0.07344567
2593,253796,12432,natural_history_museum ,0.07330628
2594,253796,12432,art_gallery ,0.059247933
2595,253796,12456,clean_room ,0.32206276
2596,253796,12456,science_museum ,0.26016104
2597,253796,12456,museum/indoor ,0.17711401
2598,253796,12456,art_gallery ,0.098259576
2599,253796,12456,natural_history_museum ,0.091868795
2600,253796,12480,clean_room ,0.8788297
2601,253796,12480,science_museum ,0.03276016
2602,253796,12480,museum/indoor ,0.029022006
2603,253796,12480,art_gallery ,0.018259892
2604,253796,12480,natural_history_museum ,0.0077172164
2605,253796,12504,clean_room ,0.5221044
2606,253796,12504,museum/indoor ,0.23493442
2607,253796,12504,art_gallery ,0.15076797
2608,253796,12504,science_museum ,0.04861883
2609,253796,12504,natural_history_museum ,0.023727445
2610,253796,12528,clean_room ,0.8032143
2611,253796,12528,art_gallery ,0.060183875
2612,253796,12528,science_museum ,0.04581514
2613,253796,12528,museum/indoor ,0.016147174
2614,253796,12528,chemistry_lab ,0.008980808
2615,253796,12552,clean_room ,0.5079101
2616,253796,12552,art_gallery ,0.16143864
2617,253796,12552,museum/indoor ,0.13525984
2618,253796,12552,science_museum ,0.10297132
2619,253796,12552,natural_history_museum ,0.049286366
2620,253796,12576,museum/indoor ,0.2923915
2621,253796,12576,clean_room ,0.24593227
2622,253796,12576,science_museum ,0.2093833
2623,253796,12576,art_gallery ,0.16887224
2624,253796,12576,natural_history_museum ,0.043140907
2625,253796,12600,museum/indoor ,0.44482407
2626,253796,12600,science_museum ,0.14862642
2627,253796,12600,art_gallery ,0.14305769
2628,253796,12600,clean_room ,0.081104524
2629,253796,12600,natural_history_museum ,0.032559432
2630,253796,12624,clean_room ,0.30134338
2631,253796,12624,museum/indoor ,0.22800432
2632,253796,12624,science_museum ,0.14658445
2633,253796,12624,art_gallery ,0.11795646
2634,253796,12624,operating_room ,0.044775832
2635,253796,12648,clean_room ,0.48788053
2636,253796,12648,art_gallery ,0.11946851
2637,253796,12648,dressing_room ,0.0644386
2638,253796,12648,museum/indoor ,0.051990137
2639,253796,12648,art_studio ,0.047344986
2640,253796,12672,museum/indoor ,0.2665975
2641,253796,12672,clean_room ,0.23846218
2642,253796,12672,art_gallery ,0.1380807
2643,253796,12672,science_museum ,0.1297575
2644,253796,12672,natural_history_museum ,0.08083324
2645,253796,12696,clean_room ,0.4359954
2646,253796,12696,science_museum ,0.17739499
2647,253796,12696,museum/indoor ,0.06586401
2648,253796,12696,stage/indoor ,0.05937382
2649,253796,12696,shower ,0.0494231
2650,253796,12720,dressing_room ,0.9095458
2651,253796,12720,clean_room ,0.041853428
2652,253796,12720,locker_room ,0.025905702
2653,253796,12720,museum/indoor ,0.005305799
2654,253796,12720,art_gallery ,0.0030879136
2655,253796,12744,dressing_room ,0.48691604
2656,253796,12744,clean_room ,0.30240396
2657,253796,12744,art_gallery ,0.042478256
2658,253796,12744,museum/indoor ,0.033893567
2659,253796,12744,locker_room ,0.027171234
2660,253796,12768,dressing_room ,0.49467853
2661,253796,12768,clean_room ,0.39923823
2662,253796,12768,locker_room ,0.022341512
2663,253796,12768,museum/indoor ,0.01751232
2664,253796,12768,art_gallery ,0.012563409
2665,253796,12792,dressing_room ,0.868777
2666,253796,12792,locker_room ,0.03361297
2667,253796,12792,ballroom ,0.024487562
2668,253796,12792,discotheque ,0.02340431
2669,253796,12792,stage/indoor ,0.013532321
2670,253796,12816,dressing_room ,0.8454314
2671,253796,12816,clean_room ,0.07281359
2672,253796,12816,locker_room ,0.021157637
2673,253796,12816,discotheque ,0.013947728
2674,253796,12816,ballroom ,0.007291265
2675,253796,12840,dressing_room ,0.7645488
2676,253796,12840,clean_room ,0.05224972
2677,253796,12840,discotheque ,0.046718393
2678,253796,12840,locker_room ,0.042013545
2679,253796,12840,museum/indoor ,0.03727234
2680,253796,12864,clean_room ,0.9034119
2681,253796,12864,museum/indoor ,0.048252344
2682,253796,12864,art_gallery ,0.020874472
2683,253796,12864,science_museum ,0.0049792463
2684,253796,12864,operating_room ,0.0033806264
2685,253796,12888,clean_room ,0.73267007
2686,253796,12888,museum/indoor ,0.16153489
2687,253796,12888,art_gallery ,0.04591086
2688,253796,12888,science_museum ,0.028276473
2689,253796,12888,natural_history_museum ,0.008367929
2690,253796,12912,museum/indoor ,0.43236575
2691,253796,12912,clean_room ,0.29936334
2692,253796,12912,art_gallery ,0.07506622
2693,253796,12912,art_studio ,0.049809076
2694,253796,12912,archive ,0.018623779
2695,253796,12936,clean_room ,0.33419418
2696,253796,12936,museum/indoor ,0.29019126
2697,253796,12936,art_gallery ,0.11686251
2698,253796,12936,art_studio ,0.082253404
2699,253796,12936,artists_loft ,0.026367553
2700,253796,12960,museum/indoor ,0.3018705
2701,253796,12960,clean_room ,0.2634659
2702,253796,12960,art_gallery ,0.13645497
2703,253796,12960,art_studio ,0.1344853
2704,253796,12960,artists_loft ,0.028444089
2705,253796,12984,museum/indoor ,0.48296458
2706,253796,12984,art_gallery ,0.15326838
2707,253796,12984,art_studio ,0.11740864
2708,253796,12984,clean_room ,0.031172028
2709,253796,12984,artists_loft ,0.029590838
2710,253796,13008,museum/indoor ,0.68794626
2711,253796,13008,art_gallery ,0.096023545
2712,253796,13008,art_studio ,0.06147219
2713,253796,13008,clean_room ,0.029060787
2714,253796,13008,music_studio ,0.022298684
2715,253796,13032,museum/indoor ,0.33734402
2716,253796,13032,clean_room ,0.18199056
2717,253796,13032,art_gallery ,0.1422845
2718,253796,13032,art_studio ,0.095421866
2719,253796,13032,artists_loft ,0.035506055
2720,253796,13056,clean_room ,0.35925245
2721,253796,13056,museum/indoor ,0.18922104
2722,253796,13056,music_studio ,0.1619497
2723,253796,13056,art_gallery ,0.067713276
2724,253796,13056,art_studio ,0.039564434
2725,253796,13080,museum/indoor ,0.33023307
2726,253796,13080,art_gallery ,0.1828715
2727,253796,13080,art_studio ,0.13000718
2728,253796,13080,clean_room ,0.084142596
2729,253796,13080,artists_loft ,0.04127817
2730,253796,13104,museum/indoor ,0.3540857
2731,253796,13104,art_gallery ,0.111305855
2732,253796,13104,clean_room ,0.0948147
2733,253796,13104,art_studio ,0.07388607
2734,253796,13104,dressing_room ,0.07174764
2735,253796,13128,museum/indoor ,0.8338216
2736,253796,13128,art_gallery ,0.06869942
2737,253796,13128,art_studio ,0.027788302
2738,253796,13128,science_museum ,0.022308731
2739,253796,13128,art_school ,0.009669668
2740,253796,13152,museum/indoor ,0.9099624
2741,253796,13152,art_gallery ,0.043759458
2742,253796,13152,science_museum ,0.019258926
2743,253796,13152,art_studio ,0.0071564773
2744,253796,13152,natural_history_museum ,0.0052991603
2745,253796,13176,museum/indoor ,0.87306887
2746,253796,13176,art_gallery ,0.07285714
2747,253796,13176,art_studio ,0.014517915
2748,253796,13176,clean_room ,0.007683306
2749,253796,13176,science_museum ,0.0064501916
2750,253796,13200,discotheque ,0.18033306
2751,253796,13200,museum/indoor ,0.16626626
2752,253796,13200,clean_room ,0.14585932
2753,253796,13200,chemistry_lab ,0.089446545
2754,253796,13200,music_studio ,0.042621113
2755,253796,13224,clean_room ,0.33075437
2756,253796,13224,museum/indoor ,0.3266834
2757,253796,13224,dressing_room ,0.1578631
2758,253796,13224,archive ,0.027190834
2759,253796,13224,science_museum ,0.025101142
2760,253796,13248,stage/indoor ,0.34488416
2761,253796,13248,discotheque ,0.18204667
2762,253796,13248,bar ,0.063638315
2763,253796,13248,dressing_room ,0.0584361
2764,253796,13248,museum/indoor ,0.049335588
2765,253796,13272,stage/indoor ,0.3429046
2766,253796,13272,museum/indoor ,0.18077697
2767,253796,13272,dressing_room ,0.09846583
2768,253796,13272,music_studio ,0.09227497
2769,253796,13272,art_studio ,0.03672122
2770,253796,13296,museum/indoor ,0.31306982
2771,253796,13296,clean_room ,0.13607818
2772,253796,13296,stage/indoor ,0.10733148
2773,253796,13296,dressing_room ,0.08414171
2774,253796,13296,chemistry_lab ,0.054237295
2775,253796,13320,chemistry_lab ,0.23273464
2776,253796,13320,dressing_room ,0.0939942
2777,253796,13320,stage/indoor ,0.084521316
2778,253796,13320,clean_room ,0.06361197
2779,253796,13320,museum/indoor ,0.053337183
2780,253796,13344,locker_room ,0.57159877
2781,253796,13344,dressing_room ,0.089690685
2782,253796,13344,shower ,0.02768033
2783,253796,13344,clean_room ,0.027455807
2784,253796,13344,chemistry_lab ,0.022410529
2785,253796,13368,locker_room ,0.48589867
2786,253796,13368,server_room ,0.05740881
2787,253796,13368,museum/indoor ,0.034105975
2788,253796,13368,jail_cell ,0.03281319
2789,253796,13368,shower ,0.027642746
2790,253796,13392,locker_room ,0.4464632
2791,253796,13392,server_room ,0.18191184
2792,253796,13392,elevator/door ,0.08078605
2793,253796,13392,bank_vault ,0.062463604
2794,253796,13392,elevator_lobby ,0.032514486
2795,253796,13416,locker_room ,0.3731664
2796,253796,13416,server_room ,0.19064566
2797,253796,13416,elevator/door ,0.11283753
2798,253796,13416,shower ,0.08394999
2799,253796,13416,bank_vault ,0.07770709
2800,253796,13440,locker_room ,0.5000944
2801,253796,13440,shower ,0.090346515
2802,253796,13440,server_room ,0.059903424
2803,253796,13440,wet_bar ,0.03541274
2804,253796,13440,elevator/door ,0.033501938
2805,253796,13464,locker_room ,0.5085131
2806,253796,13464,shower ,0.07122071
2807,253796,13464,elevator/door ,0.053761106
2808,253796,13464,server_room ,0.041790564
2809,253796,13464,elevator_lobby ,0.035960514
2810,253796,13488,locker_room ,0.33144763
2811,253796,13488,shower ,0.0708554
2812,253796,13488,elevator/door ,0.055153172
2813,253796,13488,wet_bar ,0.04689578
2814,253796,13488,elevator_lobby ,0.045676127
2815,253796,13512,locker_room ,0.5653615
2816,253796,13512,server_room ,0.08995157
2817,253796,13512,shower ,0.088019945
2818,253796,13512,elevator/door ,0.0479161
2819,253796,13512,elevator_lobby ,0.022493653
2820,253796,13536,locker_room ,0.36285323
2821,253796,13536,server_room ,0.14571707
2822,253796,13536,shower ,0.14312436
2823,253796,13536,elevator/door ,0.07623296
2824,253796,13536,bank_vault ,0.033308893
2825,253796,13560,shower ,0.8131285
2826,253796,13560,locker_room ,0.03581836
2827,253796,13560,bathroom ,0.014944221
2828,253796,13560,wet_bar ,0.014609939
2829,253796,13560,elevator/door ,0.013180213
2830,253796,13584,elevator/door ,0.32351264
2831,253796,13584,barndoor ,0.13192047
2832,253796,13584,closet ,0.085749224
2833,253796,13584,elevator_lobby ,0.08091118
2834,253796,13584,shower ,0.06983603
2835,253796,13608,bow_window/indoor ,0.20071135
2836,253796,13608,elevator/door ,0.16845904
2837,253796,13608,elevator_lobby ,0.12381102
2838,253796,13608,corridor ,0.06444123
2839,253796,13608,shower ,0.060626134
2840,253796,13632,corridor ,0.27910227
2841,253796,13632,elevator_lobby ,0.07715949
2842,253796,13632,art_gallery ,0.066736214
2843,253796,13632,artists_loft ,0.046751466
2844,253796,13632,museum/indoor ,0.035706066
2845,253796,13656,bow_window/indoor ,0.33632746
2846,253796,13656,corridor ,0.054028183
2847,253796,13656,art_gallery ,0.052667715
2848,253796,13656,museum/indoor ,0.04432077
2849,253796,13656,alcove ,0.041784536
2850,253796,13680,bow_window/indoor ,0.71634686
2851,253796,13680,alcove ,0.041821513
2852,253796,13680,basement ,0.027220761
2853,253796,13680,corridor ,0.023858117
2854,253796,13680,entrance_hall ,0.02134245
2855,253796,13704,bow_window/indoor ,0.8542026
2856,253796,13704,museum/indoor ,0.021638041
2857,253796,13704,nursery ,0.013214222
2858,253796,13704,art_gallery ,0.0114547415
2859,253796,13704,shower ,0.0073214024
2860,253796,13728,museum/indoor ,0.3591445
2861,253796,13728,bow_window/indoor ,0.22100765
2862,253796,13728,art_gallery ,0.088787824
2863,253796,13728,artists_loft ,0.041096028
2864,253796,13728,nursery ,0.028038261
2865,253796,13752,bow_window/indoor ,0.40072313
2866,253796,13752,museum/indoor ,0.26627195
2867,253796,13752,art_gallery ,0.0382211
2868,253796,13752,artists_loft ,0.031624332
2869,253796,13752,closet ,0.029067371
2870,253796,13776,shower ,0.46601525
2871,253796,13776,bow_window/indoor ,0.15345773
2872,253796,13776,museum/indoor ,0.05343877
2873,253796,13776,nursery ,0.040234502
2874,253796,13776,closet ,0.03159097
2875,253796,13800,bow_window/indoor ,0.39525747
2876,253796,13800,shower ,0.3835295
2877,253796,13800,nursery ,0.028904557
2878,253796,13800,closet ,0.026864154
2879,253796,13800,bathroom ,0.021034801
2880,253796,13824,shower ,0.43629596
2881,253796,13824,bow_window/indoor ,0.28021452
2882,253796,13824,nursery ,0.028324518
2883,253796,13824,closet ,0.0282377
2884,253796,13824,museum/indoor ,0.028085517
2885,253796,13848,shower ,0.65153974
2886,253796,13848,bow_window/indoor ,0.14185645
2887,253796,13848,bathroom ,0.031587105
2888,253796,13848,closet ,0.026318347
2889,253796,13848,museum/indoor ,0.01993258
2890,253796,13872,shower ,0.46477115
2891,253796,13872,bow_window/indoor ,0.18868785
2892,253796,13872,closet ,0.047486402
2893,253796,13872,museum/indoor ,0.039547913
2894,253796,13872,bathroom ,0.028635902
2895,253796,13896,bow_window/indoor ,0.40770045
2896,253796,13896,shower ,0.14622302
2897,253796,13896,closet ,0.0807851
2898,253796,13896,nursery ,0.074238494
2899,253796,13896,attic ,0.024484431
2900,253796,13920,bow_window/indoor ,0.18790066
2901,253796,13920,jewelry_shop ,0.13495685
2902,253796,13920,shower ,0.1120298
2903,253796,13920,clothing_store ,0.09608754
2904,253796,13920,nursery ,0.09385246
2905,253796,13944,locker_room ,0.24028495
2906,253796,13944,bow_window/indoor ,0.17759539
2907,253796,13944,shower ,0.124564536
2908,253796,13944,nursery ,0.0665096
2909,253796,13944,closet ,0.063678525
2910,253796,13968,shower ,0.8760137
2911,253796,13968,locker_room ,0.04007366
2912,253796,13968,bathroom ,0.027010461
2913,253796,13968,bank_vault ,0.018538348
2914,253796,13968,closet ,0.009781827
2915,253796,13992,shower ,0.7386192
2916,253796,13992,bathroom ,0.030746084
2917,253796,13992,elevator/door ,0.030155525
2918,253796,13992,bank_vault ,0.021113597
2919,253796,13992,science_museum ,0.018969392
2920,253796,14016,museum/indoor ,0.30075437
2921,253796,14016,nursery ,0.22237907
2922,253796,14016,science_museum ,0.10509364
2923,253796,14016,natural_history_museum ,0.07850687
2924,253796,14016,clean_room ,0.036332626
2925,253796,14040,stage/indoor ,0.24690871
2926,253796,14040,museum/indoor ,0.18413751
2927,253796,14040,classroom ,0.17895673
2928,253796,14040,nursery ,0.13036735
2929,253796,14040,lecture_room ,0.041804716
2930,253796,14064,museum/indoor ,0.48013377
2931,253796,14064,natural_history_museum ,0.17172578
2932,253796,14064,stage/indoor ,0.10270706
2933,253796,14064,science_museum ,0.08418685
2934,253796,14064,art_gallery ,0.05193212
2935,253796,14088,museum/indoor ,0.23535348
2936,253796,14088,science_museum ,0.11185171
2937,253796,14088,art_gallery ,0.096966535
2938,253796,14088,natural_history_museum ,0.073176876
2939,253796,14088,stage/indoor ,0.066421695
2940,253796,14112,locker_room ,0.23660429
2941,253796,14112,stage/indoor ,0.20916666
2942,253796,14112,music_studio ,0.120676294
2943,253796,14112,shower ,0.109712414
2944,253796,14112,bank_vault ,0.043093894
2945,253796,14136,shower ,0.3584771
2946,253796,14136,locker_room ,0.2039341
2947,253796,14136,museum/indoor ,0.08066853
2948,253796,14136,bathroom ,0.07190584
2949,253796,14136,art_gallery ,0.05105388
2950,253796,14160,museum/indoor ,0.34627748
2951,253796,14160,art_gallery ,0.16237332
2952,253796,14160,bow_window/indoor ,0.0993538
2953,253796,14160,stage/indoor ,0.07996285
2954,253796,14160,classroom ,0.047123745
2955,253796,14184,museum/indoor ,0.63557905
2956,253796,14184,art_gallery ,0.18646985
2957,253796,14184,art_studio ,0.04932184
2958,253796,14184,natural_history_museum ,0.03146301
2959,253796,14184,stage/indoor ,0.013184243
2960,253796,14208,museum/indoor ,0.5260317
2961,253796,14208,art_gallery ,0.34202906
2962,253796,14208,art_studio ,0.040226016
2963,253796,14208,clean_room ,0.03347615
2964,253796,14208,artists_loft ,0.015053656
2965,253796,14232,stage/indoor ,0.21690683
2966,253796,14232,museum/indoor ,0.14863695
2967,253796,14232,art_gallery ,0.0723152
2968,253796,14232,natural_history_museum ,0.067167506
2969,253796,14232,science_museum ,0.044064883
2970,253796,14256,museum/indoor ,0.38411438
2971,253796,14256,art_gallery ,0.31982863
2972,253796,14256,clean_room ,0.07446784
2973,253796,14256,science_museum ,0.02875061
2974,253796,14256,art_studio ,0.026094867
2975,253796,14280,museum/indoor ,0.4600124
2976,253796,14280,art_gallery ,0.38123098
2977,253796,14280,art_studio ,0.056197416
2978,253796,14280,clean_room ,0.024709148
2979,253796,14280,artists_loft ,0.022766368
2980,253796,14304,art_gallery ,0.3720775
2981,253796,14304,museum/indoor ,0.17505223
2982,253796,14304,art_studio ,0.11418339
2983,253796,14304,clean_room ,0.08967418
2984,253796,14304,artists_loft ,0.051193774
2985,253796,14328,art_gallery ,0.37675914
2986,253796,14328,museum/indoor ,0.28187644
2987,253796,14328,art_studio ,0.12161209
2988,253796,14328,artists_loft ,0.06018312
2989,253796,14328,clean_room ,0.03630218
2990,253796,14352,museum/indoor ,0.7020952
2991,253796,14352,art_gallery ,0.16491985
2992,253796,14352,art_studio ,0.076786704
2993,253796,14352,art_school ,0.01131027
2994,253796,14352,dressing_room ,0.010674608
2995,253796,14376,museum/indoor ,0.60585356
2996,253796,14376,art_gallery ,0.21617769
2997,253796,14376,art_studio ,0.08106794
2998,253796,14376,artists_loft ,0.025155408
2999,253796,14376,clean_room ,0.018703185
3000,253796,14400,museum/indoor ,0.4492037
3001,253796,14400,art_gallery ,0.39445043
3002,253796,14400,art_studio ,0.065589815
3003,253796,14400,artists_loft ,0.054102957
3004,253796,14400,art_school ,0.013655503
3005,253796,14424,museum/indoor ,0.6994301
3006,253796,14424,art_gallery ,0.20820685
3007,253796,14424,art_studio ,0.0329819
3008,253796,14424,artists_loft ,0.023267558
3009,253796,14424,natural_history_museum ,0.0097255735
3010,253796,14448,museum/indoor ,0.606863
3011,253796,14448,art_gallery ,0.2545269
3012,253796,14448,art_studio ,0.06397887
3013,253796,14448,artists_loft ,0.025482627
3014,253796,14448,clean_room ,0.012265237
3015,253796,14472,museum/indoor ,0.49708837
3016,253796,14472,art_gallery ,0.29377457
3017,253796,14472,art_studio ,0.05626288
3018,253796,14472,clean_room ,0.044433042
3019,253796,14472,artists_loft ,0.028537966
3020,253796,14496,art_gallery ,0.42924228
3021,253796,14496,museum/indoor ,0.35058162
3022,253796,14496,art_studio ,0.05352039
3023,253796,14496,clean_room ,0.03924892
3024,253796,14496,artists_loft ,0.026785152
3025,253796,14520,art_gallery ,0.566539
3026,253796,14520,museum/indoor ,0.14111015
3027,253796,14520,art_studio ,0.104727045
3028,253796,14520,artists_loft ,0.046281364
3029,253796,14520,art_school ,0.022790253
3030,253796,14544,museum/indoor ,0.66773164
3031,253796,14544,art_gallery ,0.27197447
3032,253796,14544,art_studio ,0.013065262
3033,253796,14544,clean_room ,0.01074339
3034,253796,14544,natural_history_museum ,0.008059782
3035,253796,14568,clean_room ,0.50163853
3036,253796,14568,art_gallery ,0.13419633
3037,253796,14568,museum/indoor ,0.07031274
3038,253796,14568,shower ,0.04743601
3039,253796,14568,locker_room ,0.034402225
3040,253796,14592,shower ,0.17910679
3041,253796,14592,stable ,0.1474176
3042,253796,14592,barndoor ,0.11262003
3043,253796,14592,elevator/door ,0.08298748
3044,253796,14592,art_gallery ,0.070804
3045,253796,14616,art_gallery ,0.59698176
3046,253796,14616,museum/indoor ,0.2929936
3047,253796,14616,art_studio ,0.049569957
3048,253796,14616,clean_room ,0.015426837
3049,253796,14616,artists_loft ,0.010592229
3050,253796,14640,art_gallery ,0.51919574
3051,253796,14640,museum/indoor ,0.15359798
3052,253796,14640,aquarium ,0.037141107
3053,253796,14640,shower ,0.03688755
3054,253796,14640,art_studio ,0.023768267
3055,253796,14664,clean_room ,0.3064496
3056,253796,14664,elevator/door ,0.1526968
3057,253796,14664,shower ,0.0742144
3058,253796,14664,art_gallery ,0.047249727
3059,253796,14664,elevator_lobby ,0.045556687
3060,253796,14688,shower ,0.5066869
3061,253796,14688,bathroom ,0.20619033
3062,253796,14688,bow_window/indoor ,0.07571976
3063,253796,14688,closet ,0.07238858
3064,253796,14688,elevator/door ,0.031807523
3065,253796,14712,bow_window/indoor ,0.7746951
3066,253796,14712,shower ,0.033162713
3067,253796,14712,artists_loft ,0.020308057
3068,253796,14712,museum/indoor ,0.019930424
3069,253796,14712,dressing_room ,0.011326061
3070,253796,14736,bow_window/indoor ,0.29091388
3071,253796,14736,locker_room ,0.16730158
3072,253796,14736,nursery ,0.08472934
3073,253796,14736,shower ,0.07388325
3074,253796,14736,bathroom ,0.033743218
3075,253796,14760,bow_window/indoor ,0.40001774
3076,253796,14760,shower ,0.1358059
3077,253796,14760,jail_cell ,0.05642475
3078,253796,14760,nursery ,0.042082224
3079,253796,14760,locker_room ,0.03623876
3080,253796,14784,bow_window/indoor ,0.25198
3081,253796,14784,locker_room ,0.14646314
3082,253796,14784,shower ,0.111007944
3083,253796,14784,elevator/door ,0.06676914
3084,253796,14784,nursery ,0.04579709
3085,253796,14808,locker_room ,0.2853657
3086,253796,14808,shower ,0.17717662
3087,253796,14808,server_room ,0.06835172
3088,253796,14808,bow_window/indoor ,0.06317734
3089,253796,14808,elevator/door ,0.042441033
3090,253796,14832,locker_room ,0.33236766
3091,253796,14832,shower ,0.0936262
3092,253796,14832,bow_window/indoor ,0.07231609
3093,253796,14832,server_room ,0.06814348
3094,253796,14832,chemistry_lab ,0.048993174
3095,253796,14856,locker_room ,0.19434421
3096,253796,14856,nursery ,0.12756115
3097,253796,14856,bow_window/indoor ,0.09047633
3098,253796,14856,shower ,0.055086486
3099,253796,14856,server_room ,0.042328596
3100,253796,14880,bow_window/indoor ,0.13960975
3101,253796,14880,nursery ,0.12935787
3102,253796,14880,locker_room ,0.11287293
3103,253796,14880,server_room ,0.056943312
3104,253796,14880,chemistry_lab ,0.053577177
3105,253796,14904,nursery ,0.31569076
3106,253796,14904,locker_room ,0.08959494
3107,253796,14904,bow_window/indoor ,0.05699225
3108,253796,14904,office ,0.051720843
3109,253796,14904,server_room ,0.044454597
3110,253796,14928,bow_window/indoor ,0.17627285
3111,253796,14928,nursery ,0.15156505
3112,253796,14928,art_gallery ,0.04840544
3113,253796,14928,office ,0.047337215
3114,253796,14928,locker_room ,0.039040893
3115,253796,14952,art_gallery ,0.20353548
3116,253796,14952,bow_window/indoor ,0.08170174
3117,253796,14952,lecture_room ,0.077098526
3118,253796,14952,music_studio ,0.057541996
3119,253796,14952,office ,0.050636742
3120,253796,14976,museum/indoor ,0.19749081
3121,253796,14976,art_gallery ,0.14415112
3122,253796,14976,clean_room ,0.14153877
3123,253796,14976,archive ,0.108281076
3124,253796,14976,stage/indoor ,0.050572135
3125,253796,15000,museum/indoor ,0.4377421
3126,253796,15000,art_gallery ,0.19550712
3127,253796,15000,clean_room ,0.15638645
3128,253796,15000,artists_loft ,0.030077094
3129,253796,15000,art_studio ,0.028906578
3130,253796,15024,shower ,0.3620326
3131,253796,15024,locker_room ,0.2714029
3132,253796,15024,museum/indoor ,0.058591586
3133,253796,15024,archive ,0.05223329
3134,253796,15024,clean_room ,0.050846107
3135,253796,15048,museum/indoor ,0.5791619
3136,253796,15048,shower ,0.085217506
3137,253796,15048,clean_room ,0.058088828
3138,253796,15048,science_museum ,0.04004423
3139,253796,15048,art_gallery ,0.03307957
3140,253796,15072,museum/indoor ,0.56849617
3141,253796,15072,locker_room ,0.18517317
3142,253796,15072,dressing_room ,0.0479251
3143,253796,15072,art_gallery ,0.036454972
3144,253796,15072,clothing_store ,0.031465463
3145,253796,15096,locker_room ,0.56890434
3146,253796,15096,museum/indoor ,0.1700351
3147,253796,15096,archive ,0.052776743
3148,253796,15096,art_gallery ,0.041573074
3149,253796,15096,clean_room ,0.016101815
3150,253796,15120,museum/indoor ,0.44296697
3151,253796,15120,locker_room ,0.26116914
3152,253796,15120,art_gallery ,0.10198962
3153,253796,15120,archive ,0.034707073
3154,253796,15120,clean_room ,0.019008242
3155,253796,15144,museum/indoor ,0.78473127
3156,253796,15144,stage/indoor ,0.046318866
3157,253796,15144,art_gallery ,0.041057378
3158,253796,15144,locker_room ,0.040720776
3159,253796,15144,natural_history_museum ,0.016901914
3160,253796,15168,museum/indoor ,0.7804014
3161,253796,15168,art_gallery ,0.056161094
3162,253796,15168,shower ,0.04664469
3163,253796,15168,locker_room ,0.033818815
3164,253796,15168,archive ,0.01921871
3165,253796,15192,museum/indoor ,0.43520123
3166,253796,15192,locker_room ,0.16229388
3167,253796,15192,art_gallery ,0.11889141
3168,253796,15192,archive ,0.03940948
3169,253796,15192,shower ,0.028461497
3170,253796,15216,museum/indoor ,0.7958051
3171,253796,15216,art_gallery ,0.09661221
3172,253796,15216,locker_room ,0.021355167
3173,253796,15216,archive ,0.009449311
3174,253796,15216,artists_loft ,0.009055818
3175,253796,15240,museum/indoor ,0.75904435
3176,253796,15240,art_gallery ,0.10061291
3177,253796,15240,locker_room ,0.028227491
3178,253796,15240,artists_loft ,0.013090286
3179,253796,15240,bow_window/indoor ,0.010746166
3180,253796,15264,museum/indoor ,0.78836805
3181,253796,15264,locker_room ,0.070840955
3182,253796,15264,art_gallery ,0.028536793
3183,253796,15264,archive ,0.022861883
3184,253796,15264,stage/indoor ,0.007978299
3185,253796,15288,museum/indoor ,0.79971576
3186,253796,15288,locker_room ,0.05877911
3187,253796,15288,art_gallery ,0.035788346
3188,253796,15288,stage/indoor ,0.027416645
3189,253796,15288,archive ,0.015712122
3190,253796,15312,museum/indoor ,0.90425146
3191,253796,15312,art_gallery ,0.040239252
3192,253796,15312,locker_room ,0.012293538
3193,253796,15312,archive ,0.009425558
3194,253796,15312,natural_history_museum ,0.0037210465
3195,253796,15336,museum/indoor ,0.71297795
3196,253796,15336,locker_room ,0.13078009
3197,253796,15336,archive ,0.040875986
3198,253796,15336,clean_room ,0.025954347
3199,253796,15336,art_gallery ,0.015742978
3200,253796,15360,museum/indoor ,0.75189507
3201,253796,15360,locker_room ,0.07801195
3202,253796,15360,art_gallery ,0.036047515
3203,253796,15360,archive ,0.032291647
3204,253796,15360,clean_room ,0.019045116
3205,253796,15384,museum/indoor ,0.37692916
3206,253796,15384,locker_room ,0.254516
3207,253796,15384,archive ,0.05774539
3208,253796,15384,jewelry_shop ,0.035139304
3209,253796,15384,art_gallery ,0.025526201
3210,253796,15408,museum/indoor ,0.93805057
3211,253796,15408,art_gallery ,0.022955742
3212,253796,15408,dressing_room ,0.0113214385
3213,253796,15408,art_studio ,0.0052806064
3214,253796,15408,archive ,0.0045367
3215,253796,15432,museum/indoor ,0.95266014
3216,253796,15432,art_gallery ,0.015111723
3217,253796,15432,dressing_room ,0.005620727
3218,253796,15432,archive ,0.0049331435
3219,253796,15432,art_studio ,0.004271948
3220,253796,15456,museum/indoor ,0.97290075
3221,253796,15456,art_gallery ,0.009008009
3222,253796,15456,archive ,0.0036734066
3223,253796,15456,jewelry_shop ,0.0036450422
3224,253796,15456,clothing_store ,0.002831872
3225,253796,15480,museum/indoor ,0.9208471
3226,253796,15480,art_gallery ,0.022944804
3227,253796,15480,archive ,0.01954864
3228,253796,15480,locker_room ,0.0067708185
3229,253796,15480,art_studio ,0.0047379946
3230,253796,15504,museum/indoor ,0.95941305
3231,253796,15504,art_gallery ,0.011153782
3232,253796,15504,archive ,0.0068902094
3233,253796,15504,locker_room ,0.0055285306
3234,253796,15504,dressing_room ,0.0052484577
3235,253796,15528,museum/indoor ,0.75481445
3236,253796,15528,clothing_store ,0.09520439
3237,253796,15528,dressing_room ,0.06224607
3238,253796,15528,stage/indoor ,0.021811577
3239,253796,15528,archive ,0.009830479
3240,253796,15552,museum/indoor ,0.9317605
3241,253796,15552,stage/indoor ,0.0138185695
3242,253796,15552,locker_room ,0.012413576
3243,253796,15552,archive ,0.01212752
3244,253796,15552,art_gallery ,0.0075883614
3245,253796,15576,museum/indoor ,0.9671011
3246,253796,15576,art_gallery ,0.011110181
3247,253796,15576,archive ,0.005091407
3248,253796,15576,dressing_room ,0.0042236983
3249,253796,15576,art_studio ,0.0023067782
3250,253796,15600,museum/indoor ,0.8523132
3251,253796,15600,dressing_room ,0.045025185
3252,253796,15600,clothing_store ,0.03360333
3253,253796,15600,art_gallery ,0.015226269
3254,253796,15600,stage/indoor ,0.013011279
3255,253796,15624,museum/indoor ,0.85837877
3256,253796,15624,clothing_store ,0.04540702
3257,253796,15624,dressing_room ,0.03923501
3258,253796,15624,art_gallery ,0.01532606
3259,253796,15624,locker_room ,0.0094991485
3260,253796,15648,museum/indoor ,0.9545315
3261,253796,15648,clothing_store ,0.0143926395
3262,253796,15648,dressing_room ,0.010231587
3263,253796,15648,art_gallery ,0.006694954
3264,253796,15648,archive ,0.0029324614
3265,253796,15672,museum/indoor ,0.89977264
3266,253796,15672,archive ,0.02100416
3267,253796,15672,clean_room ,0.012980817
3268,253796,15672,locker_room ,0.011877768
3269,253796,15672,art_gallery ,0.01174632
3270,253796,15696,museum/indoor ,0.984674
3271,253796,15696,archive ,0.006938076
3272,253796,15696,art_gallery ,0.005171522
3273,253796,15696,clean_room ,0.0006652976
3274,253796,15696,art_studio ,0.0004850189
3275,253796,15720,museum/indoor ,0.915189
3276,253796,15720,archive ,0.022191921
3277,253796,15720,dressing_room ,0.01825959
3278,253796,15720,clean_room ,0.01652405
3279,253796,15720,art_gallery ,0.006301902
3280,253796,15744,museum/indoor ,0.32043144
3281,253796,15744,gymnasium/indoor ,0.20323583
3282,253796,15744,clothing_store ,0.095222846
3283,253796,15744,clean_room ,0.09156216
3284,253796,15744,shoe_shop ,0.065987684
3285,253796,15768,museum/indoor ,0.4084934
3286,253796,15768,clean_room ,0.40453905
3287,253796,15768,art_gallery ,0.03545735
3288,253796,15768,chemistry_lab ,0.033716843
3289,253796,15768,science_museum ,0.019631948
3290,253796,15792,clean_room ,0.80326587
3291,253796,15792,shower ,0.12785602
3292,253796,15792,museum/indoor ,0.02515069
3293,253796,15792,art_gallery ,0.0126883825
3294,253796,15792,bathroom ,0.0052917725
3295,253796,15816,clean_room ,0.9523585
3296,253796,15816,art_gallery ,0.011007095
3297,253796,15816,martial_arts_gym ,0.0046506403
3298,253796,15816,museum/indoor ,0.0035197546
3299,253796,15816,art_studio ,0.0029343672
3300,253796,15840,clean_room ,0.9014783
3301,253796,15840,locker_room ,0.028744731
3302,253796,15840,chemistry_lab ,0.013729526
3303,253796,15840,shower ,0.0054398165
3304,253796,15840,jail_cell ,0.0051647513
3305,253796,15864,clean_room ,0.9177825
3306,253796,15864,art_gallery ,0.020645538
3307,253796,15864,museum/indoor ,0.013657675
3308,253796,15864,artists_loft ,0.0048421356
3309,253796,15864,hospital_room ,0.004190683
3310,253796,15888,clean_room ,0.5194418
3311,253796,15888,museum/indoor ,0.13947201
3312,253796,15888,art_gallery ,0.08050394
3313,253796,15888,locker_room ,0.023099061
3314,253796,15888,science_museum ,0.01669172
3315,253796,15912,clean_room ,0.4080387
3316,253796,15912,chemistry_lab ,0.06921676
3317,253796,15912,jewelry_shop ,0.05432179
3318,253796,15912,shower ,0.042268325
3319,253796,15912,physics_laboratory ,0.033346098
3320,253796,15936,clean_room ,0.40161136
3321,253796,15936,museum/indoor ,0.055336464
3322,253796,15936,chemistry_lab ,0.048315194
3323,253796,15936,shower ,0.04810022
3324,253796,15936,beauty_salon ,0.03621444
3325,253796,15960,clean_room ,0.26358017
3326,253796,15960,museum/indoor ,0.256405
3327,253796,15960,physics_laboratory ,0.05874335
3328,253796,15960,jewelry_shop ,0.055091456
3329,253796,15960,chemistry_lab ,0.03453185
3330,253796,15984,clean_room ,0.29512128
3331,253796,15984,museum/indoor ,0.21437079
3332,253796,15984,physics_laboratory ,0.088808686
3333,253796,15984,chemistry_lab ,0.03503038
3334,253796,15984,bank_vault ,0.0335554
3335,253796,16008,clean_room ,0.2691087
3336,253796,16008,museum/indoor ,0.1438184
3337,253796,16008,physics_laboratory ,0.06635965
3338,253796,16008,chemistry_lab ,0.04799093
3339,253796,16008,bank_vault ,0.040662073
3340,253796,16032,museum/indoor ,0.25122035
3341,253796,16032,clean_room ,0.23969008
3342,253796,16032,physics_laboratory ,0.09600408
3343,253796,16032,chemistry_lab ,0.046962705
3344,253796,16032,jewelry_shop ,0.03403351
3345,253796,16056,clean_room ,0.3009843
3346,253796,16056,museum/indoor ,0.23379932
3347,253796,16056,physics_laboratory ,0.06864176
3348,253796,16056,shower ,0.04125762
3349,253796,16056,chemistry_lab ,0.035910938
3350,253796,16080,museum/indoor ,0.26187792
3351,253796,16080,clean_room ,0.2526589
3352,253796,16080,physics_laboratory ,0.07063012
3353,253796,16080,chemistry_lab ,0.03704183
3354,253796,16080,science_museum ,0.03193769
3355,253796,16104,clean_room ,0.38757154
3356,253796,16104,locker_room ,0.065733984
3357,253796,16104,jewelry_shop ,0.06196575
3358,253796,16104,beauty_salon ,0.054607973
3359,253796,16104,chemistry_lab ,0.05326256
3360,253796,16128,clean_room ,0.5384558
3361,253796,16128,museum/indoor ,0.10327402
3362,253796,16128,jewelry_shop ,0.087705635
3363,253796,16128,art_gallery ,0.04504206
3364,253796,16128,chemistry_lab ,0.021482997
3365,253796,16152,clean_room ,0.34506986
3366,253796,16152,museum/indoor ,0.2914619
3367,253796,16152,art_gallery ,0.10949675
3368,253796,16152,dressing_room ,0.05289335
3369,253796,16152,locker_room ,0.03023102
3370,253796,16176,museum/indoor ,0.48575625
3371,253796,16176,dressing_room ,0.13679488
3372,253796,16176,art_gallery ,0.063495524
3373,253796,16176,archive ,0.058438778
3374,253796,16176,stage/indoor ,0.034766898
3375,253796,16200,museum/indoor ,0.32540432
3376,253796,16200,bow_window/indoor ,0.17291225
3377,253796,16200,clean_room ,0.114501305
3378,253796,16200,art_gallery ,0.07323852
3379,253796,16200,barndoor ,0.06809542
3380,253796,16224,museum/indoor ,0.6270078
3381,253796,16224,archive ,0.07405313
3382,253796,16224,art_gallery ,0.06956137
3383,253796,16224,clean_room ,0.05606278
3384,253796,16224,art_studio ,0.021176886
3385,253796,16248,museum/indoor ,0.41622278
3386,253796,16248,clean_room ,0.20377839
3387,253796,16248,art_gallery ,0.06455219
3388,253796,16248,clothing_store ,0.062367924
3389,253796,16248,dressing_room ,0.045087904
3390,253796,16272,museum/indoor ,0.66040885
3391,253796,16272,art_gallery ,0.05999535
3392,253796,16272,art_studio ,0.04584753
3393,253796,16272,artists_loft ,0.045355413
3394,253796,16272,dressing_room ,0.037473768
3395,253796,16296,museum/indoor ,0.45071077
3396,253796,16296,clean_room ,0.114815496
3397,253796,16296,dressing_room ,0.071153626
3398,253796,16296,art_gallery ,0.06747704
3399,253796,16296,locker_room ,0.05041142
3400,253796,16320,clean_room ,0.39497495
3401,253796,16320,dressing_room ,0.15166451
3402,253796,16320,discotheque ,0.09542309
3403,253796,16320,stage/indoor ,0.07049632
3404,253796,16320,locker_room ,0.062344875
3405,253796,16344,clean_room ,0.96256757
3406,253796,16344,dressing_room ,0.01609917
3407,253796,16344,chemistry_lab ,0.006232847
3408,253796,16344,clothing_store ,0.0019835953
3409,253796,16344,locker_room ,0.0016482011
3410,253796,16368,clean_room ,0.20996605
3411,253796,16368,museum/indoor ,0.15902165
3412,253796,16368,clothing_store ,0.15868017
3413,253796,16368,art_gallery ,0.14527081
3414,253796,16368,dressing_room ,0.06960198
3415,253796,16392,museum/indoor ,0.48271936
3416,253796,16392,clothing_store ,0.18970093
3417,253796,16392,art_gallery ,0.14175865
3418,253796,16392,clean_room ,0.049655825
3419,253796,16392,dressing_room ,0.026899232
3420,253796,16416,clothing_store ,0.53174293
3421,253796,16416,museum/indoor ,0.12589799
3422,253796,16416,dressing_room ,0.1087507
3423,253796,16416,clean_room ,0.053524558
3424,253796,16416,art_gallery ,0.04991755
3425,253796,16440,museum/indoor ,0.36650947
3426,253796,16440,art_gallery ,0.218858
3427,253796,16440,clothing_store ,0.11140297
3428,253796,16440,clean_room ,0.10774691
3429,253796,16440,dressing_room ,0.04513652
3430,253796,16464,clean_room ,0.6329381
3431,253796,16464,museum/indoor ,0.112047024
3432,253796,16464,art_gallery ,0.107809365
3433,253796,16464,clothing_store ,0.03649323
3434,253796,16464,dressing_room ,0.020033615
3435,253796,16488,clothing_store ,0.31268877
3436,253796,16488,clean_room ,0.2971257
3437,253796,16488,museum/indoor ,0.19343172
3438,253796,16488,art_gallery ,0.1088915
3439,253796,16488,science_museum ,0.021875009
3440,253796,16512,clean_room ,0.5299238
3441,253796,16512,museum/indoor ,0.19129488
3442,253796,16512,art_gallery ,0.10070817
3443,253796,16512,clothing_store ,0.051004402
3444,253796,16512,science_museum ,0.02612698
3445,253796,16536,clean_room ,0.53786165
3446,253796,16536,museum/indoor ,0.2868538
3447,253796,16536,archive ,0.06530237
3448,253796,16536,art_gallery ,0.030742137
3449,253796,16536,science_museum ,0.028531134
3450,253796,16560,clean_room ,0.42214474
3451,253796,16560,museum/indoor ,0.2830915
3452,253796,16560,science_museum ,0.061708655
3453,253796,16560,art_gallery ,0.055259023
3454,253796,16560,clothing_store ,0.03309496
3455,253796,16584,clean_room ,0.5553637
3456,253796,16584,museum/indoor ,0.16953297
3457,253796,16584,science_museum ,0.041363582
3458,253796,16584,art_gallery ,0.032293044
3459,253796,16584,dressing_room ,0.030774325
3460,253796,16608,clean_room ,0.25410694
3461,253796,16608,stage/indoor ,0.15754959
3462,253796,16608,museum/indoor ,0.12967551
3463,253796,16608,dressing_room ,0.06370261
3464,253796,16608,clothing_store ,0.060436092
3465,253796,16632,stage/indoor ,0.22027959
3466,253796,16632,clean_room ,0.20628153
3467,253796,16632,museum/indoor ,0.17231785
3468,253796,16632,music_studio ,0.049822725
3469,253796,16632,archive ,0.037658848
3470,253796,16656,clean_room ,0.32724774
3471,253796,16656,archive ,0.14552084
3472,253796,16656,locker_room ,0.10628779
3473,253796,16656,dressing_room ,0.053170126
3474,253796,16656,museum/indoor ,0.04792475
3475,253796,16680,archive ,0.18013206
3476,253796,16680,locker_room ,0.15749502
3477,253796,16680,museum/indoor ,0.12421142
3478,253796,16680,clean_room ,0.1120043
3479,253796,16680,dressing_room ,0.071265176
3480,253796,16704,locker_room ,0.3761679
3481,253796,16704,clean_room ,0.3486594
3482,253796,16704,dressing_room ,0.06066365
3483,253796,16704,archive ,0.031621624
3484,253796,16704,clothing_store ,0.023978587
3485,253796,16728,dressing_room ,0.79231703
3486,253796,16728,locker_room ,0.058244355
3487,253796,16728,art_gallery ,0.017795404
3488,253796,16728,clean_room ,0.017166518
3489,253796,16728,martial_arts_gym ,0.0152732255
3490,253796,16752,clean_room ,0.5342098
3491,253796,16752,dressing_room ,0.10782492
3492,253796,16752,art_gallery ,0.08750961
3493,253796,16752,museum/indoor ,0.083104394
3494,253796,16752,archive ,0.07303526
3495,253796,16776,clean_room ,0.5852642
3496,253796,16776,museum/indoor ,0.1103385
3497,253796,16776,art_gallery ,0.09497878
3498,253796,16776,dressing_room ,0.024148263
3499,253796,16776,science_museum ,0.02095438
3500,253796,16800,clean_room ,0.671942
3501,253796,16800,dressing_room ,0.17848721
3502,253796,16800,locker_room ,0.020492671
3503,253796,16800,shower ,0.017887607
3504,253796,16800,museum/indoor ,0.014039207
3505,253796,16824,museum/indoor ,0.3785298
3506,253796,16824,clean_room ,0.34508845
3507,253796,16824,dressing_room ,0.035632923
3508,253796,16824,chemistry_lab ,0.030115815
3509,253796,16824,archive ,0.025373751
3510,253796,16848,clean_room ,0.9951143
3511,253796,16848,operating_room ,0.0014547345
3512,253796,16848,physics_laboratory ,0.0010092203
3513,253796,16848,chemistry_lab ,0.00083217846
3514,253796,16848,museum/indoor ,0.00038968958
3515,253796,16872,clean_room ,0.96228004
3516,253796,16872,archive ,0.008524263
3517,253796,16872,museum/indoor ,0.005784132
3518,253796,16872,chemistry_lab ,0.0057413145
3519,253796,16872,locker_room ,0.0030118579
3520,253796,16896,clean_room ,0.99693906
3521,253796,16896,operating_room ,0.0012898353
3522,253796,16896,hospital_room ,0.00045918446
3523,253796,16896,museum/indoor ,0.0001984619
3524,253796,16896,physics_laboratory ,0.00014468694
3525,253796,16920,clean_room ,0.96953267
3526,253796,16920,museum/indoor ,0.013521148
3527,253796,16920,art_gallery ,0.007349533
3528,253796,16920,operating_room ,0.0018143741
3529,253796,16920,archive ,0.0014421043
3530,253796,16944,clean_room ,0.92204595
3531,253796,16944,beauty_salon ,0.024535652
3532,253796,16944,art_gallery ,0.0072943936
3533,253796,16944,clothing_store ,0.0070522446
3534,253796,16944,museum/indoor ,0.006983644
3535,253796,16968,clean_room ,0.9521642
3536,253796,16968,museum/indoor ,0.013842931
3537,253796,16968,locker_room ,0.006777912
3538,253796,16968,chemistry_lab ,0.0057408465
3539,253796,16968,physics_laboratory ,0.0048491918
3540,253796,16992,clean_room ,0.7601905
3541,253796,16992,museum/indoor ,0.14493278
3542,253796,16992,physics_laboratory ,0.025150953
3543,253796,16992,chemistry_lab ,0.02376954
3544,253796,16992,music_studio ,0.006777129
3545,253796,17016,clean_room ,0.40578806
3546,253796,17016,museum/indoor ,0.2904105
3547,253796,17016,chemistry_lab ,0.06036467
3548,253796,17016,dressing_room ,0.044203725
3549,253796,17016,physics_laboratory ,0.037118018
3550,253796,17040,museum/indoor ,0.39102787
3551,253796,17040,dressing_room ,0.18391347
3552,253796,17040,music_studio ,0.07969968
3553,253796,17040,clean_room ,0.07320946
3554,253796,17040,art_gallery ,0.043055847
3555,253796,17064,museum/indoor ,0.630212
3556,253796,17064,music_studio ,0.08045155
3557,253796,17064,art_gallery ,0.038245674
3558,253796,17064,stage/indoor ,0.036661927
3559,253796,17064,dressing_room ,0.036291033
3560,253796,17088,museum/indoor ,0.38231838
3561,253796,17088,music_studio ,0.13949226
3562,253796,17088,dressing_room ,0.08256639
3563,253796,17088,clean_room ,0.06093077
3564,253796,17088,jewelry_shop ,0.051014543
3565,253796,17112,clean_room ,0.6080586
3566,253796,17112,dressing_room ,0.14294025
3567,253796,17112,chemistry_lab ,0.03756277
3568,253796,17112,museum/indoor ,0.0253917
3569,253796,17112,office ,0.018251406
3570,253796,17136,music_studio ,0.19526133
3571,253796,17136,clean_room ,0.11947349
3572,253796,17136,dressing_room ,0.07437099
3573,253796,17136,office ,0.061298955
3574,253796,17136,chemistry_lab ,0.055829626
3575,253796,17160,dining_room ,0.22180106
3576,253796,17160,jewelry_shop ,0.22065563
3577,253796,17160,dressing_room ,0.12546313
3578,253796,17160,nursery ,0.08710756
3579,253796,17160,music_studio ,0.06681228
3580,253796,17184,dressing_room ,0.19299823
3581,253796,17184,nursery ,0.18799886
3582,253796,17184,jewelry_shop ,0.18067315
3583,253796,17184,dining_room ,0.07359796
3584,253796,17184,museum/indoor ,0.059722986
3585,253796,17208,nursery ,0.2890702
3586,253796,17208,dining_room ,0.2770993
3587,253796,17208,dressing_room ,0.1453334
3588,253796,17208,jewelry_shop ,0.108410835
3589,253796,17208,museum/indoor ,0.028940713
3590,253796,17232,nursery ,0.5185093
3591,253796,17232,dressing_room ,0.16321953
3592,253796,17232,dining_room ,0.060315024
3593,253796,17232,music_studio ,0.04554845
3594,253796,17232,hospital_room ,0.042702347
3595,253796,17256,nursery ,0.4894448
3596,253796,17256,dining_room ,0.124430776
3597,253796,17256,hospital_room ,0.08862002
3598,253796,17256,dressing_room ,0.062287074
3599,253796,17256,jewelry_shop ,0.056399174
3600,253796,17280,clean_room ,0.67886645
3601,253796,17280,stage/indoor ,0.04712615
3602,253796,17280,museum/indoor ,0.03033922
3603,253796,17280,archive ,0.012567614
3604,253796,17280,science_museum ,0.012257552
3605,253796,17304,museum/indoor ,0.40148276
3606,253796,17304,shower ,0.10631971
3607,253796,17304,art_gallery ,0.100413285
3608,253796,17304,clean_room ,0.076280326
3609,253796,17304,science_museum ,0.05092244
3610,253796,17328,museum/indoor ,0.29625458
3611,253796,17328,clean_room ,0.28535962
3612,253796,17328,natural_history_museum ,0.07119558
3613,253796,17328,shower ,0.06463536
3614,253796,17328,art_gallery ,0.048821397
3615,253796,17352,closet ,0.39441657
3616,253796,17352,clean_room ,0.1964609
3617,253796,17352,elevator/door ,0.06314638
3618,253796,17352,nursery ,0.041880872
3619,253796,17352,locker_room ,0.037734233
3620,253796,17376,clean_room ,0.31474975
3621,253796,17376,shower ,0.11684756
3622,253796,17376,locker_room ,0.09998323
3623,253796,17376,dressing_room ,0.06702757
3624,253796,17376,museum/indoor ,0.049922705
3625,253796,17400,locker_room ,0.32913467
3626,253796,17400,art_gallery ,0.12686814
3627,253796,17400,boxing_ring ,0.06034343
3628,253796,17400,dressing_room ,0.05355059
3629,253796,17400,museum/indoor ,0.047662254
3630,253796,17424,clean_room ,0.19395345
3631,253796,17424,art_gallery ,0.118313774
3632,253796,17424,shower ,0.089857556
3633,253796,17424,museum/indoor ,0.076667845
3634,253796,17424,locker_room ,0.04697713
3635,253796,17448,stage/indoor ,0.5574473
3636,253796,17448,museum/indoor ,0.08787521
3637,253796,17448,discotheque ,0.05577331
3638,253796,17448,art_gallery ,0.05029754
3639,253796,17448,science_museum ,0.042428397
3640,253796,17472,stage/indoor ,0.20336112
3641,253796,17472,clean_room ,0.14485423
3642,253796,17472,locker_room ,0.13356629
3643,253796,17472,martial_arts_gym ,0.08008412
3644,253796,17472,dressing_room ,0.05992546
3645,253796,17496,stage/indoor ,0.40104604
3646,253796,17496,music_studio ,0.11154174
3647,253796,17496,clean_room ,0.08855341
3648,253796,17496,martial_arts_gym ,0.070716366
3649,253796,17496,physics_laboratory ,0.046831056
3650,253796,17520,locker_room ,0.28823188
3651,253796,17520,clean_room ,0.2144852
3652,253796,17520,clothing_store ,0.0702366
3653,253796,17520,martial_arts_gym ,0.06596293
3654,253796,17520,stage/indoor ,0.062142204
3655,253796,17544,stage/indoor ,0.35482395
3656,253796,17544,locker_room ,0.27521074
3657,253796,17544,clean_room ,0.07480472
3658,253796,17544,martial_arts_gym ,0.06685542
3659,253796,17544,music_studio ,0.03044956
3660,253796,17568,stage/indoor ,0.31560305
3661,253796,17568,locker_room ,0.1704762
3662,253796,17568,discotheque ,0.108409226
3663,253796,17568,dressing_room ,0.08601152
3664,253796,17568,martial_arts_gym ,0.059083458
3665,253796,17592,clean_room ,0.32129154
3666,253796,17592,locker_room ,0.19828679
3667,253796,17592,chemistry_lab ,0.1711866
3668,253796,17592,stage/indoor ,0.07297026
3669,253796,17592,music_studio ,0.043665964
3670,253796,17616,clean_room ,0.66564727
3671,253796,17616,chemistry_lab ,0.089890234
3672,253796,17616,locker_room ,0.045630023
3673,253796,17616,physics_laboratory ,0.024976475
3674,253796,17616,dressing_room ,0.019192692
3675,253796,17640,clean_room ,0.66927093
3676,253796,17640,chemistry_lab ,0.06686562
3677,253796,17640,museum/indoor ,0.050155792
3678,253796,17640,dressing_room ,0.048371587
3679,253796,17640,physics_laboratory ,0.042935275
3680,253796,17664,clean_room ,0.6575532
3681,253796,17664,stage/indoor ,0.12341069
3682,253796,17664,museum/indoor ,0.048444834
3683,253796,17664,music_studio ,0.034693718
3684,253796,17664,physics_laboratory ,0.024520697
3685,253796,17688,clean_room ,0.92009383
3686,253796,17688,physics_laboratory ,0.011793334
3687,253796,17688,operating_room ,0.010555187
3688,253796,17688,chemistry_lab ,0.009837419
3689,253796,17688,stage/indoor ,0.009051055
3690,253796,17712,clean_room ,0.7208328
3691,253796,17712,museum/indoor ,0.04477693
3692,253796,17712,dressing_room ,0.04169826
3693,253796,17712,music_studio ,0.030713633
3694,253796,17712,operating_room ,0.02711813
3695,253796,17736,museum/indoor ,0.46129048
3696,253796,17736,clean_room ,0.41323477
3697,253796,17736,operating_room ,0.021973928
3698,253796,17736,dressing_room ,0.017827064
3699,253796,17736,science_museum ,0.013575923
3700,253796,17760,museum/indoor ,0.63255656
3701,253796,17760,clean_room ,0.06990123
3702,253796,17760,jewelry_shop ,0.06374919
3703,253796,17760,dressing_room ,0.05202402
3704,253796,17760,science_museum ,0.026792545
3705,253796,17784,museum/indoor ,0.46477753
3706,253796,17784,clean_room ,0.1734294
3707,253796,17784,dressing_room ,0.06841531
3708,253796,17784,operating_room ,0.063035555
3709,253796,17784,hospital_room ,0.040926233
3710,253796,17808,museum/indoor ,0.6742788
3711,253796,17808,dressing_room ,0.15496318
3712,253796,17808,clean_room ,0.05599483
3713,253796,17808,jewelry_shop ,0.01504431
3714,253796,17808,clothing_store ,0.012587337
3715,253796,17832,museum/indoor ,0.46163583
3716,253796,17832,dressing_room ,0.12653103
3717,253796,17832,clean_room ,0.11056017
3718,253796,17832,operating_room ,0.036188748
3719,253796,17832,stage/indoor ,0.035884906
3720,253796,17856,museum/indoor ,0.741984
3721,253796,17856,dressing_room ,0.044734173
3722,253796,17856,clean_room ,0.04171979
3723,253796,17856,jewelry_shop ,0.027743174
3724,253796,17856,music_studio ,0.021651993
3725,253796,17880,museum/indoor ,0.35511425
3726,253796,17880,clean_room ,0.35104802
3727,253796,17880,jewelry_shop ,0.05258576
3728,253796,17880,science_museum ,0.041672222
3729,253796,17880,music_studio ,0.035006158
3730,253796,17904,museum/indoor ,0.46709347
3731,253796,17904,clean_room ,0.17873405
3732,253796,17904,archive ,0.06712871
3733,253796,17904,operating_room ,0.036393322
3734,253796,17904,jewelry_shop ,0.032375652
3735,253796,17928,museum/indoor ,0.5207434
3736,253796,17928,clean_room ,0.14478669
3737,253796,17928,archive ,0.07506271
3738,253796,17928,science_museum ,0.046136692
3739,253796,17928,operating_room ,0.023166267
3740,253796,17952,museum/indoor ,0.6554398
3741,253796,17952,archive ,0.14584753
3742,253796,17952,clean_room ,0.070073776
3743,253796,17952,operating_room ,0.013358747
3744,253796,17952,science_museum ,0.012649907
3745,253796,17976,museum/indoor ,0.44975606
3746,253796,17976,clean_room ,0.15425107
3747,253796,17976,archive ,0.09813645
3748,253796,17976,science_museum ,0.041134425
3749,253796,17976,chemistry_lab ,0.028867804
3750,253796,18000,museum/indoor ,0.20716967
3751,253796,18000,clean_room ,0.13219666
3752,253796,18000,archive ,0.12249582
3753,253796,18000,jewelry_shop ,0.08727306
3754,253796,18000,science_museum ,0.06414304
3755,253796,18024,museum/indoor ,0.31587443
3756,253796,18024,archive ,0.105959676
3757,253796,18024,jewelry_shop ,0.07810875
3758,253796,18024,science_museum ,0.07362108
3759,253796,18024,stage/indoor ,0.049964983
3760,253796,18048,museum/indoor ,0.1961769
3761,253796,18048,jewelry_shop ,0.19245039
3762,253796,18048,science_museum ,0.10272236
3763,253796,18048,archive ,0.07241889
3764,253796,18048,stage/indoor ,0.04964975
3765,253796,18072,stage/indoor ,0.19808073
3766,253796,18072,dining_room ,0.08629755
3767,253796,18072,museum/indoor ,0.078222655
3768,253796,18072,archive ,0.05968781
3769,253796,18072,banquet_hall ,0.05821025
3770,253796,18096,museum/indoor ,0.14069213
3771,253796,18096,archive ,0.13683482
3772,253796,18096,nursery ,0.11082594
3773,253796,18096,stage/indoor ,0.071521685
3774,253796,18096,dining_room ,0.06748477
3775,253796,18120,archive ,0.25295296
3776,253796,18120,nursery ,0.123831585
3777,253796,18120,museum/indoor ,0.11863233
3778,253796,18120,classroom ,0.075126424
3779,253796,18120,stage/indoor ,0.04427484
3780,253796,18144,archive ,0.21341032
3781,253796,18144,museum/indoor ,0.14965026
3782,253796,18144,classroom ,0.107040934
3783,253796,18144,nursery ,0.0885936
3784,253796,18144,stage/indoor ,0.062260874
3785,253796,18168,archive ,0.19307119
3786,253796,18168,museum/indoor ,0.1571912
3787,253796,18168,science_museum ,0.12492283
3788,253796,18168,stage/indoor ,0.058945496
3789,253796,18168,nursery ,0.05560079
3790,253796,18192,bank_vault ,0.26721767
3791,253796,18192,museum/indoor ,0.112821296
3792,253796,18192,archive ,0.11238225
3793,253796,18192,locker_room ,0.10251035
3794,253796,18192,jewelry_shop ,0.082597926
3795,253796,18216,locker_room ,0.24154164
3796,253796,18216,shower ,0.15070023
3797,253796,18216,clean_room ,0.12013746
3798,253796,18216,bank_vault ,0.05247599
3799,253796,18216,science_museum ,0.04676284
3800,253796,18240,barndoor ,0.2532422
3801,253796,18240,elevator/door ,0.1881162
3802,253796,18240,shower ,0.09964541
3803,253796,18240,locker_room ,0.0758153
3804,253796,18240,closet ,0.054049347
3805,253796,18264,barndoor ,0.33369455
3806,253796,18264,elevator/door ,0.13681148
3807,253796,18264,shower ,0.100832485
3808,253796,18264,closet ,0.073575094
3809,253796,18264,doorway/outdoor ,0.05347457
3810,253796,18288,clean_room ,0.5562925
3811,253796,18288,locker_room ,0.19828372
3812,253796,18288,dressing_room ,0.047110707
3813,253796,18288,chemistry_lab ,0.04119005
3814,253796,18288,jewelry_shop ,0.020313615
3815,253796,18312,clean_room ,0.4240424
3816,253796,18312,dressing_room ,0.26738077
3817,253796,18312,dining_room ,0.04639673
3818,253796,18312,chemistry_lab ,0.04267864
3819,253796,18312,locker_room ,0.021737436
3820,253796,18336,clean_room ,0.6704198
3821,253796,18336,operating_room ,0.055201665
3822,253796,18336,beauty_salon ,0.05338127
3823,253796,18336,discotheque ,0.027076654
3824,253796,18336,dressing_room ,0.022922352
3825,253796,18360,clean_room ,0.64594626
3826,253796,18360,dressing_room ,0.042280823
3827,253796,18360,archive ,0.031040035
3828,253796,18360,museum/indoor ,0.029222427
3829,253796,18360,clothing_store ,0.020218045
3830,253796,18384,locker_room ,0.31403008
3831,253796,18384,clean_room ,0.26951915
3832,253796,18384,dressing_room ,0.07692211
3833,253796,18384,archive ,0.06257303
3834,253796,18384,elevator/door ,0.054990325
3835,253796,18408,dressing_room ,0.58357006
3836,253796,18408,clean_room ,0.15577272
3837,253796,18408,locker_room ,0.06917886
3838,253796,18408,elevator/door ,0.046998687
3839,253796,18408,office ,0.02687445
3840,253796,18432,aquarium ,0.12880208
3841,253796,18432,bow_window/indoor ,0.09642925
3842,253796,18432,shower ,0.09307463
3843,253796,18432,clean_room ,0.07764996
3844,253796,18432,art_gallery ,0.057558823
3845,253796,18456,bow_window/indoor ,0.13680424
3846,253796,18456,museum/indoor ,0.10448142
3847,253796,18456,science_museum ,0.09724837
3848,253796,18456,shower ,0.067446925
3849,253796,18456,aquarium ,0.05215405
3850,253796,18480,dressing_room ,0.1230224
3851,253796,18480,locker_room ,0.07753255
3852,253796,18480,elevator/door ,0.07701897
3853,253796,18480,shower ,0.06981352
3854,253796,18480,science_museum ,0.06514246
3855,253796,18504,dressing_room ,0.28669795
3856,253796,18504,bow_window/indoor ,0.19139116
3857,253796,18504,shower ,0.06116599
3858,253796,18504,museum/indoor ,0.053873267
3859,253796,18504,locker_room ,0.05079536
3860,253796,18528,museum/indoor ,0.7800889
3861,253796,18528,dressing_room ,0.04294005
3862,253796,18528,clean_room ,0.04195947
3863,253796,18528,art_gallery ,0.036162354
3864,253796,18528,nursery ,0.02019697
3865,253796,18552,dressing_room ,0.25497058
3866,253796,18552,museum/indoor ,0.19741966
3867,253796,18552,clean_room ,0.15963718
3868,253796,18552,bow_window/indoor ,0.075758226
3869,253796,18552,locker_room ,0.07483585
3870,253796,18576,museum/indoor ,0.5924262
3871,253796,18576,clean_room ,0.1145657
3872,253796,18576,nursery ,0.10120121
3873,253796,18576,bow_window/indoor ,0.065476954
3874,253796,18576,art_studio ,0.015559262
3875,253796,18600,museum/indoor ,0.75449026
3876,253796,18600,clean_room ,0.06964999
3877,253796,18600,bow_window/indoor ,0.06352684
3878,253796,18600,nursery ,0.017086819
3879,253796,18600,art_studio ,0.012454135
3880,253796,18624,museum/indoor ,0.5898717
3881,253796,18624,clean_room ,0.108951315
3882,253796,18624,martial_arts_gym ,0.08543005
3883,253796,18624,bow_window/indoor ,0.043362558
3884,253796,18624,stage/indoor ,0.02069455
3885,253796,18648,clean_room ,0.5755158
3886,253796,18648,museum/indoor ,0.109478004
3887,253796,18648,chemistry_lab ,0.0665583
3888,253796,18648,bow_window/indoor ,0.06312416
3889,253796,18648,nursery ,0.0546624
3890,253796,18672,museum/indoor ,0.37769917
3891,253796,18672,bow_window/indoor ,0.31924856
3892,253796,18672,dressing_room ,0.09369659
3893,253796,18672,clean_room ,0.0836133
3894,253796,18672,clothing_store ,0.025195593
3895,253796,18696,clean_room ,0.92413723
3896,253796,18696,museum/indoor ,0.05216321
3897,253796,18696,martial_arts_gym ,0.006682018
3898,253796,18696,chemistry_lab ,0.003994207
3899,253796,18696,science_museum ,0.0025196408
3900,253796,18720,clean_room ,0.5428098
3901,253796,18720,museum/indoor ,0.19029337
3902,253796,18720,bow_window/indoor ,0.077894144
3903,253796,18720,chemistry_lab ,0.042508
3904,253796,18720,dressing_room ,0.027338825
3905,253796,18744,clean_room ,0.37004453
3906,253796,18744,bow_window/indoor ,0.3079945
3907,253796,18744,museum/indoor ,0.13653482
3908,253796,18744,dressing_room ,0.035574023
3909,253796,18744,art_gallery ,0.031067953
3910,253796,18768,clean_room ,0.4137855
3911,253796,18768,museum/indoor ,0.26979825
3912,253796,18768,bow_window/indoor ,0.11923092
3913,253796,18768,art_gallery ,0.049607657
3914,253796,18768,dressing_room ,0.046684865
3915,253796,18792,museum/indoor ,0.27412006
3916,253796,18792,bow_window/indoor ,0.18798715
3917,253796,18792,clean_room ,0.1494786
3918,253796,18792,dressing_room ,0.063329145
3919,253796,18792,clothing_store ,0.058904134
3920,253796,18816,clean_room ,0.23213194
3921,253796,18816,museum/indoor ,0.18197964
3922,253796,18816,bow_window/indoor ,0.17499794
3923,253796,18816,dressing_room ,0.06382892
3924,253796,18816,clothing_store ,0.05630476
3925,253796,18840,bow_window/indoor ,0.27356935
3926,253796,18840,clean_room ,0.19156882
3927,253796,18840,museum/indoor ,0.08857025
3928,253796,18840,clothing_store ,0.085146315
3929,253796,18840,dressing_room ,0.075111344
3930,253796,18864,bow_window/indoor ,0.43150413
3931,253796,18864,museum/indoor ,0.10350737
3932,253796,18864,clean_room ,0.08780042
3933,253796,18864,dressing_room ,0.07844572
3934,253796,18864,nursery ,0.06635764
3935,253796,18888,museum/indoor ,0.4751794
3936,253796,18888,clean_room ,0.11991478
3937,253796,18888,bow_window/indoor ,0.11439205
3938,253796,18888,dressing_room ,0.060155064
3939,253796,18888,shower ,0.039604418
3940,253796,18912,bow_window/indoor ,0.41946945
3941,253796,18912,museum/indoor ,0.21386006
3942,253796,18912,clean_room ,0.07675151
3943,253796,18912,dressing_room ,0.051594067
3944,253796,18912,nursery ,0.033444628
3945,253796,18936,clean_room ,0.28950408
3946,253796,18936,bow_window/indoor ,0.14835475
3947,253796,18936,museum/indoor ,0.13205823
3948,253796,18936,dressing_room ,0.07543579
3949,253796,18936,art_studio ,0.057684764
3950,253796,18960,shower ,0.3572308
3951,253796,18960,clean_room ,0.12983881
3952,253796,18960,elevator/door ,0.055849474
3953,253796,18960,clothing_store ,0.0512186
3954,253796,18960,bow_window/indoor ,0.0421804
3955,253796,18984,clean_room ,0.27739704
3956,253796,18984,shower ,0.17712677
3957,253796,18984,locker_room ,0.10237487
3958,253796,18984,elevator/door ,0.055939708
3959,253796,18984,clothing_store ,0.038029112
3960,253796,19008,elevator/door ,0.1440319
3961,253796,19008,clean_room ,0.13976935
3962,253796,19008,locker_room ,0.11305624
3963,253796,19008,shower ,0.08923281
3964,253796,19008,bow_window/indoor ,0.06133533
3965,253796,19032,clean_room ,0.51917905
3966,253796,19032,locker_room ,0.13139687
3967,253796,19032,art_gallery ,0.06740551
3968,253796,19032,clothing_store ,0.051385637
3969,253796,19032,museum/indoor ,0.041206438
3970,253796,19056,clean_room ,0.7620926
3971,253796,19056,elevator/door ,0.023672218
3972,253796,19056,elevator_lobby ,0.02171127
3973,253796,19056,museum/indoor ,0.020691913
3974,253796,19056,hospital_room ,0.020147113
3975,253796,19080,clean_room ,0.8813406
3976,253796,19080,art_gallery ,0.01723915
3977,253796,19080,museum/indoor ,0.017166616
3978,253796,19080,hospital_room ,0.00957871
3979,253796,19080,office ,0.007643073
3980,253796,19104,clean_room ,0.79609025
3981,253796,19104,art_gallery ,0.044244505
3982,253796,19104,artists_loft ,0.025804665
3983,253796,19104,museum/indoor ,0.015714886
3984,253796,19104,art_studio ,0.012184436
3985,253796,19128,museum/indoor ,0.48897883
3986,253796,19128,archive ,0.15516664
3987,253796,19128,art_gallery ,0.12139106
3988,253796,19128,art_studio ,0.030339979
3989,253796,19128,barndoor ,0.027197544
3990,253796,19152,museum/indoor ,0.45289004
3991,253796,19152,archive ,0.15586999
3992,253796,19152,art_gallery ,0.13120997
3993,253796,19152,martial_arts_gym ,0.0288701
3994,253796,19152,art_studio ,0.022543628
3995,253796,19176,museum/indoor ,0.59352946
3996,253796,19176,archive ,0.14499556
3997,253796,19176,art_gallery ,0.1440098
3998,253796,19176,art_studio ,0.02578398
3999,253796,19176,art_school ,0.010345099
4000,253796,19200,museum/indoor ,0.6195169
4001,253796,19200,archive ,0.13393189
4002,253796,19200,art_gallery ,0.11198125
4003,253796,19200,art_studio ,0.028205253
4004,253796,19200,barndoor ,0.0110174455
4005,253796,19224,museum/indoor ,0.61158115
4006,253796,19224,art_gallery ,0.13812107
4007,253796,19224,archive ,0.10091816
4008,253796,19224,art_studio ,0.022564769
4009,253796,19224,barndoor ,0.014418923
4010,253796,19248,museum/indoor ,0.20777892
4011,253796,19248,martial_arts_gym ,0.1723227
4012,253796,19248,clean_room ,0.11035555
4013,253796,19248,art_gallery ,0.10806277
4014,253796,19248,barndoor ,0.057962406
4015,253796,19272,clean_room ,0.31852612
4016,253796,19272,locker_room ,0.2659378
4017,253796,19272,art_gallery ,0.07807664
4018,253796,19272,elevator/door ,0.060385104
4019,253796,19272,museum/indoor ,0.054979086
4020,253796,19296,clean_room ,0.47799972
4021,253796,19296,locker_room ,0.3533619
4022,253796,19296,elevator/door ,0.028716573
4023,253796,19296,dressing_room ,0.019535026
4024,253796,19296,art_gallery ,0.014395354
4025,253796,19320,clean_room ,0.36237934
4026,253796,19320,art_gallery ,0.20737186
4027,253796,19320,artists_loft ,0.14713748
4028,253796,19320,museum/indoor ,0.0648716
4029,253796,19320,bow_window/indoor ,0.026425818
4030,253796,19344,clean_room ,0.28133056
4031,253796,19344,art_gallery ,0.21675447
4032,253796,19344,artists_loft ,0.09267084
4033,253796,19344,museum/indoor ,0.08825737
4034,253796,19344,art_studio ,0.0592788
4035,253796,19368,clean_room ,0.5251596
4036,253796,19368,art_gallery ,0.16401991
4037,253796,19368,museum/indoor ,0.10273004
4038,253796,19368,artists_loft ,0.043953672
4039,253796,19368,art_studio ,0.023763103
4040,253796,19392,clean_room ,0.6124784
4041,253796,19392,art_gallery ,0.11210495
4042,253796,19392,museum/indoor ,0.07450961
4043,253796,19392,artists_loft ,0.03356551
4044,253796,19392,art_studio ,0.025280701
4045,253796,19416,clean_room ,0.4694403
4046,253796,19416,art_gallery ,0.15679656
4047,253796,19416,museum/indoor ,0.073109485
4048,253796,19416,art_studio ,0.041896455
4049,253796,19416,artists_loft ,0.03666397
4050,253796,19440,clean_room ,0.5980397
4051,253796,19440,art_gallery ,0.08337653
4052,253796,19440,artists_loft ,0.039533965
4053,253796,19440,museum/indoor ,0.032853775
4054,253796,19440,art_studio ,0.023955625
4055,253796,19464,clean_room ,0.53606266
4056,253796,19464,locker_room ,0.34104872
4057,253796,19464,dressing_room ,0.018667506
4058,253796,19464,elevator/door ,0.016269283
4059,253796,19464,art_gallery ,0.00907893
4060,253796,19488,clean_room ,0.58857614
4061,253796,19488,locker_room ,0.22922292
4062,253796,19488,art_gallery ,0.0285159
4063,253796,19488,dressing_room ,0.021544645
4064,253796,19488,elevator/door ,0.020420775
4065,253796,19512,bow_window/indoor ,0.9935782
4066,253796,19512,doorway/outdoor ,0.0045825336
4067,253796,19512,alcove ,0.0005181622
4068,253796,19512,barndoor ,0.00035506653
4069,253796,19512,entrance_hall ,0.00022934812
4070,253796,19536,bow_window/indoor ,0.99178374
4071,253796,19536,doorway/outdoor ,0.00576375
4072,253796,19536,barndoor ,0.00095455657
4073,253796,19536,alcove ,0.000583007
4074,253796,19536,elevator/door ,0.00016390029
4075,253796,19560,bow_window/indoor ,0.99453557
4076,253796,19560,doorway/outdoor ,0.0035722444
4077,253796,19560,barndoor ,0.00060696277
4078,253796,19560,alcove ,0.00042092794
4079,253796,19560,elevator/door ,0.00012567405
4080,253796,19584,clean_room ,0.7431505
4081,253796,19584,locker_room ,0.0698789
4082,253796,19584,museum/indoor ,0.06519302
4083,253796,19584,art_gallery ,0.03594448
4084,253796,19584,elevator/door ,0.011610773
4085,253796,19608,clean_room ,0.57374555
4086,253796,19608,locker_room ,0.15990837
4087,253796,19608,museum/indoor ,0.085603066
4088,253796,19608,art_gallery ,0.045305077
4089,253796,19608,elevator/door ,0.03423357
4090,253796,19632,bow_window/indoor ,0.98772126
4091,253796,19632,doorway/outdoor ,0.009168434
4092,253796,19632,barndoor ,0.0008302607
4093,253796,19632,alcove ,0.000631823
4094,253796,19632,entrance_hall ,0.00033354972
4095,253796,19656,bow_window/indoor ,0.9920278
4096,253796,19656,doorway/outdoor ,0.005919038
4097,253796,19656,barndoor ,0.00052623154
4098,253796,19656,alcove ,0.00047231448
4099,253796,19656,entrance_hall ,0.00021851111
4100,253796,19680,bow_window/indoor ,0.9899738
4101,253796,19680,doorway/outdoor ,0.007402902
4102,253796,19680,barndoor ,0.0005903
4103,253796,19680,alcove ,0.00048312038
4104,253796,19680,entrance_hall ,0.0003776018
4105,253796,19704,bow_window/indoor ,0.97988224
4106,253796,19704,doorway/outdoor ,0.016803991
4107,253796,19704,alcove ,0.0005729799
4108,253796,19704,entrance_hall ,0.0005694244
4109,253796,19704,barndoor ,0.00053561444
4110,253796,19728,bow_window/indoor ,0.98333365
4111,253796,19728,doorway/outdoor ,0.012774393
4112,253796,19728,alcove ,0.0009835301
4113,253796,19728,barndoor ,0.0007177846
4114,253796,19728,entrance_hall ,0.0004574871
4115,253796,19752,bow_window/indoor ,0.9878654
4116,253796,19752,doorway/outdoor ,0.008854754
4117,253796,19752,alcove ,0.00084531534
4118,253796,19752,entrance_hall ,0.0006321002
4119,253796,19752,barndoor ,0.0003996938
4120,253796,19776,bow_window/indoor ,0.9864216
4121,253796,19776,doorway/outdoor ,0.009912262
4122,253796,19776,entrance_hall ,0.00088781316
4123,253796,19776,alcove ,0.0006630119
4124,253796,19776,barndoor ,0.00037295418
4125,253796,19800,bow_window/indoor ,0.964665
4126,253796,19800,doorway/outdoor ,0.028701743
4127,253796,19800,entrance_hall ,0.0017776429
4128,253796,19800,elevator/door ,0.0013246072
4129,253796,19800,barndoor ,0.00085254427
4130,253796,19824,bow_window/indoor ,0.9796999
4131,253796,19824,doorway/outdoor ,0.016811172
4132,253796,19824,barndoor ,0.0015270389
4133,253796,19824,elevator/door ,0.0004519673
4134,253796,19824,alcove ,0.0003811344
4135,253796,19848,bow_window/indoor ,0.9693366
4136,253796,19848,doorway/outdoor ,0.026454119
4137,253796,19848,entrance_hall ,0.0010945295
4138,253796,19848,barndoor ,0.00081724423
4139,253796,19848,alcove ,0.0006518237
4140,253796,19872,bow_window/indoor ,0.9607457
4141,253796,19872,doorway/outdoor ,0.023374937
4142,253796,19872,barndoor ,0.003944381
4143,253796,19872,elevator/door ,0.0019715007
4144,253796,19872,entrance_hall ,0.0016456017
4145,253796,19896,bow_window/indoor ,0.60940206
4146,253796,19896,elevator_lobby ,0.044843838
4147,253796,19896,sauna ,0.039103232
4148,253796,19896,elevator/door ,0.035801057
4149,253796,19896,entrance_hall ,0.034724403
4150,253796,19920,entrance_hall ,0.44368145
4151,253796,19920,elevator_lobby ,0.10060625
4152,253796,19920,bow_window/indoor ,0.07595788
4153,253796,19920,lobby ,0.060829036
4154,253796,19920,corridor ,0.03281188
4155,253796,19944,entrance_hall ,0.16747135
4156,253796,19944,locker_room ,0.16645405
4157,253796,19944,sauna ,0.08428807
4158,253796,19944,bow_window/indoor ,0.08158096
4159,253796,19944,shower ,0.07905515
4160,253796,19968,locker_room ,0.19822405
4161,253796,19968,shower ,0.115946926
4162,253796,19968,clean_room ,0.09541851
4163,253796,19968,bow_window/indoor ,0.072608195
4164,253796,19968,sauna ,0.06748789
4165,253796,19992,locker_room ,0.2610989
4166,253796,19992,sauna ,0.17249027
4167,253796,19992,shower ,0.14313234
4168,253796,19992,clean_room ,0.059723534
4169,253796,19992,elevator_lobby ,0.058470715
4170,253796,20016,locker_room ,0.20977956
4171,253796,20016,sauna ,0.1266589
4172,253796,20016,clean_room ,0.10578873
4173,253796,20016,shower ,0.10131949
4174,253796,20016,bow_window/indoor ,0.088690646
4175,253796,20040,sauna ,0.19088481
4176,253796,20040,shower ,0.16369745
4177,253796,20040,bow_window/indoor ,0.14217046
4178,253796,20040,locker_room ,0.13965711
4179,253796,20040,clean_room ,0.051836655
4180,253796,20064,bow_window/indoor ,0.24618898
4181,253796,20064,sauna ,0.13040578
4182,253796,20064,shower ,0.1203485
4183,253796,20064,entrance_hall ,0.07790747
4184,253796,20064,locker_room ,0.067231
4185,253796,20088,entrance_hall ,0.2825795
4186,253796,20088,bow_window/indoor ,0.19236335
4187,253796,20088,elevator_lobby ,0.10985073
4188,253796,20088,sauna ,0.05960605
4189,253796,20088,shower ,0.05362951
4190,253796,20112,bow_window/indoor ,0.20581385
4191,253796,20112,shower ,0.14143585
4192,253796,20112,entrance_hall ,0.13044363
4193,253796,20112,sauna ,0.119226955
4194,253796,20112,locker_room ,0.069468565
4195,253796,20136,locker_room ,0.28807572
4196,253796,20136,clean_room ,0.21196568
4197,253796,20136,museum/indoor ,0.170372
4198,253796,20136,archive ,0.09553404
4199,253796,20136,physics_laboratory ,0.08276871
4200,253796,20160,clean_room ,0.23894161
4201,253796,20160,museum/indoor ,0.22227904
4202,253796,20160,archive ,0.17124414
4203,253796,20160,locker_room ,0.15861677
4204,253796,20160,physics_laboratory ,0.055719677
4205,253796,20184,museum/indoor ,0.2489132
4206,253796,20184,clean_room ,0.21589275
4207,253796,20184,archive ,0.18125512
4208,253796,20184,locker_room ,0.1588157
4209,253796,20184,physics_laboratory ,0.047244273
4210,253796,20208,museum/indoor ,0.3629375
4211,253796,20208,archive ,0.18286456
4212,253796,20208,locker_room ,0.16640323
4213,253796,20208,clean_room ,0.09545233
4214,253796,20208,physics_laboratory ,0.047852706
4215,253796,20232,clean_room ,0.34560776
4216,253796,20232,locker_room ,0.25556603
4217,253796,20232,archive ,0.12536617
4218,253796,20232,museum/indoor ,0.0981873
4219,253796,20232,physics_laboratory ,0.06463952
4220,253796,20256,museum/indoor ,0.34647858
4221,253796,20256,locker_room ,0.12587433
4222,253796,20256,archive ,0.115305476
4223,253796,20256,clean_room ,0.10228992
4224,253796,20256,physics_laboratory ,0.09131355
4225,253796,20280,museum/indoor ,0.34990114
4226,253796,20280,stage/indoor ,0.18242249
4227,253796,20280,clean_room ,0.16587959
4228,253796,20280,archive ,0.06152518
4229,253796,20280,physics_laboratory ,0.0540642
4230,253796,20304,stage/indoor ,0.28540727
4231,253796,20304,locker_room ,0.24633673
4232,253796,20304,music_studio ,0.14924303
4233,253796,20304,museum/indoor ,0.087033585
4234,253796,20304,archive ,0.043906413
4235,253796,20328,clean_room ,0.7300423
4236,253796,20328,stage/indoor ,0.14438008
4237,253796,20328,music_studio ,0.017825237
4238,253796,20328,locker_room ,0.017076002
4239,253796,20328,dressing_room ,0.010522166
4240,253796,20352,stage/indoor ,0.18706407
4241,253796,20352,clean_room ,0.09738057
4242,253796,20352,locker_room ,0.08549111
4243,253796,20352,elevator/door ,0.07063869
4244,253796,20352,dressing_room ,0.06194158
4245,253796,20376,shower ,0.26550177
4246,253796,20376,dressing_room ,0.2522091
4247,253796,20376,discotheque ,0.1233288
4248,253796,20376,locker_room ,0.09523026
4249,253796,20376,stage/indoor ,0.08290041
4250,253796,20400,museum/indoor ,0.43502685
4251,253796,20400,clean_room ,0.116580926
4252,253796,20400,art_gallery ,0.103130445
4253,253796,20400,stage/indoor ,0.04836811
4254,253796,20400,iceberg ,0.037062984
4255,253796,20424,shower ,0.2855231
4256,253796,20424,elevator/door ,0.12298607
4257,253796,20424,elevator_lobby ,0.07753136
4258,253796,20424,locker_room ,0.07644102
4259,253796,20424,clean_room ,0.06508287
4260,253796,20448,shower ,0.35701242
4261,253796,20448,clean_room ,0.099261984
4262,253796,20448,elevator/door ,0.07509138
4263,253796,20448,elevator_lobby ,0.049372364
4264,253796,20448,locker_room ,0.044997223
4265,253796,20472,shower ,0.63457495
4266,253796,20472,bow_window/indoor ,0.2545877
4267,253796,20472,elevator/door ,0.034378715
4268,253796,20472,elevator_lobby ,0.013662374
4269,253796,20472,bathroom ,0.012662272
4270,253796,20496,bow_window/indoor ,0.39609012
4271,253796,20496,elevator_lobby ,0.14845534
4272,253796,20496,artists_loft ,0.093928054
4273,253796,20496,elevator/door ,0.06774009
4274,253796,20496,clean_room ,0.043149788
4275,253796,20520,bow_window/indoor ,0.39829707
4276,253796,20520,artists_loft ,0.2162707
4277,253796,20520,attic ,0.10362443
4278,253796,20520,clean_room ,0.07977482
4279,253796,20520,atrium/public ,0.041018564
4280,253796,20544,clean_room ,0.42991322
4281,253796,20544,artists_loft ,0.1374126
4282,253796,20544,atrium/public ,0.08296468
4283,253796,20544,bow_window/indoor ,0.082155295
4284,253796,20544,elevator_lobby ,0.08087188
4285,253796,20568,clean_room ,0.7116353
4286,253796,20568,artists_loft ,0.072794825
4287,253796,20568,bow_window/indoor ,0.030523086
4288,253796,20568,atrium/public ,0.018987764
4289,253796,20568,elevator_lobby ,0.018468158
4290,253796,20592,clean_room ,0.55376965
4291,253796,20592,artists_loft ,0.12002899
4292,253796,20592,bow_window/indoor ,0.04699421
4293,253796,20592,museum/indoor ,0.04614225
4294,253796,20592,clothing_store ,0.045524023
4295,253796,20616,clean_room ,0.87578267
4296,253796,20616,artists_loft ,0.02767628
4297,253796,20616,clothing_store ,0.01443938
4298,253796,20616,museum/indoor ,0.013201368
4299,253796,20616,art_gallery ,0.009470321
4300,253796,20640,clean_room ,0.955452
4301,253796,20640,clothing_store ,0.012898042
4302,253796,20640,museum/indoor ,0.004196472
4303,253796,20640,art_gallery ,0.003913068
4304,253796,20640,artists_loft ,0.003142759
4305,253796,20664,clothing_store ,0.2139468
4306,253796,20664,shower ,0.17086403
4307,253796,20664,closet ,0.10411701
4308,253796,20664,bathroom ,0.0820388
4309,253796,20664,artists_loft ,0.08101175
4310,253796,20688,clothing_store ,0.22493534
4311,253796,20688,shower ,0.18637517
4312,253796,20688,dressing_room ,0.101516336
4313,253796,20688,bathroom ,0.09160711
4314,253796,20688,closet ,0.077147245
4315,253796,20712,closet ,0.23167236
4316,253796,20712,shower ,0.15735318
4317,253796,20712,bathroom ,0.093878105
4318,253796,20712,bow_window/indoor ,0.09355617
4319,253796,20712,clothing_store ,0.07721149
4320,253796,20736,shower ,0.18283781
4321,253796,20736,closet ,0.14868805
4322,253796,20736,bathroom ,0.11084229
4323,253796,20736,bow_window/indoor ,0.09456589
4324,253796,20736,artists_loft ,0.07603218
4325,253796,20760,shower ,0.22784494
4326,253796,20760,artists_loft ,0.11159554
4327,253796,20760,bathroom ,0.11036264
4328,253796,20760,clothing_store ,0.09986088
4329,253796,20760,closet ,0.07665001
4330,253796,20784,clothing_store ,0.20600323
4331,253796,20784,dressing_room ,0.12021643
4332,253796,20784,shower ,0.10011666
4333,253796,20784,clean_room ,0.07366
4334,253796,20784,artists_loft ,0.07156134
4335,253796,20808,clothing_store ,0.20578413
4336,253796,20808,shower ,0.14066057
4337,253796,20808,dressing_room ,0.12568384
4338,253796,20808,closet ,0.12278829
4339,253796,20808,bathroom ,0.061740942
4340,253796,20832,closet ,0.2657262
4341,253796,20832,clothing_store ,0.14454272
4342,253796,20832,dressing_room ,0.14176472
4343,253796,20832,shower ,0.10620562
4344,253796,20832,bathroom ,0.060864124
4345,253796,20856,closet ,0.2860168
4346,253796,20856,dressing_room ,0.21008857
4347,253796,20856,clothing_store ,0.17531726
4348,253796,20856,locker_room ,0.05035566
4349,253796,20856,shower ,0.044833172
4350,253796,20880,closet ,0.36140034
4351,253796,20880,clothing_store ,0.16115187
4352,253796,20880,dressing_room ,0.14378186
4353,253796,20880,bow_window/indoor ,0.058144335
4354,253796,20880,locker_room ,0.048717882
4355,253796,20904,closet ,0.26770234
4356,253796,20904,clothing_store ,0.2260484
4357,253796,20904,dressing_room ,0.14018849
4358,253796,20904,museum/indoor ,0.06848276
4359,253796,20904,art_gallery ,0.056279704
4360,253796,20928,clothing_store ,0.27229208
4361,253796,20928,closet ,0.24335565
4362,253796,20928,museum/indoor ,0.108761504
4363,253796,20928,dressing_room ,0.08796366
4364,253796,20928,art_gallery ,0.06704872
4365,253796,20952,clothing_store ,0.20683217
4366,253796,20952,closet ,0.17389446
4367,253796,20952,bow_window/indoor ,0.16793397
4368,253796,20952,museum/indoor ,0.120263435
4369,253796,20952,art_gallery ,0.090639554
4370,253796,20976,closet ,0.24318187
4371,253796,20976,bow_window/indoor ,0.23646408
4372,253796,20976,clothing_store ,0.21195817
4373,253796,20976,museum/indoor ,0.060200572
4374,253796,20976,dressing_room ,0.05965438
4375,253796,21000,clean_room ,0.91076416
4376,253796,21000,artists_loft ,0.026190024
4377,253796,21000,museum/indoor ,0.009738624
4378,253796,21000,clothing_store ,0.008849335
4379,253796,21000,art_gallery ,0.007663722
4380,253796,21024,clean_room ,0.8098433
4381,253796,21024,artists_loft ,0.054800216
4382,253796,21024,bow_window/indoor ,0.02550146
4383,253796,21024,museum/indoor ,0.014334929
4384,253796,21024,art_gallery ,0.013957691
4385,253796,21048,clean_room ,0.88173676
4386,253796,21048,artists_loft ,0.029602453
4387,253796,21048,bow_window/indoor ,0.013314816
4388,253796,21048,shower ,0.010925283
4389,253796,21048,clothing_store ,0.010132093
4390,253796,21072,clean_room ,0.9118342
4391,253796,21072,artists_loft ,0.017971996
4392,253796,21072,museum/indoor ,0.012151916
4393,253796,21072,clothing_store ,0.009794276
4394,253796,21072,art_gallery ,0.009039973
4395,253796,21096,clean_room ,0.8541075
4396,253796,21096,artists_loft ,0.032249358
4397,253796,21096,bow_window/indoor ,0.019777793
4398,253796,21096,museum/indoor ,0.014829633
4399,253796,21096,clothing_store ,0.009880743
4400,253796,21120,clean_room ,0.6837605
4401,253796,21120,artists_loft ,0.07112795
4402,253796,21120,bow_window/indoor ,0.035449877
4403,253796,21120,entrance_hall ,0.032992132
4404,253796,21120,elevator_lobby ,0.02852183
4405,253796,21144,bow_window/indoor ,0.7805486
4406,253796,21144,closet ,0.074830435
4407,253796,21144,clothing_store ,0.030439727
4408,253796,21144,artists_loft ,0.0155827105
4409,253796,21144,museum/indoor ,0.012861641
4410,253796,21168,bow_window/indoor ,0.70399445
4411,253796,21168,closet ,0.106564246
4412,253796,21168,clothing_store ,0.052896958
4413,253796,21168,artists_loft ,0.041306935
4414,253796,21168,alcove ,0.013401002
4415,253796,21192,bow_window/indoor ,0.49894235
4416,253796,21192,closet ,0.18771696
4417,253796,21192,clothing_store ,0.056926444
4418,253796,21192,artists_loft ,0.052394606
4419,253796,21192,elevator/door ,0.037101787
4420,253796,21216,bow_window/indoor ,0.31168866
4421,253796,21216,closet ,0.16781421
4422,253796,21216,elevator/door ,0.16065732
4423,253796,21216,clothing_store ,0.05746771
4424,253796,21216,artists_loft ,0.052531242
4425,253796,21240,closet ,0.6823404
4426,253796,21240,elevator/door ,0.082024135
4427,253796,21240,clothing_store ,0.060931455
4428,253796,21240,dressing_room ,0.045346178
4429,253796,21240,bow_window/indoor ,0.03701263
4430,253796,21264,closet ,0.4346978
4431,253796,21264,dressing_room ,0.09624351
4432,253796,21264,elevator/door ,0.087821625
4433,253796,21264,bow_window/indoor ,0.08205823
4434,253796,21264,clothing_store ,0.061163433
4435,253796,21288,closet ,0.39261737
4436,253796,21288,dressing_room ,0.13767046
4437,253796,21288,clothing_store ,0.09052289
4438,253796,21288,clean_room ,0.08816381
4439,253796,21288,locker_room ,0.077313974
4440,253796,21312,closet ,0.5189605
4441,253796,21312,dressing_room ,0.21877001
4442,253796,21312,clothing_store ,0.055429313
4443,253796,21312,locker_room ,0.04838971
4444,253796,21312,art_gallery ,0.027622817
4445,253796,21336,dressing_room ,0.3271794
4446,253796,21336,closet ,0.17447871
4447,253796,21336,art_gallery ,0.12581415
4448,253796,21336,clean_room ,0.06765238
4449,253796,21336,locker_room ,0.063418515
4450,253796,21360,dressing_room ,0.44521055
4451,253796,21360,art_gallery ,0.24374011
4452,253796,21360,museum/indoor ,0.053041182
4453,253796,21360,closet ,0.049794283
4454,253796,21360,shower ,0.049566485
4455,253796,21384,dressing_room ,0.78073835
4456,253796,21384,clothing_store ,0.11398856
4457,253796,21384,art_gallery ,0.046904784
4458,253796,21384,closet ,0.015452295
4459,253796,21384,museum/indoor ,0.010895111
4460,253796,21408,dressing_room ,0.690852
4461,253796,21408,art_gallery ,0.14418289
4462,253796,21408,museum/indoor ,0.05179409
4463,253796,21408,clothing_store ,0.044634476
4464,253796,21408,art_studio ,0.015443752
4465,253796,21432,dressing_room ,0.56670576
4466,253796,21432,art_gallery ,0.18077935
4467,253796,21432,museum/indoor ,0.06691632
4468,253796,21432,art_studio ,0.04051328
4469,253796,21432,clothing_store ,0.028099393
4470,253796,21456,art_gallery ,0.39383093
4471,253796,21456,museum/indoor ,0.2640251
4472,253796,21456,dressing_room ,0.23312823
4473,253796,21456,art_studio ,0.057408094
4474,253796,21456,clean_room ,0.01513335
4475,253796,21480,dressing_room ,0.8723243
4476,253796,21480,art_gallery ,0.06249397
4477,253796,21480,museum/indoor ,0.02118492
4478,253796,21480,art_studio ,0.01775627
4479,253796,21480,clean_room ,0.0104791885
4480,253796,21504,dressing_room ,0.5357789
4481,253796,21504,art_gallery ,0.2394607
4482,253796,21504,museum/indoor ,0.15064175
4483,253796,21504,art_studio ,0.046459485
4484,253796,21504,clean_room ,0.010357175
4485,253796,21528,dressing_room ,0.5987947
4486,253796,21528,art_gallery ,0.21821883
4487,253796,21528,museum/indoor ,0.11981731
4488,253796,21528,art_studio ,0.03361906
4489,253796,21528,clean_room ,0.0083778845
4490,253796,21552,dressing_room ,0.46120414
4491,253796,21552,art_gallery ,0.32013223
4492,253796,21552,museum/indoor ,0.1414878
4493,253796,21552,art_studio ,0.054955423
4494,253796,21552,clean_room ,0.006865829
4495,253796,21576,dressing_room ,0.75778097
4496,253796,21576,art_gallery ,0.14345863
4497,253796,21576,museum/indoor ,0.05831243
4498,253796,21576,art_studio ,0.024891408
4499,253796,21576,clean_room ,0.003328173
4500,253796,21600,dressing_room ,0.44493133
4501,253796,21600,museum/indoor ,0.27278608
4502,253796,21600,art_gallery ,0.12828168
4503,253796,21600,shower ,0.030745232
4504,253796,21600,clean_room ,0.024660682
4505,253796,21624,jail_cell ,0.32726514
4506,253796,21624,bow_window/indoor ,0.15061569
4507,253796,21624,stable ,0.07247888
4508,253796,21624,museum/indoor ,0.07125582
4509,253796,21624,clean_room ,0.069049716
4510,253796,21648,bow_window/indoor ,0.73105055
4511,253796,21648,alcove ,0.14192337
4512,253796,21648,jail_cell ,0.051505756
4513,253796,21648,barndoor ,0.011501775
4514,253796,21648,doorway/outdoor ,0.009945127
4515,253796,21672,clean_room ,0.2868063
4516,253796,21672,jail_cell ,0.18252732
4517,253796,21672,schoolhouse ,0.095637605
4518,253796,21672,kennel/outdoor ,0.059251394
4519,253796,21672,nursery ,0.04421262
4520,253796,21696,jail_cell ,0.42080414
4521,253796,21696,bow_window/indoor ,0.22373115
4522,253796,21696,clean_room ,0.07374479
4523,253796,21696,barndoor ,0.06296158
4524,253796,21696,alcove ,0.040681295
4525,253796,21720,jail_cell ,0.90493304
4526,253796,21720,bow_window/indoor ,0.05582145
4527,253796,21720,alcove ,0.010998974
4528,253796,21720,barndoor ,0.009695458
4529,253796,21720,stable ,0.0028731117
4530,253796,21744,bow_window/indoor ,0.46074584
4531,253796,21744,jail_cell ,0.41496223
4532,253796,21744,alcove ,0.034784872
4533,253796,21744,barndoor ,0.030014416
4534,253796,21744,stable ,0.023786852
4535,253796,21768,jail_cell ,0.44766718
4536,253796,21768,bow_window/indoor ,0.3368349
4537,253796,21768,alcove ,0.08483746
4538,253796,21768,stable ,0.035357386
4539,253796,21768,kennel/outdoor ,0.02634076
4540,253796,21792,jail_cell ,0.51107603
4541,253796,21792,bow_window/indoor ,0.29858172
4542,253796,21792,alcove ,0.13012438
4543,253796,21792,barndoor ,0.017424468
4544,253796,21792,doorway/outdoor ,0.006212906
4545,253796,21816,jail_cell ,0.85596496
4546,253796,21816,bow_window/indoor ,0.06141081
4547,253796,21816,alcove ,0.03986592
4548,253796,21816,museum/indoor ,0.0055864886
4549,253796,21816,kennel/outdoor ,0.0054808375
4550,253796,21840,jail_cell ,0.8035948
4551,253796,21840,alcove ,0.06524279
4552,253796,21840,bow_window/indoor ,0.058518294
4553,253796,21840,nursery ,0.015699284
4554,253796,21840,clean_room ,0.010265702
4555,253796,21864,jail_cell ,0.49395
4556,253796,21864,alcove ,0.13611156
4557,253796,21864,bow_window/indoor ,0.13581489
4558,253796,21864,museum/indoor ,0.034295622
4559,253796,21864,clean_room ,0.021221258
4560,253796,21888,clean_room ,0.4992504
4561,253796,21888,museum/indoor ,0.10503231
4562,253796,21888,server_room ,0.046574723
4563,253796,21888,chemistry_lab ,0.03549556
4564,253796,21888,music_studio ,0.026631942
4565,253796,21912,basement ,0.29681367
4566,253796,21912,artists_loft ,0.0779611
4567,253796,21912,bow_window/indoor ,0.06782773
4568,253796,21912,attic ,0.054039553
4569,253796,21912,museum/indoor ,0.049907856
4570,253796,21936,locker_room ,0.11327967
4571,253796,21936,basement ,0.08928084
4572,253796,21936,artists_loft ,0.072121054
4573,253796,21936,art_gallery ,0.0633564
4574,253796,21936,corridor ,0.061640207
4575,253796,21960,jail_cell ,0.24772786
4576,253796,21960,bow_window/indoor ,0.22905575
4577,253796,21960,sauna ,0.056741465
4578,253796,21960,locker_room ,0.053562235
4579,253796,21960,clean_room ,0.03240758
4580,253796,21984,dressing_room ,0.15115814
4581,253796,21984,bow_window/indoor ,0.1333054
4582,253796,21984,locker_room ,0.13028981
4583,253796,21984,shower ,0.11357838
4584,253796,21984,jail_cell ,0.051467404
4585,253796,22008,bow_window/indoor ,0.34210938
4586,253796,22008,shower ,0.0764719
4587,253796,22008,sauna ,0.072921164
4588,253796,22008,clean_room ,0.05556034
4589,253796,22008,jail_cell ,0.051430512
4590,253796,22032,clean_room ,0.38320744
4591,253796,22032,bow_window/indoor ,0.1480248
4592,253796,22032,archive ,0.11666187
4593,253796,22032,museum/indoor ,0.11006271
4594,253796,22032,art_gallery ,0.062499173
4595,253796,22056,bow_window/indoor ,0.5715003
4596,253796,22056,archive ,0.056263324
4597,253796,22056,clean_room ,0.04778733
4598,253796,22056,music_studio ,0.035904285
4599,253796,22056,office ,0.03318316
4600,253796,22080,bow_window/indoor ,0.7318144
4601,253796,22080,museum/indoor ,0.047237612
4602,253796,22080,art_gallery ,0.025326269
4603,253796,22080,nursery ,0.020322166
4604,253796,22080,sauna ,0.020303803
4605,253796,22104,elevator/door ,0.24131404
4606,253796,22104,bow_window/indoor ,0.1475655
4607,253796,22104,locker_room ,0.08813573
4608,253796,22104,museum/indoor ,0.069347955
4609,253796,22104,shower ,0.052815005
4610,253796,22128,bow_window/indoor ,0.5490421
4611,253796,22128,elevator/door ,0.07489355
4612,253796,22128,shower ,0.03734809
4613,253796,22128,art_gallery ,0.036411338
4614,253796,22128,sauna ,0.032568578
4615,253796,22152,bow_window/indoor ,0.65698105
4616,253796,22152,martial_arts_gym ,0.04340862
4617,253796,22152,nursery ,0.034725934
4618,253796,22152,locker_room ,0.032588568
4619,253796,22152,dressing_room ,0.031450484
4620,253796,22176,dressing_room ,0.3988819
4621,253796,22176,bow_window/indoor ,0.0927824
4622,253796,22176,jail_cell ,0.08911572
4623,253796,22176,locker_room ,0.055023894
4624,253796,22176,elevator/door ,0.051286444
4625,253796,22200,dressing_room ,0.63251925
4626,253796,22200,clean_room ,0.13420866
4627,253796,22200,sauna ,0.053105336
4628,253796,22200,locker_room ,0.04455367
4629,253796,22200,elevator/door ,0.035167396
4630,253796,22224,locker_room ,0.21141775
4631,253796,22224,elevator/door ,0.18855745
4632,253796,22224,dressing_room ,0.16405794
4633,253796,22224,jail_cell ,0.08949259
4634,253796,22224,archive ,0.089440286
4635,253796,22248,dressing_room ,0.5964286
4636,253796,22248,locker_room ,0.060544524
4637,253796,22248,closet ,0.042947564
4638,253796,22248,museum/indoor ,0.04265929
4639,253796,22248,archive ,0.041440442
4640,253796,22272,dressing_room ,0.25698328
4641,253796,22272,clean_room ,0.25273627
4642,253796,22272,bow_window/indoor ,0.117004745
4643,253796,22272,museum/indoor ,0.06260633
4644,253796,22272,closet ,0.04740584
4645,253796,22296,dressing_room ,0.26738182
4646,253796,22296,clean_room ,0.20075
4647,253796,22296,archive ,0.101774745
4648,253796,22296,museum/indoor ,0.068948805
4649,253796,22296,bow_window/indoor ,0.06550711
4650,253796,22320,dressing_room ,0.33060366
4651,253796,22320,clean_room ,0.18428156
4652,253796,22320,archive ,0.15241314
4653,253796,22320,museum/indoor ,0.07595027
4654,253796,22320,nursery ,0.024239354
4655,253796,22344,archive ,0.4379468
4656,253796,22344,clean_room ,0.19452943
4657,253796,22344,dressing_room ,0.12287272
4658,253796,22344,museum/indoor ,0.040642656
4659,253796,22344,bow_window/indoor ,0.032347202
4660,253796,22368,bow_window/indoor ,0.24024165
4661,253796,22368,museum/indoor ,0.19724306
4662,253796,22368,art_gallery ,0.13395187
4663,253796,22368,archive ,0.103247546
4664,253796,22368,dressing_room ,0.051607456
4665,253796,22392,art_studio ,0.26988792
4666,253796,22392,museum/indoor ,0.22556281
4667,253796,22392,art_gallery ,0.19869888
4668,253796,22392,archive ,0.12519501
4669,253796,22392,art_school ,0.073685154
4670,253796,22416,archive ,0.28045234
4671,253796,22416,museum/indoor ,0.19531396
4672,253796,22416,art_gallery ,0.1093346
4673,253796,22416,art_studio ,0.098037094
4674,253796,22416,clean_room ,0.068116456
4675,253796,22440,art_studio ,0.295616
4676,253796,22440,archive ,0.27935454
4677,253796,22440,museum/indoor ,0.18504152
4678,253796,22440,art_gallery ,0.09412875
4679,253796,22440,art_school ,0.07322594
4680,253796,22464,museum/indoor ,0.21428211
4681,253796,22464,archive ,0.21133149
4682,253796,22464,art_studio ,0.14448327
4683,253796,22464,art_gallery ,0.11791288
4684,253796,22464,dressing_room ,0.080078475
4685,253796,22488,museum/indoor ,0.27871487
4686,253796,22488,archive ,0.25089565
4687,253796,22488,clean_room ,0.10494825
4688,253796,22488,art_studio ,0.08753982
4689,253796,22488,art_gallery ,0.064530894
4690,253796,22512,museum/indoor ,0.3074751
4691,253796,22512,archive ,0.27607372
4692,253796,22512,clean_room ,0.09764612
4693,253796,22512,art_studio ,0.07355527
4694,253796,22512,art_gallery ,0.03936751
4695,253796,22536,clean_room ,0.31672397
4696,253796,22536,dressing_room ,0.19054732
4697,253796,22536,archive ,0.17243664
4698,253796,22536,museum/indoor ,0.09648414
4699,253796,22536,nursing_home ,0.024184331
4700,253796,22560,archive ,0.29688862
4701,253796,22560,museum/indoor ,0.25582367
4702,253796,22560,clean_room ,0.12413405
4703,253796,22560,dressing_room ,0.047816332
4704,253796,22560,art_studio ,0.03726793
4705,253796,22584,clean_room ,0.2406428
4706,253796,22584,archive ,0.13261515
4707,253796,22584,dressing_room ,0.09228675
4708,253796,22584,nursing_home ,0.085212454
4709,253796,22584,martial_arts_gym ,0.07600291
4710,253796,22608,clean_room ,0.3085816
4711,253796,22608,archive ,0.2128
4712,253796,22608,nursing_home ,0.06862207
4713,253796,22608,music_studio ,0.058815245
4714,253796,22608,museum/indoor ,0.049827673
4715,253796,22632,archive ,0.3829718
4716,253796,22632,clean_room ,0.19207528
4717,253796,22632,museum/indoor ,0.07274528
4718,253796,22632,dressing_room ,0.04019286
4719,253796,22632,nursing_home ,0.035377204
4720,253796,22656,archive ,0.25126585
4721,253796,22656,dressing_room ,0.17719962
4722,253796,22656,museum/indoor ,0.1618993
4723,253796,22656,bow_window/indoor ,0.093374886
4724,253796,22656,jail_cell ,0.044890378
4725,253796,22680,museum/indoor ,0.36502707
4726,253796,22680,archive ,0.11957054
4727,253796,22680,art_studio ,0.11449853
4728,253796,22680,bow_window/indoor ,0.07610244
4729,253796,22680,dressing_room ,0.06778795
4730,253796,22704,archive ,0.20777321
4731,253796,22704,bow_window/indoor ,0.2013492
4732,253796,22704,dressing_room ,0.13745588
4733,253796,22704,clean_room ,0.11651342
4734,253796,22704,museum/indoor ,0.07595387
4735,253796,22728,museum/indoor ,0.48045468
4736,253796,22728,bow_window/indoor ,0.20620355
4737,253796,22728,art_studio ,0.091419056
4738,253796,22728,art_gallery ,0.041317437
4739,253796,22728,archive ,0.03859923
4740,253796,22752,museum/indoor ,0.28100795
4741,253796,22752,bow_window/indoor ,0.23203209
4742,253796,22752,archive ,0.11841312
4743,253796,22752,dressing_room ,0.076556936
4744,253796,22752,nursery ,0.03752823
4745,253796,22776,museum/indoor ,0.24395587
4746,253796,22776,archive ,0.11001554
4747,253796,22776,clean_room ,0.10142406
4748,253796,22776,dressing_room ,0.07163294
4749,253796,22776,bow_window/indoor ,0.06953498
4750,253796,22800,clean_room ,0.27530408
4751,253796,22800,archive ,0.22711796
4752,253796,22800,museum/indoor ,0.09117409
4753,253796,22800,dressing_room ,0.09089038
4754,253796,22800,martial_arts_gym ,0.029163929
4755,253796,22824,clean_room ,0.38460585
4756,253796,22824,martial_arts_gym ,0.122803666
4757,253796,22824,archive ,0.09020198
4758,253796,22824,dressing_room ,0.070711546
4759,253796,22824,museum/indoor ,0.06865706
4760,253796,22848,bow_window/indoor ,0.4863546
4761,253796,22848,clean_room ,0.09950263
4762,253796,22848,alcove ,0.08462593
4763,253796,22848,jail_cell ,0.071320675
4764,253796,22848,martial_arts_gym ,0.028566169
4765,253796,22872,bow_window/indoor ,0.90985614
4766,253796,22872,jail_cell ,0.070416704
4767,253796,22872,alcove ,0.0070481496
4768,253796,22872,archive ,0.0014338671
4769,253796,22872,sauna ,0.0012727588
4770,253796,22896,bow_window/indoor ,0.9238746
4771,253796,22896,jail_cell ,0.039433744
4772,253796,22896,alcove ,0.008944932
4773,253796,22896,closet ,0.0039765793
4774,253796,22896,barndoor ,0.003416081
4775,253796,22920,bow_window/indoor ,0.3698174
4776,253796,22920,clean_room ,0.13391824
4777,253796,22920,shower ,0.075117305
4778,253796,22920,museum/indoor ,0.061634324
4779,253796,22920,jail_cell ,0.036393635
4780,253796,22944,museum/indoor ,0.40514046
4781,253796,22944,clean_room ,0.34795204
4782,253796,22944,art_gallery ,0.12337199
4783,253796,22944,natural_history_museum ,0.033312265
4784,253796,22944,science_museum ,0.022910276
4785,253796,22968,museum/indoor ,0.42618716
4786,253796,22968,bow_window/indoor ,0.12591462
4787,253796,22968,art_gallery ,0.10655035
4788,253796,22968,art_studio ,0.090723604
4789,253796,22968,shower ,0.041782796
4790,253796,22992,clean_room ,0.5936557
4791,253796,22992,museum/indoor ,0.24470463
4792,253796,22992,art_gallery ,0.09449439
4793,253796,22992,science_museum ,0.012341547
4794,253796,22992,natural_history_museum ,0.011433337
4795,253796,23016,museum/indoor ,0.6956472
4796,253796,23016,art_gallery ,0.120543316
4797,253796,23016,clean_room ,0.05567457
4798,253796,23016,art_studio ,0.042216294
4799,253796,23016,natural_history_museum ,0.015485828
4800,253796,23040,museum/indoor ,0.6175529
4801,253796,23040,art_gallery ,0.10952881
4802,253796,23040,art_studio ,0.043100934
4803,253796,23040,natural_history_museum ,0.03966769
4804,253796,23040,clean_room ,0.036486004
4805,253796,23064,museum/indoor ,0.3503214
4806,253796,23064,art_gallery ,0.13726099
4807,253796,23064,chemistry_lab ,0.09222362
4808,253796,23064,clean_room ,0.06333437
4809,253796,23064,shower ,0.054243937
4810,253796,23088,museum/indoor ,0.7860872
4811,253796,23088,art_gallery ,0.1461
4812,253796,23088,artists_loft ,0.012875812
4813,253796,23088,art_studio ,0.010742263
4814,253796,23088,natural_history_museum ,0.007267387
4815,253796,23112,museum/indoor ,0.6806136
4816,253796,23112,art_gallery ,0.10290084
4817,253796,23112,natural_history_museum ,0.04479498
4818,253796,23112,science_museum ,0.033022724
4819,253796,23112,clean_room ,0.032597654
4820,253796,23136,museum/indoor ,0.731909
4821,253796,23136,art_gallery ,0.13205135
4822,253796,23136,art_studio ,0.032559004
4823,253796,23136,clean_room ,0.028675897
4824,253796,23136,natural_history_museum ,0.023356603
4825,253796,23160,museum/indoor ,0.6743055
4826,253796,23160,art_gallery ,0.17614199
4827,253796,23160,art_studio ,0.057247132
4828,253796,23160,natural_history_museum ,0.023522312
4829,253796,23160,science_museum ,0.016312957
4830,253796,23184,museum/indoor ,0.7635806
4831,253796,23184,art_gallery ,0.11719508
4832,253796,23184,art_studio ,0.033662297
4833,253796,23184,clean_room ,0.01597943
4834,253796,23184,natural_history_museum ,0.014907271
4835,253796,23208,museum/indoor ,0.83888817
4836,253796,23208,art_gallery ,0.08900962
4837,253796,23208,art_studio ,0.018426951
4838,253796,23208,natural_history_museum ,0.012365926
4839,253796,23208,clean_room ,0.009947337
4840,253796,23232,museum/indoor ,0.7767895
4841,253796,23232,art_gallery ,0.07805898
4842,253796,23232,natural_history_museum ,0.028270468
4843,253796,23232,art_studio ,0.023352662
4844,253796,23232,science_museum ,0.014889565
4845,253796,23256,museum/indoor ,0.83169395
4846,253796,23256,art_gallery ,0.07370694
4847,253796,23256,art_studio ,0.017863331
4848,253796,23256,natural_history_museum ,0.015869424
4849,253796,23256,science_museum ,0.014509563
4850,253796,23280,museum/indoor ,0.8899311
4851,253796,23280,art_gallery ,0.06988791
4852,253796,23280,art_studio ,0.012013995
4853,253796,23280,natural_history_museum ,0.008189403
4854,253796,23280,science_museum ,0.004348596
4855,253796,23304,museum/indoor ,0.5601841
4856,253796,23304,art_gallery ,0.25184137
4857,253796,23304,art_studio ,0.033441015
4858,253796,23304,clean_room ,0.026509477
4859,253796,23304,artists_loft ,0.025207216
4860,253796,23328,art_gallery ,0.39189735
4861,253796,23328,museum/indoor ,0.36165822
4862,253796,23328,natural_history_museum ,0.049478516
4863,253796,23328,artists_loft ,0.039212447
4864,253796,23328,art_studio ,0.036224827
4865,253796,23352,art_gallery ,0.41058266
4866,253796,23352,museum/indoor ,0.3631862
4867,253796,23352,art_studio ,0.08222005
4868,253796,23352,clean_room ,0.035403535
4869,253796,23352,artists_loft ,0.034258958
4870,253796,23376,museum/indoor ,0.77154434
4871,253796,23376,art_gallery ,0.090151966
4872,253796,23376,art_studio ,0.05031969
4873,253796,23376,dressing_room ,0.03561452
4874,253796,23376,artists_loft ,0.01572162
4875,253796,23400,clean_room ,0.2732569
4876,253796,23400,museum/indoor ,0.27005327
4877,253796,23400,bow_window/indoor ,0.11652434
4878,253796,23400,art_gallery ,0.08076157
4879,253796,23400,artists_loft ,0.07081026
4880,253796,23424,museum/indoor ,0.6207662
4881,253796,23424,bow_window/indoor ,0.13918273
4882,253796,23424,art_gallery ,0.07623349
4883,253796,23424,natural_history_museum ,0.03455773
4884,253796,23424,stage/indoor ,0.013414619
4885,253796,23448,museum/indoor ,0.41727036
4886,253796,23448,art_gallery ,0.097839445
4887,253796,23448,art_studio ,0.036343977
4888,253796,23448,ballroom ,0.035662323
4889,253796,23448,dressing_room ,0.033571664
4890,253796,23472,museum/indoor ,0.5224061
4891,253796,23472,art_gallery ,0.28140363
4892,253796,23472,artists_loft ,0.03751551
4893,253796,23472,art_studio ,0.02747181
4894,253796,23472,dressing_room ,0.025160024
4895,253796,23496,museum/indoor ,0.6464271
4896,253796,23496,art_gallery ,0.14878105
4897,253796,23496,art_studio ,0.040991962
4898,253796,23496,dressing_room ,0.038026523
4899,253796,23496,clothing_store ,0.02766496
4900,253796,23520,museum/indoor ,0.5753125
4901,253796,23520,art_gallery ,0.17697944
4902,253796,23520,dressing_room ,0.06088591
4903,253796,23520,art_studio ,0.05395365
4904,253796,23520,clothing_store ,0.032198586
4905,253796,23544,museum/indoor ,0.3208052
4906,253796,23544,art_gallery ,0.17312117
4907,253796,23544,dressing_room ,0.15950525
4908,253796,23544,art_studio ,0.09015693
4909,253796,23544,clothing_store ,0.074227855
4910,253796,23568,museum/indoor ,0.44017625
4911,253796,23568,artists_loft ,0.2589477
4912,253796,23568,art_gallery ,0.11443012
4913,253796,23568,art_studio ,0.06752428
4914,253796,23568,clothing_store ,0.059570525
4915,253796,23592,dressing_room ,0.3347265
4916,253796,23592,museum/indoor ,0.13051908
4917,253796,23592,art_studio ,0.12974258
4918,253796,23592,clothing_store ,0.12657282
4919,253796,23592,art_gallery ,0.08657592
4920,253796,23616,art_studio ,0.17103983
4921,253796,23616,dressing_room ,0.16250193
4922,253796,23616,museum/indoor ,0.15352088
4923,253796,23616,art_gallery ,0.124765776
4924,253796,23616,clothing_store ,0.083503366
4925,253796,23640,museum/indoor ,0.51829076
4926,253796,23640,art_studio ,0.106107734
4927,253796,23640,art_gallery ,0.082298994
4928,253796,23640,dressing_room ,0.060967565
4929,253796,23640,artists_loft ,0.033555273
4930,253796,23664,museum/indoor ,0.6495708
4931,253796,23664,art_gallery ,0.087128125
4932,253796,23664,dressing_room ,0.08465672
4933,253796,23664,art_studio ,0.06610638
4934,253796,23664,clothing_store ,0.04020977
4935,253796,23688,clean_room ,0.16737352
4936,253796,23688,dressing_room ,0.15316112
4937,253796,23688,shower ,0.07775534
4938,253796,23688,stage/indoor ,0.07498831
4939,253796,23688,museum/indoor ,0.06648411
4940,253796,23712,museum/indoor ,0.1494068
4941,253796,23712,art_gallery ,0.121317886
4942,253796,23712,clean_room ,0.11916084
4943,253796,23712,science_museum ,0.058933843
4944,253796,23712,natural_history_museum ,0.04931857
4945,253796,23736,museum/indoor ,0.23497689
4946,253796,23736,clean_room ,0.1223531
4947,253796,23736,art_gallery ,0.10375772
4948,253796,23736,science_museum ,0.066260286
4949,253796,23736,natural_history_museum ,0.061860505
4950,253796,23760,museum/indoor ,0.20916942
4951,253796,23760,stage/indoor ,0.08725542
4952,253796,23760,dressing_room ,0.08485717
4953,253796,23760,clean_room ,0.08020344
4954,253796,23760,art_gallery ,0.055776857
4955,253796,23784,museum/indoor ,0.20897667
4956,253796,23784,dressing_room ,0.090983115
4957,253796,23784,stage/indoor ,0.07818079
4958,253796,23784,art_gallery ,0.07342956
4959,253796,23784,clean_room ,0.049929313
4960,253796,23808,museum/indoor ,0.17168814
4961,253796,23808,clean_room ,0.16533627
4962,253796,23808,art_gallery ,0.062022712
4963,253796,23808,dressing_room ,0.05311531
4964,253796,23808,butchers_shop ,0.051691834
4965,253796,23832,museum/indoor ,0.34705955
4966,253796,23832,art_gallery ,0.1847207
4967,253796,23832,stage/indoor ,0.12814693
4968,253796,23832,discotheque ,0.06817912
4969,253796,23832,art_studio ,0.05451519
4970,253796,23856,museum/indoor ,0.6435812
4971,253796,23856,art_gallery ,0.11581452
4972,253796,23856,dressing_room ,0.06272853
4973,253796,23856,archive ,0.05884971
4974,253796,23856,art_studio ,0.024821173
4975,253796,23880,museum/indoor ,0.60250705
4976,253796,23880,art_gallery ,0.15565069
4977,253796,23880,dressing_room ,0.0650117
4978,253796,23880,artists_loft ,0.04412235
4979,253796,23880,art_studio ,0.035949677
4980,253796,23904,museum/indoor ,0.7686256
4981,253796,23904,art_gallery ,0.10843127
4982,253796,23904,dressing_room ,0.034630023
4983,253796,23904,art_studio ,0.022757493
4984,253796,23904,archive ,0.015513165
4985,253796,23928,museum/indoor ,0.8107894
4986,253796,23928,art_gallery ,0.10781059
4987,253796,23928,art_studio ,0.01676144
4988,253796,23928,dressing_room ,0.01641411
4989,253796,23928,archive ,0.012838458
4990,253796,23952,museum/indoor ,0.4137954
4991,253796,23952,dressing_room ,0.28081962
4992,253796,23952,art_gallery ,0.14429738
4993,253796,23952,art_studio ,0.041042548
4994,253796,23952,artists_loft ,0.024831465
4995,253796,23976,dressing_room ,0.6819017
4996,253796,23976,museum/indoor ,0.18083628
4997,253796,23976,art_gallery ,0.054896973
4998,253796,23976,archive ,0.014502921
4999,253796,23976,clothing_store ,0.011212334
5000,253796,24000,museum/indoor ,0.80397165
5001,253796,24000,art_gallery ,0.109949686
5002,253796,24000,dressing_room ,0.029268948
5003,253796,24000,art_studio ,0.016602153
5004,253796,24000,artists_loft ,0.010440634
5005,253796,24024,museum/indoor ,0.77933013
5006,253796,24024,art_gallery ,0.103110105
5007,253796,24024,dressing_room ,0.029706188
5008,253796,24024,art_studio ,0.018194703
5009,253796,24024,archive ,0.014559225
5010,253796,24048,dressing_room ,0.31160897
5011,253796,24048,art_gallery ,0.18131393
5012,253796,24048,museum/indoor ,0.11696352
5013,253796,24048,elevator/door ,0.066210054
5014,253796,24048,artists_loft ,0.05870793
5015,253796,24072,art_gallery ,0.3356507
5016,253796,24072,art_studio ,0.12923492
5017,253796,24072,artists_loft ,0.11580767
5018,253796,24072,dressing_room ,0.113439254
5019,253796,24072,museum/indoor ,0.1034851
5020,253796,24096,art_gallery ,0.38975233
5021,253796,24096,artists_loft ,0.34067404
5022,253796,24096,bow_window/indoor ,0.18505016
5023,253796,24096,museum/indoor ,0.053027216
5024,253796,24096,art_studio ,0.013038313
5025,253796,24120,bow_window/indoor ,0.532284
5026,253796,24120,artists_loft ,0.1874999
5027,253796,24120,art_gallery ,0.16042474
5028,253796,24120,museum/indoor ,0.051124875
5029,253796,24120,art_studio ,0.006568625
5030,253796,24144,museum/indoor ,0.73294747
5031,253796,24144,art_gallery ,0.10471394
5032,253796,24144,natural_history_museum ,0.036646076
5033,253796,24144,science_museum ,0.020388583
5034,253796,24144,stage/indoor ,0.01565051
5035,253796,24168,museum/indoor ,0.76726663
5036,253796,24168,art_gallery ,0.09714233
5037,253796,24168,stage/indoor ,0.025102772
5038,253796,24168,natural_history_museum ,0.017610708
5039,253796,24168,science_museum ,0.016414843
5040,253796,24192,volcano ,0.5524605
5041,253796,24192,sky ,0.2707564
5042,253796,24192,art_gallery ,0.036959954
5043,253796,24192,iceberg ,0.022343306
5044,253796,24192,museum/indoor ,0.014026958
5045,253796,24216,art_studio ,0.15958852
5046,253796,24216,art_gallery ,0.13754523
5047,253796,24216,clean_room ,0.09047705
5048,253796,24216,dressing_room ,0.0760734
5049,253796,24216,art_school ,0.06683117
5050,253796,24240,bow_window/indoor ,0.19128333
5051,253796,24240,art_gallery ,0.14295743
5052,253796,24240,art_studio ,0.10209865
5053,253796,24240,museum/indoor ,0.08028395
5054,253796,24240,art_school ,0.04910237
5055,253796,24264,art_gallery ,0.20858058
5056,253796,24264,museum/indoor ,0.14788912
5057,253796,24264,bow_window/indoor ,0.09662621
5058,253796,24264,art_studio ,0.07521927
5059,253796,24264,dressing_room ,0.045516953
5060,253796,24288,art_gallery ,0.1822398
5061,253796,24288,museum/indoor ,0.12230627
5062,253796,24288,dressing_room ,0.088507995
5063,253796,24288,clean_room ,0.087031916
5064,253796,24288,art_studio ,0.074445106
5065,253796,24312,museum/indoor ,0.1456624
5066,253796,24312,art_gallery ,0.13737088
5067,253796,24312,dressing_room ,0.115625836
5068,253796,24312,bow_window/indoor ,0.06443361
5069,253796,24312,clean_room ,0.057304043
5070,253796,24336,dressing_room ,0.25543678
5071,253796,24336,clean_room ,0.24860536
5072,253796,24336,art_gallery ,0.08067894
5073,253796,24336,nursing_home ,0.05977175
5074,253796,24336,shower ,0.045260217
5075,253796,24360,clean_room ,0.14577508
5076,253796,24360,museum/indoor ,0.087143324
5077,253796,24360,art_gallery ,0.061424952
5078,253796,24360,hospital_room ,0.05902016
5079,253796,24360,dressing_room ,0.054819036
5080,253796,24384,dressing_room ,0.23670724
5081,253796,24384,shower ,0.20985281
5082,253796,24384,clean_room ,0.096718945
5083,253796,24384,closet ,0.045502324
5084,253796,24384,hospital_room ,0.03363098
5085,253796,24408,dressing_room ,0.537633
5086,253796,24408,clean_room ,0.04867415
5087,253796,24408,shower ,0.047542233
5088,253796,24408,closet ,0.045143913
5089,253796,24408,clothing_store ,0.039119024
5090,253796,24432,clean_room ,0.37519568
5091,253796,24432,hospital_room ,0.21438357
5092,253796,24432,dressing_room ,0.09308552
5093,253796,24432,operating_room ,0.08900361
5094,253796,24432,nursing_home ,0.033259265
5095,253796,24456,dressing_room ,0.20530047
5096,253796,24456,clean_room ,0.1148444
5097,253796,24456,museum/indoor ,0.09490476
5098,253796,24456,nursing_home ,0.053330675
5099,253796,24456,art_gallery ,0.043741453
5100,253796,24480,clean_room ,0.44100562
5101,253796,24480,museum/indoor ,0.06994039
5102,253796,24480,ice_shelf ,0.05988283
5103,253796,24480,dressing_room ,0.04576401
5104,253796,24480,butchers_shop ,0.04016717
5105,253796,24504,clean_room ,0.4614668
5106,253796,24504,iceberg ,0.24631238
5107,253796,24504,ice_shelf ,0.079022534
5108,253796,24504,discotheque ,0.029975299
5109,253796,24504,chemistry_lab ,0.022981795
5110,253796,24528,museum/indoor ,0.274581
5111,253796,24528,clean_room ,0.15551494
5112,253796,24528,archive ,0.097290926
5113,253796,24528,locker_room ,0.09724005
5114,253796,24528,science_museum ,0.0457827
5115,253796,24552,locker_room ,0.260378
5116,253796,24552,museum/indoor ,0.1346869
5117,253796,24552,martial_arts_gym ,0.10934679
5118,253796,24552,clean_room ,0.10836256
5119,253796,24552,stage/indoor ,0.09510235
5120,253796,24576,locker_room ,0.29028568
5121,253796,24576,clean_room ,0.17159258
5122,253796,24576,museum/indoor ,0.11214672
5123,253796,24576,stage/indoor ,0.09692051
5124,253796,24576,martial_arts_gym ,0.054236483
5125,253796,24600,locker_room ,0.2665425
5126,253796,24600,clean_room ,0.15478551
5127,253796,24600,museum/indoor ,0.13689704
5128,253796,24600,martial_arts_gym ,0.10413862
5129,253796,24600,stage/indoor ,0.06064972
5130,253796,24624,museum/indoor ,0.23299421
5131,253796,24624,locker_room ,0.20505328
5132,253796,24624,clean_room ,0.11706426
5133,253796,24624,martial_arts_gym ,0.1168168
5134,253796,24624,archive ,0.06657944
5135,253796,24648,clean_room ,0.59810394
5136,253796,24648,locker_room ,0.100528784
5137,253796,24648,stage/indoor ,0.07340926
5138,253796,24648,museum/indoor ,0.0310385
5139,253796,24648,discotheque ,0.020784002
5140,253796,24672,clean_room ,0.6137013
5141,253796,24672,locker_room ,0.11764413
5142,253796,24672,museum/indoor ,0.05571725
5143,253796,24672,stage/indoor ,0.05375057
5144,253796,24672,clothing_store ,0.01686968
5145,253796,24696,clean_room ,0.29850805
5146,253796,24696,stage/indoor ,0.18321662
5147,253796,24696,locker_room ,0.17249289
5148,253796,24696,museum/indoor ,0.05412682
5149,253796,24696,discotheque ,0.04278584
5150,253796,24720,clean_room ,0.44952103
5151,253796,24720,locker_room ,0.20832148
5152,253796,24720,stage/indoor ,0.08919461
5153,253796,24720,museum/indoor ,0.059600864
5154,253796,24720,clothing_store ,0.02307127
5155,253796,24744,clean_room ,0.44165158
5156,253796,24744,locker_room ,0.14844662
5157,253796,24744,stage/indoor ,0.14411025
5158,253796,24744,museum/indoor ,0.043014735
5159,253796,24744,music_studio ,0.031148791
5160,253796,24768,clean_room ,0.41554096
5161,253796,24768,stage/indoor ,0.14914276
5162,253796,24768,locker_room ,0.1422514
5163,253796,24768,museum/indoor ,0.050410118
5164,253796,24768,music_studio ,0.036928292
5165,253796,24792,clean_room ,0.66120934
5166,253796,24792,locker_room ,0.15326549
5167,253796,24792,clothing_store ,0.038205776
5168,253796,24792,museum/indoor ,0.022357993
5169,253796,24792,dressing_room ,0.017521521
5170,253796,24816,clean_room ,0.44951198
5171,253796,24816,locker_room ,0.37918133
5172,253796,24816,dressing_room ,0.028102214
5173,253796,24816,clothing_store ,0.01941561
5174,253796,24816,elevator/door ,0.015029584
5175,253796,24840,locker_room ,0.49755293
5176,253796,24840,clean_room ,0.44739443
5177,253796,24840,archive ,0.014230306
5178,253796,24840,elevator/door ,0.006399456
5179,253796,24840,server_room ,0.0046359785
5180,253796,24864,locker_room ,0.47163278
5181,253796,24864,clean_room ,0.3902716
5182,253796,24864,elevator_lobby ,0.017443815
5183,253796,24864,elevator/door ,0.014929839
5184,253796,24864,museum/indoor ,0.013229639
5185,253796,24888,clean_room ,0.8791191
5186,253796,24888,locker_room ,0.077845715
5187,253796,24888,martial_arts_gym ,0.014433144
5188,253796,24888,stage/indoor ,0.0048604277
5189,253796,24888,dressing_room ,0.0035546152
5190,253796,24912,clean_room ,0.72019297
5191,253796,24912,dressing_room ,0.11141049
5192,253796,24912,locker_room ,0.064222306
5193,253796,24912,stage/indoor ,0.022326894
5194,253796,24912,chemistry_lab ,0.013172591
5195,253796,24936,dressing_room ,0.15812282
5196,253796,24936,stage/indoor ,0.14104843
5197,253796,24936,clean_room ,0.10891958
5198,253796,24936,discotheque ,0.07002773
5199,253796,24936,locker_room ,0.0623087
5200,253796,24960,clean_room ,0.51281416
5201,253796,24960,dressing_room ,0.24586913
5202,253796,24960,locker_room ,0.03666515
5203,253796,24960,chemistry_lab ,0.0345005
5204,253796,24960,clothing_store ,0.02721348
5205,253796,24984,shower ,0.8119696
5206,253796,24984,elevator/door ,0.03586564
5207,253796,24984,elevator_lobby ,0.018030427
5208,253796,24984,closet ,0.017973036
5209,253796,24984,locker_room ,0.012163658
5210,253796,25008,elevator/door ,0.24993254
5211,253796,25008,elevator_lobby ,0.13676581
5212,253796,25008,clean_room ,0.06959985
5213,253796,25008,shower ,0.06567542
5214,253796,25008,locker_room ,0.058567885
5215,253796,25032,elevator/door ,0.30685717
5216,253796,25032,elevator_lobby ,0.24944435
5217,253796,25032,shower ,0.21239164
5218,253796,25032,alcove ,0.027413048
5219,253796,25032,bow_window/indoor ,0.025069503
5220,253796,25056,elevator_lobby ,0.18589278
5221,253796,25056,clean_room ,0.16623633
5222,253796,25056,attic ,0.08697219
5223,253796,25056,elevator/door ,0.08127752
5224,253796,25056,corridor ,0.07436027
5225,253796,25080,clean_room ,0.28891867
5226,253796,25080,entrance_hall ,0.107287094
5227,253796,25080,artists_loft ,0.10677668
5228,253796,25080,attic ,0.09342423
5229,253796,25080,bow_window/indoor ,0.06586723
5230,253796,25104,attic ,0.14243828
5231,253796,25104,clean_room ,0.12991163
5232,253796,25104,entrance_hall ,0.12596427
5233,253796,25104,artists_loft ,0.11026365
5234,253796,25104,bow_window/indoor ,0.0895771
5235,253796,25128,clean_room ,0.26890805
5236,253796,25128,artists_loft ,0.18301909
5237,253796,25128,entrance_hall ,0.1004356
5238,253796,25128,elevator_lobby ,0.06421938
5239,253796,25128,atrium/public ,0.043269955
5240,253796,25152,artists_loft ,0.33456337
5241,253796,25152,entrance_hall ,0.14086202
5242,253796,25152,clean_room ,0.13510571
5243,253796,25152,office ,0.036543116
5244,253796,25152,bow_window/indoor ,0.03584427
5245,253796,25176,clean_room ,0.33648658
5246,253796,25176,artists_loft ,0.1516311
5247,253796,25176,elevator_lobby ,0.1044135
5248,253796,25176,office ,0.052653357
5249,253796,25176,entrance_hall ,0.05114944
5250,253796,25200,clean_room ,0.45431757
5251,253796,25200,artists_loft ,0.11898399
5252,253796,25200,office ,0.062288504
5253,253796,25200,elevator_lobby ,0.044716377
5254,253796,25200,entrance_hall ,0.03328323
5255,253796,25224,clean_room ,0.37755755
5256,253796,25224,artists_loft ,0.15109915
5257,253796,25224,elevator_lobby ,0.05920105
5258,253796,25224,entrance_hall ,0.057180677
5259,253796,25224,office ,0.05205099
5260,253796,25248,locker_room ,0.26255152
5261,253796,25248,dressing_room ,0.17534778
5262,253796,25248,clean_room ,0.10996712
5263,253796,25248,art_gallery ,0.0807838
5264,253796,25248,shower ,0.0651295
5265,253796,25272,dressing_room ,0.19469057
5266,253796,25272,art_gallery ,0.14409254
5267,253796,25272,museum/indoor ,0.12935886
5268,253796,25272,locker_room ,0.11110434
5269,253796,25272,shower ,0.069532365
5270,253796,25296,locker_room ,0.29924184
5271,253796,25296,dressing_room ,0.25250697
5272,253796,25296,elevator/door ,0.06549479
5273,253796,25296,closet ,0.06338439
5274,253796,25296,clean_room ,0.055636045
5275,253796,25320,dressing_room ,0.32957366
5276,253796,25320,locker_room ,0.20317306
5277,253796,25320,clothing_store ,0.07821561
5278,253796,25320,art_gallery ,0.06798951
5279,253796,25320,closet ,0.06126995
5280,253796,25344,dressing_room ,0.2917836
5281,253796,25344,locker_room ,0.22371888
5282,253796,25344,clean_room ,0.1588639
5283,253796,25344,closet ,0.0656663
5284,253796,25344,elevator/door ,0.06279262
5285,253796,25368,locker_room ,0.30330718
5286,253796,25368,dressing_room ,0.28089637
5287,253796,25368,clean_room ,0.10666657
5288,253796,25368,closet ,0.08990093
5289,253796,25368,clothing_store ,0.04986106
5290,253796,25392,locker_room ,0.27365577
5291,253796,25392,dressing_room ,0.25366652
5292,253796,25392,clean_room ,0.18666045
5293,253796,25392,closet ,0.105114736
5294,253796,25392,clothing_store ,0.066616476
5295,253796,25416,locker_room ,0.23622423
5296,253796,25416,dressing_room ,0.20166288
5297,253796,25416,clean_room ,0.18456946
5298,253796,25416,closet ,0.07582571
5299,253796,25416,clothing_store ,0.0739529
5300,253796,25440,clean_room ,0.3233591
5301,253796,25440,locker_room ,0.20833595
5302,253796,25440,dressing_room ,0.15287022
5303,253796,25440,art_gallery ,0.09247357
5304,253796,25440,clothing_store ,0.051520806
5305,253796,25464,clean_room ,0.2654259
5306,253796,25464,dressing_room ,0.2231119
5307,253796,25464,art_gallery ,0.19042614
5308,253796,25464,locker_room ,0.088609174
5309,253796,25464,clothing_store ,0.036828265
5310,253796,25488,art_gallery ,0.29748827
5311,253796,25488,clean_room ,0.28114712
5312,253796,25488,dressing_room ,0.10970241
5313,253796,25488,locker_room ,0.08313151
5314,253796,25488,artists_loft ,0.03799655
5315,253796,25512,clean_room ,0.49685013
5316,253796,25512,dressing_room ,0.13958625
5317,253796,25512,art_gallery ,0.116353504
5318,253796,25512,locker_room ,0.067852415
5319,253796,25512,closet ,0.029409487
5320,253796,25536,dressing_room ,0.32832175
5321,253796,25536,clothing_store ,0.16632001
5322,253796,25536,clean_room ,0.13548815
5323,253796,25536,art_gallery ,0.12533462
5324,253796,25536,locker_room ,0.05645122
5325,253796,25560,dressing_room ,0.4272439
5326,253796,25560,clean_room ,0.1604253
5327,253796,25560,clothing_store ,0.14477664
5328,253796,25560,art_gallery ,0.08478389
5329,253796,25560,locker_room ,0.036507998
5330,253796,25584,dressing_room ,0.5798544
5331,253796,25584,clothing_store ,0.19807753
5332,253796,25584,clean_room ,0.10925482
5333,253796,25584,art_gallery ,0.034069795
5334,253796,25584,museum/indoor ,0.015023836
5335,253796,25608,dressing_room ,0.5812704
5336,253796,25608,clothing_store ,0.18800777
5337,253796,25608,clean_room ,0.07746828
5338,253796,25608,art_gallery ,0.06067093
5339,253796,25608,museum/indoor ,0.03366919
5340,253796,25632,dressing_room ,0.39818272
5341,253796,25632,museum/indoor ,0.18145454
5342,253796,25632,art_gallery ,0.14613302
5343,253796,25632,clothing_store ,0.07711347
5344,253796,25632,clean_room ,0.06668817
5345,253796,25656,museum/indoor ,0.48135486
5346,253796,25656,art_gallery ,0.24844137
5347,253796,25656,clean_room ,0.08950861
5348,253796,25656,dressing_room ,0.052630186
5349,253796,25656,archive ,0.035812404
5350,253796,25680,art_gallery ,0.29738674
5351,253796,25680,museum/indoor ,0.25987658
5352,253796,25680,clean_room ,0.098755956
5353,253796,25680,dressing_room ,0.0822913
5354,253796,25680,archive ,0.072550856
5355,253796,25704,art_gallery ,0.34988642
5356,253796,25704,museum/indoor ,0.23925097
5357,253796,25704,dressing_room ,0.17268038
5358,253796,25704,locker_room ,0.071645625
5359,253796,25704,art_studio ,0.04162125
5360,253796,25728,dressing_room ,0.43060118
5361,253796,25728,art_gallery ,0.1621283
5362,253796,25728,museum/indoor ,0.14336607
5363,253796,25728,locker_room ,0.11274793
5364,253796,25728,art_studio ,0.032412767
5365,253796,25752,dressing_room ,0.3602522
5366,253796,25752,art_gallery ,0.18626133
5367,253796,25752,locker_room ,0.15566072
5368,253796,25752,museum/indoor ,0.05049627
5369,253796,25752,elevator/door ,0.037780635
5370,253796,25776,art_gallery ,0.32764763
5371,253796,25776,dressing_room ,0.27094898
5372,253796,25776,museum/indoor ,0.102213785
5373,253796,25776,art_studio ,0.0748659
5374,253796,25776,clean_room ,0.06640188
5375,253796,25800,art_gallery ,0.41384438
5376,253796,25800,dressing_room ,0.16721797
5377,253796,25800,museum/indoor ,0.14920977
5378,253796,25800,art_studio ,0.101618975
5379,253796,25800,clean_room ,0.07909363
5380,253796,25824,artists_loft ,0.30189118
5381,253796,25824,clean_room ,0.1629788
5382,253796,25824,entrance_hall ,0.10617012
5383,253796,25824,elevator_lobby ,0.07476507
5384,253796,25824,museum/indoor ,0.050458632
5385,253796,25848,clean_room ,0.30482462
5386,253796,25848,artists_loft ,0.25500086
5387,253796,25848,elevator_lobby ,0.053706516
5388,253796,25848,bow_window/indoor ,0.046732534
5389,253796,25848,entrance_hall ,0.04606574
5390,253796,25872,artists_loft ,0.19483654
5391,253796,25872,clean_room ,0.17124258
5392,253796,25872,elevator_lobby ,0.10805553
5393,253796,25872,entrance_hall ,0.098726116
5394,253796,25872,bow_window/indoor ,0.05650221
5395,253796,25896,clean_room ,0.353752
5396,253796,25896,artists_loft ,0.17158563
5397,253796,25896,entrance_hall ,0.099554494
5398,253796,25896,elevator_lobby ,0.049565148
5399,253796,25896,art_gallery ,0.038345784
5400,253796,25920,clean_room ,0.3424791
5401,253796,25920,artists_loft ,0.12463557
5402,253796,25920,entrance_hall ,0.0940325
5403,253796,25920,elevator_lobby ,0.07657638
5404,253796,25920,office ,0.04294811
5405,253796,25944,clean_room ,0.68946344
5406,253796,25944,art_gallery ,0.071967304
5407,253796,25944,dressing_room ,0.05767458
5408,253796,25944,museum/indoor ,0.039227705
5409,253796,25944,art_studio ,0.03605749
5410,253796,25968,art_gallery ,0.5360652
5411,253796,25968,museum/indoor ,0.20057347
5412,253796,25968,clean_room ,0.11995594
5413,253796,25968,art_studio ,0.058727957
5414,253796,25968,dressing_room ,0.016008835
5415,253796,25992,art_gallery ,0.4213559
5416,253796,25992,museum/indoor ,0.18217458
5417,253796,25992,art_studio ,0.103706926
5418,253796,25992,dressing_room ,0.08444374
5419,253796,25992,clean_room ,0.059665754
5420,253796,26016,art_gallery ,0.37808004
5421,253796,26016,museum/indoor ,0.13558607
5422,253796,26016,art_studio ,0.12935948
5423,253796,26016,dressing_room ,0.12881301
5424,253796,26016,clean_room ,0.089423455
5425,253796,26040,bow_window/indoor ,0.59762496
5426,253796,26040,nursery ,0.05121343
5427,253796,26040,museum/indoor ,0.044447668
5428,253796,26040,alcove ,0.040203173
5429,253796,26040,doorway/outdoor ,0.029991088
5430,253796,26064,bow_window/indoor ,0.6089306
5431,253796,26064,dressing_room ,0.060473662
5432,253796,26064,nursery ,0.044302102
5433,253796,26064,clothing_store ,0.029337399
5434,253796,26064,artists_loft ,0.02490177
5435,253796,26088,bow_window/indoor ,0.44446677
5436,253796,26088,elevator/door ,0.087312646
5437,253796,26088,artists_loft ,0.063012555
5438,253796,26088,clean_room ,0.050837304
5439,253796,26088,art_gallery ,0.029394709
5440,253796,26112,bow_window/indoor ,0.2469555
5441,253796,26112,clean_room ,0.18445274
5442,253796,26112,dressing_room ,0.08602176
5443,253796,26112,shower ,0.035072617
5444,253796,26112,artists_loft ,0.033860274
5445,253796,26136,clean_room ,0.2371058
5446,253796,26136,dressing_room ,0.2077701
5447,253796,26136,locker_room ,0.11810304
5448,253796,26136,elevator/door ,0.06029048
5449,253796,26136,basement ,0.048627455
5450,253796,26160,bow_window/indoor ,0.18155104
5451,253796,26160,art_gallery ,0.1302652
5452,253796,26160,clean_room ,0.09572612
5453,253796,26160,museum/indoor ,0.07911611
5454,253796,26160,art_studio ,0.06384678
5455,253796,26184,bow_window/indoor ,0.34615213
5456,253796,26184,clean_room ,0.13591576
5457,253796,26184,museum/indoor ,0.06606271
5458,253796,26184,nursery ,0.0386558
5459,253796,26184,archive ,0.03491771
5460,253796,26208,nursery ,0.17581935
5461,253796,26208,bow_window/indoor ,0.13027276
5462,253796,26208,dressing_room ,0.11740879
5463,253796,26208,clean_room ,0.11185664
5464,253796,26208,closet ,0.08762455
5465,253796,26232,closet ,0.20948847
5466,253796,26232,bow_window/indoor ,0.17842053
5467,253796,26232,clean_room ,0.101303644
5468,253796,26232,dressing_room ,0.08072299
5469,253796,26232,locker_room ,0.0466904
5470,253796,26256,closet ,0.37246695
5471,253796,26256,bow_window/indoor ,0.29027182
5472,253796,26256,alcove ,0.124303326
5473,253796,26256,bedroom ,0.04165296
5474,253796,26256,nursery ,0.038875178
5475,253796,26280,bow_window/indoor ,0.45775846
5476,253796,26280,closet ,0.15234354
5477,253796,26280,alcove ,0.1136383
5478,253796,26280,nursery ,0.0648724
5479,253796,26280,dressing_room ,0.04051728
5480,253796,26304,bow_window/indoor ,0.274685
5481,253796,26304,dressing_room ,0.12284672
5482,253796,26304,closet ,0.08411739
5483,253796,26304,nursery ,0.07304462
5484,253796,26304,clean_room ,0.071164034
5485,253796,26328,dressing_room ,0.20288615
5486,253796,26328,closet ,0.14724614
5487,253796,26328,clean_room ,0.1442565
5488,253796,26328,nursery ,0.10359131
5489,253796,26328,bow_window/indoor ,0.08765208
5490,253796,26352,art_gallery ,0.38145122
5491,253796,26352,dressing_room ,0.16564374
5492,253796,26352,museum/indoor ,0.12557746
5493,253796,26352,art_studio ,0.108809635
5494,253796,26352,stage/indoor ,0.04530119
5495,253796,26376,art_gallery ,0.37154007
5496,253796,26376,dressing_room ,0.17464824
5497,253796,26376,museum/indoor ,0.13996665
5498,253796,26376,art_studio ,0.082069926
5499,253796,26376,clean_room ,0.059171572
5500,253796,26400,art_gallery ,0.4581288
5501,253796,26400,museum/indoor ,0.2043078
5502,253796,26400,dressing_room ,0.110706896
5503,253796,26400,art_studio ,0.10895822
5504,253796,26400,clean_room ,0.019592244
5505,253796,26424,art_gallery ,0.39206713
5506,253796,26424,museum/indoor ,0.17042862
5507,253796,26424,dressing_room ,0.1649145
5508,253796,26424,art_studio ,0.12035787
5509,253796,26424,stage/indoor ,0.045080513
5510,253796,26448,art_gallery ,0.47819546
5511,253796,26448,museum/indoor ,0.2183527
5512,253796,26448,art_studio ,0.12489639
5513,253796,26448,dressing_room ,0.06645462
5514,253796,26448,clean_room ,0.023043567
5515,253796,26472,art_gallery ,0.584016
5516,253796,26472,museum/indoor ,0.1431392
5517,253796,26472,art_studio ,0.12894261
5518,253796,26472,clean_room ,0.05331193
5519,253796,26472,artists_loft ,0.0278539
5520,253796,26496,archive ,0.41469803
5521,253796,26496,museum/indoor ,0.37932396
5522,253796,26496,clean_room ,0.047054693
5523,253796,26496,art_studio ,0.02974588
5524,253796,26496,stage/indoor ,0.020233493
5525,253796,26520,archive ,0.32591146
5526,253796,26520,music_studio ,0.29826054
5527,253796,26520,museum/indoor ,0.08585866
5528,253796,26520,physics_laboratory ,0.06388584
5529,253796,26520,stage/indoor ,0.05485953
5530,253796,26544,music_studio ,0.29345962
5531,253796,26544,archive ,0.1951677
5532,253796,26544,museum/indoor ,0.10483033
5533,253796,26544,bookstore ,0.07477188
5534,253796,26544,stage/indoor ,0.05120802
5535,253796,26568,archive ,0.5175135
5536,253796,26568,nursery ,0.14119603
5537,253796,26568,bookstore ,0.10967473
5538,253796,26568,museum/indoor ,0.071736895
5539,253796,26568,music_studio ,0.038321353
5540,253796,26592,archive ,0.7024017
5541,253796,26592,museum/indoor ,0.09439052
5542,253796,26592,music_studio ,0.03344512
5543,253796,26592,physics_laboratory ,0.028246734
5544,253796,26592,clean_room ,0.026106998
5545,253796,26616,archive ,0.5366488
5546,253796,26616,museum/indoor ,0.17557977
5547,253796,26616,clean_room ,0.06526712
5548,253796,26616,music_studio ,0.053098805
5549,253796,26616,physics_laboratory ,0.039587837
5550,253796,26640,archive ,0.7345173
5551,253796,26640,clean_room ,0.055979
5552,253796,26640,museum/indoor ,0.04931111
5553,253796,26640,butchers_shop ,0.040472716
5554,253796,26640,bookstore ,0.035029825
5555,253796,26664,dressing_room ,0.39668912
5556,253796,26664,clean_room ,0.18979084
5557,253796,26664,reception ,0.042445216
5558,253796,26664,archive ,0.04067465
5559,253796,26664,museum/indoor ,0.039434012
5560,253796,26688,museum/indoor ,0.786523
5561,253796,26688,art_gallery ,0.06387343
5562,253796,26688,dressing_room ,0.033885453
5563,253796,26688,art_studio ,0.018585466
5564,253796,26688,clothing_store ,0.01771534
5565,253796,26712,museum/indoor ,0.7512533
5566,253796,26712,dressing_room ,0.1047596
5567,253796,26712,clothing_store ,0.053748745
5568,253796,26712,art_gallery ,0.02246148
5569,253796,26712,art_studio ,0.014049909
5570,253796,26736,museum/indoor ,0.6892417
5571,253796,26736,archive ,0.09005165
5572,253796,26736,dressing_room ,0.059142243
5573,253796,26736,clean_room ,0.04819152
5574,253796,26736,art_gallery ,0.02337938
5575,253796,26760,museum/indoor ,0.71711856
5576,253796,26760,dressing_room ,0.07124712
5577,253796,26760,clean_room ,0.032632966
5578,253796,26760,archive ,0.032511167
5579,253796,26760,art_gallery ,0.031465594
5580,253796,26784,museum/indoor ,0.76071936
5581,253796,26784,dressing_room ,0.098519005
5582,253796,26784,clothing_store ,0.076520175
5583,253796,26784,art_gallery ,0.018846883
5584,253796,26784,jewelry_shop ,0.013286578
5585,253796,26808,museum/indoor ,0.7985686
5586,253796,26808,dressing_room ,0.07489737
5587,253796,26808,art_gallery ,0.036998756
5588,253796,26808,clothing_store ,0.027784485
5589,253796,26808,archive ,0.02744424
5590,253796,26832,museum/indoor ,0.75146466
5591,253796,26832,dressing_room ,0.052298263
5592,253796,26832,clothing_store ,0.047400497
5593,253796,26832,archive ,0.044718783
5594,253796,26832,art_gallery ,0.03770432
5595,253796,26856,museum/indoor ,0.6278594
5596,253796,26856,dressing_room ,0.15068711
5597,253796,26856,clothing_store ,0.07027706
5598,253796,26856,archive ,0.034352433
5599,253796,26856,art_gallery ,0.027937148
5600,253796,26880,museum/indoor ,0.61072886
5601,253796,26880,archive ,0.18876532
5602,253796,26880,clean_room ,0.038716078
5603,253796,26880,television_studio ,0.026844557
5604,253796,26880,locker_room ,0.02141809
5605,253796,26904,museum/indoor ,0.5637289
5606,253796,26904,archive ,0.20244157
5607,253796,26904,music_studio ,0.032434914
5608,253796,26904,television_studio ,0.032324027
5609,253796,26904,clean_room ,0.028985545
5610,253796,26928,museum/indoor ,0.49935043
5611,253796,26928,archive ,0.28210557
5612,253796,26928,clean_room ,0.07320447
5613,253796,26928,art_gallery ,0.028983057
5614,253796,26928,television_studio ,0.013786573
5615,253796,26952,museum/indoor ,0.46790102
5616,253796,26952,dressing_room ,0.1484332
5617,253796,26952,clean_room ,0.071515635
5618,253796,26952,stage/indoor ,0.062067885
5619,253796,26952,locker_room ,0.050049044
5620,253796,26976,museum/indoor ,0.58327603
5621,253796,26976,clean_room ,0.093862735
5622,253796,26976,art_gallery ,0.05237348
5623,253796,26976,archive ,0.046468217
5624,253796,26976,art_studio ,0.039965186
5625,253796,27000,clean_room ,0.35768566
5626,253796,27000,dressing_room ,0.28475335
5627,253796,27000,archive ,0.09882184
5628,253796,27000,museum/indoor ,0.042921193
5629,253796,27000,locker_room ,0.038157754
5630,253796,27024,clean_room ,0.38136047
5631,253796,27024,dressing_room ,0.15089509
5632,253796,27024,museum/indoor ,0.08747174
5633,253796,27024,archive ,0.07886858
5634,253796,27024,locker_room ,0.06344314
5635,253796,27048,clean_room ,0.61240304
5636,253796,27048,museum/indoor ,0.13802314
5637,253796,27048,locker_room ,0.0382024
5638,253796,27048,archive ,0.027660495
5639,253796,27048,dressing_room ,0.023737848
5640,253796,27072,museum/indoor ,0.676741
5641,253796,27072,clean_room ,0.15449437
5642,253796,27072,art_gallery ,0.035801575
5643,253796,27072,art_studio ,0.015775403
5644,253796,27072,physics_laboratory ,0.011750274
5645,253796,27096,museum/indoor ,0.39108086
5646,253796,27096,clean_room ,0.21965282
5647,253796,27096,dressing_room ,0.07240232
5648,253796,27096,locker_room ,0.05011223
5649,253796,27096,art_gallery ,0.029521555
5650,253796,27120,museum/indoor ,0.5054714
5651,253796,27120,clean_room ,0.11587962
5652,253796,27120,dressing_room ,0.0768134
5653,253796,27120,art_gallery ,0.04137493
5654,253796,27120,locker_room ,0.026202561
5655,253796,27144,museum/indoor ,0.6964847
5656,253796,27144,art_gallery ,0.0433617
5657,253796,27144,art_studio ,0.034691345
5658,253796,27144,physics_laboratory ,0.030092312
5659,253796,27144,clean_room ,0.019458456
5660,253796,27168,museum/indoor ,0.5062744
5661,253796,27168,art_gallery ,0.08060173
5662,253796,27168,clean_room ,0.07481119
5663,253796,27168,physics_laboratory ,0.045554142
5664,253796,27168,art_studio ,0.031753093
5665,253796,27192,museum/indoor ,0.7200056
5666,253796,27192,dressing_room ,0.104415625
5667,253796,27192,clean_room ,0.045210738
5668,253796,27192,archive ,0.04097696
5669,253796,27192,art_gallery ,0.037007842
5670,253796,27216,dressing_room ,0.70167255
5671,253796,27216,clean_room ,0.10471259
5672,253796,27216,locker_room ,0.051014204
5673,253796,27216,office ,0.030364083
5674,253796,27216,archive ,0.024167806
5675,253796,27240,dressing_room ,0.45715073
5676,253796,27240,art_gallery ,0.153661
5677,253796,27240,museum/indoor ,0.11564887
5678,253796,27240,art_studio ,0.08314661
5679,253796,27240,clean_room ,0.08047471
5680,253796,27264,dressing_room ,0.36315805
5681,253796,27264,museum/indoor ,0.18247713
5682,253796,27264,art_gallery ,0.17564307
5683,253796,27264,clean_room ,0.1331777
5684,253796,27264,art_studio ,0.0728502
5685,253796,27288,dressing_room ,0.2830908
5686,253796,27288,clean_room ,0.2602439
5687,253796,27288,art_gallery ,0.10947887
5688,253796,27288,museum/indoor ,0.104950175
5689,253796,27288,art_studio ,0.063808724
5690,253796,27312,dressing_room ,0.78935474
5691,253796,27312,art_gallery ,0.051889256
5692,253796,27312,art_studio ,0.038629428
5693,253796,27312,museum/indoor ,0.032651015
5694,253796,27312,archive ,0.018058259
5695,253796,27336,dressing_room ,0.3465358
5696,253796,27336,museum/indoor ,0.2390779
5697,253796,27336,art_gallery ,0.1847345
5698,253796,27336,clean_room ,0.12339522
5699,253796,27336,art_studio ,0.047080502
5700,253796,27360,museum/indoor ,0.42377615
5701,253796,27360,clean_room ,0.16038544
5702,253796,27360,art_gallery ,0.14703037
5703,253796,27360,dressing_room ,0.10023226
5704,253796,27360,art_studio ,0.07365684
5705,253796,27384,museum/indoor ,0.39115787
5706,253796,27384,dressing_room ,0.24458502
5707,253796,27384,clean_room ,0.17769215
5708,253796,27384,art_gallery ,0.0656818
5709,253796,27384,art_studio ,0.029022332
5710,253796,27408,museum/indoor ,0.49411634
5711,253796,27408,clean_room ,0.131173
5712,253796,27408,art_gallery ,0.124808684
5713,253796,27408,dressing_room ,0.100719914
5714,253796,27408,art_studio ,0.05457471
5715,253796,27432,dressing_room ,0.30913264
5716,253796,27432,museum/indoor ,0.23889169
5717,253796,27432,art_gallery ,0.14365092
5718,253796,27432,clean_room ,0.09566677
5719,253796,27432,archive ,0.054701556
5720,253796,27456,dressing_room ,0.5191879
5721,253796,27456,clean_room ,0.14174166
5722,253796,27456,art_gallery ,0.08778793
5723,253796,27456,museum/indoor ,0.07839949
5724,253796,27456,art_studio ,0.044395726
5725,253796,27480,dressing_room ,0.46525237
5726,253796,27480,clean_room ,0.37537125
5727,253796,27480,museum/indoor ,0.039064623
5728,253796,27480,art_gallery ,0.028789233
5729,253796,27480,art_studio ,0.019663468
5730,253796,27504,clean_room ,0.37654346
5731,253796,27504,dressing_room ,0.35282755
5732,253796,27504,museum/indoor ,0.076627
5733,253796,27504,art_gallery ,0.04734293
5734,253796,27504,art_studio ,0.028520726
5735,253796,27528,dressing_room ,0.76134235
5736,253796,27528,clean_room ,0.13401873
5737,253796,27528,beauty_salon ,0.019585555
5738,253796,27528,museum/indoor ,0.01522893
5739,253796,27528,art_studio ,0.009410212
5740,253796,27552,dressing_room ,0.8384791
5741,253796,27552,clean_room ,0.04606356
5742,253796,27552,museum/indoor ,0.02666196
5743,253796,27552,beauty_salon ,0.016732432
5744,253796,27552,art_gallery ,0.016062062
5745,253796,27576,dressing_room ,0.47874957
5746,253796,27576,clean_room ,0.31085905
5747,253796,27576,museum/indoor ,0.0558056
5748,253796,27576,art_gallery ,0.026803233
5749,253796,27576,beauty_salon ,0.02353373
5750,253796,27600,dressing_room ,0.68847597
5751,253796,27600,clean_room ,0.087288156
5752,253796,27600,museum/indoor ,0.05409424
5753,253796,27600,beauty_salon ,0.02616772
5754,253796,27600,art_gallery ,0.01821598
5755,253796,27624,dressing_room ,0.6502333
5756,253796,27624,clean_room ,0.1184199
5757,253796,27624,museum/indoor ,0.044295333
5758,253796,27624,beauty_salon ,0.028469196
5759,253796,27624,clothing_store ,0.025511885
5760,253796,27648,museum/indoor ,0.3471218
5761,253796,27648,clean_room ,0.23676549
5762,253796,27648,dressing_room ,0.21667044
5763,253796,27648,art_gallery ,0.067489676
5764,253796,27648,art_studio ,0.037338365
5765,253796,27672,dressing_room ,0.50150955
5766,253796,27672,clean_room ,0.2230592
5767,253796,27672,museum/indoor ,0.15002689
5768,253796,27672,art_gallery ,0.03550327
5769,253796,27672,archive ,0.01593373
5770,253796,27696,museum/indoor ,0.45557508
5771,253796,27696,clean_room ,0.20606904
5772,253796,27696,dressing_room ,0.15223864
5773,253796,27696,art_gallery ,0.087209366
5774,253796,27696,archive ,0.0226116
5775,253796,27720,dressing_room ,0.40451583
5776,253796,27720,museum/indoor ,0.24444154
5777,253796,27720,clean_room ,0.18045644
5778,253796,27720,archive ,0.0429243
5779,253796,27720,art_gallery ,0.03933482
5780,253796,27744,dressing_room ,0.45216706
5781,253796,27744,museum/indoor ,0.19179694
5782,253796,27744,clean_room ,0.13607328
5783,253796,27744,art_gallery ,0.037090197
5784,253796,27744,archive ,0.034923952
5785,253796,27768,museum/indoor ,0.40856558
5786,253796,27768,clean_room ,0.16657491
5787,253796,27768,dressing_room ,0.14118855
5788,253796,27768,art_gallery ,0.07170977
5789,253796,27768,archive ,0.06474515
5790,253796,27792,clean_room ,0.755662
5791,253796,27792,dressing_room ,0.124614045
5792,253796,27792,operating_room ,0.024298709
5793,253796,27792,archive ,0.0173448
5794,253796,27792,locker_room ,0.01685056
5795,253796,27816,dressing_room ,0.6676389
5796,253796,27816,clean_room ,0.18605
5797,253796,27816,hospital_room ,0.024147773
5798,253796,27816,clothing_store ,0.018283563
5799,253796,27816,operating_room ,0.011198497
5800,253796,27840,dressing_room ,0.35681242
5801,253796,27840,clean_room ,0.22997655
5802,253796,27840,chemistry_lab ,0.0963995
5803,253796,27840,biology_laboratory ,0.048614975
5804,253796,27840,hospital_room ,0.034961365
5805,253796,27864,clean_room ,0.3050893
5806,253796,27864,dressing_room ,0.13110669
5807,253796,27864,hospital_room ,0.10111526
5808,253796,27864,biology_laboratory ,0.09408454
5809,253796,27864,chemistry_lab ,0.078694664
5810,253796,27888,clean_room ,0.224049
5811,253796,27888,dressing_room ,0.19245814
5812,253796,27888,hospital_room ,0.1523429
5813,253796,27888,operating_room ,0.14367634
5814,253796,27888,biology_laboratory ,0.03603478
5815,253796,27912,clean_room ,0.23082246
5816,253796,27912,dressing_room ,0.17720066
5817,253796,27912,museum/indoor ,0.09725549
5818,253796,27912,art_studio ,0.064823635
5819,253796,27912,hospital_room ,0.053101264
5820,253796,27936,clean_room ,0.27670854
5821,253796,27936,operating_room ,0.11831162
5822,253796,27936,dressing_room ,0.089962974
5823,253796,27936,biology_laboratory ,0.08851596
5824,253796,27936,hospital_room ,0.08743817
5825,253796,27960,clean_room ,0.43645197
5826,253796,27960,operating_room ,0.13932386
5827,253796,27960,hospital_room ,0.08871822
5828,253796,27960,dressing_room ,0.07474144
5829,253796,27960,biology_laboratory ,0.06549118
5830,253796,27984,clean_room ,0.28349492
5831,253796,27984,dressing_room ,0.18890272
5832,253796,27984,operating_room ,0.06910397
5833,253796,27984,hospital_room ,0.06718546
5834,253796,27984,biology_laboratory ,0.062939204
5835,253796,28008,dressing_room ,0.29612392
5836,253796,28008,clean_room ,0.25999776
5837,253796,28008,beauty_salon ,0.06434144
5838,253796,28008,operating_room ,0.048165344
5839,253796,28008,museum/indoor ,0.04490356
5840,253796,28032,clean_room ,0.22304079
5841,253796,28032,dressing_room ,0.17817007
5842,253796,28032,beauty_salon ,0.1093843
5843,253796,28032,biology_laboratory ,0.069953464
5844,253796,28032,hospital_room ,0.057810567
5845,253796,28056,dressing_room ,0.2986452
5846,253796,28056,clean_room ,0.29173514
5847,253796,28056,operating_room ,0.11695548
5848,253796,28056,hospital_room ,0.078016594
5849,253796,28056,nursing_home ,0.0342204
5850,253796,28080,clean_room ,0.396457
5851,253796,28080,dressing_room ,0.36193788
5852,253796,28080,operating_room ,0.090581946
5853,253796,28080,hospital_room ,0.045072578
5854,253796,28080,nursing_home ,0.02196511
5855,253796,28104,dressing_room ,0.42976254
5856,253796,28104,clean_room ,0.28618884
5857,253796,28104,operating_room ,0.099944554
5858,253796,28104,hospital_room ,0.07729778
5859,253796,28104,nursing_home ,0.057149466
5860,253796,28128,dressing_room ,0.5692072
5861,253796,28128,clean_room ,0.2553849
5862,253796,28128,nursing_home ,0.047869448
5863,253796,28128,hospital_room ,0.01909412
5864,253796,28128,archive ,0.011901598
5865,253796,28152,clean_room ,0.486057
5866,253796,28152,dressing_room ,0.24687812
5867,253796,28152,museum/indoor ,0.11834705
5868,253796,28152,art_gallery ,0.02951456
5869,253796,28152,art_studio ,0.026376996
5870,253796,28176,clean_room ,0.22325668
5871,253796,28176,museum/indoor ,0.1852855
5872,253796,28176,dressing_room ,0.18352844
5873,253796,28176,art_gallery ,0.06825152
5874,253796,28176,archive ,0.05467056
5875,253796,28200,museum/indoor ,0.223205
5876,253796,28200,dressing_room ,0.2041631
5877,253796,28200,clean_room ,0.15055896
5878,253796,28200,art_gallery ,0.08615871
5879,253796,28200,art_studio ,0.043326255
5880,253796,28224,dressing_room ,0.6583246
5881,253796,28224,museum/indoor ,0.11253748
5882,253796,28224,clean_room ,0.06361115
5883,253796,28224,art_gallery ,0.039328713
5884,253796,28224,art_studio ,0.021121446
5885,253796,28248,dressing_room ,0.7757337
5886,253796,28248,clean_room ,0.05788879
5887,253796,28248,museum/indoor ,0.04606384
5888,253796,28248,beauty_salon ,0.026747819
5889,253796,28248,archive ,0.015440095
5890,253796,28272,dressing_room ,0.7398568
5891,253796,28272,clean_room ,0.12765275
5892,253796,28272,museum/indoor ,0.03505586
5893,253796,28272,beauty_salon ,0.022090696
5894,253796,28272,art_gallery ,0.012737346
5895,253796,28296,dressing_room ,0.52927715
5896,253796,28296,clean_room ,0.15950574
5897,253796,28296,museum/indoor ,0.09584991
5898,253796,28296,beauty_salon ,0.053319715
5899,253796,28296,art_gallery ,0.041470073
5900,253796,28320,dressing_room ,0.56982106
5901,253796,28320,museum/indoor ,0.1296992
5902,253796,28320,clean_room ,0.07385
5903,253796,28320,beauty_salon ,0.07285666
5904,253796,28320,archive ,0.022208564
5905,253796,28344,dressing_room ,0.9039965
5906,253796,28344,locker_room ,0.035461243
5907,253796,28344,clean_room ,0.023964183
5908,253796,28344,museum/indoor ,0.010340547
5909,253796,28344,art_gallery ,0.0048992755
5910,253796,28368,clean_room ,0.56817144
5911,253796,28368,dressing_room ,0.26460984
5912,253796,28368,clothing_store ,0.023892185
5913,253796,28368,beauty_salon ,0.020394228
5914,253796,28368,archive ,0.01972351
5915,253796,28392,laundromat ,0.6148792
5916,253796,28392,clean_room ,0.20178221
5917,253796,28392,utility_room ,0.08506832
5918,253796,28392,bow_window/indoor ,0.012516182
5919,253796,28392,locker_room ,0.011870601
5920,253796,28416,corridor ,0.13808785
5921,253796,28416,clean_room ,0.103856675
5922,253796,28416,entrance_hall ,0.083546855
5923,253796,28416,doorway/outdoor ,0.07925987
5924,253796,28416,bow_window/indoor ,0.06653327
5925,253796,28440,bow_window/indoor ,0.15815403
5926,253796,28440,doorway/outdoor ,0.12699595
5927,253796,28440,entrance_hall ,0.08112376
5928,253796,28440,corridor ,0.07759428
5929,253796,28440,clean_room ,0.065063916
5930,253796,28464,bow_window/indoor ,0.23784742
5931,253796,28464,entrance_hall ,0.1625705
5932,253796,28464,corridor ,0.0915884
5933,253796,28464,clean_room ,0.05559415
5934,253796,28464,doorway/outdoor ,0.051740736
5935,253796,28488,corridor ,0.1727281
5936,253796,28488,doorway/outdoor ,0.15025494
5937,253796,28488,entrance_hall ,0.13239615
5938,253796,28488,bow_window/indoor ,0.11915454
5939,253796,28488,clean_room ,0.054280967
5940,253796,28512,doorway/outdoor ,0.1411478
5941,253796,28512,bow_window/indoor ,0.14072394
5942,253796,28512,entrance_hall ,0.13822708
5943,253796,28512,corridor ,0.09257661
5944,253796,28512,clean_room ,0.084613554
5945,253796,28536,doorway/outdoor ,0.13603045
5946,253796,28536,corridor ,0.13535759
5947,253796,28536,entrance_hall ,0.08962022
5948,253796,28536,bow_window/indoor ,0.07121407
5949,253796,28536,alcove ,0.06853073
5950,253796,28560,corridor ,0.23335491
5951,253796,28560,entrance_hall ,0.10977361
5952,253796,28560,doorway/outdoor ,0.080140814
5953,253796,28560,bow_window/indoor ,0.060708635
5954,253796,28560,alcove ,0.05760841
5955,253796,28584,entrance_hall ,0.2263748
5956,253796,28584,corridor ,0.20027904
5957,253796,28584,clean_room ,0.117730394
5958,253796,28584,doorway/outdoor ,0.08488464
5959,253796,28584,bow_window/indoor ,0.06513448
5960,253796,28608,clean_room ,0.39134955
5961,253796,28608,corridor ,0.15596484
5962,253796,28608,entrance_hall ,0.0871887
5963,253796,28608,bow_window/indoor ,0.047351692
5964,253796,28608,locker_room ,0.03710573
5965,253796,28632,clean_room ,0.7037936
5966,253796,28632,locker_room ,0.05846877
5967,253796,28632,entrance_hall ,0.034571502
5968,253796,28632,corridor ,0.033761542
5969,253796,28632,dressing_room ,0.029225243
5970,253796,28656,clean_room ,0.86715424
5971,253796,28656,locker_room ,0.020016545
5972,253796,28656,elevator/door ,0.01835788
5973,253796,28656,phone_booth ,0.015183613
5974,253796,28656,corridor ,0.0108857285
5975,253796,28680,clean_room ,0.8641906
5976,253796,28680,locker_room ,0.024597354
5977,253796,28680,elevator/door ,0.020212362
5978,253796,28680,corridor ,0.017410276
5979,253796,28680,dressing_room ,0.00836083
5980,253796,28704,clean_room ,0.7632087
5981,253796,28704,sauna ,0.036513053
5982,253796,28704,elevator/door ,0.034614462
5983,253796,28704,phone_booth ,0.025720391
5984,253796,28704,shower ,0.018169992
5985,253796,28728,museum/indoor ,0.3584347
5986,253796,28728,elevator/door ,0.18347201
5987,253796,28728,dressing_room ,0.071957216
5988,253796,28728,music_studio ,0.0667492
5989,253796,28728,art_gallery ,0.03352771
5990,253796,28752,bow_window/indoor ,0.35654312
5991,253796,28752,elevator/door ,0.12852027
5992,253796,28752,locker_room ,0.09427179
5993,253796,28752,shower ,0.061523777
5994,253796,28752,doorway/outdoor ,0.04982188
5995,253796,28776,bow_window/indoor ,0.7320337
5996,253796,28776,doorway/outdoor ,0.09764974
5997,253796,28776,elevator/door ,0.06786595
5998,253796,28776,jail_cell ,0.046832442
5999,253796,28776,barndoor ,0.010148201
6000,253796,28800,doorway/outdoor ,0.22185558
6001,253796,28800,bow_window/indoor ,0.21881111
6002,253796,28800,shower ,0.21380208
6003,253796,28800,barndoor ,0.17110562
6004,253796,28800,elevator/door ,0.06855895
6005,253796,28824,elevator/door ,0.21922082
6006,253796,28824,sauna ,0.18546745
6007,253796,28824,shower ,0.14935794
6008,253796,28824,museum/indoor ,0.110363156
6009,253796,28824,art_gallery ,0.06460729
6010,253796,28848,shower ,0.18771718
6011,253796,28848,museum/indoor ,0.15019739
6012,253796,28848,bow_window/indoor ,0.08604783
6013,253796,28848,elevator/door ,0.08401335
6014,253796,28848,art_gallery ,0.069790736
6015,253796,28872,museum/indoor ,0.40645844
6016,253796,28872,dressing_room ,0.20039037
6017,253796,28872,art_gallery ,0.07125221
6018,253796,28872,clean_room ,0.0711809
6019,253796,28872,science_museum ,0.04578247
6020,253796,28896,dressing_room ,0.46877444
6021,253796,28896,museum/indoor ,0.38116106
6022,253796,28896,art_gallery ,0.038337924
6023,253796,28896,clean_room ,0.016957894
6024,253796,28896,art_studio ,0.014487158
6025,253796,28920,museum/indoor ,0.83967924
6026,253796,28920,art_gallery ,0.02711593
6027,253796,28920,stage/indoor ,0.021995075
6028,253796,28920,archive ,0.017753407
6029,253796,28920,dressing_room ,0.016335329
6030,253796,28944,museum/indoor ,0.79050153
6031,253796,28944,stage/indoor ,0.039367527
6032,253796,28944,art_gallery ,0.028422374
6033,253796,28944,dressing_room ,0.02478585
6034,253796,28944,art_studio ,0.016850816
6035,253796,28968,museum/indoor ,0.68655556
6036,253796,28968,stage/indoor ,0.062381204
6037,253796,28968,dressing_room ,0.041587528
6038,253796,28968,archive ,0.030774834
6039,253796,28968,art_gallery ,0.025151793
6040,253796,28992,museum/indoor ,0.5511563
6041,253796,28992,dressing_room ,0.16428404
6042,253796,28992,stage/indoor ,0.038609475
6043,253796,28992,clean_room ,0.033102885
6044,253796,28992,archive ,0.030190662
6045,253796,29016,museum/indoor ,0.5221301
6046,253796,29016,dressing_room ,0.22642423
6047,253796,29016,clean_room ,0.05273845
6048,253796,29016,art_gallery ,0.03849342
6049,253796,29016,butchers_shop ,0.025788749
6050,253796,29040,museum/indoor ,0.66665816
6051,253796,29040,dressing_room ,0.1796072
6052,253796,29040,art_gallery ,0.044554617
6053,253796,29040,clean_room ,0.015466703
6054,253796,29040,science_museum ,0.014490531
6055,253796,29064,museum/indoor ,0.69552433
6056,253796,29064,dressing_room ,0.13773648
6057,253796,29064,art_gallery ,0.0714235
6058,253796,29064,art_studio ,0.020237776
6059,253796,29064,archive ,0.015156944
6060,253796,29088,museum/indoor ,0.41776294
6061,253796,29088,art_gallery ,0.22001567
6062,253796,29088,dressing_room ,0.115930274
6063,253796,29088,clean_room ,0.04758373
6064,253796,29088,elevator/door ,0.03476635
6065,253796,29112,museum/indoor ,0.167545
6066,253796,29112,clean_room ,0.16283496
6067,253796,29112,art_gallery ,0.0871665
6068,253796,29112,stage/indoor ,0.060378585
6069,253796,29112,dressing_room ,0.04912725
6070,253796,29136,museum/indoor ,0.41734502
6071,253796,29136,art_gallery ,0.22589241
6072,253796,29136,art_studio ,0.10133585
6073,253796,29136,classroom ,0.038783576
6074,253796,29136,discotheque ,0.028378753
6075,253796,29160,museum/indoor ,0.5200494
6076,253796,29160,art_gallery ,0.3197119
6077,253796,29160,art_studio ,0.030736757
6078,253796,29160,stage/indoor ,0.025143664
6079,253796,29160,artists_loft ,0.018852336
6080,253796,29184,museum/indoor ,0.6742653
6081,253796,29184,stage/indoor ,0.08361407
6082,253796,29184,art_gallery ,0.073391445
6083,253796,29184,dressing_room ,0.05207827
6084,253796,29184,ballroom ,0.01368026
6085,253796,29208,museum/indoor ,0.72672117
6086,253796,29208,art_gallery ,0.1300645
6087,253796,29208,dressing_room ,0.028357064
6088,253796,29208,stage/indoor ,0.01508061
6089,253796,29208,clothing_store ,0.013552979
6090,253796,29232,museum/indoor ,0.7895163
6091,253796,29232,art_gallery ,0.12976919
6092,253796,29232,stage/indoor ,0.012403765
6093,253796,29232,art_studio ,0.011529055
6094,253796,29232,dressing_room ,0.009521927
6095,253796,29256,museum/indoor ,0.5463519
6096,253796,29256,art_gallery ,0.20219938
6097,253796,29256,art_studio ,0.054107983
6098,253796,29256,stage/indoor ,0.04199511
6099,253796,29256,dressing_room ,0.04148492
6100,253796,29280,museum/indoor ,0.34486312
6101,253796,29280,art_gallery ,0.30640513
6102,253796,29280,art_studio ,0.1684458
6103,253796,29280,art_school ,0.059895538
6104,253796,29280,dressing_room ,0.035352126
6105,253796,29304,museum/indoor ,0.5793083
6106,253796,29304,art_gallery ,0.13355003
6107,253796,29304,art_studio ,0.06919497
6108,253796,29304,dressing_room ,0.03443243
6109,253796,29304,stage/indoor ,0.029320251
6110,253796,29328,clean_room ,0.5506223
6111,253796,29328,art_gallery ,0.27260143
6112,253796,29328,museum/indoor ,0.07953069
6113,253796,29328,art_studio ,0.018868428
6114,253796,29328,art_school ,0.005749227
6115,253796,29352,art_gallery ,0.5078428
6116,253796,29352,art_studio ,0.24473366
6117,253796,29352,museum/indoor ,0.18975124
6118,253796,29352,artists_loft ,0.019822016
6119,253796,29352,art_school ,0.017434942
6120,253796,29376,bow_window/indoor ,0.89778185
6121,253796,29376,barndoor ,0.046439365
6122,253796,29376,jail_cell ,0.021184774
6123,253796,29376,doorway/outdoor ,0.008779956
6124,253796,29376,shower ,0.0031757117
6125,253796,29400,bow_window/indoor ,0.6625834
6126,253796,29400,jail_cell ,0.14168216
6127,253796,29400,corridor ,0.020601869
6128,253796,29400,doorway/outdoor ,0.015721908
6129,253796,29400,living_room ,0.009703743
6130,253796,29424,dressing_room ,0.320132
6131,253796,29424,bow_window/indoor ,0.1599617
6132,253796,29424,clean_room ,0.09876396
6133,253796,29424,nursery ,0.05473283
6134,253796,29424,shower ,0.047908027
6135,253796,29448,dressing_room ,0.5221609
6136,253796,29448,clean_room ,0.17542854
6137,253796,29448,shower ,0.13294579
6138,253796,29448,museum/indoor ,0.045167092
6139,253796,29448,nursery ,0.03464568
6140,253796,29472,museum/indoor ,0.3438808
6141,253796,29472,dressing_room ,0.2705744
6142,253796,29472,art_gallery ,0.08179305
6143,253796,29472,clean_room ,0.08157578
6144,253796,29472,stage/indoor ,0.06404776
6145,253796,29496,museum/indoor ,0.89778185
6146,253796,29496,art_gallery ,0.024951706
6147,253796,29496,clean_room ,0.018929994
6148,253796,29496,stage/indoor ,0.01679526
6149,253796,29496,natural_history_museum ,0.008835773
6150,253796,29520,museum/indoor ,0.93913645
6151,253796,29520,art_gallery ,0.017064925
6152,253796,29520,art_studio ,0.007753349
6153,253796,29520,artists_loft ,0.007303316
6154,253796,29520,clean_room ,0.0040730513
6155,253796,29544,museum/indoor ,0.31360853
6156,253796,29544,clothing_store ,0.14275877
6157,253796,29544,art_gallery ,0.13097869
6158,253796,29544,clean_room ,0.0980108
6159,253796,29544,dressing_room ,0.08031192
6160,253796,29568,museum/indoor ,0.42191434
6161,253796,29568,dressing_room ,0.2593196
6162,253796,29568,art_gallery ,0.063829914
6163,253796,29568,clothing_store ,0.0592252
6164,253796,29568,art_studio ,0.03404983
6165,253796,29592,museum/indoor ,0.47669035
6166,253796,29592,natural_history_museum ,0.11495986
6167,253796,29592,art_gallery ,0.09247526
6168,253796,29592,art_studio ,0.08500814
6169,253796,29592,jewelry_shop ,0.041655637
6170,253796,29616,museum/indoor ,0.32561758
6171,253796,29616,dressing_room ,0.29613087
6172,253796,29616,art_gallery ,0.08377813
6173,253796,29616,clothing_store ,0.056850344
6174,253796,29616,art_studio ,0.052052226
6175,253796,29640,museum/indoor ,0.6960117
6176,253796,29640,art_gallery ,0.073336914
6177,253796,29640,clothing_store ,0.058340903
6178,253796,29640,clean_room ,0.03968867
6179,253796,29640,science_museum ,0.026281161
6180,253796,29664,museum/indoor ,0.47773623
6181,253796,29664,clothing_store ,0.15385944
6182,253796,29664,art_gallery ,0.10815404
6183,253796,29664,dressing_room ,0.07756255
6184,253796,29664,clean_room ,0.05199438
6185,253796,29688,dressing_room ,0.51383626
6186,253796,29688,museum/indoor ,0.18882746
6187,253796,29688,art_gallery ,0.09925098
6188,253796,29688,clothing_store ,0.08989406
6189,253796,29688,art_studio ,0.035473265
6190,253796,29712,dressing_room ,0.8446865
6191,253796,29712,clothing_store ,0.062340587
6192,253796,29712,shower ,0.029549701
6193,253796,29712,museum/indoor ,0.017816393
6194,253796,29712,art_gallery ,0.011299133
6195,253796,29736,dressing_room ,0.4619598
6196,253796,29736,museum/indoor ,0.157922
6197,253796,29736,clothing_store ,0.13338324
6198,253796,29736,art_gallery ,0.08668956
6199,253796,29736,discotheque ,0.03652185
6200,253796,29760,dressing_room ,0.43609738
6201,253796,29760,clothing_store ,0.16386811
6202,253796,29760,art_gallery ,0.1346045
6203,253796,29760,museum/indoor ,0.1207608
6204,253796,29760,art_studio ,0.041970383
6205,253796,29784,museum/indoor ,0.39339858
6206,253796,29784,dressing_room ,0.236637
6207,253796,29784,art_gallery ,0.16463903
6208,253796,29784,art_studio ,0.066879
6209,253796,29784,clothing_store ,0.055421162
6210,253796,29808,dressing_room ,0.37578997
6211,253796,29808,museum/indoor ,0.3025146
6212,253796,29808,art_gallery ,0.086195275
6213,253796,29808,clothing_store ,0.048507094
6214,253796,29808,art_studio ,0.047305994
6215,253796,29832,museum/indoor ,0.48173988
6216,253796,29832,dressing_room ,0.18652835
6217,253796,29832,art_gallery ,0.12527557
6218,253796,29832,clothing_store ,0.055028882
6219,253796,29832,art_studio ,0.05364485
6220,253796,29856,dressing_room ,0.40980017
6221,253796,29856,museum/indoor ,0.23346615
6222,253796,29856,art_gallery ,0.110204324
6223,253796,29856,clothing_store ,0.057145394
6224,253796,29856,art_studio ,0.04562751
6225,253796,29880,dressing_room ,0.5421859
6226,253796,29880,museum/indoor ,0.17556833
6227,253796,29880,art_gallery ,0.08627904
6228,253796,29880,clothing_store ,0.043951686
6229,253796,29880,shower ,0.03527423
6230,253796,29904,dressing_room ,0.6370352
6231,253796,29904,museum/indoor ,0.14009736
6232,253796,29904,shower ,0.04687946
6233,253796,29904,art_gallery ,0.04312412
6234,253796,29904,clothing_store ,0.042762175
6235,253796,29928,dressing_room ,0.4732465
6236,253796,29928,museum/indoor ,0.21902542
6237,253796,29928,clothing_store ,0.09435505
6238,253796,29928,shower ,0.03730859
6239,253796,29928,art_gallery ,0.03664463
6240,253796,29952,dressing_room ,0.6330721
6241,253796,29952,museum/indoor ,0.106843755
6242,253796,29952,clothing_store ,0.088835195
6243,253796,29952,art_gallery ,0.062986374
6244,253796,29952,art_studio ,0.03526853
6245,253796,29976,dressing_room ,0.6265943
6246,253796,29976,museum/indoor ,0.09151349
6247,253796,29976,clothing_store ,0.08452814
6248,253796,29976,art_gallery ,0.052886676
6249,253796,29976,shower ,0.049113262
6250,253796,30000,dressing_room ,0.7024337
6251,253796,30000,museum/indoor ,0.060846914
6252,253796,30000,shower ,0.052899815
6253,253796,30000,clothing_store ,0.046754725
6254,253796,30000,art_gallery ,0.039371837
6255,253796,30024,dressing_room ,0.48854256
6256,253796,30024,museum/indoor ,0.1488759
6257,253796,30024,clothing_store ,0.13077985
6258,253796,30024,art_gallery ,0.051852282
6259,253796,30024,shower ,0.04776505
6260,253796,30048,dressing_room ,0.47036728
6261,253796,30048,museum/indoor ,0.19712898
6262,253796,30048,art_gallery ,0.08518075
6263,253796,30048,clothing_store ,0.059703387
6264,253796,30048,art_studio ,0.03499183
6265,253796,30072,dressing_room ,0.57698095
6266,253796,30072,shower ,0.1172682
6267,253796,30072,clothing_store ,0.10349079
6268,253796,30072,museum/indoor ,0.055742107
6269,253796,30072,art_gallery ,0.05112428
6270,253796,30096,dressing_room ,0.5846233
6271,253796,30096,shower ,0.1516359
6272,253796,30096,clothing_store ,0.08120589
6273,253796,30096,museum/indoor ,0.039477974
6274,253796,30096,discotheque ,0.026063528
6275,253796,30120,dressing_room ,0.35438395
6276,253796,30120,clothing_store ,0.20479737
6277,253796,30120,shower ,0.14201736
6278,253796,30120,museum/indoor ,0.096959524
6279,253796,30120,art_gallery ,0.06645614
6280,253796,30144,dressing_room ,0.74316615
6281,253796,30144,clothing_store ,0.07926039
6282,253796,30144,shower ,0.039004043
6283,253796,30144,art_gallery ,0.028379729
6284,253796,30144,museum/indoor ,0.027271755
6285,253796,30168,dressing_room ,0.66593534
6286,253796,30168,clothing_store ,0.09145811
6287,253796,30168,museum/indoor ,0.08461018
6288,253796,30168,art_gallery ,0.061567195
6289,253796,30168,shower ,0.023793833
6290,253796,30192,dressing_room ,0.57363987
6291,253796,30192,museum/indoor ,0.17270555
6292,253796,30192,clothing_store ,0.072851226
6293,253796,30192,art_gallery ,0.06871331
6294,253796,30192,shower ,0.031658757
6295,253796,30216,dressing_room ,0.6967044
6296,253796,30216,museum/indoor ,0.06541147
6297,253796,30216,shower ,0.06397305
6298,253796,30216,clothing_store ,0.06103675
6299,253796,30216,art_gallery ,0.03989283
6300,253796,30240,dressing_room ,0.764714
6301,253796,30240,clothing_store ,0.07093391
6302,253796,30240,shower ,0.05872899
6303,253796,30240,museum/indoor ,0.027902374
6304,253796,30240,art_gallery ,0.021216141
6305,253796,30264,dressing_room ,0.7292125
6306,253796,30264,art_gallery ,0.056808
6307,253796,30264,museum/indoor ,0.05582209
6308,253796,30264,clothing_store ,0.03471133
6309,253796,30264,art_studio ,0.025878211
6310,253796,30288,dressing_room ,0.9324256
6311,253796,30288,clothing_store ,0.023967037
6312,253796,30288,museum/indoor ,0.008334965
6313,253796,30288,art_gallery ,0.0076955305
6314,253796,30288,shower ,0.0059185373
6315,253796,30312,dressing_room ,0.872266
6316,253796,30312,clothing_store ,0.05910899
6317,253796,30312,museum/indoor ,0.017038118
6318,253796,30312,art_gallery ,0.011091018
6319,253796,30312,shower ,0.0070520714
6320,253796,30336,dressing_room ,0.90282595
6321,253796,30336,clothing_store ,0.0349171
6322,253796,30336,museum/indoor ,0.014576701
6323,253796,30336,art_gallery ,0.014182154
6324,253796,30336,shower ,0.009030662
6325,253796,30360,dressing_room ,0.88511777
6326,253796,30360,clothing_store ,0.033009596
6327,253796,30360,museum/indoor ,0.02111603
6328,253796,30360,art_gallery ,0.020727979
6329,253796,30360,shower ,0.00812841
6330,253796,30384,dressing_room ,0.9425006
6331,253796,30384,clothing_store ,0.031802207
6332,253796,30384,art_gallery ,0.0053200014
6333,253796,30384,museum/indoor ,0.0045907707
6334,253796,30384,shower ,0.00347475
6335,253796,30408,dressing_room ,0.8996394
6336,253796,30408,clothing_store ,0.036411706
6337,253796,30408,museum/indoor ,0.016994331
6338,253796,30408,art_gallery ,0.015700331
6339,253796,30408,art_studio ,0.0070365244
6340,253796,30432,dressing_room ,0.9123408
6341,253796,30432,clothing_store ,0.042508647
6342,253796,30432,art_gallery ,0.0093185175
6343,253796,30432,museum/indoor ,0.005763914
6344,253796,30432,closet ,0.0046092714
6345,253796,30456,dressing_room ,0.9526028
6346,253796,30456,closet ,0.01069812
6347,253796,30456,clothing_store ,0.0074634505
6348,253796,30456,shower ,0.0073470464
6349,253796,30456,art_gallery ,0.0041077114
6350,253796,30480,clothing_store ,0.46488205
6351,253796,30480,dressing_room ,0.45274577
6352,253796,30480,museum/indoor ,0.021092344
6353,253796,30480,closet ,0.009157629
6354,253796,30480,gift_shop ,0.009031478
6355,253796,30504,dressing_room ,0.44968957
6356,253796,30504,clothing_store ,0.19327354
6357,253796,30504,museum/indoor ,0.17499553
6358,253796,30504,clean_room ,0.042531293
6359,253796,30504,art_gallery ,0.029013807
6360,253796,30528,clean_room ,0.40989998
6361,253796,30528,dressing_room ,0.35271484
6362,253796,30528,shower ,0.045433685
6363,253796,30528,clothing_store ,0.03363557
6364,253796,30528,museum/indoor ,0.031965494
6365,253796,30552,museum/indoor ,0.32361698
6366,253796,30552,art_gallery ,0.2446755
6367,253796,30552,art_studio ,0.17663497
6368,253796,30552,clean_room ,0.055548966
6369,253796,30552,dressing_room ,0.049793605
6370,253796,30576,bow_window/indoor ,0.099755846
6371,253796,30576,staircase ,0.08852678
6372,253796,30576,tower ,0.07813459
6373,253796,30576,schoolhouse ,0.07213262
6374,253796,30576,courthouse ,0.062366195
6375,253796,30600,staircase ,0.16505352
6376,253796,30600,bow_window/indoor ,0.1424447
6377,253796,30600,windmill ,0.075826526
6378,253796,30600,tower ,0.04651667
6379,253796,30600,schoolhouse ,0.03522972
6380,253796,30624,staircase ,0.20923159
6381,253796,30624,bow_window/indoor ,0.11348585
6382,253796,30624,windmill ,0.08441821
6383,253796,30624,schoolhouse ,0.038751207
6384,253796,30624,tower ,0.036935337
6385,253796,30648,windmill ,0.14915514
6386,253796,30648,staircase ,0.08687933
6387,253796,30648,schoolhouse ,0.080348946
6388,253796,30648,tower ,0.07653588
6389,253796,30648,bow_window/indoor ,0.0456074
6390,253796,30672,dressing_room ,0.84921587
6391,253796,30672,clean_room ,0.026374338
6392,253796,30672,chemistry_lab ,0.023336506
6393,253796,30672,biology_laboratory ,0.016841097
6394,253796,30672,beauty_salon ,0.012849205
6395,253796,30696,dressing_room ,0.87977517
6396,253796,30696,clean_room ,0.016140852
6397,253796,30696,beauty_salon ,0.0142930085
6398,253796,30696,chemistry_lab ,0.013532167
6399,253796,30696,ballroom ,0.013195594
6400,253796,30720,dressing_room ,0.91712534
6401,253796,30720,beauty_salon ,0.0139043415
6402,253796,30720,clean_room ,0.008726061
6403,253796,30720,chemistry_lab ,0.005449683
6404,253796,30720,reception ,0.0045750863
6405,253796,30744,dressing_room ,0.81064224
6406,253796,30744,beauty_salon ,0.020557823
6407,253796,30744,chemistry_lab ,0.019312691
6408,253796,30744,clean_room ,0.015127034
6409,253796,30744,nursing_home ,0.012486072
6410,253796,30768,dressing_room ,0.5690173
6411,253796,30768,clean_room ,0.07675575
6412,253796,30768,chemistry_lab ,0.03586646
6413,253796,30768,hospital_room ,0.031668585
6414,253796,30768,nursing_home ,0.029882502
6415,253796,30792,dressing_room ,0.81535065
6416,253796,30792,clean_room ,0.050190654
6417,253796,30792,nursing_home ,0.04341349
6418,253796,30792,hospital_room ,0.014808568
6419,253796,30792,museum/indoor ,0.0132384095
6420,253796,30816,dressing_room ,0.3459109
6421,253796,30816,clean_room ,0.2383013
6422,253796,30816,museum/indoor ,0.0830773
6423,253796,30816,nursing_home ,0.06821101
6424,253796,30816,beauty_salon ,0.025458155
6425,253796,30840,dressing_room ,0.32497948
6426,253796,30840,clean_room ,0.17668356
6427,253796,30840,museum/indoor ,0.121574536
6428,253796,30840,beauty_salon ,0.0644148
6429,253796,30840,archive ,0.05603493
6430,253796,30864,clean_room ,0.31736833
6431,253796,30864,dressing_room ,0.1975573
6432,253796,30864,archive ,0.07475239
6433,253796,30864,museum/indoor ,0.056765612
6434,253796,30864,nursing_home ,0.049405105
6435,253796,30888,dressing_room ,0.26192176
6436,253796,30888,clean_room ,0.25255015
6437,253796,30888,museum/indoor ,0.13028453
6438,253796,30888,nursing_home ,0.07479649
6439,253796,30888,archive ,0.064640716
6440,253796,30912,clean_room ,0.2741417
6441,253796,30912,dressing_room ,0.1818886
6442,253796,30912,beauty_salon ,0.09575829
6443,253796,30912,museum/indoor ,0.08210763
6444,253796,30912,nursing_home ,0.07289327
6445,253796,30936,clean_room ,0.5492096
6446,253796,30936,dressing_room ,0.1019801
6447,253796,30936,museum/indoor ,0.060510647
6448,253796,30936,nursing_home ,0.057352103
6449,253796,30936,operating_room ,0.035644878
6450,253796,30960,clean_room ,0.3208534
6451,253796,30960,dressing_room ,0.116011076
6452,253796,30960,museum/indoor ,0.08477932
6453,253796,30960,nursing_home ,0.07723635
6454,253796,30960,beauty_salon ,0.075447306
6455,253796,30984,clean_room ,0.31581888
6456,253796,30984,museum/indoor ,0.1412296
6457,253796,30984,dressing_room ,0.12270486
6458,253796,30984,beauty_salon ,0.08368135
6459,253796,30984,chemistry_lab ,0.059371237
6460,253796,31008,clean_room ,0.24073209
6461,253796,31008,dressing_room ,0.19408484
6462,253796,31008,beauty_salon ,0.09014463
6463,253796,31008,nursing_home ,0.086718686
6464,253796,31008,museum/indoor ,0.06721063
6465,253796,31032,dressing_room ,0.42715433
6466,253796,31032,clean_room ,0.16508584
6467,253796,31032,museum/indoor ,0.059211347
6468,253796,31032,beauty_salon ,0.05064397
6469,253796,31032,operating_room ,0.03935744
6470,253796,31056,dressing_room ,0.3543299
6471,253796,31056,clean_room ,0.08027089
6472,253796,31056,banquet_hall ,0.068701774
6473,253796,31056,chemistry_lab ,0.061312113
6474,253796,31056,museum/indoor ,0.047121596
6475,253796,31080,dressing_room ,0.34327573
6476,253796,31080,clean_room ,0.29437488
6477,253796,31080,nursing_home ,0.16273274
6478,253796,31080,hospital_room ,0.061696447
6479,253796,31080,office ,0.019287936
6480,253796,31104,clean_room ,0.47229654
6481,253796,31104,dressing_room ,0.15862252
6482,253796,31104,nursing_home ,0.13022164
6483,253796,31104,office ,0.046156414
6484,253796,31104,hospital_room ,0.04112874
6485,253796,31128,clean_room ,0.4005687
6486,253796,31128,dressing_room ,0.2103227
6487,253796,31128,museum/indoor ,0.15261182
6488,253796,31128,nursing_home ,0.047080673
6489,253796,31128,beauty_salon ,0.026130026
6490,253796,31152,clean_room ,0.373604
6491,253796,31152,museum/indoor ,0.10305699
6492,253796,31152,beauty_salon ,0.092902265
6493,253796,31152,operating_room ,0.083018154
6494,253796,31152,nursing_home ,0.070614606
6495,253796,31176,clean_room ,0.51568085
6496,253796,31176,operating_room ,0.09878153
6497,253796,31176,nursing_home ,0.09315488
6498,253796,31176,archive ,0.06592492
6499,253796,31176,veterinarians_office ,0.041108422
6500,253796,31200,clean_room ,0.5075694
6501,253796,31200,nursing_home ,0.13992037
6502,253796,31200,archive ,0.08683157
6503,253796,31200,operating_room ,0.06367059
6504,253796,31200,dressing_room ,0.043245718
6505,253796,31224,clean_room ,0.18186907
6506,253796,31224,nursing_home ,0.16835691
6507,253796,31224,dressing_room ,0.11111508
6508,253796,31224,operating_room ,0.10094909
6509,253796,31224,archive ,0.065231174
6510,253796,31248,museum/indoor ,0.13190024
6511,253796,31248,clean_room ,0.12778784
6512,253796,31248,dressing_room ,0.1044504
6513,253796,31248,archive ,0.073907524
6514,253796,31248,operating_room ,0.050300673
6515,253796,31272,clean_room ,0.20752978
6516,253796,31272,archive ,0.08055722
6517,253796,31272,dressing_room ,0.077619985
6518,253796,31272,operating_room ,0.0749272
6519,253796,31272,museum/indoor ,0.071411535
6520,253796,31296,clean_room ,0.2377609
6521,253796,31296,archive ,0.10848551
6522,253796,31296,museum/indoor ,0.09960642
6523,253796,31296,operating_room ,0.069645464
6524,253796,31296,dressing_room ,0.063625716
6525,253796,31320,clean_room ,0.14529198
6526,253796,31320,archive ,0.12029848
6527,253796,31320,ballroom ,0.11576187
6528,253796,31320,museum/indoor ,0.10464639
6529,253796,31320,dressing_room ,0.0682844
6530,253796,31344,clean_room ,0.24267733
6531,253796,31344,nursing_home ,0.11718591
6532,253796,31344,beauty_salon ,0.08858826
6533,253796,31344,dressing_room ,0.08441961
6534,253796,31344,operating_room ,0.08023756
6535,253796,31368,clean_room ,0.40094578
6536,253796,31368,nursing_home ,0.12053085
6537,253796,31368,operating_room ,0.07487029
6538,253796,31368,chemistry_lab ,0.064074166
6539,253796,31368,dressing_room ,0.055269893
6540,253796,31392,clean_room ,0.29429257
6541,253796,31392,nursing_home ,0.13073035
6542,253796,31392,dressing_room ,0.12877329
6543,253796,31392,operating_room ,0.057620093
6544,253796,31392,beauty_salon ,0.04945986
6545,253796,31416,clean_room ,0.41698378
6546,253796,31416,dressing_room ,0.111470185
6547,253796,31416,nursing_home ,0.06950631
6548,253796,31416,operating_room ,0.059398063
6549,253796,31416,beauty_salon ,0.049835008
6550,253796,31440,clean_room ,0.20932323
6551,253796,31440,nursing_home ,0.16464397
6552,253796,31440,dressing_room ,0.10436643
6553,253796,31440,operating_room ,0.07311559
6554,253796,31440,chemistry_lab ,0.06986832
6555,253796,31464,clean_room ,0.26846713
6556,253796,31464,dressing_room ,0.14411291
6557,253796,31464,beauty_salon ,0.08612379
6558,253796,31464,museum/indoor ,0.08533328
6559,253796,31464,operating_room ,0.052156325
6560,253796,31488,clean_room ,0.5933831
6561,253796,31488,dressing_room ,0.14751384
6562,253796,31488,museum/indoor ,0.033609167
6563,253796,31488,operating_room ,0.033338048
6564,253796,31488,nursing_home ,0.030830065
6565,253796,31512,clean_room ,0.4006261
6566,253796,31512,dressing_room ,0.31010225
6567,253796,31512,hospital_room ,0.078823805
6568,253796,31512,operating_room ,0.07863429
6569,253796,31512,nursing_home ,0.046078872
6570,253796,31536,dressing_room ,0.41475156
6571,253796,31536,clean_room ,0.30237132
6572,253796,31536,hospital_room ,0.051310185
6573,253796,31536,operating_room ,0.04728359
6574,253796,31536,museum/indoor ,0.028636418
6575,253796,31560,dressing_room ,0.3922035
6576,253796,31560,clean_room ,0.26488233
6577,253796,31560,hospital_room ,0.078681946
6578,253796,31560,operating_room ,0.051742062
6579,253796,31560,nursing_home ,0.036614295
6580,253796,31584,dressing_room ,0.47132054
6581,253796,31584,clean_room ,0.09300171
6582,253796,31584,museum/indoor ,0.08143218
6583,253796,31584,hospital_room ,0.042354938
6584,253796,31584,nursing_home ,0.03264589
6585,253796,31608,dressing_room ,0.29982787
6586,253796,31608,clean_room ,0.18186347
6587,253796,31608,hospital_room ,0.07800609
6588,253796,31608,operating_room ,0.0669098
6589,253796,31608,museum/indoor ,0.04852973
6590,253796,31632,clean_room ,0.35602063
6591,253796,31632,dressing_room ,0.21085802
6592,253796,31632,nursing_home ,0.123619385
6593,253796,31632,hospital_room ,0.07264278
6594,253796,31632,operating_room ,0.05119859
6595,253796,31656,dressing_room ,0.22079211
6596,253796,31656,museum/indoor ,0.1261676
6597,253796,31656,clean_room ,0.12374837
6598,253796,31656,hospital_room ,0.058911007
6599,253796,31656,butchers_shop ,0.057391886
6600,253796,31680,nursing_home ,0.22172076
6601,253796,31680,clean_room ,0.20094745
6602,253796,31680,dressing_room ,0.13162516
6603,253796,31680,hospital_room ,0.10892926
6604,253796,31680,operating_room ,0.04395777
6605,253796,31704,dressing_room ,0.32122505
6606,253796,31704,nursing_home ,0.26138133
6607,253796,31704,clean_room ,0.10119301
6608,253796,31704,hospital_room ,0.07528084
6609,253796,31704,ballroom ,0.024383746
6610,253796,31728,dressing_room ,0.32681736
6611,253796,31728,nursing_home ,0.086345546
6612,253796,31728,clean_room ,0.078043275
6613,253796,31728,museum/indoor ,0.054876097
6614,253796,31728,beauty_salon ,0.038942397
6615,253796,31752,dressing_room ,0.66866314
6616,253796,31752,nursing_home ,0.16723673
6617,253796,31752,beauty_salon ,0.036021497
6618,253796,31752,clean_room ,0.0284076
6619,253796,31752,hospital_room ,0.021945894
6620,253796,31776,dressing_room ,0.37705508
6621,253796,31776,clean_room ,0.2077557
6622,253796,31776,nursing_home ,0.20752402
6623,253796,31776,hospital_room ,0.04596183
6624,253796,31776,operating_room ,0.03234593
6625,253796,31800,dressing_room ,0.5397418
6626,253796,31800,museum/indoor ,0.10829347
6627,253796,31800,nursing_home ,0.0914509
6628,253796,31800,clean_room ,0.081886366
6629,253796,31800,hospital_room ,0.020336878
6630,253796,31824,dressing_room ,0.47210878
6631,253796,31824,clean_room ,0.15042403
6632,253796,31824,museum/indoor ,0.0875484
6633,253796,31824,hospital_room ,0.048495438
6634,253796,31824,nursing_home ,0.04139108
6635,253796,31848,dressing_room ,0.47945303
6636,253796,31848,museum/indoor ,0.09116646
6637,253796,31848,clean_room ,0.079404265
6638,253796,31848,beauty_salon ,0.056701094
6639,253796,31848,nursing_home ,0.05184561
6640,253796,31872,dressing_room ,0.38390127
6641,253796,31872,clean_room ,0.1701251
6642,253796,31872,museum/indoor ,0.12024003
6643,253796,31872,nursing_home ,0.057514634
6644,253796,31872,operating_room ,0.033276755
6645,253796,31896,dressing_room ,0.3924434
6646,253796,31896,clean_room ,0.21279392
6647,253796,31896,hospital_room ,0.05391007
6648,253796,31896,chemistry_lab ,0.04815046
6649,253796,31896,beauty_salon ,0.041196663
6650,253796,31920,discotheque ,0.33119324
6651,253796,31920,dressing_room ,0.292526
6652,253796,31920,stage/indoor ,0.114821814
6653,253796,31920,ballroom ,0.037782192
6654,253796,31920,clean_room ,0.032956023
6655,253796,31944,dressing_room ,0.36380708
6656,253796,31944,elevator/door ,0.13515596
6657,253796,31944,stage/indoor ,0.09751403
6658,253796,31944,museum/indoor ,0.060190026
6659,253796,31944,bow_window/indoor ,0.060171314
6660,253796,31968,dressing_room ,0.55187017
6661,253796,31968,museum/indoor ,0.15949404
6662,253796,31968,clean_room ,0.047534384
6663,253796,31968,bow_window/indoor ,0.023918116
6664,253796,31968,stage/indoor ,0.01827346
6665,253796,31992,museum/indoor ,0.490787
6666,253796,31992,bow_window/indoor ,0.16368578
6667,253796,31992,dressing_room ,0.05349393
6668,253796,31992,art_gallery ,0.0351046
6669,253796,31992,elevator/door ,0.033963513
6670,253796,32016,museum/indoor ,0.59128445
6671,253796,32016,dressing_room ,0.1506843
6672,253796,32016,locker_room ,0.044885803
6673,253796,32016,art_gallery ,0.03765617
6674,253796,32016,clean_room ,0.031088822
6675,253796,32040,museum/indoor ,0.63584846
6676,253796,32040,dressing_room ,0.12045283
6677,253796,32040,stage/indoor ,0.0706119
6678,253796,32040,bow_window/indoor ,0.0486718
6679,253796,32040,ballroom ,0.03652758
6680,253796,32064,museum/indoor ,0.89500374
6681,253796,32064,dressing_room ,0.033601344
6682,253796,32064,art_gallery ,0.017810617
6683,253796,32064,bow_window/indoor ,0.012171504
6684,253796,32064,stage/indoor ,0.011107272
6685,253796,32088,dressing_room ,0.3329401
6686,253796,32088,museum/indoor ,0.21054153
6687,253796,32088,art_gallery ,0.15188593
6688,253796,32088,art_studio ,0.06362381
6689,253796,32088,clean_room ,0.04170443
6690,253796,32112,dressing_room ,0.50857943
6691,253796,32112,museum/indoor ,0.26400736
6692,253796,32112,art_gallery ,0.055159543
6693,253796,32112,clean_room ,0.04408872
6694,253796,32112,beauty_salon ,0.02562763
6695,253796,32136,museum/indoor ,0.42036033
6696,253796,32136,dressing_room ,0.23582461
6697,253796,32136,clean_room ,0.16561837
6698,253796,32136,art_gallery ,0.06368633
6699,253796,32136,art_studio ,0.025258686
6700,253796,32160,museum/indoor ,0.5788611
6701,253796,32160,dressing_room ,0.15166523
6702,253796,32160,clean_room ,0.10905133
6703,253796,32160,art_gallery ,0.053844526
6704,253796,32160,art_studio ,0.021678213
6705,253796,32184,museum/indoor ,0.47370592
6706,253796,32184,dressing_room ,0.29059696
6707,253796,32184,art_gallery ,0.053583622
6708,253796,32184,clean_room ,0.050284475
6709,253796,32184,beauty_salon ,0.020342335
6710,253796,32208,museum/indoor ,0.491801
6711,253796,32208,dressing_room ,0.23722027
6712,253796,32208,clean_room ,0.073833026
6713,253796,32208,art_gallery ,0.043849796
6714,253796,32208,beauty_salon ,0.019798666
6715,253796,32232,museum/indoor ,0.8358926
6716,253796,32232,art_gallery ,0.054050535
6717,253796,32232,clean_room ,0.026529497
6718,253796,32232,dressing_room ,0.02031189
6719,253796,32232,locker_room ,0.008202888
6720,253796,32256,dressing_room ,0.31788537
6721,253796,32256,museum/indoor ,0.31021905
6722,253796,32256,clean_room ,0.09985122
6723,253796,32256,beauty_salon ,0.0780743
6724,253796,32256,art_gallery ,0.024509458
6725,253796,32280,dressing_room ,0.6224905
6726,253796,32280,clean_room ,0.09880708
6727,253796,32280,museum/indoor ,0.06521756
6728,253796,32280,beauty_salon ,0.03625901
6729,253796,32280,shower ,0.026887752
6730,253796,32304,dressing_room ,0.4858152
6731,253796,32304,museum/indoor ,0.33060816
6732,253796,32304,locker_room ,0.054489385
6733,253796,32304,sauna ,0.041485928
6734,253796,32304,art_gallery ,0.026862072
6735,253796,32328,museum/indoor ,0.69868916
6736,253796,32328,dressing_room ,0.06837473
6737,253796,32328,clean_room ,0.04611546
6738,253796,32328,archive ,0.02436398
6739,253796,32328,art_gallery ,0.024114303
6740,253796,32352,museum/indoor ,0.9396658
6741,253796,32352,art_gallery ,0.032514654
6742,253796,32352,artists_loft ,0.0064308043
6743,253796,32352,bow_window/indoor ,0.0056194994
6744,253796,32352,dressing_room ,0.004160558
6745,253796,32376,museum/indoor ,0.93378913
6746,253796,32376,art_gallery ,0.044932168
6747,253796,32376,artists_loft ,0.0043944186
6748,253796,32376,clean_room ,0.003060082
6749,253796,32376,dressing_room ,0.0028993113
6750,253796,32400,dressing_room ,0.4194822
6751,253796,32400,museum/indoor ,0.3310352
6752,253796,32400,bow_window/indoor ,0.0929942
6753,253796,32400,art_gallery ,0.042289827
6754,253796,32400,clean_room ,0.023052935
6755,253796,32424,dressing_room ,0.8435274
6756,253796,32424,museum/indoor ,0.03453007
6757,253796,32424,clean_room ,0.030161556
6758,253796,32424,bow_window/indoor ,0.020804022
6759,253796,32424,stage/indoor ,0.010883882
6760,253796,32448,dressing_room ,0.40428454
6761,253796,32448,clean_room ,0.17971079
6762,253796,32448,beauty_salon ,0.12104513
6763,253796,32448,museum/indoor ,0.080655806
6764,253796,32448,music_studio ,0.033515997
6765,253796,32472,dressing_room ,0.7100419
6766,253796,32472,clean_room ,0.095878236
6767,253796,32472,beauty_salon ,0.043175787
6768,253796,32472,museum/indoor ,0.038027354
6769,253796,32472,chemistry_lab ,0.012436406
6770,253796,32496,dressing_room ,0.62349224
6771,253796,32496,clean_room ,0.10423158
6772,253796,32496,beauty_salon ,0.09131534
6773,253796,32496,chemistry_lab ,0.023657545
6774,253796,32496,museum/indoor ,0.018685767
6775,253796,32520,dressing_room ,0.6818955
6776,253796,32520,clean_room ,0.062687285
6777,253796,32520,beauty_salon ,0.04756329
6778,253796,32520,museum/indoor ,0.041412033
6779,253796,32520,shower ,0.034316596
6780,253796,32544,dressing_room ,0.65673816
6781,253796,32544,shower ,0.07585248
6782,253796,32544,clean_room ,0.047698613
6783,253796,32544,beauty_salon ,0.04057486
6784,253796,32544,art_gallery ,0.03699329
6785,253796,32568,museum/indoor ,0.72087556
6786,253796,32568,art_gallery ,0.08627655
6787,253796,32568,dressing_room ,0.08508603
6788,253796,32568,stage/indoor ,0.0148493955
6789,253796,32568,clean_room ,0.014074728
6790,253796,32592,museum/indoor ,0.40680024
6791,253796,32592,dressing_room ,0.16431984
6792,253796,32592,locker_room ,0.11073147
6793,253796,32592,sauna ,0.100772925
6794,253796,32592,bow_window/indoor ,0.042892706
6795,253796,32616,dressing_room ,0.5569373
6796,253796,32616,museum/indoor ,0.16279072
6797,253796,32616,art_gallery ,0.083253905
6798,253796,32616,sauna ,0.04556681
6799,253796,32616,elevator/door ,0.032262284
6800,253796,32640,museum/indoor ,0.60938007
6801,253796,32640,art_gallery ,0.10049734
6802,253796,32640,dressing_room ,0.068914145
6803,253796,32640,bow_window/indoor ,0.037145454
6804,253796,32640,sauna ,0.032388553
6805,253796,32664,dressing_room ,0.40649328
6806,253796,32664,museum/indoor ,0.12653534
6807,253796,32664,nursery ,0.10882821
6808,253796,32664,clean_room ,0.062138148
6809,253796,32664,locker_room ,0.056599826
6810,253796,32688,museum/indoor ,0.397608
6811,253796,32688,dressing_room ,0.22160566
6812,253796,32688,bow_window/indoor ,0.09606994
6813,253796,32688,art_gallery ,0.057571616
6814,253796,32688,clean_room ,0.04487384
6815,253796,32712,museum/indoor ,0.55364174
6816,253796,32712,dressing_room ,0.18946882
6817,253796,32712,locker_room ,0.0824093
6818,253796,32712,stage/indoor ,0.04019508
6819,253796,32712,nursery ,0.027264353
6820,253796,32736,dressing_room ,0.67786324
6821,253796,32736,stage/indoor ,0.06432657
6822,253796,32736,discotheque ,0.050913002
6823,253796,32736,clean_room ,0.046573594
6824,253796,32736,nursery ,0.022850737
6825,253796,32760,dressing_room ,0.28312632
6826,253796,32760,museum/indoor ,0.14950159
6827,253796,32760,chemistry_lab ,0.09428965
6828,253796,32760,archive ,0.08964687
6829,253796,32760,clean_room ,0.0817241
6830,253796,32784,chemistry_lab ,0.23025824
6831,253796,32784,clean_room ,0.11195616
6832,253796,32784,beauty_salon ,0.09626175
6833,253796,32784,dressing_room ,0.08948825
6834,253796,32784,biology_laboratory ,0.08342066
6835,253796,32808,dressing_room ,0.22461383
6836,253796,32808,hospital_room ,0.18580696
6837,253796,32808,clean_room ,0.12891737
6838,253796,32808,operating_room ,0.0755345
6839,253796,32808,chemistry_lab ,0.063449144
6840,253796,32832,dressing_room ,0.18314874
6841,253796,32832,beauty_salon ,0.14953198
6842,253796,32832,archive ,0.09217988
6843,253796,32832,chemistry_lab ,0.07066786
6844,253796,32832,museum/indoor ,0.055111714
6845,253796,32856,museum/indoor ,0.2167521
6846,253796,32856,dressing_room ,0.1105072
6847,253796,32856,clean_room ,0.09729461
6848,253796,32856,chemistry_lab ,0.06499243
6849,253796,32856,beauty_salon ,0.042096645
6850,253796,32880,museum/indoor ,0.12888128
6851,253796,32880,dressing_room ,0.110382535
6852,253796,32880,nursing_home ,0.098416805
6853,253796,32880,chemistry_lab ,0.06370901
6854,253796,32880,archive ,0.049055
6855,253796,32904,museum/indoor ,0.14097488
6856,253796,32904,dressing_room ,0.12045773
6857,253796,32904,banquet_hall ,0.09009512
6858,253796,32904,beauty_salon ,0.07418829
6859,253796,32904,nursing_home ,0.0660409
6860,253796,32928,chemistry_lab ,0.24582672
6861,253796,32928,dressing_room ,0.14621799
6862,253796,32928,beauty_salon ,0.09398421
6863,253796,32928,biology_laboratory ,0.0633738
6864,253796,32928,museum/indoor ,0.050154746
6865,253796,32952,chemistry_lab ,0.3305061
6866,253796,32952,museum/indoor ,0.11686974
6867,253796,32952,jewelry_shop ,0.066965275
6868,253796,32952,biology_laboratory ,0.06608691
6869,253796,32952,dressing_room ,0.04668009
6870,253796,32976,museum/indoor ,0.39394945
6871,253796,32976,chemistry_lab ,0.11215042
6872,253796,32976,art_gallery ,0.10055117
6873,253796,32976,artists_loft ,0.04114746
6874,253796,32976,tower ,0.03444323
6875,253796,33000,museum/indoor ,0.2731081
6876,253796,33000,chemistry_lab ,0.08079927
6877,253796,33000,locker_room ,0.06618036
6878,253796,33000,tower ,0.057118222
6879,253796,33000,gymnasium/indoor ,0.042660937
6880,253796,33024,museum/indoor ,0.3046022
6881,253796,33024,chemistry_lab ,0.09629665
6882,253796,33024,tower ,0.059882995
6883,253796,33024,church/indoor ,0.04935704
6884,253796,33024,wet_bar ,0.04410275
6885,253796,33048,museum/indoor ,0.46665272
6886,253796,33048,art_gallery ,0.09761816
6887,253796,33048,artists_loft ,0.09112573
6888,253796,33048,tower ,0.052924108
6889,253796,33048,industrial_area ,0.023547241
6890,253796,33072,industrial_area ,0.38546067
6891,253796,33072,tower ,0.25711325
6892,253796,33072,oilrig ,0.07197412
6893,253796,33072,skyscraper ,0.05641165
6894,253796,33072,museum/indoor ,0.038019266
6895,253796,33096,tower ,0.45974332
6896,253796,33096,mosque/outdoor ,0.20361257
6897,253796,33096,industrial_area ,0.097524405
6898,253796,33096,skyscraper ,0.058800187
6899,253796,33096,lighthouse ,0.039320383
6900,253796,33120,museum/indoor ,0.3621022
6901,253796,33120,shower ,0.20536831
6902,253796,33120,art_gallery ,0.10422915
6903,253796,33120,clean_room ,0.06706191
6904,253796,33120,chemistry_lab ,0.045837123
6905,253796,33144,museum/indoor ,0.22060777
6906,253796,33144,shower ,0.19483258
6907,253796,33144,locker_room ,0.12988202
6908,253796,33144,clean_room ,0.11267989
6909,253796,33144,chemistry_lab ,0.06525349
6910,253796,33168,shower ,0.68432236
6911,253796,33168,museum/indoor ,0.17053781
6912,253796,33168,clean_room ,0.04551682
6913,253796,33168,art_gallery ,0.02069046
6914,253796,33168,science_museum ,0.011518424
6915,253796,33192,shower ,0.65369886
6916,253796,33192,locker_room ,0.03258704
6917,253796,33192,clean_room ,0.026679052
6918,253796,33192,chemistry_lab ,0.02258957
6919,253796,33192,bathroom ,0.015591321
6920,253796,33216,locker_room ,0.4351538
6921,253796,33216,shower ,0.2216486
6922,253796,33216,clean_room ,0.047084045
6923,253796,33216,corridor ,0.031420164
6924,253796,33216,elevator/door ,0.023925265
6925,253796,33240,shower ,0.14702073
6926,253796,33240,bow_window/indoor ,0.11578847
6927,253796,33240,artists_loft ,0.10305095
6928,253796,33240,locker_room ,0.08037036
6929,253796,33240,reception ,0.037828274
6930,253796,33264,locker_room ,0.7222394
6931,253796,33264,clean_room ,0.047126744
6932,253796,33264,dressing_room ,0.039643843
6933,253796,33264,elevator_lobby ,0.01683518
6934,253796,33264,elevator/door ,0.016662044
6935,253796,33288,museum/indoor ,0.28601673
6936,253796,33288,martial_arts_gym ,0.12560342
6937,253796,33288,clean_room ,0.09761112
6938,253796,33288,art_gallery ,0.088989325
6939,253796,33288,locker_room ,0.070107795
6940,253796,33312,locker_room ,0.19780068
6941,253796,33312,nursery ,0.13326606
6942,253796,33312,museum/indoor ,0.1183857
6943,253796,33312,stage/indoor ,0.0969558
6944,253796,33312,archive ,0.0602618
6945,253796,33336,museum/indoor ,0.1838472
6946,253796,33336,locker_room ,0.130601
6947,253796,33336,stage/indoor ,0.11309411
6948,253796,33336,art_gallery ,0.10695675
6949,253796,33336,classroom ,0.054662507
6950,253796,33360,clean_room ,0.34130025
6951,253796,33360,locker_room ,0.1524389
6952,253796,33360,museum/indoor ,0.12340086
6953,253796,33360,dressing_room ,0.059993617
6954,253796,33360,art_gallery ,0.043049764
6955,253796,33384,clean_room ,0.27319053
6956,253796,33384,museum/indoor ,0.1984613
6957,253796,33384,locker_room ,0.18130437
6958,253796,33384,dressing_room ,0.16018344
6959,253796,33384,stage/indoor ,0.038675845
6960,253796,33408,dressing_room ,0.34110492
6961,253796,33408,clean_room ,0.17619282
6962,253796,33408,locker_room ,0.17128721
6963,253796,33408,clothing_store ,0.093319625
6964,253796,33408,museum/indoor ,0.028922087
6965,253796,33432,museum/indoor ,0.21667776
6966,253796,33432,martial_arts_gym ,0.18603927
6967,253796,33432,art_gallery ,0.12607029
6968,253796,33432,elevator_lobby ,0.0674499
6969,253796,33432,locker_room ,0.06736971
6970,253796,33456,museum/indoor ,0.47866827
6971,253796,33456,art_gallery ,0.1642384
6972,253796,33456,martial_arts_gym ,0.12592043
6973,253796,33456,locker_room ,0.054558057
6974,253796,33456,elevator_lobby ,0.021866044
6975,253796,33480,museum/indoor ,0.3582277
6976,253796,33480,locker_room ,0.17020187
6977,253796,33480,art_gallery ,0.118146166
6978,253796,33480,stage/indoor ,0.077874765
6979,253796,33480,clean_room ,0.05478028
6980,253796,33504,locker_room ,0.2792502
6981,253796,33504,stage/indoor ,0.15653563
6982,253796,33504,museum/indoor ,0.14025067
6983,253796,33504,art_gallery ,0.047707103
6984,253796,33504,dressing_room ,0.04501949
6985,253796,33528,locker_room ,0.540323
6986,253796,33528,museum/indoor ,0.060502518
6987,253796,33528,art_gallery ,0.058007047
6988,253796,33528,stage/indoor ,0.05486369
6989,253796,33528,elevator/door ,0.036813967
6990,253796,33552,museum/indoor ,0.31130847
6991,253796,33552,locker_room ,0.20837392
6992,253796,33552,art_gallery ,0.16198829
6993,253796,33552,stage/indoor ,0.04878455
6994,253796,33552,clean_room ,0.038210668
6995,253796,33576,museum/indoor ,0.69143504
6996,253796,33576,clean_room ,0.13079584
6997,253796,33576,art_gallery ,0.03171336
6998,253796,33576,locker_room ,0.020969346
6999,253796,33576,science_museum ,0.018754793
7000,253796,33600,museum/indoor ,0.3005852
7001,253796,33600,dressing_room ,0.13765693
7002,253796,33600,art_gallery ,0.13277406
7003,253796,33600,clean_room ,0.09706216
7004,253796,33600,locker_room ,0.06964799
7005,253796,33624,clean_room ,0.64731777
7006,253796,33624,archive ,0.061853997
7007,253796,33624,dressing_room ,0.04727401
7008,253796,33624,locker_room ,0.045282274
7009,253796,33624,veterinarians_office ,0.02799536
7010,253796,33648,museum/indoor ,0.48169973
7011,253796,33648,stage/indoor ,0.06977754
7012,253796,33648,art_gallery ,0.06696702
7013,253796,33648,dressing_room ,0.06540475
7014,253796,33648,science_museum ,0.05122014
7015,253796,33672,dressing_room ,0.76230425
7016,253796,33672,elevator/door ,0.04778795
7017,253796,33672,shower ,0.042298026
7018,253796,33672,locker_room ,0.0291748
7019,253796,33672,bathroom ,0.02376026
7020,253796,33696,dressing_room ,0.3929421
7021,253796,33696,closet ,0.083868384
7022,253796,33696,clean_room ,0.0759233
7023,253796,33696,clothing_store ,0.054084007
7024,253796,33696,discotheque ,0.034898948
7025,253796,33720,dressing_room ,0.5314529
7026,253796,33720,closet ,0.07455781
7027,253796,33720,shower ,0.057298552
7028,253796,33720,locker_room ,0.04400163
7029,253796,33720,clothing_store ,0.041793957
7030,253796,33744,dressing_room ,0.44426423
7031,253796,33744,closet ,0.19921586
7032,253796,33744,clothing_store ,0.05772856
7033,253796,33744,shower ,0.055348292
7034,253796,33744,locker_room ,0.038736682
7035,253796,33768,dressing_room ,0.29747802
7036,253796,33768,closet ,0.28369328
7037,253796,33768,clothing_store ,0.06194147
7038,253796,33768,locker_room ,0.032134674
7039,253796,33768,shower ,0.031924095
7040,253796,33792,dressing_room ,0.55986106
7041,253796,33792,closet ,0.18052597
7042,253796,33792,clothing_store ,0.06087835
7043,253796,33792,locker_room ,0.03088883
7044,253796,33792,clean_room ,0.022165054
7045,253796,33816,dressing_room ,0.3681478
7046,253796,33816,closet ,0.23267022
7047,253796,33816,clothing_store ,0.08760315
7048,253796,33816,clean_room ,0.041680418
7049,253796,33816,locker_room ,0.037611585
7050,253796,33840,dressing_room ,0.49308288
7051,253796,33840,closet ,0.19829921
7052,253796,33840,shower ,0.08864816
7053,253796,33840,clothing_store ,0.048569925
7054,253796,33840,locker_room ,0.029806247
7055,253796,33864,dressing_room ,0.620173
7056,253796,33864,closet ,0.07779925
7057,253796,33864,locker_room ,0.057239164
7058,253796,33864,clothing_store ,0.04701213
7059,253796,33864,clean_room ,0.034378152
7060,253796,33888,dressing_room ,0.46280065
7061,253796,33888,closet ,0.21837214
7062,253796,33888,clothing_store ,0.09157001
7063,253796,33888,locker_room ,0.037436087
7064,253796,33888,shower ,0.024351008
7065,253796,33912,dressing_room ,0.5062382
7066,253796,33912,closet ,0.16937234
7067,253796,33912,clothing_store ,0.0874488
7068,253796,33912,clean_room ,0.037988745
7069,253796,33912,locker_room ,0.03129763
7070,253796,33936,dressing_room ,0.3956351
7071,253796,33936,closet ,0.25756916
7072,253796,33936,clothing_store ,0.09553419
7073,253796,33936,clean_room ,0.03327758
7074,253796,33936,art_gallery ,0.023315294
7075,253796,33960,dressing_room ,0.5114024
7076,253796,33960,closet ,0.14151299
7077,253796,33960,clothing_store ,0.06866237
7078,253796,33960,clean_room ,0.051780067
7079,253796,33960,locker_room ,0.028260926
7080,253796,33984,dressing_room ,0.55777276
7081,253796,33984,closet ,0.14488767
7082,253796,33984,clothing_store ,0.071529135
7083,253796,33984,clean_room ,0.036719684
7084,253796,33984,locker_room ,0.035045788
7085,253796,34008,dressing_room ,0.60264796
7086,253796,34008,closet ,0.14253198
7087,253796,34008,clothing_store ,0.095255226
7088,253796,34008,locker_room ,0.024508668
7089,253796,34008,shower ,0.019335901
7090,253796,34032,dressing_room ,0.29414827
7091,253796,34032,locker_room ,0.22266835
7092,253796,34032,closet ,0.16999044
7093,253796,34032,clothing_store ,0.048828922
7094,253796,34032,archive ,0.036316454
7095,253796,34056,locker_room ,0.16637574
7096,253796,34056,shower ,0.14554764
7097,253796,34056,elevator/door ,0.07890884
7098,253796,34056,clean_room ,0.06873906
7099,253796,34056,jail_cell ,0.06364894
7100,253796,34080,museum/indoor ,0.12916973
7101,253796,34080,locker_room ,0.12359456
7102,253796,34080,bow_window/indoor ,0.07980666
7103,253796,34080,elevator/door ,0.075155586
7104,253796,34080,church/indoor ,0.061430562
7105,253796,34104,museum/indoor ,0.2818386
7106,253796,34104,bow_window/indoor ,0.08666829
7107,253796,34104,art_gallery ,0.085371345
7108,253796,34104,artists_loft ,0.054921016
7109,253796,34104,church/indoor ,0.05394462
7110,253796,34128,museum/indoor ,0.57333165
7111,253796,34128,art_studio ,0.07303466
7112,253796,34128,art_gallery ,0.06296146
7113,253796,34128,nursery ,0.044361386
7114,253796,34128,bow_window/indoor ,0.03179805
7115,253796,34152,museum/indoor ,0.34810102
7116,253796,34152,clean_room ,0.08971848
7117,253796,34152,art_gallery ,0.061341725
7118,253796,34152,archive ,0.05920172
7119,253796,34152,bow_window/indoor ,0.055687692
7120,253796,34176,clean_room ,0.21580684
7121,253796,34176,locker_room ,0.11267549
7122,253796,34176,bow_window/indoor ,0.10471003
7123,253796,34176,museum/indoor ,0.06626583
7124,253796,34176,nursery ,0.047922146
7125,253796,34200,locker_room ,0.26966104
7126,253796,34200,jail_cell ,0.12269594
7127,253796,34200,clean_room ,0.09267
7128,253796,34200,museum/indoor ,0.063805416
7129,253796,34200,bow_window/indoor ,0.051648494
7130,253796,34224,jail_cell ,0.21913376
7131,253796,34224,church/indoor ,0.08086417
7132,253796,34224,art_gallery ,0.060796462
7133,253796,34224,locker_room ,0.052970376
7134,253796,34224,clean_room ,0.046511956
7135,253796,34248,locker_room ,0.3352052
7136,253796,34248,jail_cell ,0.17695932
7137,253796,34248,clean_room ,0.08471598
7138,253796,34248,classroom ,0.062001843
7139,253796,34248,archive ,0.03686974
7140,253796,34272,dressing_room ,0.3773171
7141,253796,34272,clean_room ,0.19216067
7142,253796,34272,locker_room ,0.14359033
7143,253796,34272,nursery ,0.040495295
7144,253796,34272,jail_cell ,0.030173348
7145,253796,34296,clean_room ,0.49550632
7146,253796,34296,dressing_room ,0.24252424
7147,253796,34296,hospital_room ,0.03202454
7148,253796,34296,locker_room ,0.030328598
7149,253796,34296,museum/indoor ,0.025909368
7150,253796,34320,locker_room ,0.353371
7151,253796,34320,dressing_room ,0.2653106
7152,253796,34320,clean_room ,0.17652018
7153,253796,34320,hospital_room ,0.0265478
7154,253796,34320,clothing_store ,0.02354295
7155,253796,34344,dressing_room ,0.2797452
7156,253796,34344,clean_room ,0.24510099
7157,253796,34344,locker_room ,0.14830203
7158,253796,34344,ballroom ,0.03945126
7159,253796,34344,museum/indoor ,0.02750143
7160,253796,34368,dressing_room ,0.39460194
7161,253796,34368,locker_room ,0.17363685
7162,253796,34368,museum/indoor ,0.111146554
7163,253796,34368,classroom ,0.06260579
7164,253796,34368,nursery ,0.04042581
7165,253796,34392,dressing_room ,0.7151255
7166,253796,34392,museum/indoor ,0.040649377
7167,253796,34392,art_studio ,0.038914695
7168,253796,34392,locker_room ,0.03732951
7169,253796,34392,art_gallery ,0.033194747
7170,253796,34416,dressing_room ,0.8607097
7171,253796,34416,locker_room ,0.057374924
7172,253796,34416,museum/indoor ,0.018154308
7173,253796,34416,closet ,0.014205136
7174,253796,34416,clothing_store ,0.006694621
7175,253796,34440,dressing_room ,0.33519545
7176,253796,34440,museum/indoor ,0.2809922
7177,253796,34440,art_gallery ,0.18119016
7178,253796,34440,art_studio ,0.058260232
7179,253796,34440,clean_room ,0.027809184
7180,253796,34464,discotheque ,0.29495776
7181,253796,34464,dressing_room ,0.27809554
7182,253796,34464,stage/indoor ,0.09639822
7183,253796,34464,art_gallery ,0.06402727
7184,253796,34464,clean_room ,0.038877282
7185,253796,34488,dressing_room ,0.58266234
7186,253796,34488,art_gallery ,0.08701018
7187,253796,34488,locker_room ,0.06900206
7188,253796,34488,art_studio ,0.041521978
7189,253796,34488,basement ,0.03385591
7190,253796,34512,corridor ,0.17115068
7191,253796,34512,museum/indoor ,0.13444857
7192,253796,34512,art_gallery ,0.13075034
7193,253796,34512,art_studio ,0.08483408
7194,253796,34512,dressing_room ,0.07839183
7195,253796,34536,museum/indoor ,0.32089096
7196,253796,34536,art_gallery ,0.22013114
7197,253796,34536,natural_history_museum ,0.07824542
7198,253796,34536,archive ,0.07671394
7199,253796,34536,science_museum ,0.06994809
7200,253796,34560,dressing_room ,0.124739386
7201,253796,34560,locker_room ,0.11279979
7202,253796,34560,closet ,0.0776785
7203,253796,34560,art_gallery ,0.076596394
7204,253796,34560,museum/indoor ,0.076026306
7205,253796,34584,bowling_alley ,0.2689116
7206,253796,34584,closet ,0.1464559
7207,253796,34584,dressing_room ,0.1276508
7208,253796,34584,locker_room ,0.11957379
7209,253796,34584,museum/indoor ,0.045994006
7210,253796,34608,clean_room ,0.20040867
7211,253796,34608,art_gallery ,0.082182154
7212,253796,34608,chemistry_lab ,0.0677956
7213,253796,34608,locker_room ,0.0652324
7214,253796,34608,jail_cell ,0.05120292
7215,253796,34632,shower ,0.48706657
7216,253796,34632,bathroom ,0.10652527
7217,253796,34632,dressing_room ,0.091003515
7218,253796,34632,airport_terminal ,0.04725831
7219,253796,34632,museum/indoor ,0.04185341
7220,253796,34656,museum/indoor ,0.5977304
7221,253796,34656,art_gallery ,0.10136401
7222,253796,34656,alcove ,0.080498375
7223,253796,34656,bow_window/indoor ,0.07898446
7224,253796,34656,artists_loft ,0.028930854
7225,253796,34680,bow_window/indoor ,0.18732208
7226,253796,34680,museum/indoor ,0.16328911
7227,253796,34680,art_gallery ,0.12337304
7228,253796,34680,shower ,0.09579833
7229,253796,34680,alcove ,0.066918045
7230,253796,34704,museum/indoor ,0.20048882
7231,253796,34704,art_gallery ,0.15224439
7232,253796,34704,shower ,0.11089687
7233,253796,34704,clean_room ,0.07448161
7234,253796,34704,science_museum ,0.0665524
7235,253796,34728,shower ,0.28115866
7236,253796,34728,elevator/door ,0.27309808
7237,253796,34728,closet ,0.13884343
7238,253796,34728,locker_room ,0.08569083
7239,253796,34728,elevator_lobby ,0.049426097
7240,253796,34752,basement ,0.17088243
7241,253796,34752,locker_room ,0.13989346
7242,253796,34752,dressing_room ,0.120531775
7243,253796,34752,closet ,0.06936845
7244,253796,34752,clean_room ,0.06708539
7245,253796,34776,dressing_room ,0.15038295
7246,253796,34776,art_gallery ,0.1490518
7247,253796,34776,basement ,0.11631471
7248,253796,34776,art_studio ,0.08175142
7249,253796,34776,artists_loft ,0.06286147
7250,253796,34800,jail_cell ,0.21391037
7251,253796,34800,martial_arts_gym ,0.13039392
7252,253796,34800,clean_room ,0.0881942
7253,253796,34800,locker_room ,0.062180676
7254,253796,34800,stable ,0.045155425
7255,253796,34824,jail_cell ,0.16018735
7256,253796,34824,aquarium ,0.14398505
7257,253796,34824,bank_vault ,0.114841536
7258,253796,34824,locker_room ,0.057678033
7259,253796,34824,elevator/door ,0.056011956
7260,253796,34848,art_gallery ,0.29734436
7261,253796,34848,museum/indoor ,0.13650194
7262,253796,34848,elevator/door ,0.086120516
7263,253796,34848,natural_history_museum ,0.08282326
7264,253796,34848,basement ,0.054026578
7265,253796,34872,clean_room ,0.46026856
7266,253796,34872,martial_arts_gym ,0.11179439
7267,253796,34872,art_gallery ,0.08067544
7268,253796,34872,locker_room ,0.07796472
7269,253796,34872,elevator/door ,0.055222243
7270,253796,34896,dressing_room ,0.31304854
7271,253796,34896,art_gallery ,0.09297245
7272,253796,34896,clean_room ,0.08961455
7273,253796,34896,basement ,0.051090613
7274,253796,34896,art_studio ,0.040826328
7275,253796,34920,elevator/door ,0.41028592
7276,253796,34920,locker_room ,0.26872614
7277,253796,34920,elevator_lobby ,0.1084604
7278,253796,34920,jail_cell ,0.042056747
7279,253796,34920,corridor ,0.025026897
7280,253796,34944,elevator/door ,0.25411212
7281,253796,34944,locker_room ,0.2130025
7282,253796,34944,jail_cell ,0.12836847
7283,253796,34944,basement ,0.08325459
7284,253796,34944,closet ,0.054293208
7285,253796,34968,bow_window/indoor ,0.21185718
7286,253796,34968,shower ,0.20172298
7287,253796,34968,elevator/door ,0.13751473
7288,253796,34968,art_gallery ,0.054064266
7289,253796,34968,museum/indoor ,0.036436006
7290,253796,34992,shower ,0.7887405
7291,253796,34992,elevator/door ,0.037627593
7292,253796,34992,bathroom ,0.030798558
7293,253796,34992,bank_vault ,0.019667156
7294,253796,34992,bow_window/indoor ,0.017447349
7295,253796,35016,closet ,0.56327736
7296,253796,35016,elevator/door ,0.10014101
7297,253796,35016,shower ,0.08192425
7298,253796,35016,bow_window/indoor ,0.034000114
7299,253796,35016,alcove ,0.02474462
7300,253796,35040,closet ,0.2718377
7301,253796,35040,shower ,0.16235498
7302,253796,35040,elevator/door ,0.1354904
7303,253796,35040,locker_room ,0.09053495
7304,253796,35040,basement ,0.08789253
7305,253796,35064,shower ,0.28656062
7306,253796,35064,closet ,0.22533257
7307,253796,35064,locker_room ,0.109875835
7308,253796,35064,elevator/door ,0.09816976
7309,253796,35064,jail_cell ,0.07779425
7310,253796,35088,shower ,0.4088049
7311,253796,35088,closet ,0.2641596
7312,253796,35088,locker_room ,0.069185585
7313,253796,35088,elevator/door ,0.05853774
7314,253796,35088,basement ,0.03975193
7315,253796,35112,closet ,0.35265988
7316,253796,35112,basement ,0.16063623
7317,253796,35112,utility_room ,0.12474812
7318,253796,35112,locker_room ,0.07717473
7319,253796,35112,elevator/door ,0.05919509
7320,253796,35136,clean_room ,0.3408947
7321,253796,35136,art_gallery ,0.098567374
7322,253796,35136,stage/indoor ,0.08980634
7323,253796,35136,museum/indoor ,0.064000376
7324,253796,35136,art_studio ,0.039038714
7325,253796,35160,clean_room ,0.20196855
7326,253796,35160,museum/indoor ,0.18267144
7327,253796,35160,ice_shelf ,0.11236613
7328,253796,35160,art_gallery ,0.09097816
7329,253796,35160,iceberg ,0.07552273
7330,253796,35184,clean_room ,0.25154394
7331,253796,35184,museum/indoor ,0.1654972
7332,253796,35184,ice_shelf ,0.11412034
7333,253796,35184,art_gallery ,0.0677187
7334,253796,35184,iceberg ,0.05075798
7335,253796,35208,clean_room ,0.4061492
7336,253796,35208,museum/indoor ,0.34467003
7337,253796,35208,art_gallery ,0.08313965
7338,253796,35208,art_studio ,0.01932958
7339,253796,35208,natural_history_museum ,0.013898569
7340,253796,35232,clean_room ,0.47908622
7341,253796,35232,museum/indoor ,0.29326954
7342,253796,35232,art_gallery ,0.07645426
7343,253796,35232,natural_history_museum ,0.030197684
7344,253796,35232,art_studio ,0.018908512
7345,253796,35256,museum/indoor ,0.75015485
7346,253796,35256,art_gallery ,0.11786109
7347,253796,35256,natural_history_museum ,0.040703513
7348,253796,35256,clean_room ,0.0185466
7349,253796,35256,science_museum ,0.01277202
7350,253796,35280,museum/indoor ,0.6903857
7351,253796,35280,art_gallery ,0.111435674
7352,253796,35280,clean_room ,0.10741014
7353,253796,35280,art_studio ,0.017959815
7354,253796,35280,dressing_room ,0.013078161
7355,253796,35304,museum/indoor ,0.7397155
7356,253796,35304,bow_window/indoor ,0.09631351
7357,253796,35304,archive ,0.059931155
7358,253796,35304,clean_room ,0.033337347
7359,253796,35304,art_gallery ,0.026130848
7360,253796,35328,museum/indoor ,0.40720508
7361,253796,35328,bow_window/indoor ,0.35639036
7362,253796,35328,archive ,0.07363767
7363,253796,35328,clean_room ,0.062444426
7364,253796,35328,art_gallery ,0.012697162
7365,253796,35352,museum/indoor ,0.9390515
7366,253796,35352,clean_room ,0.018079055
7367,253796,35352,dressing_room ,0.013025917
7368,253796,35352,art_gallery ,0.010084135
7369,253796,35352,veterinarians_office ,0.0033374515
7370,253796,35376,clean_room ,0.63250506
7371,253796,35376,museum/indoor ,0.1678014
7372,253796,35376,stage/indoor ,0.029705888
7373,253796,35376,operating_room ,0.026880464
7374,253796,35376,dressing_room ,0.021676298
7375,253796,35400,museum/indoor ,0.62209505
7376,253796,35400,clean_room ,0.23361112
7377,253796,35400,dressing_room ,0.034130722
7378,253796,35400,art_gallery ,0.02175607
7379,253796,35400,nursing_home ,0.009957303
7380,253796,35424,museum/indoor ,0.6634913
7381,253796,35424,clean_room ,0.2200994
7382,253796,35424,dressing_room ,0.032163702
7383,253796,35424,stage/indoor ,0.012397634
7384,253796,35424,art_gallery ,0.0118148085
7385,253796,35448,museum/indoor ,0.61009115
7386,253796,35448,clean_room ,0.26652122
7387,253796,35448,stage/indoor ,0.023676362
7388,253796,35448,operating_room ,0.009995183
7389,253796,35448,art_gallery ,0.009879155
7390,253796,35472,museum/indoor ,0.7687445
7391,253796,35472,clean_room ,0.09818688
7392,253796,35472,dressing_room ,0.051765475
7393,253796,35472,nursing_home ,0.012911481
7394,253796,35472,art_gallery ,0.011036958
7395,253796,35496,museum/indoor ,0.71508527
7396,253796,35496,clean_room ,0.2202247
7397,253796,35496,art_gallery ,0.016397573
7398,253796,35496,martial_arts_gym ,0.008307991
7399,253796,35496,operating_room ,0.0062576183
7400,253796,35520,museum/indoor ,0.8306735
7401,253796,35520,clean_room ,0.10607644
7402,253796,35520,stage/indoor ,0.020949733
7403,253796,35520,dressing_room ,0.008444587
7404,253796,35520,art_gallery ,0.0041315225
7405,253796,35544,museum/indoor ,0.9484778
7406,253796,35544,stage/indoor ,0.016279947
7407,253796,35544,art_gallery ,0.0070580663
7408,253796,35544,clean_room ,0.0064240866
7409,253796,35544,ballroom ,0.004150236
7410,253796,35568,museum/indoor ,0.80613786
7411,253796,35568,art_gallery ,0.057842333
7412,253796,35568,clean_room ,0.027454298
7413,253796,35568,natural_history_museum ,0.027149042
7414,253796,35568,stage/indoor ,0.017741943
7415,253796,35592,museum/indoor ,0.6726684
7416,253796,35592,clean_room ,0.09856069
7417,253796,35592,art_gallery ,0.07822883
7418,253796,35592,chemistry_lab ,0.026928656
7419,253796,35592,natural_history_museum ,0.022177164
7420,253796,35616,museum/indoor ,0.5337822
7421,253796,35616,clean_room ,0.11950214
7422,253796,35616,art_gallery ,0.09803531
7423,253796,35616,ice_shelf ,0.038940154
7424,253796,35616,iceberg ,0.023857262
7425,253796,35640,museum/indoor ,0.17938927
7426,253796,35640,corridor ,0.096593276
7427,253796,35640,ice_floe ,0.067307524
7428,253796,35640,ice_shelf ,0.057773355
7429,253796,35640,artists_loft ,0.04566911
7430,253796,35664,museum/indoor ,0.23621546
7431,253796,35664,clean_room ,0.19775446
7432,253796,35664,corridor ,0.05342383
7433,253796,35664,artists_loft ,0.040927988
7434,253796,35664,art_gallery ,0.032879446
7435,253796,35688,clean_room ,0.49996996
7436,253796,35688,museum/indoor ,0.22623202
7437,253796,35688,art_gallery ,0.069450736
7438,253796,35688,artists_loft ,0.05405165
7439,253796,35688,clothing_store ,0.015247835
7440,253796,35712,clean_room ,0.8446717
7441,253796,35712,operating_room ,0.05748332
7442,253796,35712,hospital_room ,0.0334524
7443,253796,35712,dressing_room ,0.008915965
7444,253796,35712,clothing_store ,0.008760241
7445,253796,35736,dressing_room ,0.40370858
7446,253796,35736,clean_room ,0.2977504
7447,253796,35736,clothing_store ,0.08634024
7448,253796,35736,museum/indoor ,0.06885128
7449,253796,35736,ballroom ,0.035490714
7450,253796,35760,museum/indoor ,0.40328756
7451,253796,35760,art_gallery ,0.20736887
7452,253796,35760,clean_room ,0.16059656
7453,253796,35760,art_studio ,0.05353824
7454,253796,35760,clothing_store ,0.052935343
7455,253796,35784,clean_room ,0.6633701
7456,253796,35784,museum/indoor ,0.13231793
7457,253796,35784,dressing_room ,0.058864187
7458,253796,35784,clothing_store ,0.040257633
7459,253796,35784,art_gallery ,0.03927278
7460,253796,35808,clean_room ,0.31229997
7461,253796,35808,museum/indoor ,0.15099292
7462,253796,35808,clothing_store ,0.117103435
7463,253796,35808,dressing_room ,0.10862312
7464,253796,35808,art_gallery ,0.107605465
7465,253796,35832,museum/indoor ,0.6355025
7466,253796,35832,art_gallery ,0.17318799
7467,253796,35832,clean_room ,0.073826134
7468,253796,35832,artists_loft ,0.051078744
7469,253796,35832,clothing_store ,0.024834013
7470,253796,35856,museum/indoor ,0.23999375
7471,253796,35856,dressing_room ,0.17649867
7472,253796,35856,artists_loft ,0.16002832
7473,253796,35856,art_gallery ,0.13735351
7474,253796,35856,clean_room ,0.095413856
7475,253796,35880,clean_room ,0.53553325
7476,253796,35880,dressing_room ,0.19340022
7477,253796,35880,museum/indoor ,0.096024886
7478,253796,35880,artists_loft ,0.04722111
7479,253796,35880,art_gallery ,0.038227875
7480,253796,35904,art_gallery ,0.2821948
7481,253796,35904,artists_loft ,0.22506513
7482,253796,35904,museum/indoor ,0.12200283
7483,253796,35904,art_studio ,0.11105984
7484,253796,35904,clean_room ,0.043836612
7485,253796,35928,dressing_room ,0.73072386
7486,253796,35928,discotheque ,0.081240095
7487,253796,35928,shower ,0.06235991
7488,253796,35928,museum/indoor ,0.05404124
7489,253796,35928,art_gallery ,0.021709224
7490,253796,35952,dressing_room ,0.97912794
7491,253796,35952,stage/indoor ,0.0049621584
7492,253796,35952,museum/indoor ,0.0039193155
7493,253796,35952,discotheque ,0.0030246896
7494,253796,35952,clean_room ,0.0014232151
7495,253796,35976,museum/indoor ,0.4577933
7496,253796,35976,dressing_room ,0.26375896
7497,253796,35976,clean_room ,0.0877197
7498,253796,35976,art_gallery ,0.052882098
7499,253796,35976,art_studio ,0.034060284
7500,253796,36000,dressing_room ,0.93397605
7501,253796,36000,stage/indoor ,0.014869119
7502,253796,36000,museum/indoor ,0.011161856
7503,253796,36000,clean_room ,0.009434159
7504,253796,36000,music_studio ,0.006155591
7505,253796,36024,dressing_room ,0.82261044
7506,253796,36024,museum/indoor ,0.065602705
7507,253796,36024,clean_room ,0.025976269
7508,253796,36024,stage/indoor ,0.01680231
7509,253796,36024,discotheque ,0.008410233
7510,253796,36048,dressing_room ,0.60166
7511,253796,36048,clean_room ,0.11406937
7512,253796,36048,stage/indoor ,0.050269347
7513,253796,36048,nursing_home ,0.044526875
7514,253796,36048,museum/indoor ,0.043821543
7515,253796,36072,dressing_room ,0.83825636
7516,253796,36072,museum/indoor ,0.023878515
7517,253796,36072,stage/indoor ,0.018670905
7518,253796,36072,clean_room ,0.016621996
7519,253796,36072,music_studio ,0.012157943
7520,253796,36096,dressing_room ,0.81175876
7521,253796,36096,discotheque ,0.04839397
7522,253796,36096,clean_room ,0.03516196
7523,253796,36096,stage/indoor ,0.012961616
7524,253796,36096,music_studio ,0.007666712
7525,253796,36120,dressing_room ,0.85195136
7526,253796,36120,stage/indoor ,0.028084876
7527,253796,36120,museum/indoor ,0.02277523
7528,253796,36120,clean_room ,0.018630646
7529,253796,36120,discotheque ,0.012961971
7530,253796,36144,dressing_room ,0.90132904
7531,253796,36144,clean_room ,0.056690216
7532,253796,36144,nursing_home ,0.00469493
7533,253796,36144,chemistry_lab ,0.003935527
7534,253796,36144,locker_room ,0.0034550927
7535,253796,36168,dressing_room ,0.90111697
7536,253796,36168,clean_room ,0.034345265
7537,253796,36168,beauty_salon ,0.008186262
7538,253796,36168,discotheque ,0.0074182698
7539,253796,36168,museum/indoor ,0.0057071494
7540,253796,36192,dressing_room ,0.64684594
7541,253796,36192,clean_room ,0.2120913
7542,253796,36192,museum/indoor ,0.06274521
7543,253796,36192,locker_room ,0.007767935
7544,253796,36192,clothing_store ,0.0071102143
7545,253796,36216,dressing_room ,0.8277142
7546,253796,36216,clean_room ,0.0409902
7547,253796,36216,locker_room ,0.02353959
7548,253796,36216,museum/indoor ,0.018719511
7549,253796,36216,archive ,0.01515611
7550,253796,36240,dressing_room ,0.91171503
7551,253796,36240,clean_room ,0.011583878
7552,253796,36240,discotheque ,0.007992628
7553,253796,36240,classroom ,0.0064967894
7554,253796,36240,stage/indoor ,0.0057671773
7555,253796,36264,dressing_room ,0.9739078
7556,253796,36264,locker_room ,0.0037244845
7557,253796,36264,clean_room ,0.002867571
7558,253796,36264,archive ,0.0022502544
7559,253796,36264,classroom ,0.0019023188
7560,253796,36288,dressing_room ,0.97533107
7561,253796,36288,locker_room ,0.0042607146
7562,253796,36288,clean_room ,0.003931658
7563,253796,36288,archive ,0.0018666462
7564,253796,36288,discotheque ,0.0015394846
7565,253796,36312,dressing_room ,0.98030406
7566,253796,36312,clean_room ,0.0030324499
7567,253796,36312,locker_room ,0.0021012218
7568,253796,36312,discotheque ,0.0019817012
7569,253796,36312,stage/indoor ,0.0011975918
7570,253796,36336,dressing_room ,0.9814797
7571,253796,36336,locker_room ,0.0035157104
7572,253796,36336,clean_room ,0.0019843257
7573,253796,36336,archive ,0.0019074887
7574,253796,36336,classroom ,0.0014368686
7575,253796,36360,dressing_room ,0.9120185
7576,253796,36360,clean_room ,0.013567228
7577,253796,36360,classroom ,0.0129596125
7578,253796,36360,discotheque ,0.007011539
7579,253796,36360,locker_room ,0.006863914
7580,253796,36384,dressing_room ,0.9556524
7581,253796,36384,locker_room ,0.006691288
7582,253796,36384,classroom ,0.0051545613
7583,253796,36384,discotheque ,0.0044211196
7584,253796,36384,clean_room ,0.0040204567
7585,253796,36408,dressing_room ,0.98491967
7586,253796,36408,locker_room ,0.0026444944
7587,253796,36408,discotheque ,0.0025524085
7588,253796,36408,clean_room ,0.0021444666
7589,253796,36408,beauty_salon ,0.0008813279
7590,253796,36432,dressing_room ,0.93587554
7591,253796,36432,discotheque ,0.032501906
7592,253796,36432,locker_room ,0.0047708983
7593,253796,36432,clean_room ,0.004009859
7594,253796,36432,stage/indoor ,0.0037987258
7595,253796,36456,dressing_room ,0.98306745
7596,253796,36456,clean_room ,0.0045905747
7597,253796,36456,museum/indoor ,0.003915402
7598,253796,36456,locker_room ,0.0016625627
7599,253796,36456,discotheque ,0.0010437842
7600,253796,36480,dressing_room ,0.98246425
7601,253796,36480,discotheque ,0.003304463
7602,253796,36480,locker_room ,0.0022832293
7603,253796,36480,clean_room ,0.0018423971
7604,253796,36480,stage/indoor ,0.0012642135
7605,253796,36504,dressing_room ,0.9737507
7606,253796,36504,clean_room ,0.0048204106
7607,253796,36504,locker_room ,0.0034994695
7608,253796,36504,discotheque ,0.0020557395
7609,253796,36504,stage/indoor ,0.0019975882
7610,253796,36528,dressing_room ,0.43708363
7611,253796,36528,museum/indoor ,0.18266095
7612,253796,36528,stage/indoor ,0.062235277
7613,253796,36528,ballroom ,0.041754328
7614,253796,36528,clean_room ,0.029853223
7615,253796,36552,shower ,0.65080774
7616,253796,36552,clean_room ,0.11485172
7617,253796,36552,museum/indoor ,0.07486069
7618,253796,36552,art_gallery ,0.029856253
7619,253796,36552,natural_history_museum ,0.022473644
7620,253796,36576,clean_room ,0.8870869
7621,253796,36576,dressing_room ,0.027521545
7622,253796,36576,museum/indoor ,0.024706861
7623,253796,36576,art_gallery ,0.011933963
7624,253796,36576,clothing_store ,0.010809429
7625,253796,36600,clean_room ,0.4113204
7626,253796,36600,dressing_room ,0.22462621
7627,253796,36600,museum/indoor ,0.13641639
7628,253796,36600,art_gallery ,0.07081314
7629,253796,36600,bow_window/indoor ,0.014285812
7630,253796,36624,clean_room ,0.54015595
7631,253796,36624,museum/indoor ,0.31802985
7632,253796,36624,art_gallery ,0.06629995
7633,253796,36624,clothing_store ,0.019889854
7634,253796,36624,science_museum ,0.009089727
7635,253796,36648,clean_room ,0.5742772
7636,253796,36648,museum/indoor ,0.13409111
7637,253796,36648,archive ,0.042152658
7638,253796,36648,nursery ,0.038498618
7639,253796,36648,martial_arts_gym ,0.034321576
7640,253796,36672,museum/indoor ,0.7368874
7641,253796,36672,martial_arts_gym ,0.11115843
7642,253796,36672,art_gallery ,0.07169567
7643,253796,36672,artists_loft ,0.03428693
7644,253796,36672,art_studio ,0.006983992
7645,253796,36696,museum/indoor ,0.26996878
7646,253796,36696,shower ,0.22128424
7647,253796,36696,art_gallery ,0.102943346
7648,253796,36696,dressing_room ,0.08140666
7649,253796,36696,stage/indoor ,0.057820678
7650,253796,36720,bow_window/indoor ,0.27983904
7651,253796,36720,museum/indoor ,0.2656481
7652,253796,36720,clean_room ,0.1388
7653,253796,36720,art_gallery ,0.12061177
7654,253796,36720,artists_loft ,0.051091917
7655,253796,36744,bow_window/indoor ,0.56990975
7656,253796,36744,museum/indoor ,0.10527401
7657,253796,36744,dressing_room ,0.07428201
7658,253796,36744,alcove ,0.062848136
7659,253796,36744,archive ,0.03885511
7660,253796,36768,closet ,0.5994608
7661,253796,36768,bow_window/indoor ,0.06420866
7662,253796,36768,elevator/door ,0.043598533
7663,253796,36768,clean_room ,0.026570523
7664,253796,36768,shower ,0.023666445
7665,253796,36792,clean_room ,0.4243104
7666,253796,36792,clothing_store ,0.23915422
7667,253796,36792,museum/indoor ,0.13401103
7668,253796,36792,science_museum ,0.03397837
7669,253796,36792,elevator/door ,0.03328191
7670,253796,36816,bow_window/indoor ,0.9302522
7671,253796,36816,museum/indoor ,0.026686188
7672,253796,36816,barndoor ,0.013717995
7673,253796,36816,artists_loft ,0.0050281784
7674,253796,36816,art_gallery ,0.0048497715
7675,253796,36840,dressing_room ,0.6887259
7676,253796,36840,locker_room ,0.21061295
7677,253796,36840,clean_room ,0.045112964
7678,253796,36840,shower ,0.01643847
7679,253796,36840,beauty_salon ,0.004614125
7680,253796,36864,dressing_room ,0.66879916
7681,253796,36864,locker_room ,0.19800667
7682,253796,36864,closet ,0.060017783
7683,253796,36864,clothing_store ,0.027422959
7684,253796,36864,museum/indoor ,0.0062790182
7685,253796,36888,dressing_room ,0.46730036
7686,253796,36888,locker_room ,0.20296231
7687,253796,36888,elevator/door ,0.073005766
7688,253796,36888,closet ,0.071024224
7689,253796,36888,clean_room ,0.053382978
7690,253796,36912,dressing_room ,0.5879964
7691,253796,36912,locker_room ,0.240748
7692,253796,36912,closet ,0.041067734
7693,253796,36912,clean_room ,0.03641048
7694,253796,36912,clothing_store ,0.015548714
7695,253796,36936,dressing_room ,0.7449863
7696,253796,36936,locker_room ,0.14715075
7697,253796,36936,clean_room ,0.026983866
7698,253796,36936,museum/indoor ,0.020875312
7699,253796,36936,closet ,0.0086711
7700,253796,36960,dressing_room ,0.6941043
7701,253796,36960,locker_room ,0.10689948
7702,253796,36960,museum/indoor ,0.056065753
7703,253796,36960,art_gallery ,0.03771331
7704,253796,36960,clothing_store ,0.019930592
7705,253796,36984,dressing_room ,0.8406144
7706,253796,36984,locker_room ,0.04520286
7707,253796,36984,museum/indoor ,0.024303647
7708,253796,36984,clean_room ,0.022871785
7709,253796,36984,art_gallery ,0.013160504
7710,253796,37008,archive ,0.38178194
7711,253796,37008,clean_room ,0.17747432
7712,253796,37008,jail_cell ,0.17206882
7713,253796,37008,bow_window/indoor ,0.114813335
7714,253796,37008,locker_room ,0.031048138
7715,253796,37032,archive ,0.49022892
7716,253796,37032,museum/indoor ,0.10421472
7717,253796,37032,jail_cell ,0.09049024
7718,253796,37032,clean_room ,0.08300565
7719,253796,37032,locker_room ,0.04538066
7720,253796,37056,archive ,0.7678332
7721,253796,37056,museum/indoor ,0.062856324
7722,253796,37056,jail_cell ,0.037724823
7723,253796,37056,bow_window/indoor ,0.023044871
7724,253796,37056,clean_room ,0.020343274
7725,253796,37080,archive ,0.72339195
7726,253796,37080,museum/indoor ,0.090162516
7727,253796,37080,jail_cell ,0.026772205
7728,253796,37080,clean_room ,0.023749823
7729,253796,37080,bow_window/indoor ,0.020321297
7730,253796,37104,archive ,0.52783287
7731,253796,37104,museum/indoor ,0.13038677
7732,253796,37104,clean_room ,0.08021842
7733,253796,37104,jail_cell ,0.044300437
7734,253796,37104,bow_window/indoor ,0.038490392
7735,253796,37128,archive ,0.752132
7736,253796,37128,museum/indoor ,0.08485283
7737,253796,37128,bow_window/indoor ,0.025893785
7738,253796,37128,jail_cell ,0.02303779
7739,253796,37128,clean_room ,0.020663824
7740,253796,37152,archive ,0.72817624
7741,253796,37152,museum/indoor ,0.054041184
7742,253796,37152,jail_cell ,0.05216575
7743,253796,37152,clean_room ,0.036062174
7744,253796,37152,locker_room ,0.021877153
7745,253796,37176,archive ,0.5689571
7746,253796,37176,clean_room ,0.12573275
7747,253796,37176,museum/indoor ,0.058955837
7748,253796,37176,locker_room ,0.051763263
7749,253796,37176,jail_cell ,0.04820364
7750,253796,37200,archive ,0.5959933
7751,253796,37200,museum/indoor ,0.16031061
7752,253796,37200,clean_room ,0.04105406
7753,253796,37200,art_gallery ,0.03593648
7754,253796,37200,nursery ,0.019819094
7755,253796,37224,archive ,0.35990295
7756,253796,37224,museum/indoor ,0.3256144
7757,253796,37224,art_gallery ,0.06353519
7758,253796,37224,art_studio ,0.039860293
7759,253796,37224,bow_window/indoor ,0.031667184
7760,253796,37248,archive ,0.36043802
7761,253796,37248,museum/indoor ,0.23014832
7762,253796,37248,clean_room ,0.10321188
7763,253796,37248,dressing_room ,0.065480515
7764,253796,37248,nursery ,0.042124223
7765,253796,37272,archive ,0.6358239
7766,253796,37272,museum/indoor ,0.076689765
7767,253796,37272,bow_window/indoor ,0.064219736
7768,253796,37272,jail_cell ,0.049523845
7769,253796,37272,nursery ,0.030793311
7770,253796,37296,archive ,0.4033475
7771,253796,37296,nursery ,0.101812445
7772,253796,37296,bow_window/indoor ,0.09716235
7773,253796,37296,museum/indoor ,0.09078552
7774,253796,37296,clean_room ,0.042518895
7775,253796,37320,archive ,0.6475672
7776,253796,37320,bow_window/indoor ,0.0893817
7777,253796,37320,jail_cell ,0.059413824
7778,253796,37320,museum/indoor ,0.03646156
7779,253796,37320,clean_room ,0.03456219
7780,253796,37344,archive ,0.60506636
7781,253796,37344,museum/indoor ,0.13344558
7782,253796,37344,bow_window/indoor ,0.0641486
7783,253796,37344,nursery ,0.028774546
7784,253796,37344,clean_room ,0.027759729
7785,253796,37368,archive ,0.91043305
7786,253796,37368,museum/indoor ,0.027659532
7787,253796,37368,clean_room ,0.012265758
7788,253796,37368,bow_window/indoor ,0.008003471
7789,253796,37368,nursery ,0.007180035
7790,253796,37392,archive ,0.49253026
7791,253796,37392,clean_room ,0.12719518
7792,253796,37392,museum/indoor ,0.10693362
7793,253796,37392,bow_window/indoor ,0.039281923
7794,253796,37392,nursery ,0.03479011
7795,253796,37416,archive ,0.27426752
7796,253796,37416,nursery ,0.15191887
7797,253796,37416,clean_room ,0.12384
7798,253796,37416,museum/indoor ,0.086957
7799,253796,37416,dressing_room ,0.07983847
7800,253796,37440,archive ,0.47976387
7801,253796,37440,clean_room ,0.29265714
7802,253796,37440,museum/indoor ,0.056363307
7803,253796,37440,locker_room ,0.027688395
7804,253796,37440,dressing_room ,0.025966948
7805,253796,37464,archive ,0.6521147
7806,253796,37464,jail_cell ,0.10045666
7807,253796,37464,clean_room ,0.06627166
7808,253796,37464,locker_room ,0.036019284
7809,253796,37464,bow_window/indoor ,0.031835478
7810,253796,37488,archive ,0.65582204
7811,253796,37488,clean_room ,0.092062846
7812,253796,37488,nursery ,0.044972934
7813,253796,37488,bow_window/indoor ,0.03563679
7814,253796,37488,museum/indoor ,0.034635294
7815,253796,37512,dressing_room ,0.9008921
7816,253796,37512,locker_room ,0.035363503
7817,253796,37512,clothing_store ,0.022478515
7818,253796,37512,closet ,0.015200096
7819,253796,37512,museum/indoor ,0.007872872
7820,253796,37536,dressing_room ,0.89983505
7821,253796,37536,locker_room ,0.03944756
7822,253796,37536,clothing_store ,0.021860227
7823,253796,37536,closet ,0.011410998
7824,253796,37536,museum/indoor ,0.006768941
7825,253796,37560,dressing_room ,0.8724334
7826,253796,37560,clothing_store ,0.05325168
7827,253796,37560,locker_room ,0.027421813
7828,253796,37560,closet ,0.023932857
7829,253796,37560,museum/indoor ,0.00653195
7830,253796,37584,dressing_room ,0.802912
7831,253796,37584,clothing_store ,0.06628764
7832,253796,37584,locker_room ,0.055885464
7833,253796,37584,closet ,0.030647395
7834,253796,37584,museum/indoor ,0.012464869
7835,253796,37608,archive ,0.83103216
7836,253796,37608,clean_room ,0.045306724
7837,253796,37608,locker_room ,0.017006572
7838,253796,37608,museum/indoor ,0.013260252
7839,253796,37608,nursery ,0.011179443
7840,253796,37632,archive ,0.7579159
7841,253796,37632,clean_room ,0.057600643
7842,253796,37632,bow_window/indoor ,0.037387736
7843,253796,37632,museum/indoor ,0.026052702
7844,253796,37632,jail_cell ,0.021981245
7845,253796,37656,dressing_room ,0.8631684
7846,253796,37656,clothing_store ,0.034305383
7847,253796,37656,closet ,0.027453993
7848,253796,37656,clean_room ,0.018602343
7849,253796,37656,museum/indoor ,0.016651608
7850,253796,37680,clean_room ,0.3969664
7851,253796,37680,dressing_room ,0.3968214
7852,253796,37680,locker_room ,0.10111069
7853,253796,37680,clothing_store ,0.027657786
7854,253796,37680,museum/indoor ,0.02035023
7855,253796,37704,clean_room ,0.3255794
7856,253796,37704,dressing_room ,0.32058248
7857,253796,37704,museum/indoor ,0.09781411
7858,253796,37704,clothing_store ,0.05792288
7859,253796,37704,art_gallery ,0.05126102
7860,253796,37728,museum/indoor ,0.6857914
7861,253796,37728,art_gallery ,0.12890172
7862,253796,37728,dressing_room ,0.048207313
7863,253796,37728,artists_loft ,0.031690564
7864,253796,37728,art_studio ,0.02726455
7865,253796,37752,clean_room ,0.17668293
7866,253796,37752,museum/indoor ,0.17543407
7867,253796,37752,bow_window/indoor ,0.16068596
7868,253796,37752,archive ,0.12531002
7869,253796,37752,sauna ,0.06780837
7870,253796,37776,clean_room ,0.2626814
7871,253796,37776,museum/indoor ,0.17413516
7872,253796,37776,bow_window/indoor ,0.15976313
7873,253796,37776,locker_room ,0.11870199
7874,253796,37776,sauna ,0.050844453
7875,253796,37800,clean_room ,0.22786759
7876,253796,37800,jail_cell ,0.18314146
7877,253796,37800,bow_window/indoor ,0.13751777
7878,253796,37800,locker_room ,0.04800027
7879,253796,37800,archive ,0.043760087
7880,253796,37824,shower ,0.25978273
7881,253796,37824,phone_booth ,0.24707569
7882,253796,37824,sauna ,0.18404865
7883,253796,37824,bathroom ,0.07448367
7884,253796,37824,clean_room ,0.06192162
7885,253796,37848,bow_window/indoor ,0.28136113
7886,253796,37848,jail_cell ,0.20366332
7887,253796,37848,shower ,0.082483925
7888,253796,37848,phone_booth ,0.058632165
7889,253796,37848,sauna ,0.057128627
7890,253796,37872,bow_window/indoor ,0.4073316
7891,253796,37872,shower ,0.11393785
7892,253796,37872,jail_cell ,0.107272916
7893,253796,37872,barndoor ,0.10214833
7894,253796,37872,doorway/outdoor ,0.06655603
7895,253796,37896,bow_window/indoor ,0.81268597
7896,253796,37896,barndoor ,0.097140945
7897,253796,37896,jail_cell ,0.031131903
7898,253796,37896,alcove ,0.016636379
7899,253796,37896,doorway/outdoor ,0.014938462
7900,253796,37920,bow_window/indoor ,0.8811172
7901,253796,37920,barndoor ,0.04138282
7902,253796,37920,jail_cell ,0.025991842
7903,253796,37920,shower ,0.012997489
7904,253796,37920,doorway/outdoor ,0.011369786
7905,253796,37944,bow_window/indoor ,0.5206318
7906,253796,37944,barndoor ,0.38474745
7907,253796,37944,jail_cell ,0.035057735
7908,253796,37944,stable ,0.019002028
7909,253796,37944,shed ,0.0054267314
7910,253796,37968,clean_room ,0.6491823
7911,253796,37968,shower ,0.2618727
7912,253796,37968,chemistry_lab ,0.020230599
7913,253796,37968,museum/indoor ,0.011570785
7914,253796,37968,science_museum ,0.011004726
7915,253796,37992,shower ,0.4335115
7916,253796,37992,clean_room ,0.08738473
7917,253796,37992,natural_history_museum ,0.08246503
7918,253796,37992,science_museum ,0.07054132
7919,253796,37992,clothing_store ,0.06265178
7920,253796,38016,shower ,0.62737346
7921,253796,38016,clean_room ,0.09256301
7922,253796,38016,chemistry_lab ,0.033685427
7923,253796,38016,server_room ,0.031538267
7924,253796,38016,closet ,0.031366277
7925,253796,38040,shower ,0.5587439
7926,253796,38040,clean_room ,0.13232203
7927,253796,38040,clothing_store ,0.061319705
7928,253796,38040,dressing_room ,0.041120116
7929,253796,38040,closet ,0.040025126
7930,253796,38064,clothing_store ,0.22426334
7931,253796,38064,clean_room ,0.19322774
7932,253796,38064,shower ,0.17151858
7933,253796,38064,dressing_room ,0.11228828
7934,253796,38064,shoe_shop ,0.06311724
7935,253796,38088,clean_room ,0.25883433
7936,253796,38088,stage/indoor ,0.10986713
7937,253796,38088,science_museum ,0.099025324
7938,253796,38088,clothing_store ,0.08466442
7939,253796,38088,museum/indoor ,0.06041278
7940,253796,38112,clean_room ,0.5932613
7941,253796,38112,museum/indoor ,0.1894001
7942,253796,38112,shower ,0.03763394
7943,253796,38112,chemistry_lab ,0.03443651
7944,253796,38112,clothing_store ,0.02735902
7945,253796,38136,museum/indoor ,0.52242804
7946,253796,38136,shower ,0.09197706
7947,253796,38136,clean_room ,0.090832174
7948,253796,38136,art_gallery ,0.084392436
7949,253796,38136,clothing_store ,0.04824576
7950,253796,38160,stage/indoor ,0.43918747
7951,253796,38160,clean_room ,0.14247441
7952,253796,38160,museum/indoor ,0.087692186
7953,253796,38160,clothing_store ,0.07042758
7954,253796,38160,ballroom ,0.03207633
7955,253796,38184,stage/indoor ,0.4562164
7956,253796,38184,bow_window/indoor ,0.098257415
7957,253796,38184,barndoor ,0.08852867
7958,253796,38184,museum/indoor ,0.058120903
7959,253796,38184,ballroom ,0.042304263
7960,253796,38208,stage/indoor ,0.63655305
7961,253796,38208,music_studio ,0.067251705
7962,253796,38208,ballroom ,0.057983384
7963,253796,38208,museum/indoor ,0.053899966
7964,253796,38208,dressing_room ,0.03682588
7965,253796,38232,dressing_room ,0.48551974
7966,253796,38232,clean_room ,0.19991109
7967,253796,38232,museum/indoor ,0.09066071
7968,253796,38232,clothing_store ,0.048754018
7969,253796,38232,art_gallery ,0.032042697
7970,253796,38256,museum/indoor ,0.5887632
7971,253796,38256,stage/indoor ,0.22693236
7972,253796,38256,schoolhouse ,0.12165711
7973,253796,38256,archive ,0.016131794
7974,253796,38256,music_studio ,0.011845121
7975,253796,38280,clean_room ,0.35359702
7976,253796,38280,museum/indoor ,0.24917504
7977,253796,38280,art_gallery ,0.09014853
7978,253796,38280,lecture_room ,0.07021083
7979,253796,38280,stage/indoor ,0.048776142
7980,253796,38304,bow_window/indoor ,0.37464976
7981,253796,38304,locker_room ,0.1859459
7982,253796,38304,clean_room ,0.101221055
7983,253796,38304,archive ,0.07824185
7984,253796,38304,artists_loft ,0.032427408
7985,253796,38328,clean_room ,0.39427516
7986,253796,38328,shower ,0.15249243
7987,253796,38328,clothing_store ,0.07419714
7988,253796,38328,atrium/public ,0.06329808
7989,253796,38328,science_museum ,0.048163917
7990,253796,38352,art_gallery ,0.4095741
7991,253796,38352,museum/indoor ,0.1285181
7992,253796,38352,bow_window/indoor ,0.124908395
7993,253796,38352,shower ,0.08281391
7994,253796,38352,artists_loft ,0.032109905
7995,253796,38376,shower ,0.55102795
7996,253796,38376,bathroom ,0.10388997
7997,253796,38376,closet ,0.0505882
7998,253796,38376,locker_room ,0.03465969
7999,253796,38376,clean_room ,0.032888103
8000,253796,38400,elevator/door ,0.14621283
8001,253796,38400,elevator_lobby ,0.12992668
8002,253796,38400,shower ,0.10604317
8003,253796,38400,clean_room ,0.059507094
8004,253796,38400,office_cubicles ,0.048391245
8005,253796,38424,shower ,0.6514234
8006,253796,38424,elevator/door ,0.07128732
8007,253796,38424,bathroom ,0.0551629
8008,253796,38424,clean_room ,0.042686466
8009,253796,38424,elevator_lobby ,0.038487513
8010,253796,38448,museum/indoor ,0.32340738
8011,253796,38448,clean_room ,0.19257753
8012,253796,38448,chemistry_lab ,0.04155717
8013,253796,38448,stage/indoor ,0.031972066
8014,253796,38448,ballroom ,0.031228453
8015,253796,38472,banquet_hall ,0.17386205
8016,253796,38472,ballroom ,0.13838443
8017,253796,38472,clean_room ,0.11538493
8018,253796,38472,nursing_home ,0.104120396
8019,253796,38472,hospital_room ,0.07981231
8020,253796,38496,clean_room ,0.32327405
8021,253796,38496,museum/indoor ,0.172412
8022,253796,38496,operating_room ,0.09723828
8023,253796,38496,archive ,0.061267965
8024,253796,38496,hospital_room ,0.05143029
8025,253796,38520,museum/indoor ,0.23441331
8026,253796,38520,stage/indoor ,0.113242984
8027,253796,38520,ballroom ,0.07010064
8028,253796,38520,clean_room ,0.06303594
8029,253796,38520,archive ,0.054557197
8030,253796,38544,museum/indoor ,0.35032138
8031,253796,38544,clean_room ,0.15975238
8032,253796,38544,dressing_room ,0.07623352
8033,253796,38544,stage/indoor ,0.038661774
8034,253796,38544,natural_history_museum ,0.036569063
8035,253796,38568,banquet_hall ,0.35968947
8036,253796,38568,museum/indoor ,0.1040984
8037,253796,38568,ballroom ,0.09206026
8038,253796,38568,dining_hall ,0.08922323
8039,253796,38568,clean_room ,0.05137545
8040,253796,38592,dressing_room ,0.22703929
8041,253796,38592,clean_room ,0.19092079
8042,253796,38592,stage/indoor ,0.10929813
8043,253796,38592,ballroom ,0.09909555
8044,253796,38592,museum/indoor ,0.07991086
8045,253796,38616,museum/indoor ,0.19331561
8046,253796,38616,clean_room ,0.138545
8047,253796,38616,dressing_room ,0.119976886
8048,253796,38616,archive ,0.07528899
8049,253796,38616,art_gallery ,0.06896316
8050,253796,38640,clean_room ,0.5136787
8051,253796,38640,dressing_room ,0.20638597
8052,253796,38640,archive ,0.08128989
8053,253796,38640,operating_room ,0.025296427
8054,253796,38640,hospital_room ,0.024097081
8055,253796,38664,dressing_room ,0.93321866
8056,253796,38664,clean_room ,0.017677166
8057,253796,38664,locker_room ,0.01179943
8058,253796,38664,shower ,0.005003882
8059,253796,38664,archive ,0.0034459135
8060,253796,38688,dressing_room ,0.3477213
8061,253796,38688,banquet_hall ,0.12258673
8062,253796,38688,clean_room ,0.079815045
8063,253796,38688,ballroom ,0.057474535
8064,253796,38688,stage/indoor ,0.04515784
8065,253796,38712,clean_room ,0.37791038
8066,253796,38712,dressing_room ,0.24368404
8067,253796,38712,stage/indoor ,0.07895118
8068,253796,38712,discotheque ,0.07829607
8069,253796,38712,ballroom ,0.053602252
8070,253796,38736,museum/indoor ,0.6445893
8071,253796,38736,clean_room ,0.14378329
8072,253796,38736,stage/indoor ,0.058784097
8073,253796,38736,operating_room ,0.032000497
8074,253796,38736,schoolhouse ,0.030865692
8075,253796,38760,dressing_room ,0.5331899
8076,253796,38760,clean_room ,0.19467977
8077,253796,38760,hospital_room ,0.05167777
8078,253796,38760,stage/indoor ,0.03816091
8079,253796,38760,nursery ,0.030461665
8080,253796,38784,clean_room ,0.27233294
8081,253796,38784,dressing_room ,0.17586708
8082,253796,38784,stage/indoor ,0.14165398
8083,253796,38784,hospital_room ,0.07684316
8084,253796,38784,nursing_home ,0.07122505
8085,253796,38808,clean_room ,0.2314941
8086,253796,38808,dressing_room ,0.16797923
8087,253796,38808,archive ,0.11880982
8088,253796,38808,chemistry_lab ,0.07612745
8089,253796,38808,office ,0.06434731
8090,253796,38832,dressing_room ,0.29639107
8091,253796,38832,clean_room ,0.1677437
8092,253796,38832,stage/indoor ,0.1602005
8093,253796,38832,ballroom ,0.09409847
8094,253796,38832,museum/indoor ,0.039620996
8095,253796,38856,dressing_room ,0.26211044
8096,253796,38856,stage/indoor ,0.242623
8097,253796,38856,ballroom ,0.1784631
8098,253796,38856,martial_arts_gym ,0.07237139
8099,253796,38856,discotheque ,0.041629013
8100,253796,38880,dressing_room ,0.5797092
8101,253796,38880,clean_room ,0.23948812
8102,253796,38880,stage/indoor ,0.02728682
8103,253796,38880,discotheque ,0.021304507
8104,253796,38880,art_gallery ,0.013892568
8105,253796,38904,dressing_room ,0.3541433
8106,253796,38904,locker_room ,0.147489
8107,253796,38904,clean_room ,0.13155328
8108,253796,38904,discotheque ,0.11686974
8109,253796,38904,stage/indoor ,0.057266094
8110,253796,38928,shower ,0.39018577
8111,253796,38928,bow_window/indoor ,0.28510687
8112,253796,38928,bathroom ,0.056308057
8113,253796,38928,jail_cell ,0.055660278
8114,253796,38928,clean_room ,0.043837413
8115,253796,38952,locker_room ,0.19379443
8116,253796,38952,clean_room ,0.16574267
8117,253796,38952,dressing_room ,0.14907064
8118,253796,38952,shower ,0.09733266
8119,253796,38952,sauna ,0.094456054
8120,253796,38976,clean_room ,0.37434965
8121,253796,38976,dressing_room ,0.15397455
8122,253796,38976,locker_room ,0.071197785
8123,253796,38976,archive ,0.039496593
8124,253796,38976,jail_cell ,0.036298543
8125,253796,39000,clean_room ,0.24298303
8126,253796,39000,dressing_room ,0.13835464
8127,253796,39000,jail_cell ,0.082635574
8128,253796,39000,chemistry_lab ,0.062922694
8129,253796,39000,veterinarians_office ,0.051961124
8130,253796,39024,dressing_room ,0.3349336
8131,253796,39024,clean_room ,0.17699113
8132,253796,39024,locker_room ,0.06194588
8133,253796,39024,discotheque ,0.045940485
8134,253796,39024,chemistry_lab ,0.039170142
8135,253796,39048,clean_room ,0.6623845
8136,253796,39048,dressing_room ,0.22632949
8137,253796,39048,museum/indoor ,0.041533172
8138,253796,39048,locker_room ,0.019535556
8139,253796,39048,operating_room ,0.0064577595
8140,253796,39072,clean_room ,0.3761798
8141,253796,39072,dressing_room ,0.22423427
8142,253796,39072,nursing_home ,0.087334186
8143,253796,39072,museum/indoor ,0.04753633
8144,253796,39072,archive ,0.0407568
8145,253796,39096,locker_room ,0.21159236
8146,253796,39096,clean_room ,0.120909646
8147,253796,39096,dressing_room ,0.11693265
8148,253796,39096,museum/indoor ,0.07013916
8149,253796,39096,nursery ,0.05733043
8150,253796,39120,dressing_room ,0.6678019
8151,253796,39120,locker_room ,0.106017
8152,253796,39120,clean_room ,0.07005372
8153,253796,39120,nursery ,0.014068196
8154,253796,39120,stage/indoor ,0.013953865
8155,253796,39144,dressing_room ,0.32218567
8156,253796,39144,clean_room ,0.16371669
8157,253796,39144,martial_arts_gym ,0.15950654
8158,253796,39144,museum/indoor ,0.044397656
8159,253796,39144,butchers_shop ,0.042507973
8160,253796,39168,clean_room ,0.22499381
8161,253796,39168,martial_arts_gym ,0.15151408
8162,253796,39168,stage/indoor ,0.10040682
8163,253796,39168,locker_room ,0.07876528
8164,253796,39168,museum/indoor ,0.049652435
8165,253796,39192,dressing_room ,0.3016963
8166,253796,39192,locker_room ,0.10294
8167,253796,39192,shower ,0.10141422
8168,253796,39192,discotheque ,0.043588538
8169,253796,39192,swimming_pool/indoor ,0.043224487
8170,253796,39216,dressing_room ,0.45932135
8171,253796,39216,clean_room ,0.3968667
8172,253796,39216,hospital_room ,0.03032351
8173,253796,39216,museum/indoor ,0.018824128
8174,253796,39216,nursing_home ,0.017986776
8175,253796,39240,dressing_room ,0.92111653
8176,253796,39240,locker_room ,0.02040702
8177,253796,39240,clean_room ,0.013014859
8178,253796,39240,discotheque ,0.012584611
8179,253796,39240,martial_arts_gym ,0.008559368
8180,253796,39264,clean_room ,0.6970906
8181,253796,39264,dressing_room ,0.2323437
8182,253796,39264,hospital_room ,0.024459157
8183,253796,39264,nursing_home ,0.016566742
8184,253796,39264,locker_room ,0.005177433
8185,253796,39288,clean_room ,0.4209645
8186,253796,39288,dressing_room ,0.41908985
8187,253796,39288,nursing_home ,0.119146734
8188,253796,39288,hospital_room ,0.008653833
8189,253796,39288,martial_arts_gym ,0.005179967
8190,253796,39312,ballroom ,0.33296615
8191,253796,39312,dressing_room ,0.1199346
8192,253796,39312,museum/indoor ,0.08668001
8193,253796,39312,stage/indoor ,0.07282404
8194,253796,39312,martial_arts_gym ,0.059856597
8195,253796,39336,dressing_room ,0.53811836
8196,253796,39336,clean_room ,0.10436647
8197,253796,39336,nursing_home ,0.04506796
8198,253796,39336,hospital_room ,0.03693326
8199,253796,39336,nursery ,0.031077722
8200,253796,39360,dressing_room ,0.6515931
8201,253796,39360,clean_room ,0.09187782
8202,253796,39360,stage/indoor ,0.04607956
8203,253796,39360,discotheque ,0.038864177
8204,253796,39360,locker_room ,0.03242003
8205,253796,39384,dressing_room ,0.66393214
8206,253796,39384,clean_room ,0.06675456
8207,253796,39384,nursery ,0.049767707
8208,253796,39384,locker_room ,0.033824664
8209,253796,39384,hospital_room ,0.024857419
8210,253796,39408,clean_room ,0.4806947
8211,253796,39408,dressing_room ,0.1491027
8212,253796,39408,hospital_room ,0.108486205
8213,253796,39408,chemistry_lab ,0.035297602
8214,253796,39408,nursing_home ,0.030405633
8215,253796,39432,clean_room ,0.5935592
8216,253796,39432,dressing_room ,0.2603279
8217,253796,39432,nursing_home ,0.07167311
8218,253796,39432,nursery ,0.012126623
8219,253796,39432,hospital_room ,0.009269578
8220,253796,39456,clean_room ,0.64191747
8221,253796,39456,dressing_room ,0.24516852
8222,253796,39456,hospital_room ,0.022461023
8223,253796,39456,martial_arts_gym ,0.01591653
8224,253796,39456,chemistry_lab ,0.014808047
8225,253796,39480,dressing_room ,0.6360441
8226,253796,39480,clean_room ,0.10370111
8227,253796,39480,stage/indoor ,0.09461438
8228,253796,39480,discotheque ,0.064477235
8229,253796,39480,martial_arts_gym ,0.017578915
8230,253796,39504,museum/indoor ,0.40710804
8231,253796,39504,clean_room ,0.18557371
8232,253796,39504,archive ,0.057172284
8233,253796,39504,stage/indoor ,0.056214456
8234,253796,39504,chemistry_lab ,0.020617886
8235,253796,39528,museum/indoor ,0.40985084
8236,253796,39528,stage/indoor ,0.104092635
8237,253796,39528,clean_room ,0.08313719
8238,253796,39528,ballroom ,0.049655013
8239,253796,39528,schoolhouse ,0.03351509
8240,253796,39552,museum/indoor ,0.38122442
8241,253796,39552,banquet_hall ,0.068423346
8242,253796,39552,clean_room ,0.050687484
8243,253796,39552,stage/indoor ,0.050362315
8244,253796,39552,dining_hall ,0.041486707
8245,253796,39576,museum/indoor ,0.5243028
8246,253796,39576,clean_room ,0.0809164
8247,253796,39576,stage/indoor ,0.03629632
8248,253796,39576,operating_room ,0.033743553
8249,253796,39576,hospital_room ,0.028906092
8250,253796,39600,clean_room ,0.21237354
8251,253796,39600,museum/indoor ,0.19902208
8252,253796,39600,hospital_room ,0.04643283
8253,253796,39600,chemistry_lab ,0.04490148
8254,253796,39600,stage/indoor ,0.042173456
8255,253796,39624,museum/indoor ,0.24078299
8256,253796,39624,clean_room ,0.17549908
8257,253796,39624,archive ,0.10938822
8258,253796,39624,stage/indoor ,0.03267791
8259,253796,39624,operating_room ,0.02936003
8260,253796,39648,museum/indoor ,0.39946088
8261,253796,39648,clean_room ,0.11434517
8262,253796,39648,archive ,0.051149715
8263,253796,39648,stage/indoor ,0.039729152
8264,253796,39648,ballroom ,0.03480634
8265,253796,39672,banquet_hall ,0.24648221
8266,253796,39672,clean_room ,0.09640749
8267,253796,39672,ballroom ,0.086651884
8268,253796,39672,museum/indoor ,0.07641108
8269,253796,39672,dining_hall ,0.07136227
8270,253796,39696,dressing_room ,0.6515883
8271,253796,39696,jewelry_shop ,0.15810871
8272,253796,39696,clothing_store ,0.053382333
8273,253796,39696,ballroom ,0.03901678
8274,253796,39696,chemistry_lab ,0.0165759
8275,253796,39720,dressing_room ,0.43655464
8276,253796,39720,operating_room ,0.23362271
8277,253796,39720,hospital_room ,0.105108276
8278,253796,39720,ballroom ,0.053813174
8279,253796,39720,clean_room ,0.053387877
8280,253796,39744,dressing_room ,0.27872983
8281,253796,39744,discotheque ,0.1921462
8282,253796,39744,stage/indoor ,0.085563056
8283,253796,39744,clothing_store ,0.07590096
8284,253796,39744,jewelry_shop ,0.051613804
8285,253796,39768,banquet_hall ,0.32313865
8286,253796,39768,museum/indoor ,0.13006048
8287,253796,39768,bar ,0.06174318
8288,253796,39768,chemistry_lab ,0.057768673
8289,253796,39768,stage/indoor ,0.054014143
8290,253796,39792,dressing_room ,0.40122238
8291,253796,39792,banquet_hall ,0.25959343
8292,253796,39792,ballroom ,0.082367614
8293,253796,39792,beauty_salon ,0.041262887
8294,253796,39792,jewelry_shop ,0.041095514
8295,253796,39816,banquet_hall ,0.33376193
8296,253796,39816,dressing_room ,0.15224645
8297,253796,39816,ballroom ,0.07812626
8298,253796,39816,jewelry_shop ,0.06548969
8299,253796,39816,beauty_salon ,0.055559337
8300,253796,39840,banquet_hall ,0.6777441
8301,253796,39840,ballroom ,0.1567743
8302,253796,39840,dressing_room ,0.028215915
8303,253796,39840,dining_hall ,0.0280481
8304,253796,39840,clothing_store ,0.013719835
8305,253796,39864,banquet_hall ,0.2807615
8306,253796,39864,clothing_store ,0.24516565
8307,253796,39864,ballroom ,0.18201119
8308,253796,39864,dressing_room ,0.13320479
8309,253796,39864,jewelry_shop ,0.035943054
8310,253796,39888,banquet_hall ,0.6058246
8311,253796,39888,ballroom ,0.14232385
8312,253796,39888,clothing_store ,0.053452387
8313,253796,39888,dressing_room ,0.05289574
8314,253796,39888,jewelry_shop ,0.027022814
8315,253796,39912,banquet_hall ,0.37962517
8316,253796,39912,ballroom ,0.15591854
8317,253796,39912,dressing_room ,0.122661956
8318,253796,39912,dining_hall ,0.036784727
8319,253796,39912,bar ,0.033735383
8320,253796,39936,ballroom ,0.25866854
8321,253796,39936,discotheque ,0.17440554
8322,253796,39936,stage/indoor ,0.10982723
8323,253796,39936,bar ,0.0851536
8324,253796,39936,dressing_room ,0.07984731
8325,253796,39960,dressing_room ,0.1881034
8326,253796,39960,clean_room ,0.13244109
8327,253796,39960,chemistry_lab ,0.092031054
8328,253796,39960,beauty_salon ,0.08529496
8329,253796,39960,jewelry_shop ,0.057522517
8330,253796,39984,dressing_room ,0.8980936
8331,253796,39984,museum/indoor ,0.029133717
8332,253796,39984,clean_room ,0.024732301
8333,253796,39984,clothing_store ,0.013690073
8334,253796,39984,art_gallery ,0.0072542583
8335,253796,40008,dressing_room ,0.7820852
8336,253796,40008,clean_room ,0.08487693
8337,253796,40008,museum/indoor ,0.05480422
8338,253796,40008,discotheque ,0.012054146
8339,253796,40008,stage/indoor ,0.01184404
8340,253796,40032,dressing_room ,0.5688456
8341,253796,40032,clean_room ,0.14171535
8342,253796,40032,museum/indoor ,0.13752994
8343,253796,40032,art_gallery ,0.030729396
8344,253796,40032,clothing_store ,0.02288769
8345,253796,40056,dressing_room ,0.40493372
8346,253796,40056,clean_room ,0.21247718
8347,253796,40056,museum/indoor ,0.09751888
8348,253796,40056,ice_shelf ,0.0518874
8349,253796,40056,archive ,0.040864807
8350,253796,40080,dressing_room ,0.31708372
8351,253796,40080,clean_room ,0.23456107
8352,253796,40080,museum/indoor ,0.11803497
8353,253796,40080,archive ,0.052187376
8354,253796,40080,classroom ,0.042342387
8355,253796,40104,dressing_room ,0.401017
8356,253796,40104,clean_room ,0.31936088
8357,253796,40104,museum/indoor ,0.14079545
8358,253796,40104,archive ,0.017221386
8359,253796,40104,art_gallery ,0.013763077
8360,253796,40128,museum/indoor ,0.5917872
8361,253796,40128,dressing_room ,0.12829152
8362,253796,40128,archive ,0.084899165
8363,253796,40128,clean_room ,0.0481605
8364,253796,40128,nursing_home ,0.02733368
8365,253796,40152,clean_room ,0.19756871
8366,253796,40152,dressing_room ,0.17301905
8367,253796,40152,museum/indoor ,0.1602758
8368,253796,40152,archive ,0.12123673
8369,253796,40152,nursing_home ,0.09599125
8370,253796,40176,museum/indoor ,0.28967127
8371,253796,40176,dressing_room ,0.20241645
8372,253796,40176,archive ,0.10794227
8373,253796,40176,art_gallery ,0.045729283
8374,253796,40176,art_studio ,0.03710965
8375,253796,40200,museum/indoor ,0.20029348
8376,253796,40200,nursing_home ,0.12880905
8377,253796,40200,dressing_room ,0.11017024
8378,253796,40200,clean_room ,0.08202381
8379,253796,40200,archive ,0.06334695
8380,253796,40224,dressing_room ,0.15545692
8381,253796,40224,archive ,0.13220069
8382,253796,40224,clean_room ,0.11236175
8383,253796,40224,museum/indoor ,0.10914533
8384,253796,40224,nursing_home ,0.09275871
8385,253796,40248,dressing_room ,0.1756003
8386,253796,40248,nursing_home ,0.15907389
8387,253796,40248,clean_room ,0.14723073
8388,253796,40248,museum/indoor ,0.11560936
8389,253796,40248,nursery ,0.06508927
8390,253796,40272,dressing_room ,0.41962233
8391,253796,40272,museum/indoor ,0.33638784
8392,253796,40272,archive ,0.09406384
8393,253796,40272,nursing_home ,0.03046708
8394,253796,40272,clean_room ,0.028787583
8395,253796,40296,dressing_room ,0.23679064
8396,253796,40296,clean_room ,0.23047262
8397,253796,40296,nursing_home ,0.08189558
8398,253796,40296,hospital_room ,0.07554841
8399,253796,40296,archive ,0.059913855
8400,253796,40320,museum/indoor ,0.33883992
8401,253796,40320,archive ,0.09673777
8402,253796,40320,dressing_room ,0.07582575
8403,253796,40320,nursing_home ,0.03549806
8404,253796,40320,reception ,0.024418514
8405,253796,40344,archive ,0.35357466
8406,253796,40344,museum/indoor ,0.23186488
8407,253796,40344,nursery ,0.060533237
8408,253796,40344,classroom ,0.046459824
8409,253796,40344,dressing_room ,0.03813413
8410,253796,40368,clean_room ,0.41478068
8411,253796,40368,dressing_room ,0.2975151
8412,253796,40368,museum/indoor ,0.13365304
8413,253796,40368,chemistry_lab ,0.02915252
8414,253796,40368,archive ,0.021054095
8415,253796,40392,dressing_room ,0.5437981
8416,253796,40392,museum/indoor ,0.19650407
8417,253796,40392,clean_room ,0.18709378
8418,253796,40392,archive ,0.017453874
8419,253796,40392,chemistry_lab ,0.0071076513
8420,253796,40416,dressing_room ,0.68349993
8421,253796,40416,clean_room ,0.1570499
8422,253796,40416,museum/indoor ,0.10481991
8423,253796,40416,hospital_room ,0.0063826866
8424,253796,40416,beauty_salon ,0.004723209
8425,253796,40440,dressing_room ,0.17076103
8426,253796,40440,clean_room ,0.14580692
8427,253796,40440,stage/indoor ,0.09673362
8428,253796,40440,museum/indoor ,0.09227615
8429,253796,40440,ballroom ,0.047984857
8430,253796,40464,dressing_room ,0.43297544
8431,253796,40464,locker_room ,0.15199085
8432,253796,40464,clean_room ,0.13337618
8433,253796,40464,veterinarians_office ,0.07332581
8434,253796,40464,shower ,0.03147514
8435,253796,40488,bow_window/indoor ,0.63795424
8436,253796,40488,jail_cell ,0.2739869
8437,253796,40488,shower ,0.03271692
8438,253796,40488,kennel/outdoor ,0.007430709
8439,253796,40488,stable ,0.0056427703
8440,253796,40512,bow_window/indoor ,0.8575871
8441,253796,40512,jail_cell ,0.029700186
8442,253796,40512,dressing_room ,0.0156303
8443,253796,40512,shower ,0.012106522
8444,253796,40512,artists_loft ,0.01134116
8445,253796,40536,bow_window/indoor ,0.9796714
8446,253796,40536,entrance_hall ,0.0039427723
8447,253796,40536,alcove ,0.003439173
8448,253796,40536,shower ,0.0031629803
8449,253796,40536,jail_cell ,0.0029992252
8450,253796,40560,bow_window/indoor ,0.80466545
8451,253796,40560,jail_cell ,0.05347741
8452,253796,40560,shower ,0.037312638
8453,253796,40560,elevator/door ,0.032413144
8454,253796,40560,closet ,0.010520819
8455,253796,40584,bow_window/indoor ,0.94385356
8456,253796,40584,artists_loft ,0.009515026
8457,253796,40584,museum/indoor ,0.008885144
8458,253796,40584,entrance_hall ,0.005352526
8459,253796,40584,jail_cell ,0.0045644515
8460,253796,40608,dressing_room ,0.62844706
8461,253796,40608,museum/indoor ,0.080420814
8462,253796,40608,clean_room ,0.05427926
8463,253796,40608,art_gallery ,0.048656013
8464,253796,40608,art_studio ,0.027257182
8465,253796,40632,dressing_room ,0.6758303
8466,253796,40632,museum/indoor ,0.0753582
8467,253796,40632,nursery ,0.04473849
8468,253796,40632,clean_room ,0.018498441
8469,253796,40632,nursing_home ,0.017539596
8470,253796,40656,dressing_room ,0.7782818
8471,253796,40656,museum/indoor ,0.06630212
8472,253796,40656,discotheque ,0.013843499
8473,253796,40656,stage/indoor ,0.013800399
8474,253796,40656,bar ,0.012995836
8475,253796,40680,dressing_room ,0.51771784
8476,253796,40680,museum/indoor ,0.10586557
8477,253796,40680,clean_room ,0.075169876
8478,253796,40680,stage/indoor ,0.0653527
8479,253796,40680,nursing_home ,0.04166487
8480,253796,40704,dressing_room ,0.760139
8481,253796,40704,museum/indoor ,0.09576493
8482,253796,40704,art_gallery ,0.020571034
8483,253796,40704,art_studio ,0.016072541
8484,253796,40704,stage/indoor ,0.014544008
8485,253796,40728,dressing_room ,0.3278067
8486,253796,40728,museum/indoor ,0.27830467
8487,253796,40728,art_gallery ,0.08283834
8488,253796,40728,art_studio ,0.054931723
8489,253796,40728,stage/indoor ,0.032912314
8490,253796,40752,dressing_room ,0.5655779
8491,253796,40752,museum/indoor ,0.21276307
8492,253796,40752,art_studio ,0.026459923
8493,253796,40752,art_school ,0.022720195
8494,253796,40752,art_gallery ,0.02002921
8495,253796,40776,dressing_room ,0.5419978
8496,253796,40776,museum/indoor ,0.2586152
8497,253796,40776,art_gallery ,0.039582238
8498,253796,40776,art_studio ,0.031425297
8499,253796,40776,stage/indoor ,0.021931898
8500,253796,40800,museum/indoor ,0.91834843
8501,253796,40800,ballroom ,0.013878276
8502,253796,40800,music_studio ,0.013761793
8503,253796,40800,clean_room ,0.010782077
8504,253796,40800,stage/indoor ,0.009158312
8505,253796,40824,dressing_room ,0.3305636
8506,253796,40824,museum/indoor ,0.31767896
8507,253796,40824,music_studio ,0.07967578
8508,253796,40824,ballroom ,0.07060061
8509,253796,40824,stage/indoor ,0.040790725
8510,253796,40848,museum/indoor ,0.38247332
8511,253796,40848,music_studio ,0.18291041
8512,253796,40848,dressing_room ,0.12194157
8513,253796,40848,television_studio ,0.0770705
8514,253796,40848,stage/indoor ,0.06653905
8515,253796,40872,nursery ,0.3555934
8516,253796,40872,museum/indoor ,0.15836468
8517,253796,40872,dressing_room ,0.14723182
8518,253796,40872,clothing_store ,0.057325263
8519,253796,40872,bow_window/indoor ,0.055686105
8520,253796,40896,museum/indoor ,0.50426936
8521,253796,40896,archive ,0.07136308
8522,253796,40896,nursery ,0.060987536
8523,253796,40896,clean_room ,0.057825543
8524,253796,40896,art_gallery ,0.056321416
8525,253796,40920,clean_room ,0.2474083
8526,253796,40920,museum/indoor ,0.17323549
8527,253796,40920,archive ,0.094086364
8528,253796,40920,martial_arts_gym ,0.07171146
8529,253796,40920,locker_room ,0.055972002
8530,253796,40944,museum/indoor ,0.64918077
8531,253796,40944,locker_room ,0.0745641
8532,253796,40944,dressing_room ,0.068879746
8533,253796,40944,stage/indoor ,0.01843888
8534,253796,40944,art_studio ,0.018175254
8535,253796,40968,museum/indoor ,0.3413869
8536,253796,40968,nursery ,0.14735767
8537,253796,40968,locker_room ,0.110557
8538,253796,40968,dressing_room ,0.09899346
8539,253796,40968,martial_arts_gym ,0.054682836
8540,253796,40992,museum/indoor ,0.5425328
8541,253796,40992,nursery ,0.27522978
8542,253796,40992,locker_room ,0.037302796
8543,253796,40992,dressing_room ,0.02020629
8544,253796,40992,martial_arts_gym ,0.016134782
8545,253796,41016,clean_room ,0.4098119
8546,253796,41016,dressing_room ,0.2500595
8547,253796,41016,locker_room ,0.12623379
8548,253796,41016,museum/indoor ,0.061424993
8549,253796,41016,martial_arts_gym ,0.035353895
8550,253796,41040,clean_room ,0.6318232
8551,253796,41040,museum/indoor ,0.13531837
8552,253796,41040,dressing_room ,0.09733991
8553,253796,41040,nursery ,0.032175213
8554,253796,41040,locker_room ,0.028602466
8555,253796,41064,clean_room ,0.30993962
8556,253796,41064,chemistry_lab ,0.13593358
8557,253796,41064,music_studio ,0.07698242
8558,253796,41064,museum/indoor ,0.06961896
8559,253796,41064,archive ,0.065074146
8560,253796,41088,banquet_hall ,0.49901253
8561,253796,41088,ballroom ,0.21685761
8562,253796,41088,dining_hall ,0.100799404
8563,253796,41088,stage/indoor ,0.038337886
8564,253796,41088,dining_room ,0.028033942
8565,253796,41112,banquet_hall ,0.68783075
8566,253796,41112,ballroom ,0.12653635
8567,253796,41112,dining_hall ,0.082972385
8568,253796,41112,dining_room ,0.050290696
8569,253796,41112,restaurant ,0.011297095
8570,253796,41136,banquet_hall ,0.46422476
8571,253796,41136,nursing_home ,0.14605209
8572,253796,41136,ballroom ,0.11507915
8573,253796,41136,dining_room ,0.10322093
8574,253796,41136,dining_hall ,0.07584956
8575,253796,41160,banquet_hall ,0.5954773
8576,253796,41160,dining_room ,0.114144996
8577,253796,41160,dining_hall ,0.0967987
8578,253796,41160,ballroom ,0.06291794
8579,253796,41160,nursing_home ,0.054691587
8580,253796,41184,banquet_hall ,0.8385517
8581,253796,41184,dining_hall ,0.08184352
8582,253796,41184,dining_room ,0.031970464
8583,253796,41184,ballroom ,0.016016781
8584,253796,41184,nursing_home ,0.013749288
8585,253796,41208,banquet_hall ,0.5758709
8586,253796,41208,nursing_home ,0.100417905
8587,253796,41208,dining_hall ,0.0819971
8588,253796,41208,ballroom ,0.07727179
8589,253796,41208,dining_room ,0.054307282
8590,253796,41232,museum/indoor ,0.28048608
8591,253796,41232,nursery ,0.17788596
8592,253796,41232,archive ,0.14597349
8593,253796,41232,dressing_room ,0.11179917
8594,253796,41232,clean_room ,0.06106526
8595,253796,41256,museum/indoor ,0.26146933
8596,253796,41256,archive ,0.16531526
8597,253796,41256,nursery ,0.15473886
8598,253796,41256,dressing_room ,0.12646508
8599,253796,41256,clean_room ,0.062399887
8600,253796,41280,museum/indoor ,0.37446716
8601,253796,41280,archive ,0.13933851
8602,253796,41280,dressing_room ,0.113673046
8603,253796,41280,nursery ,0.109531395
8604,253796,41280,clean_room ,0.05037918
8605,253796,41304,museum/indoor ,0.5477782
8606,253796,41304,dressing_room ,0.16359009
8607,253796,41304,clean_room ,0.14384826
8608,253796,41304,clothing_store ,0.06072283
8609,253796,41304,science_museum ,0.021766046
8610,253796,41328,museum/indoor ,0.77016497
8611,253796,41328,dressing_room ,0.14704813
8612,253796,41328,clean_room ,0.04268222
8613,253796,41328,science_museum ,0.010734408
8614,253796,41328,clothing_store ,0.009056241
8615,253796,41352,museum/indoor ,0.8244119
8616,253796,41352,dressing_room ,0.07422411
8617,253796,41352,clean_room ,0.061753638
8618,253796,41352,science_museum ,0.014947602
8619,253796,41352,natural_history_museum ,0.009621278
8620,253796,41376,museum/indoor ,0.9543325
8621,253796,41376,dressing_room ,0.014773435
8622,253796,41376,clean_room ,0.012919199
8623,253796,41376,natural_history_museum ,0.006829223
8624,253796,41376,science_museum ,0.004813806
8625,253796,41400,museum/indoor ,0.9173432
8626,253796,41400,dressing_room ,0.034750864
8627,253796,41400,stage/indoor ,0.019821208
8628,253796,41400,natural_history_museum ,0.0069934092
8629,253796,41400,clean_room ,0.005558711
8630,253796,41424,dressing_room ,0.7639344
8631,253796,41424,museum/indoor ,0.16177464
8632,253796,41424,clean_room ,0.050670616
8633,253796,41424,stage/indoor ,0.007872714
8634,253796,41424,music_studio ,0.0038408157
8635,253796,41448,museum/indoor ,0.44397545
8636,253796,41448,dressing_room ,0.38807598
8637,253796,41448,stage/indoor ,0.041796166
8638,253796,41448,music_studio ,0.034195606
8639,253796,41448,clean_room ,0.020824421
8640,253796,41472,dressing_room ,0.6064568
8641,253796,41472,museum/indoor ,0.339734
8642,253796,41472,clean_room ,0.011306217
8643,253796,41472,art_gallery ,0.007864955
8644,253796,41472,music_studio ,0.0073679583
8645,253796,41496,museum/indoor ,0.5060259
8646,253796,41496,dressing_room ,0.42579764
8647,253796,41496,music_studio ,0.018111737
8648,253796,41496,stage/indoor ,0.0112634795
8649,253796,41496,clean_room ,0.008072001
8650,253796,41520,museum/indoor ,0.5736919
8651,253796,41520,dressing_room ,0.38110936
8652,253796,41520,music_studio ,0.008498247
8653,253796,41520,clean_room ,0.0063306293
8654,253796,41520,stage/indoor ,0.006309365
8655,253796,41544,museum/indoor ,0.6276315
8656,253796,41544,archive ,0.17648509
8657,253796,41544,clean_room ,0.03349399
8658,253796,41544,natural_history_museum ,0.029044405
8659,253796,41544,dressing_room ,0.018351648
8660,253796,41568,museum/indoor ,0.5381514
8661,253796,41568,archive ,0.22896966
8662,253796,41568,clean_room ,0.042781364
8663,253796,41568,natural_history_museum ,0.02921282
8664,253796,41568,nursery ,0.026733676
8665,253796,41592,museum/indoor ,0.93887943
8666,253796,41592,clean_room ,0.01896122
8667,253796,41592,dressing_room ,0.014747872
8668,253796,41592,stage/indoor ,0.006620006
8669,253796,41592,science_museum ,0.005996319
8670,253796,41616,museum/indoor ,0.8891478
8671,253796,41616,dressing_room ,0.05006622
8672,253796,41616,clean_room ,0.031941514
8673,253796,41616,clothing_store ,0.008316699
8674,253796,41616,stage/indoor ,0.0058633545
8675,253796,41640,museum/indoor ,0.9651277
8676,253796,41640,clean_room ,0.011367981
8677,253796,41640,dressing_room ,0.009846766
8678,253796,41640,science_museum ,0.004205447
8679,253796,41640,art_gallery ,0.0032031487
8680,253796,41664,museum/indoor ,0.66798043
8681,253796,41664,dressing_room ,0.155755
8682,253796,41664,clean_room ,0.1305098
8683,253796,41664,clothing_store ,0.016489906
8684,253796,41664,stage/indoor ,0.012671193
8685,253796,41688,dressing_room ,0.6623666
8686,253796,41688,museum/indoor ,0.28269252
8687,253796,41688,clean_room ,0.028254224
8688,253796,41688,clothing_store ,0.0072728633
8689,253796,41688,stage/indoor ,0.006290304
8690,253796,41712,museum/indoor ,0.7117866
8691,253796,41712,dressing_room ,0.23754464
8692,253796,41712,clean_room ,0.023272483
8693,253796,41712,clothing_store ,0.010480731
8694,253796,41712,stage/indoor ,0.0050977045
8695,253796,41736,museum/indoor ,0.8249882
8696,253796,41736,dressing_room ,0.13074838
8697,253796,41736,clothing_store ,0.01373935
8698,253796,41736,clean_room ,0.00833821
8699,253796,41736,science_museum ,0.0067500547
8700,253796,41760,dressing_room ,0.41279587
8701,253796,41760,museum/indoor ,0.40905336
8702,253796,41760,stage/indoor ,0.07323187
8703,253796,41760,clothing_store ,0.038932417
8704,253796,41760,ballroom ,0.021518921
8705,253796,41784,museum/indoor ,0.9379077
8706,253796,41784,dressing_room ,0.025713611
8707,253796,41784,clean_room ,0.008445658
8708,253796,41784,science_museum ,0.007560841
8709,253796,41784,clothing_store ,0.006125513
8710,253796,41808,museum/indoor ,0.7614104
8711,253796,41808,dressing_room ,0.19660044
8712,253796,41808,clean_room ,0.014090232
8713,253796,41808,stage/indoor ,0.007262623
8714,253796,41808,clothing_store ,0.0063828975
8715,253796,41832,museum/indoor ,0.8460087
8716,253796,41832,dressing_room ,0.120454244
8717,253796,41832,clean_room ,0.014564743
8718,253796,41832,clothing_store ,0.009836173
8719,253796,41832,science_museum ,0.0029372964
8720,253796,41856,museum/indoor ,0.8074643
8721,253796,41856,dressing_room ,0.153039
8722,253796,41856,clean_room ,0.011198232
8723,253796,41856,clothing_store ,0.0081321625
8724,253796,41856,stage/indoor ,0.0072201593
8725,253796,41880,dressing_room ,0.8510263
8726,253796,41880,museum/indoor ,0.11883862
8727,253796,41880,clean_room ,0.013159136
8728,253796,41880,clothing_store ,0.00935581
8729,253796,41880,stage/indoor ,0.0013645747
8730,253796,41904,museum/indoor ,0.724981
8731,253796,41904,dressing_room ,0.21600331
8732,253796,41904,clean_room ,0.024881694
8733,253796,41904,stage/indoor ,0.01206017
8734,253796,41904,science_museum ,0.0046153446
8735,253796,41928,museum/indoor ,0.7026403
8736,253796,41928,archive ,0.14131452
8737,253796,41928,nursery ,0.019701805
8738,253796,41928,natural_history_museum ,0.015609872
8739,253796,41928,clean_room ,0.01106683
8740,253796,41952,museum/indoor ,0.71482784
8741,253796,41952,archive ,0.17031549
8742,253796,41952,natural_history_museum ,0.014915889
8743,253796,41952,nursery ,0.010962704
8744,253796,41952,clean_room ,0.010850568
8745,253796,41976,dressing_room ,0.5671939
8746,253796,41976,museum/indoor ,0.3626325
8747,253796,41976,clean_room ,0.025704576
8748,253796,41976,clothing_store ,0.010506857
8749,253796,41976,stage/indoor ,0.010496932
8750,253796,42000,museum/indoor ,0.66820866
8751,253796,42000,dressing_room ,0.2965599
8752,253796,42000,clothing_store ,0.01436984
8753,253796,42000,stage/indoor ,0.0051771495
8754,253796,42000,clean_room ,0.004250545
8755,253796,42024,museum/indoor ,0.5399502
8756,253796,42024,dressing_room ,0.44160995
8757,253796,42024,clean_room ,0.007179078
8758,253796,42024,stage/indoor ,0.0034446677
8759,253796,42024,clothing_store ,0.002178797
8760,253796,42048,dressing_room ,0.54180676
8761,253796,42048,museum/indoor ,0.3730729
8762,253796,42048,clothing_store ,0.030687422
8763,253796,42048,clean_room ,0.01732897
8764,253796,42048,stage/indoor ,0.011771483
8765,253796,42072,museum/indoor ,0.5919693
8766,253796,42072,dressing_room ,0.34935486
8767,253796,42072,clean_room ,0.031502686
8768,253796,42072,clothing_store ,0.012293374
8769,253796,42072,science_museum ,0.0038036562
8770,253796,42096,dressing_room ,0.8361604
8771,253796,42096,museum/indoor ,0.12762545
8772,253796,42096,clean_room ,0.012366125
8773,253796,42096,clothing_store ,0.011856285
8774,253796,42096,stage/indoor ,0.0038658592
8775,253796,42120,dressing_room ,0.49294844
8776,253796,42120,museum/indoor ,0.43263245
8777,253796,42120,clean_room ,0.042507194
8778,253796,42120,clothing_store ,0.0075476537
8779,253796,42120,stage/indoor ,0.0057648052
8780,253796,42144,banquet_hall ,0.6993712
8781,253796,42144,ballroom ,0.15089104
8782,253796,42144,dining_hall ,0.09174839
8783,253796,42144,dining_room ,0.027736556
8784,253796,42144,museum/indoor ,0.004670436
8785,253796,42168,banquet_hall ,0.7775285
8786,253796,42168,dining_hall ,0.10075472
8787,253796,42168,dining_room ,0.06347349
8788,253796,42168,ballroom ,0.04018182
8789,253796,42168,restaurant ,0.006772294
8790,253796,42192,banquet_hall ,0.6529713
8791,253796,42192,dining_room ,0.14029558
8792,253796,42192,dining_hall ,0.09136811
8793,253796,42192,ballroom ,0.08896773
8794,253796,42192,dressing_room ,0.010609004
8795,253796,42216,banquet_hall ,0.68753344
8796,253796,42216,ballroom ,0.16889545
8797,253796,42216,dining_hall ,0.08453261
8798,253796,42216,dining_room ,0.041344997
8799,253796,42216,dressing_room ,0.007304293
8800,253796,42240,banquet_hall ,0.79429805
8801,253796,42240,dining_hall ,0.082354076
8802,253796,42240,ballroom ,0.079137005
8803,253796,42240,dining_room ,0.02744642
8804,253796,42240,restaurant ,0.0060389386
8805,253796,42264,banquet_hall ,0.65587944
8806,253796,42264,ballroom ,0.16409564
8807,253796,42264,dining_hall ,0.07231526
8808,253796,42264,dressing_room ,0.050932817
8809,253796,42264,dining_room ,0.020344283
8810,253796,42288,dressing_room ,0.6481788
8811,253796,42288,banquet_hall ,0.1757186
8812,253796,42288,ballroom ,0.123096064
8813,253796,42288,dining_hall ,0.016293487
8814,253796,42288,dining_room ,0.010648938
8815,253796,42312,dressing_room ,0.7070413
8816,253796,42312,museum/indoor ,0.106377855
8817,253796,42312,ballroom ,0.055135395
8818,253796,42312,banquet_hall ,0.020522347
8819,253796,42312,beauty_salon ,0.019635784
8820,253796,42336,banquet_hall ,0.53473
8821,253796,42336,dressing_room ,0.17726986
8822,253796,42336,ballroom ,0.14888364
8823,253796,42336,dining_hall ,0.045685194
8824,253796,42336,museum/indoor ,0.037952743
8825,253796,42360,dressing_room ,0.42611572
8826,253796,42360,banquet_hall ,0.28485656
8827,253796,42360,dining_room ,0.07110081
8828,253796,42360,ballroom ,0.05889182
8829,253796,42360,dining_hall ,0.05576383
8830,253796,42384,banquet_hall ,0.31258783
8831,253796,42384,dressing_room ,0.2711113
8832,253796,42384,dining_hall ,0.08113028
8833,253796,42384,dining_room ,0.07786188
8834,253796,42384,restaurant ,0.07279937
8835,253796,42408,banquet_hall ,0.3990436
8836,253796,42408,dining_room ,0.16842738
8837,253796,42408,dining_hall ,0.11312242
8838,253796,42408,dressing_room ,0.07818055
8839,253796,42408,restaurant ,0.057715155
8840,253796,42432,banquet_hall ,0.66379344
8841,253796,42432,dining_hall ,0.14557028
8842,253796,42432,dining_room ,0.08683847
8843,253796,42432,restaurant ,0.039474912
8844,253796,42432,cafeteria ,0.016205585
8845,253796,42456,dressing_room ,0.6878031
8846,253796,42456,discotheque ,0.08781883
8847,253796,42456,stage/indoor ,0.04769262
8848,253796,42456,beauty_salon ,0.038709056
8849,253796,42456,museum/indoor ,0.030557612
8850,253796,42480,dressing_room ,0.8266173
8851,253796,42480,discotheque ,0.041858
8852,253796,42480,beauty_salon ,0.019796751
8853,253796,42480,clean_room ,0.01870831
8854,253796,42480,museum/indoor ,0.018573523
8855,253796,42504,dressing_room ,0.34309834
8856,253796,42504,discotheque ,0.11932164
8857,253796,42504,clean_room ,0.11040859
8858,253796,42504,beauty_salon ,0.06216504
8859,253796,42504,chemistry_lab ,0.040647335
8860,253796,42528,clean_room ,0.32179284
8861,253796,42528,chemistry_lab ,0.11758531
8862,253796,42528,biology_laboratory ,0.11654481
8863,253796,42528,art_gallery ,0.07338727
8864,253796,42528,museum/indoor ,0.034252513
8865,253796,42552,clean_room ,0.2354601
8866,253796,42552,art_gallery ,0.11282931
8867,253796,42552,iceberg ,0.09727798
8868,253796,42552,operating_room ,0.06738371
8869,253796,42552,museum/indoor ,0.0627409
8870,253796,42576,clean_room ,0.20805988
8871,253796,42576,art_gallery ,0.165926
8872,253796,42576,museum/indoor ,0.1653384
8873,253796,42576,bow_window/indoor ,0.07520056
8874,253796,42576,art_studio ,0.071013935
8875,253796,42600,museum/indoor ,0.36573246
8876,253796,42600,clean_room ,0.32294682
8877,253796,42600,beauty_salon ,0.04394345
8878,253796,42600,jewelry_shop ,0.038958736
8879,253796,42600,chemistry_lab ,0.022959948
8880,253796,42624,museum/indoor ,0.38403678
8881,253796,42624,clean_room ,0.28450924
8882,253796,42624,jewelry_shop ,0.06584577
8883,253796,42624,beauty_salon ,0.043409437
8884,253796,42624,chemistry_lab ,0.036533363
8885,253796,42648,clean_room ,0.46435174
8886,253796,42648,museum/indoor ,0.2272668
8887,253796,42648,art_gallery ,0.10001681
8888,253796,42648,art_studio ,0.04603751
8889,253796,42648,chemistry_lab ,0.028839527
8890,253796,42672,museum/indoor ,0.45204353
8891,253796,42672,clean_room ,0.1734898
8892,253796,42672,art_gallery ,0.11490762
8893,253796,42672,art_studio ,0.05714711
8894,253796,42672,chemistry_lab ,0.045039777
8895,253796,42696,jewelry_shop ,0.33172974
8896,253796,42696,museum/indoor ,0.2917719
8897,253796,42696,art_gallery ,0.09326471
8898,253796,42696,clean_room ,0.081839
8899,253796,42696,chemistry_lab ,0.061624274
8900,253796,42720,jewelry_shop ,0.7019645
8901,253796,42720,museum/indoor ,0.094359025
8902,253796,42720,chemistry_lab ,0.08106162
8903,253796,42720,clean_room ,0.054785304
8904,253796,42720,physics_laboratory ,0.021579674
8905,253796,42744,clean_room ,0.43006232
8906,253796,42744,museum/indoor ,0.1985911
8907,253796,42744,jewelry_shop ,0.14624892
8908,253796,42744,chemistry_lab ,0.05938661
8909,253796,42744,art_gallery ,0.042721085
8910,253796,42768,clean_room ,0.2495835
8911,253796,42768,museum/indoor ,0.11039099
8912,253796,42768,art_gallery ,0.08834131
8913,253796,42768,shower ,0.084685735
8914,253796,42768,iceberg ,0.054563407
8915,253796,42792,museum/indoor ,0.4426073
8916,253796,42792,clean_room ,0.15144257
8917,253796,42792,stage/indoor ,0.084077656
8918,253796,42792,art_gallery ,0.05854467
8919,253796,42792,dressing_room ,0.05210538
8920,253796,42816,dressing_room ,0.41754627
8921,253796,42816,clean_room ,0.22179079
8922,253796,42816,discotheque ,0.102080435
8923,253796,42816,chemistry_lab ,0.036763538
8924,253796,42816,music_studio ,0.034228325
8925,253796,42840,clean_room ,0.3767868
8926,253796,42840,museum/indoor ,0.15832233
8927,253796,42840,dressing_room ,0.11521152
8928,253796,42840,art_gallery ,0.06831377
8929,253796,42840,music_studio ,0.036195133
8930,253796,42864,clean_room ,0.6970381
8931,253796,42864,museum/indoor ,0.10091487
8932,253796,42864,clothing_store ,0.027417578
8933,253796,42864,art_gallery ,0.026353061
8934,253796,42864,dressing_room ,0.016808504
8935,253796,42888,museum/indoor ,0.3855199
8936,253796,42888,dressing_room ,0.19734138
8937,253796,42888,art_gallery ,0.13528955
8938,253796,42888,stage/indoor ,0.06873759
8939,253796,42888,clean_room ,0.060898535
8940,253796,42912,dressing_room ,0.7639141
8941,253796,42912,discotheque ,0.083915435
8942,253796,42912,clean_room ,0.037060887
8943,253796,42912,ballroom ,0.012759043
8944,253796,42912,beauty_salon ,0.012738938
8945,253796,42936,clean_room ,0.25425732
8946,253796,42936,banquet_hall ,0.2031829
8947,253796,42936,dressing_room ,0.11555228
8948,253796,42936,ballroom ,0.091484115
8949,253796,42936,museum/indoor ,0.07710585
8950,253796,42960,nursery ,0.79031247
8951,253796,42960,dressing_room ,0.06204213
8952,253796,42960,museum/indoor ,0.037186157
8953,253796,42960,closet ,0.01736557
8954,253796,42960,clothing_store ,0.015468786
8955,253796,42984,nursery ,0.70791346
8956,253796,42984,museum/indoor ,0.074488185
8957,253796,42984,dressing_room ,0.06680606
8958,253796,42984,bow_window/indoor ,0.01895583
8959,253796,42984,closet ,0.0179886
8960,253796,43008,dressing_room ,0.990593
8961,253796,43008,clean_room ,0.002203312
8962,253796,43008,beauty_salon ,0.0018716105
8963,253796,43008,museum/indoor ,0.0014215397
8964,253796,43008,art_gallery ,0.00067341747
8965,253796,43032,dressing_room ,0.8277292
8966,253796,43032,clean_room ,0.10025477
8967,253796,43032,museum/indoor ,0.04796145
8968,253796,43032,art_gallery ,0.009255737
8969,253796,43032,locker_room ,0.002030576
8970,253796,43056,dressing_room ,0.43430945
8971,253796,43056,clean_room ,0.33580682
8972,253796,43056,museum/indoor ,0.07566812
8973,253796,43056,nursing_home ,0.06892428
8974,253796,43056,archive ,0.033410084
8975,253796,43080,dressing_room ,0.57544667
8976,253796,43080,clean_room ,0.17036326
8977,253796,43080,museum/indoor ,0.14918841
8978,253796,43080,nursing_home ,0.03298758
8979,253796,43080,archive ,0.021072803
8980,253796,43104,museum/indoor ,0.52939385
8981,253796,43104,dressing_room ,0.21780196
8982,253796,43104,clean_room ,0.14097722
8983,253796,43104,art_gallery ,0.035395168
8984,253796,43104,nursing_home ,0.02887338
8985,253796,43128,archive ,0.09147031
8986,253796,43128,clean_room ,0.09079917
8987,253796,43128,museum/indoor ,0.075461745
8988,253796,43128,chemistry_lab ,0.07421818
8989,253796,43128,banquet_hall ,0.060162142
8990,253796,43152,nursing_home ,0.14763792
8991,253796,43152,banquet_hall ,0.1197224
8992,253796,43152,clean_room ,0.11507322
8993,253796,43152,archive ,0.07082023
8994,253796,43152,chemistry_lab ,0.048885275
8995,253796,43176,dressing_room ,0.3070911
8996,253796,43176,museum/indoor ,0.10841718
8997,253796,43176,banquet_hall ,0.047058072
8998,253796,43176,clean_room ,0.04608405
8999,253796,43176,nursing_home ,0.035888292
9000,253796,43200,museum/indoor ,0.32171294
9001,253796,43200,dressing_room ,0.12091395
9002,253796,43200,nursing_home ,0.06281967
9003,253796,43200,clean_room ,0.053894375
9004,253796,43200,banquet_hall ,0.03448628
9005,253796,43224,dressing_room ,0.2246647
9006,253796,43224,clean_room ,0.13474914
9007,253796,43224,jewelry_shop ,0.118558094
9008,253796,43224,banquet_hall ,0.087806866
9009,253796,43224,ballroom ,0.08351243
9010,253796,43248,dressing_room ,0.3079188
9011,253796,43248,museum/indoor ,0.20342019
9012,253796,43248,clean_room ,0.15288377
9013,253796,43248,jewelry_shop ,0.046325207
9014,253796,43248,clothing_store ,0.03446296
9015,253796,43272,clean_room ,0.22753349
9016,253796,43272,dressing_room ,0.14274304
9017,253796,43272,nursing_home ,0.10301397
9018,253796,43272,museum/indoor ,0.053783033
9019,253796,43272,banquet_hall ,0.04335526
9020,253796,43296,nursery ,0.74838203
9021,253796,43296,dressing_room ,0.06598281
9022,253796,43296,closet ,0.030658677
9023,253796,43296,museum/indoor ,0.027884047
9024,253796,43296,bow_window/indoor ,0.016551651
9025,253796,43320,nursery ,0.8120354
9026,253796,43320,museum/indoor ,0.027947186
9027,253796,43320,bow_window/indoor ,0.02549775
9028,253796,43320,dressing_room ,0.024427619
9029,253796,43320,closet ,0.023852393
9030,253796,43344,nursery ,0.7132475
9031,253796,43344,museum/indoor ,0.061833266
9032,253796,43344,bow_window/indoor ,0.049802028
9033,253796,43344,dressing_room ,0.032546468
9034,253796,43344,closet ,0.025503028
9035,253796,43368,museum/indoor ,0.5250884
9036,253796,43368,banquet_hall ,0.062823854
9037,253796,43368,ballroom ,0.06064339
9038,253796,43368,art_gallery ,0.03450838
9039,253796,43368,jewelry_shop ,0.03430059
9040,253796,43392,banquet_hall ,0.2595539
9041,253796,43392,dressing_room ,0.14608277
9042,253796,43392,jewelry_shop ,0.14230534
9043,253796,43392,ballroom ,0.11722028
9044,253796,43392,clean_room ,0.070834294
9045,253796,43416,museum/indoor ,0.33447638
9046,253796,43416,banquet_hall ,0.122835234
9047,253796,43416,ballroom ,0.102178164
9048,253796,43416,dressing_room ,0.09037337
9049,253796,43416,jewelry_shop ,0.069134764
9050,253796,43440,dressing_room ,0.27298364
9051,253796,43440,ballroom ,0.120567665
9052,253796,43440,banquet_hall ,0.11902071
9053,253796,43440,museum/indoor ,0.09668215
9054,253796,43440,jewelry_shop ,0.04990335
9055,253796,43464,museum/indoor ,0.26022112
9056,253796,43464,ballroom ,0.2180558
9057,253796,43464,banquet_hall ,0.16422102
9058,253796,43464,dressing_room ,0.07098152
9059,253796,43464,stage/indoor ,0.05871507
9060,253796,43488,dressing_room ,0.51973766
9061,253796,43488,clean_room ,0.17648359
9062,253796,43488,chemistry_lab ,0.04284375
9063,253796,43488,clothing_store ,0.03689775
9064,253796,43488,hospital_room ,0.029271746
9065,253796,43512,nursery ,0.27804503
9066,253796,43512,museum/indoor ,0.25344262
9067,253796,43512,dressing_room ,0.08482418
9068,253796,43512,art_gallery ,0.060632728
9069,253796,43512,archive ,0.045090355
9070,253796,43536,nursery ,0.32501164
9071,253796,43536,museum/indoor ,0.26938862
9072,253796,43536,dressing_room ,0.08158882
9073,253796,43536,art_gallery ,0.04950656
9074,253796,43536,bow_window/indoor ,0.046575863
9075,253796,43560,dressing_room ,0.86632574
9076,253796,43560,museum/indoor ,0.060336784
9077,253796,43560,clean_room ,0.027227972
9078,253796,43560,art_gallery ,0.0125643145
9079,253796,43560,nursing_home ,0.008402556
9080,253796,43584,dressing_room ,0.5120656
9081,253796,43584,museum/indoor ,0.24361032
9082,253796,43584,art_gallery ,0.08318459
9083,253796,43584,clean_room ,0.082472496
9084,253796,43584,nursing_home ,0.021153234
9085,253796,43608,museum/indoor ,0.42300394
9086,253796,43608,dressing_room ,0.20226197
9087,253796,43608,art_gallery ,0.15610212
9088,253796,43608,clean_room ,0.14390296
9089,253796,43608,art_studio ,0.01989025
9090,253796,43632,banquet_hall ,0.23145875
9091,253796,43632,ballroom ,0.15600717
9092,253796,43632,museum/indoor ,0.116981894
9093,253796,43632,dining_hall ,0.07483799
9094,253796,43632,bar ,0.07191795
9095,253796,43656,dressing_room ,0.30855492
9096,253796,43656,banquet_hall ,0.08161682
9097,253796,43656,bar ,0.07484703
9098,253796,43656,restaurant ,0.06216083
9099,253796,43656,ice_cream_parlor ,0.048889853
9100,253796,43680,stage/indoor ,0.3091499
9101,253796,43680,discotheque ,0.21667951
9102,253796,43680,museum/indoor ,0.15323906
9103,253796,43680,dressing_room ,0.0698917
9104,253796,43680,clean_room ,0.06684082
9105,253796,43704,museum/indoor ,0.34587994
9106,253796,43704,clean_room ,0.3456567
9107,253796,43704,stage/indoor ,0.06719188
9108,253796,43704,dressing_room ,0.0585348
9109,253796,43704,clothing_store ,0.037025683
9110,253796,43728,clean_room ,0.65596545
9111,253796,43728,dressing_room ,0.07810048
9112,253796,43728,museum/indoor ,0.05851002
9113,253796,43728,operating_room ,0.04495429
9114,253796,43728,clothing_store ,0.031962875
9115,253796,43752,clothing_store ,0.31069258
9116,253796,43752,dressing_room ,0.2871289
9117,253796,43752,ballroom ,0.17480075
9118,253796,43752,stage/indoor ,0.07407525
9119,253796,43752,museum/indoor ,0.0441181
9120,253796,43776,clean_room ,0.66371816
9121,253796,43776,dressing_room ,0.091348454
9122,253796,43776,operating_room ,0.05226291
9123,253796,43776,museum/indoor ,0.035958845
9124,253796,43776,hospital_room ,0.023814267
9125,253796,43800,dressing_room ,0.38318136
9126,253796,43800,locker_room ,0.13637927
9127,253796,43800,ballroom ,0.10570934
9128,253796,43800,clean_room ,0.09652403
9129,253796,43800,clothing_store ,0.062296644
9130,253796,43824,museum/indoor ,0.30479145
9131,253796,43824,ballroom ,0.26546937
9132,253796,43824,stage/indoor ,0.2126059
9133,253796,43824,dressing_room ,0.05185599
9134,253796,43824,clothing_store ,0.02975914
9135,253796,43848,dressing_room ,0.31164706
9136,253796,43848,stage/indoor ,0.16314434
9137,253796,43848,museum/indoor ,0.09375725
9138,253796,43848,clean_room ,0.080761686
9139,253796,43848,clothing_store ,0.07941639
9140,253796,43872,clothing_store ,0.37155834
9141,253796,43872,dressing_room ,0.14426397
9142,253796,43872,museum/indoor ,0.14277226
9143,253796,43872,nursery ,0.048854653
9144,253796,43872,jewelry_shop ,0.04175959
9145,253796,43896,dressing_room ,0.6516339
9146,253796,43896,clean_room ,0.09120516
9147,253796,43896,stage/indoor ,0.060993813
9148,253796,43896,museum/indoor ,0.059406027
9149,253796,43896,ballroom ,0.019563742
9150,253796,43920,chemistry_lab ,0.5541185
9151,253796,43920,clean_room ,0.15389958
9152,253796,43920,museum/indoor ,0.06960488
9153,253796,43920,dressing_room ,0.062939465
9154,253796,43920,biology_laboratory ,0.030298727
9155,253796,43944,dressing_room ,0.48723596
9156,253796,43944,museum/indoor ,0.21224323
9157,253796,43944,clean_room ,0.1266543
9158,253796,43944,chemistry_lab ,0.060013033
9159,253796,43944,beauty_salon ,0.02124112
9160,253796,43968,clean_room ,0.49084455
9161,253796,43968,dressing_room ,0.25734252
9162,253796,43968,chemistry_lab ,0.067243166
9163,253796,43968,museum/indoor ,0.029708842
9164,253796,43968,clothing_store ,0.024889989
9165,253796,43992,dressing_room ,0.7233171
9166,253796,43992,clean_room ,0.044301864
9167,253796,43992,nursery ,0.03470472
9168,253796,43992,beauty_salon ,0.026734227
9169,253796,43992,nursing_home ,0.019927911
9170,253796,44016,dressing_room ,0.6217249
9171,253796,44016,clean_room ,0.07043994
9172,253796,44016,museum/indoor ,0.06041538
9173,253796,44016,beauty_salon ,0.042466566
9174,253796,44016,nursing_home ,0.026661254
9175,253796,44040,dressing_room ,0.4216002
9176,253796,44040,nursery ,0.09130265
9177,253796,44040,clean_room ,0.0799899
9178,253796,44040,nursing_home ,0.07545903
9179,253796,44040,museum/indoor ,0.07296254
9180,253796,44064,clean_room ,0.4465221
9181,253796,44064,dressing_room ,0.17089695
9182,253796,44064,nursing_home ,0.077827655
9183,253796,44064,hospital_room ,0.054047342
9184,253796,44064,nursery ,0.047738887
9185,253796,44088,clean_room ,0.6402045
9186,253796,44088,dressing_room ,0.073273316
9187,253796,44088,discotheque ,0.05444992
9188,253796,44088,locker_room ,0.029564073
9189,253796,44088,chemistry_lab ,0.025638307
9190,253796,44112,dressing_room ,0.6690156
9191,253796,44112,museum/indoor ,0.080899216
9192,253796,44112,clean_room ,0.038464725
9193,253796,44112,nursery ,0.0313244
9194,253796,44112,locker_room ,0.018825559
9195,253796,44136,dressing_room ,0.6310079
9196,253796,44136,locker_room ,0.19882698
9197,253796,44136,clean_room ,0.09042516
9198,253796,44136,discotheque ,0.00894071
9199,253796,44136,martial_arts_gym ,0.0080192555
9200,253796,44160,dressing_room ,0.10577997
9201,253796,44160,stage/indoor ,0.10370462
9202,253796,44160,clean_room ,0.09331987
9203,253796,44160,discotheque ,0.07333784
9204,253796,44160,archive ,0.06517679
9205,253796,44184,discotheque ,0.49661395
9206,253796,44184,stage/indoor ,0.14446639
9207,253796,44184,dressing_room ,0.1375729
9208,253796,44184,music_studio ,0.059909955
9209,253796,44184,locker_room ,0.033456847
9210,253796,44208,classroom ,0.22570592
9211,253796,44208,martial_arts_gym ,0.22053526
9212,253796,44208,locker_room ,0.068853155
9213,253796,44208,archive ,0.066923104
9214,253796,44208,nursery ,0.05854491
9215,253796,44232,bedroom ,0.15291019
9216,253796,44232,clean_room ,0.12952024
9217,253796,44232,nursery ,0.085233115
9218,253796,44232,dressing_room ,0.050310493
9219,253796,44232,hotel_room ,0.04450331
9220,253796,44256,martial_arts_gym ,0.5645154
9221,253796,44256,dressing_room ,0.16689685
9222,253796,44256,museum/indoor ,0.12698284
9223,253796,44256,science_museum ,0.03203613
9224,253796,44256,art_gallery ,0.03080514
9225,253796,44280,dressing_room ,0.8431507
9226,253796,44280,discotheque ,0.05167387
9227,253796,44280,clean_room ,0.031334106
9228,253796,44280,locker_room ,0.01526114
9229,253796,44280,elevator/door ,0.008975514
9230,253796,44304,clean_room ,0.21011968
9231,253796,44304,elevator/door ,0.12012767
9232,253796,44304,locker_room ,0.07892646
9233,253796,44304,science_museum ,0.07466648
9234,253796,44304,dressing_room ,0.073561095
9235,253796,44328,clean_room ,0.42056686
9236,253796,44328,dressing_room ,0.15267088
9237,253796,44328,archive ,0.09772808
9238,253796,44328,bow_window/indoor ,0.03651614
9239,253796,44328,chemistry_lab ,0.027450778
9240,253796,44352,clean_room ,0.9001174
9241,253796,44352,dressing_room ,0.015554338
9242,253796,44352,science_museum ,0.0091942465
9243,253796,44352,hospital_room ,0.008957372
9244,253796,44352,chemistry_lab ,0.008112069
9245,253796,44376,clean_room ,0.46707198
9246,253796,44376,science_museum ,0.06888077
9247,253796,44376,dressing_room ,0.06299323
9248,253796,44376,museum/indoor ,0.0600342
9249,253796,44376,chemistry_lab ,0.036002044
9250,253796,44400,dressing_room ,0.76823044
9251,253796,44400,discotheque ,0.06287602
9252,253796,44400,clean_room ,0.043061096
9253,253796,44400,chemistry_lab ,0.015459594
9254,253796,44400,clothing_store ,0.010330445
9255,253796,44424,dressing_room ,0.5578019
9256,253796,44424,clean_room ,0.1648713
9257,253796,44424,clothing_store ,0.03980377
9258,253796,44424,shower ,0.020869333
9259,253796,44424,closet ,0.017863471
9260,253796,44448,clean_room ,0.3531248
9261,253796,44448,dressing_room ,0.101843484
9262,253796,44448,archive ,0.08970093
9263,253796,44448,museum/indoor ,0.061589547
9264,253796,44448,locker_room ,0.0329526
9265,253796,44472,dressing_room ,0.55916625
9266,253796,44472,clean_room ,0.33067286
9267,253796,44472,locker_room ,0.03946128
9268,253796,44472,hospital_room ,0.01023964
9269,253796,44472,chemistry_lab ,0.006042996
9270,253796,44496,clean_room ,0.7525643
9271,253796,44496,museum/indoor ,0.074350834
9272,253796,44496,locker_room ,0.019312518
9273,253796,44496,dressing_room ,0.018901942
9274,253796,44496,operating_room ,0.018336857
9275,253796,44520,clean_room ,0.5169014
9276,253796,44520,dressing_room ,0.45042008
9277,253796,44520,operating_room ,0.0057699117
9278,253796,44520,discotheque ,0.003733038
9279,253796,44520,locker_room ,0.0026843508
9280,253796,44544,dressing_room ,0.73371845
9281,253796,44544,clean_room ,0.18954001
9282,253796,44544,chemistry_lab ,0.028801784
9283,253796,44544,hospital_room ,0.00982054
9284,253796,44544,nursing_home ,0.008527043
9285,253796,44568,clean_room ,0.5043767
9286,253796,44568,martial_arts_gym ,0.20254871
9287,253796,44568,dressing_room ,0.066619545
9288,253796,44568,chemistry_lab ,0.03610654
9289,253796,44568,nursery ,0.035174634
9290,253796,44592,dressing_room ,0.32346642
9291,253796,44592,clean_room ,0.16247596
9292,253796,44592,locker_room ,0.12720913
9293,253796,44592,museum/indoor ,0.0903315
9294,253796,44592,operating_room ,0.027352424
9295,253796,44616,clean_room ,0.2897388
9296,253796,44616,museum/indoor ,0.22134094
9297,253796,44616,jewelry_shop ,0.04602263
9298,253796,44616,beauty_salon ,0.04521989
9299,253796,44616,gift_shop ,0.036429875
9300,253796,44640,clean_room ,0.33036646
9301,253796,44640,museum/indoor ,0.19028118
9302,253796,44640,dressing_room ,0.083020076
9303,253796,44640,beauty_salon ,0.06322469
9304,253796,44640,chemistry_lab ,0.043001253
9305,253796,44664,museum/indoor ,0.63628876
9306,253796,44664,clean_room ,0.05433043
9307,253796,44664,chemistry_lab ,0.038673177
9308,253796,44664,beauty_salon ,0.023315106
9309,253796,44664,ice_cream_parlor ,0.017068801
9310,253796,44688,dressing_room ,0.76042354
9311,253796,44688,clean_room ,0.10927373
9312,253796,44688,stage/indoor ,0.05106954
9313,253796,44688,discotheque ,0.022393892
9314,253796,44688,museum/indoor ,0.020380558
9315,253796,44712,clean_room ,0.22348355
9316,253796,44712,discotheque ,0.19474337
9317,253796,44712,stage/indoor ,0.13526165
9318,253796,44712,dressing_room ,0.1052497
9319,253796,44712,museum/indoor ,0.071185365
9320,253796,44736,dressing_room ,0.4571025
9321,253796,44736,museum/indoor ,0.27007964
9322,253796,44736,clean_room ,0.15853544
9323,253796,44736,art_gallery ,0.041623525
9324,253796,44736,stage/indoor ,0.010409623
9325,253796,44760,dressing_room ,0.4483084
9326,253796,44760,clean_room ,0.3504937
9327,253796,44760,museum/indoor ,0.07491163
9328,253796,44760,chemistry_lab ,0.032939956
9329,253796,44760,art_gallery ,0.0123788165
9330,253796,44784,clean_room ,0.8791026
9331,253796,44784,dressing_room ,0.08501718
9332,253796,44784,museum/indoor ,0.018829904
9333,253796,44784,art_gallery ,0.0057264934
9334,253796,44784,chemistry_lab ,0.002710083
9335,253796,44808,dressing_room ,0.42916313
9336,253796,44808,clean_room ,0.26801077
9337,253796,44808,museum/indoor ,0.23969017
9338,253796,44808,art_gallery ,0.0145158665
9339,253796,44808,science_museum ,0.010277214
9340,253796,44832,dressing_room ,0.60588944
9341,253796,44832,clean_room ,0.15671791
9342,253796,44832,museum/indoor ,0.07850184
9343,253796,44832,ice_cream_parlor ,0.02495832
9344,253796,44832,stage/indoor ,0.018738074
9345,253796,44856,clean_room ,0.34252122
9346,253796,44856,museum/indoor ,0.31014442
9347,253796,44856,dressing_room ,0.11429668
9348,253796,44856,art_gallery ,0.10454699
9349,253796,44856,science_museum ,0.019917684
9350,253796,44880,dressing_room ,0.545519
9351,253796,44880,clean_room ,0.35113594
9352,253796,44880,office ,0.014704927
9353,253796,44880,locker_room ,0.011926666
9354,253796,44880,elevator/door ,0.009036612
9355,253796,44904,clean_room ,0.49511006
9356,253796,44904,museum/indoor ,0.32940102
9357,253796,44904,dressing_room ,0.07096945
9358,253796,44904,art_gallery ,0.024255788
9359,253796,44904,stage/indoor ,0.014900496
9360,253796,44928,clean_room ,0.8151169
9361,253796,44928,dressing_room ,0.08056092
9362,253796,44928,museum/indoor ,0.06438706
9363,253796,44928,art_gallery ,0.009861973
9364,253796,44928,science_museum ,0.0041263816
9365,253796,44952,dressing_room ,0.3118746
9366,253796,44952,discotheque ,0.29246542
9367,253796,44952,stage/indoor ,0.09206265
9368,253796,44952,museum/indoor ,0.086825825
9369,253796,44952,locker_room ,0.08275922
9370,253796,44976,dressing_room ,0.4214865
9371,253796,44976,museum/indoor ,0.3027105
9372,253796,44976,discotheque ,0.061416082
9373,253796,44976,clean_room ,0.038719755
9374,253796,44976,art_gallery ,0.037147433
9375,253796,45000,dressing_room ,0.6396273
9376,253796,45000,clean_room ,0.16409278
9377,253796,45000,locker_room ,0.12244309
9378,253796,45000,discotheque ,0.027210312
9379,253796,45000,stage/indoor ,0.013274597
9380,253796,45024,dressing_room ,0.526051
9381,253796,45024,clean_room ,0.44344512
9382,253796,45024,museum/indoor ,0.016080419
9383,253796,45024,art_gallery ,0.003802516
9384,253796,45024,locker_room ,0.0023745124
9385,253796,45048,clean_room ,0.97011054
9386,253796,45048,dressing_room ,0.023301922
9387,253796,45048,operating_room ,0.0010902301
9388,253796,45048,nursing_home ,0.0010115061
9389,253796,45048,hospital_room ,0.0009018271
9390,253796,45072,clean_room ,0.97331053
9391,253796,45072,museum/indoor ,0.0043364353
9392,253796,45072,art_gallery ,0.0042425552
9393,253796,45072,science_museum ,0.0035011885
9394,253796,45072,stage/indoor ,0.0028034681
9395,253796,45096,clean_room ,0.9774709
9396,253796,45096,dressing_room ,0.017833069
9397,253796,45096,museum/indoor ,0.0013086635
9398,253796,45096,locker_room ,0.00070845237
9399,253796,45096,elevator/door ,0.0005154243
9400,253796,45120,dressing_room ,0.86564255
9401,253796,45120,clean_room ,0.09242065
9402,253796,45120,museum/indoor ,0.028303424
9403,253796,45120,art_gallery ,0.0024007896
9404,253796,45120,operating_room ,0.0014765919
9405,253796,45144,dressing_room ,0.86932355
9406,253796,45144,stage/indoor ,0.08313402
9407,253796,45144,discotheque ,0.023743724
9408,253796,45144,museum/indoor ,0.009598749
9409,253796,45144,music_studio ,0.0046133157
9410,253796,45168,museum/indoor ,0.6384792
9411,253796,45168,art_gallery ,0.22860402
9412,253796,45168,dressing_room ,0.09302605
9413,253796,45168,stage/indoor ,0.009515362
9414,253796,45168,natural_history_museum ,0.006807018
9415,253796,45192,dressing_room ,0.72100866
9416,253796,45192,clean_room ,0.12265735
9417,253796,45192,archive ,0.035583265
9418,253796,45192,nursery ,0.017841136
9419,253796,45192,stage/indoor ,0.013513512
9420,253796,45216,museum/indoor ,0.37916997
9421,253796,45216,dressing_room ,0.25519225
9422,253796,45216,art_gallery ,0.1001533
9423,253796,45216,archive ,0.06154069
9424,253796,45216,clean_room ,0.058200356
9425,253796,45240,museum/indoor ,0.5219692
9426,253796,45240,art_gallery ,0.13875037
9427,253796,45240,clean_room ,0.07673726
9428,253796,45240,iceberg ,0.07378421
9429,253796,45240,dressing_room ,0.026490103
9430,253796,45264,museum/indoor ,0.6993575
9431,253796,45264,art_gallery ,0.08373858
9432,253796,45264,clean_room ,0.065864585
9433,253796,45264,stage/indoor ,0.044316404
9434,253796,45264,martial_arts_gym ,0.033846352
9435,253796,45288,stage/indoor ,0.5781295
9436,253796,45288,music_studio ,0.09892845
9437,253796,45288,discotheque ,0.081891395
9438,253796,45288,martial_arts_gym ,0.053971753
9439,253796,45288,museum/indoor ,0.045029424
9440,253796,45312,clean_room ,0.26590085
9441,253796,45312,museum/indoor ,0.23882821
9442,253796,45312,stage/indoor ,0.18861866
9443,253796,45312,archive ,0.09179627
9444,253796,45312,lecture_room ,0.033193972
9445,253796,45336,clean_room ,0.32685864
9446,253796,45336,dressing_room ,0.26353046
9447,253796,45336,stage/indoor ,0.07454309
9448,253796,45336,museum/indoor ,0.048211005
9449,253796,45336,discotheque ,0.04314256
9450,253796,45360,museum/indoor ,0.6146225
9451,253796,45360,dressing_room ,0.09882433
9452,253796,45360,clean_room ,0.06085697
9453,253796,45360,art_gallery ,0.057733398
9454,253796,45360,archive ,0.0331231
9455,253796,45384,dressing_room ,0.3908479
9456,253796,45384,clean_room ,0.23844887
9457,253796,45384,museum/indoor ,0.05867985
9458,253796,45384,stage/indoor ,0.042042594
9459,253796,45384,nursery ,0.041371405
9460,253796,45408,clean_room ,0.25264186
9461,253796,45408,dressing_room ,0.21644212
9462,253796,45408,nursery ,0.11622062
9463,253796,45408,museum/indoor ,0.08571811
9464,253796,45408,archive ,0.052439723
9465,253796,45432,dressing_room ,0.74157035
9466,253796,45432,stage/indoor ,0.05547903
9467,253796,45432,museum/indoor ,0.053864453
9468,253796,45432,clean_room ,0.029439835
9469,253796,45432,nursing_home ,0.024032261
9470,253796,45456,dressing_room ,0.81755483
9471,253796,45456,museum/indoor ,0.13964483
9472,253796,45456,clean_room ,0.009217552
9473,253796,45456,nursing_home ,0.009110043
9474,253796,45456,stage/indoor ,0.0067119133
9475,253796,45480,dressing_room ,0.4648756
9476,253796,45480,clean_room ,0.28460535
9477,253796,45480,nursing_home ,0.077990495
9478,253796,45480,museum/indoor ,0.066283286
9479,253796,45480,stage/indoor ,0.020854613
9480,253796,45504,dressing_room ,0.66307974
9481,253796,45504,museum/indoor ,0.19191432
9482,253796,45504,stage/indoor ,0.038340133
9483,253796,45504,clean_room ,0.029960016
9484,253796,45504,art_gallery ,0.010839379
9485,253796,45528,dressing_room ,0.8627861
9486,253796,45528,stage/indoor ,0.043002233
9487,253796,45528,museum/indoor ,0.039621636
9488,253796,45528,music_studio ,0.016926235
9489,253796,45528,clean_room ,0.0098997615
9490,253796,45552,dressing_room ,0.8760779
9491,253796,45552,museum/indoor ,0.07511009
9492,253796,45552,stage/indoor ,0.02536113
9493,253796,45552,clean_room ,0.0053210948
9494,253796,45552,discotheque ,0.0035589447
9495,253796,45576,dressing_room ,0.7265189
9496,253796,45576,museum/indoor ,0.15722673
9497,253796,45576,clean_room ,0.03856396
9498,253796,45576,stage/indoor ,0.030302703
9499,253796,45576,art_gallery ,0.011632691
9500,253796,45600,banquet_hall ,0.31389466
9501,253796,45600,hospital_room ,0.17240456
9502,253796,45600,operating_room ,0.1454597
9503,253796,45600,dining_hall ,0.07906991
9504,253796,45600,clean_room ,0.07114232
9505,253796,45624,banquet_hall ,0.28805214
9506,253796,45624,hospital_room ,0.12700737
9507,253796,45624,operating_room ,0.10282458
9508,253796,45624,dining_hall ,0.08421955
9509,253796,45624,clean_room ,0.083113186
9510,253796,45648,operating_room ,0.31880477
9511,253796,45648,clean_room ,0.22549497
9512,253796,45648,hospital_room ,0.18994975
9513,253796,45648,dressing_room ,0.064173885
9514,253796,45648,banquet_hall ,0.043165207
9515,253796,45672,banquet_hall ,0.22538595
9516,253796,45672,dining_room ,0.18255757
9517,253796,45672,dining_hall ,0.15334934
9518,253796,45672,restaurant ,0.12308143
9519,253796,45672,ice_cream_parlor ,0.06343561
9520,253796,45696,hospital_room ,0.14656901
9521,253796,45696,dining_room ,0.13667259
9522,253796,45696,operating_room ,0.12822057
9523,253796,45696,banquet_hall ,0.09554979
9524,253796,45696,clean_room ,0.088000506
9525,253796,45720,operating_room ,0.19419412
9526,253796,45720,hospital_room ,0.14642781
9527,253796,45720,dressing_room ,0.14284019
9528,253796,45720,clean_room ,0.14149159
9529,253796,45720,banquet_hall ,0.041284807
9530,253796,45744,dressing_room ,0.43110102
9531,253796,45744,museum/indoor ,0.21212241
9532,253796,45744,clean_room ,0.07178196
9533,253796,45744,clothing_store ,0.05571043
9534,253796,45744,nursery ,0.049338356
9535,253796,45768,operating_room ,0.30288345
9536,253796,45768,hospital_room ,0.19701636
9537,253796,45768,clean_room ,0.170713
9538,253796,45768,dressing_room ,0.083223715
9539,253796,45768,museum/indoor ,0.052475527
9540,253796,45792,dressing_room ,0.20563605
9541,253796,45792,operating_room ,0.1408159
9542,253796,45792,clean_room ,0.14007764
9543,253796,45792,hospital_room ,0.10507121
9544,253796,45792,butchers_shop ,0.075987525
9545,253796,45816,dressing_room ,0.17082079
9546,253796,45816,hospital_room ,0.13280934
9547,253796,45816,operating_room ,0.12344002
9548,253796,45816,banquet_hall ,0.0724822
9549,253796,45816,clean_room ,0.06922726
9550,253796,45840,dressing_room ,0.48071992
9551,253796,45840,dining_room ,0.07827446
9552,253796,45840,banquet_hall ,0.07602279
9553,253796,45840,ballroom ,0.05130511
9554,253796,45840,dining_hall ,0.045433875
9555,253796,45864,museum/indoor ,0.21346419
9556,253796,45864,dressing_room ,0.18957762
9557,253796,45864,clean_room ,0.09663117
9558,253796,45864,jewelry_shop ,0.08331025
9559,253796,45864,clothing_store ,0.07364001
9560,253796,45888,museum/indoor ,0.41798618
9561,253796,45888,dressing_room ,0.2642264
9562,253796,45888,ballroom ,0.10457341
9563,253796,45888,clean_room ,0.06037924
9564,253796,45888,stage/indoor ,0.03671726
9565,253796,45912,museum/indoor ,0.75159305
9566,253796,45912,dressing_room ,0.07440785
9567,253796,45912,ballroom ,0.032424707
9568,253796,45912,art_gallery ,0.02791567
9569,253796,45912,stage/indoor ,0.023992937
9570,253796,45936,dressing_room ,0.32643193
9571,253796,45936,museum/indoor ,0.17109036
9572,253796,45936,chemistry_lab ,0.1357977
9573,253796,45936,jewelry_shop ,0.049860988
9574,253796,45936,bar ,0.045771644
9575,253796,45960,museum/indoor ,0.35015005
9576,253796,45960,dressing_room ,0.22173207
9577,253796,45960,jewelry_shop ,0.056807082
9578,253796,45960,ballroom ,0.05368598
9579,253796,45960,clean_room ,0.048883487
9580,253796,45984,museum/indoor ,0.46898338
9581,253796,45984,clean_room ,0.21509272
9582,253796,45984,dressing_room ,0.09502983
9583,253796,45984,chemistry_lab ,0.033694506
9584,253796,45984,jewelry_shop ,0.030281024
9585,253796,46008,museum/indoor ,0.66870433
9586,253796,46008,dressing_room ,0.12082745
9587,253796,46008,clean_room ,0.11914288
9588,253796,46008,stage/indoor ,0.018621838
9589,253796,46008,natural_history_museum ,0.009275897
9590,253796,46032,museum/indoor ,0.4038676
9591,253796,46032,dressing_room ,0.23205794
9592,253796,46032,carrousel ,0.082736336
9593,253796,46032,stage/indoor ,0.055625957
9594,253796,46032,clean_room ,0.046565786
9595,253796,46056,museum/indoor ,0.79381406
9596,253796,46056,dressing_room ,0.0808206
9597,253796,46056,clothing_store ,0.013955846
9598,253796,46056,stage/indoor ,0.013797564
9599,253796,46056,carrousel ,0.011578192
9600,253796,46080,museum/indoor ,0.4133961
9601,253796,46080,clean_room ,0.15737712
9602,253796,46080,dressing_room ,0.14107275
9603,253796,46080,ballroom ,0.059949
9604,253796,46080,stage/indoor ,0.059923563
9605,253796,46104,ballroom ,0.5831333
9606,253796,46104,dressing_room ,0.1470857
9607,253796,46104,museum/indoor ,0.045760244
9608,253796,46104,bar ,0.034683038
9609,253796,46104,dining_hall ,0.018747585
9610,253796,46128,museum/indoor ,0.3819344
9611,253796,46128,clean_room ,0.14720629
9612,253796,46128,ballroom ,0.13107677
9613,253796,46128,chemistry_lab ,0.10397227
9614,253796,46128,dressing_room ,0.07219815
9615,253796,46152,museum/indoor ,0.42900088
9616,253796,46152,dressing_room ,0.13515098
9617,253796,46152,clean_room ,0.1032684
9618,253796,46152,ballroom ,0.08405956
9619,253796,46152,stage/indoor ,0.052653193
9620,253796,46176,museum/indoor ,0.4757911
9621,253796,46176,clean_room ,0.17005642
9622,253796,46176,dressing_room ,0.10269655
9623,253796,46176,music_studio ,0.051455516
9624,253796,46176,stage/indoor ,0.030566614
9625,253796,46200,clean_room ,0.26846373
9626,253796,46200,museum/indoor ,0.16279516
9627,253796,46200,jewelry_shop ,0.111069806
9628,253796,46200,chemistry_lab ,0.10076699
9629,253796,46200,dressing_room ,0.093038104
9630,253796,46224,dressing_room ,0.2163091
9631,253796,46224,museum/indoor ,0.17448267
9632,253796,46224,chemistry_lab ,0.09830248
9633,253796,46224,clean_room ,0.0728244
9634,253796,46224,archive ,0.06110309
9635,253796,46248,dressing_room ,0.6505594
9636,253796,46248,clean_room ,0.15295279
9637,253796,46248,museum/indoor ,0.06179362
9638,253796,46248,locker_room ,0.020529607
9639,253796,46248,stage/indoor ,0.014136076
9640,253796,46272,clean_room ,0.57036716
9641,253796,46272,dressing_room ,0.17951815
9642,253796,46272,butchers_shop ,0.08363693
9643,253796,46272,ballroom ,0.01678898
9644,253796,46272,clothing_store ,0.016103132
9645,253796,46296,dressing_room ,0.40888014
9646,253796,46296,stage/indoor ,0.13207634
9647,253796,46296,discotheque ,0.12983859
9648,253796,46296,ballroom ,0.09557286
9649,253796,46296,bar ,0.040087704
9650,253796,46320,stage/indoor ,0.26146206
9651,253796,46320,ballroom ,0.20768662
9652,253796,46320,butchers_shop ,0.08092266
9653,253796,46320,dressing_room ,0.064140916
9654,253796,46320,clean_room ,0.06295506
9655,253796,46344,stage/indoor ,0.2340666
9656,253796,46344,ballroom ,0.18928863
9657,253796,46344,clean_room ,0.11470222
9658,253796,46344,clothing_store ,0.07900045
9659,253796,46344,museum/indoor ,0.06819481
9660,253796,46368,ballroom ,0.29881138
9661,253796,46368,stage/indoor ,0.17695734
9662,253796,46368,clothing_store ,0.08568187
9663,253796,46368,dressing_room ,0.06381707
9664,253796,46368,beauty_salon ,0.050133415
9665,253796,46392,clean_room ,0.49504146
9666,253796,46392,dressing_room ,0.13179512
9667,253796,46392,museum/indoor ,0.06916772
9668,253796,46392,beauty_salon ,0.040445603
9669,253796,46392,operating_room ,0.032165427
9670,253796,46416,museum/indoor ,0.21809906
9671,253796,46416,ballroom ,0.20098628
9672,253796,46416,clean_room ,0.18717249
9673,253796,46416,stage/indoor ,0.13281684
9674,253796,46416,dressing_room ,0.06586885
9675,253796,46440,clean_room ,0.26602447
9676,253796,46440,ballroom ,0.1339565
9677,253796,46440,museum/indoor ,0.12109627
9678,253796,46440,butchers_shop ,0.07928269
9679,253796,46440,stage/indoor ,0.079239614
9680,253796,46464,dressing_room ,0.3258095
9681,253796,46464,ballroom ,0.22579832
9682,253796,46464,clean_room ,0.1665644
9683,253796,46464,butchers_shop ,0.047646828
9684,253796,46464,museum/indoor ,0.0405264
9685,253796,46488,ballroom ,0.3211709
9686,253796,46488,clean_room ,0.23412433
9687,253796,46488,dressing_room ,0.11329462
9688,253796,46488,butchers_shop ,0.0691698
9689,253796,46488,museum/indoor ,0.0480646
9690,253796,46512,butchers_shop ,0.43016014
9691,253796,46512,clean_room ,0.14194569
9692,253796,46512,stage/indoor ,0.08469225
9693,253796,46512,ballroom ,0.079387814
9694,253796,46512,museum/indoor ,0.05161678
9695,253796,46536,dressing_room ,0.31514838
9696,253796,46536,clean_room ,0.19460571
9697,253796,46536,ballroom ,0.16188556
9698,253796,46536,stage/indoor ,0.082472555
9699,253796,46536,clothing_store ,0.049405657
9700,253796,46560,dressing_room ,0.46995524
9701,253796,46560,ballroom ,0.108579926
9702,253796,46560,clean_room ,0.10342595
9703,253796,46560,museum/indoor ,0.035714086
9704,253796,46560,beauty_salon ,0.034650985
9705,253796,46584,clean_room ,0.16542013
9706,253796,46584,dressing_room ,0.14191742
9707,253796,46584,ballroom ,0.12341105
9708,253796,46584,beauty_salon ,0.06220915
9709,253796,46584,clothing_store ,0.056292206
9710,253796,46608,clean_room ,0.3806899
9711,253796,46608,dressing_room ,0.21489766
9712,253796,46608,butchers_shop ,0.11104568
9713,253796,46608,museum/indoor ,0.059960216
9714,253796,46608,hospital_room ,0.046090607
9715,253796,46632,dressing_room ,0.32198802
9716,253796,46632,clean_room ,0.22595823
9717,253796,46632,butchers_shop ,0.07392542
9718,253796,46632,stage/indoor ,0.06059803
9719,253796,46632,ballroom ,0.05295328
9720,253796,46656,dressing_room ,0.5006
9721,253796,46656,clean_room ,0.15950364
9722,253796,46656,butchers_shop ,0.055553034
9723,253796,46656,hospital_room ,0.0363032
9724,253796,46656,beauty_salon ,0.028314352
9725,253796,46680,dressing_room ,0.25929004
9726,253796,46680,clean_room ,0.14280842
9727,253796,46680,ballroom ,0.12507002
9728,253796,46680,stage/indoor ,0.110501654
9729,253796,46680,museum/indoor ,0.08445246
9730,253796,46704,dressing_room ,0.24321347
9731,253796,46704,clean_room ,0.17936395
9732,253796,46704,museum/indoor ,0.15405473
9733,253796,46704,reception ,0.07517176
9734,253796,46704,ballroom ,0.045162953
9735,253796,46728,dressing_room ,0.38377434
9736,253796,46728,ballroom ,0.1402281
9737,253796,46728,clean_room ,0.12931679
9738,253796,46728,nursing_home ,0.06765362
9739,253796,46728,museum/indoor ,0.052089754
9740,253796,46752,dressing_room ,0.31506044
9741,253796,46752,clean_room ,0.11229724
9742,253796,46752,reception ,0.09534243
9743,253796,46752,nursing_home ,0.08735448
9744,253796,46752,ballroom ,0.057996612
9745,253796,46776,dressing_room ,0.38460883
9746,253796,46776,clean_room ,0.087959915
9747,253796,46776,ballroom ,0.06968117
9748,253796,46776,reception ,0.059322514
9749,253796,46776,nursing_home ,0.055200145
9750,253796,46800,dressing_room ,0.4067365
9751,253796,46800,museum/indoor ,0.21063069
9752,253796,46800,ballroom ,0.097137555
9753,253796,46800,stage/indoor ,0.04896561
9754,253796,46800,reception ,0.0418518
9755,253796,46824,dressing_room ,0.26276237
9756,253796,46824,museum/indoor ,0.1688274
9757,253796,46824,butchers_shop ,0.07769627
9758,253796,46824,nursing_home ,0.0762512
9759,253796,46824,clean_room ,0.06624441
9760,253796,46848,museum/indoor ,0.3657922
9761,253796,46848,butchers_shop ,0.15306927
9762,253796,46848,clean_room ,0.123574495
9763,253796,46848,stage/indoor ,0.084504664
9764,253796,46848,nursing_home ,0.044799868
9765,253796,46872,butchers_shop ,0.24044035
9766,253796,46872,museum/indoor ,0.1875602
9767,253796,46872,clean_room ,0.104736716
9768,253796,46872,dressing_room ,0.052953
9769,253796,46872,ballroom ,0.040037442
9770,253796,46896,dressing_room ,0.17660509
9771,253796,46896,butchers_shop ,0.16502555
9772,253796,46896,clean_room ,0.09417177
9773,253796,46896,museum/indoor ,0.09115098
9774,253796,46896,ballroom ,0.073897384
9775,253796,46920,ballroom ,0.35443652
9776,253796,46920,dressing_room ,0.12579492
9777,253796,46920,stage/indoor ,0.08953094
9778,253796,46920,nursing_home ,0.071461745
9779,253796,46920,clean_room ,0.05940058
9780,253796,46944,clean_room ,0.20194489
9781,253796,46944,nursing_home ,0.11575614
9782,253796,46944,dressing_room ,0.10473226
9783,253796,46944,ballroom ,0.1031769
9784,253796,46944,hospital_room ,0.078753255
9785,253796,46968,nursing_home ,0.13684851
9786,253796,46968,clean_room ,0.122005194
9787,253796,46968,ballroom ,0.09699322
9788,253796,46968,hospital_room ,0.0909409
9789,253796,46968,butchers_shop ,0.0819215
9790,253796,46992,ballroom ,0.33089796
9791,253796,46992,stage/indoor ,0.17578131
9792,253796,46992,dressing_room ,0.098299615
9793,253796,46992,clean_room ,0.07347312
9794,253796,46992,discotheque ,0.06959181
9795,253796,47016,dressing_room ,0.29970482
9796,253796,47016,ballroom ,0.14224437
9797,253796,47016,discotheque ,0.1215137
9798,253796,47016,bar ,0.093694836
9799,253796,47016,stage/indoor ,0.0723992
9800,253796,47040,dressing_room ,0.2269481
9801,253796,47040,ballroom ,0.10741955
9802,253796,47040,clean_room ,0.105190985
9803,253796,47040,butchers_shop ,0.084503494
9804,253796,47040,discotheque ,0.05894093
9805,253796,47064,nursing_home ,0.15794344
9806,253796,47064,clean_room ,0.1323805
9807,253796,47064,ballroom ,0.12482908
9808,253796,47064,stage/indoor ,0.116844326
9809,253796,47064,dressing_room ,0.09192784
9810,253796,47088,ballroom ,0.3369182
9811,253796,47088,dressing_room ,0.17183466
9812,253796,47088,discotheque ,0.13415055
9813,253796,47088,stage/indoor ,0.11398877
9814,253796,47088,nursing_home ,0.042817675
9815,253796,47112,dressing_room ,0.5686484
9816,253796,47112,ballroom ,0.14182965
9817,253796,47112,bar ,0.046969004
9818,253796,47112,discotheque ,0.035574537
9819,253796,47112,stage/indoor ,0.030660091
9820,253796,47136,dressing_room ,0.45427018
9821,253796,47136,ballroom ,0.177683
9822,253796,47136,stage/indoor ,0.09160382
9823,253796,47136,discotheque ,0.06668318
9824,253796,47136,clothing_store ,0.050823934
9825,253796,47160,dressing_room ,0.3712924
9826,253796,47160,stage/indoor ,0.1340449
9827,253796,47160,ballroom ,0.121273756
9828,253796,47160,discotheque ,0.08346796
9829,253796,47160,clean_room ,0.04636282
9830,253796,47184,dressing_room ,0.3466752
9831,253796,47184,ballroom ,0.18427327
9832,253796,47184,discotheque ,0.12272929
9833,253796,47184,clean_room ,0.10501868
9834,253796,47184,stage/indoor ,0.06812964
9835,253796,47208,dressing_room ,0.15055893
9836,253796,47208,discotheque ,0.14362188
9837,253796,47208,museum/indoor ,0.13628523
9838,253796,47208,stage/indoor ,0.11106602
9839,253796,47208,bar ,0.06855395
9840,253796,47232,shower ,0.72206825
9841,253796,47232,elevator/door ,0.035950515
9842,253796,47232,bathroom ,0.030317578
9843,253796,47232,locker_room ,0.018642891
9844,253796,47232,clean_room ,0.017893897
9845,253796,47256,barndoor ,0.26518685
9846,253796,47256,elevator/door ,0.13623375
9847,253796,47256,shower ,0.08395561
9848,253796,47256,locker_room ,0.06704491
9849,253796,47256,closet ,0.052532386
9850,253796,47280,locker_room ,0.26957282
9851,253796,47280,museum/indoor ,0.1755861
9852,253796,47280,classroom ,0.06429233
9853,253796,47280,chemistry_lab ,0.052315097
9854,253796,47280,archive ,0.051558357
9855,253796,47304,jewelry_shop ,0.66888195
9856,253796,47304,museum/indoor ,0.284103
9857,253796,47304,art_gallery ,0.009312625
9858,253796,47304,natural_history_museum ,0.00460478
9859,253796,47304,gift_shop ,0.0034361875
9860,253796,47328,jewelry_shop ,0.83041275
9861,253796,47328,clean_room ,0.025280824
9862,253796,47328,museum/indoor ,0.022359708
9863,253796,47328,butchers_shop ,0.01130994
9864,253796,47328,shoe_shop ,0.009674801
9865,253796,47352,jewelry_shop ,0.69402003
9866,253796,47352,museum/indoor ,0.059996728
9867,253796,47352,clean_room ,0.05989908
9868,253796,47352,shoe_shop ,0.01795703
9869,253796,47352,butchers_shop ,0.016797919
9870,253796,47376,jewelry_shop ,0.40393606
9871,253796,47376,museum/indoor ,0.14702591
9872,253796,47376,clean_room ,0.06819119
9873,253796,47376,chemistry_lab ,0.034609824
9874,253796,47376,physics_laboratory ,0.03125932
9875,253796,47400,museum/indoor ,0.42321005
9876,253796,47400,jewelry_shop ,0.18371987
9877,253796,47400,archive ,0.033901986
9878,253796,47400,clean_room ,0.03356486
9879,253796,47400,natural_history_museum ,0.028962927
9880,253796,47424,jewelry_shop ,0.22423227
9881,253796,47424,museum/indoor ,0.18756849
9882,253796,47424,archive ,0.10305545
9883,253796,47424,locker_room ,0.046783224
9884,253796,47424,clean_room ,0.043963905
9885,253796,47448,jewelry_shop ,0.6442984
9886,253796,47448,museum/indoor ,0.124797806
9887,253796,47448,science_museum ,0.025946857
9888,253796,47448,natural_history_museum ,0.025358371
9889,253796,47448,gift_shop ,0.023463441
9890,253796,47472,jewelry_shop ,0.759908
9891,253796,47472,museum/indoor ,0.123006284
9892,253796,47472,natural_history_museum ,0.01665163
9893,253796,47472,science_museum ,0.013520069
9894,253796,47472,clean_room ,0.012983934
9895,253796,47496,jewelry_shop ,0.323924
9896,253796,47496,museum/indoor ,0.22937405
9897,253796,47496,clean_room ,0.06668663
9898,253796,47496,butchers_shop ,0.049667392
9899,253796,47496,science_museum ,0.039117076
9900,253796,47520,jewelry_shop ,0.2872593
9901,253796,47520,museum/indoor ,0.2652046
9902,253796,47520,clean_room ,0.06523479
9903,253796,47520,chemistry_lab ,0.044486903
9904,253796,47520,science_museum ,0.036726117
9905,253796,47544,museum/indoor ,0.33090457
9906,253796,47544,jewelry_shop ,0.1437131
9907,253796,47544,clean_room ,0.085001156
9908,253796,47544,chemistry_lab ,0.062247686
9909,253796,47544,physics_laboratory ,0.052850094
9910,253796,47568,jewelry_shop ,0.39251983
9911,253796,47568,museum/indoor ,0.2921138
9912,253796,47568,archive ,0.058769
9913,253796,47568,physics_laboratory ,0.043824363
9914,253796,47568,chemistry_lab ,0.03082412
9915,253796,47592,chemistry_lab ,0.12899593
9916,253796,47592,clean_room ,0.123660356
9917,253796,47592,jewelry_shop ,0.107343405
9918,253796,47592,museum/indoor ,0.06696038
9919,253796,47592,clothing_store ,0.054284867
9920,253796,47616,museum/indoor ,0.1677293
9921,253796,47616,jewelry_shop ,0.15654947
9922,253796,47616,gift_shop ,0.08418996
9923,253796,47616,clothing_store ,0.0520549
9924,253796,47616,chemistry_lab ,0.051601354
9925,253796,47640,stage/indoor ,0.25663567
9926,253796,47640,discotheque ,0.18894492
9927,253796,47640,dressing_room ,0.16539544
9928,253796,47640,clean_room ,0.05964022
9929,253796,47640,clothing_store ,0.03497023
9930,253796,47664,clean_room ,0.25421005
9931,253796,47664,locker_room ,0.19585821
9932,253796,47664,archive ,0.058678392
9933,253796,47664,chemistry_lab ,0.052210353
9934,253796,47664,server_room ,0.049842373
9935,253796,47688,museum/indoor ,0.37068555
9936,253796,47688,clean_room ,0.181649
9937,253796,47688,locker_room ,0.102358006
9938,253796,47688,music_studio ,0.08030204
9939,253796,47688,dressing_room ,0.07143668
9940,253796,47712,dressing_room ,0.4658674
9941,253796,47712,locker_room ,0.3404035
9942,253796,47712,clean_room ,0.10903112
9943,253796,47712,museum/indoor ,0.02637645
9944,253796,47712,shower ,0.013408161
9945,253796,47736,clean_room ,0.49503735
9946,253796,47736,dressing_room ,0.2807552
9947,253796,47736,archive ,0.07356838
9948,253796,47736,museum/indoor ,0.05492693
9949,253796,47736,locker_room ,0.017944314
9950,253796,47760,clean_room ,0.76561844
9951,253796,47760,museum/indoor ,0.18257913
9952,253796,47760,archive ,0.019483836
9953,253796,47760,dressing_room ,0.0128320195
9954,253796,47760,operating_room ,0.008517225
9955,253796,47784,clean_room ,0.60277754
9956,253796,47784,museum/indoor ,0.29026723
9957,253796,47784,archive ,0.047957003
9958,253796,47784,dressing_room ,0.040186528
9959,253796,47784,operating_room ,0.008434253
9960,253796,47808,clean_room ,0.65262187
9961,253796,47808,museum/indoor ,0.18043913
9962,253796,47808,archive ,0.10200811
9963,253796,47808,dressing_room ,0.04602406
9964,253796,47808,music_studio ,0.0032234185
9965,253796,47832,clean_room ,0.46066853
9966,253796,47832,museum/indoor ,0.32794175
9967,253796,47832,dressing_room ,0.13353722
9968,253796,47832,archive ,0.055687577
9969,253796,47832,music_studio ,0.0047037164
9970,253796,47856,clean_room ,0.6317399
9971,253796,47856,museum/indoor ,0.13411376
9972,253796,47856,dressing_room ,0.10559971
9973,253796,47856,archive ,0.097547136
9974,253796,47856,operating_room ,0.007034789
9975,253796,47880,museum/indoor ,0.6585181
9976,253796,47880,clean_room ,0.15583198
9977,253796,47880,dressing_room ,0.09984627
9978,253796,47880,archive ,0.068372495
9979,253796,47880,music_studio ,0.002681544
9980,253796,47904,clean_room ,0.5440524
9981,253796,47904,archive ,0.17313007
9982,253796,47904,dressing_room ,0.14797886
9983,253796,47904,museum/indoor ,0.10708206
9984,253796,47904,operating_room ,0.004903436
9985,253796,47928,clean_room ,0.73945636
9986,253796,47928,dressing_room ,0.09021025
9987,253796,47928,museum/indoor ,0.08654908
9988,253796,47928,archive ,0.06630224
9989,253796,47928,operating_room ,0.0046868687
9990,253796,47952,clean_room ,0.8108391
9991,253796,47952,dressing_room ,0.081452474
9992,253796,47952,museum/indoor ,0.061460283
9993,253796,47952,archive ,0.03025514
9994,253796,47952,operating_room ,0.0044917143
9995,253796,47976,clean_room ,0.5442602
9996,253796,47976,dressing_room ,0.28174677
9997,253796,47976,archive ,0.07514347
9998,253796,47976,museum/indoor ,0.0704873
9999,253796,47976,music_studio ,0.011389707
10000,253796,48000,dressing_room ,0.43566275
10001,253796,48000,clean_room ,0.33685064
10002,253796,48000,museum/indoor ,0.18411776
10003,253796,48000,archive ,0.023688437
10004,253796,48000,locker_room ,0.0045944075
10005,253796,48024,dressing_room ,0.43709594
10006,253796,48024,clean_room ,0.4308557
10007,253796,48024,museum/indoor ,0.06749745
10008,253796,48024,archive ,0.031646308
10009,253796,48024,locker_room ,0.010726048
10010,253796,48048,dressing_room ,0.5728074
10011,253796,48048,clean_room ,0.4037813
10012,253796,48048,museum/indoor ,0.010013707
10013,253796,48048,archive ,0.0052029314
10014,253796,48048,locker_room ,0.001990817
10015,253796,48072,clean_room ,0.71862423
10016,253796,48072,dressing_room ,0.24431498
10017,253796,48072,museum/indoor ,0.01437733
10018,253796,48072,archive ,0.0067976355
10019,253796,48072,operating_room ,0.0035979818
10020,253796,48096,clean_room ,0.46029574
10021,253796,48096,dressing_room ,0.45546794
10022,253796,48096,museum/indoor ,0.052706998
10023,253796,48096,archive ,0.0075860983
10024,253796,48096,music_studio ,0.004831759
10025,253796,48120,museum/indoor ,0.9268763
10026,253796,48120,dressing_room ,0.037851747
10027,253796,48120,art_gallery ,0.016770713
10028,253796,48120,clean_room ,0.007150163
10029,253796,48120,archive ,0.004215548
10030,253796,48144,museum/indoor ,0.8530186
10031,253796,48144,dressing_room ,0.0686377
10032,253796,48144,archive ,0.025165513
10033,253796,48144,clean_room ,0.022482706
10034,253796,48144,art_gallery ,0.010995257
10035,253796,48168,museum/indoor ,0.50058156
10036,253796,48168,clean_room ,0.19171427
10037,253796,48168,dressing_room ,0.15087715
10038,253796,48168,archive ,0.08271392
10039,253796,48168,art_gallery ,0.019234799
10040,253796,48192,clean_room ,0.42269534
10041,253796,48192,museum/indoor ,0.36023778
10042,253796,48192,archive ,0.077216096
10043,253796,48192,dressing_room ,0.0709562
10044,253796,48192,music_studio ,0.016883675
10045,253796,48216,museum/indoor ,0.82644546
10046,253796,48216,dressing_room ,0.12147155
10047,253796,48216,archive ,0.023932926
10048,253796,48216,art_gallery ,0.010904335
10049,253796,48216,clean_room ,0.0051825414
10050,253796,48240,museum/indoor ,0.80100864
10051,253796,48240,archive ,0.06890807
10052,253796,48240,art_gallery ,0.038516086
10053,253796,48240,dressing_room ,0.022961201
10054,253796,48240,art_studio ,0.011690584
10055,253796,48264,museum/indoor ,0.8204361
10056,253796,48264,art_gallery ,0.15168105
10057,253796,48264,dressing_room ,0.008701024
10058,253796,48264,clean_room ,0.0064674835
10059,253796,48264,art_studio ,0.004083256
10060,253796,48288,clean_room ,0.56752837
10061,253796,48288,museum/indoor ,0.21214207
10062,253796,48288,art_gallery ,0.093211874
10063,253796,48288,dressing_room ,0.045695845
10064,253796,48288,discotheque ,0.009952864
10065,253796,48312,clean_room ,0.19601224
10066,253796,48312,locker_room ,0.19260359
10067,253796,48312,dressing_room ,0.11491787
10068,253796,48312,museum/indoor ,0.06587231
10069,253796,48312,discotheque ,0.054005712
10070,253796,48336,dressing_room ,0.75151116
10071,253796,48336,locker_room ,0.13953519
10072,253796,48336,clean_room ,0.04796596
10073,253796,48336,elevator/door ,0.00867062
10074,253796,48336,chemistry_lab ,0.0075150966
10075,253796,48360,dressing_room ,0.48996428
10076,253796,48360,clothing_store ,0.07921065
10077,253796,48360,museum/indoor ,0.05821802
10078,253796,48360,beauty_salon ,0.053527083
10079,253796,48360,locker_room ,0.028656464
10080,253796,48384,museum/indoor ,0.59112865
10081,253796,48384,art_gallery ,0.091978975
10082,253796,48384,clothing_store ,0.08175149
10083,253796,48384,dressing_room ,0.07028122
10084,253796,48384,art_studio ,0.029120661
10085,253796,48408,museum/indoor ,0.4268832
10086,253796,48408,clean_room ,0.12455418
10087,253796,48408,clothing_store ,0.10543632
10088,253796,48408,dressing_room ,0.071348935
10089,253796,48408,art_gallery ,0.047657218
10090,253796,48432,dressing_room ,0.33077207
10091,253796,48432,museum/indoor ,0.10870414
10092,253796,48432,clean_room ,0.08666303
10093,253796,48432,art_gallery ,0.07480202
10094,253796,48432,clothing_store ,0.07320768
10095,253796,48456,clean_room ,0.34762448
10096,253796,48456,dressing_room ,0.25980657
10097,253796,48456,museum/indoor ,0.15457168
10098,253796,48456,clothing_store ,0.054298587
10099,253796,48456,art_gallery ,0.020476542
10100,253796,48480,dressing_room ,0.5439706
10101,253796,48480,clothing_store ,0.17047851
10102,253796,48480,clean_room ,0.046551503
10103,253796,48480,museum/indoor ,0.036138292
10104,253796,48480,butchers_shop ,0.032851487
10105,253796,48504,clothing_store ,0.24523877
10106,253796,48504,dressing_room ,0.2392384
10107,253796,48504,museum/indoor ,0.15439942
10108,253796,48504,clean_room ,0.11044178
10109,253796,48504,department_store ,0.031377483
10110,253796,48528,dressing_room ,0.35271612
10111,253796,48528,museum/indoor ,0.19782372
10112,253796,48528,clothing_store ,0.19403781
10113,253796,48528,clean_room ,0.06779121
10114,253796,48528,gift_shop ,0.028563263
10115,253796,48552,dressing_room ,0.5065036
10116,253796,48552,clothing_store ,0.1684094
10117,253796,48552,museum/indoor ,0.10186153
10118,253796,48552,clean_room ,0.07174095
10119,253796,48552,gift_shop ,0.023124814
10120,253796,48576,dressing_room ,0.39991862
10121,253796,48576,clothing_store ,0.21456562
10122,253796,48576,clean_room ,0.12025956
10123,253796,48576,museum/indoor ,0.08809662
10124,253796,48576,gift_shop ,0.02788578
10125,253796,48600,dressing_room ,0.37653264
10126,253796,48600,clothing_store ,0.27620742
10127,253796,48600,clean_room ,0.09684269
10128,253796,48600,museum/indoor ,0.068024695
10129,253796,48600,department_store ,0.03958419
10130,253796,48624,archive ,0.76864755
10131,253796,48624,nursery ,0.10227086
10132,253796,48624,jail_cell ,0.053233843
10133,253796,48624,museum/indoor ,0.020772908
10134,253796,48624,clean_room ,0.012822911
10135,253796,48648,archive ,0.735084
10136,253796,48648,jail_cell ,0.11903649
10137,253796,48648,nursery ,0.07839377
10138,253796,48648,museum/indoor ,0.01218062
10139,253796,48648,clean_room ,0.011635937
10140,253796,48672,archive ,0.75313574
10141,253796,48672,jail_cell ,0.11961287
10142,253796,48672,nursery ,0.04895616
10143,253796,48672,museum/indoor ,0.013548403
10144,253796,48672,clean_room ,0.010639823
10145,253796,48696,archive ,0.6449123
10146,253796,48696,jail_cell ,0.19710796
10147,253796,48696,nursery ,0.06775166
10148,253796,48696,clean_room ,0.013910868
10149,253796,48696,museum/indoor ,0.011459816
10150,253796,48720,archive ,0.80100363
10151,253796,48720,jail_cell ,0.081730336
10152,253796,48720,nursery ,0.04846021
10153,253796,48720,clean_room ,0.01457196
10154,253796,48720,museum/indoor ,0.011861842
10155,253796,48744,archive ,0.7482533
10156,253796,48744,jail_cell ,0.12112874
10157,253796,48744,nursery ,0.057967477
10158,253796,48744,clean_room ,0.0148656005
10159,253796,48744,bank_vault ,0.011816746
10160,253796,48768,archive ,0.7774153
10161,253796,48768,jail_cell ,0.10115797
10162,253796,48768,nursery ,0.049070425
10163,253796,48768,museum/indoor ,0.011312694
10164,253796,48768,clean_room ,0.010395982
10165,253796,48792,archive ,0.8058961
10166,253796,48792,jail_cell ,0.08979371
10167,253796,48792,nursery ,0.044803333
10168,253796,48792,museum/indoor ,0.011084232
10169,253796,48792,clean_room ,0.00832315
10170,253796,48816,archive ,0.77787787
10171,253796,48816,jail_cell ,0.084885426
10172,253796,48816,nursery ,0.068466865
10173,253796,48816,clean_room ,0.014259767
10174,253796,48816,museum/indoor ,0.0134980455
10175,253796,48840,archive ,0.76534146
10176,253796,48840,nursery ,0.090349324
10177,253796,48840,jail_cell ,0.08138347
10178,253796,48840,museum/indoor ,0.012412379
10179,253796,48840,clean_room ,0.007213343
10180,253796,48864,archive ,0.7440307
10181,253796,48864,jail_cell ,0.10396033
10182,253796,48864,nursery ,0.08566947
10183,253796,48864,museum/indoor ,0.0124431765
10184,253796,48864,clean_room ,0.009627122
10185,253796,48888,archive ,0.6567969
10186,253796,48888,jail_cell ,0.12671198
10187,253796,48888,nursery ,0.10856478
10188,253796,48888,clean_room ,0.02218817
10189,253796,48888,museum/indoor ,0.021483557
10190,253796,48912,archive ,0.50875115
10191,253796,48912,jail_cell ,0.20619823
10192,253796,48912,nursery ,0.18572597
10193,253796,48912,clean_room ,0.019769171
10194,253796,48912,museum/indoor ,0.01284355
10195,253796,48936,archive ,0.5893615
10196,253796,48936,jail_cell ,0.22135712
10197,253796,48936,nursery ,0.08683868
10198,253796,48936,clean_room ,0.02740222
10199,253796,48936,bank_vault ,0.012337033
10200,253796,48960,archive ,0.50268024
10201,253796,48960,nursery ,0.23653239
10202,253796,48960,jail_cell ,0.16784787
10203,253796,48960,clean_room ,0.022765664
10204,253796,48960,museum/indoor ,0.014429339
10205,253796,48984,dressing_room ,0.25232166
10206,253796,48984,clothing_store ,0.21914205
10207,253796,48984,clean_room ,0.16789885
10208,253796,48984,museum/indoor ,0.16720521
10209,253796,48984,art_gallery ,0.036381435
10210,253796,49008,museum/indoor ,0.23885591
10211,253796,49008,clean_room ,0.20605852
10212,253796,49008,clothing_store ,0.19253437
10213,253796,49008,dressing_room ,0.17607765
10214,253796,49008,gift_shop ,0.026834412
10215,253796,49032,clothing_store ,0.24481484
10216,253796,49032,dressing_room ,0.24162923
10217,253796,49032,clean_room ,0.14112884
10218,253796,49032,museum/indoor ,0.13438728
10219,253796,49032,department_store ,0.044865474
10220,253796,49056,clothing_store ,0.29620862
10221,253796,49056,dressing_room ,0.2510349
10222,253796,49056,museum/indoor ,0.14664088
10223,253796,49056,clean_room ,0.12343938
10224,253796,49056,department_store ,0.03744008
10225,253796,49080,clothing_store ,0.3356153
10226,253796,49080,dressing_room ,0.31943652
10227,253796,49080,clean_room ,0.09550988
10228,253796,49080,museum/indoor ,0.07830981
10229,253796,49080,department_store ,0.034133364
10230,253796,49104,clean_room ,0.2752365
10231,253796,49104,dressing_room ,0.26798436
10232,253796,49104,clothing_store ,0.24631885
10233,253796,49104,museum/indoor ,0.093987614
10234,253796,49104,department_store ,0.015393503
10235,253796,49128,dressing_room ,0.48703274
10236,253796,49128,clean_room ,0.15343648
10237,253796,49128,museum/indoor ,0.13544844
10238,253796,49128,clothing_store ,0.08185153
10239,253796,49128,art_gallery ,0.021883672
10240,253796,49152,dressing_room ,0.5256333
10241,253796,49152,clothing_store ,0.19504936
10242,253796,49152,museum/indoor ,0.11774559
10243,253796,49152,clean_room ,0.028123733
10244,253796,49152,department_store ,0.022346858
10245,253796,49176,dressing_room ,0.21260566
10246,253796,49176,beauty_salon ,0.19769344
10247,253796,49176,corridor ,0.051636133
10248,253796,49176,locker_room ,0.043416757
10249,253796,49176,clean_room ,0.041162595
10250,253796,49200,dressing_room ,0.672996
10251,253796,49200,clean_room ,0.13284595
10252,253796,49200,museum/indoor ,0.046239316
10253,253796,49200,shower ,0.040645767
10254,253796,49200,art_gallery ,0.016972948
10255,253796,49224,dressing_room ,0.30451992
10256,253796,49224,shower ,0.23237793
10257,253796,49224,locker_room ,0.18951578
10258,253796,49224,clean_room ,0.10792818
10259,253796,49224,bathroom ,0.035800908
10260,253796,49248,archive ,0.73765385
10261,253796,49248,clean_room ,0.07696975
10262,253796,49248,nursery ,0.031688493
10263,253796,49248,jail_cell ,0.028106088
10264,253796,49248,museum/indoor ,0.020975
10265,253796,49272,archive ,0.5761808
10266,253796,49272,jail_cell ,0.13482393
10267,253796,49272,nursery ,0.084024265
10268,253796,49272,clean_room ,0.07934284
10269,253796,49272,museum/indoor ,0.059406236
10270,253796,49296,dressing_room ,0.9417293
10271,253796,49296,locker_room ,0.027685931
10272,253796,49296,clean_room ,0.009411169
10273,253796,49296,chemistry_lab ,0.0034747848
10274,253796,49296,clothing_store ,0.0024927768
10275,253796,49320,dressing_room ,0.9850301
10276,253796,49320,locker_room ,0.008862797
10277,253796,49320,discotheque ,0.001096009
10278,253796,49320,clean_room ,0.0010203522
10279,253796,49320,clothing_store ,0.00074136484
10280,253796,49344,archive ,0.2904295
10281,253796,49344,museum/indoor ,0.2497785
10282,253796,49344,jail_cell ,0.20570569
10283,253796,49344,clean_room ,0.075885564
10284,253796,49344,nursery ,0.042969737
10285,253796,49368,archive ,0.3422887
10286,253796,49368,jail_cell ,0.29898688
10287,253796,49368,museum/indoor ,0.110577784
10288,253796,49368,bow_window/indoor ,0.039660294
10289,253796,49368,bank_vault ,0.03882245
10290,253796,49392,archive ,0.43203416
10291,253796,49392,jail_cell ,0.23656705
10292,253796,49392,museum/indoor ,0.12607107
10293,253796,49392,bank_vault ,0.047829553
10294,253796,49392,clean_room ,0.031037623
10295,253796,49416,archive ,0.4771391
10296,253796,49416,jail_cell ,0.20927206
10297,253796,49416,museum/indoor ,0.14309368
10298,253796,49416,bank_vault ,0.036550373
10299,253796,49416,clean_room ,0.030154794
10300,253796,49440,archive ,0.2875215
10301,253796,49440,jail_cell ,0.265758
10302,253796,49440,museum/indoor ,0.18288061
10303,253796,49440,bank_vault ,0.061472695
10304,253796,49440,bow_window/indoor ,0.046734486
10305,253796,49464,archive ,0.41190162
10306,253796,49464,jail_cell ,0.24822362
10307,253796,49464,museum/indoor ,0.13151953
10308,253796,49464,bank_vault ,0.041346937
10309,253796,49464,clean_room ,0.033620495
10310,253796,49488,dressing_room ,0.93037117
10311,253796,49488,locker_room ,0.040952183
10312,253796,49488,shower ,0.009492269
10313,253796,49488,discotheque ,0.0050281547
10314,253796,49488,clothing_store ,0.0030334282
10315,253796,49512,dressing_room ,0.8792438
10316,253796,49512,locker_room ,0.077922195
10317,253796,49512,discotheque ,0.013298613
10318,253796,49512,shower ,0.007965478
10319,253796,49512,music_studio ,0.0042363964
10320,253796,49536,dressing_room ,0.9462475
10321,253796,49536,locker_room ,0.033573437
10322,253796,49536,discotheque ,0.0068179504
10323,253796,49536,shower ,0.003052388
10324,253796,49536,clothing_store ,0.0017623126
10325,253796,49560,dressing_room ,0.941862
10326,253796,49560,locker_room ,0.03990938
10327,253796,49560,discotheque ,0.0057936627
10328,253796,49560,shower ,0.0033131936
10329,253796,49560,clothing_store ,0.0010927577
10330,253796,49584,dressing_room ,0.8465988
10331,253796,49584,locker_room ,0.07967357
10332,253796,49584,chemistry_lab ,0.017621191
10333,253796,49584,clean_room ,0.017431336
10334,253796,49584,discotheque ,0.0050517777
10335,253796,49608,dressing_room ,0.84070665
10336,253796,49608,locker_room ,0.10972659
10337,253796,49608,discotheque ,0.013662057
10338,253796,49608,clean_room ,0.009915444
10339,253796,49608,shower ,0.0030628974
10340,253796,49632,dressing_room ,0.64376307
10341,253796,49632,locker_room ,0.25013414
10342,253796,49632,discotheque ,0.023128606
10343,253796,49632,clean_room ,0.015107331
10344,253796,49632,chemistry_lab ,0.0072455155
10345,253796,49656,dressing_room ,0.7273208
10346,253796,49656,locker_room ,0.17610432
10347,253796,49656,discotheque ,0.022302415
10348,253796,49656,clean_room ,0.016826209
10349,253796,49656,music_studio ,0.007100172
10350,253796,49680,dressing_room ,0.879686
10351,253796,49680,locker_room ,0.077224374
10352,253796,49680,clean_room ,0.009888792
10353,253796,49680,discotheque ,0.003934045
10354,253796,49680,clothing_store ,0.002931717
10355,253796,49704,dressing_room ,0.6203288
10356,253796,49704,locker_room ,0.13013317
10357,253796,49704,shower ,0.12025461
10358,253796,49704,clean_room ,0.028058292
10359,253796,49704,clothing_store ,0.019070879
10360,253796,49728,locker_room ,0.4133538
10361,253796,49728,clean_room ,0.24876638
10362,253796,49728,dressing_room ,0.10716925
10363,253796,49728,chemistry_lab ,0.02061405
10364,253796,49728,archive ,0.019058118
10365,253796,49752,locker_room ,0.5093854
10366,253796,49752,clean_room ,0.10266034
10367,253796,49752,dressing_room ,0.09044454
10368,253796,49752,archive ,0.061450724
10369,253796,49752,elevator/door ,0.029831277
10370,253796,49776,clean_room ,0.29993975
10371,253796,49776,locker_room ,0.24013974
10372,253796,49776,museum/indoor ,0.111817725
10373,253796,49776,dressing_room ,0.08635661
10374,253796,49776,elevator/door ,0.05911376
10375,253796,49800,locker_room ,0.3671932
10376,253796,49800,clean_room ,0.36431065
10377,253796,49800,dressing_room ,0.13237688
10378,253796,49800,museum/indoor ,0.025513645
10379,253796,49800,shower ,0.0125132995
10380,253796,49824,clean_room ,0.37353104
10381,253796,49824,locker_room ,0.30679506
10382,253796,49824,dressing_room ,0.25536308
10383,253796,49824,elevator/door ,0.0070239143
10384,253796,49824,chemistry_lab ,0.0063361446
10385,253796,49848,clean_room ,0.51804453
10386,253796,49848,locker_room ,0.27289763
10387,253796,49848,dressing_room ,0.12731916
10388,253796,49848,elevator/door ,0.011885024
10389,253796,49848,chemistry_lab ,0.007336171
10390,253796,49872,clean_room ,0.6315405
10391,253796,49872,locker_room ,0.16166578
10392,253796,49872,dressing_room ,0.14879636
10393,253796,49872,elevator/door ,0.006648771
10394,253796,49872,chemistry_lab ,0.0060020317
10395,253796,49896,dressing_room ,0.85575396
10396,253796,49896,museum/indoor ,0.04758282
10397,253796,49896,clean_room ,0.018809997
10398,253796,49896,locker_room ,0.0090973815
10399,253796,49896,elevator/door ,0.0046128463
10400,253796,49920,dressing_room ,0.9866002
10401,253796,49920,museum/indoor ,0.002625611
10402,253796,49920,locker_room ,0.002400044
10403,253796,49920,clean_room ,0.0013196572
10404,253796,49920,beauty_salon ,0.00067525223
10405,253796,49944,dressing_room ,0.9709098
10406,253796,49944,museum/indoor ,0.0060492195
10407,253796,49944,clean_room ,0.0053512217
10408,253796,49944,locker_room ,0.0036747623
10409,253796,49944,music_studio ,0.0020429622
10410,253796,49968,dressing_room ,0.97339237
10411,253796,49968,museum/indoor ,0.009878181
10412,253796,49968,locker_room ,0.003185708
10413,253796,49968,clean_room ,0.0029870102
10414,253796,49968,clothing_store ,0.0014498655
10415,253796,49992,dressing_room ,0.92271554
10416,253796,49992,museum/indoor ,0.05062657
10417,253796,49992,locker_room ,0.004839266
10418,253796,49992,clean_room ,0.004590284
10419,253796,49992,clothing_store ,0.0026186896
10420,253796,50016,dressing_room ,0.97613585
10421,253796,50016,museum/indoor ,0.011384682
10422,253796,50016,locker_room ,0.0037126793
10423,253796,50016,clean_room ,0.0018177987
10424,253796,50016,clothing_store ,0.0012137198
10425,253796,50040,dressing_room ,0.9790581
10426,253796,50040,museum/indoor ,0.005279235
10427,253796,50040,locker_room ,0.0030549904
10428,253796,50040,beauty_salon ,0.0020245493
10429,253796,50040,music_studio ,0.0015943832
10430,253796,50064,dressing_room ,0.91516036
10431,253796,50064,museum/indoor ,0.022098493
10432,253796,50064,locker_room ,0.0068063117
10433,253796,50064,clean_room ,0.0058930153
10434,253796,50064,beauty_salon ,0.0054816543
10435,253796,50088,dressing_room ,0.41878852
10436,253796,50088,gymnasium/indoor ,0.2732067
10437,253796,50088,clean_room ,0.058218844
10438,253796,50088,recreation_room ,0.054868385
10439,253796,50088,locker_room ,0.048708703
10440,253796,50112,clean_room ,0.30496618
10441,253796,50112,museum/indoor ,0.21832833
10442,253796,50112,dressing_room ,0.20803292
10443,253796,50112,nursery ,0.047650803
10444,253796,50112,music_studio ,0.028769458
10445,253796,50136,dressing_room ,0.7221069
10446,253796,50136,clean_room ,0.07784146
10447,253796,50136,nursery ,0.06078549
10448,253796,50136,museum/indoor ,0.043635003
10449,253796,50136,archive ,0.012409685
10450,253796,50160,dressing_room ,0.6904508
10451,253796,50160,museum/indoor ,0.14632486
10452,253796,50160,clean_room ,0.041689854
10453,253796,50160,nursery ,0.017451795
10454,253796,50160,music_studio ,0.008389633
10455,253796,50184,dressing_room ,0.5108713
10456,253796,50184,nursery ,0.17386311
10457,253796,50184,clean_room ,0.08993633
10458,253796,50184,museum/indoor ,0.047041256
10459,253796,50184,locker_room ,0.023697156
10460,253796,50208,dressing_room ,0.7061104
10461,253796,50208,nursery ,0.07649483
10462,253796,50208,locker_room ,0.032792915
10463,253796,50208,clean_room ,0.031980645
10464,253796,50208,stage/indoor ,0.014557626
10465,253796,50232,clean_room ,0.5601743
10466,253796,50232,archive ,0.07916727
10467,253796,50232,hospital_room ,0.06332542
10468,253796,50232,museum/indoor ,0.039899327
10469,253796,50232,sauna ,0.031378414
10470,253796,50256,nursery ,0.30829713
10471,253796,50256,museum/indoor ,0.1911841
10472,253796,50256,archive ,0.0990591
10473,253796,50256,clean_room ,0.0819832
10474,253796,50256,stage/indoor ,0.022507032
10475,253796,50280,museum/indoor ,0.7427468
10476,253796,50280,archive ,0.03859853
10477,253796,50280,bow_window/indoor ,0.034131795
10478,253796,50280,dressing_room ,0.031006837
10479,253796,50280,nursery ,0.022324655
10480,253796,50304,museum/indoor ,0.44651175
10481,253796,50304,clean_room ,0.2697878
10482,253796,50304,dressing_room ,0.09475945
10483,253796,50304,art_gallery ,0.027931185
10484,253796,50304,archive ,0.022979423
10485,253796,50328,museum/indoor ,0.7770839
10486,253796,50328,art_studio ,0.030837549
10487,253796,50328,art_gallery ,0.03025927
10488,253796,50328,clean_room ,0.029320208
10489,253796,50328,science_museum ,0.027591845
10490,253796,50352,museum/indoor ,0.5708897
10491,253796,50352,science_museum ,0.06872542
10492,253796,50352,clean_room ,0.0641271
10493,253796,50352,art_gallery ,0.046608634
10494,253796,50352,natural_history_museum ,0.040810913
10495,253796,50376,museum/indoor ,0.44641802
10496,253796,50376,dressing_room ,0.13723989
10497,253796,50376,art_gallery ,0.065617286
10498,253796,50376,science_museum ,0.061354414
10499,253796,50376,jewelry_shop ,0.048914276
10500,253796,50400,museum/indoor ,0.20872314
10501,253796,50400,dressing_room ,0.20172998
10502,253796,50400,biology_laboratory ,0.082551956
10503,253796,50400,chemistry_lab ,0.07831658
10504,253796,50400,art_studio ,0.058458097
10505,253796,50424,dressing_room ,0.6608545
10506,253796,50424,clean_room ,0.1162033
10507,253796,50424,biology_laboratory ,0.04519994
10508,253796,50424,chemistry_lab ,0.041655432
10509,253796,50424,museum/indoor ,0.020665782
10510,253796,50448,dressing_room ,0.32602775
10511,253796,50448,clean_room ,0.27521688
10512,253796,50448,biology_laboratory ,0.079003155
10513,253796,50448,hospital_room ,0.060705088
10514,253796,50448,chemistry_lab ,0.04762017
10515,253796,50472,clean_room ,0.29485387
10516,253796,50472,dressing_room ,0.26826146
10517,253796,50472,biology_laboratory ,0.09869126
10518,253796,50472,hospital_room ,0.064225204
10519,253796,50472,chemistry_lab ,0.06215583
10520,253796,50496,dressing_room ,0.43400627
10521,253796,50496,clean_room ,0.13966279
10522,253796,50496,biology_laboratory ,0.10136536
10523,253796,50496,chemistry_lab ,0.07740471
10524,253796,50496,jewelry_shop ,0.03583852
10525,253796,50520,dressing_room ,0.24551588
10526,253796,50520,clean_room ,0.22858924
10527,253796,50520,chemistry_lab ,0.13463968
10528,253796,50520,biology_laboratory ,0.11864789
10529,253796,50520,art_studio ,0.031759344
10530,253796,50544,biology_laboratory ,0.18280703
10531,253796,50544,clean_room ,0.18026574
10532,253796,50544,chemistry_lab ,0.17677353
10533,253796,50544,dressing_room ,0.0850443
10534,253796,50544,jewelry_shop ,0.053607054
10535,253796,50568,clean_room ,0.24382846
10536,253796,50568,biology_laboratory ,0.1808616
10537,253796,50568,chemistry_lab ,0.17794184
10538,253796,50568,dressing_room ,0.06551549
10539,253796,50568,art_studio ,0.054463625
10540,253796,50592,clean_room ,0.3582864
10541,253796,50592,dressing_room ,0.26648065
10542,253796,50592,chemistry_lab ,0.07562918
10543,253796,50592,biology_laboratory ,0.05055509
10544,253796,50592,art_studio ,0.03850047
10545,253796,50616,clean_room ,0.539954
10546,253796,50616,dressing_room ,0.118860364
10547,253796,50616,chemistry_lab ,0.082428336
10548,253796,50616,biology_laboratory ,0.06122855
10549,253796,50616,hospital_room ,0.03010737
10550,253796,50640,clean_room ,0.7033925
10551,253796,50640,dressing_room ,0.07366146
10552,253796,50640,hospital_room ,0.040468834
10553,253796,50640,biology_laboratory ,0.026194535
10554,253796,50640,chemistry_lab ,0.02540109
10555,253796,50664,clean_room ,0.3226542
10556,253796,50664,dressing_room ,0.25812113
10557,253796,50664,art_studio ,0.04560177
10558,253796,50664,classroom ,0.041489974
10559,253796,50664,biology_laboratory ,0.036886007
10560,253796,50688,clean_room ,0.5069984
10561,253796,50688,dressing_room ,0.11106624
10562,253796,50688,art_studio ,0.059165142
10563,253796,50688,museum/indoor ,0.04922803
10564,253796,50688,art_gallery ,0.04667168
10565,253796,50712,clean_room ,0.17087156
10566,253796,50712,dressing_room ,0.15259543
10567,253796,50712,art_studio ,0.1076024
10568,253796,50712,biology_laboratory ,0.078496374
10569,253796,50712,chemistry_lab ,0.07238815
10570,253796,50736,dressing_room ,0.4312117
10571,253796,50736,clean_room ,0.18506202
10572,253796,50736,biology_laboratory ,0.07408325
10573,253796,50736,chemistry_lab ,0.07399102
10574,253796,50736,art_studio ,0.036409434
10575,253796,50760,dressing_room ,0.41849265
10576,253796,50760,clean_room ,0.2705207
10577,253796,50760,chemistry_lab ,0.057398617
10578,253796,50760,biology_laboratory ,0.05450529
10579,253796,50760,art_studio ,0.032818757
10580,253796,50784,dressing_room ,0.45226118
10581,253796,50784,clean_room ,0.17012993
10582,253796,50784,chemistry_lab ,0.09575323
10583,253796,50784,biology_laboratory ,0.092714675
10584,253796,50784,art_studio ,0.03668911
10585,253796,50808,clean_room ,0.30056116
10586,253796,50808,dressing_room ,0.22610068
10587,253796,50808,art_studio ,0.086128965
10588,253796,50808,biology_laboratory ,0.080512725
10589,253796,50808,chemistry_lab ,0.057760652
10590,253796,50832,dressing_room ,0.29538977
10591,253796,50832,clean_room ,0.2482367
10592,253796,50832,chemistry_lab ,0.15418366
10593,253796,50832,biology_laboratory ,0.11459618
10594,253796,50832,art_studio ,0.04010179
10595,253796,50856,dressing_room ,0.1935009
10596,253796,50856,art_studio ,0.16472809
10597,253796,50856,clean_room ,0.13109519
10598,253796,50856,art_school ,0.07629989
10599,253796,50856,chemistry_lab ,0.07092581
10600,253796,50880,clean_room ,0.21361428
10601,253796,50880,art_studio ,0.1533868
10602,253796,50880,dressing_room ,0.13339724
10603,253796,50880,art_gallery ,0.07953414
10604,253796,50880,biology_laboratory ,0.06625519
10605,253796,50904,dressing_room ,0.30433977
10606,253796,50904,clean_room ,0.1909003
10607,253796,50904,art_studio ,0.109820485
10608,253796,50904,museum/indoor ,0.092352085
10609,253796,50904,art_gallery ,0.072010495
10610,253796,50928,art_studio ,0.20733353
10611,253796,50928,museum/indoor ,0.13673897
10612,253796,50928,clean_room ,0.12529935
10613,253796,50928,dressing_room ,0.12517622
10614,253796,50928,art_gallery ,0.10630642
10615,253796,50952,clean_room ,0.34997436
10616,253796,50952,dressing_room ,0.23999195
10617,253796,50952,museum/indoor ,0.07349425
10618,253796,50952,chemistry_lab ,0.07320269
10619,253796,50952,archive ,0.048302792
10620,253796,50976,clean_room ,0.33300638
10621,253796,50976,dressing_room ,0.24841964
10622,253796,50976,museum/indoor ,0.14186458
10623,253796,50976,art_studio ,0.043503124
10624,253796,50976,chemistry_lab ,0.042230714
10625,253796,51000,clean_room ,0.33442438
10626,253796,51000,dressing_room ,0.18880512
10627,253796,51000,museum/indoor ,0.13554958
10628,253796,51000,art_gallery ,0.052284192
10629,253796,51000,art_studio ,0.051071662
10630,253796,51024,clean_room ,0.6012269
10631,253796,51024,dressing_room ,0.18008122
10632,253796,51024,museum/indoor ,0.031336635
10633,253796,51024,chemistry_lab ,0.031050874
10634,253796,51024,biology_laboratory ,0.025286373
10635,253796,51048,clean_room ,0.3896662
10636,253796,51048,dressing_room ,0.33349884
10637,253796,51048,art_studio ,0.043269165
10638,253796,51048,art_gallery ,0.041130252
10639,253796,51048,museum/indoor ,0.040603336
10640,253796,51072,clean_room ,0.42149293
10641,253796,51072,dressing_room ,0.37279117
10642,253796,51072,museum/indoor ,0.042141195
10643,253796,51072,art_gallery ,0.023638457
10644,253796,51072,art_studio ,0.019265164
10645,253796,51096,dressing_room ,0.5702074
10646,253796,51096,clean_room ,0.28078008
10647,253796,51096,biology_laboratory ,0.022953425
10648,253796,51096,hospital_room ,0.021512754
10649,253796,51096,chemistry_lab ,0.016912887
10650,253796,51120,dressing_room ,0.5447127
10651,253796,51120,clean_room ,0.33335876
10652,253796,51120,hospital_room ,0.030709172
10653,253796,51120,biology_laboratory ,0.018176911
10654,253796,51120,chemistry_lab ,0.016284123
10655,253796,51144,dressing_room ,0.7100533
10656,253796,51144,clean_room ,0.22601296
10657,253796,51144,museum/indoor ,0.0153649505
10658,253796,51144,archive ,0.0062769875
10659,253796,51144,chemistry_lab ,0.0055459184
10660,253796,51168,dressing_room ,0.74611014
10661,253796,51168,clean_room ,0.16407771
10662,253796,51168,locker_room ,0.012211915
10663,253796,51168,hospital_room ,0.009654
10664,253796,51168,nursing_home ,0.009134638
10665,253796,51192,dressing_room ,0.8745257
10666,253796,51192,clean_room ,0.06253969
10667,253796,51192,museum/indoor ,0.0241415
10668,253796,51192,locker_room ,0.009134688
10669,253796,51192,nursery ,0.0057073324
10670,253796,51216,dressing_room ,0.7902838
10671,253796,51216,clean_room ,0.1006205
10672,253796,51216,museum/indoor ,0.04395872
10673,253796,51216,beauty_salon ,0.006897909
10674,253796,51216,nursing_home ,0.0066051586
10675,253796,51240,dressing_room ,0.6054874
10676,253796,51240,clean_room ,0.22086607
10677,253796,51240,music_studio ,0.024084222
10678,253796,51240,museum/indoor ,0.021282466
10679,253796,51240,beauty_salon ,0.019358583
10680,253796,51264,dressing_room ,0.3223758
10681,253796,51264,clean_room ,0.29610696
10682,253796,51264,music_studio ,0.09572868
10683,253796,51264,archive ,0.07007641
10684,253796,51264,nursing_home ,0.047438648
10685,253796,51288,music_studio ,0.4078419
10686,253796,51288,archive ,0.10515893
10687,253796,51288,clean_room ,0.10102537
10688,253796,51288,dressing_room ,0.100027196
10689,253796,51288,museum/indoor ,0.08820999
10690,253796,51312,clean_room ,0.3253082
10691,253796,51312,nursing_home ,0.119007036
10692,253796,51312,operating_room ,0.09774792
10693,253796,51312,dressing_room ,0.094052754
10694,253796,51312,music_studio ,0.04966746
10695,253796,51336,clean_room ,0.46807662
10696,253796,51336,operating_room ,0.1792897
10697,253796,51336,dressing_room ,0.08448032
10698,253796,51336,hospital_room ,0.054545525
10699,253796,51336,chemistry_lab ,0.040336277
10700,253796,51360,dressing_room ,0.20010783
10701,253796,51360,clean_room ,0.17750394
10702,253796,51360,locker_room ,0.1038114
10703,253796,51360,museum/indoor ,0.079918526
10704,253796,51360,stage/indoor ,0.0734633
10705,253796,51384,clean_room ,0.2781107
10706,253796,51384,dressing_room ,0.2531423
10707,253796,51384,operating_room ,0.063557744
10708,253796,51384,locker_room ,0.054691844
10709,253796,51384,nursing_home ,0.04805549
10710,253796,51408,clean_room ,0.3424988
10711,253796,51408,dressing_room ,0.11961036
10712,253796,51408,music_studio ,0.09884701
10713,253796,51408,operating_room ,0.077010326
10714,253796,51408,nursing_home ,0.065282874
10715,253796,51432,clean_room ,0.39641666
10716,253796,51432,dressing_room ,0.20627524
10717,253796,51432,music_studio ,0.06805058
10718,253796,51432,locker_room ,0.05078587
10719,253796,51432,nursing_home ,0.04106251
10720,253796,51456,clean_room ,0.35724533
10721,253796,51456,dressing_room ,0.15323605
10722,253796,51456,locker_room ,0.08747037
10723,253796,51456,archive ,0.08574869
10724,253796,51456,operating_room ,0.047742218
10725,253796,51480,clean_room ,0.38696894
10726,253796,51480,dressing_room ,0.27664363
10727,253796,51480,locker_room ,0.12623943
10728,253796,51480,archive ,0.028260091
10729,253796,51480,chemistry_lab ,0.027650926
10730,253796,51504,dressing_room ,0.41327435
10731,253796,51504,clean_room ,0.4010649
10732,253796,51504,museum/indoor ,0.05873687
10733,253796,51504,locker_room ,0.0324917
10734,253796,51504,stage/indoor ,0.014257644
10735,253796,51528,dressing_room ,0.40696552
10736,253796,51528,clean_room ,0.19240473
10737,253796,51528,museum/indoor ,0.1783532
10738,253796,51528,stage/indoor ,0.04333503
10739,253796,51528,beauty_salon ,0.017447397
10740,253796,51552,museum/indoor ,0.23058861
10741,253796,51552,dressing_room ,0.17395172
10742,253796,51552,clean_room ,0.17355898
10743,253796,51552,stage/indoor ,0.14746879
10744,253796,51552,locker_room ,0.044579882
10745,253796,51576,clean_room ,0.21000141
10746,253796,51576,nursing_home ,0.18345599
10747,253796,51576,dressing_room ,0.13388866
10748,253796,51576,hospital_room ,0.07907636
10749,253796,51576,operating_room ,0.06512838
10750,253796,51600,museum/indoor ,0.1275715
10751,253796,51600,stage/indoor ,0.121596366
10752,253796,51600,nursing_home ,0.118433125
10753,253796,51600,music_studio ,0.094371
10754,253796,51600,dressing_room ,0.08843497
10755,253796,51624,nursing_home ,0.17546669
10756,253796,51624,hospital_room ,0.12530905
10757,253796,51624,dressing_room ,0.12503569
10758,253796,51624,operating_room ,0.085962154
10759,253796,51624,clean_room ,0.076307945
10760,253796,51648,museum/indoor ,0.20246246
10761,253796,51648,nursing_home ,0.13039885
10762,253796,51648,clean_room ,0.09621531
10763,253796,51648,stage/indoor ,0.08004877
10764,253796,51648,dressing_room ,0.07005722
10765,253796,51672,nursing_home ,0.14821066
10766,253796,51672,museum/indoor ,0.11291843
10767,253796,51672,stage/indoor ,0.09582962
10768,253796,51672,dressing_room ,0.08193362
10769,253796,51672,clean_room ,0.07700681
10770,253796,51696,clean_room ,0.21178508
10771,253796,51696,museum/indoor ,0.14019676
10772,253796,51696,nursing_home ,0.12700108
10773,253796,51696,dressing_room ,0.12389003
10774,253796,51696,hospital_room ,0.06335274
10775,253796,51720,museum/indoor ,0.15712401
10776,253796,51720,dressing_room ,0.1518695
10777,253796,51720,ballroom ,0.09392196
10778,253796,51720,nursing_home ,0.093324505
10779,253796,51720,clean_room ,0.089403026
10780,253796,51744,museum/indoor ,0.2886736
10781,253796,51744,dressing_room ,0.13600716
10782,253796,51744,clean_room ,0.105259664
10783,253796,51744,stage/indoor ,0.069458336
10784,253796,51744,ballroom ,0.04933252
10785,253796,51768,museum/indoor ,0.22146262
10786,253796,51768,stage/indoor ,0.20863478
10787,253796,51768,dressing_room ,0.091792956
10788,253796,51768,clean_room ,0.084956326
10789,253796,51768,locker_room ,0.061012845
10790,253796,51792,stage/indoor ,0.34119955
10791,253796,51792,dressing_room ,0.09368136
10792,253796,51792,music_studio ,0.06875695
10793,253796,51792,museum/indoor ,0.0662081
10794,253796,51792,clean_room ,0.060512815
10795,253796,51816,stage/indoor ,0.39317924
10796,253796,51816,museum/indoor ,0.14104165
10797,253796,51816,dressing_room ,0.11027232
10798,253796,51816,locker_room ,0.059697043
10799,253796,51816,music_studio ,0.05368347
10800,253796,51840,museum/indoor ,0.25544292
10801,253796,51840,archive ,0.14817284
10802,253796,51840,clean_room ,0.13678429
10803,253796,51840,stage/indoor ,0.09276346
10804,253796,51840,dressing_room ,0.08147295
10805,253796,51864,museum/indoor ,0.32025796
10806,253796,51864,dressing_room ,0.13633204
10807,253796,51864,clean_room ,0.121364966
10808,253796,51864,stage/indoor ,0.10228174
10809,253796,51864,locker_room ,0.06268556
10810,253796,51888,dressing_room ,0.17216559
10811,253796,51888,clean_room ,0.16100161
10812,253796,51888,elevator/door ,0.075598955
10813,253796,51888,locker_room ,0.059049718
10814,253796,51888,archive ,0.057418283
10815,253796,51912,dressing_room ,0.36528754
10816,253796,51912,clean_room ,0.0947009
10817,253796,51912,elevator/door ,0.0652337
10818,253796,51912,museum/indoor ,0.057673544
10819,253796,51912,art_gallery ,0.052056767
10820,253796,51936,dressing_room ,0.29671973
10821,253796,51936,elevator/door ,0.072361425
10822,253796,51936,archive ,0.0668518
10823,253796,51936,office ,0.05974548
10824,253796,51936,clean_room ,0.055520967
10825,253796,51960,dressing_room ,0.31815794
10826,253796,51960,clean_room ,0.08680883
10827,253796,51960,archive ,0.08422206
10828,253796,51960,museum/indoor ,0.06440862
10829,253796,51960,art_gallery ,0.06319116
10830,253796,51984,dressing_room ,0.4549871
10831,253796,51984,clean_room ,0.20746273
10832,253796,51984,museum/indoor ,0.17207532
10833,253796,51984,archive ,0.03671103
10834,253796,51984,locker_room ,0.034254353
10835,253796,52008,museum/indoor ,0.12623836
10836,253796,52008,stage/indoor ,0.12561579
10837,253796,52008,locker_room ,0.099437684
10838,253796,52008,dressing_room ,0.08615369
10839,253796,52008,clean_room ,0.060930856
10840,253796,52032,stage/indoor ,0.30033037
10841,253796,52032,dressing_room ,0.22455767
10842,253796,52032,locker_room ,0.09086597
10843,253796,52032,museum/indoor ,0.08185089
10844,253796,52032,clean_room ,0.03770608
10845,253796,52056,dressing_room ,0.36198765
10846,253796,52056,stage/indoor ,0.21978915
10847,253796,52056,museum/indoor ,0.09778538
10848,253796,52056,locker_room ,0.08125633
10849,253796,52056,clean_room ,0.04463201
10850,253796,52080,dressing_room ,0.44765678
10851,253796,52080,stage/indoor ,0.20436433
10852,253796,52080,locker_room ,0.05545874
10853,253796,52080,clean_room ,0.043925565
10854,253796,52080,museum/indoor ,0.04064384
10855,253796,52104,dressing_room ,0.41157892
10856,253796,52104,stage/indoor ,0.20366435
10857,253796,52104,locker_room ,0.08152127
10858,253796,52104,museum/indoor ,0.07765835
10859,253796,52104,clean_room ,0.050382584
10860,253796,52128,stage/indoor ,0.40355292
10861,253796,52128,dressing_room ,0.219022
10862,253796,52128,museum/indoor ,0.1388423
10863,253796,52128,ballroom ,0.041197345
10864,253796,52128,clean_room ,0.03394018
10865,253796,52152,dressing_room ,0.3155673
10866,253796,52152,stage/indoor ,0.24663867
10867,253796,52152,locker_room ,0.11574262
10868,253796,52152,clean_room ,0.06808
10869,253796,52152,museum/indoor ,0.063108586
10870,253796,52176,dressing_room ,0.29944834
10871,253796,52176,stage/indoor ,0.19873278
10872,253796,52176,locker_room ,0.13049147
10873,253796,52176,museum/indoor ,0.12091459
10874,253796,52176,clean_room ,0.07195943
10875,253796,52200,elevator/door ,0.21414371
10876,253796,52200,museum/indoor ,0.16500767
10877,253796,52200,art_gallery ,0.14104663
10878,253796,52200,elevator_lobby ,0.13159297
10879,253796,52200,clean_room ,0.06324449
10880,253796,52224,elevator/door ,0.19922774
10881,253796,52224,clean_room ,0.16651894
10882,253796,52224,elevator_lobby ,0.11331979
10883,253796,52224,dressing_room ,0.10365006
10884,253796,52224,locker_room ,0.10099153
10885,253796,52248,art_gallery ,0.16915376
10886,253796,52248,elevator/door ,0.14247462
10887,253796,52248,museum/indoor ,0.12397987
10888,253796,52248,clean_room ,0.10654017
10889,253796,52248,locker_room ,0.07460734
10890,253796,52272,locker_room ,0.17735021
10891,253796,52272,clean_room ,0.12591061
10892,253796,52272,elevator/door ,0.118496254
10893,253796,52272,dressing_room ,0.10890464
10894,253796,52272,museum/indoor ,0.09929725
10895,253796,52296,elevator/door ,0.21356073
10896,253796,52296,locker_room ,0.14715487
10897,253796,52296,clean_room ,0.097213924
10898,253796,52296,elevator_lobby ,0.0887545
10899,253796,52296,dressing_room ,0.07339775
10900,253796,52320,dressing_room ,0.55576193
10901,253796,52320,clean_room ,0.28244072
10902,253796,52320,archive ,0.04428409
10903,253796,52320,museum/indoor ,0.025286635
10904,253796,52320,clothing_store ,0.016497694
10905,253796,52344,dressing_room ,0.5313861
10906,253796,52344,clean_room ,0.3197017
10907,253796,52344,archive ,0.03376898
10908,253796,52344,museum/indoor ,0.029980524
10909,253796,52344,art_gallery ,0.01432895
10910,253796,52368,clean_room ,0.4467839
10911,253796,52368,dressing_room ,0.34781498
10912,253796,52368,archive ,0.06289463
10913,253796,52368,museum/indoor ,0.046890046
10914,253796,52368,art_gallery ,0.015959226
10915,253796,52392,dressing_room ,0.52948725
10916,253796,52392,clean_room ,0.30151385
10917,253796,52392,museum/indoor ,0.0379959
10918,253796,52392,archive ,0.029759511
10919,253796,52392,clothing_store ,0.023797464
10920,253796,52416,dressing_room ,0.48240387
10921,253796,52416,clean_room ,0.22939709
10922,253796,52416,museum/indoor ,0.08499632
10923,253796,52416,archive ,0.047921866
10924,253796,52416,clothing_store ,0.037840653
10925,253796,52440,dressing_room ,0.6047395
10926,253796,52440,clean_room ,0.17461549
10927,253796,52440,museum/indoor ,0.08126209
10928,253796,52440,archive ,0.042832397
10929,253796,52440,clothing_store ,0.020293523
10930,253796,52464,dressing_room ,0.3881661
10931,253796,52464,clean_room ,0.24261226
10932,253796,52464,museum/indoor ,0.11081538
10933,253796,52464,archive ,0.080793165
10934,253796,52464,stage/indoor ,0.035394277
10935,253796,52488,dressing_room ,0.7021092
10936,253796,52488,museum/indoor ,0.050305486
10937,253796,52488,stage/indoor ,0.04164025
10938,253796,52488,discotheque ,0.039838772
10939,253796,52488,clean_room ,0.030555498
10940,253796,52512,dressing_room ,0.56667906
10941,253796,52512,clean_room ,0.08965686
10942,253796,52512,locker_room ,0.04440758
10943,253796,52512,art_gallery ,0.03771807
10944,253796,52512,elevator/door ,0.032675218
10945,253796,52536,dressing_room ,0.78263247
10946,253796,52536,music_studio ,0.03694968
10947,253796,52536,clean_room ,0.02270385
10948,253796,52536,art_gallery ,0.01982438
10949,253796,52536,discotheque ,0.017611565
10950,253796,52560,dressing_room ,0.6347043
10951,253796,52560,art_gallery ,0.03495844
10952,253796,52560,music_studio ,0.033524755
10953,253796,52560,clean_room ,0.03153869
10954,253796,52560,locker_room ,0.030694619
10955,253796,52584,dressing_room ,0.7444024
10956,253796,52584,music_studio ,0.02874042
10957,253796,52584,discotheque ,0.023732873
10958,253796,52584,art_gallery ,0.019410018
10959,253796,52584,clean_room ,0.018044388
10960,253796,52608,dressing_room ,0.6751852
10961,253796,52608,art_gallery ,0.04286729
10962,253796,52608,stage/indoor ,0.033203397
10963,253796,52608,music_studio ,0.030660689
10964,253796,52608,discotheque ,0.02944504
10965,253796,52632,dressing_room ,0.5489889
10966,253796,52632,clean_room ,0.11540413
10967,253796,52632,locker_room ,0.09535039
10968,253796,52632,elevator/door ,0.024298746
10969,253796,52632,art_gallery ,0.017808182
10970,253796,52656,dressing_room ,0.37728667
10971,253796,52656,locker_room ,0.2828667
10972,253796,52656,elevator/door ,0.13173907
10973,253796,52656,elevator_lobby ,0.042362455
10974,253796,52656,clean_room ,0.034595516
10975,253796,52680,locker_room ,0.35357296
10976,253796,52680,dressing_room ,0.35010818
10977,253796,52680,elevator/door ,0.07991278
10978,253796,52680,clean_room ,0.06734705
10979,253796,52680,basement ,0.031540707
10980,253796,52704,dressing_room ,0.38492712
10981,253796,52704,locker_room ,0.2768188
10982,253796,52704,clean_room ,0.1046775
10983,253796,52704,elevator/door ,0.06612241
10984,253796,52704,basement ,0.030379103
10985,253796,52728,clean_room ,0.24505824
10986,253796,52728,art_gallery ,0.17559396
10987,253796,52728,dressing_room ,0.094814315
10988,253796,52728,museum/indoor ,0.087722205
10989,253796,52728,elevator/door ,0.06896593
10990,253796,52752,clean_room ,0.6290939
10991,253796,52752,locker_room ,0.06455253
10992,253796,52752,museum/indoor ,0.056565125
10993,253796,52752,art_gallery ,0.054018278
10994,253796,52752,dressing_room ,0.045072533
10995,253796,52776,clean_room ,0.22783071
10996,253796,52776,dressing_room ,0.15162417
10997,253796,52776,archive ,0.15043144
10998,253796,52776,museum/indoor ,0.14581066
10999,253796,52776,art_gallery ,0.13327652
11000,253796,52800,clean_room ,0.2645148
11001,253796,52800,dressing_room ,0.17184128
11002,253796,52800,archive ,0.13558741
11003,253796,52800,museum/indoor ,0.1318957
11004,253796,52800,art_gallery ,0.121846616
11005,253796,52824,clean_room ,0.345044
11006,253796,52824,dressing_room ,0.14045581
11007,253796,52824,archive ,0.1339757
11008,253796,52824,museum/indoor ,0.10155212
11009,253796,52824,art_gallery ,0.09621853
11010,253796,52848,clean_room ,0.19174516
11011,253796,52848,dressing_room ,0.1773605
11012,253796,52848,museum/indoor ,0.15172501
11013,253796,52848,archive ,0.14761335
11014,253796,52848,art_gallery ,0.14019468
11015,253796,52872,dressing_room ,0.37610272
11016,253796,52872,elevator/door ,0.34293696
11017,253796,52872,elevator_lobby ,0.09048055
11018,253796,52872,locker_room ,0.061137658
11019,253796,52872,closet ,0.01646234
11020,253796,52896,dressing_room ,0.5469405
11021,253796,52896,elevator/door ,0.15866968
11022,253796,52896,locker_room ,0.08441433
11023,253796,52896,closet ,0.037004054
11024,253796,52896,clean_room ,0.03553656
11025,253796,52920,dressing_room ,0.49477452
11026,253796,52920,locker_room ,0.15488328
11027,253796,52920,clean_room ,0.07516463
11028,253796,52920,elevator/door ,0.049639918
11029,253796,52920,art_gallery ,0.037453026
11030,253796,52944,dressing_room ,0.62154824
11031,253796,52944,clean_room ,0.11257613
11032,253796,52944,locker_room ,0.05510124
11033,253796,52944,art_gallery ,0.043163992
11034,253796,52944,elevator/door ,0.030495534
11035,253796,52968,dressing_room ,0.89103526
11036,253796,52968,art_gallery ,0.019414986
11037,253796,52968,music_studio ,0.011002868
11038,253796,52968,clean_room ,0.0086623235
11039,253796,52968,discotheque ,0.007972052
11040,253796,52992,dressing_room ,0.76668215
11041,253796,52992,art_gallery ,0.03258155
11042,253796,52992,discotheque ,0.021868376
11043,253796,52992,clean_room ,0.021828162
11044,253796,52992,music_studio ,0.018883783
11045,253796,53016,dressing_room ,0.7122352
11046,253796,53016,art_gallery ,0.041267324
11047,253796,53016,clean_room ,0.027833989
11048,253796,53016,music_studio ,0.026309473
11049,253796,53016,discotheque ,0.024303947
11050,253796,53040,dressing_room ,0.6722687
11051,253796,53040,art_gallery ,0.06332191
11052,253796,53040,clean_room ,0.02912712
11053,253796,53040,museum/indoor ,0.026344793
11054,253796,53040,archive ,0.023196997
11055,253796,53064,dressing_room ,0.60150087
11056,253796,53064,art_gallery ,0.071558066
11057,253796,53064,discotheque ,0.03414758
11058,253796,53064,stage/indoor ,0.03324305
11059,253796,53064,clean_room ,0.032580134
11060,253796,53088,dressing_room ,0.65043724
11061,253796,53088,art_gallery ,0.06568951
11062,253796,53088,clean_room ,0.036264084
11063,253796,53088,music_studio ,0.02239602
11064,253796,53088,discotheque ,0.02218911
11065,253796,53112,clean_room ,0.2751076
11066,253796,53112,museum/indoor ,0.2713955
11067,253796,53112,music_studio ,0.12606266
11068,253796,53112,stage/indoor ,0.10736997
11069,253796,53112,dressing_room ,0.040060893
11070,253796,53136,museum/indoor ,0.37093186
11071,253796,53136,clean_room ,0.27337894
11072,253796,53136,dressing_room ,0.07218367
11073,253796,53136,locker_room ,0.04218929
11074,253796,53136,music_studio ,0.039066974
11075,253796,53160,museum/indoor ,0.2857996
11076,253796,53160,clean_room ,0.22372353
11077,253796,53160,stage/indoor ,0.08344899
11078,253796,53160,music_studio ,0.060630646
11079,253796,53160,dressing_room ,0.059414696
11080,253796,53184,clean_room ,0.29144648
11081,253796,53184,museum/indoor ,0.280338
11082,253796,53184,stage/indoor ,0.084238745
11083,253796,53184,dressing_room ,0.07804561
11084,253796,53184,locker_room ,0.041761115
11085,253796,53208,museum/indoor ,0.3020167
11086,253796,53208,clean_room ,0.23978685
11087,253796,53208,music_studio ,0.09641487
11088,253796,53208,stage/indoor ,0.075229906
11089,253796,53208,dressing_room ,0.073979914
11090,253796,53232,clean_room ,0.3645902
11091,253796,53232,museum/indoor ,0.2789128
11092,253796,53232,music_studio ,0.08787487
11093,253796,53232,stage/indoor ,0.06305765
11094,253796,53232,locker_room ,0.03203204
11095,253796,53256,clean_room ,0.28763768
11096,253796,53256,stage/indoor ,0.28505
11097,253796,53256,museum/indoor ,0.16198887
11098,253796,53256,chemistry_lab ,0.047406003
11099,253796,53256,dressing_room ,0.030494627
11100,253796,53280,stage/indoor ,0.42055073
11101,253796,53280,clean_room ,0.36333972
11102,253796,53280,museum/indoor ,0.08560539
11103,253796,53280,chemistry_lab ,0.031510428
11104,253796,53280,ballroom ,0.0094284685
11105,253796,53304,stage/indoor ,0.7784887
11106,253796,53304,museum/indoor ,0.1412986
11107,253796,53304,clean_room ,0.035242546
11108,253796,53304,music_studio ,0.007949665
11109,253796,53304,discotheque ,0.0077182
11110,253796,53328,stage/indoor ,0.5953759
11111,253796,53328,museum/indoor ,0.17095897
11112,253796,53328,dressing_room ,0.0769691
11113,253796,53328,clean_room ,0.036217477
11114,253796,53328,ballroom ,0.013594888
11115,253796,53352,stage/indoor ,0.79093623
11116,253796,53352,museum/indoor ,0.0654666
11117,253796,53352,dressing_room ,0.027132548
11118,253796,53352,clean_room ,0.024702534
11119,253796,53352,music_studio ,0.02013259
11120,253796,53376,stage/indoor ,0.84512603
11121,253796,53376,music_studio ,0.040870875
11122,253796,53376,museum/indoor ,0.03126971
11123,253796,53376,discotheque ,0.0260998
11124,253796,53376,dressing_room ,0.016871253
11125,253796,53400,stage/indoor ,0.8762119
11126,253796,53400,museum/indoor ,0.040149983
11127,253796,53400,music_studio ,0.024558995
11128,253796,53400,discotheque ,0.016361143
11129,253796,53400,dressing_room ,0.013727744
11130,253796,53424,stage/indoor ,0.8816399
11131,253796,53424,museum/indoor ,0.027668275
11132,253796,53424,discotheque ,0.020891063
11133,253796,53424,dressing_room ,0.020368159
11134,253796,53424,music_studio ,0.019387802
11135,253796,53448,stage/indoor ,0.8954609
11136,253796,53448,museum/indoor ,0.04246743
11137,253796,53448,discotheque ,0.014661928
11138,253796,53448,music_studio ,0.013718338
11139,253796,53448,dressing_room ,0.010887427
11140,253796,53472,stage/indoor ,0.8465899
11141,253796,53472,museum/indoor ,0.043104265
11142,253796,53472,dressing_room ,0.032854855
11143,253796,53472,music_studio ,0.018561859
11144,253796,53472,discotheque ,0.01705572
11145,253796,53496,stage/indoor ,0.6865543
11146,253796,53496,museum/indoor ,0.099397145
11147,253796,53496,dressing_room ,0.046920646
11148,253796,53496,music_studio ,0.044707138
11149,253796,53496,ballroom ,0.03430415
11150,253796,53520,stage/indoor ,0.6030738
11151,253796,53520,music_studio ,0.10457327
11152,253796,53520,dressing_room ,0.0919979
11153,253796,53520,ballroom ,0.053132247
11154,253796,53520,discotheque ,0.03823904
11155,253796,53544,stage/indoor ,0.642437
11156,253796,53544,ballroom ,0.10566233
11157,253796,53544,music_studio ,0.05535689
11158,253796,53544,museum/indoor ,0.044338677
11159,253796,53544,dressing_room ,0.039318282
11160,253796,53568,dressing_room ,0.23759869
11161,253796,53568,clean_room ,0.17246531
11162,253796,53568,stage/indoor ,0.080258794
11163,253796,53568,museum/indoor ,0.07376447
11164,253796,53568,shower ,0.034305662
11165,253796,53592,dressing_room ,0.1608101
11166,253796,53592,clean_room ,0.14272565
11167,253796,53592,dining_room ,0.10034948
11168,253796,53592,music_studio ,0.035007913
11169,253796,53592,restaurant ,0.032680944
11170,253796,53616,clean_room ,0.27944428
11171,253796,53616,dressing_room ,0.20614284
11172,253796,53616,chemistry_lab ,0.059325214
11173,253796,53616,art_studio ,0.057223987
11174,253796,53616,hospital_room ,0.036968786
11175,253796,53640,dressing_room ,0.4973453
11176,253796,53640,clean_room ,0.27492067
11177,253796,53640,nursery ,0.021063594
11178,253796,53640,archive ,0.019918548
11179,253796,53640,hospital_room ,0.017102957
11180,253796,53664,dressing_room ,0.3226682
11181,253796,53664,clean_room ,0.09334084
11182,253796,53664,hospital_room ,0.09054896
11183,253796,53664,nursery ,0.068309866
11184,253796,53664,archive ,0.05228237
11185,253796,53688,dressing_room ,0.37342247
11186,253796,53688,nursery ,0.14821783
11187,253796,53688,hospital_room ,0.0483219
11188,253796,53688,clean_room ,0.047372673
11189,253796,53688,archive ,0.034593403
11190,253796,53712,dressing_room ,0.34065616
11191,253796,53712,archive ,0.14550708
11192,253796,53712,nursery ,0.075978264
11193,253796,53712,hospital_room ,0.056647837
11194,253796,53712,clean_room ,0.0512297
11195,253796,53736,dressing_room ,0.24115595
11196,253796,53736,archive ,0.19196343
11197,253796,53736,museum/indoor ,0.14137201
11198,253796,53736,nursery ,0.040558185
11199,253796,53736,art_studio ,0.03934931
11200,253796,53760,dressing_room ,0.24069975
11201,253796,53760,archive ,0.22249162
11202,253796,53760,nursery ,0.11359132
11203,253796,53760,clean_room ,0.047857605
11204,253796,53760,hospital_room ,0.03594716
11205,253796,53784,archive ,0.20462185
11206,253796,53784,nursery ,0.18676573
11207,253796,53784,dressing_room ,0.17410389
11208,253796,53784,clean_room ,0.07046378
11209,253796,53784,hospital_room ,0.03786788
11210,253796,53808,archive ,0.4183746
11211,253796,53808,dressing_room ,0.14412177
11212,253796,53808,nursery ,0.09030382
11213,253796,53808,clean_room ,0.054190326
11214,253796,53808,hospital_room ,0.030356592
11215,253796,53832,archive ,0.44548315
11216,253796,53832,dressing_room ,0.13806085
11217,253796,53832,nursery ,0.057976168
11218,253796,53832,clean_room ,0.05168333
11219,253796,53832,nursing_home ,0.036719676
11220,253796,53856,dressing_room ,0.33396316
11221,253796,53856,archive ,0.16865554
11222,253796,53856,clean_room ,0.055091072
11223,253796,53856,hospital_room ,0.051886454
11224,253796,53856,nursery ,0.05140467
11225,253796,53880,archive ,0.40256727
11226,253796,53880,dressing_room ,0.20016178
11227,253796,53880,nursery ,0.057756927
11228,253796,53880,hospital_room ,0.04117703
11229,253796,53880,clean_room ,0.039670095
11230,253796,53904,dressing_room ,0.47826046
11231,253796,53904,nursery ,0.06621558
11232,253796,53904,hospital_room ,0.0584922
11233,253796,53904,clean_room ,0.051091563
11234,253796,53904,archive ,0.050398666
11235,253796,53928,dressing_room ,0.24259329
11236,253796,53928,archive ,0.17235069
11237,253796,53928,nursery ,0.104234144
11238,253796,53928,clean_room ,0.06148337
11239,253796,53928,hospital_room ,0.061424468
11240,253796,53952,dressing_room ,0.3572569
11241,253796,53952,archive ,0.1002518
11242,253796,53952,nursery ,0.082726866
11243,253796,53952,hospital_room ,0.06164224
11244,253796,53952,clean_room ,0.04759361
11245,253796,53976,dressing_room ,0.26204214
11246,253796,53976,archive ,0.09756015
11247,253796,53976,nursery ,0.08372966
11248,253796,53976,clean_room ,0.07237565
11249,253796,53976,hospital_room ,0.0688945
11250,253796,54000,dressing_room ,0.2678992
11251,253796,54000,archive ,0.20615391
11252,253796,54000,clean_room ,0.08977257
11253,253796,54000,nursery ,0.0595275
11254,253796,54000,hospital_room ,0.04946118
11255,253796,54024,dressing_room ,0.22925164
11256,253796,54024,archive ,0.1529238
11257,253796,54024,nursery ,0.078483574
11258,253796,54024,clean_room ,0.07840577
11259,253796,54024,hospital_room ,0.061849877
11260,253796,54048,archive ,0.25737777
11261,253796,54048,dressing_room ,0.2041604
11262,253796,54048,clean_room ,0.056883875
11263,253796,54048,hospital_room ,0.04840248
11264,253796,54048,museum/indoor ,0.042977534
11265,253796,54072,dressing_room ,0.21807489
11266,253796,54072,archive ,0.18374187
11267,253796,54072,clean_room ,0.13082464
11268,253796,54072,hospital_room ,0.085201755
11269,253796,54072,operating_room ,0.049768932
11270,253796,54096,archive ,0.24201235
11271,253796,54096,dressing_room ,0.21105191
11272,253796,54096,nursery ,0.12964815
11273,253796,54096,clean_room ,0.08550769
11274,253796,54096,hospital_room ,0.0600358
11275,253796,54120,archive ,0.23233786
11276,253796,54120,dressing_room ,0.20089877
11277,253796,54120,clean_room ,0.12390147
11278,253796,54120,nursery ,0.08377599
11279,253796,54120,hospital_room ,0.052018933
11280,253796,54144,archive ,0.38212797
11281,253796,54144,dressing_room ,0.15944177
11282,253796,54144,nursery ,0.088406935
11283,253796,54144,clean_room ,0.08642383
11284,253796,54144,butchers_shop ,0.044963352
11285,253796,54168,dressing_room ,0.19378288
11286,253796,54168,nursery ,0.18335082
11287,253796,54168,archive ,0.13289942
11288,253796,54168,boxing_ring ,0.10066486
11289,253796,54168,martial_arts_gym ,0.06009718
11290,253796,54192,dressing_room ,0.6079651
11291,253796,54192,bar ,0.05236463
11292,253796,54192,clean_room ,0.049929287
11293,253796,54192,beauty_salon ,0.026022786
11294,253796,54192,museum/indoor ,0.02491082
11295,253796,54216,clean_room ,0.662345
11296,253796,54216,dressing_room ,0.061815433
11297,253796,54216,beauty_salon ,0.05194085
11298,253796,54216,pharmacy ,0.02413521
11299,253796,54216,biology_laboratory ,0.016118161
11300,253796,54240,clean_room ,0.46039587
11301,253796,54240,dressing_room ,0.18777272
11302,253796,54240,martial_arts_gym ,0.072610915
11303,253796,54240,locker_room ,0.05003203
11304,253796,54240,art_gallery ,0.026589543
11305,253796,54264,dressing_room ,0.41783145
11306,253796,54264,clean_room ,0.1232178
11307,253796,54264,office ,0.042386953
11308,253796,54264,music_studio ,0.02869886
11309,253796,54264,bar ,0.027731169
11310,253796,54288,museum/indoor ,0.26547527
11311,253796,54288,clean_room ,0.26149634
11312,253796,54288,art_studio ,0.13778023
11313,253796,54288,art_gallery ,0.124962196
11314,253796,54288,dressing_room ,0.08222354
11315,253796,54312,dressing_room ,0.39953738
11316,253796,54312,locker_room ,0.09094361
11317,253796,54312,closet ,0.055661652
11318,253796,54312,shower ,0.044337004
11319,253796,54312,basement ,0.031884123
11320,253796,54336,museum/indoor ,0.24866664
11321,253796,54336,artists_loft ,0.2463593
11322,253796,54336,art_gallery ,0.09430853
11323,253796,54336,bow_window/indoor ,0.059395865
11324,253796,54336,clothing_store ,0.05876665
11325,253796,54360,museum/indoor ,0.2150033
11326,253796,54360,clean_room ,0.21124426
11327,253796,54360,bow_window/indoor ,0.15174663
11328,253796,54360,art_gallery ,0.09695164
11329,253796,54360,artists_loft ,0.057076845
11330,253796,54384,clean_room ,0.7550423
11331,253796,54384,museum/indoor ,0.05431138
11332,253796,54384,elevator/door ,0.038576733
11333,253796,54384,art_gallery ,0.017622959
11334,253796,54384,elevator_lobby ,0.016953018
11335,253796,54408,clean_room ,0.30761725
11336,253796,54408,museum/indoor ,0.18773356
11337,253796,54408,art_gallery ,0.1595421
11338,253796,54408,dressing_room ,0.0516322
11339,253796,54408,locker_room ,0.05058578
11340,253796,54432,clean_room ,0.7320095
11341,253796,54432,dressing_room ,0.094134636
11342,253796,54432,locker_room ,0.033778407
11343,253796,54432,archive ,0.010600286
11344,253796,54432,closet ,0.010565119
11345,253796,54456,clean_room ,0.43256354
11346,253796,54456,dressing_room ,0.2901221
11347,253796,54456,locker_room ,0.06489384
11348,253796,54456,hospital_room ,0.032428067
11349,253796,54456,nursery ,0.028937612
11350,253796,54480,dressing_room ,0.254062
11351,253796,54480,clean_room ,0.2295467
11352,253796,54480,locker_room ,0.053719357
11353,253796,54480,bow_window/indoor ,0.042214278
11354,253796,54480,elevator/door ,0.035714626
11355,253796,54504,clean_room ,0.9570186
11356,253796,54504,dressing_room ,0.014512738
11357,253796,54504,locker_room ,0.0067668054
11358,253796,54504,hospital_room ,0.0033196695
11359,253796,54504,closet ,0.0028682956
11360,253796,54528,clean_room ,0.92939967
11361,253796,54528,dressing_room ,0.043896765
11362,253796,54528,locker_room ,0.0072445455
11363,253796,54528,hospital_room ,0.003988277
11364,253796,54528,closet ,0.0018434124
11365,253796,54552,clean_room ,0.9566096
11366,253796,54552,dressing_room ,0.016479168
11367,253796,54552,hospital_room ,0.0040689763
11368,253796,54552,locker_room ,0.003231593
11369,253796,54552,butchers_shop ,0.0022518667
11370,253796,54576,locker_room ,0.34971446
11371,253796,54576,dressing_room ,0.2606169
11372,253796,54576,closet ,0.1599228
11373,253796,54576,elevator/door ,0.049228434
11374,253796,54576,clean_room ,0.029240476
11375,253796,54600,clean_room ,0.7771401
11376,253796,54600,dressing_room ,0.04836303
11377,253796,54600,locker_room ,0.032002337
11378,253796,54600,archive ,0.02809818
11379,253796,54600,martial_arts_gym ,0.017862728
11380,253796,54624,clean_room ,0.6169565
11381,253796,54624,dressing_room ,0.14064568
11382,253796,54624,locker_room ,0.0656563
11383,253796,54624,museum/indoor ,0.03334055
11384,253796,54624,archive ,0.023770336
11385,253796,54648,clean_room ,0.4951947
11386,253796,54648,butchers_shop ,0.22004224
11387,253796,54648,dressing_room ,0.110239215
11388,253796,54648,locker_room ,0.04073832
11389,253796,54648,museum/indoor ,0.02092618
11390,253796,54672,clean_room ,0.4150053
11391,253796,54672,butchers_shop ,0.21714911
11392,253796,54672,museum/indoor ,0.09316809
11393,253796,54672,dressing_room ,0.052420147
11394,253796,54672,art_gallery ,0.029488582
11395,253796,54696,clean_room ,0.42121345
11396,253796,54696,museum/indoor ,0.169052
11397,253796,54696,dressing_room ,0.14759693
11398,253796,54696,art_gallery ,0.037466623
11399,253796,54696,art_studio ,0.033241298
11400,253796,54720,clean_room ,0.5956163
11401,253796,54720,butchers_shop ,0.1874812
11402,253796,54720,dressing_room ,0.055076543
11403,253796,54720,locker_room ,0.049562294
11404,253796,54720,museum/indoor ,0.022858972
11405,253796,54744,clean_room ,0.4402498
11406,253796,54744,butchers_shop ,0.25961414
11407,253796,54744,dressing_room ,0.070857964
11408,253796,54744,museum/indoor ,0.039735664
11409,253796,54744,locker_room ,0.028932843
11410,253796,54768,clean_room ,0.49553058
11411,253796,54768,dressing_room ,0.15728934
11412,253796,54768,butchers_shop ,0.07728069
11413,253796,54768,locker_room ,0.052867275
11414,253796,54768,archive ,0.03164201
11415,253796,54792,clean_room ,0.7050294
11416,253796,54792,dressing_room ,0.05441894
11417,253796,54792,museum/indoor ,0.050396822
11418,253796,54792,archive ,0.025891244
11419,253796,54792,butchers_shop ,0.019615533
11420,253796,54816,clean_room ,0.65151757
11421,253796,54816,dressing_room ,0.104010135
11422,253796,54816,locker_room ,0.044422284
11423,253796,54816,museum/indoor ,0.040100437
11424,253796,54816,archive ,0.04003628
11425,253796,54840,clean_room ,0.6509776
11426,253796,54840,dressing_room ,0.07217807
11427,253796,54840,museum/indoor ,0.06424244
11428,253796,54840,archive ,0.047301147
11429,253796,54840,locker_room ,0.03461659
11430,253796,54864,clean_room ,0.7234761
11431,253796,54864,dressing_room ,0.09770067
11432,253796,54864,locker_room ,0.03572602
11433,253796,54864,archive ,0.027739227
11434,253796,54864,museum/indoor ,0.02543369
11435,253796,54888,shower ,0.42952976
11436,253796,54888,dressing_room ,0.18382001
11437,253796,54888,bathroom ,0.108844645
11438,253796,54888,locker_room ,0.050383095
11439,253796,54888,clean_room ,0.040619656
11440,253796,54912,shower ,0.1370384
11441,253796,54912,locker_room ,0.13042742
11442,253796,54912,clean_room ,0.117791414
11443,253796,54912,dressing_room ,0.09946891
11444,253796,54912,elevator/door ,0.072366826
11445,253796,54936,locker_room ,0.3251826
11446,253796,54936,dressing_room ,0.19201241
11447,253796,54936,shower ,0.10078531
11448,253796,54936,clean_room ,0.07190395
11449,253796,54936,closet ,0.033613157
11450,253796,54960,dressing_room ,0.32166827
11451,253796,54960,locker_room ,0.24240744
11452,253796,54960,shower ,0.14574584
11453,253796,54960,closet ,0.10510702
11454,253796,54960,clean_room ,0.035401735
11455,253796,54984,closet ,0.2640656
11456,253796,54984,locker_room ,0.2419565
11457,253796,54984,dressing_room ,0.2289929
11458,253796,54984,shower ,0.09470189
11459,253796,54984,clothing_store ,0.01942724
11460,253796,55008,clean_room ,0.3785019
11461,253796,55008,bow_window/indoor ,0.21367845
11462,253796,55008,museum/indoor ,0.071544036
11463,253796,55008,closet ,0.030886458
11464,253796,55008,alcove ,0.026704917
11465,253796,55032,museum/indoor ,0.33734667
11466,253796,55032,clean_room ,0.2618976
11467,253796,55032,bow_window/indoor ,0.21361028
11468,253796,55032,art_gallery ,0.05357984
11469,253796,55032,artists_loft ,0.03070721
11470,253796,55056,museum/indoor ,0.3444054
11471,253796,55056,clean_room ,0.3147853
11472,253796,55056,bow_window/indoor ,0.166227
11473,253796,55056,art_gallery ,0.0342195
11474,253796,55056,jail_cell ,0.017071154
11475,253796,55080,clean_room ,0.7566658
11476,253796,55080,museum/indoor ,0.10468505
11477,253796,55080,bow_window/indoor ,0.028160531
11478,253796,55080,martial_arts_gym ,0.016344449
11479,253796,55080,artists_loft ,0.010856433
11480,253796,55104,jail_cell ,0.27272055
11481,253796,55104,clean_room ,0.2601943
11482,253796,55104,bow_window/indoor ,0.17296316
11483,253796,55104,museum/indoor ,0.06959578
11484,253796,55104,artists_loft ,0.022430725
11485,253796,55128,bow_window/indoor ,0.20144337
11486,253796,55128,dressing_room ,0.15535934
11487,253796,55128,artists_loft ,0.15248103
11488,253796,55128,clean_room ,0.08556209
11489,253796,55128,closet ,0.05442616
11490,253796,55152,entrance_hall ,0.14041787
11491,253796,55152,dressing_room ,0.12595358
11492,253796,55152,corridor ,0.10909224
11493,253796,55152,ballroom ,0.075837225
11494,253796,55152,bow_window/indoor ,0.056816988
11495,253796,55176,bow_window/indoor ,0.391383
11496,253796,55176,artists_loft ,0.066872634
11497,253796,55176,closet ,0.06311224
11498,253796,55176,dressing_room ,0.051139496
11499,253796,55176,clothing_store ,0.0445158
11500,253796,55200,clean_room ,0.66462106
11501,253796,55200,dressing_room ,0.045762576
11502,253796,55200,archive ,0.03266419
11503,253796,55200,museum/indoor ,0.029927975
11504,253796,55200,alcove ,0.0210868
11505,253796,55224,clean_room ,0.19290714
11506,253796,55224,museum/indoor ,0.13690767
11507,253796,55224,dressing_room ,0.10228946
11508,253796,55224,art_gallery ,0.08776517
11509,253796,55224,science_museum ,0.057650942
11510,253796,55248,shower ,0.29393318
11511,253796,55248,alcove ,0.07749175
11512,253796,55248,bathroom ,0.07545431
11513,253796,55248,basement ,0.06527477
11514,253796,55248,locker_room ,0.060691953
11515,253796,55272,shower ,0.21020874
11516,253796,55272,clean_room ,0.12046524
11517,253796,55272,alcove ,0.069712654
11518,253796,55272,art_gallery ,0.067398146
11519,253796,55272,dressing_room ,0.060564686
11520,253796,55296,shower ,0.12646349
11521,253796,55296,alcove ,0.07628782
11522,253796,55296,elevator/door ,0.06707352
11523,253796,55296,locker_room ,0.06683949
11524,253796,55296,basement ,0.06348772
11525,253796,55320,shower ,0.15828796
11526,253796,55320,clean_room ,0.10504625
11527,253796,55320,skyscraper ,0.049194407
11528,253796,55320,art_gallery ,0.044546347
11529,253796,55320,corridor ,0.041366708
11530,253796,55344,clean_room ,0.2775875
11531,253796,55344,stage/indoor ,0.122847185
11532,253796,55344,museum/indoor ,0.095867105
11533,253796,55344,martial_arts_gym ,0.06866305
11534,253796,55344,discotheque ,0.06709205
11535,253796,55368,museum/indoor ,0.4716848
11536,253796,55368,clean_room ,0.15980807
11537,253796,55368,art_gallery ,0.113546774
11538,253796,55368,martial_arts_gym ,0.045438662
11539,253796,55368,dressing_room ,0.037570667
11540,253796,55392,clean_room ,0.42943347
11541,253796,55392,dressing_room ,0.15423952
11542,253796,55392,museum/indoor ,0.08648967
11543,253796,55392,stage/indoor ,0.04805818
11544,253796,55392,art_gallery ,0.037698228
11545,253796,55416,locker_room ,0.1882813
11546,253796,55416,art_gallery ,0.09444355
11547,253796,55416,dressing_room ,0.07588011
11548,253796,55416,stage/indoor ,0.0704134
11549,253796,55416,lecture_room ,0.05197736
11550,253796,55440,museum/indoor ,0.33284134
11551,253796,55440,clean_room ,0.3167754
11552,253796,55440,art_gallery ,0.11043275
11553,253796,55440,archive ,0.03501878
11554,253796,55440,locker_room ,0.03263508
11555,253796,55464,dressing_room ,0.26375616
11556,253796,55464,locker_room ,0.19722158
11557,253796,55464,clean_room ,0.15155517
11558,253796,55464,art_gallery ,0.07266553
11559,253796,55464,archive ,0.06696778
11560,253796,55488,dressing_room ,0.36924452
11561,253796,55488,locker_room ,0.18780014
11562,253796,55488,clothing_store ,0.088420555
11563,253796,55488,martial_arts_gym ,0.048885453
11564,253796,55488,art_gallery ,0.042382848
11565,253796,55512,locker_room ,0.1790705
11566,253796,55512,dressing_room ,0.153389
11567,253796,55512,museum/indoor ,0.15317544
11568,253796,55512,art_gallery ,0.0993379
11569,253796,55512,clean_room ,0.07965614
11570,253796,55536,art_gallery ,0.28850853
11571,253796,55536,museum/indoor ,0.11324823
11572,253796,55536,artists_loft ,0.101217605
11573,253796,55536,clean_room ,0.06649379
11574,253796,55536,elevator/door ,0.05156995
11575,253796,55560,elevator/door ,0.20377071
11576,253796,55560,shower ,0.16012545
11577,253796,55560,alcove ,0.073650256
11578,253796,55560,elevator_lobby ,0.06620462
11579,253796,55560,bathroom ,0.0533494
11580,253796,55584,art_gallery ,0.2932511
11581,253796,55584,clean_room ,0.21388964
11582,253796,55584,museum/indoor ,0.07831951
11583,253796,55584,art_studio ,0.074755244
11584,253796,55584,locker_room ,0.046063207
11585,253796,55608,clean_room ,0.52659106
11586,253796,55608,art_gallery ,0.18421483
11587,253796,55608,museum/indoor ,0.044481974
11588,253796,55608,locker_room ,0.03488814
11589,253796,55608,art_studio ,0.032528535
11590,253796,55632,clean_room ,0.81119084
11591,253796,55632,art_gallery ,0.056514543
11592,253796,55632,museum/indoor ,0.027324034
11593,253796,55632,locker_room ,0.019207543
11594,253796,55632,martial_arts_gym ,0.013196607
11595,253796,55656,clean_room ,0.75602007
11596,253796,55656,art_gallery ,0.094386
11597,253796,55656,museum/indoor ,0.06532717
11598,253796,55656,art_studio ,0.020595448
11599,253796,55656,martial_arts_gym ,0.00700619
11600,253796,55680,clean_room ,0.75979537
11601,253796,55680,museum/indoor ,0.09467558
11602,253796,55680,art_gallery ,0.079369724
11603,253796,55680,art_studio ,0.010549492
11604,253796,55680,clothing_store ,0.005923887
11605,253796,55704,clean_room ,0.49746093
11606,253796,55704,museum/indoor ,0.1182342
11607,253796,55704,art_gallery ,0.11735953
11608,253796,55704,natural_history_museum ,0.097211175
11609,253796,55704,science_museum ,0.0809639
11610,253796,55728,museum/indoor ,0.3730421
11611,253796,55728,art_gallery ,0.14354183
11612,253796,55728,natural_history_museum ,0.13738288
11613,253796,55728,science_museum ,0.1244917
11614,253796,55728,clean_room ,0.114286765
11615,253796,55752,museum/indoor ,0.6810107
11616,253796,55752,art_gallery ,0.1313601
11617,253796,55752,natural_history_museum ,0.057897057
11618,253796,55752,science_museum ,0.05209744
11619,253796,55752,clean_room ,0.036314383
11620,253796,55776,museum/indoor ,0.598766
11621,253796,55776,art_gallery ,0.23818813
11622,253796,55776,clean_room ,0.050641023
11623,253796,55776,natural_history_museum ,0.050263178
11624,253796,55776,science_museum ,0.040164128
11625,253796,55800,clean_room ,0.7299749
11626,253796,55800,chemistry_lab ,0.029338514
11627,253796,55800,science_museum ,0.028548887
11628,253796,55800,biology_laboratory ,0.025359489
11629,253796,55800,dressing_room ,0.0212828
11630,253796,55824,clean_room ,0.34026068
11631,253796,55824,hospital_room ,0.2209459
11632,253796,55824,operating_room ,0.1393758
11633,253796,55824,airplane_cabin ,0.11173333
11634,253796,55824,dressing_room ,0.08444497
11635,253796,55848,dressing_room ,0.5309061
11636,253796,55848,nursery ,0.0700926
11637,253796,55848,hospital_room ,0.06371483
11638,253796,55848,clean_room ,0.038759843
11639,253796,55848,martial_arts_gym ,0.035980523
11640,253796,55872,dressing_room ,0.7564764
11641,253796,55872,clean_room ,0.09461408
11642,253796,55872,nursery ,0.028221868
11643,253796,55872,hospital_room ,0.022448951
11644,253796,55872,operating_room ,0.01821597
11645,253796,55896,clean_room ,0.49387324
11646,253796,55896,hospital_room ,0.1619806
11647,253796,55896,operating_room ,0.15779373
11648,253796,55896,dressing_room ,0.07467272
11649,253796,55896,nursery ,0.034482297
11650,253796,55920,clean_room ,0.39839447
11651,253796,55920,dressing_room ,0.28919756
11652,253796,55920,operating_room ,0.080816716
11653,253796,55920,hospital_room ,0.0798911
11654,253796,55920,locker_room ,0.04237893
11655,253796,55944,clean_room ,0.349685
11656,253796,55944,dressing_room ,0.1855099
11657,253796,55944,hospital_room ,0.1351352
11658,253796,55944,operating_room ,0.1180684
11659,253796,55944,nursery ,0.058964178
11660,253796,55968,clean_room ,0.5293822
11661,253796,55968,dressing_room ,0.18870449
11662,253796,55968,chemistry_lab ,0.09137152
11663,253796,55968,locker_room ,0.054362442
11664,253796,55968,biology_laboratory ,0.02530925
11665,253796,55992,clean_room ,0.49856007
11666,253796,55992,dressing_room ,0.14588314
11667,253796,55992,chemistry_lab ,0.080806784
11668,253796,55992,music_studio ,0.031488907
11669,253796,55992,operating_room ,0.02875386
11670,253796,56016,clean_room ,0.4196978
11671,253796,56016,dressing_room ,0.29796955
11672,253796,56016,chemistry_lab ,0.059087694
11673,253796,56016,operating_room ,0.039272852
11674,253796,56016,nursery ,0.035347912
11675,253796,56040,clean_room ,0.55937076
11676,253796,56040,dressing_room ,0.15585455
11677,253796,56040,chemistry_lab ,0.04866323
11678,253796,56040,nursery ,0.041718926
11679,253796,56040,operating_room ,0.028242169
11680,253796,56064,dressing_room ,0.33652326
11681,253796,56064,clean_room ,0.15256046
11682,253796,56064,nursery ,0.12679276
11683,253796,56064,hospital_room ,0.097812325
11684,253796,56064,operating_room ,0.08618959
11685,253796,56088,dressing_room ,0.7985526
11686,253796,56088,clean_room ,0.10964888
11687,253796,56088,locker_room ,0.052008737
11688,253796,56088,shower ,0.011042496
11689,253796,56088,nursery ,0.01052938
11690,253796,56112,dressing_room ,0.8089051
11691,253796,56112,locker_room ,0.090519354
11692,253796,56112,nursery ,0.02872654
11693,253796,56112,clean_room ,0.02806144
11694,253796,56112,shower ,0.0107011665
11695,253796,56136,dressing_room ,0.87416744
11696,253796,56136,locker_room ,0.051273413
11697,253796,56136,clean_room ,0.03341118
11698,253796,56136,nursery ,0.012416902
11699,253796,56136,museum/indoor ,0.011883836
11700,253796,56160,dressing_room ,0.3798106
11701,253796,56160,clean_room ,0.28258094
11702,253796,56160,nursery ,0.12068278
11703,253796,56160,operating_room ,0.07561677
11704,253796,56160,locker_room ,0.05095067
11705,253796,56184,dressing_room ,0.70709664
11706,253796,56184,clean_room ,0.097243264
11707,253796,56184,nursery ,0.06385457
11708,253796,56184,operating_room ,0.029579787
11709,253796,56184,hospital_room ,0.028031634
11710,253796,56208,dressing_room ,0.9013278
11711,253796,56208,clean_room ,0.024564521
11712,253796,56208,locker_room ,0.014426491
11713,253796,56208,nursery ,0.009364026
11714,253796,56208,hospital_room ,0.0078165755
11715,253796,56232,dressing_room ,0.38574278
11716,253796,56232,clean_room ,0.23698679
11717,253796,56232,chemistry_lab ,0.10284703
11718,253796,56232,operating_room ,0.06097211
11719,253796,56232,hospital_room ,0.038866423
11720,253796,56256,dressing_room ,0.5855944
11721,253796,56256,nursery ,0.13960728
11722,253796,56256,clean_room ,0.13393189
11723,253796,56256,operating_room ,0.043714445
11724,253796,56256,hospital_room ,0.022093333
11725,253796,56280,dressing_room ,0.6654425
11726,253796,56280,clean_room ,0.17009135
11727,253796,56280,nursery ,0.06175653
11728,253796,56280,operating_room ,0.01748327
11729,253796,56280,chemistry_lab ,0.017090278
11730,253796,56304,dressing_room ,0.42952862
11731,253796,56304,clean_room ,0.30560762
11732,253796,56304,nursery ,0.07346449
11733,253796,56304,operating_room ,0.050816018
11734,253796,56304,hospital_room ,0.039216604
11735,253796,56328,dressing_room ,0.4745049
11736,253796,56328,clean_room ,0.23764046
11737,253796,56328,nursery ,0.11363761
11738,253796,56328,operating_room ,0.05437531
11739,253796,56328,hospital_room ,0.046738166
11740,253796,56352,dressing_room ,0.69027406
11741,253796,56352,clean_room ,0.080730654
11742,253796,56352,nursery ,0.07582034
11743,253796,56352,locker_room ,0.059132792
11744,253796,56352,operating_room ,0.01943895
11745,253796,56376,dressing_room ,0.8956144
11746,253796,56376,chemistry_lab ,0.02458107
11747,253796,56376,clean_room ,0.022083616
11748,253796,56376,music_studio ,0.008466536
11749,253796,56376,beauty_salon ,0.005115872
11750,253796,56400,clean_room ,0.27745813
11751,253796,56400,dressing_room ,0.18816918
11752,253796,56400,chemistry_lab ,0.14614116
11753,253796,56400,biology_laboratory ,0.11045261
11754,253796,56400,physics_laboratory ,0.09219662
11755,253796,56424,clean_room ,0.713861
11756,253796,56424,dressing_room ,0.05941734
11757,253796,56424,operating_room ,0.038352437
11758,253796,56424,hospital_room ,0.03196503
11759,253796,56424,chemistry_lab ,0.024152737
11760,253796,56448,clean_room ,0.6751381
11761,253796,56448,locker_room ,0.051866006
11762,253796,56448,hospital_room ,0.05071181
11763,253796,56448,dressing_room ,0.038549867
11764,253796,56448,operating_room ,0.037274193
11765,253796,56472,clean_room ,0.31680965
11766,253796,56472,dressing_room ,0.20473582
11767,253796,56472,chemistry_lab ,0.1717083
11768,253796,56472,operating_room ,0.10532546
11769,253796,56472,hospital_room ,0.061493184
11770,253796,56496,dressing_room ,0.326713
11771,253796,56496,clean_room ,0.2725497
11772,253796,56496,chemistry_lab ,0.24445765
11773,253796,56496,biology_laboratory ,0.03815655
11774,253796,56496,locker_room ,0.025868168
11775,253796,56520,clean_room ,0.5910824
11776,253796,56520,dressing_room ,0.15744536
11777,253796,56520,chemistry_lab ,0.12348474
11778,253796,56520,operating_room ,0.023002353
11779,253796,56520,discotheque ,0.0214465
11780,253796,56544,clean_room ,0.8739314
11781,253796,56544,stage/indoor ,0.03231014
11782,253796,56544,museum/indoor ,0.023725418
11783,253796,56544,operating_room ,0.015343518
11784,253796,56544,discotheque ,0.011616551
11785,253796,56568,museum/indoor ,0.48167706
11786,253796,56568,stage/indoor ,0.31913146
11787,253796,56568,clean_room ,0.03752301
11788,253796,56568,discotheque ,0.029149635
11789,253796,56568,ballroom ,0.020943658
11790,253796,56592,dressing_room ,0.21223165
11791,253796,56592,ballroom ,0.12955694
11792,253796,56592,museum/indoor ,0.1248593
11793,253796,56592,stage/indoor ,0.118222296
11794,253796,56592,discotheque ,0.113260604
11795,253796,56616,stage/indoor ,0.27283472
11796,253796,56616,discotheque ,0.20562851
11797,253796,56616,ballroom ,0.0832491
11798,253796,56616,clean_room ,0.06349658
11799,253796,56616,lecture_room ,0.040289357
11800,253796,56640,clean_room ,0.78206956
11801,253796,56640,museum/indoor ,0.08244328
11802,253796,56640,stage/indoor ,0.043928463
11803,253796,56640,discotheque ,0.012086977
11804,253796,56640,dressing_room ,0.0103082415
11805,253796,56664,dressing_room ,0.33907804
11806,253796,56664,clean_room ,0.20936221
11807,253796,56664,stage/indoor ,0.11654707
11808,253796,56664,discotheque ,0.09586572
11809,253796,56664,museum/indoor ,0.050060723
11810,253796,56688,museum/indoor ,0.76224554
11811,253796,56688,stage/indoor ,0.050220866
11812,253796,56688,clean_room ,0.04572326
11813,253796,56688,archive ,0.023824068
11814,253796,56688,dressing_room ,0.012580427
11815,253796,56712,clean_room ,0.5771277
11816,253796,56712,dressing_room ,0.08916383
11817,253796,56712,stage/indoor ,0.052088026
11818,253796,56712,archive ,0.04804884
11819,253796,56712,museum/indoor ,0.038099945
11820,253796,56736,clean_room ,0.7461629
11821,253796,56736,operating_room ,0.08934664
11822,253796,56736,hospital_room ,0.026137047
11823,253796,56736,stage/indoor ,0.021353666
11824,253796,56736,dressing_room ,0.0178931
11825,253796,56760,clean_room ,0.83204633
11826,253796,56760,stage/indoor ,0.05114908
11827,253796,56760,dressing_room ,0.043789033
11828,253796,56760,museum/indoor ,0.013761326
11829,253796,56760,chemistry_lab ,0.010642023
11830,253796,56784,clean_room ,0.7909487
11831,253796,56784,museum/indoor ,0.08278804
11832,253796,56784,stage/indoor ,0.04897602
11833,253796,56784,archive ,0.012371534
11834,253796,56784,operating_room ,0.008207569
11835,253796,56808,clean_room ,0.42948535
11836,253796,56808,museum/indoor ,0.33737546
11837,253796,56808,stage/indoor ,0.06181
11838,253796,56808,dressing_room ,0.03190372
11839,253796,56808,art_gallery ,0.015466375
11840,253796,56832,clean_room ,0.6344745
11841,253796,56832,museum/indoor ,0.2332141
11842,253796,56832,dressing_room ,0.060436785
11843,253796,56832,stage/indoor ,0.008877995
11844,253796,56832,art_gallery ,0.008732606
11845,253796,56856,museum/indoor ,0.62699103
11846,253796,56856,clean_room ,0.20260267
11847,253796,56856,dressing_room ,0.045204874
11848,253796,56856,locker_room ,0.027488252
11849,253796,56856,art_gallery ,0.018759346
11850,253796,56880,stage/indoor ,0.5514129
11851,253796,56880,music_studio ,0.14337543
11852,253796,56880,museum/indoor ,0.057186406
11853,253796,56880,orchestra_pit ,0.056934733
11854,253796,56880,television_studio ,0.04545778
11855,253796,56904,clean_room ,0.379197
11856,253796,56904,museum/indoor ,0.13158183
11857,253796,56904,shower ,0.05445834
11858,253796,56904,stage/indoor ,0.032868456
11859,253796,56904,archive ,0.027008753
11860,253796,56928,clean_room ,0.42149776
11861,253796,56928,museum/indoor ,0.2650394
11862,253796,56928,dressing_room ,0.04940687
11863,253796,56928,butchers_shop ,0.037575066
11864,253796,56928,stage/indoor ,0.021568893
11865,253796,56952,museum/indoor ,0.47008517
11866,253796,56952,clean_room ,0.15147996
11867,253796,56952,stage/indoor ,0.056892864
11868,253796,56952,dressing_room ,0.055999957
11869,253796,56952,archive ,0.021265091
11870,253796,56976,clean_room ,0.38232657
11871,253796,56976,dressing_room ,0.28771475
11872,253796,56976,stage/indoor ,0.09903881
11873,253796,56976,museum/indoor ,0.06438244
11874,253796,56976,locker_room ,0.035250153
11875,253796,57000,dressing_room ,0.6324452
11876,253796,57000,clean_room ,0.13484581
11877,253796,57000,chemistry_lab ,0.06646714
11878,253796,57000,biology_laboratory ,0.027290551
11879,253796,57000,museum/indoor ,0.013519689
11880,253796,57024,museum/indoor ,0.5866465
11881,253796,57024,dressing_room ,0.26562715
11882,253796,57024,clean_room ,0.06019331
11883,253796,57024,art_gallery ,0.025405623
11884,253796,57024,art_studio ,0.008325206
11885,253796,57048,clean_room ,0.4198335
11886,253796,57048,dressing_room ,0.1898299
11887,253796,57048,museum/indoor ,0.10542848
11888,253796,57048,chemistry_lab ,0.046264496
11889,253796,57048,art_gallery ,0.023398397
11890,253796,57072,chemistry_lab ,0.16254021
11891,253796,57072,dressing_room ,0.08036347
11892,253796,57072,music_studio ,0.07726511
11893,253796,57072,clean_room ,0.07645298
11894,253796,57072,stage/indoor ,0.0756234
11895,253796,57096,dressing_room ,0.1547525
11896,253796,57096,museum/indoor ,0.13164108
11897,253796,57096,clean_room ,0.10221933
11898,253796,57096,chemistry_lab ,0.06004561
11899,253796,57096,ballroom ,0.057669494
11900,253796,57120,clean_room ,0.18050754
11901,253796,57120,chemistry_lab ,0.13384587
11902,253796,57120,museum/indoor ,0.09206972
11903,253796,57120,stage/indoor ,0.07691368
11904,253796,57120,biology_laboratory ,0.05526437
11905,253796,57144,stage/indoor ,0.18939051
11906,253796,57144,clean_room ,0.17036313
11907,253796,57144,music_studio ,0.12992261
11908,253796,57144,chemistry_lab ,0.11182121
11909,253796,57144,museum/indoor ,0.06965355
11910,253796,57168,stage/indoor ,0.14752835
11911,253796,57168,bar ,0.11217544
11912,253796,57168,chemistry_lab ,0.07791811
11913,253796,57168,discotheque ,0.06113128
11914,253796,57168,music_studio ,0.05645556
11915,253796,57192,museum/indoor ,0.28250322
11916,253796,57192,ballroom ,0.08275029
11917,253796,57192,stage/indoor ,0.081497125
11918,253796,57192,art_studio ,0.06845333
11919,253796,57192,chemistry_lab ,0.06670256
11920,253796,57216,chemistry_lab ,0.4558353
11921,253796,57216,stage/indoor ,0.24685563
11922,253796,57216,museum/indoor ,0.061736505
11923,253796,57216,bar ,0.052404284
11924,253796,57216,music_studio ,0.045433648
11925,253796,57240,stage/indoor ,0.50006694
11926,253796,57240,museum/indoor ,0.288916
11927,253796,57240,ballroom ,0.03665876
11928,253796,57240,chemistry_lab ,0.02902193
11929,253796,57240,bar ,0.026890423
11930,253796,57264,stage/indoor ,0.32007918
11931,253796,57264,chemistry_lab ,0.15725388
11932,253796,57264,museum/indoor ,0.1126849
11933,253796,57264,bar ,0.09998659
11934,253796,57264,music_studio ,0.058832306
11935,253796,57288,bar ,0.21124567
11936,253796,57288,museum/indoor ,0.1987822
11937,253796,57288,stage/indoor ,0.15600973
11938,253796,57288,chemistry_lab ,0.12080587
11939,253796,57288,music_studio ,0.09754491
11940,253796,57312,museum/indoor ,0.43719435
11941,253796,57312,music_studio ,0.12959924
11942,253796,57312,stage/indoor ,0.06910166
11943,253796,57312,chemistry_lab ,0.040122516
11944,253796,57312,clean_room ,0.035697993
11945,253796,57336,museum/indoor ,0.79449224
11946,253796,57336,stage/indoor ,0.03035781
11947,253796,57336,ballroom ,0.019962486
11948,253796,57336,art_gallery ,0.019868528
11949,253796,57336,music_studio ,0.019520486
11950,253796,57360,museum/indoor ,0.7270191
11951,253796,57360,stage/indoor ,0.19931647
11952,253796,57360,art_gallery ,0.01589301
11953,253796,57360,clean_room ,0.009101858
11954,253796,57360,ballroom ,0.008095824
11955,253796,57384,museum/indoor ,0.44563156
11956,253796,57384,stage/indoor ,0.19925068
11957,253796,57384,clean_room ,0.090154804
11958,253796,57384,music_studio ,0.0429969
11959,253796,57384,dressing_room ,0.03535781
11960,253796,57408,stage/indoor ,0.5243029
11961,253796,57408,discotheque ,0.19656427
11962,253796,57408,museum/indoor ,0.103636235
11963,253796,57408,music_studio ,0.054566022
11964,253796,57408,television_studio ,0.02261301
11965,253796,57432,stage/indoor ,0.4808946
11966,253796,57432,discotheque ,0.122676946
11967,253796,57432,museum/indoor ,0.092380285
11968,253796,57432,ballroom ,0.05044697
11969,253796,57432,dressing_room ,0.034817636
11970,253796,57456,stage/indoor ,0.6696689
11971,253796,57456,discotheque ,0.10314621
11972,253796,57456,music_studio ,0.03625907
11973,253796,57456,museum/indoor ,0.031501167
11974,253796,57456,dressing_room ,0.026520876
11975,253796,57480,stage/indoor ,0.21683414
11976,253796,57480,music_studio ,0.14739834
11977,253796,57480,museum/indoor ,0.08130373
11978,253796,57480,clean_room ,0.07942117
11979,253796,57480,dressing_room ,0.075589605
11980,253796,57504,stage/indoor ,0.33140174
11981,253796,57504,museum/indoor ,0.11670644
11982,253796,57504,dressing_room ,0.09302279
11983,253796,57504,discotheque ,0.08518328
11984,253796,57504,ballroom ,0.046779882
11985,253796,57528,museum/indoor ,0.4905814
11986,253796,57528,dressing_room ,0.10108254
11987,253796,57528,stage/indoor ,0.09168968
11988,253796,57528,ballroom ,0.045391418
11989,253796,57528,chemistry_lab ,0.036942117
11990,253796,57552,museum/indoor ,0.11339424
11991,253796,57552,ballroom ,0.11028854
11992,253796,57552,dressing_room ,0.09148047
11993,253796,57552,chemistry_lab ,0.08605034
11994,253796,57552,banquet_hall ,0.068994
11995,253796,57576,dressing_room ,0.3572399
11996,253796,57576,stage/indoor ,0.080600314
11997,253796,57576,discotheque ,0.069236085
11998,253796,57576,chemistry_lab ,0.06591348
11999,253796,57576,clean_room ,0.057698943
12000,253796,57600,chemistry_lab ,0.2819383
12001,253796,57600,bar ,0.08302499
12002,253796,57600,ballroom ,0.06710821
12003,253796,57600,stage/indoor ,0.0570413
12004,253796,57600,discotheque ,0.057010137
12005,253796,57624,dressing_room ,0.4160866
12006,253796,57624,discotheque ,0.32616368
12007,253796,57624,stage/indoor ,0.08960276
12008,253796,57624,bar ,0.032976758
12009,253796,57624,ballroom ,0.024348859
12010,253796,57648,dressing_room ,0.32085297
12011,253796,57648,clean_room ,0.10659006
12012,253796,57648,stage/indoor ,0.086517304
12013,253796,57648,hospital_room ,0.06930301
12014,253796,57648,ballroom ,0.054389678
12015,253796,57672,museum/indoor ,0.81065065
12016,253796,57672,archive ,0.080948606
12017,253796,57672,art_gallery ,0.030587504
12018,253796,57672,art_studio ,0.017875325
12019,253796,57672,clean_room ,0.014471875
12020,253796,57696,museum/indoor ,0.67911
12021,253796,57696,archive ,0.12804556
12022,253796,57696,art_gallery ,0.052835822
12023,253796,57696,art_studio ,0.033297595
12024,253796,57696,clean_room ,0.016902069
12025,253796,57720,museum/indoor ,0.50206256
12026,253796,57720,archive ,0.14290617
12027,253796,57720,art_gallery ,0.05904546
12028,253796,57720,art_studio ,0.05110621
12029,253796,57720,dressing_room ,0.04597202
12030,253796,57744,museum/indoor ,0.77698815
12031,253796,57744,archive ,0.091394424
12032,253796,57744,art_gallery ,0.05966981
12033,253796,57744,art_studio ,0.015249264
12034,253796,57744,clean_room ,0.013816561
12035,253796,57768,stage/indoor ,0.54991275
12036,253796,57768,discotheque ,0.16379617
12037,253796,57768,music_studio ,0.13801639
12038,253796,57768,ballroom ,0.042525116
12039,253796,57768,television_studio ,0.03732484
12040,253796,57792,museum/indoor ,0.52188516
12041,253796,57792,art_gallery ,0.23609465
12042,253796,57792,stage/indoor ,0.046019387
12043,253796,57792,dressing_room ,0.041609444
12044,253796,57792,clean_room ,0.030508062
12045,253796,57816,clean_room ,0.5203832
12046,253796,57816,museum/indoor ,0.099903464
12047,253796,57816,art_gallery ,0.054693114
12048,253796,57816,aquarium ,0.04745238
12049,253796,57816,iceberg ,0.03936721
12050,253796,57840,dressing_room ,0.980251
12051,253796,57840,locker_room ,0.005890771
12052,253796,57840,clean_room ,0.0026569006
12053,253796,57840,elevator/door ,0.0024243922
12054,253796,57840,discotheque ,0.0023400513
12055,253796,57864,dressing_room ,0.34876803
12056,253796,57864,stage/indoor ,0.15848126
12057,253796,57864,discotheque ,0.10296514
12058,253796,57864,elevator/door ,0.08636599
12059,253796,57864,shower ,0.0670659
12060,253796,57888,dressing_room ,0.53935045
12061,253796,57888,clothing_store ,0.18798493
12062,253796,57888,museum/indoor ,0.09053052
12063,253796,57888,bar ,0.022606099
12064,253796,57888,art_studio ,0.019424979
12065,253796,57912,chemistry_lab ,0.4604154
12066,253796,57912,museum/indoor ,0.0974119
12067,253796,57912,biology_laboratory ,0.060414147
12068,253796,57912,bar ,0.049428985
12069,253796,57912,clean_room ,0.046472106
12070,253796,57936,chemistry_lab ,0.6182855
12071,253796,57936,museum/indoor ,0.05896675
12072,253796,57936,biology_laboratory ,0.056222375
12073,253796,57936,dressing_room ,0.048554156
12074,253796,57936,clean_room ,0.037936028
12075,253796,57960,dressing_room ,0.4172239
12076,253796,57960,museum/indoor ,0.24004005
12077,253796,57960,chemistry_lab ,0.05893445
12078,253796,57960,clean_room ,0.044451453
12079,253796,57960,science_museum ,0.029748386
12080,253796,57984,chemistry_lab ,0.55120856
12081,253796,57984,biology_laboratory ,0.11480917
12082,253796,57984,science_museum ,0.048597224
12083,253796,57984,bar ,0.04673812
12084,253796,57984,physics_laboratory ,0.044946197
12085,253796,58008,chemistry_lab ,0.49142495
12086,253796,58008,biology_laboratory ,0.115943395
12087,253796,58008,beauty_salon ,0.034495484
12088,253796,58008,bar ,0.033756766
12089,253796,58008,physics_laboratory ,0.03114684
12090,253796,58032,chemistry_lab ,0.80801064
12091,253796,58032,biology_laboratory ,0.06648786
12092,253796,58032,bar ,0.019277683
12093,253796,58032,dressing_room ,0.015490289
12094,253796,58032,physics_laboratory ,0.0151087735
12095,253796,58056,chemistry_lab ,0.31588143
12096,253796,58056,museum/indoor ,0.25260007
12097,253796,58056,clean_room ,0.18728015
12098,253796,58056,biology_laboratory ,0.069254816
12099,253796,58056,science_museum ,0.035090037
12100,253796,58080,discotheque ,0.43193686
12101,253796,58080,museum/indoor ,0.16401981
12102,253796,58080,stage/indoor ,0.15610334
12103,253796,58080,art_gallery ,0.07685027
12104,253796,58080,dressing_room ,0.0757115
12105,253796,58104,discotheque ,0.30302593
12106,253796,58104,dressing_room ,0.21171936
12107,253796,58104,stage/indoor ,0.124972925
12108,253796,58104,locker_room ,0.07361311
12109,253796,58104,clean_room ,0.05001161
12110,253796,58128,clean_room ,0.74795765
12111,253796,58128,dressing_room ,0.18406811
12112,253796,58128,museum/indoor ,0.016915873
12113,253796,58128,clothing_store ,0.008859078
12114,253796,58128,locker_room ,0.006822885
12115,253796,58152,dressing_room ,0.95859015
12116,253796,58152,clean_room ,0.011679638
12117,253796,58152,beauty_salon ,0.0059892144
12118,253796,58152,chemistry_lab ,0.0057525146
12119,253796,58152,museum/indoor ,0.0056344755
12120,253796,58176,dressing_room ,0.7375262
12121,253796,58176,museum/indoor ,0.12512888
12122,253796,58176,clean_room ,0.026420644
12123,253796,58176,clothing_store ,0.020328144
12124,253796,58176,beauty_salon ,0.014259039
12125,253796,58200,clean_room ,0.47754088
12126,253796,58200,dressing_room ,0.30097768
12127,253796,58200,museum/indoor ,0.14734797
12128,253796,58200,science_museum ,0.013226231
12129,253796,58200,clothing_store ,0.01296455
12130,253796,58224,chemistry_lab ,0.19825424
12131,253796,58224,dressing_room ,0.17296214
12132,253796,58224,museum/indoor ,0.118319355
12133,253796,58224,archive ,0.08595439
12134,253796,58224,physics_laboratory ,0.053583164
12135,253796,58248,museum/indoor ,0.45549226
12136,253796,58248,dressing_room ,0.19541049
12137,253796,58248,stage/indoor ,0.11646804
12138,253796,58248,clean_room ,0.05991654
12139,253796,58248,music_studio ,0.038301263
12140,253796,58272,music_studio ,0.5445937
12141,253796,58272,stage/indoor ,0.0880622
12142,253796,58272,dressing_room ,0.07658277
12143,253796,58272,museum/indoor ,0.056313757
12144,253796,58272,discotheque ,0.034364052
12145,253796,58296,museum/indoor ,0.35619918
12146,253796,58296,clean_room ,0.13730186
12147,253796,58296,music_studio ,0.114866264
12148,253796,58296,dressing_room ,0.108363606
12149,253796,58296,chemistry_lab ,0.04284113
12150,253796,58320,museum/indoor ,0.39760906
12151,253796,58320,dressing_room ,0.193658
12152,253796,58320,clean_room ,0.16101916
12153,253796,58320,music_studio ,0.059007794
12154,253796,58320,beauty_salon ,0.037778568
12155,253796,58344,clean_room ,0.585102
12156,253796,58344,museum/indoor ,0.22733726
12157,253796,58344,dressing_room ,0.085707575
12158,253796,58344,operating_room ,0.027298233
12159,253796,58344,chemistry_lab ,0.013056492
12160,253796,58368,clean_room ,0.8770458
12161,253796,58368,dressing_room ,0.028038578
12162,253796,58368,operating_room ,0.026968574
12163,253796,58368,museum/indoor ,0.016108727
12164,253796,58368,chemistry_lab ,0.015215305
12165,253796,58392,dressing_room ,0.9950895
12166,253796,58392,sauna ,0.0028234208
12167,253796,58392,locker_room ,0.0012513319
12168,253796,58392,ballroom ,0.0002079666
12169,253796,58392,shower ,0.00012860072
12170,253796,58416,bow_window/indoor ,0.3304588
12171,253796,58416,jail_cell ,0.121041186
12172,253796,58416,bedroom ,0.05490846
12173,253796,58416,hotel_room ,0.05167495
12174,253796,58416,clean_room ,0.050877277
12175,253796,58440,dressing_room ,0.316936
12176,253796,58440,locker_room ,0.16186117
12177,253796,58440,elevator/door ,0.15550175
12178,253796,58440,discotheque ,0.07000803
12179,253796,58440,elevator_lobby ,0.06622976
12180,253796,58464,dressing_room ,0.72604537
12181,253796,58464,museum/indoor ,0.16585247
12182,253796,58464,art_gallery ,0.0325096
12183,253796,58464,clean_room ,0.014190383
12184,253796,58464,nursery ,0.012280014
12185,253796,58488,dressing_room ,0.94723225
12186,253796,58488,museum/indoor ,0.021303702
12187,253796,58488,clean_room ,0.0098731015
12188,253796,58488,clothing_store ,0.004657176
12189,253796,58488,locker_room ,0.0031346548
12190,253796,58512,clean_room ,0.6328574
12191,253796,58512,museum/indoor ,0.12152009
12192,253796,58512,dressing_room ,0.06646544
12193,253796,58512,music_studio ,0.028070623
12194,253796,58512,science_museum ,0.016162641
12195,253796,58536,dressing_room ,0.41461694
12196,253796,58536,clean_room ,0.20869176
12197,253796,58536,music_studio ,0.05480734
12198,253796,58536,museum/indoor ,0.04528396
12199,253796,58536,chemistry_lab ,0.043149635
12200,253796,58560,dressing_room ,0.6773174
12201,253796,58560,museum/indoor ,0.19104888
12202,253796,58560,clean_room ,0.059354875
12203,253796,58560,music_studio ,0.01381527
12204,253796,58560,beauty_salon ,0.006993297
12205,253796,58584,discotheque ,0.6416809
12206,253796,58584,dressing_room ,0.13871713
12207,253796,58584,locker_room ,0.06754475
12208,253796,58584,chemistry_lab ,0.032942485
12209,253796,58584,bar ,0.027721765
12210,253796,58608,elevator/door ,0.20581989
12211,253796,58608,sky ,0.12570292
12212,253796,58608,art_gallery ,0.071844295
12213,253796,58608,elevator_lobby ,0.06049856
12214,253796,58608,wheat_field ,0.03638297
12215,253796,58632,discotheque ,0.10725244
12216,253796,58632,stage/indoor ,0.09194664
12217,253796,58632,shower ,0.07781813
12218,253796,58632,museum/indoor ,0.05561499
12219,253796,58632,aquarium ,0.036422484
12220,253796,58656,art_gallery ,0.37832412
12221,253796,58656,museum/indoor ,0.13972838
12222,253796,58656,elevator/door ,0.13040413
12223,253796,58656,dressing_room ,0.05659429
12224,253796,58656,elevator_lobby ,0.03771499
12225,253796,58680,clean_room ,0.32772022
12226,253796,58680,dressing_room ,0.30159146
12227,253796,58680,music_studio ,0.07727735
12228,253796,58680,operating_room ,0.059409875
12229,253796,58680,hospital_room ,0.048336197
12230,253796,58704,dressing_room ,0.72514564
12231,253796,58704,clean_room ,0.106742844
12232,253796,58704,museum/indoor ,0.026095996
12233,253796,58704,archive ,0.025538273
12234,253796,58704,beauty_salon ,0.017597621
12235,253796,58728,dressing_room ,0.36769348
12236,253796,58728,clean_room ,0.16141072
12237,253796,58728,archive ,0.10729583
12238,253796,58728,music_studio ,0.06800154
12239,253796,58728,museum/indoor ,0.066516116
12240,253796,58752,dressing_room ,0.35540265
12241,253796,58752,clean_room ,0.27566144
12242,253796,58752,museum/indoor ,0.049941815
12243,253796,58752,nursery ,0.049279634
12244,253796,58752,beauty_salon ,0.03544787
12245,253796,58776,dressing_room ,0.25392222
12246,253796,58776,shower ,0.24738808
12247,253796,58776,clean_room ,0.18657404
12248,253796,58776,bow_window/indoor ,0.121078126
12249,253796,58776,bathroom ,0.02282007
12250,253796,58800,museum/indoor ,0.40544552
12251,253796,58800,clean_room ,0.17424263
12252,253796,58800,dressing_room ,0.1674619
12253,253796,58800,archive ,0.07372207
12254,253796,58800,music_studio ,0.034864612
12255,253796,58824,dressing_room ,0.7524749
12256,253796,58824,clean_room ,0.122344315
12257,253796,58824,locker_room ,0.018009458
12258,253796,58824,chemistry_lab ,0.016814362
12259,253796,58824,biology_laboratory ,0.011662342
12260,253796,58848,dressing_room ,0.3452671
12261,253796,58848,museum/indoor ,0.29824919
12262,253796,58848,archive ,0.0681279
12263,253796,58848,art_school ,0.033754844
12264,253796,58848,art_studio ,0.031150233
12265,253796,58872,chemistry_lab ,0.33679557
12266,253796,58872,museum/indoor ,0.158829
12267,253796,58872,dressing_room ,0.087716796
12268,253796,58872,bar ,0.052944385
12269,253796,58872,science_museum ,0.04729742
12270,253796,58896,clothing_store ,0.19366005
12271,253796,58896,clean_room ,0.14815205
12272,253796,58896,art_gallery ,0.13518399
12273,253796,58896,museum/indoor ,0.07103903
12274,253796,58896,shower ,0.039551277
12275,253796,58920,locker_room ,0.24475724
12276,253796,58920,clothing_store ,0.14930579
12277,253796,58920,clean_room ,0.094360285
12278,253796,58920,elevator_lobby ,0.08518509
12279,253796,58920,shower ,0.07134341
12280,253796,58944,clothing_store ,0.714414
12281,253796,58944,shower ,0.06891428
12282,253796,58944,closet ,0.04191183
12283,253796,58944,museum/indoor ,0.03374738
12284,253796,58944,bow_window/indoor ,0.03013831
12285,253796,58968,dressing_room ,0.32412216
12286,253796,58968,shower ,0.24642678
12287,253796,58968,locker_room ,0.1530846
12288,253796,58968,clothing_store ,0.056869883
12289,253796,58968,discotheque ,0.051577955
12290,253796,58992,attic ,0.30914965
12291,253796,58992,elevator_lobby ,0.08301453
12292,253796,58992,corridor ,0.07770647
12293,253796,58992,staircase ,0.07347834
12294,253796,58992,atrium/public ,0.055916037
12295,253796,59016,clean_room ,0.4910992
12296,253796,59016,shower ,0.095765084
12297,253796,59016,museum/indoor ,0.05272603
12298,253796,59016,science_museum ,0.05094407
12299,253796,59016,stage/indoor ,0.032454815
12300,253796,59040,bow_window/indoor ,0.20422135
12301,253796,59040,shower ,0.19658591
12302,253796,59040,attic ,0.085893236
12303,253796,59040,closet ,0.08217984
12304,253796,59040,nursery ,0.07485514
12305,253796,59064,locker_room ,0.3203458
12306,253796,59064,dressing_room ,0.29417446
12307,253796,59064,clean_room ,0.21066089
12308,253796,59064,martial_arts_gym ,0.049255956
12309,253796,59064,museum/indoor ,0.017122108
12310,253796,59088,museum/indoor ,0.87065357
12311,253796,59088,art_gallery ,0.035557285
12312,253796,59088,nursery ,0.0286522
12313,253796,59088,art_studio ,0.019567842
12314,253796,59088,archive ,0.008963263
12315,253796,59112,museum/indoor ,0.9158838
12316,253796,59112,art_gallery ,0.023735901
12317,253796,59112,nursery ,0.022201061
12318,253796,59112,art_studio ,0.011182925
12319,253796,59112,archive ,0.007983674
12320,253796,59136,museum/indoor ,0.94256556
12321,253796,59136,art_gallery ,0.020019699
12322,253796,59136,art_studio ,0.011400801
12323,253796,59136,archive ,0.0064512775
12324,253796,59136,art_school ,0.004845881
12325,253796,59160,museum/indoor ,0.9067393
12326,253796,59160,art_gallery ,0.020018483
12327,253796,59160,archive ,0.019996023
12328,253796,59160,art_studio ,0.0144565115
12329,253796,59160,nursery ,0.007881585
12330,253796,59184,dressing_room ,0.28403807
12331,253796,59184,clean_room ,0.13906874
12332,253796,59184,stage/indoor ,0.13588686
12333,253796,59184,discotheque ,0.13531967
12334,253796,59184,art_gallery ,0.12083609
12335,253796,59208,museum/indoor ,0.652199
12336,253796,59208,art_gallery ,0.1109331
12337,253796,59208,dressing_room ,0.098916456
12338,253796,59208,discotheque ,0.03889442
12339,253796,59208,stage/indoor ,0.03763547
12340,253796,59232,clean_room ,0.28447932
12341,253796,59232,museum/indoor ,0.15118124
12342,253796,59232,art_gallery ,0.12480336
12343,253796,59232,science_museum ,0.107683964
12344,253796,59232,natural_history_museum ,0.074330606
12345,253796,59256,museum/indoor ,0.29804772
12346,253796,59256,dressing_room ,0.19372779
12347,253796,59256,art_gallery ,0.1588668
12348,253796,59256,clean_room ,0.09116047
12349,253796,59256,discotheque ,0.06457997
12350,253796,59280,dressing_room ,0.44116223
12351,253796,59280,clean_room ,0.27500382
12352,253796,59280,museum/indoor ,0.070759505
12353,253796,59280,discotheque ,0.062665835
12354,253796,59280,art_gallery ,0.044220746
12355,253796,59304,museum/indoor ,0.88352495
12356,253796,59304,dressing_room ,0.05508996
12357,253796,59304,art_gallery ,0.01730795
12358,253796,59304,archive ,0.00909945
12359,253796,59304,natural_history_museum ,0.007906025
12360,253796,59328,museum/indoor ,0.8974328
12361,253796,59328,dressing_room ,0.04669535
12362,253796,59328,art_gallery ,0.018107751
12363,253796,59328,archive ,0.0074300524
12364,253796,59328,natural_history_museum ,0.006837773
12365,253796,59352,museum/indoor ,0.8082636
12366,253796,59352,dressing_room ,0.11104063
12367,253796,59352,art_gallery ,0.022500616
12368,253796,59352,archive ,0.010354938
12369,253796,59352,natural_history_museum ,0.0086626895
12370,253796,59376,museum/indoor ,0.85501105
12371,253796,59376,dressing_room ,0.074406765
12372,253796,59376,art_gallery ,0.01997721
12373,253796,59376,natural_history_museum ,0.014346254
12374,253796,59376,science_museum ,0.009968702
12375,253796,59400,museum/indoor ,0.9418378
12376,253796,59400,art_gallery ,0.020121606
12377,253796,59400,dressing_room ,0.0181136
12378,253796,59400,discotheque ,0.006317166
12379,253796,59400,stage/indoor ,0.0036131279
12380,253796,59424,dressing_room ,0.7729312
12381,253796,59424,locker_room ,0.107645884
12382,253796,59424,elevator/door ,0.028552849
12383,253796,59424,clean_room ,0.018948928
12384,253796,59424,elevator_lobby ,0.015453148
12385,253796,59448,dressing_room ,0.7735674
12386,253796,59448,discotheque ,0.03140363
12387,253796,59448,elevator/door ,0.029854083
12388,253796,59448,hotel_room ,0.028001409
12389,253796,59448,clean_room ,0.01977907
12390,253796,59472,dressing_room ,0.8358724
12391,253796,59472,locker_room ,0.02621726
12392,253796,59472,nursery ,0.014643989
12393,253796,59472,elevator/door ,0.010284808
12394,253796,59472,discotheque ,0.009765509
12395,253796,59496,dressing_room ,0.9450302
12396,253796,59496,art_gallery ,0.010926188
12397,253796,59496,elevator/door ,0.008987552
12398,253796,59496,closet ,0.0067483857
12399,253796,59496,discotheque ,0.006010845
12400,253796,59520,dressing_room ,0.49632394
12401,253796,59520,art_gallery ,0.095057376
12402,253796,59520,museum/indoor ,0.059043128
12403,253796,59520,locker_room ,0.040357832
12404,253796,59520,art_studio ,0.039572407
12405,253796,59544,dressing_room ,0.3609643
12406,253796,59544,art_gallery ,0.17210373
12407,253796,59544,museum/indoor ,0.08704525
12408,253796,59544,art_studio ,0.057985857
12409,253796,59544,clean_room ,0.050186504
12410,253796,59568,dressing_room ,0.3424731
12411,253796,59568,clean_room ,0.19771227
12412,253796,59568,art_gallery ,0.071536675
12413,253796,59568,museum/indoor ,0.049377326
12414,253796,59568,locker_room ,0.035530526
12415,253796,59592,dressing_room ,0.4120257
12416,253796,59592,shower ,0.17240708
12417,253796,59592,discotheque ,0.13808978
12418,253796,59592,bathroom ,0.13532399
12419,253796,59592,locker_room ,0.042913508
12420,253796,59616,shower ,0.56250477
12421,253796,59616,art_gallery ,0.17067078
12422,253796,59616,museum/indoor ,0.053904213
12423,253796,59616,chemistry_lab ,0.039206967
12424,253796,59616,clean_room ,0.027956923
12425,253796,59640,shower ,0.6087166
12426,253796,59640,art_gallery ,0.14515221
12427,253796,59640,clean_room ,0.034435645
12428,253796,59640,museum/indoor ,0.032448836
12429,253796,59640,chemistry_lab ,0.031104036
12430,253796,59664,shower ,0.7582515
12431,253796,59664,art_gallery ,0.11284846
12432,253796,59664,museum/indoor ,0.019473173
12433,253796,59664,clean_room ,0.012813322
12434,253796,59664,bow_window/indoor ,0.01219768
12435,253796,59688,chemistry_lab ,0.23731773
12436,253796,59688,museum/indoor ,0.18447667
12437,253796,59688,clean_room ,0.16001159
12438,253796,59688,art_studio ,0.06761787
12439,253796,59688,art_gallery ,0.06280951
12440,253796,59712,museum/indoor ,0.7440514
12441,253796,59712,archive ,0.07848124
12442,253796,59712,clean_room ,0.04104528
12443,253796,59712,dressing_room ,0.03649104
12444,253796,59712,music_studio ,0.00983407
12445,253796,59736,museum/indoor ,0.52842087
12446,253796,59736,clean_room ,0.31985155
12447,253796,59736,dressing_room ,0.057992496
12448,253796,59736,archive ,0.02665563
12449,253796,59736,operating_room ,0.010536953
12450,253796,59760,museum/indoor ,0.40269592
12451,253796,59760,dressing_room ,0.28354067
12452,253796,59760,clean_room ,0.10732983
12453,253796,59760,ballroom ,0.07563229
12454,253796,59760,stage/indoor ,0.035029545
12455,253796,59784,museum/indoor ,0.53813016
12456,253796,59784,dressing_room ,0.39167988
12457,253796,59784,clean_room ,0.009168492
12458,253796,59784,beauty_salon ,0.008590197
12459,253796,59784,ballroom ,0.0069495514
12460,253796,59808,museum/indoor ,0.4538862
12461,253796,59808,dressing_room ,0.17203066
12462,253796,59808,archive ,0.049053848
12463,253796,59808,beauty_salon ,0.037197106
12464,253796,59808,music_studio ,0.029667549
12465,253796,59832,dressing_room ,0.2847833
12466,253796,59832,banquet_hall ,0.16431205
12467,253796,59832,chemistry_lab ,0.1225873
12468,253796,59832,ballroom ,0.08198028
12469,253796,59832,bar ,0.047867544
12470,253796,59856,museum/indoor ,0.5772035
12471,253796,59856,clean_room ,0.11245797
12472,253796,59856,art_gallery ,0.10012822
12473,253796,59856,airport_terminal ,0.022119962
12474,253796,59856,elevator_lobby ,0.01766753
12475,253796,59880,chemistry_lab ,0.34956947
12476,253796,59880,biology_laboratory ,0.14382562
12477,253796,59880,clean_room ,0.12850626
12478,253796,59880,pharmacy ,0.0394905
12479,253796,59880,office ,0.028839096
12480,253796,59904,clean_room ,0.11132091
12481,253796,59904,operating_room ,0.09455191
12482,253796,59904,beauty_salon ,0.0939578
12483,253796,59904,dressing_room ,0.087130725
12484,253796,59904,hospital_room ,0.0694377
12485,253796,59928,museum/indoor ,0.29262996
12486,253796,59928,art_studio ,0.08942916
12487,253796,59928,banquet_hall ,0.083384186
12488,253796,59928,art_school ,0.07093284
12489,253796,59928,art_gallery ,0.05628218
12490,253796,59952,dressing_room ,0.1625034
12491,253796,59952,art_studio ,0.089675575
12492,253796,59952,art_school ,0.08390693
12493,253796,59952,chemistry_lab ,0.056241814
12494,253796,59952,museum/indoor ,0.0493537
12495,253796,59976,museum/indoor ,0.542551
12496,253796,59976,archive ,0.061513823
12497,253796,59976,chemistry_lab ,0.049179763
12498,253796,59976,jewelry_shop ,0.04799422
12499,253796,59976,art_gallery ,0.038280062
12500,253796,60000,chemistry_lab ,0.2655179
12501,253796,60000,museum/indoor ,0.162995
12502,253796,60000,jewelry_shop ,0.08256427
12503,253796,60000,physics_laboratory ,0.054472342
12504,253796,60000,art_school ,0.051701855
12505,253796,60024,chemistry_lab ,0.31047428
12506,253796,60024,biology_laboratory ,0.07749557
12507,253796,60024,physics_laboratory ,0.072678395
12508,253796,60024,dining_room ,0.06461537
12509,253796,60024,jewelry_shop ,0.052265726
12510,253796,60048,art_school ,0.12864473
12511,253796,60048,chemistry_lab ,0.09663591
12512,253796,60048,art_studio ,0.078365095
12513,253796,60048,nursing_home ,0.07262365
12514,253796,60048,dining_room ,0.06211818
12515,253796,60072,archive ,0.13508849
12516,253796,60072,chemistry_lab ,0.10210541
12517,253796,60072,nursing_home ,0.099295214
12518,253796,60072,art_school ,0.07401123
12519,253796,60072,dining_room ,0.070493564
12520,253796,60096,chemistry_lab ,0.18244198
12521,253796,60096,art_school ,0.11457197
12522,253796,60096,nursing_home ,0.10760351
12523,253796,60096,art_studio ,0.0687339
12524,253796,60096,biology_laboratory ,0.046201948
12525,253796,60120,chemistry_lab ,0.12024871
12526,253796,60120,ice_cream_parlor ,0.09511468
12527,253796,60120,restaurant ,0.085925184
12528,253796,60120,dressing_room ,0.08124487
12529,253796,60120,dining_room ,0.0698269
12530,253796,60144,museum/indoor ,0.3859471
12531,253796,60144,dressing_room ,0.121277444
12532,253796,60144,clean_room ,0.10041614
12533,253796,60144,nursing_home ,0.05036085
12534,253796,60144,chemistry_lab ,0.035540584
12535,253796,60168,dressing_room ,0.18160956
12536,253796,60168,clean_room ,0.1474477
12537,253796,60168,chemistry_lab ,0.089978084
12538,253796,60168,archive ,0.062434953
12539,253796,60168,museum/indoor ,0.050050363
12540,253796,60192,chemistry_lab ,0.1541121
12541,253796,60192,dressing_room ,0.1412914
12542,253796,60192,clean_room ,0.11028537
12543,253796,60192,museum/indoor ,0.071801946
12544,253796,60192,nursing_home ,0.057233494
12545,253796,60216,chemistry_lab ,0.31543303
12546,253796,60216,clean_room ,0.115963995
12547,253796,60216,biology_laboratory ,0.10426388
12548,253796,60216,jewelry_shop ,0.0644714
12549,253796,60216,hospital_room ,0.034889154
12550,253796,60240,museum/indoor ,0.4464078
12551,253796,60240,jewelry_shop ,0.072922036
12552,253796,60240,clean_room ,0.064305864
12553,253796,60240,physics_laboratory ,0.053698573
12554,253796,60240,archive ,0.043307267
12555,253796,60264,museum/indoor ,0.12956302
12556,253796,60264,chemistry_lab ,0.101532176
12557,253796,60264,archive ,0.1006158
12558,253796,60264,dressing_room ,0.07771894
12559,253796,60264,physics_laboratory ,0.07479259
12560,253796,60288,clean_room ,0.14739825
12561,253796,60288,museum/indoor ,0.13677937
12562,253796,60288,chemistry_lab ,0.105493285
12563,253796,60288,physics_laboratory ,0.08287547
12564,253796,60288,archive ,0.07733279
12565,253796,60312,museum/indoor ,0.2773506
12566,253796,60312,clean_room ,0.14757441
12567,253796,60312,physics_laboratory ,0.07784177
12568,253796,60312,chemistry_lab ,0.07016261
12569,253796,60312,jewelry_shop ,0.06406901
12570,253796,60336,chemistry_lab ,0.12848437
12571,253796,60336,jewelry_shop ,0.116234705
12572,253796,60336,museum/indoor ,0.113277346
12573,253796,60336,physics_laboratory ,0.08524748
12574,253796,60336,clean_room ,0.07240668
12575,253796,60360,clean_room ,0.3192516
12576,253796,60360,chemistry_lab ,0.16661872
12577,253796,60360,physics_laboratory ,0.079319224
12578,253796,60360,biology_laboratory ,0.06878517
12579,253796,60360,museum/indoor ,0.05612856
12580,253796,60384,chemistry_lab ,0.39317828
12581,253796,60384,biology_laboratory ,0.14317414
12582,253796,60384,clean_room ,0.08414198
12583,253796,60384,physics_laboratory ,0.07356722
12584,253796,60384,archive ,0.041953214
12585,253796,60408,chemistry_lab ,0.47523448
12586,253796,60408,biology_laboratory ,0.123241805
12587,253796,60408,clean_room ,0.08496571
12588,253796,60408,operating_room ,0.056403555
12589,253796,60408,hospital_room ,0.04577956
12590,253796,60432,dressing_room ,0.2741397
12591,253796,60432,chemistry_lab ,0.16065632
12592,253796,60432,clean_room ,0.061128598
12593,253796,60432,beauty_salon ,0.050910827
12594,253796,60432,art_studio ,0.04356249
12595,253796,60456,clean_room ,0.23748676
12596,253796,60456,chemistry_lab ,0.22269958
12597,253796,60456,biology_laboratory ,0.08919047
12598,253796,60456,operating_room ,0.07867976
12599,253796,60456,beauty_salon ,0.05143938
12600,253796,60480,dressing_room ,0.29042295
12601,253796,60480,beauty_salon ,0.13954766
12602,253796,60480,chemistry_lab ,0.08890701
12603,253796,60480,clean_room ,0.06434935
12604,253796,60480,bar ,0.042860147
12605,253796,60504,beauty_salon ,0.20409496
12606,253796,60504,dressing_room ,0.15697934
12607,253796,60504,clean_room ,0.09555152
12608,253796,60504,nursing_home ,0.06282375
12609,253796,60504,ice_cream_parlor ,0.046479203
12610,253796,60528,chemistry_lab ,0.22540325
12611,253796,60528,clean_room ,0.13793139
12612,253796,60528,biology_laboratory ,0.097866595
12613,253796,60528,nursing_home ,0.083382666
12614,253796,60528,operating_room ,0.07738784
12615,253796,60552,chemistry_lab ,0.17017947
12616,253796,60552,nursing_home ,0.14145328
12617,253796,60552,beauty_salon ,0.0879507
12618,253796,60552,art_studio ,0.04964126
12619,253796,60552,biology_laboratory ,0.047540236
12620,253796,60576,chemistry_lab ,0.3878491
12621,253796,60576,biology_laboratory ,0.13420935
12622,253796,60576,clean_room ,0.06270004
12623,253796,60576,nursing_home ,0.049545117
12624,253796,60576,beauty_salon ,0.047480643
12625,253796,60600,chemistry_lab ,0.4851276
12626,253796,60600,biology_laboratory ,0.09794562
12627,253796,60600,clean_room ,0.0841378
12628,253796,60600,beauty_salon ,0.03318883
12629,253796,60600,physics_laboratory ,0.032154623
12630,253796,60624,clean_room ,0.30544025
12631,253796,60624,chemistry_lab ,0.12943828
12632,253796,60624,museum/indoor ,0.057242114
12633,253796,60624,physics_laboratory ,0.056960687
12634,253796,60624,archive ,0.056751933
12635,253796,60648,chemistry_lab ,0.2802571
12636,253796,60648,biology_laboratory ,0.15236937
12637,253796,60648,jewelry_shop ,0.075498216
12638,253796,60648,clean_room ,0.055750713
12639,253796,60648,physics_laboratory ,0.05541489
12640,253796,60672,chemistry_lab ,0.30482423
12641,253796,60672,jewelry_shop ,0.09474261
12642,253796,60672,archive ,0.058534287
12643,253796,60672,physics_laboratory ,0.05811093
12644,253796,60672,biology_laboratory ,0.057655185
12645,253796,60696,jewelry_shop ,0.32577574
12646,253796,60696,chemistry_lab ,0.29427427
12647,253796,60696,biology_laboratory ,0.047318
12648,253796,60696,physics_laboratory ,0.04617183
12649,253796,60696,clean_room ,0.04053115
12650,253796,60720,chemistry_lab ,0.36519283
12651,253796,60720,jewelry_shop ,0.20221017
12652,253796,60720,biology_laboratory ,0.08011564
12653,253796,60720,physics_laboratory ,0.06371545
12654,253796,60720,clean_room ,0.04817046
12655,253796,60744,chemistry_lab ,0.373726
12656,253796,60744,jewelry_shop ,0.15007672
12657,253796,60744,clean_room ,0.07315606
12658,253796,60744,biology_laboratory ,0.071260095
12659,253796,60744,physics_laboratory ,0.061359663
12660,253796,60768,chemistry_lab ,0.32168224
12661,253796,60768,clean_room ,0.1718124
12662,253796,60768,physics_laboratory ,0.088321835
12663,253796,60768,biology_laboratory ,0.07529645
12664,253796,60768,nursing_home ,0.039971642
12665,253796,60792,chemistry_lab ,0.33054858
12666,253796,60792,biology_laboratory ,0.07700473
12667,253796,60792,dressing_room ,0.042514496
12668,253796,60792,jewelry_shop ,0.038762696
12669,253796,60792,clean_room ,0.037881322
12670,253796,60816,chemistry_lab ,0.5827231
12671,253796,60816,biology_laboratory ,0.085361786
12672,253796,60816,dressing_room ,0.05030674
12673,253796,60816,clean_room ,0.04269443
12674,253796,60816,beauty_salon ,0.027772194
12675,253796,60840,operating_room ,0.20396098
12676,253796,60840,hospital_room ,0.1708462
12677,253796,60840,chemistry_lab ,0.14916384
12678,253796,60840,beauty_salon ,0.12414174
12679,253796,60840,clean_room ,0.06947025
12680,253796,60864,chemistry_lab ,0.46060488
12681,253796,60864,biology_laboratory ,0.07357683
12682,253796,60864,nursing_home ,0.07355957
12683,253796,60864,hospital_room ,0.052255996
12684,253796,60864,clean_room ,0.047738343
12685,253796,60888,chemistry_lab ,0.4627226
12686,253796,60888,hospital_room ,0.10031787
12687,253796,60888,clean_room ,0.076966204
12688,253796,60888,operating_room ,0.072422594
12689,253796,60888,nursing_home ,0.03126359
12690,253796,60912,chemistry_lab ,0.43297383
12691,253796,60912,hospital_room ,0.08387019
12692,253796,60912,clean_room ,0.07124028
12693,253796,60912,dressing_room ,0.05948972
12694,253796,60912,biology_laboratory ,0.042241868
12695,253796,60936,chemistry_lab ,0.3729556
12696,253796,60936,beauty_salon ,0.14727423
12697,253796,60936,hospital_room ,0.10025593
12698,253796,60936,clean_room ,0.051522844
12699,253796,60936,operating_room ,0.042761423
12700,253796,60960,dressing_room ,0.5926061
12701,253796,60960,clean_room ,0.12612717
12702,253796,60960,art_gallery ,0.049437918
12703,253796,60960,discotheque ,0.045161955
12704,253796,60960,museum/indoor ,0.036909044
12705,253796,60984,dressing_room ,0.7697801
12706,253796,60984,clean_room ,0.08296778
12707,253796,60984,art_gallery ,0.02415343
12708,253796,60984,discotheque ,0.016970221
12709,253796,60984,museum/indoor ,0.016799133
12710,253796,61008,dressing_room ,0.8234321
12711,253796,61008,clean_room ,0.045590673
12712,253796,61008,discotheque ,0.025371838
12713,253796,61008,art_gallery ,0.020646388
12714,253796,61008,beauty_salon ,0.017251458
12715,253796,61032,dressing_room ,0.75587624
12716,253796,61032,clean_room ,0.105613545
12717,253796,61032,discotheque ,0.02575341
12718,253796,61032,art_gallery ,0.017961316
12719,253796,61032,museum/indoor ,0.0114961285
12720,253796,61056,dressing_room ,0.8359144
12721,253796,61056,clean_room ,0.0597851
12722,253796,61056,art_gallery ,0.018117223
12723,253796,61056,discotheque ,0.01629668
12724,253796,61056,beauty_salon ,0.008713031
12725,253796,61080,dressing_room ,0.8262793
12726,253796,61080,clean_room ,0.043065637
12727,253796,61080,art_gallery ,0.033861324
12728,253796,61080,beauty_salon ,0.015633961
12729,253796,61080,art_studio ,0.014378703
12730,253796,61104,archive ,0.68046004
12731,253796,61104,dressing_room ,0.13989116
12732,253796,61104,museum/indoor ,0.057662252
12733,253796,61104,locker_room ,0.024103269
12734,253796,61104,clean_room ,0.022236992
12735,253796,61128,archive ,0.6540261
12736,253796,61128,dressing_room ,0.15814789
12737,253796,61128,museum/indoor ,0.050000295
12738,253796,61128,art_gallery ,0.022899488
12739,253796,61128,clean_room ,0.022415234
12740,253796,61152,dining_room ,0.1351737
12741,253796,61152,chemistry_lab ,0.12712947
12742,253796,61152,dressing_room ,0.12503502
12743,253796,61152,banquet_hall ,0.07385141
12744,253796,61152,restaurant ,0.068802655
12745,253796,61176,dining_room ,0.18530823
12746,253796,61176,chemistry_lab ,0.109432
12747,253796,61176,dressing_room ,0.077009246
12748,253796,61176,hospital_room ,0.06413118
12749,253796,61176,restaurant ,0.05311122
12750,253796,61200,chemistry_lab ,0.39089397
12751,253796,61200,dressing_room ,0.1592288
12752,253796,61200,beauty_salon ,0.13725844
12753,253796,61200,hospital_room ,0.039790574
12754,253796,61200,biology_laboratory ,0.0351546
12755,253796,61224,chemistry_lab ,0.16056344
12756,253796,61224,bar ,0.13156785
12757,253796,61224,dining_room ,0.12593734
12758,253796,61224,beauty_salon ,0.08135554
12759,253796,61224,banquet_hall ,0.06967561
12760,253796,61248,dressing_room ,0.4327309
12761,253796,61248,dining_room ,0.20057926
12762,253796,61248,banquet_hall ,0.038907062
12763,253796,61248,chemistry_lab ,0.034504607
12764,253796,61248,restaurant ,0.033184435
12765,253796,61272,museum/indoor ,0.23436281
12766,253796,61272,stage/indoor ,0.13979302
12767,253796,61272,ballroom ,0.08392031
12768,253796,61272,discotheque ,0.053071313
12769,253796,61272,dressing_room ,0.04720528
12770,253796,61296,dressing_room ,0.9054257
12771,253796,61296,locker_room ,0.02012865
12772,253796,61296,art_gallery ,0.01419998
12773,253796,61296,museum/indoor ,0.012904751
12774,253796,61296,stage/indoor ,0.0062558586
12775,253796,61320,gymnasium/indoor ,0.26325357
12776,253796,61320,dressing_room ,0.18043318
12777,253796,61320,clean_room ,0.16856086
12778,253796,61320,martial_arts_gym ,0.11153611
12779,253796,61320,locker_room ,0.05808488
12780,253796,61344,bow_window/indoor ,0.48231325
12781,253796,61344,museum/indoor ,0.24395683
12782,253796,61344,artists_loft ,0.05992936
12783,253796,61344,art_gallery ,0.028229577
12784,253796,61344,dressing_room ,0.016052855
12785,253796,61368,museum/indoor ,0.22394621
12786,253796,61368,dressing_room ,0.1705304
12787,253796,61368,clean_room ,0.08668357
12788,253796,61368,bow_window/indoor ,0.07721143
12789,253796,61368,ballroom ,0.06879998
12790,253796,61392,dressing_room ,0.6069461
12791,253796,61392,clothing_store ,0.083877936
12792,253796,61392,museum/indoor ,0.06967373
12793,253796,61392,art_gallery ,0.022728343
12794,253796,61392,clean_room ,0.021218436
12795,253796,61416,museum/indoor ,0.2743818
12796,253796,61416,clean_room ,0.17610292
12797,253796,61416,office ,0.09477336
12798,253796,61416,archive ,0.08792966
12799,253796,61416,music_studio ,0.06433342
12800,253796,61440,clean_room ,0.4778267
12801,253796,61440,dressing_room ,0.19954753
12802,253796,61440,locker_room ,0.09583558
12803,253796,61440,music_studio ,0.053316936
12804,253796,61440,ballroom ,0.022491913
12805,253796,61464,clean_room ,0.54991806
12806,253796,61464,museum/indoor ,0.14221063
12807,253796,61464,dressing_room ,0.1203704
12808,253796,61464,locker_room ,0.07080639
12809,253796,61464,archive ,0.045570783
12810,253796,61488,clean_room ,0.6383192
12811,253796,61488,archive ,0.12534726
12812,253796,61488,museum/indoor ,0.057334606
12813,253796,61488,dressing_room ,0.0522908
12814,253796,61488,locker_room ,0.03417698
12815,253796,61512,clean_room ,0.98319477
12816,253796,61512,archive ,0.003574031
12817,253796,61512,operating_room ,0.003117076
12818,253796,61512,dressing_room ,0.002853828
12819,253796,61512,butchers_shop ,0.0017120789
12820,253796,61536,clean_room ,0.7033269
12821,253796,61536,dressing_room ,0.18663271
12822,253796,61536,museum/indoor ,0.024216935
12823,253796,61536,archive ,0.02330884
12824,253796,61536,locker_room ,0.018216467
12825,253796,61560,clean_room ,0.5336047
12826,253796,61560,dressing_room ,0.21929353
12827,253796,61560,locker_room ,0.061859656
12828,253796,61560,beauty_salon ,0.026929444
12829,253796,61560,archive ,0.025614733
12830,253796,61584,corridor ,0.16885069
12831,253796,61584,clean_room ,0.1476049
12832,253796,61584,entrance_hall ,0.14469214
12833,253796,61584,office ,0.09277958
12834,253796,61584,dressing_room ,0.076294094
12835,253796,61608,dressing_room ,0.68785053
12836,253796,61608,clean_room ,0.21843079
12837,253796,61608,locker_room ,0.018358657
12838,253796,61608,hospital_room ,0.008453253
12839,253796,61608,clothing_store ,0.006840178
12840,253796,61632,museum/indoor ,0.44902447
12841,253796,61632,clean_room ,0.10339388
12842,253796,61632,dressing_room ,0.07973037
12843,253796,61632,clothing_store ,0.068624
12844,253796,61632,natural_history_museum ,0.04305386
12845,253796,61656,clean_room ,0.5053924
12846,253796,61656,dressing_room ,0.34598103
12847,253796,61656,museum/indoor ,0.04348786
12848,253796,61656,locker_room ,0.018952131
12849,253796,61656,ballroom ,0.016076691
12850,253796,61680,dressing_room ,0.534
12851,253796,61680,clean_room ,0.26771018
12852,253796,61680,museum/indoor ,0.07782947
12853,253796,61680,locker_room ,0.027782014
12854,253796,61680,butchers_shop ,0.01192417
12855,253796,61704,dressing_room ,0.59592396
12856,253796,61704,clean_room ,0.363189
12857,253796,61704,locker_room ,0.036848314
12858,253796,61704,clothing_store ,0.00092519657
12859,253796,61704,museum/indoor ,0.00072614243
12860,253796,61728,clean_room ,0.6869499
12861,253796,61728,dressing_room ,0.17738512
12862,253796,61728,museum/indoor ,0.080149725
12863,253796,61728,ballroom ,0.005546408
12864,253796,61728,locker_room ,0.0049513886
12865,253796,61752,clean_room ,0.3643231
12866,253796,61752,dressing_room ,0.22943498
12867,253796,61752,locker_room ,0.12554352
12868,253796,61752,clothing_store ,0.06581653
12869,253796,61752,museum/indoor ,0.04220983
12870,253796,61776,clean_room ,0.7283213
12871,253796,61776,locker_room ,0.12669392
12872,253796,61776,dressing_room ,0.08512742
12873,253796,61776,beauty_salon ,0.0074619753
12874,253796,61776,archive ,0.007036635
12875,253796,61800,dressing_room ,0.31665713
12876,253796,61800,locker_room ,0.14576948
12877,253796,61800,discotheque ,0.11633954
12878,253796,61800,shower ,0.09948297
12879,253796,61800,clean_room ,0.05310306
12880,253796,61824,dressing_room ,0.24581282
12881,253796,61824,clothing_store ,0.14333294
12882,253796,61824,elevator_lobby ,0.10724009
12883,253796,61824,shower ,0.09459934
12884,253796,61824,discotheque ,0.07780328
12885,253796,61848,dressing_room ,0.38823983
12886,253796,61848,museum/indoor ,0.11816291
12887,253796,61848,martial_arts_gym ,0.10285017
12888,253796,61848,art_gallery ,0.052079592
12889,253796,61848,discotheque ,0.051576775
12890,253796,61872,dressing_room ,0.33381835
12891,253796,61872,locker_room ,0.17756829
12892,253796,61872,martial_arts_gym ,0.1704132
12893,253796,61872,clean_room ,0.091705985
12894,253796,61872,museum/indoor ,0.059491817
12895,253796,61896,dressing_room ,0.5113344
12896,253796,61896,martial_arts_gym ,0.12933603
12897,253796,61896,clean_room ,0.05730932
12898,253796,61896,museum/indoor ,0.050615296
12899,253796,61896,art_gallery ,0.048675284
12900,253796,61920,discotheque ,0.29456866
12901,253796,61920,stage/indoor ,0.18026292
12902,253796,61920,elevator/door ,0.10685543
12903,253796,61920,dressing_room ,0.08403736
12904,253796,61920,martial_arts_gym ,0.07353507
12905,253796,61944,dressing_room ,0.2483381
12906,253796,61944,martial_arts_gym ,0.11025172
12907,253796,61944,discotheque ,0.10644251
12908,253796,61944,clothing_store ,0.1021849
12909,253796,61944,elevator/door ,0.09302426
12910,253796,61968,dressing_room ,0.7725339
12911,253796,61968,discotheque ,0.061506394
12912,253796,61968,locker_room ,0.018638682
12913,253796,61968,stage/indoor ,0.017960683
12914,253796,61968,museum/indoor ,0.017060531
12915,253796,61992,discotheque ,0.5310574
12916,253796,61992,stage/indoor ,0.0769756
12917,253796,61992,dressing_room ,0.061297234
12918,253796,61992,locker_room ,0.04581757
12919,253796,61992,shower ,0.033791892
12920,253796,62016,clean_room ,0.37337443
12921,253796,62016,dressing_room ,0.31183156
12922,253796,62016,art_gallery ,0.06626284
12923,253796,62016,clothing_store ,0.055267245
12924,253796,62016,museum/indoor ,0.030590242
12925,253796,62040,dressing_room ,0.5291572
12926,253796,62040,clean_room ,0.12283748
12927,253796,62040,clothing_store ,0.10318709
12928,253796,62040,art_gallery ,0.05113922
12929,253796,62040,discotheque ,0.045729775
12930,253796,62064,stage/indoor ,0.2809424
12931,253796,62064,dressing_room ,0.26902702
12932,253796,62064,discotheque ,0.26156935
12933,253796,62064,museum/indoor ,0.047687087
12934,253796,62064,clothing_store ,0.02116909
12935,253796,62088,discotheque ,0.30442628
12936,253796,62088,stage/indoor ,0.22901633
12937,253796,62088,museum/indoor ,0.12082744
12938,253796,62088,shower ,0.071890526
12939,253796,62088,art_gallery ,0.048794027
12940,253796,62112,discotheque ,0.19938263
12941,253796,62112,museum/indoor ,0.18444136
12942,253796,62112,stage/indoor ,0.14517531
12943,253796,62112,shower ,0.08149331
12944,253796,62112,art_gallery ,0.06174757
12945,253796,62136,dressing_room ,0.42189306
12946,253796,62136,clean_room ,0.09906795
12947,253796,62136,martial_arts_gym ,0.09683562
12948,253796,62136,museum/indoor ,0.07629103
12949,253796,62136,art_gallery ,0.049608547
12950,253796,62160,clean_room ,0.5759558
12951,253796,62160,dressing_room ,0.06942511
12952,253796,62160,hospital_room ,0.050335072
12953,253796,62160,discotheque ,0.025470117
12954,253796,62160,chemistry_lab ,0.01687872
12955,253796,62184,dressing_room ,0.36984798
12956,253796,62184,shower ,0.11687311
12957,253796,62184,nursery ,0.09100793
12958,253796,62184,discotheque ,0.07548352
12959,253796,62184,clean_room ,0.056274384
12960,253796,62208,iceberg ,0.14008594
12961,253796,62208,aquarium ,0.107594505
12962,253796,62208,igloo ,0.059957195
12963,253796,62208,science_museum ,0.03845563
12964,253796,62208,volcano ,0.036541563
12965,253796,62232,clean_room ,0.080224894
12966,253796,62232,martial_arts_gym ,0.07178167
12967,253796,62232,dressing_room ,0.063453704
12968,253796,62232,nursery ,0.05248638
12969,253796,62232,discotheque ,0.042983223
12970,253796,62256,dressing_room ,0.36957017
12971,253796,62256,locker_room ,0.079214804
12972,253796,62256,shower ,0.07174595
12973,253796,62256,hospital_room ,0.061407253
12974,253796,62256,discotheque ,0.060454268
12975,253796,62280,discotheque ,0.71739954
12976,253796,62280,dressing_room ,0.08538701
12977,253796,62280,stage/indoor ,0.07283533
12978,253796,62280,locker_room ,0.03222363
12979,253796,62280,bar ,0.010216934
12980,253796,62304,discotheque ,0.36175725
12981,253796,62304,dressing_room ,0.1820392
12982,253796,62304,locker_room ,0.10404747
12983,253796,62304,stage/indoor ,0.061581273
12984,253796,62304,martial_arts_gym ,0.050625816
12985,253796,62328,discotheque ,0.56978774
12986,253796,62328,stage/indoor ,0.10626833
12987,253796,62328,locker_room ,0.060455997
12988,253796,62328,clean_room ,0.057359297
12989,253796,62328,martial_arts_gym ,0.05233832
12990,253796,62352,museum/indoor ,0.37987474
12991,253796,62352,art_gallery ,0.11972078
12992,253796,62352,clean_room ,0.10614668
12993,253796,62352,science_museum ,0.08604829
12994,253796,62352,dressing_room ,0.06673271
12995,253796,62376,discotheque ,0.22236054
12996,253796,62376,stage/indoor ,0.15000708
12997,253796,62376,museum/indoor ,0.10364192
12998,253796,62376,art_gallery ,0.090768434
12999,253796,62376,martial_arts_gym ,0.07547413
13000,253796,62400,dressing_room ,0.44477227
13001,253796,62400,stage/indoor ,0.12070596
13002,253796,62400,discotheque ,0.10140121
13003,253796,62400,clean_room ,0.08776731
13004,253796,62400,museum/indoor ,0.043203983
13005,253796,62424,bow_window/indoor ,0.29343873
13006,253796,62424,jail_cell ,0.21916305
13007,253796,62424,locker_room ,0.07316084
13008,253796,62424,gymnasium/indoor ,0.05065906
13009,253796,62424,basement ,0.03650805
13010,253796,62448,bow_window/indoor ,0.38382652
13011,253796,62448,artists_loft ,0.14175454
13012,253796,62448,jail_cell ,0.064318545
13013,253796,62448,art_gallery ,0.058812663
13014,253796,62448,clean_room ,0.034533504
13015,253796,62472,bow_window/indoor ,0.47695747
13016,253796,62472,jail_cell ,0.33300903
13017,253796,62472,archive ,0.027619282
13018,253796,62472,entrance_hall ,0.017151566
13019,253796,62472,museum/indoor ,0.013937497
13020,253796,62496,dressing_room ,0.49458367
13021,253796,62496,bow_window/indoor ,0.059981495
13022,253796,62496,bedroom ,0.052195743
13023,253796,62496,nursery ,0.049478956
13024,253796,62496,clean_room ,0.039102614
13025,253796,62520,bow_window/indoor ,0.3474084
13026,253796,62520,clean_room ,0.12839825
13027,253796,62520,jail_cell ,0.107873745
13028,253796,62520,locker_room ,0.07466747
13029,253796,62520,closet ,0.035303563
13030,253796,62544,bow_window/indoor ,0.4301772
13031,253796,62544,jail_cell ,0.24923402
13032,253796,62544,shower ,0.04189521
13033,253796,62544,clean_room ,0.024535151
13034,253796,62544,elevator/door ,0.021516083
13035,253796,62568,bow_window/indoor ,0.60677576
13036,253796,62568,office ,0.060411073
13037,253796,62568,alcove ,0.037527658
13038,253796,62568,jail_cell ,0.03589212
13039,253796,62568,archive ,0.021564662
13040,253796,62592,clean_room ,0.17189568
13041,253796,62592,bow_window/indoor ,0.13333112
13042,253796,62592,jail_cell ,0.085692696
13043,253796,62592,locker_room ,0.055089355
13044,253796,62592,museum/indoor ,0.042303618
13045,253796,62616,museum/indoor ,0.37624487
13046,253796,62616,dressing_room ,0.16632165
13047,253796,62616,shower ,0.10266881
13048,253796,62616,bow_window/indoor ,0.05173256
13049,253796,62616,art_gallery ,0.05133458
13050,253796,62640,dressing_room ,0.2500401
13051,253796,62640,bow_window/indoor ,0.15252204
13052,253796,62640,shower ,0.14651836
13053,253796,62640,museum/indoor ,0.10878751
13054,253796,62640,art_gallery ,0.0738131
13055,253796,62664,dressing_room ,0.63234025
13056,253796,62664,clean_room ,0.15946084
13057,253796,62664,museum/indoor ,0.061090723
13058,253796,62664,art_gallery ,0.050236188
13059,253796,62664,shower ,0.011973863
13060,253796,62688,clean_room ,0.18850756
13061,253796,62688,museum/indoor ,0.17127116
13062,253796,62688,bow_window/indoor ,0.14858344
13063,253796,62688,dressing_room ,0.13140108
13064,253796,62688,shower ,0.08636346
13065,253796,62712,museum/indoor ,0.36571014
13066,253796,62712,clean_room ,0.13093866
13067,253796,62712,dressing_room ,0.10504936
13068,253796,62712,bow_window/indoor ,0.10295652
13069,253796,62712,art_gallery ,0.06016551
13070,253796,62736,museum/indoor ,0.58077294
13071,253796,62736,art_gallery ,0.11855605
13072,253796,62736,bow_window/indoor ,0.116159126
13073,253796,62736,dressing_room ,0.09104454
13074,253796,62736,shower ,0.023021597
13075,253796,62760,dressing_room ,0.3016215
13076,253796,62760,museum/indoor ,0.22726193
13077,253796,62760,art_gallery ,0.11851373
13078,253796,62760,clean_room ,0.10825277
13079,253796,62760,shower ,0.072090775
13080,253796,62784,clean_room ,0.3738705
13081,253796,62784,museum/indoor ,0.34443548
13082,253796,62784,dressing_room ,0.06901565
13083,253796,62784,art_gallery ,0.042732343
13084,253796,62784,stage/indoor ,0.024243763
13085,253796,62808,museum/indoor ,0.5232828
13086,253796,62808,clean_room ,0.21711147
13087,253796,62808,stage/indoor ,0.06538585
13088,253796,62808,art_gallery ,0.03357636
13089,253796,62808,archive ,0.02174679
13090,253796,62832,museum/indoor ,0.3710099
13091,253796,62832,clean_room ,0.27587342
13092,253796,62832,stage/indoor ,0.06676583
13093,253796,62832,art_gallery ,0.060510684
13094,253796,62832,science_museum ,0.0392817
13095,253796,62856,museum/indoor ,0.40991172
13096,253796,62856,art_gallery ,0.2069653
13097,253796,62856,clean_room ,0.20241712
13098,253796,62856,science_museum ,0.05571687
13099,253796,62856,natural_history_museum ,0.020862814
13100,253796,62880,museum/indoor ,0.3089923
13101,253796,62880,art_gallery ,0.14921087
13102,253796,62880,dressing_room ,0.12208447
13103,253796,62880,clean_room ,0.11889572
13104,253796,62880,shower ,0.048850276
13105,253796,62904,museum/indoor ,0.6490489
13106,253796,62904,art_gallery ,0.12134141
13107,253796,62904,dressing_room ,0.07340634
13108,253796,62904,clean_room ,0.052811228
13109,253796,62904,archive ,0.031007651
13110,253796,62928,clean_room ,0.46725956
13111,253796,62928,museum/indoor ,0.16158272
13112,253796,62928,art_gallery ,0.13579251
13113,253796,62928,science_museum ,0.039316345
13114,253796,62928,shower ,0.02236307
13115,253796,62952,bow_window/indoor ,0.17033324
13116,253796,62952,dressing_room ,0.16438596
13117,253796,62952,jail_cell ,0.0698709
13118,253796,62952,shower ,0.06650711
13119,253796,62952,bedroom ,0.063405514
13120,253796,62976,jail_cell ,0.28341717
13121,253796,62976,martial_arts_gym ,0.11800138
13122,253796,62976,locker_room ,0.090717584
13123,253796,62976,clean_room ,0.073583625
13124,253796,62976,archive ,0.06389259
13125,253796,63000,bow_window/indoor ,0.70370793
13126,253796,63000,jail_cell ,0.09006413
13127,253796,63000,entrance_hall ,0.059187178
13128,253796,63000,artists_loft ,0.04324362
13129,253796,63000,attic ,0.016290545
13130,253796,63024,bow_window/indoor ,0.21772432
13131,253796,63024,jail_cell ,0.18600193
13132,253796,63024,shower ,0.11915083
13133,253796,63024,gymnasium/indoor ,0.10218352
13134,253796,63024,locker_room ,0.05624504
13135,253796,63048,music_studio ,0.30466673
13136,253796,63048,gymnasium/indoor ,0.1705956
13137,253796,63048,jail_cell ,0.14038901
13138,253796,63048,locker_room ,0.048176095
13139,253796,63048,ballroom ,0.040480416
13140,253796,63072,locker_room ,0.2314863
13141,253796,63072,jail_cell ,0.1857997
13142,253796,63072,bow_window/indoor ,0.06390222
13143,253796,63072,dressing_room ,0.06358459
13144,253796,63072,museum/indoor ,0.03842261
13145,253796,63096,locker_room ,0.2634204
13146,253796,63096,clean_room ,0.25594136
13147,253796,63096,museum/indoor ,0.21483678
13148,253796,63096,jail_cell ,0.041092936
13149,253796,63096,dressing_room ,0.03409978
13150,253796,63120,dressing_room ,0.27568814
13151,253796,63120,clean_room ,0.25196066
13152,253796,63120,jail_cell ,0.10532322
13153,253796,63120,museum/indoor ,0.092971615
13154,253796,63120,locker_room ,0.089079276
13155,253796,63144,dressing_room ,0.2319098
13156,253796,63144,jail_cell ,0.21542488
13157,253796,63144,clean_room ,0.09025071
13158,253796,63144,museum/indoor ,0.085518494
13159,253796,63144,locker_room ,0.05929673
13160,253796,63168,bow_window/indoor ,0.30404973
13161,253796,63168,jail_cell ,0.14319088
13162,253796,63168,museum/indoor ,0.08141632
13163,253796,63168,nursery ,0.07266498
13164,253796,63168,dressing_room ,0.0706561
13165,253796,63192,music_studio ,0.2797633
13166,253796,63192,stage/indoor ,0.12076178
13167,253796,63192,basement ,0.06294827
13168,253796,63192,jail_cell ,0.04771989
13169,253796,63192,classroom ,0.046376523
13170,253796,63216,museum/indoor ,0.2923795
13171,253796,63216,music_studio ,0.1474999
13172,253796,63216,stage/indoor ,0.11178435
13173,253796,63216,archive ,0.08090217
13174,253796,63216,bow_window/indoor ,0.06287504
13175,253796,63240,museum/indoor ,0.22722512
13176,253796,63240,clean_room ,0.22606526
13177,253796,63240,dressing_room ,0.14807086
13178,253796,63240,art_gallery ,0.124027945
13179,253796,63240,martial_arts_gym ,0.051453542
13180,253796,63264,museum/indoor ,0.23612785
13181,253796,63264,jail_cell ,0.109229974
13182,253796,63264,art_gallery ,0.09977384
13183,253796,63264,archive ,0.09256199
13184,253796,63264,stage/indoor ,0.052815076
13185,253796,63288,museum/indoor ,0.731133
13186,253796,63288,dressing_room ,0.056223318
13187,253796,63288,art_gallery ,0.044702917
13188,253796,63288,locker_room ,0.018095506
13189,253796,63288,bow_window/indoor ,0.018082224
13190,253796,63312,dressing_room ,0.28051764
13191,253796,63312,bow_window/indoor ,0.14498702
13192,253796,63312,locker_room ,0.10925695
13193,253796,63312,recreation_room ,0.049380943
13194,253796,63312,museum/indoor ,0.041006815
13195,253796,63336,locker_room ,0.21977508
13196,253796,63336,ballroom ,0.11006065
13197,253796,63336,martial_arts_gym ,0.10277914
13198,253796,63336,clean_room ,0.09161169
13199,253796,63336,museum/indoor ,0.051402144
13200,253796,63360,museum/indoor ,0.4664243
13201,253796,63360,locker_room ,0.09805488
13202,253796,63360,clean_room ,0.0916636
13203,253796,63360,dressing_room ,0.07784873
13204,253796,63360,archive ,0.07462183
13205,253796,63384,locker_room ,0.07744997
13206,253796,63384,dressing_room ,0.062409494
13207,253796,63384,jail_cell ,0.054083567
13208,253796,63384,bow_window/indoor ,0.05170168
13209,253796,63384,archive ,0.050593052
13210,253796,63408,locker_room ,0.23055282
13211,253796,63408,museum/indoor ,0.112102054
13212,253796,63408,dressing_room ,0.06366086
13213,253796,63408,closet ,0.05709486
13214,253796,63408,elevator/door ,0.05468495
13215,253796,63432,locker_room ,0.22529183
13216,253796,63432,nursery ,0.10710535
13217,253796,63432,museum/indoor ,0.08423399
13218,253796,63432,bow_window/indoor ,0.061933573
13219,253796,63432,closet ,0.05779383
13220,253796,63456,locker_room ,0.33037978
13221,253796,63456,elevator/door ,0.19801728
13222,253796,63456,jail_cell ,0.10600284
13223,253796,63456,bank_vault ,0.05410428
13224,253796,63456,bow_window/indoor ,0.039914563
13225,253796,63480,museum/indoor ,0.5205762
13226,253796,63480,locker_room ,0.080015115
13227,253796,63480,art_gallery ,0.0633497
13228,253796,63480,elevator/door ,0.052752815
13229,253796,63480,shower ,0.04280246
13230,253796,63504,locker_room ,0.53671926
13231,253796,63504,dressing_room ,0.105610125
13232,253796,63504,closet ,0.06620614
13233,253796,63504,clean_room ,0.04021287
13234,253796,63504,jail_cell ,0.034060586
13235,253796,63528,locker_room ,0.19936872
13236,253796,63528,clean_room ,0.1264529
13237,253796,63528,shower ,0.116799615
13238,253796,63528,bow_window/indoor ,0.059682634
13239,253796,63528,dressing_room ,0.04600204
13240,253796,63552,locker_room ,0.13234355
13241,253796,63552,dressing_room ,0.09121529
13242,253796,63552,corridor ,0.086658895
13243,253796,63552,shower ,0.07512527
13244,253796,63552,clean_room ,0.05713643
13245,253796,63576,locker_room ,0.20222957
13246,253796,63576,corridor ,0.13178883
13247,253796,63576,dressing_room ,0.11643303
13248,253796,63576,clean_room ,0.08437248
13249,253796,63576,shower ,0.047018077
13250,253796,63600,shower ,0.44328502
13251,253796,63600,elevator/door ,0.10700462
13252,253796,63600,elevator_lobby ,0.10069415
13253,253796,63600,bathroom ,0.07392559
13254,253796,63600,locker_room ,0.06425086
13255,253796,63624,clean_room ,0.397955
13256,253796,63624,locker_room ,0.21709108
13257,253796,63624,dressing_room ,0.124041356
13258,253796,63624,museum/indoor ,0.05732377
13259,253796,63624,archive ,0.04103923
13260,253796,63648,locker_room ,0.61313885
13261,253796,63648,clean_room ,0.11009657
13262,253796,63648,museum/indoor ,0.051355068
13263,253796,63648,archive ,0.047580954
13264,253796,63648,dressing_room ,0.033634778
13265,253796,63672,locker_room ,0.4541621
13266,253796,63672,elevator/door ,0.100633636
13267,253796,63672,elevator_lobby ,0.07698972
13268,253796,63672,dressing_room ,0.054060064
13269,253796,63672,gymnasium/indoor ,0.029119503
13270,253796,63696,locker_room ,0.41214034
13271,253796,63696,dressing_room ,0.06803495
13272,253796,63696,elevator/door ,0.055316262
13273,253796,63696,elevator_lobby ,0.041656125
13274,253796,63696,museum/indoor ,0.040427424
13275,253796,63720,shower ,0.20854887
13276,253796,63720,elevator/door ,0.15027818
13277,253796,63720,clean_room ,0.08389876
13278,253796,63720,locker_room ,0.08272385
13279,253796,63720,stage/indoor ,0.06778492
13280,253796,63744,shower ,0.16259748
13281,253796,63744,dressing_room ,0.15029134
13282,253796,63744,closet ,0.099599846
13283,253796,63744,elevator/door ,0.06451049
13284,253796,63744,clean_room ,0.04014557
13285,253796,63768,locker_room ,0.18595295
13286,253796,63768,classroom ,0.118538946
13287,253796,63768,lecture_room ,0.08411869
13288,253796,63768,dressing_room ,0.06114503
13289,253796,63768,discotheque ,0.043441944
13290,253796,63792,locker_room ,0.2995387
13291,253796,63792,classroom ,0.12513576
13292,253796,63792,archive ,0.07955446
13293,253796,63792,lecture_room ,0.07082386
13294,253796,63792,gymnasium/indoor ,0.032007795
13295,253796,63816,bow_window/indoor ,0.13352294
13296,253796,63816,locker_room ,0.112327255
13297,253796,63816,classroom ,0.09228384
13298,253796,63816,lecture_room ,0.072025925
13299,253796,63816,waiting_room ,0.059245475
13300,253796,63840,bow_window/indoor ,0.11788879
13301,253796,63840,locker_room ,0.10389357
13302,253796,63840,classroom ,0.060563345
13303,253796,63840,museum/indoor ,0.053837497
13304,253796,63840,closet ,0.053361684
13305,253796,63864,locker_room ,0.12404075
13306,253796,63864,bow_window/indoor ,0.08766826
13307,253796,63864,classroom ,0.056218956
13308,253796,63864,lecture_room ,0.051114824
13309,253796,63864,museum/indoor ,0.045922335
13310,253796,63888,locker_room ,0.12337682
13311,253796,63888,bow_window/indoor ,0.12272669
13312,253796,63888,museum/indoor ,0.06075846
13313,253796,63888,waiting_room ,0.055473417
13314,253796,63888,closet ,0.048446324
13315,253796,63912,museum/indoor ,0.17497374
13316,253796,63912,locker_room ,0.11921248
13317,253796,63912,archive ,0.11418462
13318,253796,63912,art_gallery ,0.06247055
13319,253796,63912,lecture_room ,0.036500625
13320,253796,63936,bow_window/indoor ,0.391
13321,253796,63936,locker_room ,0.06488416
13322,253796,63936,closet ,0.059915207
13323,253796,63936,shower ,0.032667823
13324,253796,63936,elevator/door ,0.026835758
13325,253796,63960,bow_window/indoor ,0.82731146
13326,253796,63960,closet ,0.030776229
13327,253796,63960,nursery ,0.019533116
13328,253796,63960,shower ,0.015273744
13329,253796,63960,alcove ,0.013659782
13330,253796,63984,bow_window/indoor ,0.86064774
13331,253796,63984,alcove ,0.012992171
13332,253796,63984,shower ,0.011249111
13333,253796,63984,closet ,0.009525202
13334,253796,63984,clean_room ,0.008575282
13335,253796,64008,bow_window/indoor ,0.35775423
13336,253796,64008,dressing_room ,0.0963887
13337,253796,64008,nursery ,0.056700945
13338,253796,64008,museum/indoor ,0.046261683
13339,253796,64008,locker_room ,0.03912804
13340,253796,64032,bow_window/indoor ,0.4897608
13341,253796,64032,dressing_room ,0.07869375
13342,253796,64032,shower ,0.045706306
13343,253796,64032,closet ,0.044403683
13344,253796,64032,museum/indoor ,0.03435779
13345,253796,64056,bow_window/indoor ,0.43680924
13346,253796,64056,dressing_room ,0.06842435
13347,253796,64056,shower ,0.05772038
13348,253796,64056,locker_room ,0.046251763
13349,253796,64056,museum/indoor ,0.041168995
13350,253796,64080,bow_window/indoor ,0.5194412
13351,253796,64080,museum/indoor ,0.08029002
13352,253796,64080,shower ,0.044962954
13353,253796,64080,art_gallery ,0.04492438
13354,253796,64080,clean_room ,0.035754558
13355,253796,64104,locker_room ,0.105821446
13356,253796,64104,bow_window/indoor ,0.07568258
13357,253796,64104,elevator/door ,0.070637636
13358,253796,64104,clean_room ,0.06770287
13359,253796,64104,museum/indoor ,0.05815896
13360,253796,64128,bow_window/indoor ,0.11589048
13361,253796,64128,locker_room ,0.08763766
13362,253796,64128,elevator/door ,0.04955749
13363,253796,64128,shower ,0.045123838
13364,253796,64128,dressing_room ,0.04354134
13365,253796,64152,bow_window/indoor ,0.089536674
13366,253796,64152,museum/indoor ,0.06893018
13367,253796,64152,clean_room ,0.06252596
13368,253796,64152,dressing_room ,0.0605488
13369,253796,64152,locker_room ,0.05690217
13370,253796,64176,locker_room ,0.09811553
13371,253796,64176,elevator/door ,0.06502179
13372,253796,64176,bow_window/indoor ,0.064459205
13373,253796,64176,dressing_room ,0.06298809
13374,253796,64176,nursery ,0.052750394
13375,253796,64200,bow_window/indoor ,0.079176754
13376,253796,64200,museum/indoor ,0.07315896
13377,253796,64200,locker_room ,0.07233615
13378,253796,64200,office ,0.06424097
13379,253796,64200,archive ,0.05457559
13380,253796,64224,locker_room ,0.14246479
13381,253796,64224,bow_window/indoor ,0.09819304
13382,253796,64224,museum/indoor ,0.06100411
13383,253796,64224,nursery ,0.0536732
13384,253796,64224,art_gallery ,0.04954956
13385,253796,64248,locker_room ,0.121388845
13386,253796,64248,classroom ,0.068384774
13387,253796,64248,bow_window/indoor ,0.05856061
13388,253796,64248,office_cubicles ,0.057705548
13389,253796,64248,nursery ,0.056770988
13390,253796,64272,bow_window/indoor ,0.15058206
13391,253796,64272,locker_room ,0.070069246
13392,253796,64272,office ,0.06694279
13393,253796,64272,nursery ,0.060316745
13394,253796,64272,museum/indoor ,0.053551085
13395,253796,64296,locker_room ,0.1899096
13396,253796,64296,archive ,0.08409132
13397,253796,64296,office ,0.067787565
13398,253796,64296,classroom ,0.05639363
13399,253796,64296,nursery ,0.053087953
13400,253796,64320,office ,0.10216188
13401,253796,64320,nursery ,0.08612148
13402,253796,64320,locker_room ,0.0812228
13403,253796,64320,office_cubicles ,0.06732057
13404,253796,64320,classroom ,0.06037351
13405,253796,64344,nursery ,0.10534013
13406,253796,64344,classroom ,0.09608068
13407,253796,64344,office ,0.0905959
13408,253796,64344,office_cubicles ,0.08378783
13409,253796,64344,locker_room ,0.077820085
13410,253796,64368,archive ,0.10615055
13411,253796,64368,office ,0.09982498
13412,253796,64368,office_cubicles ,0.081558466
13413,253796,64368,locker_room ,0.07258897
13414,253796,64368,nursery ,0.07030611
13415,253796,64392,locker_room ,0.11968488
13416,253796,64392,classroom ,0.08253489
13417,253796,64392,nursery ,0.07466913
13418,253796,64392,museum/indoor ,0.072717756
13419,253796,64392,archive ,0.05684489
13420,253796,64416,museum/indoor ,0.15089135
13421,253796,64416,office ,0.11218497
13422,253796,64416,art_gallery ,0.08928807
13423,253796,64416,archive ,0.07592306
13424,253796,64416,office_cubicles ,0.07369583
13425,253796,64440,bow_window/indoor ,0.15684316
13426,253796,64440,art_gallery ,0.13536981
13427,253796,64440,museum/indoor ,0.11815962
13428,253796,64440,office ,0.09113113
13429,253796,64440,clean_room ,0.070788756
13430,253796,64464,museum/indoor ,0.12578668
13431,253796,64464,art_gallery ,0.08255512
13432,253796,64464,classroom ,0.077728376
13433,253796,64464,lecture_room ,0.077124804
13434,253796,64464,office ,0.07283541
13435,253796,64488,museum/indoor ,0.120503165
13436,253796,64488,archive ,0.115561076
13437,253796,64488,lecture_room ,0.08418034
13438,253796,64488,classroom ,0.082581155
13439,253796,64488,office ,0.07983876
13440,253796,64512,museum/indoor ,0.15024577
13441,253796,64512,clean_room ,0.14699498
13442,253796,64512,art_gallery ,0.120385274
13443,253796,64512,archive ,0.11883333
13444,253796,64512,martial_arts_gym ,0.07511751
13445,253796,64536,archive ,0.1623942
13446,253796,64536,clean_room ,0.1129904
13447,253796,64536,museum/indoor ,0.08499026
13448,253796,64536,art_gallery ,0.081024796
13449,253796,64536,locker_room ,0.07618365
13450,253796,64560,locker_room ,0.097108245
13451,253796,64560,archive ,0.07963855
13452,253796,64560,museum/indoor ,0.07324217
13453,253796,64560,dressing_room ,0.0654319
13454,253796,64560,art_gallery ,0.056593467
13455,253796,64584,dressing_room ,0.31673628
13456,253796,64584,museum/indoor ,0.10544396
13457,253796,64584,art_gallery ,0.07063042
13458,253796,64584,locker_room ,0.054069594
13459,253796,64584,closet ,0.03760798
13460,253796,64608,dressing_room ,0.34581584
13461,253796,64608,art_gallery ,0.10226094
13462,253796,64608,museum/indoor ,0.08118461
13463,253796,64608,elevator/door ,0.06219075
13464,253796,64608,shower ,0.060529042
13465,253796,64632,museum/indoor ,0.15441592
13466,253796,64632,dressing_room ,0.13767162
13467,253796,64632,shower ,0.12755843
13468,253796,64632,art_gallery ,0.106572494
13469,253796,64632,bow_window/indoor ,0.08392254
13470,253796,64656,dressing_room ,0.34280685
13471,253796,64656,closet ,0.13346754
13472,253796,64656,alcove ,0.06916727
13473,253796,64656,shower ,0.060273327
13474,253796,64656,art_gallery ,0.04464291
13475,253796,64680,bow_window/indoor ,0.2531847
13476,253796,64680,alcove ,0.13696228
13477,253796,64680,art_gallery ,0.10430711
13478,253796,64680,artists_loft ,0.084072694
13479,253796,64680,museum/indoor ,0.08222715
13480,253796,64704,art_gallery ,0.17092694
13481,253796,64704,bow_window/indoor ,0.13250463
13482,253796,64704,corridor ,0.08669853
13483,253796,64704,artists_loft ,0.08520862
13484,253796,64704,dressing_room ,0.052393
13485,253796,64728,bow_window/indoor ,0.1784898
13486,253796,64728,art_gallery ,0.1677142
13487,253796,64728,museum/indoor ,0.07531597
13488,253796,64728,office ,0.069224946
13489,253796,64728,dressing_room ,0.061672572
13490,253796,64752,office ,0.19294652
13491,253796,64752,bow_window/indoor ,0.17472808
13492,253796,64752,museum/indoor ,0.083315745
13493,253796,64752,office_cubicles ,0.070444256
13494,253796,64752,art_gallery ,0.06684123
13495,253796,64776,office ,0.18529922
13496,253796,64776,conference_room ,0.10302945
13497,253796,64776,museum/indoor ,0.09172258
13498,253796,64776,bow_window/indoor ,0.08739919
13499,253796,64776,office_cubicles ,0.07169994
13500,253796,64800,office ,0.1293336
13501,253796,64800,museum/indoor ,0.089476824
13502,253796,64800,art_gallery ,0.07453172
13503,253796,64800,dressing_room ,0.072291575
13504,253796,64800,office_cubicles ,0.04743894
13505,253796,64824,bow_window/indoor ,0.28127033
13506,253796,64824,elevator/door ,0.14810416
13507,253796,64824,elevator_lobby ,0.09642396
13508,253796,64824,office ,0.054054752
13509,253796,64824,art_gallery ,0.053957615
13510,253796,64848,art_gallery ,0.2839699
13511,253796,64848,clean_room ,0.13502245
13512,253796,64848,museum/indoor ,0.111093014
13513,253796,64848,dressing_room ,0.094968446
13514,253796,64848,locker_room ,0.0823542
13515,253796,64872,bow_window/indoor ,0.58430547
13516,253796,64872,corridor ,0.07349676
13517,253796,64872,alcove ,0.043244623
13518,253796,64872,closet ,0.03227335
13519,253796,64872,clean_room ,0.02954056
13520,253796,64896,bow_window/indoor ,0.86525214
13521,253796,64896,shower ,0.048400465
13522,253796,64896,doorway/outdoor ,0.037206523
13523,253796,64896,elevator/door ,0.009346767
13524,253796,64896,bathroom ,0.007361831
13525,253796,64920,bow_window/indoor ,0.8347987
13526,253796,64920,doorway/outdoor ,0.054499917
13527,253796,64920,shower ,0.053448133
13528,253796,64920,elevator/door ,0.011825794
13529,253796,64920,bathroom ,0.008695554
13530,253796,64944,bow_window/indoor ,0.7702687
13531,253796,64944,shower ,0.10814254
13532,253796,64944,doorway/outdoor ,0.042058468
13533,253796,64944,bathroom ,0.01717277
13534,253796,64944,elevator/door ,0.012807845
13535,253796,64968,bow_window/indoor ,0.83245754
13536,253796,64968,shower ,0.09355899
13537,253796,64968,doorway/outdoor ,0.023344599
13538,253796,64968,bathroom ,0.015861819
13539,253796,64968,elevator/door ,0.006123093
13540,253796,64992,bow_window/indoor ,0.8778069
13541,253796,64992,shower ,0.044242974
13542,253796,64992,doorway/outdoor ,0.029637907
13543,253796,64992,bathroom ,0.008601597
13544,253796,64992,elevator/door ,0.00784442
13545,253796,65016,bow_window/indoor ,0.90181273
13546,253796,65016,shower ,0.027761841
13547,253796,65016,doorway/outdoor ,0.027609786
13548,253796,65016,elevator/door ,0.007398461
13549,253796,65016,bathroom ,0.005681757
13550,253796,65040,bow_window/indoor ,0.79291254
13551,253796,65040,shower ,0.096964695
13552,253796,65040,doorway/outdoor ,0.045383934
13553,253796,65040,bathroom ,0.0140661
13554,253796,65040,elevator/door ,0.013953516
13555,253796,65064,bow_window/indoor ,0.7058732
13556,253796,65064,shower ,0.19807626
13557,253796,65064,doorway/outdoor ,0.028114282
13558,253796,65064,bathroom ,0.02617934
13559,253796,65064,elevator/door ,0.008961884
13560,253796,65088,bow_window/indoor ,0.59487647
13561,253796,65088,shower ,0.28595343
13562,253796,65088,bathroom ,0.042490494
13563,253796,65088,doorway/outdoor ,0.026568403
13564,253796,65088,elevator/door ,0.010121418
13565,253796,65112,bow_window/indoor ,0.6110095
13566,253796,65112,shower ,0.28153664
13567,253796,65112,bathroom ,0.040473185
13568,253796,65112,doorway/outdoor ,0.019627292
13569,253796,65112,sauna ,0.009549245
13570,253796,65136,bow_window/indoor ,0.7681078
13571,253796,65136,shower ,0.13749656
13572,253796,65136,doorway/outdoor ,0.030668015
13573,253796,65136,bathroom ,0.018820507
13574,253796,65136,elevator/door ,0.008589635
13575,253796,65160,bow_window/indoor ,0.77044255
13576,253796,65160,shower ,0.1193982
13577,253796,65160,doorway/outdoor ,0.027930139
13578,253796,65160,bathroom ,0.025364507
13579,253796,65160,elevator/door ,0.011124032
13580,253796,65184,bow_window/indoor ,0.5574756
13581,253796,65184,shower ,0.31303442
13582,253796,65184,bathroom ,0.044799995
13583,253796,65184,doorway/outdoor ,0.022575963
13584,253796,65184,sauna ,0.012327615
13585,253796,65208,bow_window/indoor ,0.54231834
13586,253796,65208,shower ,0.33015648
13587,253796,65208,bathroom ,0.042596955
13588,253796,65208,doorway/outdoor ,0.018136894
13589,253796,65208,sauna ,0.0105337985
13590,253796,65232,shower ,0.3459793
13591,253796,65232,bank_vault ,0.19007559
13592,253796,65232,museum/indoor ,0.072428584
13593,253796,65232,locker_room ,0.04067964
13594,253796,65232,chemistry_lab ,0.03956141
13595,253796,65256,shower ,0.6231082
13596,253796,65256,bow_window/indoor ,0.0984461
13597,253796,65256,bank_vault ,0.04121985
13598,253796,65256,elevator/door ,0.030622264
13599,253796,65256,chemistry_lab ,0.029439947
13600,253796,65280,shower ,0.5829029
13601,253796,65280,bow_window/indoor ,0.1719225
13602,253796,65280,bank_vault ,0.044374462
13603,253796,65280,elevator/door ,0.02955776
13604,253796,65280,barndoor ,0.023902366
13605,253796,65304,bow_window/indoor ,0.48650566
13606,253796,65304,shower ,0.22392955
13607,253796,65304,museum/indoor ,0.10363609
13608,253796,65304,bank_vault ,0.024271384
13609,253796,65304,barndoor ,0.017760659
13610,253796,65328,shower ,0.7519598
13611,253796,65328,museum/indoor ,0.12791088
13612,253796,65328,bow_window/indoor ,0.025968987
13613,253796,65328,art_gallery ,0.015653739
13614,253796,65328,elevator/door ,0.0061908755
13615,253796,65352,shower ,0.19940665
13616,253796,65352,museum/indoor ,0.18712275
13617,253796,65352,clothing_store ,0.14188868
13618,253796,65352,locker_room ,0.09520024
13619,253796,65352,closet ,0.071239226
13620,253796,65376,museum/indoor ,0.33288422
13621,253796,65376,shower ,0.14384493
13622,253796,65376,bow_window/indoor ,0.09625947
13623,253796,65376,clothing_store ,0.07299752
13624,253796,65376,art_gallery ,0.059294064
13625,253796,65400,bow_window/indoor ,0.8045205
13626,253796,65400,shower ,0.11524845
13627,253796,65400,doorway/outdoor ,0.020235393
13628,253796,65400,bathroom ,0.018181434
13629,253796,65400,elevator/door ,0.005663054
13630,253796,65424,bow_window/indoor ,0.7730212
13631,253796,65424,shower ,0.090265036
13632,253796,65424,doorway/outdoor ,0.045739315
13633,253796,65424,bathroom ,0.016951613
13634,253796,65424,elevator/door ,0.013801215
13635,253796,65448,bow_window/indoor ,0.795405
13636,253796,65448,shower ,0.067558624
13637,253796,65448,doorway/outdoor ,0.05264199
13638,253796,65448,bathroom ,0.01156717
13639,253796,65448,elevator/door ,0.011460107
13640,253796,65472,bow_window/indoor ,0.7927847
13641,253796,65472,shower ,0.05759178
13642,253796,65472,doorway/outdoor ,0.048536766
13643,253796,65472,elevator/door ,0.011445968
13644,253796,65472,bathroom ,0.009652841
13645,253796,65496,bow_window/indoor ,0.70748925
13646,253796,65496,shower ,0.16863823
13647,253796,65496,bathroom ,0.02940567
13648,253796,65496,doorway/outdoor ,0.028374547
13649,253796,65496,elevator/door ,0.007952892
13650,253796,65520,bow_window/indoor ,0.6046823
13651,253796,65520,shower ,0.2797379
13652,253796,65520,bathroom ,0.03891968
13653,253796,65520,doorway/outdoor ,0.021622611
13654,253796,65520,elevator/door ,0.007969431
13655,253796,65544,bow_window/indoor ,0.64323735
13656,253796,65544,shower ,0.24380055
13657,253796,65544,bathroom ,0.038740117
13658,253796,65544,doorway/outdoor ,0.020483421
13659,253796,65544,elevator/door ,0.00822451
13660,253796,65568,bow_window/indoor ,0.7722308
13661,253796,65568,shower ,0.14860365
13662,253796,65568,bathroom ,0.023159908
13663,253796,65568,doorway/outdoor ,0.010608421
13664,253796,65568,alcove ,0.006234511
13665,253796,65592,bow_window/indoor ,0.88674515
13666,253796,65592,shower ,0.06390833
13667,253796,65592,bathroom ,0.009992965
13668,253796,65592,doorway/outdoor ,0.007893078
13669,253796,65592,alcove ,0.003445745
13670,253796,65616,shower ,0.33523384
13671,253796,65616,museum/indoor ,0.21266918
13672,253796,65616,bow_window/indoor ,0.17800756
13673,253796,65616,clothing_store ,0.045289725
13674,253796,65616,art_gallery ,0.029912593
13675,253796,65640,museum/indoor ,0.30380797
13676,253796,65640,bow_window/indoor ,0.18581578
13677,253796,65640,shower ,0.17590554
13678,253796,65640,art_gallery ,0.050288364
13679,253796,65640,barndoor ,0.03517327
13680,253796,65664,shower ,0.2654082
13681,253796,65664,museum/indoor ,0.1918218
13682,253796,65664,bow_window/indoor ,0.09825959
13683,253796,65664,locker_room ,0.069266506
13684,253796,65664,jail_cell ,0.05900384
13685,253796,65688,bow_window/indoor ,0.7961466
13686,253796,65688,shower ,0.13612488
13687,253796,65688,bathroom ,0.015511613
13688,253796,65688,doorway/outdoor ,0.014307117
13689,253796,65688,elevator/door ,0.005195542
13690,253796,65712,bow_window/indoor ,0.8331548
13691,253796,65712,shower ,0.09473407
13692,253796,65712,doorway/outdoor ,0.012919649
13693,253796,65712,bathroom ,0.010718445
13694,253796,65712,elevator/door ,0.006151021
13695,253796,65736,bow_window/indoor ,0.85714
13696,253796,65736,shower ,0.074069954
13697,253796,65736,doorway/outdoor ,0.015105465
13698,253796,65736,bathroom ,0.010076083
13699,253796,65736,elevator/door ,0.0057643587
13700,253796,65760,bow_window/indoor ,0.83805466
13701,253796,65760,shower ,0.092188425
13702,253796,65760,bathroom ,0.012393672
13703,253796,65760,doorway/outdoor ,0.010150248
13704,253796,65760,alcove ,0.00468347
13705,253796,65784,bow_window/indoor ,0.86146176
13706,253796,65784,shower ,0.05200712
13707,253796,65784,doorway/outdoor ,0.02520813
13708,253796,65784,bathroom ,0.008117445
13709,253796,65784,elevator/door ,0.0072729485
13710,253796,65808,bow_window/indoor ,0.8423363
13711,253796,65808,shower ,0.07719984
13712,253796,65808,doorway/outdoor ,0.016234264
13713,253796,65808,bathroom ,0.010818514
13714,253796,65808,alcove ,0.0053992122
13715,253796,65832,bow_window/indoor ,0.65771794
13716,253796,65832,shower ,0.21591741
13717,253796,65832,bathroom ,0.031739786
13718,253796,65832,doorway/outdoor ,0.031499647
13719,253796,65832,elevator/door ,0.007818634
13720,253796,65856,bow_window/indoor ,0.90272933
13721,253796,65856,shower ,0.047236074
13722,253796,65856,doorway/outdoor ,0.009763834
13723,253796,65856,bathroom ,0.0061682025
13724,253796,65856,elevator/door ,0.0040647215
13725,253796,65880,bow_window/indoor ,0.95456123
13726,253796,65880,shower ,0.015778344
13727,253796,65880,elevator/door ,0.0028788038
13728,253796,65880,doorway/outdoor ,0.0028225856
13729,253796,65880,bathroom ,0.002816768
13730,253796,65904,museum/indoor ,0.55524474
13731,253796,65904,shower ,0.112597376
13732,253796,65904,bow_window/indoor ,0.06662629
13733,253796,65904,art_gallery ,0.062805936
13734,253796,65904,clothing_store ,0.038784053
13735,253796,65928,museum/indoor ,0.4052783
13736,253796,65928,clothing_store ,0.13188916
13737,253796,65928,bow_window/indoor ,0.12547646
13738,253796,65928,shower ,0.058685843
13739,253796,65928,art_gallery ,0.03451006
13740,253796,65952,museum/indoor ,0.23213431
13741,253796,65952,shower ,0.17792924
13742,253796,65952,bow_window/indoor ,0.17668507
13743,253796,65952,clothing_store ,0.07724123
13744,253796,65952,closet ,0.03858128
13745,253796,65976,bow_window/indoor ,0.8896947
13746,253796,65976,shower ,0.03660535
13747,253796,65976,doorway/outdoor ,0.007287794
13748,253796,65976,bathroom ,0.0056598773
13749,253796,65976,clothing_store ,0.0053648055
13750,253796,66000,bow_window/indoor ,0.8879292
13751,253796,66000,shower ,0.06278094
13752,253796,66000,bathroom ,0.006630002
13753,253796,66000,doorway/outdoor ,0.005726729
13754,253796,66000,jail_cell ,0.003928371
13755,253796,66024,bow_window/indoor ,0.9107793
13756,253796,66024,shower ,0.061674178
13757,253796,66024,bathroom ,0.0047023543
13758,253796,66024,jail_cell ,0.0027790167
13759,253796,66024,alcove ,0.00272242
13760,253796,66048,bow_window/indoor ,0.89019364
13761,253796,66048,shower ,0.068039335
13762,253796,66048,doorway/outdoor ,0.0061100125
13763,253796,66048,bathroom ,0.0054847077
13764,253796,66048,alcove ,0.0031784298
13765,253796,66072,bow_window/indoor ,0.8526125
13766,253796,66072,shower ,0.09854488
13767,253796,66072,bathroom ,0.008462025
13768,253796,66072,doorway/outdoor ,0.0071373656
13769,253796,66072,elevator/door ,0.0033529215
13770,253796,66096,bow_window/indoor ,0.8375467
13771,253796,66096,shower ,0.116019025
13772,253796,66096,bathroom ,0.0070819636
13773,253796,66096,doorway/outdoor ,0.00453451
13774,253796,66096,alcove ,0.0034930757
13775,253796,66120,bow_window/indoor ,0.67691207
13776,253796,66120,shower ,0.2391453
13777,253796,66120,sauna ,0.012647467
13778,253796,66120,bathroom ,0.012607817
13779,253796,66120,doorway/outdoor ,0.012116415
13780,253796,66144,bow_window/indoor ,0.8851346
13781,253796,66144,shower ,0.039087985
13782,253796,66144,doorway/outdoor ,0.024402807
13783,253796,66144,elevator/door ,0.0065878616
13784,253796,66144,bathroom ,0.0054086596
13785,253796,66168,bow_window/indoor ,0.9552501
13786,253796,66168,shower ,0.015204253
13787,253796,66168,doorway/outdoor ,0.009477412
13788,253796,66168,bathroom ,0.0025686948
13789,253796,66168,elevator/door ,0.002332903
13790,253796,66192,museum/indoor ,0.44337234
13791,253796,66192,shower ,0.14841047
13792,253796,66192,bow_window/indoor ,0.097857766
13793,253796,66192,clothing_store ,0.05452621
13794,253796,66192,art_gallery ,0.052312143
13795,253796,66216,shower ,0.24179775
13796,253796,66216,museum/indoor ,0.21784005
13797,253796,66216,bow_window/indoor ,0.089137286
13798,253796,66216,clean_room ,0.054582074
13799,253796,66216,clothing_store ,0.03922443
13800,253796,66240,bow_window/indoor ,0.5703227
13801,253796,66240,alcove ,0.11097968
13802,253796,66240,shower ,0.09992464
13803,253796,66240,tower ,0.035897218
13804,253796,66240,skyscraper ,0.018763505
13805,253796,66264,locker_room ,0.4139142
13806,253796,66264,clean_room ,0.21210562
13807,253796,66264,elevator/door ,0.05416784
13808,253796,66264,elevator_lobby ,0.049144924
13809,253796,66264,museum/indoor ,0.042574078
13810,253796,66288,clean_room ,0.5069394
13811,253796,66288,museum/indoor ,0.13025305
13812,253796,66288,art_gallery ,0.1261073
13813,253796,66288,dressing_room ,0.03452455
13814,253796,66288,shower ,0.030451307
13815,253796,66312,bow_window/indoor ,0.8795698
13816,253796,66312,shower ,0.075714365
13817,253796,66312,doorway/outdoor ,0.009851688
13818,253796,66312,bathroom ,0.0067376276
13819,253796,66312,elevator/door ,0.0059483377
13820,253796,66336,bow_window/indoor ,0.8965093
13821,253796,66336,shower ,0.039852284
13822,253796,66336,doorway/outdoor ,0.022309888
13823,253796,66336,elevator/door ,0.0069563896
13824,253796,66336,bathroom ,0.0054695
13825,253796,66360,bow_window/indoor ,0.88538885
13826,253796,66360,shower ,0.06408306
13827,253796,66360,doorway/outdoor ,0.014148001
13828,253796,66360,bathroom ,0.009325626
13829,253796,66360,elevator/door ,0.004545823
13830,253796,66384,bow_window/indoor ,0.9296235
13831,253796,66384,shower ,0.02462025
13832,253796,66384,doorway/outdoor ,0.013283682
13833,253796,66384,bathroom ,0.005017348
13834,253796,66384,elevator/door ,0.0033548519
13835,253796,66408,bow_window/indoor ,0.94957274
13836,253796,66408,shower ,0.011733403
13837,253796,66408,doorway/outdoor ,0.010031883
13838,253796,66408,alcove ,0.0042052804
13839,253796,66408,elevator/door ,0.002342542
13840,253796,66432,bow_window/indoor ,0.85277253
13841,253796,66432,shower ,0.10602601
13842,253796,66432,doorway/outdoor ,0.0115889255
13843,253796,66432,bathroom ,0.01048764
13844,253796,66432,barndoor ,0.0027939552
13845,253796,66456,bow_window/indoor ,0.82649463
13846,253796,66456,shower ,0.1249616
13847,253796,66456,bathroom ,0.01566635
13848,253796,66456,doorway/outdoor ,0.01004258
13849,253796,66456,elevator/door ,0.0041991533
13850,253796,66480,bow_window/indoor ,0.6928192
13851,253796,66480,shower ,0.2500849
13852,253796,66480,bathroom ,0.023670323
13853,253796,66480,doorway/outdoor ,0.008778662
13854,253796,66480,elevator/door ,0.0049651815
13855,253796,66504,bow_window/indoor ,0.51800513
13856,253796,66504,shower ,0.31576902
13857,253796,66504,doorway/outdoor ,0.048122514
13858,253796,66504,bathroom ,0.03430186
13859,253796,66504,elevator/door ,0.013674909
13860,253796,66528,bow_window/indoor ,0.7609426
13861,253796,66528,shower ,0.109773465
13862,253796,66528,doorway/outdoor ,0.04386941
13863,253796,66528,bathroom ,0.018432135
13864,253796,66528,elevator/door ,0.012622888
13865,253796,66552,bow_window/indoor ,0.42505473
13866,253796,66552,shower ,0.23419884
13867,253796,66552,elevator/door ,0.036119312
13868,253796,66552,bathroom ,0.03336864
13869,253796,66552,elevator_lobby ,0.023184713
13870,253796,66576,art_gallery ,0.18594071
13871,253796,66576,clean_room ,0.13569227
13872,253796,66576,elevator/door ,0.11947875
13873,253796,66576,server_room ,0.101665504
13874,253796,66576,locker_room ,0.06494178
13875,253796,66600,closet ,0.12431036
13876,253796,66600,dressing_room ,0.12102653
13877,253796,66600,locker_room ,0.11825232
13878,253796,66600,elevator/door ,0.11059846
13879,253796,66600,shower ,0.08021057
13880,253796,66624,dressing_room ,0.15404138
13881,253796,66624,jail_cell ,0.093868986
13882,253796,66624,closet ,0.084909
13883,253796,66624,shower ,0.07912224
13884,253796,66624,alcove ,0.07118563
13885,253796,66648,alcove ,0.31221065
13886,253796,66648,living_room ,0.15553373
13887,253796,66648,bedroom ,0.079554126
13888,253796,66648,bow_window/indoor ,0.050076235
13889,253796,66648,art_gallery ,0.04220497
13890,253796,66672,living_room ,0.24666941
13891,253796,66672,alcove ,0.11103247
13892,253796,66672,bow_window/indoor ,0.08597288
13893,253796,66672,museum/indoor ,0.07348883
13894,253796,66672,dressing_room ,0.045243282
13895,253796,66696,museum/indoor ,0.35780776
13896,253796,66696,art_gallery ,0.18295103
13897,253796,66696,living_room ,0.06379686
13898,253796,66696,dressing_room ,0.06247876
13899,253796,66696,alcove ,0.039874826
13900,253796,66720,museum/indoor ,0.5798116
13901,253796,66720,art_gallery ,0.20568466
13902,253796,66720,living_room ,0.036495667
13903,253796,66720,alcove ,0.027609317
13904,253796,66720,bow_window/indoor ,0.02539278
13905,253796,66744,museum/indoor ,0.6333967
13906,253796,66744,art_gallery ,0.16138919
13907,253796,66744,living_room ,0.037464842
13908,253796,66744,art_studio ,0.024748605
13909,253796,66744,bow_window/indoor ,0.017738199
13910,253796,66768,museum/indoor ,0.6012781
13911,253796,66768,art_gallery ,0.24144188
13912,253796,66768,living_room ,0.032788638
13913,253796,66768,bow_window/indoor ,0.020706313
13914,253796,66768,art_studio ,0.020365026
13915,253796,66792,museum/indoor ,0.59990424
13916,253796,66792,living_room ,0.10628659
13917,253796,66792,art_gallery ,0.1042522
13918,253796,66792,bow_window/indoor ,0.033724427
13919,253796,66792,alcove ,0.020797456
13920,253796,66816,museum/indoor ,0.5125781
13921,253796,66816,science_museum ,0.14452334
13922,253796,66816,natural_history_museum ,0.111730546
13923,253796,66816,clean_room ,0.10756956
13924,253796,66816,art_gallery ,0.052931506
13925,253796,66840,museum/indoor ,0.5173384
13926,253796,66840,natural_history_museum ,0.123546645
13927,253796,66840,science_museum ,0.10563383
13928,253796,66840,art_gallery ,0.09872314
13929,253796,66840,shower ,0.0512399
13930,253796,66864,museum/indoor ,0.279717
13931,253796,66864,shower ,0.17731483
13932,253796,66864,science_museum ,0.1537375
13933,253796,66864,natural_history_museum ,0.14244916
13934,253796,66864,clean_room ,0.07663807
13935,253796,66888,museum/indoor ,0.36246863
13936,253796,66888,clean_room ,0.22169776
13937,253796,66888,science_museum ,0.12115119
13938,253796,66888,natural_history_museum ,0.06699492
13939,253796,66888,shower ,0.05985654
13940,253796,66912,museum/indoor ,0.5711891
13941,253796,66912,clean_room ,0.12785564
13942,253796,66912,art_gallery ,0.10697511
13943,253796,66912,science_museum ,0.0580585
13944,253796,66912,natural_history_museum ,0.05662533
13945,253796,66936,museum/indoor ,0.3125932
13946,253796,66936,clean_room ,0.10714943
13947,253796,66936,chemistry_lab ,0.07840862
13948,253796,66936,art_gallery ,0.054947212
13949,253796,66936,fountain ,0.033891924
13950,253796,66960,entrance_hall ,0.22919035
13951,253796,66960,living_room ,0.11033114
13952,253796,66960,corridor ,0.09788202
13953,253796,66960,basement ,0.09084052
13954,253796,66960,alcove ,0.06489881
13955,253796,66984,entrance_hall ,0.43436787
13956,253796,66984,living_room ,0.14945601
13957,253796,66984,alcove ,0.11267832
13958,253796,66984,bow_window/indoor ,0.082404286
13959,253796,66984,corridor ,0.033561345
13960,253796,67008,alcove ,0.22158116
13961,253796,67008,entrance_hall ,0.16640988
13962,253796,67008,living_room ,0.15498818
13963,253796,67008,attic ,0.10118125
13964,253796,67008,bedroom ,0.07922748
13965,253796,67032,living_room ,0.16057989
13966,253796,67032,alcove ,0.14411464
13967,253796,67032,bedroom ,0.13763744
13968,253796,67032,entrance_hall ,0.09068378
13969,253796,67032,attic ,0.04615105
13970,253796,67056,alcove ,0.25220868
13971,253796,67056,living_room ,0.23366301
13972,253796,67056,clean_room ,0.10582458
13973,253796,67056,entrance_hall ,0.039326962
13974,253796,67056,corridor ,0.027435277
13975,253796,67080,bedroom ,0.23766461
13976,253796,67080,alcove ,0.21005253
13977,253796,67080,bow_window/indoor ,0.20138216
13978,253796,67080,bedchamber ,0.08324136
13979,253796,67080,hotel_room ,0.079126276
13980,253796,67104,bow_window/indoor ,0.2659643
13981,253796,67104,alcove ,0.12948869
13982,253796,67104,living_room ,0.09694029
13983,253796,67104,hospital_room ,0.0845679
13984,253796,67104,clean_room ,0.06874987
13985,253796,67128,bow_window/indoor ,0.538195
13986,253796,67128,artists_loft ,0.16291769
13987,253796,67128,alcove ,0.07615752
13988,253796,67128,corridor ,0.04647719
13989,253796,67128,living_room ,0.024680238
13990,253796,67152,museum/indoor ,0.1492231
13991,253796,67152,bow_window/indoor ,0.11704237
13992,253796,67152,art_gallery ,0.11566985
13993,253796,67152,corridor ,0.08275705
13994,253796,67152,artists_loft ,0.07818306
13995,253796,67176,bow_window/indoor ,0.2508767
13996,253796,67176,artists_loft ,0.08962512
13997,253796,67176,alcove ,0.08961097
13998,253796,67176,art_gallery ,0.0715341
13999,253796,67176,corridor ,0.038943335
14000,253796,67200,fountain ,0.28388256
14001,253796,67200,shower ,0.13517542
14002,253796,67200,skyscraper ,0.057299737
14003,253796,67200,bow_window/indoor ,0.03537515
14004,253796,67200,ice_shelf ,0.03242577
14005,253796,67224,shower ,0.3701009
14006,253796,67224,art_gallery ,0.06283769
14007,253796,67224,museum/indoor ,0.05285548
14008,253796,67224,barndoor ,0.044482935
14009,253796,67224,elevator/door ,0.043555878
14010,253796,67248,barndoor ,0.35237187
14011,253796,67248,shower ,0.10873512
14012,253796,67248,elevator/door ,0.06872501
14013,253796,67248,art_gallery ,0.037099507
14014,253796,67248,elevator_lobby ,0.03346393
14015,253796,67272,barndoor ,0.31845844
14016,253796,67272,shower ,0.09994327
14017,253796,67272,elevator/door ,0.04634166
14018,253796,67272,art_gallery ,0.045985322
14019,253796,67272,museum/indoor ,0.042099424
14020,253796,67296,shower ,0.20346075
14021,253796,67296,barndoor ,0.11836501
14022,253796,67296,elevator/door ,0.097797275
14023,253796,67296,elevator_lobby ,0.09304028
14024,253796,67296,locker_room ,0.08783978
14025,253796,67320,shower ,0.15016435
14026,253796,67320,barndoor ,0.14013371
14027,253796,67320,elevator/door ,0.07289908
14028,253796,67320,museum/indoor ,0.060464747
14029,253796,67320,locker_room ,0.055144265
14030,253796,67344,bedroom ,0.24562041
14031,253796,67344,dressing_room ,0.20136453
14032,253796,67344,dorm_room ,0.04502081
14033,253796,67344,locker_room ,0.041203875
14034,253796,67344,basement ,0.037710063
14035,253796,67368,dressing_room ,0.21584027
14036,253796,67368,bedroom ,0.15849191
14037,253796,67368,clean_room ,0.059991032
14038,253796,67368,locker_room ,0.054609954
14039,253796,67368,archive ,0.03944168
14040,253796,67392,discotheque ,0.29597574
14041,253796,67392,dressing_room ,0.13609347
14042,253796,67392,shower ,0.08374075
14043,253796,67392,stage/indoor ,0.073821776
14044,253796,67392,elevator/door ,0.061109945
14045,253796,67416,clothing_store ,0.1394049
14046,253796,67416,clean_room ,0.13134281
14047,253796,67416,stage/indoor ,0.122419834
14048,253796,67416,discotheque ,0.054185092
14049,253796,67416,museum/indoor ,0.047511023
14050,253796,67440,iceberg ,0.46606848
14051,253796,67440,museum/indoor ,0.09833814
14052,253796,67440,science_museum ,0.07736926
14053,253796,67440,art_gallery ,0.053601425
14054,253796,67440,airplane_cabin ,0.041661035
14055,253796,67464,iceberg ,0.40678227
14056,253796,67464,ice_shelf ,0.09639459
14057,253796,67464,clean_room ,0.09132578
14058,253796,67464,clothing_store ,0.056915734
14059,253796,67464,museum/indoor ,0.03528556
14060,253796,67488,clean_room ,0.3940477
14061,253796,67488,iceberg ,0.1914691
14062,253796,67488,art_gallery ,0.113017574
14063,253796,67488,ice_shelf ,0.05480027
14064,253796,67488,dressing_room ,0.048331074
14065,253796,67512,dressing_room ,0.5718129
14066,253796,67512,clean_room ,0.38524044
14067,253796,67512,art_gallery ,0.0086403685
14068,253796,67512,hospital_room ,0.0057226294
14069,253796,67512,museum/indoor ,0.004691866
14070,253796,67536,clean_room ,0.45435104
14071,253796,67536,dressing_room ,0.12304557
14072,253796,67536,art_gallery ,0.120485336
14073,253796,67536,museum/indoor ,0.08966322
14074,253796,67536,art_studio ,0.069427915
14075,253796,67560,clean_room ,0.8649244
14076,253796,67560,operating_room ,0.019833274
14077,253796,67560,museum/indoor ,0.014498686
14078,253796,67560,art_gallery ,0.014452358
14079,253796,67560,hospital_room ,0.014417583
14080,253796,67584,clean_room ,0.5766186
14081,253796,67584,museum/indoor ,0.11798639
14082,253796,67584,art_gallery ,0.1122015
14083,253796,67584,dressing_room ,0.041721065
14084,253796,67584,art_studio ,0.033378154
14085,253796,67608,dressing_room ,0.52596676
14086,253796,67608,clean_room ,0.1539719
14087,253796,67608,art_gallery ,0.077923864
14088,253796,67608,art_studio ,0.043388866
14089,253796,67608,clothing_store ,0.037434943
14090,253796,67632,clean_room ,0.75587326
14091,253796,67632,dressing_room ,0.073370785
14092,253796,67632,art_gallery ,0.028301042
14093,253796,67632,hospital_room ,0.023794625
14094,253796,67632,operating_room ,0.015502161
14095,253796,67656,clean_room ,0.9422443
14096,253796,67656,hospital_room ,0.00799934
14097,253796,67656,operating_room ,0.006660543
14098,253796,67656,biology_laboratory ,0.0047364198
14099,253796,67656,art_gallery ,0.0045584687
14100,253796,67680,clean_room ,0.8214463
14101,253796,67680,art_studio ,0.027069611
14102,253796,67680,hospital_room ,0.02449382
14103,253796,67680,nursing_home ,0.017124344
14104,253796,67680,art_gallery ,0.014832314
14105,253796,67704,clean_room ,0.87608576
14106,253796,67704,hospital_room ,0.020712093
14107,253796,67704,operating_room ,0.012086593
14108,253796,67704,art_studio ,0.011981537
14109,253796,67704,biology_laboratory ,0.011111916
14110,253796,67728,clean_room ,0.8041194
14111,253796,67728,hospital_room ,0.03533172
14112,253796,67728,art_studio ,0.019969199
14113,253796,67728,operating_room ,0.019452035
14114,253796,67728,biology_laboratory ,0.016939756
14115,253796,67752,clean_room ,0.6091231
14116,253796,67752,hospital_room ,0.057878803
14117,253796,67752,dressing_room ,0.05094151
14118,253796,67752,nursery ,0.040833347
14119,253796,67752,art_studio ,0.031615768
14120,253796,67776,clean_room ,0.7663055
14121,253796,67776,art_studio ,0.039678004
14122,253796,67776,art_gallery ,0.038673867
14123,253796,67776,hospital_room ,0.025238102
14124,253796,67776,operating_room ,0.020976566
14125,253796,67800,clean_room ,0.6452714
14126,253796,67800,art_studio ,0.06845105
14127,253796,67800,art_gallery ,0.06828387
14128,253796,67800,museum/indoor ,0.045381315
14129,253796,67800,art_school ,0.02321468
14130,253796,67824,clean_room ,0.60142916
14131,253796,67824,art_studio ,0.089347586
14132,253796,67824,art_gallery ,0.08613608
14133,253796,67824,museum/indoor ,0.040399242
14134,253796,67824,art_school ,0.0323878
14135,253796,67848,clean_room ,0.7281749
14136,253796,67848,museum/indoor ,0.070114136
14137,253796,67848,art_gallery ,0.05105535
14138,253796,67848,dressing_room ,0.031055951
14139,253796,67848,art_studio ,0.02820954
14140,253796,67872,clean_room ,0.8606394
14141,253796,67872,museum/indoor ,0.066662945
14142,253796,67872,art_gallery ,0.032848235
14143,253796,67872,operating_room ,0.019523354
14144,253796,67872,science_museum ,0.0031042548
14145,253796,67896,clean_room ,0.9740339
14146,253796,67896,operating_room ,0.0074766064
14147,253796,67896,veterinarians_office ,0.0037957847
14148,253796,67896,art_gallery ,0.0023171543
14149,253796,67896,hospital_room ,0.001591579
14150,253796,67920,clean_room ,0.9619259
14151,253796,67920,operating_room ,0.0062503936
14152,253796,67920,dressing_room ,0.006216248
14153,253796,67920,art_gallery ,0.0040320028
14154,253796,67920,veterinarians_office ,0.0039399015
14155,253796,67944,clean_room ,0.44068286
14156,253796,67944,dressing_room ,0.24457994
14157,253796,67944,museum/indoor ,0.07308123
14158,253796,67944,art_gallery ,0.046350792
14159,253796,67944,iceberg ,0.02744264
14160,253796,67968,clean_room ,0.68432313
14161,253796,67968,hospital_room ,0.038342245
14162,253796,67968,archive ,0.032796767
14163,253796,67968,operating_room ,0.031932086
14164,253796,67968,nursing_home ,0.0221518
14165,253796,67992,clean_room ,0.7789699
14166,253796,67992,hospital_room ,0.037957747
14167,253796,67992,operating_room ,0.027950093
14168,253796,67992,nursing_home ,0.021434514
14169,253796,67992,dressing_room ,0.021247743
14170,253796,68016,clean_room ,0.7611054
14171,253796,68016,dressing_room ,0.06875001
14172,253796,68016,veterinarians_office ,0.022832127
14173,253796,68016,iceberg ,0.016610544
14174,253796,68016,operating_room ,0.016396066
14175,253796,68040,clean_room ,0.6454366
14176,253796,68040,operating_room ,0.043746494
14177,253796,68040,dressing_room ,0.03335582
14178,253796,68040,art_gallery ,0.033328157
14179,253796,68040,hospital_room ,0.026313096
14180,253796,68064,clean_room ,0.32380912
14181,253796,68064,dressing_room ,0.2122873
14182,253796,68064,museum/indoor ,0.16376314
14183,253796,68064,art_gallery ,0.08278898
14184,253796,68064,iceberg ,0.025912782
14185,253796,68088,clean_room ,0.935406
14186,253796,68088,operating_room ,0.013343881
14187,253796,68088,hospital_room ,0.005851464
14188,253796,68088,museum/indoor ,0.005076454
14189,253796,68088,archive ,0.004499183
14190,253796,68112,clean_room ,0.73830605
14191,253796,68112,iceberg ,0.079772264
14192,253796,68112,art_gallery ,0.027425928
14193,253796,68112,museum/indoor ,0.017405702
14194,253796,68112,operating_room ,0.010576663
14195,253796,68136,clean_room ,0.33760524
14196,253796,68136,art_gallery ,0.20560642
14197,253796,68136,museum/indoor ,0.19381993
14198,253796,68136,iceberg ,0.060847986
14199,253796,68136,dressing_room ,0.04865323
14200,253796,68160,clean_room ,0.9277106
14201,253796,68160,art_gallery ,0.025219109
14202,253796,68160,museum/indoor ,0.008790221
14203,253796,68160,iceberg ,0.0077395528
14204,253796,68160,dressing_room ,0.0038016583
14205,253796,68184,clean_room ,0.7718563
14206,253796,68184,art_gallery ,0.10334594
14207,253796,68184,museum/indoor ,0.050215803
14208,253796,68184,dressing_room ,0.008550081
14209,253796,68184,operating_room ,0.008310822
14210,253796,68208,clean_room ,0.92421645
14211,253796,68208,iceberg ,0.022270141
14212,253796,68208,hospital_room ,0.010484575
14213,253796,68208,operating_room ,0.007823148
14214,253796,68208,chemistry_lab ,0.005407564
14215,253796,68232,clean_room ,0.96185935
14216,253796,68232,operating_room ,0.0076924968
14217,253796,68232,hospital_room ,0.0070938477
14218,253796,68232,iceberg ,0.0045055477
14219,253796,68232,veterinarians_office ,0.0029335425
14220,253796,68256,museum/indoor ,0.3918687
14221,253796,68256,clean_room ,0.23967479
14222,253796,68256,art_gallery ,0.11836045
14223,253796,68256,iceberg ,0.080845244
14224,253796,68256,science_museum ,0.02396486
14225,253796,68280,museum/indoor ,0.34066144
14226,253796,68280,clean_room ,0.265839
14227,253796,68280,art_gallery ,0.25074807
14228,253796,68280,iceberg ,0.04441116
14229,253796,68280,science_museum ,0.03412446
14230,253796,68304,museum/indoor ,0.46382853
14231,253796,68304,art_gallery ,0.32949987
14232,253796,68304,clean_room ,0.14089626
14233,253796,68304,science_museum ,0.01519016
14234,253796,68304,art_studio ,0.0073348475
14235,253796,68328,museum/indoor ,0.49674827
14236,253796,68328,clean_room ,0.26496172
14237,253796,68328,art_gallery ,0.10694543
14238,253796,68328,iceberg ,0.017846769
14239,253796,68328,science_museum ,0.016057985
14240,253796,68352,museum/indoor ,0.43740085
14241,253796,68352,art_gallery ,0.17707124
14242,253796,68352,clean_room ,0.16085048
14243,253796,68352,dressing_room ,0.13034345
14244,253796,68352,science_museum ,0.009542038
14245,253796,68376,museum/indoor ,0.43921262
14246,253796,68376,dressing_room ,0.16411142
14247,253796,68376,clean_room ,0.15899022
14248,253796,68376,art_gallery ,0.14509244
14249,253796,68376,science_museum ,0.013593623
14250,253796,68400,clean_room ,0.39638865
14251,253796,68400,museum/indoor ,0.19985329
14252,253796,68400,art_gallery ,0.19818442
14253,253796,68400,dressing_room ,0.07678271
14254,253796,68400,science_museum ,0.01635355
14255,253796,68424,museum/indoor ,0.32387203
14256,253796,68424,art_gallery ,0.211789
14257,253796,68424,clean_room ,0.16567482
14258,253796,68424,dressing_room ,0.0508161
14259,253796,68424,iceberg ,0.04978504
14260,253796,68448,museum/indoor ,0.35823748
14261,253796,68448,art_gallery ,0.29382673
14262,253796,68448,clean_room ,0.15505138
14263,253796,68448,iceberg ,0.035166755
14264,253796,68448,science_museum ,0.026387395
14265,253796,68472,museum/indoor ,0.35694185
14266,253796,68472,clean_room ,0.2849642
14267,253796,68472,art_gallery ,0.18215565
14268,253796,68472,science_museum ,0.030215558
14269,253796,68472,art_studio ,0.015466005
14270,253796,68496,clean_room ,0.58921
14271,253796,68496,museum/indoor ,0.117975004
14272,253796,68496,art_gallery ,0.08955136
14273,253796,68496,iceberg ,0.022380484
14274,253796,68496,veterinarians_office ,0.021593293
14275,253796,68520,dressing_room ,0.4802001
14276,253796,68520,clean_room ,0.14822038
14277,253796,68520,art_gallery ,0.044165034
14278,253796,68520,bedroom ,0.031256426
14279,253796,68520,museum/indoor ,0.026748387
14280,253796,68544,dressing_room ,0.4588096
14281,253796,68544,clean_room ,0.18813121
14282,253796,68544,art_gallery ,0.11136204
14283,253796,68544,art_studio ,0.050871707
14284,253796,68544,museum/indoor ,0.03239983
14285,253796,68568,museum/indoor ,0.41068077
14286,253796,68568,dressing_room ,0.28940645
14287,253796,68568,art_gallery ,0.1492642
14288,253796,68568,clean_room ,0.08565033
14289,253796,68568,art_studio ,0.013437557
14290,253796,68592,clean_room ,0.9187769
14291,253796,68592,iceberg ,0.017856484
14292,253796,68592,hospital_room ,0.010193469
14293,253796,68592,operating_room ,0.008750909
14294,253796,68592,art_gallery ,0.007802758
14295,253796,68616,clean_room ,0.9098598
14296,253796,68616,hospital_room ,0.017470948
14297,253796,68616,chemistry_lab ,0.014196914
14298,253796,68616,iceberg ,0.010851859
14299,253796,68616,operating_room ,0.009391545
14300,253796,68640,clean_room ,0.86591566
14301,253796,68640,iceberg ,0.024095915
14302,253796,68640,chemistry_lab ,0.01565262
14303,253796,68640,office ,0.010802093
14304,253796,68640,hospital_room ,0.009349165
14305,253796,68664,clean_room ,0.8147029
14306,253796,68664,hospital_room ,0.061405722
14307,253796,68664,operating_room ,0.03206664
14308,253796,68664,dressing_room ,0.019341433
14309,253796,68664,chemistry_lab ,0.0088699395
14310,253796,68688,dressing_room ,0.3114413
14311,253796,68688,discotheque ,0.121284224
14312,253796,68688,art_gallery ,0.088496886
14313,253796,68688,clean_room ,0.08835209
14314,253796,68688,museum/indoor ,0.06807211
14315,253796,68712,dressing_room ,0.31222078
14316,253796,68712,museum/indoor ,0.29753274
14317,253796,68712,clean_room ,0.13627486
14318,253796,68712,art_gallery ,0.11833714
14319,253796,68712,art_studio ,0.010347939
14320,253796,68736,dressing_room ,0.4102403
14321,253796,68736,clean_room ,0.17738494
14322,253796,68736,art_gallery ,0.105187245
14323,253796,68736,museum/indoor ,0.08409371
14324,253796,68736,bedroom ,0.024622539
14325,253796,68760,iceberg ,0.42911392
14326,253796,68760,clean_room ,0.39751473
14327,253796,68760,dressing_room ,0.0328926
14328,253796,68760,art_gallery ,0.026167804
14329,253796,68760,ice_floe ,0.022266733
14330,253796,68784,dressing_room ,0.49423906
14331,253796,68784,clean_room ,0.20296574
14332,253796,68784,clothing_store ,0.1402144
14333,253796,68784,museum/indoor ,0.048955806
14334,253796,68784,art_gallery ,0.027285716
14335,253796,68808,museum/indoor ,0.3347021
14336,253796,68808,science_museum ,0.18972647
14337,253796,68808,art_gallery ,0.11496216
14338,253796,68808,clean_room ,0.070496276
14339,253796,68808,dressing_room ,0.048626374
14340,253796,68832,museum/indoor ,0.22491917
14341,253796,68832,science_museum ,0.21416935
14342,253796,68832,art_gallery ,0.1801888
14343,253796,68832,clean_room ,0.16566242
14344,253796,68832,aquarium ,0.04005152
14345,253796,68856,museum/indoor ,0.5038598
14346,253796,68856,art_gallery ,0.18071063
14347,253796,68856,science_museum ,0.099756874
14348,253796,68856,clean_room ,0.06517524
14349,253796,68856,dressing_room ,0.04069102
14350,253796,68880,dressing_room ,0.38250533
14351,253796,68880,museum/indoor ,0.33544016
14352,253796,68880,art_gallery ,0.109267026
14353,253796,68880,clean_room ,0.078455396
14354,253796,68880,clothing_store ,0.021903398
14355,253796,68904,dressing_room ,0.4416983
14356,253796,68904,clothing_store ,0.23456857
14357,253796,68904,clean_room ,0.22495268
14358,253796,68904,art_gallery ,0.020382145
14359,253796,68904,closet ,0.01668213
14360,253796,68928,museum/indoor ,0.3780537
14361,253796,68928,art_gallery ,0.21939684
14362,253796,68928,dressing_room ,0.14041449
14363,253796,68928,clean_room ,0.13892084
14364,253796,68928,clothing_store ,0.07859273
14365,253796,68952,clothing_store ,0.3358237
14366,253796,68952,clean_room ,0.26852807
14367,253796,68952,dressing_room ,0.16722557
14368,253796,68952,museum/indoor ,0.09282419
14369,253796,68952,art_gallery ,0.08471929
14370,253796,68976,dressing_room ,0.60358095
14371,253796,68976,museum/indoor ,0.12359574
14372,253796,68976,art_gallery ,0.09811517
14373,253796,68976,clean_room ,0.06231877
14374,253796,68976,martial_arts_gym ,0.03163177
14375,253796,69000,art_gallery ,0.2447195
14376,253796,69000,dressing_room ,0.23948187
14377,253796,69000,clean_room ,0.15247558
14378,253796,69000,museum/indoor ,0.10335152
14379,253796,69000,clothing_store ,0.05202013
14380,253796,69024,clean_room ,0.5234913
14381,253796,69024,hospital_room ,0.09408014
14382,253796,69024,art_gallery ,0.066968486
14383,253796,69024,dressing_room ,0.06019578
14384,253796,69024,nursery ,0.053496215
14385,253796,69048,clean_room ,0.7308749
14386,253796,69048,hospital_room ,0.059114464
14387,253796,69048,art_gallery ,0.0474864
14388,253796,69048,dressing_room ,0.02529377
14389,253796,69048,museum/indoor ,0.017103696
14390,253796,69072,clean_room ,0.64862055
14391,253796,69072,hospital_room ,0.070529304
14392,253796,69072,art_gallery ,0.06476263
14393,253796,69072,dressing_room ,0.033635005
14394,253796,69072,operating_room ,0.02644338
14395,253796,69096,clean_room ,0.6923899
14396,253796,69096,hospital_room ,0.061385617
14397,253796,69096,art_gallery ,0.059819058
14398,253796,69096,dressing_room ,0.03609113
14399,253796,69096,operating_room ,0.023311254
14400,253796,69120,clean_room ,0.8520456
14401,253796,69120,hospital_room ,0.023119677
14402,253796,69120,dressing_room ,0.01905976
14403,253796,69120,art_gallery ,0.014371141
14404,253796,69120,operating_room ,0.013513196
14405,253796,69144,clean_room ,0.9030908
14406,253796,69144,hospital_room ,0.014455792
14407,253796,69144,iceberg ,0.010868589
14408,253796,69144,dressing_room ,0.007680796
14409,253796,69144,operating_room ,0.0069648707
14410,253796,69168,clean_room ,0.94972193
14411,253796,69168,dressing_room ,0.019209571
14412,253796,69168,hospital_room ,0.005568079
14413,253796,69168,clothing_store ,0.005202945
14414,253796,69168,operating_room ,0.002957895
14415,253796,69192,clean_room ,0.93266034
14416,253796,69192,dressing_room ,0.015145516
14417,253796,69192,museum/indoor ,0.009173175
14418,253796,69192,operating_room ,0.008350504
14419,253796,69192,clothing_store ,0.005787828
14420,253796,69216,clean_room ,0.85615695
14421,253796,69216,dressing_room ,0.051660202
14422,253796,69216,clothing_store ,0.009301049
14423,253796,69216,art_gallery ,0.0079982905
14424,253796,69216,stage/indoor ,0.006636478
14425,253796,69240,dressing_room ,0.37665403
14426,253796,69240,clean_room ,0.21036392
14427,253796,69240,clothing_store ,0.082142934
14428,253796,69240,stage/indoor ,0.070720054
14429,253796,69240,martial_arts_gym ,0.070629194
14430,253796,69264,clean_room ,0.36136547
14431,253796,69264,dressing_room ,0.27488717
14432,253796,69264,clothing_store ,0.11246757
14433,253796,69264,museum/indoor ,0.067550115
14434,253796,69264,art_gallery ,0.041197076
14435,253796,69288,clean_room ,0.66630036
14436,253796,69288,dressing_room ,0.0742045
14437,253796,69288,museum/indoor ,0.052075617
14438,253796,69288,art_gallery ,0.04830403
14439,253796,69288,iceberg ,0.029158851
14440,253796,69312,clean_room ,0.3318056
14441,253796,69312,dressing_room ,0.29832458
14442,253796,69312,museum/indoor ,0.07009746
14443,253796,69312,art_gallery ,0.059297558
14444,253796,69312,nursery ,0.039517194
14445,253796,69336,clean_room ,0.8242775
14446,253796,69336,dressing_room ,0.051052615
14447,253796,69336,hospital_room ,0.0133536
14448,253796,69336,clothing_store ,0.012452392
14449,253796,69336,veterinarians_office ,0.009441284
14450,253796,69360,clean_room ,0.8222366
14451,253796,69360,dressing_room ,0.06679016
14452,253796,69360,clothing_store ,0.024302889
14453,253796,69360,art_gallery ,0.014982346
14454,253796,69360,nursery ,0.012425671
14455,253796,69384,clean_room ,0.80585474
14456,253796,69384,museum/indoor ,0.040942322
14457,253796,69384,art_gallery ,0.040574573
14458,253796,69384,dressing_room ,0.024067648
14459,253796,69384,nursery ,0.017311536
14460,253796,69408,clean_room ,0.7835996
14461,253796,69408,dressing_room ,0.07055471
14462,253796,69408,museum/indoor ,0.033427924
14463,253796,69408,clothing_store ,0.022513099
14464,253796,69408,nursery ,0.013944855
14465,253796,69432,clean_room ,0.65175986
14466,253796,69432,museum/indoor ,0.101772085
14467,253796,69432,martial_arts_gym ,0.05222581
14468,253796,69432,art_gallery ,0.03481116
14469,253796,69432,dressing_room ,0.030733373
14470,253796,69456,clean_room ,0.4374063
14471,253796,69456,martial_arts_gym ,0.18290427
14472,253796,69456,museum/indoor ,0.104140304
14473,253796,69456,art_gallery ,0.078941055
14474,253796,69456,dressing_room ,0.053597584
14475,253796,69480,clean_room ,0.5514187
14476,253796,69480,museum/indoor ,0.14046064
14477,253796,69480,art_gallery ,0.09599845
14478,253796,69480,martial_arts_gym ,0.0744313
14479,253796,69480,dressing_room ,0.028310647
14480,253796,69504,clean_room ,0.81738746
14481,253796,69504,martial_arts_gym ,0.056438684
14482,253796,69504,hospital_room ,0.02910639
14483,253796,69504,nursery ,0.016932283
14484,253796,69504,veterinarians_office ,0.014176234
14485,253796,69528,clean_room ,0.4647971
14486,253796,69528,dressing_room ,0.16907781
14487,253796,69528,museum/indoor ,0.1271801
14488,253796,69528,art_gallery ,0.05032818
14489,253796,69528,martial_arts_gym ,0.041460827
14490,253796,69552,clean_room ,0.44931117
14491,253796,69552,dressing_room ,0.2253247
14492,253796,69552,museum/indoor ,0.12382883
14493,253796,69552,art_gallery ,0.048900876
14494,253796,69552,martial_arts_gym ,0.038645647
14495,253796,69576,clean_room ,0.609463
14496,253796,69576,museum/indoor ,0.14982952
14497,253796,69576,art_gallery ,0.056850437
14498,253796,69576,dressing_room ,0.040136
14499,253796,69576,martial_arts_gym ,0.038037926
14500,253796,69600,clean_room ,0.4227837
14501,253796,69600,museum/indoor ,0.18664439
14502,253796,69600,dressing_room ,0.16681926
14503,253796,69600,art_gallery ,0.10807312
14504,253796,69600,clothing_store ,0.015157651
14505,253796,69624,museum/indoor ,0.5358369
14506,253796,69624,art_gallery ,0.27035278
14507,253796,69624,dressing_room ,0.062474832
14508,253796,69624,clean_room ,0.031538535
14509,253796,69624,clothing_store ,0.030474994
14510,253796,69648,museum/indoor ,0.48647955
14511,253796,69648,art_gallery ,0.20459034
14512,253796,69648,clean_room ,0.0802599
14513,253796,69648,dressing_room ,0.07262019
14514,253796,69648,shower ,0.034563493
14515,253796,69672,museum/indoor ,0.59889674
14516,253796,69672,art_gallery ,0.16604152
14517,253796,69672,dressing_room ,0.056636818
14518,253796,69672,clean_room ,0.03913432
14519,253796,69672,martial_arts_gym ,0.033792563
14520,253796,69696,museum/indoor ,0.62300926
14521,253796,69696,art_gallery ,0.27031347
14522,253796,69696,clean_room ,0.02889069
14523,253796,69696,dressing_room ,0.01755122
14524,253796,69696,clothing_store ,0.012883801
14525,253796,69720,clean_room ,0.38025194
14526,253796,69720,museum/indoor ,0.22279367
14527,253796,69720,art_gallery ,0.18398762
14528,253796,69720,dressing_room ,0.120290235
14529,253796,69720,clothing_store ,0.037872955
14530,253796,69744,museum/indoor ,0.3856215
14531,253796,69744,art_gallery ,0.30166945
14532,253796,69744,clean_room ,0.16330841
14533,253796,69744,clothing_store ,0.023350846
14534,253796,69744,dressing_room ,0.021307873
14535,253796,69768,clean_room ,0.8542611
14536,253796,69768,museum/indoor ,0.042348012
14537,253796,69768,clothing_store ,0.031115154
14538,253796,69768,art_gallery ,0.030290429
14539,253796,69768,martial_arts_gym ,0.012640664
14540,253796,69792,clean_room ,0.95077
14541,253796,69792,art_gallery ,0.017186118
14542,253796,69792,museum/indoor ,0.010543211
14543,253796,69792,clothing_store ,0.005337942
14544,253796,69792,martial_arts_gym ,0.0031411995
14545,253796,69816,clean_room ,0.8119678
14546,253796,69816,clothing_store ,0.05636824
14547,253796,69816,dressing_room ,0.03582611
14548,253796,69816,museum/indoor ,0.021485569
14549,253796,69816,art_gallery ,0.021320542
14550,253796,69840,art_gallery ,0.36050949
14551,253796,69840,museum/indoor ,0.27506873
14552,253796,69840,clothing_store ,0.14128178
14553,253796,69840,clean_room ,0.12577672
14554,253796,69840,science_museum ,0.013378581
14555,253796,69864,clothing_store ,0.4185339
14556,253796,69864,clean_room ,0.23609693
14557,253796,69864,art_gallery ,0.140974
14558,253796,69864,museum/indoor ,0.10384733
14559,253796,69864,dressing_room ,0.016404841
14560,253796,69888,clean_room ,0.616184
14561,253796,69888,iceberg ,0.18695377
14562,253796,69888,art_gallery ,0.031835362
14563,253796,69888,clothing_store ,0.026255975
14564,253796,69888,museum/indoor ,0.020579562
14565,253796,69912,clean_room ,0.7778999
14566,253796,69912,iceberg ,0.059575807
14567,253796,69912,art_gallery ,0.048026938
14568,253796,69912,museum/indoor ,0.025987603
14569,253796,69912,ice_floe ,0.0095549775
14570,253796,69936,shower ,0.16074681
14571,253796,69936,elevator/door ,0.1293834
14572,253796,69936,closet ,0.07497608
14573,253796,69936,locker_room ,0.07139664
14574,253796,69936,barndoor ,0.04961229
14575,253796,69960,elevator/door ,0.17275642
14576,253796,69960,barndoor ,0.12901062
14577,253796,69960,shower ,0.09274057
14578,253796,69960,locker_room ,0.09159764
14579,253796,69960,basement ,0.06736023
14580,253796,69984,locker_room ,0.19917078
14581,253796,69984,shower ,0.151838
14582,253796,69984,jail_cell ,0.14929056
14583,253796,69984,elevator/door ,0.06643947
14584,253796,69984,dam ,0.025620073
14585,253796,70008,locker_room ,0.32936117
14586,253796,70008,bow_window/indoor ,0.11627854
14587,253796,70008,shower ,0.0991232
14588,253796,70008,artists_loft ,0.06342405
14589,253796,70008,elevator/door ,0.05564148
14590,253796,70032,bow_window/indoor ,0.38288495
14591,253796,70032,artists_loft ,0.13383849
14592,253796,70032,locker_room ,0.09322112
14593,253796,70032,art_gallery ,0.06139163
14594,253796,70032,alcove ,0.059211425
14595,253796,70056,bow_window/indoor ,0.3459615
14596,253796,70056,artists_loft ,0.1355985
14597,253796,70056,locker_room ,0.117722176
14598,253796,70056,shower ,0.06257699
14599,253796,70056,alcove ,0.05472643
14600,253796,70080,bow_window/indoor ,0.40637624
14601,253796,70080,artists_loft ,0.13298495
14602,253796,70080,locker_room ,0.10108754
14603,253796,70080,alcove ,0.06471223
14604,253796,70080,shower ,0.05447024
14605,253796,70104,sky ,0.4840471
14606,253796,70104,shower ,0.17738807
14607,253796,70104,bow_window/indoor ,0.055022687
14608,253796,70104,iceberg ,0.037461843
14609,253796,70104,ice_shelf ,0.028362136
14610,253796,70128,bow_window/indoor ,0.6145127
14611,253796,70128,artists_loft ,0.12410615
14612,253796,70128,art_gallery ,0.03994081
14613,253796,70128,alcove ,0.031276323
14614,253796,70128,elevator/door ,0.026323767
14615,253796,70152,bow_window/indoor ,0.51567435
14616,253796,70152,artists_loft ,0.16479145
14617,253796,70152,art_gallery ,0.11006566
14618,253796,70152,museum/indoor ,0.03127235
14619,253796,70152,alcove ,0.030525157
14620,253796,70176,bow_window/indoor ,0.6643053
14621,253796,70176,artists_loft ,0.14519168
14622,253796,70176,art_gallery ,0.05233499
14623,253796,70176,alcove ,0.024923032
14624,253796,70176,locker_room ,0.013603576
14625,253796,70200,bow_window/indoor ,0.98820144
14626,253796,70200,alcove ,0.0018860368
14627,253796,70200,artists_loft ,0.0013399556
14628,253796,70200,museum/indoor ,0.0010550861
14629,253796,70200,entrance_hall ,0.0006956917
14630,253796,70224,bow_window/indoor ,0.44400597
14631,253796,70224,shower ,0.21400096
14632,253796,70224,clean_room ,0.034997787
14633,253796,70224,locker_room ,0.028657883
14634,253796,70224,closet ,0.021461338
14635,253796,70248,bow_window/indoor ,0.710667
14636,253796,70248,shower ,0.08162353
14637,253796,70248,alcove ,0.026838636
14638,253796,70248,clean_room ,0.021821238
14639,253796,70248,museum/indoor ,0.019932574
14640,253796,70272,bow_window/indoor ,0.9858846
14641,253796,70272,jail_cell ,0.0019878594
14642,253796,70272,shower ,0.0018648803
14643,253796,70272,artists_loft ,0.001062883
14644,253796,70272,closet ,0.0009803767
14645,253796,70296,clean_room ,0.29437885
14646,253796,70296,bow_window/indoor ,0.17267358
14647,253796,70296,museum/indoor ,0.0823361
14648,253796,70296,chemistry_lab ,0.050547484
14649,253796,70296,jewelry_shop ,0.044480156
14650,253796,70320,bow_window/indoor ,0.85280097
14651,253796,70320,museum/indoor ,0.02530922
14652,253796,70320,closet ,0.013957678
14653,253796,70320,dressing_room ,0.011951793
14654,253796,70320,artists_loft ,0.007848556
14655,253796,70344,bow_window/indoor ,0.5601693
14656,253796,70344,jail_cell ,0.08872121
14657,253796,70344,closet ,0.030222092
14658,253796,70344,basement ,0.028849648
14659,253796,70344,attic ,0.028239684
14660,253796,70368,bow_window/indoor ,0.23146188
14661,253796,70368,locker_room ,0.11680704
14662,253796,70368,dressing_room ,0.07269964
14663,253796,70368,museum/indoor ,0.072118245
14664,253796,70368,gymnasium/indoor ,0.041228082
14665,253796,70392,museum/indoor ,0.7478155
14666,253796,70392,dressing_room ,0.06252795
14667,253796,70392,stage/indoor ,0.03483037
14668,253796,70392,bow_window/indoor ,0.034806326
14669,253796,70392,art_gallery ,0.024730766
14670,253796,70416,museum/indoor ,0.7322329
14671,253796,70416,art_gallery ,0.075532116
14672,253796,70416,clean_room ,0.03612411
14673,253796,70416,dressing_room ,0.028840203
14674,253796,70416,chemistry_lab ,0.02178786
14675,253796,70440,museum/indoor ,0.82827127
14676,253796,70440,bow_window/indoor ,0.026351241
14677,253796,70440,stage/indoor ,0.022399247
14678,253796,70440,dressing_room ,0.019809198
14679,253796,70440,nursery ,0.014833773
14680,253796,70464,stage/indoor ,0.6972319
14681,253796,70464,museum/indoor ,0.12940417
14682,253796,70464,discotheque ,0.037241254
14683,253796,70464,classroom ,0.025795134
14684,253796,70464,music_studio ,0.019418301
14685,253796,70488,dressing_room ,0.2578146
14686,253796,70488,museum/indoor ,0.1911464
14687,253796,70488,clean_room ,0.09616423
14688,253796,70488,nursery ,0.08730871
14689,253796,70488,art_gallery ,0.061227225
14690,253796,70512,dressing_room ,0.4129176
14691,253796,70512,locker_room ,0.22088043
14692,253796,70512,museum/indoor ,0.12355413
14693,253796,70512,nursery ,0.052165747
14694,253796,70512,clean_room ,0.047388013
14695,253796,70536,museum/indoor ,0.28764677
14696,253796,70536,dressing_room ,0.25233763
14697,253796,70536,locker_room ,0.09876615
14698,253796,70536,nursery ,0.09526514
14699,253796,70536,clean_room ,0.066973284
14700,253796,70560,museum/indoor ,0.32366782
14701,253796,70560,dressing_room ,0.26810572
14702,253796,70560,locker_room ,0.09029849
14703,253796,70560,clean_room ,0.0726814
14704,253796,70560,nursery ,0.046473477
14705,253796,70584,museum/indoor ,0.7384025
14706,253796,70584,dressing_room ,0.07272975
14707,253796,70584,art_gallery ,0.04385732
14708,253796,70584,locker_room ,0.027763933
14709,253796,70584,stage/indoor ,0.026309963
14710,253796,70608,museum/indoor ,0.40020084
14711,253796,70608,dressing_room ,0.31869933
14712,253796,70608,locker_room ,0.07592844
14713,253796,70608,clean_room ,0.041867614
14714,253796,70608,archive ,0.022663224
14715,253796,70632,dressing_room ,0.48441663
14716,253796,70632,museum/indoor ,0.1394496
14717,253796,70632,stage/indoor ,0.09019854
14718,253796,70632,locker_room ,0.04694735
14719,253796,70632,art_studio ,0.042598486
14720,253796,70656,dressing_room ,0.6165794
14721,253796,70656,locker_room ,0.093166746
14722,253796,70656,clean_room ,0.064017124
14723,253796,70656,museum/indoor ,0.03812101
14724,253796,70656,nursery ,0.0201497
14725,253796,70680,museum/indoor ,0.77332675
14726,253796,70680,archive ,0.069208965
14727,253796,70680,art_gallery ,0.030974632
14728,253796,70680,dressing_room ,0.029521946
14729,253796,70680,locker_room ,0.022588057
14730,253796,70704,museum/indoor ,0.55565196
14731,253796,70704,dressing_room ,0.09767153
14732,253796,70704,archive ,0.09504326
14733,253796,70704,clean_room ,0.06266688
14734,253796,70704,art_gallery ,0.049361713
14735,253796,70728,museum/indoor ,0.55577224
14736,253796,70728,archive ,0.10024983
14737,253796,70728,dressing_room ,0.08658797
14738,253796,70728,locker_room ,0.06999648
14739,253796,70728,clean_room ,0.040833447
14740,253796,70752,museum/indoor ,0.5459063
14741,253796,70752,dressing_room ,0.1471515
14742,253796,70752,archive ,0.08156052
14743,253796,70752,locker_room ,0.05051623
14744,253796,70752,art_gallery ,0.048597854
14745,253796,70776,museum/indoor ,0.6538741
14746,253796,70776,dressing_room ,0.17459565
14747,253796,70776,art_gallery ,0.07466519
14748,253796,70776,art_studio ,0.020601206
14749,253796,70776,archive ,0.01955782
14750,253796,70800,museum/indoor ,0.44320363
14751,253796,70800,dressing_room ,0.2573178
14752,253796,70800,art_gallery ,0.05654857
14753,253796,70800,elevator/door ,0.047330175
14754,253796,70800,locker_room ,0.044333104
14755,253796,70824,dressing_room ,0.58171594
14756,253796,70824,museum/indoor ,0.27714357
14757,253796,70824,art_gallery ,0.033355042
14758,253796,70824,archive ,0.013495458
14759,253796,70824,locker_room ,0.011973471
14760,253796,70848,museum/indoor ,0.88076687
14761,253796,70848,art_gallery ,0.041721832
14762,253796,70848,dressing_room ,0.024068164
14763,253796,70848,archive ,0.012420341
14764,253796,70848,clean_room ,0.007862803
14765,253796,70872,museum/indoor ,0.45561725
14766,253796,70872,dressing_room ,0.41460058
14767,253796,70872,art_gallery ,0.039107434
14768,253796,70872,clothing_store ,0.026475148
14769,253796,70872,locker_room ,0.016618045
14770,253796,70896,museum/indoor ,0.5690173
14771,253796,70896,dressing_room ,0.19517411
14772,253796,70896,locker_room ,0.05074029
14773,253796,70896,art_gallery ,0.04107064
14774,253796,70896,archive ,0.034059864
14775,253796,70920,museum/indoor ,0.39183223
14776,253796,70920,dressing_room ,0.15140703
14777,253796,70920,archive ,0.11001911
14778,253796,70920,locker_room ,0.0652509
14779,253796,70920,art_gallery ,0.058487512
14780,253796,70944,museum/indoor ,0.623981
14781,253796,70944,art_gallery ,0.18305701
14782,253796,70944,dressing_room ,0.06355598
14783,253796,70944,art_studio ,0.030826805
14784,253796,70944,archive ,0.024091264
14785,253796,70968,museum/indoor ,0.48498338
14786,253796,70968,dressing_room ,0.14772986
14787,253796,70968,art_gallery ,0.12913743
14788,253796,70968,archive ,0.050228197
14789,253796,70968,clean_room ,0.04479346
14790,253796,70992,museum/indoor ,0.7763153
14791,253796,70992,dressing_room ,0.120066576
14792,253796,70992,art_gallery ,0.040382065
14793,253796,70992,archive ,0.0106012
14794,253796,70992,clean_room ,0.010016636
14795,253796,71016,dressing_room ,0.36179346
14796,253796,71016,museum/indoor ,0.17804913
14797,253796,71016,archive ,0.1359938
14798,253796,71016,locker_room ,0.053215627
14799,253796,71016,elevator/door ,0.04197836
14800,253796,71040,dressing_room ,0.3522803
14801,253796,71040,museum/indoor ,0.1727472
14802,253796,71040,stage/indoor ,0.08345809
14803,253796,71040,archive ,0.08135702
14804,253796,71040,art_gallery ,0.046632737
14805,253796,71064,museum/indoor ,0.28299105
14806,253796,71064,art_gallery ,0.27156675
14807,253796,71064,clean_room ,0.06792413
14808,253796,71064,dressing_room ,0.06148138
14809,253796,71064,locker_room ,0.045993265
14810,253796,71088,iceberg ,0.22119087
14811,253796,71088,ice_shelf ,0.21658748
14812,253796,71088,museum/indoor ,0.14665501
14813,253796,71088,art_gallery ,0.14640905
14814,253796,71088,science_museum ,0.04905787
14815,253796,71112,shower ,0.20194238
14816,253796,71112,alcove ,0.09595262
14817,253796,71112,attic ,0.061619814
14818,253796,71112,art_gallery ,0.056167852
14819,253796,71112,basement ,0.053896718
14820,253796,71136,shower ,0.48462927
14821,253796,71136,natural_history_museum ,0.05884978
14822,253796,71136,art_gallery ,0.05491118
14823,253796,71136,museum/indoor ,0.046889793
14824,253796,71136,science_museum ,0.03364624
14825,253796,71160,locker_room ,0.26031128
14826,253796,71160,clean_room ,0.16647428
14827,253796,71160,server_room ,0.06057713
14828,253796,71160,chemistry_lab ,0.03947788
14829,253796,71160,natural_history_museum ,0.036855362
14830,253796,71184,art_gallery ,0.347221
14831,253796,71184,clean_room ,0.16526406
14832,253796,71184,server_room ,0.03887387
14833,253796,71184,art_studio ,0.038040537
14834,253796,71184,museum/indoor ,0.03543598
14835,253796,71208,museum/indoor ,0.34518713
14836,253796,71208,natural_history_museum ,0.2258589
14837,253796,71208,art_gallery ,0.09608445
14838,253796,71208,clean_room ,0.05373119
14839,253796,71208,staircase ,0.038261693
14840,253796,71232,art_gallery ,0.27934638
14841,253796,71232,museum/indoor ,0.22959875
14842,253796,71232,natural_history_museum ,0.036003727
14843,253796,71232,stable ,0.033453714
14844,253796,71232,art_studio ,0.03326996
14845,253796,71256,art_gallery ,0.3044694
14846,253796,71256,museum/indoor ,0.24739426
14847,253796,71256,art_studio ,0.11226554
14848,253796,71256,artists_loft ,0.091303535
14849,253796,71256,archive ,0.041445464
14850,253796,71280,corridor ,0.25686464
14851,253796,71280,artists_loft ,0.19491014
14852,253796,71280,art_gallery ,0.16993575
14853,253796,71280,bow_window/indoor ,0.082855925
14854,253796,71280,museum/indoor ,0.07125904
14855,253796,71304,staircase ,0.23719037
14856,253796,71304,corridor ,0.21037401
14857,253796,71304,art_gallery ,0.10954091
14858,253796,71304,artists_loft ,0.105546296
14859,253796,71304,bow_window/indoor ,0.066288024
14860,253796,71328,corridor ,0.21266833
14861,253796,71328,art_gallery ,0.15331502
14862,253796,71328,staircase ,0.13756682
14863,253796,71328,museum/indoor ,0.100152835
14864,253796,71328,artists_loft ,0.09958148
14865,253796,71352,stage/indoor ,0.52319837
14866,253796,71352,dressing_room ,0.09057294
14867,253796,71352,music_studio ,0.07766422
14868,253796,71352,discotheque ,0.056541756
14869,253796,71352,television_studio ,0.031715386
14870,253796,71376,stage/indoor ,0.4303001
14871,253796,71376,dressing_room ,0.112805724
14872,253796,71376,music_studio ,0.07896648
14873,253796,71376,discotheque ,0.048859723
14874,253796,71376,television_studio ,0.03462397
14875,253796,71400,stage/indoor ,0.40212715
14876,253796,71400,dressing_room ,0.1290333
14877,253796,71400,museum/indoor ,0.06395902
14878,253796,71400,music_studio ,0.0559303
14879,253796,71400,clean_room ,0.04607164
14880,253796,71424,stage/indoor ,0.36820364
14881,253796,71424,dressing_room ,0.29650816
14882,253796,71424,discotheque ,0.05488769
14883,253796,71424,ballroom ,0.053550296
14884,253796,71424,music_studio ,0.035053223
14885,253796,71448,dressing_room ,0.51110965
14886,253796,71448,stage/indoor ,0.1535959
14887,253796,71448,ballroom ,0.068447635
14888,253796,71448,clean_room ,0.055323694
14889,253796,71448,discotheque ,0.031845134
14890,253796,71472,stage/indoor ,0.41532466
14891,253796,71472,dressing_room ,0.16117153
14892,253796,71472,music_studio ,0.067911066
14893,253796,71472,discotheque ,0.048367504
14894,253796,71472,museum/indoor ,0.044592626
14895,253796,71496,stage/indoor ,0.4481254
14896,253796,71496,dressing_room ,0.12854053
14897,253796,71496,music_studio ,0.066657715
14898,253796,71496,discotheque ,0.052105125
14899,253796,71496,museum/indoor ,0.03694726
14900,253796,71520,stage/indoor ,0.63706535
14901,253796,71520,discotheque ,0.09106149
14902,253796,71520,music_studio ,0.06819176
14903,253796,71520,ballroom ,0.048623916
14904,253796,71520,arena/performance ,0.028856149
14905,253796,71544,stage/indoor ,0.50759417
14906,253796,71544,discotheque ,0.12837943
14907,253796,71544,music_studio ,0.08889167
14908,253796,71544,ballroom ,0.06131493
14909,253796,71544,dressing_room ,0.05487624
14910,253796,71568,stage/indoor ,0.482286
14911,253796,71568,dressing_room ,0.13893321
14912,253796,71568,discotheque ,0.090732485
14913,253796,71568,ballroom ,0.050217457
14914,253796,71568,music_studio ,0.045682196
14915,253796,71592,dressing_room ,0.1944718
14916,253796,71592,stage/indoor ,0.16727673
14917,253796,71592,art_studio ,0.11454135
14918,253796,71592,art_gallery ,0.06738883
14919,253796,71592,discotheque ,0.062469322
14920,253796,71616,clean_room ,0.48540533
14921,253796,71616,museum/indoor ,0.2664374
14922,253796,71616,art_gallery ,0.038684223
14923,253796,71616,chemistry_lab ,0.023363369
14924,253796,71616,stage/indoor ,0.023026777
14925,253796,71640,museum/indoor ,0.5039997
14926,253796,71640,clean_room ,0.2227122
14927,253796,71640,art_gallery ,0.087423876
14928,253796,71640,dressing_room ,0.0310947
14929,253796,71640,archive ,0.020363437
14930,253796,71664,clean_room ,0.37214074
14931,253796,71664,locker_room ,0.19264968
14932,253796,71664,dressing_room ,0.10975225
14933,253796,71664,hospital_room ,0.0763146
14934,253796,71664,chemistry_lab ,0.038727984
14935,253796,71688,clean_room ,0.26521105
14936,253796,71688,locker_room ,0.22317636
14937,253796,71688,hospital_room ,0.12024854
14938,253796,71688,dressing_room ,0.060318217
14939,253796,71688,archive ,0.059528712
14940,253796,71712,clean_room ,0.32187358
14941,253796,71712,chemistry_lab ,0.17394587
14942,253796,71712,locker_room ,0.10768816
14943,253796,71712,archive ,0.060256723
14944,253796,71712,biology_laboratory ,0.054578643
14945,253796,71736,locker_room ,0.24478535
14946,253796,71736,clean_room ,0.1627549
14947,253796,71736,dressing_room ,0.112740025
14948,253796,71736,archive ,0.08048404
14949,253796,71736,classroom ,0.07291376
14950,253796,71760,clean_room ,0.26424846
14951,253796,71760,locker_room ,0.17412688
14952,253796,71760,archive ,0.08615952
14953,253796,71760,museum/indoor ,0.07018642
14954,253796,71760,dressing_room ,0.057366837
14955,253796,71784,clean_room ,0.24000254
14956,253796,71784,locker_room ,0.14834829
14957,253796,71784,archive ,0.08247311
14958,253796,71784,dressing_room ,0.06395937
14959,253796,71784,hospital_room ,0.06189549
14960,253796,71808,clean_room ,0.29777333
14961,253796,71808,archive ,0.21592166
14962,253796,71808,museum/indoor ,0.10319034
14963,253796,71808,locker_room ,0.07017355
14964,253796,71808,classroom ,0.041362297
14965,253796,71832,clean_room ,0.46074346
14966,253796,71832,archive ,0.09588959
14967,253796,71832,chemistry_lab ,0.07304126
14968,253796,71832,museum/indoor ,0.0626075
14969,253796,71832,dressing_room ,0.04296367
14970,253796,71856,clean_room ,0.46287036
14971,253796,71856,archive ,0.17963862
14972,253796,71856,museum/indoor ,0.05453163
14973,253796,71856,locker_room ,0.048424482
14974,253796,71856,operating_room ,0.033764284
14975,253796,71880,clean_room ,0.24792324
14976,253796,71880,archive ,0.24172646
14977,253796,71880,classroom ,0.08707549
14978,253796,71880,museum/indoor ,0.07586896
14979,253796,71880,locker_room ,0.052207913
14980,253796,71904,archive ,0.23638208
14981,253796,71904,clean_room ,0.19509177
14982,253796,71904,museum/indoor ,0.104176626
14983,253796,71904,locker_room ,0.09524449
14984,253796,71904,classroom ,0.07117941
14985,253796,71928,clean_room ,0.3349235
14986,253796,71928,locker_room ,0.13158163
14987,253796,71928,museum/indoor ,0.12707232
14988,253796,71928,archive ,0.09411082
14989,253796,71928,dressing_room ,0.08540472
14990,253796,71952,clean_room ,0.32838926
14991,253796,71952,museum/indoor ,0.14444366
14992,253796,71952,archive ,0.13883516
14993,253796,71952,locker_room ,0.13729204
14994,253796,71952,dressing_room ,0.05194461
14995,253796,71976,archive ,0.2697936
14996,253796,71976,locker_room ,0.23918828
14997,253796,71976,clean_room ,0.16398224
14998,253796,71976,classroom ,0.0684397
14999,253796,71976,dressing_room ,0.04491558
15000,253796,72000,locker_room ,0.32804683
15001,253796,72000,clean_room ,0.21075659
15002,253796,72000,archive ,0.12962228
15003,253796,72000,dressing_room ,0.0927532
15004,253796,72000,museum/indoor ,0.033044335
15005,253796,72024,clean_room ,0.2578276
15006,253796,72024,archive ,0.1939326
15007,253796,72024,locker_room ,0.18415761
15008,253796,72024,dressing_room ,0.09446122
15009,253796,72024,classroom ,0.04316772
15010,253796,72048,archive ,0.35082605
15011,253796,72048,clean_room ,0.1896791
15012,253796,72048,locker_room ,0.12895478
15013,253796,72048,classroom ,0.06304017
15014,253796,72048,museum/indoor ,0.052452274
15015,253796,72072,archive ,0.35751215
15016,253796,72072,locker_room ,0.14351878
15017,253796,72072,clean_room ,0.13916765
15018,253796,72072,classroom ,0.08335042
15019,253796,72072,dressing_room ,0.041758616
15020,253796,72096,archive ,0.34906426
15021,253796,72096,clean_room ,0.18319729
15022,253796,72096,locker_room ,0.11505353
15023,253796,72096,classroom ,0.110835254
15024,253796,72096,lecture_room ,0.0376902
15025,253796,72120,archive ,0.38490444
15026,253796,72120,locker_room ,0.13881505
15027,253796,72120,clean_room ,0.1364332
15028,253796,72120,classroom ,0.10439011
15029,253796,72120,dressing_room ,0.039477296
15030,253796,72144,archive ,0.37241682
15031,253796,72144,locker_room ,0.17173006
15032,253796,72144,classroom ,0.11234914
15033,253796,72144,clean_room ,0.10555392
15034,253796,72144,dressing_room ,0.054698594
15035,253796,72168,locker_room ,0.43806398
15036,253796,72168,archive ,0.16883668
15037,253796,72168,dressing_room ,0.13193643
15038,253796,72168,clean_room ,0.08246511
15039,253796,72168,classroom ,0.04163348
15040,253796,72192,dressing_room ,0.3424837
15041,253796,72192,locker_room ,0.31994736
15042,253796,72192,clean_room ,0.10000634
15043,253796,72192,archive ,0.09413821
15044,253796,72192,museum/indoor ,0.036281917
15045,253796,72216,archive ,0.32017025
15046,253796,72216,locker_room ,0.17676067
15047,253796,72216,classroom ,0.12535094
15048,253796,72216,clean_room ,0.10173034
15049,253796,72216,dressing_room ,0.06803226
15050,253796,72240,archive ,0.27202207
15051,253796,72240,locker_room ,0.14071342
15052,253796,72240,clean_room ,0.1245067
15053,253796,72240,dressing_room ,0.09276859
15054,253796,72240,museum/indoor ,0.09113501
15055,253796,72264,clean_room ,0.472177
15056,253796,72264,dressing_room ,0.19858995
15057,253796,72264,locker_room ,0.08367438
15058,253796,72264,shoe_shop ,0.041065466
15059,253796,72264,chemistry_lab ,0.032580245
15060,253796,72288,clean_room ,0.63207895
15061,253796,72288,locker_room ,0.1780149
15062,253796,72288,chemistry_lab ,0.041473173
15063,253796,72288,biology_laboratory ,0.033282038
15064,253796,72288,archive ,0.026475001
15065,253796,72312,stage/indoor ,0.23224166
15066,253796,72312,museum/indoor ,0.13863194
15067,253796,72312,chemistry_lab ,0.12929165
15068,253796,72312,music_studio ,0.1021438
15069,253796,72312,clean_room ,0.08929956
15070,253796,72336,museum/indoor ,0.28606343
15071,253796,72336,music_studio ,0.123869784
15072,253796,72336,stage/indoor ,0.10078113
15073,253796,72336,art_gallery ,0.06760862
15074,253796,72336,science_museum ,0.05888678
15075,253796,72360,museum/indoor ,0.6146744
15076,253796,72360,art_gallery ,0.087356724
15077,253796,72360,clean_room ,0.046196215
15078,253796,72360,bow_window/indoor ,0.044719048
15079,253796,72360,dressing_room ,0.027900005
15080,253796,72384,museum/indoor ,0.6203016
15081,253796,72384,bow_window/indoor ,0.09321465
15082,253796,72384,art_gallery ,0.082597
15083,253796,72384,dressing_room ,0.049577795
15084,253796,72384,stage/indoor ,0.038005795
15085,253796,72408,museum/indoor ,0.4670299
15086,253796,72408,bow_window/indoor ,0.19384314
15087,253796,72408,art_gallery ,0.0698683
15088,253796,72408,stage/indoor ,0.06788291
15089,253796,72408,dressing_room ,0.04537135
15090,253796,72432,museum/indoor ,0.3137015
15091,253796,72432,bow_window/indoor ,0.22906832
15092,253796,72432,dressing_room ,0.17993519
15093,253796,72432,stage/indoor ,0.035764337
15094,253796,72432,art_gallery ,0.035476744
15095,253796,72456,museum/indoor ,0.77745247
15096,253796,72456,art_gallery ,0.036547933
15097,253796,72456,bow_window/indoor ,0.034579366
15098,253796,72456,stage/indoor ,0.0255272
15099,253796,72456,art_studio ,0.023549438
15100,253796,72480,museum/indoor ,0.2675781
15101,253796,72480,shower ,0.19375929
15102,253796,72480,bow_window/indoor ,0.09648506
15103,253796,72480,science_museum ,0.0397991
15104,253796,72480,chemistry_lab ,0.037679203
15105,253796,72504,shower ,0.35638258
15106,253796,72504,bow_window/indoor ,0.09810648
15107,253796,72504,clean_room ,0.0899989
15108,253796,72504,locker_room ,0.07133676
15109,253796,72504,museum/indoor ,0.058797378
15110,253796,72528,shower ,0.6494624
15111,253796,72528,bow_window/indoor ,0.063281715
15112,253796,72528,locker_room ,0.053962685
15113,253796,72528,elevator/door ,0.033951852
15114,253796,72528,museum/indoor ,0.024086172
15115,253796,72552,museum/indoor ,0.4584913
15116,253796,72552,clean_room ,0.20963053
15117,253796,72552,art_gallery ,0.14214401
15118,253796,72552,science_museum ,0.09615734
15119,253796,72552,natural_history_museum ,0.028234128
15120,253796,72576,museum/indoor ,0.41264918
15121,253796,72576,clean_room ,0.21632066
15122,253796,72576,art_gallery ,0.15614656
15123,253796,72576,science_museum ,0.08968872
15124,253796,72576,natural_history_museum ,0.036898505
15125,253796,72600,museum/indoor ,0.5228532
15126,253796,72600,science_museum ,0.19836849
15127,253796,72600,art_gallery ,0.10093192
15128,253796,72600,shower ,0.0515352
15129,253796,72600,clean_room ,0.04743341
15130,253796,72624,locker_room ,0.34504378
15131,253796,72624,shower ,0.2819062
15132,253796,72624,dressing_room ,0.072060384
15133,253796,72624,clean_room ,0.06346378
15134,253796,72624,elevator/door ,0.048713736
15135,253796,72648,archive ,0.20819584
15136,253796,72648,dressing_room ,0.19448374
15137,253796,72648,locker_room ,0.13684933
15138,253796,72648,elevator/door ,0.1152831
15139,253796,72648,art_gallery ,0.044838887
15140,253796,72672,archive ,0.22601163
15141,253796,72672,dressing_room ,0.16225983
15142,253796,72672,locker_room ,0.118156575
15143,253796,72672,museum/indoor ,0.07857148
15144,253796,72672,art_gallery ,0.05447467
15145,253796,72696,bow_window/indoor ,0.9646756
15146,253796,72696,atrium/public ,0.0058292146
15147,253796,72696,museum/indoor ,0.0034818056
15148,253796,72696,artists_loft ,0.003226524
15149,253796,72696,elevator/door ,0.002278974
15150,253796,72720,bow_window/indoor ,0.98932236
15151,253796,72720,artists_loft ,0.0018487461
15152,253796,72720,atrium/public ,0.0015982697
15153,253796,72720,entrance_hall ,0.00097079284
15154,253796,72720,museum/indoor ,0.00064023765
15155,253796,72744,bow_window/indoor ,0.9865817
15156,253796,72744,artists_loft ,0.0015811806
15157,253796,72744,atrium/public ,0.0012935626
15158,253796,72744,elevator/door ,0.0011369876
15159,253796,72744,entrance_hall ,0.00095775817
15160,253796,72768,museum/indoor ,0.66916937
15161,253796,72768,bow_window/indoor ,0.06755896
15162,253796,72768,art_gallery ,0.050660353
15163,253796,72768,art_studio ,0.041588217
15164,253796,72768,dressing_room ,0.035205238
15165,253796,72792,museum/indoor ,0.43838012
15166,253796,72792,bow_window/indoor ,0.11000981
15167,253796,72792,dressing_room ,0.10758735
15168,253796,72792,art_studio ,0.05279028
15169,253796,72792,art_gallery ,0.049260933
15170,253796,72816,bow_window/indoor ,0.46205926
15171,253796,72816,museum/indoor ,0.17974006
15172,253796,72816,dressing_room ,0.047818616
15173,253796,72816,clean_room ,0.039134342
15174,253796,72816,art_studio ,0.035693508
15175,253796,72840,museum/indoor ,0.78164047
15176,253796,72840,art_gallery ,0.055964373
15177,253796,72840,archive ,0.022415005
15178,253796,72840,clean_room ,0.020002343
15179,253796,72840,stage/indoor ,0.018067854
15180,253796,72864,museum/indoor ,0.40136558
15181,253796,72864,clean_room ,0.22179785
15182,253796,72864,chemistry_lab ,0.06388588
15183,253796,72864,locker_room ,0.035879754
15184,253796,72864,science_museum ,0.03033559
15185,253796,72888,museum/indoor ,0.30707157
15186,253796,72888,chemistry_lab ,0.13081355
15187,253796,72888,clean_room ,0.10772062
15188,253796,72888,science_museum ,0.06963947
15189,253796,72888,art_gallery ,0.06786518
15190,253796,72912,museum/indoor ,0.71917105
15191,253796,72912,clean_room ,0.09327667
15192,253796,72912,science_museum ,0.04994998
15193,253796,72912,art_gallery ,0.044429354
15194,253796,72912,natural_history_museum ,0.026753131
15195,253796,72936,museum/indoor ,0.49847037
15196,253796,72936,clean_room ,0.26837683
15197,253796,72936,stage/indoor ,0.06315601
15198,253796,72936,martial_arts_gym ,0.03886875
15199,253796,72936,art_gallery ,0.022202535
15200,253796,72960,museum/indoor ,0.49905136
15201,253796,72960,clean_room ,0.20670322
15202,253796,72960,stage/indoor ,0.082423806
15203,253796,72960,martial_arts_gym ,0.07752126
15204,253796,72960,locker_room ,0.029621337
15205,253796,72984,museum/indoor ,0.30709225
15206,253796,72984,clean_room ,0.21742672
15207,253796,72984,stage/indoor ,0.12319795
15208,253796,72984,locker_room ,0.12091098
15209,253796,72984,martial_arts_gym ,0.076891035
15210,253796,73008,clean_room ,0.844889
15211,253796,73008,museum/indoor ,0.071655676
15212,253796,73008,martial_arts_gym ,0.04013184
15213,253796,73008,stage/indoor ,0.009140499
15214,253796,73008,locker_room ,0.005981791
15215,253796,73032,clean_room ,0.7221327
15216,253796,73032,archive ,0.08121831
15217,253796,73032,dressing_room ,0.07679863
15218,253796,73032,museum/indoor ,0.05113092
15219,253796,73032,clothing_store ,0.025738426
15220,253796,73056,clean_room ,0.89068097
15221,253796,73056,archive ,0.02152417
15222,253796,73056,dressing_room ,0.012620981
15223,253796,73056,office ,0.011934761
15224,253796,73056,chemistry_lab ,0.01044687
15225,253796,73080,shower ,0.45728126
15226,253796,73080,clean_room ,0.26641914
15227,253796,73080,stable ,0.05095353
15228,253796,73080,museum/indoor ,0.04372979
15229,253796,73080,dressing_room ,0.039206926
15230,253796,73104,art_gallery ,0.5227068
15231,253796,73104,museum/indoor ,0.2709893
15232,253796,73104,art_studio ,0.05416742
15233,253796,73104,natural_history_museum ,0.039058443
15234,253796,73104,science_museum ,0.03079654
15235,253796,73128,locker_room ,0.40790334
15236,253796,73128,dressing_room ,0.12592226
15237,253796,73128,classroom ,0.08723104
15238,253796,73128,archive ,0.055482704
15239,253796,73128,museum/indoor ,0.04488304
15240,253796,73152,locker_room ,0.6955511
15241,253796,73152,archive ,0.07949047
15242,253796,73152,classroom ,0.052726813
15243,253796,73152,dressing_room ,0.050221916
15244,253796,73152,clean_room ,0.030385666
15245,253796,73176,locker_room ,0.56697476
15246,253796,73176,archive ,0.11414804
15247,253796,73176,dressing_room ,0.08439794
15248,253796,73176,classroom ,0.038096603
15249,253796,73176,clean_room ,0.03615417
15250,253796,73200,locker_room ,0.43854532
15251,253796,73200,classroom ,0.22396503
15252,253796,73200,archive ,0.07868708
15253,253796,73200,dressing_room ,0.048169255
15254,253796,73200,office ,0.031417895
15255,253796,73224,locker_room ,0.793085
15256,253796,73224,archive ,0.11252854
15257,253796,73224,clean_room ,0.04302893
15258,253796,73224,museum/indoor ,0.008106823
15259,253796,73224,nursery ,0.006866007
15260,253796,73248,science_museum ,0.3679983
15261,253796,73248,clean_room ,0.32966933
15262,253796,73248,museum/indoor ,0.0889746
15263,253796,73248,bank_vault ,0.0731062
15264,253796,73248,locker_room ,0.046247505
15265,253796,73272,science_museum ,0.58719397
15266,253796,73272,clean_room ,0.17013223
15267,253796,73272,museum/indoor ,0.11292631
15268,253796,73272,natural_history_museum ,0.04748962
15269,253796,73272,bank_vault ,0.029849758
15270,253796,73296,clean_room ,0.3897786
15271,253796,73296,science_museum ,0.24606647
15272,253796,73296,museum/indoor ,0.111523375
15273,253796,73296,bank_vault ,0.03290379
15274,253796,73296,natural_history_museum ,0.024500677
15275,253796,73320,science_museum ,0.3577753
15276,253796,73320,clean_room ,0.3575362
15277,253796,73320,operating_room ,0.10475707
15278,253796,73320,museum/indoor ,0.04643893
15279,253796,73320,hospital_room ,0.01803039
15280,253796,73344,science_museum ,0.7457759
15281,253796,73344,natural_history_museum ,0.100885525
15282,253796,73344,museum/indoor ,0.0767878
15283,253796,73344,clean_room ,0.031123906
15284,253796,73344,nursery ,0.0077389944
15285,253796,73368,science_museum ,0.4149416
15286,253796,73368,museum/indoor ,0.18646586
15287,253796,73368,clean_room ,0.17882739
15288,253796,73368,natural_history_museum ,0.055748835
15289,253796,73368,operating_room ,0.020923955
15290,253796,73392,science_museum ,0.43581575
15291,253796,73392,natural_history_museum ,0.1404307
15292,253796,73392,museum/indoor ,0.123068
15293,253796,73392,clean_room ,0.1053278
15294,253796,73392,operating_room ,0.028599463
15295,253796,73416,science_museum ,0.4622535
15296,253796,73416,clean_room ,0.38218072
15297,253796,73416,museum/indoor ,0.08763614
15298,253796,73416,natural_history_museum ,0.008552204
15299,253796,73416,art_gallery ,0.007111008
15300,253796,73440,clean_room ,0.53336227
15301,253796,73440,science_museum ,0.22869967
15302,253796,73440,locker_room ,0.07105498
15303,253796,73440,museum/indoor ,0.035817247
15304,253796,73440,bank_vault ,0.029835925
15305,253796,73464,clean_room ,0.3486035
15306,253796,73464,locker_room ,0.17038196
15307,253796,73464,museum/indoor ,0.12047058
15308,253796,73464,science_museum ,0.073604405
15309,253796,73464,art_gallery ,0.06136252
15310,253796,73488,art_gallery ,0.3355251
15311,253796,73488,museum/indoor ,0.14621003
15312,253796,73488,shower ,0.060654256
15313,253796,73488,clean_room ,0.055554207
15314,253796,73488,science_museum ,0.045572765
15315,253796,73512,stage/indoor ,0.8672845
15316,253796,73512,discotheque ,0.041953597
15317,253796,73512,music_studio ,0.024699332
15318,253796,73512,museum/indoor ,0.0213156
15319,253796,73512,locker_room ,0.007994044
15320,253796,73536,museum/indoor ,0.6906875
15321,253796,73536,music_studio ,0.057195406
15322,253796,73536,stage/indoor ,0.05421943
15323,253796,73536,clean_room ,0.039419524
15324,253796,73536,science_museum ,0.038384352
15325,253796,73560,stage/indoor ,0.33787146
15326,253796,73560,museum/indoor ,0.20556849
15327,253796,73560,science_museum ,0.08342274
15328,253796,73560,music_studio ,0.071362324
15329,253796,73560,boxing_ring ,0.057074733
15330,253796,73584,nursery ,0.6361036
15331,253796,73584,museum/indoor ,0.10695051
15332,253796,73584,science_museum ,0.043520346
15333,253796,73584,boxing_ring ,0.040417105
15334,253796,73584,stage/indoor ,0.032359254
15335,253796,73608,museum/indoor ,0.8212194
15336,253796,73608,nursery ,0.057306595
15337,253796,73608,clothing_store ,0.027041571
15338,253796,73608,clean_room ,0.02336796
15339,253796,73608,science_museum ,0.018974857
15340,253796,73632,stage/indoor ,0.34825253
15341,253796,73632,museum/indoor ,0.29477385
15342,253796,73632,music_studio ,0.10304049
15343,253796,73632,nursery ,0.08022689
15344,253796,73632,discotheque ,0.038427737
15345,253796,73656,science_museum ,0.5760609
15346,253796,73656,natural_history_museum ,0.10587891
15347,253796,73656,clean_room ,0.088938266
15348,253796,73656,museum/indoor ,0.07418756
15349,253796,73656,physics_laboratory ,0.026683949
15350,253796,73680,stage/indoor ,0.8564673
15351,253796,73680,museum/indoor ,0.07828413
15352,253796,73680,art_gallery ,0.0240133
15353,253796,73680,clothing_store ,0.010211892
15354,253796,73680,art_studio ,0.0054005682
15355,253796,73704,museum/indoor ,0.5233959
15356,253796,73704,art_gallery ,0.20698646
15357,253796,73704,science_museum ,0.04997587
15358,253796,73704,clean_room ,0.03553782
15359,253796,73704,natural_history_museum ,0.017619418
15360,253796,73728,museum/indoor ,0.8806452
15361,253796,73728,art_gallery ,0.051057957
15362,253796,73728,stage/indoor ,0.027415527
15363,253796,73728,dressing_room ,0.006869783
15364,253796,73728,clothing_store ,0.0065210736
15365,253796,73752,clothing_store ,0.20423411
15366,253796,73752,museum/indoor ,0.17703412
15367,253796,73752,art_gallery ,0.13497043
15368,253796,73752,stage/indoor ,0.13296738
15369,253796,73752,dressing_room ,0.122898184
15370,253796,73776,clean_room ,0.48457256
15371,253796,73776,museum/indoor ,0.10379655
15372,253796,73776,art_gallery ,0.09232825
15373,253796,73776,stage/indoor ,0.05652922
15374,253796,73776,iceberg ,0.035112344
15375,253796,73800,art_gallery ,0.34660673
15376,253796,73800,museum/indoor ,0.13616398
15377,253796,73800,stage/indoor ,0.094983965
15378,253796,73800,iceberg ,0.0693147
15379,253796,73800,ice_shelf ,0.047652718
15380,253796,73824,clean_room ,0.20775738
15381,253796,73824,archive ,0.17935991
15382,253796,73824,physics_laboratory ,0.10769884
15383,253796,73824,locker_room ,0.0650736
15384,253796,73824,office ,0.03904308
15385,253796,73848,clean_room ,0.18980694
15386,253796,73848,physics_laboratory ,0.1766826
15387,253796,73848,archive ,0.16168468
15388,253796,73848,chemistry_lab ,0.082826704
15389,253796,73848,classroom ,0.068516925
15390,253796,73872,archive ,0.37600705
15391,253796,73872,classroom ,0.13276526
15392,253796,73872,physics_laboratory ,0.1036287
15393,253796,73872,locker_room ,0.06717381
15394,253796,73872,clean_room ,0.06591043
15395,253796,73896,locker_room ,0.44098955
15396,253796,73896,archive ,0.14373937
15397,253796,73896,clean_room ,0.08490108
15398,253796,73896,physics_laboratory ,0.060755797
15399,253796,73896,server_room ,0.037978116
15400,253796,73920,locker_room ,0.65500885
15401,253796,73920,archive ,0.057557695
15402,253796,73920,clean_room ,0.05246919
15403,253796,73920,server_room ,0.034070857
15404,253796,73920,music_studio ,0.030830665
15405,253796,73944,locker_room ,0.46328884
15406,253796,73944,clean_room ,0.07256586
15407,253796,73944,archive ,0.06539158
15408,253796,73944,music_studio ,0.045606423
15409,253796,73944,classroom ,0.038370557
15410,253796,73968,locker_room ,0.53836256
15411,253796,73968,classroom ,0.10663397
15412,253796,73968,archive ,0.08233358
15413,253796,73968,music_studio ,0.07015163
15414,253796,73968,clean_room ,0.03883144
15415,253796,73992,locker_room ,0.49339324
15416,253796,73992,music_studio ,0.12797713
15417,253796,73992,classroom ,0.086108856
15418,253796,73992,server_room ,0.055240374
15419,253796,73992,archive ,0.054577753
15420,253796,74016,locker_room ,0.27086017
15421,253796,74016,server_room ,0.1884649
15422,253796,74016,bank_vault ,0.08852021
15423,253796,74016,physics_laboratory ,0.085826024
15424,253796,74016,clean_room ,0.08168398
15425,253796,74040,locker_room ,0.81775546
15426,253796,74040,server_room ,0.034935627
15427,253796,74040,music_studio ,0.03030739
15428,253796,74040,archive ,0.027083011
15429,253796,74040,bank_vault ,0.017153848
15430,253796,74064,locker_room ,0.83924985
15431,253796,74064,archive ,0.027291508
15432,253796,74064,music_studio ,0.02288969
15433,253796,74064,server_room ,0.022616137
15434,253796,74064,clean_room ,0.014336958
15435,253796,74088,locker_room ,0.49580178
15436,253796,74088,archive ,0.117915735
15437,253796,74088,physics_laboratory ,0.071606465
15438,253796,74088,music_studio ,0.05965788
15439,253796,74088,clean_room ,0.057615597
15440,253796,74112,locker_room ,0.5550488
15441,253796,74112,archive ,0.0888605
15442,253796,74112,music_studio ,0.067067236
15443,253796,74112,physics_laboratory ,0.062828034
15444,253796,74112,clean_room ,0.046319906
15445,253796,74136,atrium/public ,0.38209635
15446,253796,74136,clean_room ,0.14638299
15447,253796,74136,shopping_mall/indoor ,0.066993035
15448,253796,74136,bow_window/indoor ,0.061869446
15449,253796,74136,corridor ,0.03462645
15450,253796,74160,atrium/public ,0.5312806
15451,253796,74160,corridor ,0.13670099
15452,253796,74160,bow_window/indoor ,0.081402205
15453,253796,74160,shopping_mall/indoor ,0.046336036
15454,253796,74160,entrance_hall ,0.03640231
15455,253796,74184,atrium/public ,0.3506389
15456,253796,74184,corridor ,0.24078153
15457,253796,74184,entrance_hall ,0.0833414
15458,253796,74184,bow_window/indoor ,0.06692482
15459,253796,74184,shopping_mall/indoor ,0.04086651
15460,253796,74208,atrium/public ,0.64968354
15461,253796,74208,bow_window/indoor ,0.09014308
15462,253796,74208,entrance_hall ,0.057671543
15463,253796,74208,shopping_mall/indoor ,0.053709317
15464,253796,74208,museum/indoor ,0.022722052
15465,253796,74232,atrium/public ,0.4544339
15466,253796,74232,museum/indoor ,0.14366128
15467,253796,74232,bow_window/indoor ,0.062049776
15468,253796,74232,shopping_mall/indoor ,0.052458204
15469,253796,74232,art_gallery ,0.038396306
15470,253796,74256,clean_room ,0.47520486
15471,253796,74256,museum/indoor ,0.10624602
15472,253796,74256,atrium/public ,0.10297481
15473,253796,74256,archive ,0.09882546
15474,253796,74256,art_gallery ,0.06443213
15475,253796,74280,clean_room ,0.32632482
15476,253796,74280,museum/indoor ,0.1402755
15477,253796,74280,atrium/public ,0.11185454
15478,253796,74280,art_gallery ,0.1076528
15479,253796,74280,archive ,0.08222153
15480,253796,74304,art_gallery ,0.5391305
15481,253796,74304,clean_room ,0.13852052
15482,253796,74304,museum/indoor ,0.07259957
15483,253796,74304,art_studio ,0.057335436
15484,253796,74304,artists_loft ,0.02530517
15485,253796,74328,art_gallery ,0.46709523
15486,253796,74328,clean_room ,0.15251891
15487,253796,74328,museum/indoor ,0.14473896
15488,253796,74328,art_studio ,0.09288168
15489,253796,74328,artists_loft ,0.04140662
15490,253796,74352,art_gallery ,0.6703161
15491,253796,74352,clean_room ,0.096438244
15492,253796,74352,museum/indoor ,0.08316802
15493,253796,74352,art_studio ,0.081046514
15494,253796,74352,artists_loft ,0.024697125
15495,253796,74376,art_gallery ,0.72224957
15496,253796,74376,art_studio ,0.10536622
15497,253796,74376,artists_loft ,0.08057556
15498,253796,74376,museum/indoor ,0.03538125
15499,253796,74376,art_school ,0.015552475
15500,253796,74400,art_gallery ,0.6938112
15501,253796,74400,museum/indoor ,0.12234261
15502,253796,74400,artists_loft ,0.08417655
15503,253796,74400,art_studio ,0.041725967
15504,253796,74400,clean_room ,0.030642964
15505,253796,74424,art_gallery ,0.6978344
15506,253796,74424,artists_loft ,0.13317056
15507,253796,74424,art_studio ,0.073987804
15508,253796,74424,museum/indoor ,0.056570392
15509,253796,74424,art_school ,0.018248986
15510,253796,74448,museum/indoor ,0.37817848
15511,253796,74448,art_gallery ,0.37662688
15512,253796,74448,natural_history_museum ,0.068157054
15513,253796,74448,artists_loft ,0.040237192
15514,253796,74448,attic ,0.017941963
15515,253796,74472,art_gallery ,0.38015836
15516,253796,74472,museum/indoor ,0.25312224
15517,253796,74472,natural_history_museum ,0.071479596
15518,253796,74472,attic ,0.050855216
15519,253796,74472,science_museum ,0.034542106
15520,253796,74496,art_gallery ,0.2929387
15521,253796,74496,museum/indoor ,0.2870405
15522,253796,74496,natural_history_museum ,0.09854267
15523,253796,74496,attic ,0.05025225
15524,253796,74496,science_museum ,0.045056187
15525,253796,74520,art_gallery ,0.19405775
15526,253796,74520,museum/indoor ,0.17550108
15527,253796,74520,natural_history_museum ,0.13968395
15528,253796,74520,science_museum ,0.09945023
15529,253796,74520,attic ,0.09847755
15530,253796,74544,art_gallery ,0.22008324
15531,253796,74544,clean_room ,0.12955163
15532,253796,74544,museum/indoor ,0.11254407
15533,253796,74544,attic ,0.09931884
15534,253796,74544,iceberg ,0.040648453
15535,253796,74568,clean_room ,0.2136308
15536,253796,74568,museum/indoor ,0.11854
15537,253796,74568,art_gallery ,0.108222604
15538,253796,74568,science_museum ,0.05794858
15539,253796,74568,pharmacy ,0.0365695
15540,253796,74592,bow_window/indoor ,0.21149579
15541,253796,74592,clean_room ,0.15389235
15542,253796,74592,art_gallery ,0.07499628
15543,253796,74592,corridor ,0.0722482
15544,253796,74592,elevator/door ,0.07138334
15545,253796,74616,shower ,0.14925513
15546,253796,74616,clean_room ,0.13749927
15547,253796,74616,bow_window/indoor ,0.06625936
15548,253796,74616,art_gallery ,0.062151566
15549,253796,74616,chemistry_lab ,0.05964713
15550,253796,74640,bow_window/indoor ,0.573381
15551,253796,74640,shower ,0.08885943
15552,253796,74640,museum/indoor ,0.032700364
15553,253796,74640,art_gallery ,0.020507917
15554,253796,74640,artists_loft ,0.019331623
15555,253796,74664,bow_window/indoor ,0.42877012
15556,253796,74664,shower ,0.0685763
15557,253796,74664,elevator_lobby ,0.060223565
15558,253796,74664,elevator/door ,0.045921836
15559,253796,74664,artists_loft ,0.04348431
15560,253796,74688,bow_window/indoor ,0.60519105
15561,253796,74688,shower ,0.06710542
15562,253796,74688,elevator/door ,0.037717603
15563,253796,74688,elevator_lobby ,0.037179496
15564,253796,74688,artists_loft ,0.026074419
15565,253796,74712,bow_window/indoor ,0.41377965
15566,253796,74712,shower ,0.12640953
15567,253796,74712,museum/indoor ,0.038439084
15568,253796,74712,elevator_lobby ,0.036409482
15569,253796,74712,elevator/door ,0.03460986
15570,253796,74736,clean_room ,0.21578209
15571,253796,74736,museum/indoor ,0.11117181
15572,253796,74736,elevator/door ,0.10072608
15573,253796,74736,elevator_lobby ,0.099815875
15574,253796,74736,clothing_store ,0.09673564
15575,253796,74760,shower ,0.30310172
15576,253796,74760,museum/indoor ,0.15915501
15577,253796,74760,clothing_store ,0.08443582
15578,253796,74760,art_gallery ,0.07420983
15579,253796,74760,clean_room ,0.05787598
15580,253796,74784,elevator/door ,0.5522733
15581,253796,74784,elevator_lobby ,0.092083745
15582,253796,74784,jewelry_shop ,0.08112779
15583,253796,74784,shower ,0.056276854
15584,253796,74784,museum/indoor ,0.0523112
15585,253796,74808,shower ,0.3038367
15586,253796,74808,elevator/door ,0.1426306
15587,253796,74808,museum/indoor ,0.10024651
15588,253796,74808,elevator_lobby ,0.051069412
15589,253796,74808,jewelry_shop ,0.046263844
15590,253796,74832,shower ,0.15766257
15591,253796,74832,elevator/door ,0.14213257
15592,253796,74832,museum/indoor ,0.09296979
15593,253796,74832,jewelry_shop ,0.06454974
15594,253796,74832,elevator_lobby ,0.052099798
15595,253796,74856,shower ,0.22127725
15596,253796,74856,elevator/door ,0.14696041
15597,253796,74856,locker_room ,0.12524253
15598,253796,74856,elevator_lobby ,0.075384974
15599,253796,74856,jewelry_shop ,0.04605588
15600,253796,74880,shower ,0.3392781
15601,253796,74880,elevator/door ,0.17290233
15602,253796,74880,elevator_lobby ,0.063036814
15603,253796,74880,museum/indoor ,0.061905153
15604,253796,74880,science_museum ,0.050037418
15605,253796,74904,elevator/door ,0.2323559
15606,253796,74904,shower ,0.16524833
15607,253796,74904,clean_room ,0.07898434
15608,253796,74904,art_gallery ,0.07560698
15609,253796,74904,elevator_lobby ,0.07389742
15610,253796,74928,shower ,0.19429927
15611,253796,74928,clean_room ,0.16855587
15612,253796,74928,elevator/door ,0.05471303
15613,253796,74928,elevator_lobby ,0.054099713
15614,253796,74928,locker_room ,0.05309438
15615,253796,74952,elevator/door ,0.672866
15616,253796,74952,elevator_lobby ,0.21696788
15617,253796,74952,museum/indoor ,0.014356895
15618,253796,74952,locker_room ,0.013087376
15619,253796,74952,art_gallery ,0.010079917
15620,253796,74976,clothing_store ,0.23065227
15621,253796,74976,elevator/door ,0.18732119
15622,253796,74976,elevator_lobby ,0.10639327
15623,253796,74976,clean_room ,0.07023821
15624,253796,74976,shower ,0.03710502
15625,253796,75000,elevator/door ,0.72137153
15626,253796,75000,elevator_lobby ,0.122947276
15627,253796,75000,bank_vault ,0.07572156
15628,253796,75000,jail_cell ,0.014167808
15629,253796,75000,locker_room ,0.0055262595
15630,253796,75024,elevator/door ,0.6588362
15631,253796,75024,elevator_lobby ,0.1304235
15632,253796,75024,locker_room ,0.0517586
15633,253796,75024,bank_vault ,0.040149003
15634,253796,75024,dressing_room ,0.017166356
15635,253796,75048,clean_room ,0.24648389
15636,253796,75048,elevator/door ,0.1982227
15637,253796,75048,science_museum ,0.107593484
15638,253796,75048,natural_history_museum ,0.044409644
15639,253796,75048,museum/indoor ,0.042912
15640,253796,75072,clean_room ,0.4232729
15641,253796,75072,elevator/door ,0.082125194
15642,253796,75072,shower ,0.058037456
15643,253796,75072,museum/indoor ,0.05661876
15644,253796,75072,bank_vault ,0.05512838
15645,253796,75096,elevator/door ,0.51814806
15646,253796,75096,bank_vault ,0.1639625
15647,253796,75096,clean_room ,0.091738276
15648,253796,75096,laundromat ,0.05570553
15649,253796,75096,elevator_lobby ,0.042076316
15650,253796,75120,clean_room ,0.23753612
15651,253796,75120,shower ,0.19914952
15652,253796,75120,art_gallery ,0.117228135
15653,253796,75120,museum/indoor ,0.11257154
15654,253796,75120,natural_history_museum ,0.04593969
15655,253796,75144,clean_room ,0.8412377
15656,253796,75144,museum/indoor ,0.074327484
15657,253796,75144,art_gallery ,0.023179695
15658,253796,75144,archive ,0.0167191
15659,253796,75144,chemistry_lab ,0.007558918
15660,253796,75168,museum/indoor ,0.56834286
15661,253796,75168,clean_room ,0.106862426
15662,253796,75168,stage/indoor ,0.07837796
15663,253796,75168,art_gallery ,0.07027752
15664,253796,75168,archive ,0.036137044
15665,253796,75192,museum/indoor ,0.90243113
15666,253796,75192,stage/indoor ,0.041798245
15667,253796,75192,art_gallery ,0.030992992
15668,253796,75192,archive ,0.0045861863
15669,253796,75192,science_museum ,0.003579596
15670,253796,75216,museum/indoor ,0.690791
15671,253796,75216,art_gallery ,0.09827473
15672,253796,75216,dressing_room ,0.055178568
15673,253796,75216,clean_room ,0.037472732
15674,253796,75216,clothing_store ,0.029611757
15675,253796,75240,museum/indoor ,0.5405999
15676,253796,75240,clean_room ,0.16280401
15677,253796,75240,dressing_room ,0.109534554
15678,253796,75240,art_gallery ,0.06839649
15679,253796,75240,stage/indoor ,0.026975272
15680,253796,75264,museum/indoor ,0.55194604
15681,253796,75264,stage/indoor ,0.17700963
15682,253796,75264,art_gallery ,0.08572868
15683,253796,75264,dressing_room ,0.06136138
15684,253796,75264,clean_room ,0.031888876
15685,253796,75288,clean_room ,0.26203704
15686,253796,75288,museum/indoor ,0.20496513
15687,253796,75288,art_gallery ,0.082135014
15688,253796,75288,stage/indoor ,0.06304896
15689,253796,75288,dressing_room ,0.032324206
15690,253796,75312,stage/indoor ,0.48612732
15691,253796,75312,museum/indoor ,0.15090273
15692,253796,75312,dressing_room ,0.08338128
15693,253796,75312,clean_room ,0.051420737
15694,253796,75312,art_gallery ,0.03792334
15695,253796,75336,museum/indoor ,0.6493888
15696,253796,75336,art_gallery ,0.10552453
15697,253796,75336,archive ,0.054293163
15698,253796,75336,natural_history_museum ,0.032732073
15699,253796,75336,clothing_store ,0.032611072
15700,253796,75360,art_gallery ,0.4096431
15701,253796,75360,museum/indoor ,0.10689299
15702,253796,75360,clean_room ,0.08513182
15703,253796,75360,iceberg ,0.08490148
15704,253796,75360,aquarium ,0.044128884
15705,253796,75384,iceberg ,0.33269104
15706,253796,75384,ice_shelf ,0.25478426
15707,253796,75384,mountain_snowy ,0.08496625
15708,253796,75384,glacier ,0.07314539
15709,253796,75384,clean_room ,0.048659947
15710,253796,75408,museum/indoor ,0.40678468
15711,253796,75408,art_gallery ,0.17873545
15712,253796,75408,elevator/door ,0.10332682
15713,253796,75408,science_museum ,0.048918664
15714,253796,75408,natural_history_museum ,0.042597584
15715,253796,75432,shower ,0.37519836
15716,253796,75432,jewelry_shop ,0.24398354
15717,253796,75432,elevator/door ,0.050977945
15718,253796,75432,museum/indoor ,0.043678325
15719,253796,75432,bathroom ,0.0410935
15720,253796,75456,shower ,0.40678003
15721,253796,75456,elevator/door ,0.11718661
15722,253796,75456,elevator_lobby ,0.07235466
15723,253796,75456,art_gallery ,0.06704517
15724,253796,75456,museum/indoor ,0.0666784
15725,253796,75480,shower ,0.3509198
15726,253796,75480,elevator/door ,0.16030695
15727,253796,75480,museum/indoor ,0.10321595
15728,253796,75480,elevator_lobby ,0.07111008
15729,253796,75480,art_gallery ,0.051597536
15730,253796,75504,museum/indoor ,0.2624061
15731,253796,75504,shower ,0.20480007
15732,253796,75504,jewelry_shop ,0.06955835
15733,253796,75504,art_gallery ,0.050683483
15734,253796,75504,elevator/door ,0.042982504
15735,253796,75528,shower ,0.26375338
15736,253796,75528,museum/indoor ,0.1852204
15737,253796,75528,jewelry_shop ,0.06423303
15738,253796,75528,art_gallery ,0.049487423
15739,253796,75528,dressing_room ,0.0428194
15740,253796,75552,elevator/door ,0.65384436
15741,253796,75552,elevator_lobby ,0.0774303
15742,253796,75552,museum/indoor ,0.04574145
15743,253796,75552,locker_room ,0.027240476
15744,253796,75552,nursery ,0.020773463
15745,253796,75576,elevator/door ,0.5204993
15746,253796,75576,museum/indoor ,0.19641235
15747,253796,75576,elevator_lobby ,0.060758352
15748,253796,75576,locker_room ,0.032642882
15749,253796,75576,nursery ,0.024867866
15750,253796,75600,museum/indoor ,0.3936038
15751,253796,75600,elevator/door ,0.21884257
15752,253796,75600,art_gallery ,0.06049728
15753,253796,75600,clothing_store ,0.04976745
15754,253796,75600,nursery ,0.03804437
15755,253796,75624,museum/indoor ,0.23875257
15756,253796,75624,elevator/door ,0.20440294
15757,253796,75624,nursery ,0.07066039
15758,253796,75624,locker_room ,0.061994415
15759,253796,75624,clothing_store ,0.03429168
15760,253796,75648,museum/indoor ,0.6300038
15761,253796,75648,art_gallery ,0.05811258
15762,253796,75648,nursery ,0.042855743
15763,253796,75648,stage/indoor ,0.0332897
15764,253796,75648,locker_room ,0.027625807
15765,253796,75672,clean_room ,0.3685517
15766,253796,75672,museum/indoor ,0.29041204
15767,253796,75672,art_gallery ,0.094580084
15768,253796,75672,stage/indoor ,0.04921165
15769,253796,75672,science_museum ,0.04129459
15770,253796,75696,museum/indoor ,0.539707
15771,253796,75696,art_gallery ,0.2332722
15772,253796,75696,clean_room ,0.10022373
15773,253796,75696,art_studio ,0.021515151
15774,253796,75696,clothing_store ,0.017429665
15775,253796,75720,museum/indoor ,0.61696655
15776,253796,75720,art_gallery ,0.17878988
15777,253796,75720,clothing_store ,0.12072333
15778,253796,75720,clean_room ,0.020294208
15779,253796,75720,artists_loft ,0.015271014
15780,253796,75744,museum/indoor ,0.68856287
15781,253796,75744,clothing_store ,0.12375677
15782,253796,75744,art_gallery ,0.07353424
15783,253796,75744,clean_room ,0.035602674
15784,253796,75744,natural_history_museum ,0.019740406
15785,253796,75768,museum/indoor ,0.63532156
15786,253796,75768,clothing_store ,0.2056969
15787,253796,75768,art_gallery ,0.046386283
15788,253796,75768,stage/indoor ,0.034842357
15789,253796,75768,clean_room ,0.012063427
15790,253796,75792,museum/indoor ,0.27536994
15791,253796,75792,art_gallery ,0.22332871
15792,253796,75792,clothing_store ,0.1354929
15793,253796,75792,clean_room ,0.11667738
15794,253796,75792,dressing_room ,0.05358892
15795,253796,75816,clean_room ,0.44075724
15796,253796,75816,museum/indoor ,0.31757787
15797,253796,75816,science_museum ,0.09932508
15798,253796,75816,art_gallery ,0.09501857
15799,253796,75816,clothing_store ,0.011876726
15800,253796,75840,clean_room ,0.36901757
15801,253796,75840,locker_room ,0.083766796
15802,253796,75840,elevator_lobby ,0.06837945
15803,253796,75840,corridor ,0.048968125
15804,253796,75840,shower ,0.04541654
15805,253796,75864,shower ,0.23318784
15806,253796,75864,elevator/door ,0.09219161
15807,253796,75864,art_gallery ,0.08502166
15808,253796,75864,bow_window/indoor ,0.076185234
15809,253796,75864,closet ,0.04783745
15810,253796,75888,shower ,0.2141015
15811,253796,75888,barndoor ,0.13856685
15812,253796,75888,elevator/door ,0.12903988
15813,253796,75888,bow_window/indoor ,0.062535144
15814,253796,75888,closet ,0.047943197
15815,253796,75912,science_museum ,0.1444229
15816,253796,75912,clean_room ,0.10403349
15817,253796,75912,shower ,0.085690886
15818,253796,75912,art_gallery ,0.07300501
15819,253796,75912,museum/indoor ,0.059857376
15820,253796,75936,elevator/door ,0.22119562
15821,253796,75936,shower ,0.21182849
15822,253796,75936,locker_room ,0.095566854
15823,253796,75936,elevator_lobby ,0.094151914
15824,253796,75936,barndoor ,0.055029158
15825,253796,75960,shower ,0.20251831
15826,253796,75960,elevator/door ,0.1751593
15827,253796,75960,elevator_lobby ,0.10699622
15828,253796,75960,locker_room ,0.042792182
15829,253796,75960,aquarium ,0.042265955
15830,253796,75984,shower ,0.14468743
15831,253796,75984,science_museum ,0.1068143
15832,253796,75984,clean_room ,0.09821869
15833,253796,75984,art_gallery ,0.07516188
15834,253796,75984,museum/indoor ,0.05022834
15835,253796,76008,elevator/door ,0.16164604
15836,253796,76008,shower ,0.15727203
15837,253796,76008,barndoor ,0.09391182
15838,253796,76008,elevator_lobby ,0.06078296
15839,253796,76008,server_room ,0.04198717
15840,253796,76032,museum/indoor ,0.1974947
15841,253796,76032,art_gallery ,0.18414843
15842,253796,76032,science_museum ,0.12384186
15843,253796,76032,clean_room ,0.122802675
15844,253796,76032,natural_history_museum ,0.07966376
15845,253796,76056,clean_room ,0.20637628
15846,253796,76056,science_museum ,0.09894707
15847,253796,76056,aquarium ,0.089511424
15848,253796,76056,art_gallery ,0.08540296
15849,253796,76056,museum/indoor ,0.061294284
15850,253796,76080,shower ,0.40277663
15851,253796,76080,clean_room ,0.16091135
15852,253796,76080,bathroom ,0.084489554
15853,253796,76080,locker_room ,0.042938404
15854,253796,76080,aquarium ,0.04256971
15855,253796,76104,closet ,0.26852012
15856,253796,76104,shower ,0.2628781
15857,253796,76104,elevator/door ,0.1126721
15858,253796,76104,bathroom ,0.09683267
15859,253796,76104,locker_room ,0.03269638
15860,253796,76128,shower ,0.410717
15861,253796,76128,elevator/door ,0.08565879
15862,253796,76128,locker_room ,0.07267192
15863,253796,76128,closet ,0.059970576
15864,253796,76128,bathroom ,0.05237136
15865,253796,76152,elevator/door ,0.2959598
15866,253796,76152,closet ,0.17997186
15867,253796,76152,shower ,0.15653974
15868,253796,76152,elevator_lobby ,0.055599734
15869,253796,76152,locker_room ,0.054219857
15870,253796,76176,clean_room ,0.8249321
15871,253796,76176,art_gallery ,0.05183152
15872,253796,76176,science_museum ,0.037446667
15873,253796,76176,museum/indoor ,0.029420577
15874,253796,76176,iceberg ,0.009377146
15875,253796,76200,clean_room ,0.4757055
15876,253796,76200,airplane_cabin ,0.08897486
15877,253796,76200,iceberg ,0.053367868
15878,253796,76200,museum/indoor ,0.033982504
15879,253796,76200,art_gallery ,0.030915845
15880,253796,76224,clean_room ,0.66492367
15881,253796,76224,art_gallery ,0.051654212
15882,253796,76224,shower ,0.045386575
15883,253796,76224,elevator_lobby ,0.04463071
15884,253796,76224,elevator/door ,0.03751919
15885,253796,76248,shower ,0.1276855
15886,253796,76248,natural_history_museum ,0.08504746
15887,253796,76248,jail_cell ,0.077360325
15888,253796,76248,closet ,0.07222313
15889,253796,76248,bow_window/indoor ,0.07107907
15890,253796,76272,science_museum ,0.1708177
15891,253796,76272,aquarium ,0.12956029
15892,253796,76272,clean_room ,0.0846574
15893,253796,76272,lecture_room ,0.07096153
15894,253796,76272,home_theater ,0.0460726
15895,253796,76296,clean_room ,0.17935163
15896,253796,76296,discotheque ,0.10726527
15897,253796,76296,science_museum ,0.09675641
15898,253796,76296,elevator/door ,0.06654437
15899,253796,76296,stage/indoor ,0.05250883
15900,253796,76320,science_museum ,0.11316213
15901,253796,76320,discotheque ,0.10978598
15902,253796,76320,shower ,0.09376161
15903,253796,76320,locker_room ,0.089832
15904,253796,76320,stage/indoor ,0.08450444
15905,253796,76344,art_gallery ,0.14749531
15906,253796,76344,museum/indoor ,0.11500302
15907,253796,76344,locker_room ,0.07299772
15908,253796,76344,science_museum ,0.06799241
15909,253796,76344,dressing_room ,0.05896238
15910,253796,76368,locker_room ,0.3786983
15911,253796,76368,clean_room ,0.17961708
15912,253796,76368,elevator/door ,0.10125371
15913,253796,76368,elevator_lobby ,0.060986083
15914,253796,76368,dressing_room ,0.05462283
15915,253796,76392,clean_room ,0.20538683
15916,253796,76392,museum/indoor ,0.09085993
15917,253796,76392,science_museum ,0.090212114
15918,253796,76392,art_gallery ,0.0726888
15919,253796,76392,shower ,0.041028053
15920,253796,76416,clean_room ,0.5496196
15921,253796,76416,museum/indoor ,0.1335256
15922,253796,76416,iceberg ,0.0978497
15923,253796,76416,art_gallery ,0.07849086
15924,253796,76416,ice_shelf ,0.016427211
15925,253796,76440,museum/indoor ,0.48134217
15926,253796,76440,art_gallery ,0.0930077
15927,253796,76440,clean_room ,0.0373259
15928,253796,76440,natural_history_museum ,0.03510154
15929,253796,76440,science_museum ,0.022123376
15930,253796,76464,clean_room ,0.18732226
15931,253796,76464,museum/indoor ,0.15259664
15932,253796,76464,art_gallery ,0.115874656
15933,253796,76464,iceberg ,0.06657832
15934,253796,76464,clothing_store ,0.05748862
15935,253796,76488,clean_room ,0.38152698
15936,253796,76488,art_gallery ,0.123401254
15937,253796,76488,artists_loft ,0.065036915
15938,253796,76488,museum/indoor ,0.062961355
15939,253796,76488,clothing_store ,0.048589353
15940,253796,76512,clean_room ,0.53295356
15941,253796,76512,dressing_room ,0.08858428
15942,253796,76512,museum/indoor ,0.0543083
15943,253796,76512,locker_room ,0.0525016
15944,253796,76512,art_gallery ,0.03882472
15945,253796,76536,clean_room ,0.833271
15946,253796,76536,museum/indoor ,0.06288783
15947,253796,76536,art_gallery ,0.02801609
15948,253796,76536,dressing_room ,0.024568135
15949,253796,76536,locker_room ,0.011892714
15950,253796,76560,clean_room ,0.61727643
15951,253796,76560,locker_room ,0.13445725
15952,253796,76560,dressing_room ,0.10747934
15953,253796,76560,art_gallery ,0.019810818
15954,253796,76560,archive ,0.019583711
15955,253796,76584,shower ,0.26763707
15956,253796,76584,elevator/door ,0.18858117
15957,253796,76584,bow_window/indoor ,0.09035418
15958,253796,76584,locker_room ,0.081769034
15959,253796,76584,elevator_lobby ,0.0762846
15960,253796,76608,shower ,0.48299396
15961,253796,76608,locker_room ,0.3197578
15962,253796,76608,clean_room ,0.06830896
15963,253796,76608,bathroom ,0.027001174
15964,253796,76608,elevator_lobby ,0.021642817
15965,253796,76632,locker_room ,0.36512023
15966,253796,76632,shower ,0.31061378
15967,253796,76632,closet ,0.031606223
15968,253796,76632,bathroom ,0.028012658
15969,253796,76632,bow_window/indoor ,0.024664272
15970,253796,76656,shower ,0.66930985
15971,253796,76656,bathroom ,0.13311966
15972,253796,76656,locker_room ,0.06536361
15973,253796,76656,elevator/door ,0.024869088
15974,253796,76656,bow_window/indoor ,0.020143336
15975,253796,76680,bow_window/indoor ,0.5693797
15976,253796,76680,shower ,0.14924663
15977,253796,76680,elevator/door ,0.12428044
15978,253796,76680,bathroom ,0.02181824
15979,253796,76680,elevator_lobby ,0.017661199
15980,253796,76704,shower ,0.36603376
15981,253796,76704,locker_room ,0.11910993
15982,253796,76704,bathroom ,0.11038624
15983,253796,76704,elevator/door ,0.1006974
15984,253796,76704,bow_window/indoor ,0.078705795
15985,253796,76728,shower ,0.5333661
15986,253796,76728,locker_room ,0.09734638
15987,253796,76728,bathroom ,0.0943634
15988,253796,76728,elevator/door ,0.072786175
15989,253796,76728,elevator_lobby ,0.045931328
15990,253796,76752,shower ,0.47149515
15991,253796,76752,elevator/door ,0.14611128
15992,253796,76752,locker_room ,0.13409665
15993,253796,76752,elevator_lobby ,0.063213296
15994,253796,76752,bathroom ,0.054336287
15995,253796,76776,shower ,0.32584655
15996,253796,76776,locker_room ,0.17067952
15997,253796,76776,elevator/door ,0.12238559
15998,253796,76776,bathroom ,0.055842664
15999,253796,76776,closet ,0.052389383
16000,253796,76800,elevator/door ,0.16932803
16001,253796,76800,barndoor ,0.15423824
16002,253796,76800,shower ,0.108207494
16003,253796,76800,locker_room ,0.0902157
16004,253796,76800,closet ,0.08275184
16005,253796,76824,shower ,0.36768943
16006,253796,76824,elevator/door ,0.11314501
16007,253796,76824,barndoor ,0.09076124
16008,253796,76824,art_gallery ,0.05690363
16009,253796,76824,alcove ,0.036448933
16010,253796,76848,water_tower ,0.18868062
16011,253796,76848,museum/indoor ,0.15775134
16012,253796,76848,alcove ,0.12501565
16013,253796,76848,art_gallery ,0.07148564
16014,253796,76848,shower ,0.04227281
16015,253796,76872,alcove ,0.19511451
16016,253796,76872,water_tower ,0.17842191
16017,253796,76872,museum/indoor ,0.13262124
16018,253796,76872,bow_window/indoor ,0.06842569
16019,253796,76872,art_gallery ,0.06509522
16020,253796,76896,water_tower ,0.2645017
16021,253796,76896,alcove ,0.14737202
16022,253796,76896,museum/indoor ,0.13617432
16023,253796,76896,art_gallery ,0.06312498
16024,253796,76896,bow_window/indoor ,0.04799557
16025,253796,76920,alcove ,0.2747828
16026,253796,76920,museum/indoor ,0.13733579
16027,253796,76920,water_tower ,0.1049351
16028,253796,76920,art_gallery ,0.067030266
16029,253796,76920,bow_window/indoor ,0.05750973
16030,253796,76944,museum/indoor ,0.2736972
16031,253796,76944,sauna ,0.104353204
16032,253796,76944,elevator/door ,0.09318092
16033,253796,76944,archive ,0.0687392
16034,253796,76944,art_gallery ,0.056400087
16035,253796,76968,dressing_room ,0.4995085
16036,253796,76968,museum/indoor ,0.19418085
16037,253796,76968,elevator/door ,0.06548102
16038,253796,76968,art_gallery ,0.046167143
16039,253796,76968,archive ,0.021254381
16040,253796,76992,museum/indoor ,0.40423244
16041,253796,76992,archive ,0.31098413
16042,253796,76992,clean_room ,0.03300882
16043,253796,76992,physics_laboratory ,0.031138953
16044,253796,76992,science_museum ,0.021511456
16045,253796,77016,music_studio ,0.24864745
16046,253796,77016,clean_room ,0.10111269
16047,253796,77016,archive ,0.09211522
16048,253796,77016,television_studio ,0.07021548
16049,253796,77016,physics_laboratory ,0.051922083
16050,253796,77040,archive ,0.384766
16051,253796,77040,clean_room ,0.13634017
16052,253796,77040,office ,0.107160375
16053,253796,77040,museum/indoor ,0.09422994
16054,253796,77040,physics_laboratory ,0.033007387
16055,253796,77064,archive ,0.7952058
16056,253796,77064,library/indoor ,0.03319784
16057,253796,77064,office ,0.02994465
16058,253796,77064,museum/indoor ,0.025580721
16059,253796,77064,clean_room ,0.019667512
16060,253796,77088,archive ,0.8163315
16061,253796,77088,clean_room ,0.05091379
16062,253796,77088,museum/indoor ,0.02077496
16063,253796,77088,library/indoor ,0.01718664
16064,253796,77088,office ,0.01491196
16065,253796,77112,archive ,0.77438563
16066,253796,77112,clean_room ,0.04869151
16067,253796,77112,classroom ,0.029786214
16068,253796,77112,office ,0.020611381
16069,253796,77112,library/indoor ,0.020393763
16070,253796,77136,archive ,0.8753702
16071,253796,77136,museum/indoor ,0.023139643
16072,253796,77136,clean_room ,0.020277753
16073,253796,77136,classroom ,0.013573742
16074,253796,77136,library/indoor ,0.013237979
16075,253796,77160,archive ,0.83892244
16076,253796,77160,clean_room ,0.031957705
16077,253796,77160,museum/indoor ,0.02458233
16078,253796,77160,office ,0.021541005
16079,253796,77160,office_cubicles ,0.012996992
16080,253796,77184,archive ,0.8000763
16081,253796,77184,clean_room ,0.05903155
16082,253796,77184,office ,0.020313568
16083,253796,77184,classroom ,0.015810676
16084,253796,77184,office_cubicles ,0.014546514
16085,253796,77208,archive ,0.72860235
16086,253796,77208,clean_room ,0.0935954
16087,253796,77208,museum/indoor ,0.035042387
16088,253796,77208,office ,0.032518912
16089,253796,77208,office_cubicles ,0.019166572
16090,253796,77232,archive ,0.8013843
16091,253796,77232,clean_room ,0.060599256
16092,253796,77232,museum/indoor ,0.04862025
16093,253796,77232,office ,0.016915077
16094,253796,77232,office_cubicles ,0.00862701
16095,253796,77256,archive ,0.7461098
16096,253796,77256,clean_room ,0.08959224
16097,253796,77256,museum/indoor ,0.08502687
16098,253796,77256,office ,0.007936496
16099,253796,77256,veterinarians_office ,0.0065486566
16100,253796,77280,archive ,0.7330639
16101,253796,77280,clean_room ,0.11941971
16102,253796,77280,museum/indoor ,0.025827259
16103,253796,77280,office ,0.01809548
16104,253796,77280,office_cubicles ,0.01023339
16105,253796,77304,archive ,0.87153554
16106,253796,77304,museum/indoor ,0.03154144
16107,253796,77304,clean_room ,0.031049086
16108,253796,77304,library/indoor ,0.010022084
16109,253796,77304,office ,0.008671092
16110,253796,77328,archive ,0.85377973
16111,253796,77328,museum/indoor ,0.03753587
16112,253796,77328,clean_room ,0.028926026
16113,253796,77328,library/indoor ,0.011623191
16114,253796,77328,office ,0.0102229575
16115,253796,77352,archive ,0.817091
16116,253796,77352,clean_room ,0.04943339
16117,253796,77352,museum/indoor ,0.045952972
16118,253796,77352,office ,0.014549227
16119,253796,77352,library/indoor ,0.011443892
16120,253796,77376,archive ,0.8185153
16121,253796,77376,museum/indoor ,0.05514847
16122,253796,77376,clean_room ,0.044149544
16123,253796,77376,office ,0.0108425105
16124,253796,77376,library/indoor ,0.010320905
16125,253796,77400,archive ,0.76340556
16126,253796,77400,clean_room ,0.0818111
16127,253796,77400,museum/indoor ,0.078397214
16128,253796,77400,office ,0.011389961
16129,253796,77400,classroom ,0.006714875
16130,253796,77424,archive ,0.71931416
16131,253796,77424,museum/indoor ,0.091912016
16132,253796,77424,clean_room ,0.08095897
16133,253796,77424,office ,0.015855841
16134,253796,77424,classroom ,0.010407602
16135,253796,77448,archive ,0.6035718
16136,253796,77448,museum/indoor ,0.16237481
16137,253796,77448,clean_room ,0.14607984
16138,253796,77448,office ,0.013260982
16139,253796,77448,reception ,0.008784405
16140,253796,77472,archive ,0.69284266
16141,253796,77472,clean_room ,0.13091883
16142,253796,77472,museum/indoor ,0.11890582
16143,253796,77472,office ,0.007949399
16144,253796,77472,operating_room ,0.004771707
16145,253796,77496,dressing_room ,0.45498452
16146,253796,77496,museum/indoor ,0.22256334
16147,253796,77496,art_gallery ,0.061881695
16148,253796,77496,clean_room ,0.037391596
16149,253796,77496,music_studio ,0.027337486
16150,253796,77520,dressing_room ,0.5331055
16151,253796,77520,museum/indoor ,0.23289743
16152,253796,77520,art_gallery ,0.045399174
16153,253796,77520,elevator/door ,0.019266643
16154,253796,77520,wet_bar ,0.016807286
16155,253796,77544,dressing_room ,0.7127061
16156,253796,77544,museum/indoor ,0.10172409
16157,253796,77544,art_gallery ,0.03903384
16158,253796,77544,music_studio ,0.014379453
16159,253796,77544,elevator/door ,0.012756608
16160,253796,77568,dressing_room ,0.72392005
16161,253796,77568,museum/indoor ,0.13012362
16162,253796,77568,art_gallery ,0.032495648
16163,253796,77568,clean_room ,0.018885994
16164,253796,77568,locker_room ,0.010091145
16165,253796,77592,dressing_room ,0.42947143
16166,253796,77592,museum/indoor ,0.2733823
16167,253796,77592,art_gallery ,0.14128268
16168,253796,77592,clean_room ,0.03514591
16169,253796,77592,art_studio ,0.013859555
16170,253796,77616,dressing_room ,0.5871091
16171,253796,77616,museum/indoor ,0.23134026
16172,253796,77616,art_gallery ,0.086559705
16173,253796,77616,elevator/door ,0.010842351
16174,253796,77616,clean_room ,0.010586786
16175,253796,77640,dressing_room ,0.71617734
16176,253796,77640,museum/indoor ,0.10048583
16177,253796,77640,art_gallery ,0.054245066
16178,253796,77640,elevator/door ,0.027088346
16179,253796,77640,clean_room ,0.01171351
16180,253796,77664,clean_room ,0.7999363
16181,253796,77664,dressing_room ,0.05839104
16182,253796,77664,operating_room ,0.041477654
16183,253796,77664,hospital_room ,0.026364096
16184,253796,77664,music_studio ,0.014244544
16185,253796,77688,clean_room ,0.6483336
16186,253796,77688,operating_room ,0.11037073
16187,253796,77688,dressing_room ,0.06470139
16188,253796,77688,hospital_room ,0.04957068
16189,253796,77688,music_studio ,0.031935323
16190,253796,77712,clean_room ,0.5604541
16191,253796,77712,operating_room ,0.093466744
16192,253796,77712,music_studio ,0.077890374
16193,253796,77712,dressing_room ,0.058874805
16194,253796,77712,hospital_room ,0.049260795
16195,253796,77736,clean_room ,0.6913839
16196,253796,77736,operating_room ,0.09030499
16197,253796,77736,dressing_room ,0.05547666
16198,253796,77736,hospital_room ,0.0467967
16199,253796,77736,music_studio ,0.023820022
16200,253796,77760,clean_room ,0.6244199
16201,253796,77760,dressing_room ,0.1225185
16202,253796,77760,operating_room ,0.061553907
16203,253796,77760,hospital_room ,0.051818512
16204,253796,77760,discotheque ,0.030835109
16205,253796,77784,clean_room ,0.5441513
16206,253796,77784,dressing_room ,0.1635452
16207,253796,77784,operating_room ,0.059609443
16208,253796,77784,hospital_room ,0.050829016
16209,253796,77784,music_studio ,0.048747946
16210,253796,77808,clean_room ,0.6132382
16211,253796,77808,dressing_room ,0.10017017
16212,253796,77808,operating_room ,0.07690648
16213,253796,77808,hospital_room ,0.06596611
16214,253796,77808,music_studio ,0.037966974
16215,253796,77832,clean_room ,0.5399423
16216,253796,77832,dressing_room ,0.14935756
16217,253796,77832,music_studio ,0.067384385
16218,253796,77832,hospital_room ,0.05685818
16219,253796,77832,operating_room ,0.05150679
16220,253796,77856,clean_room ,0.42799705
16221,253796,77856,dressing_room ,0.3733943
16222,253796,77856,hospital_room ,0.031414136
16223,253796,77856,music_studio ,0.030765634
16224,253796,77856,discotheque ,0.028747613
16225,253796,77880,clean_room ,0.4879906
16226,253796,77880,dressing_room ,0.34843698
16227,253796,77880,operating_room ,0.037088886
16228,253796,77880,hospital_room ,0.0302741
16229,253796,77880,music_studio ,0.023144294
16230,253796,77904,clean_room ,0.4467986
16231,253796,77904,dressing_room ,0.4227712
16232,253796,77904,hospital_room ,0.027450608
16233,253796,77904,operating_room ,0.024936019
16234,253796,77904,locker_room ,0.012811161
16235,253796,77928,clean_room ,0.43467665
16236,253796,77928,dressing_room ,0.38581935
16237,253796,77928,hospital_room ,0.032528047
16238,253796,77928,discotheque ,0.028435746
16239,253796,77928,locker_room ,0.017753089
16240,253796,77952,clean_room ,0.7030123
16241,253796,77952,dressing_room ,0.17384933
16242,253796,77952,hospital_room ,0.028900761
16243,253796,77952,locker_room ,0.01971308
16244,253796,77952,operating_room ,0.008958444
16245,253796,77976,clean_room ,0.696605
16246,253796,77976,dressing_room ,0.17513493
16247,253796,77976,hospital_room ,0.033818506
16248,253796,77976,operating_room ,0.016110696
16249,253796,77976,locker_room ,0.013907282
16250,253796,78000,clean_room ,0.69273114
16251,253796,78000,dressing_room ,0.20513488
16252,253796,78000,hospital_room ,0.035800543
16253,253796,78000,operating_room ,0.011503245
16254,253796,78000,nursing_home ,0.00752736
16255,253796,78024,clean_room ,0.6994381
16256,253796,78024,dressing_room ,0.18191236
16257,253796,78024,hospital_room ,0.026899358
16258,253796,78024,locker_room ,0.013378776
16259,253796,78024,operating_room ,0.012387655
16260,253796,78048,clean_room ,0.61653537
16261,253796,78048,dressing_room ,0.24192089
16262,253796,78048,hospital_room ,0.032405347
16263,253796,78048,discotheque ,0.01715313
16264,253796,78048,locker_room ,0.015819922
16265,253796,78072,dressing_room ,0.84862155
16266,253796,78072,museum/indoor ,0.034979828
16267,253796,78072,shower ,0.015806224
16268,253796,78072,elevator/door ,0.0141897295
16269,253796,78072,clean_room ,0.012347311
16270,253796,78096,dressing_room ,0.81681263
16271,253796,78096,museum/indoor ,0.056711067
16272,253796,78096,art_gallery ,0.016690427
16273,253796,78096,clean_room ,0.015790414
16274,253796,78096,elevator/door ,0.012421383
16275,253796,78120,dressing_room ,0.76069814
16276,253796,78120,museum/indoor ,0.09631769
16277,253796,78120,art_gallery ,0.029856248
16278,253796,78120,clean_room ,0.01881468
16279,253796,78120,shower ,0.01409321
16280,253796,78144,dressing_room ,0.7868115
16281,253796,78144,museum/indoor ,0.08348829
16282,253796,78144,art_gallery ,0.020891588
16283,253796,78144,clean_room ,0.015130258
16284,253796,78144,shower ,0.012681132
16285,253796,78168,dressing_room ,0.73613733
16286,253796,78168,museum/indoor ,0.1029861
16287,253796,78168,art_gallery ,0.030391872
16288,253796,78168,clean_room ,0.026958952
16289,253796,78168,shower ,0.012496981
16290,253796,78192,dressing_room ,0.6551126
16291,253796,78192,museum/indoor ,0.19002005
16292,253796,78192,art_gallery ,0.033391293
16293,253796,78192,clean_room ,0.01991371
16294,253796,78192,shower ,0.015207382
16295,253796,78216,archive ,0.69759804
16296,253796,78216,museum/indoor ,0.13295849
16297,253796,78216,clean_room ,0.04640594
16298,253796,78216,classroom ,0.022484683
16299,253796,78216,kindergarden_classroom ,0.0083338125
16300,253796,78240,museum/indoor ,0.8273922
16301,253796,78240,archive ,0.08905617
16302,253796,78240,dressing_room ,0.027203865
16303,253796,78240,clean_room ,0.011813478
16304,253796,78240,stage/indoor ,0.0051864227
16305,253796,78264,archive ,0.8188174
16306,253796,78264,museum/indoor ,0.15066499
16307,253796,78264,classroom ,0.0063862065
16308,253796,78264,library/indoor ,0.004622975
16309,253796,78264,office ,0.003351864
16310,253796,78288,archive ,0.83769596
16311,253796,78288,museum/indoor ,0.09057433
16312,253796,78288,library/indoor ,0.018579
16313,253796,78288,classroom ,0.009761358
16314,253796,78288,office ,0.008311594
16315,253796,78312,archive ,0.8185865
16316,253796,78312,museum/indoor ,0.1205688
16317,253796,78312,library/indoor ,0.018051159
16318,253796,78312,office ,0.012160189
16319,253796,78312,classroom ,0.007429973
16320,253796,78336,museum/indoor ,0.4804658
16321,253796,78336,archive ,0.31296664
16322,253796,78336,dressing_room ,0.05505807
16323,253796,78336,art_gallery ,0.027608236
16324,253796,78336,classroom ,0.021612497
16325,253796,78360,archive ,0.24079768
16326,253796,78360,clean_room ,0.23483296
16327,253796,78360,locker_room ,0.06068526
16328,253796,78360,server_room ,0.054785695
16329,253796,78360,science_museum ,0.04851731
16330,253796,78384,archive ,0.5863907
16331,253796,78384,museum/indoor ,0.17708217
16332,253796,78384,clean_room ,0.038010128
16333,253796,78384,classroom ,0.017385103
16334,253796,78384,physics_laboratory ,0.015747918
16335,253796,78408,museum/indoor ,0.7605093
16336,253796,78408,archive ,0.062494487
16337,253796,78408,clean_room ,0.03249914
16338,253796,78408,art_gallery ,0.030631987
16339,253796,78408,jewelry_shop ,0.029223701
16340,253796,78432,museum/indoor ,0.8077815
16341,253796,78432,archive ,0.06935983
16342,253796,78432,art_gallery ,0.018384414
16343,253796,78432,art_studio ,0.016366772
16344,253796,78432,clean_room ,0.013449441
16345,253796,78456,museum/indoor ,0.6273449
16346,253796,78456,archive ,0.1687581
16347,253796,78456,art_studio ,0.04732037
16348,253796,78456,art_gallery ,0.024940103
16349,253796,78456,physics_laboratory ,0.016731206
16350,253796,78480,museum/indoor ,0.8741746
16351,253796,78480,archive ,0.043290317
16352,253796,78480,art_studio ,0.016375149
16353,253796,78480,art_gallery ,0.014504812
16354,253796,78480,science_museum ,0.008409668
16355,253796,78504,museum/indoor ,0.8460229
16356,253796,78504,archive ,0.095835276
16357,253796,78504,art_gallery ,0.011185386
16358,253796,78504,art_studio ,0.009668004
16359,253796,78504,clean_room ,0.0044289446
16360,253796,78528,museum/indoor ,0.75834054
16361,253796,78528,art_studio ,0.08055969
16362,253796,78528,art_gallery ,0.047146395
16363,253796,78528,archive ,0.04632365
16364,253796,78528,clean_room ,0.013126837
16365,253796,78552,museum/indoor ,0.94771606
16366,253796,78552,archive ,0.014935481
16367,253796,78552,art_gallery ,0.008167859
16368,253796,78552,natural_history_museum ,0.0059196195
16369,253796,78552,art_studio ,0.004933633
16370,253796,78576,museum/indoor ,0.9333319
16371,253796,78576,archive ,0.018928226
16372,253796,78576,art_gallery ,0.013560744
16373,253796,78576,clean_room ,0.007759022
16374,253796,78576,art_studio ,0.005495185
16375,253796,78600,museum/indoor ,0.69229186
16376,253796,78600,clean_room ,0.110039055
16377,253796,78600,archive ,0.08559729
16378,253796,78600,jewelry_shop ,0.01810565
16379,253796,78600,art_gallery ,0.0147033455
16380,253796,78624,museum/indoor ,0.31297106
16381,253796,78624,archive ,0.15558562
16382,253796,78624,clean_room ,0.12689412
16383,253796,78624,physics_laboratory ,0.06928382
16384,253796,78624,jewelry_shop ,0.049352974
16385,253796,78648,clean_room ,0.3833457
16386,253796,78648,museum/indoor ,0.17982358
16387,253796,78648,dressing_room ,0.12398465
16388,253796,78648,archive ,0.06844295
16389,253796,78648,office ,0.034620557
16390,253796,78672,museum/indoor ,0.23444492
16391,253796,78672,art_gallery ,0.16486186
16392,253796,78672,dressing_room ,0.12293909
16393,253796,78672,art_studio ,0.10871688
16394,253796,78672,office ,0.081855886
16395,253796,78696,dressing_room ,0.22215815
16396,253796,78696,beauty_salon ,0.08957888
16397,253796,78696,dining_room ,0.08910821
16398,253796,78696,restaurant ,0.07017334
16399,253796,78696,clean_room ,0.06315507
16400,253796,78720,locker_room ,0.20402212
16401,253796,78720,archive ,0.165456
16402,253796,78720,clean_room ,0.11324859
16403,253796,78720,dressing_room ,0.11055421
16404,253796,78720,biology_laboratory ,0.07384852
16405,253796,78744,archive ,0.9376916
16406,253796,78744,classroom ,0.015478065
16407,253796,78744,locker_room ,0.012374094
16408,253796,78744,office ,0.00794436
16409,253796,78744,chemistry_lab ,0.0070441687
16410,253796,78768,archive ,0.97390103
16411,253796,78768,locker_room ,0.003920143
16412,253796,78768,chemistry_lab ,0.0032278
16413,253796,78768,biology_laboratory ,0.0031915796
16414,253796,78768,clean_room ,0.0022582812
16415,253796,78792,archive ,0.9611342
16416,253796,78792,locker_room ,0.0076566865
16417,253796,78792,biology_laboratory ,0.0029751414
16418,253796,78792,library/indoor ,0.0027261646
16419,253796,78792,chemistry_lab ,0.0026817147
16420,253796,78816,nursery ,0.24704684
16421,253796,78816,clean_room ,0.13887548
16422,253796,78816,archive ,0.109883964
16423,253796,78816,hospital_room ,0.052872546
16424,253796,78816,chemistry_lab ,0.04598661
16425,253796,78840,bathroom ,0.46848312
16426,253796,78840,shower ,0.25105548
16427,253796,78840,utility_room ,0.07799464
16428,253796,78840,basement ,0.04189659
16429,253796,78840,clean_room ,0.016232356
16430,253796,78864,dressing_room ,0.21156448
16431,253796,78864,locker_room ,0.18958732
16432,253796,78864,museum/indoor ,0.17190412
16433,253796,78864,clean_room ,0.07291669
16434,253796,78864,artists_loft ,0.039930157
16435,253796,78888,museum/indoor ,0.24653669
16436,253796,78888,archive ,0.21292675
16437,253796,78888,clean_room ,0.1165589
16438,253796,78888,locker_room ,0.101246014
16439,253796,78888,art_gallery ,0.08109714
16440,253796,78912,museum/indoor ,0.4533415
16441,253796,78912,art_gallery ,0.1841277
16442,253796,78912,artists_loft ,0.09965441
16443,253796,78912,art_studio ,0.078963
16444,253796,78912,dressing_room ,0.065190315
16445,253796,78936,dressing_room ,0.41638538
16446,253796,78936,locker_room ,0.13566847
16447,253796,78936,museum/indoor ,0.12669569
16448,253796,78936,art_gallery ,0.07081377
16449,253796,78936,art_studio ,0.032922853
16450,253796,78960,archive ,0.92192656
16451,253796,78960,locker_room ,0.030354818
16452,253796,78960,bookstore ,0.014366537
16453,253796,78960,dressing_room ,0.0058568977
16454,253796,78960,clean_room ,0.0053765755
16455,253796,78984,archive ,0.4388455
16456,253796,78984,bookstore ,0.18100323
16457,253796,78984,clean_room ,0.05265932
16458,253796,78984,music_studio ,0.03701186
16459,253796,78984,library/indoor ,0.03556917
16460,253796,79008,archive ,0.524911
16461,253796,79008,bookstore ,0.12334291
16462,253796,79008,boxing_ring ,0.106151834
16463,253796,79008,music_studio ,0.040660527
16464,253796,79008,clean_room ,0.03734099
16465,253796,79032,clean_room ,0.18979982
16466,253796,79032,boxing_ring ,0.16832659
16467,253796,79032,archive ,0.14088136
16468,253796,79032,dressing_room ,0.07488791
16469,253796,79032,bookstore ,0.07001735
16470,253796,79056,clean_room ,0.44143358
16471,253796,79056,archive ,0.23141654
16472,253796,79056,bookstore ,0.066481955
16473,253796,79056,boxing_ring ,0.04908411
16474,253796,79056,dressing_room ,0.030786494
16475,253796,79080,archive ,0.5176382
16476,253796,79080,bookstore ,0.1872685
16477,253796,79080,clean_room ,0.07892578
16478,253796,79080,music_studio ,0.031917706
16479,253796,79080,dressing_room ,0.02585115
16480,253796,79104,bookstore ,0.75758237
16481,253796,79104,archive ,0.15161186
16482,253796,79104,supermarket ,0.026692573
16483,253796,79104,boxing_ring ,0.0080244895
16484,253796,79104,museum/indoor ,0.0058713625
16485,253796,79128,archive ,0.4175067
16486,253796,79128,bookstore ,0.39632505
16487,253796,79128,supermarket ,0.038782947
16488,253796,79128,clean_room ,0.02631817
16489,253796,79128,library/indoor ,0.0137335835
16490,253796,79152,archive ,0.20824975
16491,253796,79152,clean_room ,0.1977995
16492,253796,79152,bookstore ,0.15474582
16493,253796,79152,dressing_room ,0.15042542
16494,253796,79152,supermarket ,0.04225008
16495,253796,79176,bookstore ,0.46889198
16496,253796,79176,archive ,0.39181352
16497,253796,79176,dressing_room ,0.04308624
16498,253796,79176,supermarket ,0.016735584
16499,253796,79176,music_studio ,0.016643412
16500,253796,79200,bookstore ,0.45736858
16501,253796,79200,archive ,0.36050847
16502,253796,79200,dressing_room ,0.036489245
16503,253796,79200,supermarket ,0.030978952
16504,253796,79200,clean_room ,0.018407868
16505,253796,79224,archive ,0.2984856
16506,253796,79224,bookstore ,0.2747765
16507,253796,79224,dressing_room ,0.10461705
16508,253796,79224,music_studio ,0.046616208
16509,253796,79224,supermarket ,0.045901813
16510,253796,79248,clean_room ,0.2048946
16511,253796,79248,dressing_room ,0.17191032
16512,253796,79248,archive ,0.16623566
16513,253796,79248,bookstore ,0.12058523
16514,253796,79248,music_studio ,0.058640394
16515,253796,79272,archive ,0.2267139
16516,253796,79272,bookstore ,0.19490615
16517,253796,79272,dressing_room ,0.18363528
16518,253796,79272,clean_room ,0.10404743
16519,253796,79272,supermarket ,0.056152932
16520,253796,79296,bookstore ,0.17937607
16521,253796,79296,archive ,0.16657697
16522,253796,79296,dressing_room ,0.13615078
16523,253796,79296,supermarket ,0.114624776
16524,253796,79296,clean_room ,0.08333763
16525,253796,79320,archive ,0.22768247
16526,253796,79320,clean_room ,0.18722613
16527,253796,79320,bookstore ,0.13772812
16528,253796,79320,dressing_room ,0.11215065
16529,253796,79320,music_studio ,0.06363466
16530,253796,79344,archive ,0.4100552
16531,253796,79344,bookstore ,0.24560328
16532,253796,79344,clean_room ,0.07373617
16533,253796,79344,supermarket ,0.051433496
16534,253796,79344,dressing_room ,0.04641407
16535,253796,79368,archive ,0.38087398
16536,253796,79368,bookstore ,0.2853164
16537,253796,79368,dressing_room ,0.1087947
16538,253796,79368,supermarket ,0.058972046
16539,253796,79368,clean_room ,0.025419254
16540,253796,79392,archive ,0.3371911
16541,253796,79392,bookstore ,0.26389787
16542,253796,79392,dressing_room ,0.12705044
16543,253796,79392,music_studio ,0.040732536
16544,253796,79392,supermarket ,0.038608357
16545,253796,79416,archive ,0.36023736
16546,253796,79416,bookstore ,0.17942373
16547,253796,79416,dressing_room ,0.12897699
16548,253796,79416,supermarket ,0.05969568
16549,253796,79416,music_studio ,0.04591992
16550,253796,79440,archive ,0.3768459
16551,253796,79440,bookstore ,0.11298469
16552,253796,79440,clean_room ,0.11023768
16553,253796,79440,dressing_room ,0.09583363
16554,253796,79440,music_studio ,0.056820937
16555,253796,79464,clean_room ,0.22017217
16556,253796,79464,boxing_ring ,0.17716604
16557,253796,79464,archive ,0.15962464
16558,253796,79464,dressing_room ,0.077227876
16559,253796,79464,supermarket ,0.05480858
16560,253796,79488,clean_room ,0.27163696
16561,253796,79488,archive ,0.17165406
16562,253796,79488,music_studio ,0.09655136
16563,253796,79488,dressing_room ,0.09159887
16564,253796,79488,ice_cream_parlor ,0.057846762
16565,253796,79512,archive ,0.3343518
16566,253796,79512,clean_room ,0.14507267
16567,253796,79512,supermarket ,0.119378135
16568,253796,79512,bookstore ,0.06064467
16569,253796,79512,dressing_room ,0.054963212
16570,253796,79536,archive ,0.51989
16571,253796,79536,bookstore ,0.13261385
16572,253796,79536,clean_room ,0.06454903
16573,253796,79536,supermarket ,0.06066342
16574,253796,79536,dressing_room ,0.0429799
16575,253796,79560,archive ,0.43546537
16576,253796,79560,bookstore ,0.25380543
16577,253796,79560,supermarket ,0.075250454
16578,253796,79560,pharmacy ,0.05654098
16579,253796,79560,clean_room ,0.021767268
16580,253796,79584,archive ,0.5282363
16581,253796,79584,bookstore ,0.14566132
16582,253796,79584,supermarket ,0.0772822
16583,253796,79584,pharmacy ,0.03566838
16584,253796,79584,ice_cream_parlor ,0.034288734
16585,253796,79608,archive ,0.5158199
16586,253796,79608,clean_room ,0.17260937
16587,253796,79608,bookstore ,0.065461606
16588,253796,79608,boxing_ring ,0.03451585
16589,253796,79608,dressing_room ,0.031810746
16590,253796,79632,archive ,0.35967013
16591,253796,79632,clean_room ,0.30708197
16592,253796,79632,bookstore ,0.062299974
16593,253796,79632,boxing_ring ,0.0454616
16594,253796,79632,museum/indoor ,0.0319604
16595,253796,79656,archive ,0.30308038
16596,253796,79656,clean_room ,0.23386624
16597,253796,79656,boxing_ring ,0.1370697
16598,253796,79656,bookstore ,0.06250529
16599,253796,79656,supermarket ,0.051505998
16600,253796,79680,archive ,0.5026968
16601,253796,79680,clean_room ,0.21197626
16602,253796,79680,bookstore ,0.062894754
16603,253796,79680,boxing_ring ,0.049779944
16604,253796,79680,supermarket ,0.034310363
16605,253796,79704,archive ,0.3913929
16606,253796,79704,clean_room ,0.19545741
16607,253796,79704,boxing_ring ,0.11990947
16608,253796,79704,bookstore ,0.065736935
16609,253796,79704,supermarket ,0.06369322
16610,253796,79728,clean_room ,0.30789393
16611,253796,79728,archive ,0.25528297
16612,253796,79728,boxing_ring ,0.20387919
16613,253796,79728,supermarket ,0.043199502
16614,253796,79728,dressing_room ,0.027432628
16615,253796,79752,archive ,0.6911411
16616,253796,79752,bookstore ,0.0672526
16617,253796,79752,boxing_ring ,0.062558874
16618,253796,79752,clean_room ,0.05240126
16619,253796,79752,supermarket ,0.026676336
16620,253796,79776,archive ,0.6361193
16621,253796,79776,clean_room ,0.078604534
16622,253796,79776,bookstore ,0.07058359
16623,253796,79776,boxing_ring ,0.048704002
16624,253796,79776,supermarket ,0.038010307
16625,253796,79800,archive ,0.42774504
16626,253796,79800,clean_room ,0.16706018
16627,253796,79800,supermarket ,0.08348418
16628,253796,79800,dressing_room ,0.06081886
16629,253796,79800,bookstore ,0.055164203
16630,253796,79824,archive ,0.5025998
16631,253796,79824,clean_room ,0.12153928
16632,253796,79824,supermarket ,0.0897561
16633,253796,79824,bookstore ,0.08061568
16634,253796,79824,boxing_ring ,0.043033954
16635,253796,79848,archive ,0.75744486
16636,253796,79848,bookstore ,0.09070897
16637,253796,79848,clean_room ,0.031473998
16638,253796,79848,supermarket ,0.023360753
16639,253796,79848,boxing_ring ,0.019706879
16640,253796,79872,archive ,0.598183
16641,253796,79872,bookstore ,0.2546145
16642,253796,79872,boxing_ring ,0.043314837
16643,253796,79872,supermarket ,0.02230418
16644,253796,79872,library/indoor ,0.013945583
16645,253796,79896,bookstore ,0.32154304
16646,253796,79896,archive ,0.21752894
16647,253796,79896,music_studio ,0.18016969
16648,253796,79896,boxing_ring ,0.16739474
16649,253796,79896,stage/indoor ,0.043811187
16650,253796,79920,chemistry_lab ,0.26531658
16651,253796,79920,clean_room ,0.21490459
16652,253796,79920,archive ,0.1955585
16653,253796,79920,bookstore ,0.048381556
16654,253796,79920,dressing_room ,0.045437958
16655,253796,79944,archive ,0.814058
16656,253796,79944,clean_room ,0.029349258
16657,253796,79944,library/indoor ,0.029090853
16658,253796,79944,bookstore ,0.025460975
16659,253796,79944,dressing_room ,0.016443076
16660,253796,79968,archive ,0.7438854
16661,253796,79968,dressing_room ,0.052721027
16662,253796,79968,bookstore ,0.035912357
16663,253796,79968,clean_room ,0.030859489
16664,253796,79968,library/indoor ,0.027852807
16665,253796,79992,archive ,0.59324324
16666,253796,79992,bookstore ,0.12032897
16667,253796,79992,dressing_room ,0.0845747
16668,253796,79992,clean_room ,0.033278104
16669,253796,79992,chemistry_lab ,0.028692387
16670,253796,80016,archive ,0.595942
16671,253796,80016,dressing_room ,0.18044895
16672,253796,80016,bookstore ,0.06432461
16673,253796,80016,library/indoor ,0.0373003
16674,253796,80016,locker_room ,0.027659075
16675,253796,80040,archive ,0.5910298
16676,253796,80040,bookstore ,0.26639548
16677,253796,80040,library/indoor ,0.07044789
16678,253796,80040,dressing_room ,0.024620324
16679,253796,80040,beauty_salon ,0.005113912
16680,253796,80064,archive ,0.56932575
16681,253796,80064,bookstore ,0.28055722
16682,253796,80064,library/indoor ,0.07547705
16683,253796,80064,dressing_room ,0.026651675
16684,253796,80064,beauty_salon ,0.007355511
16685,253796,80088,archive ,0.6059551
16686,253796,80088,bookstore ,0.28546226
16687,253796,80088,library/indoor ,0.09097787
16688,253796,80088,pharmacy ,0.002170206
16689,253796,80088,dressing_room ,0.0018185847
16690,253796,80112,archive ,0.7664165
16691,253796,80112,bookstore ,0.1650827
16692,253796,80112,library/indoor ,0.047855876
16693,253796,80112,dressing_room ,0.0064266156
16694,253796,80112,locker_room ,0.0020619833
16695,253796,80136,archive ,0.40095964
16696,253796,80136,dressing_room ,0.106681526
16697,253796,80136,bookstore ,0.08766425
16698,253796,80136,clean_room ,0.07714085
16699,253796,80136,martial_arts_gym ,0.05756486
16700,253796,80160,clean_room ,0.3828127
16701,253796,80160,martial_arts_gym ,0.1750421
16702,253796,80160,archive ,0.08602528
16703,253796,80160,stage/indoor ,0.047041457
16704,253796,80160,locker_room ,0.046316914
16705,253796,80184,clean_room ,0.4607032
16706,253796,80184,archive ,0.16261904
16707,253796,80184,martial_arts_gym ,0.12380185
16708,253796,80184,dressing_room ,0.040746633
16709,253796,80184,locker_room ,0.035457615
16710,253796,80208,clean_room ,0.4264851
16711,253796,80208,archive ,0.15516618
16712,253796,80208,martial_arts_gym ,0.10093496
16713,253796,80208,nursery ,0.04872622
16714,253796,80208,dressing_room ,0.03203144
16715,253796,80232,clean_room ,0.3605445
16716,253796,80232,archive ,0.17734449
16717,253796,80232,martial_arts_gym ,0.06770723
16718,253796,80232,nursery ,0.06491345
16719,253796,80232,hospital_room ,0.03202582
16720,253796,80256,archive ,0.38951913
16721,253796,80256,clean_room ,0.28001294
16722,253796,80256,bookstore ,0.04048537
16723,253796,80256,martial_arts_gym ,0.029079841
16724,253796,80256,nursery ,0.028553145
16725,253796,80280,clean_room ,0.38699484
16726,253796,80280,archive ,0.17639132
16727,253796,80280,martial_arts_gym ,0.086332686
16728,253796,80280,nursery ,0.052980002
16729,253796,80280,stage/indoor ,0.040023915
16730,253796,80304,clean_room ,0.3507665
16731,253796,80304,archive ,0.17449212
16732,253796,80304,martial_arts_gym ,0.061363056
16733,253796,80304,dressing_room ,0.04770181
16734,253796,80304,nursery ,0.037015818
16735,253796,80328,archive ,0.20802054
16736,253796,80328,clean_room ,0.13484396
16737,253796,80328,martial_arts_gym ,0.102155305
16738,253796,80328,dressing_room ,0.058537204
16739,253796,80328,museum/indoor ,0.05398136
16740,253796,80352,clean_room ,0.2504072
16741,253796,80352,archive ,0.1255661
16742,253796,80352,martial_arts_gym ,0.08288923
16743,253796,80352,museum/indoor ,0.07246238
16744,253796,80352,stage/indoor ,0.060928497
16745,253796,80376,stage/indoor ,0.21571408
16746,253796,80376,clean_room ,0.20600371
16747,253796,80376,martial_arts_gym ,0.10044924
16748,253796,80376,nursery ,0.09235506
16749,253796,80376,ballroom ,0.075530045
16750,253796,80400,bow_window/indoor ,0.31167102
16751,253796,80400,dining_room ,0.07555747
16752,253796,80400,museum/indoor ,0.07063077
16753,253796,80400,entrance_hall ,0.046788096
16754,253796,80400,artists_loft ,0.032631256
16755,253796,80424,bow_window/indoor ,0.5986667
16756,253796,80424,alcove ,0.10997581
16757,253796,80424,bedroom ,0.035021335
16758,253796,80424,clean_room ,0.028150018
16759,253796,80424,entrance_hall ,0.022635262
16760,253796,80448,dressing_room ,0.24276099
16761,253796,80448,shower ,0.14811778
16762,253796,80448,museum/indoor ,0.14051335
16763,253796,80448,clean_room ,0.09086164
16764,253796,80448,art_gallery ,0.045298826
16765,253796,80472,dressing_room ,0.7356276
16766,253796,80472,clean_room ,0.116396844
16767,253796,80472,locker_room ,0.06843845
16768,253796,80472,sauna ,0.033055056
16769,253796,80472,shower ,0.012504857
16770,253796,80496,bow_window/indoor ,0.53892297
16771,253796,80496,dressing_room ,0.0889191
16772,253796,80496,clean_room ,0.06279191
16773,253796,80496,closet ,0.054557573
16774,253796,80496,clothing_store ,0.05217789
16775,253796,80520,bow_window/indoor ,0.47107708
16776,253796,80520,museum/indoor ,0.17379211
16777,253796,80520,dressing_room ,0.1370723
16778,253796,80520,clothing_store ,0.061335616
16779,253796,80520,closet ,0.034619775
16780,253796,80544,museum/indoor ,0.6311025
16781,253796,80544,archive ,0.071297176
16782,253796,80544,art_gallery ,0.034274556
16783,253796,80544,dressing_room ,0.03269949
16784,253796,80544,stage/indoor ,0.027145451
16785,253796,80568,dressing_room ,0.44362321
16786,253796,80568,museum/indoor ,0.13880767
16787,253796,80568,archive ,0.13627551
16788,253796,80568,art_gallery ,0.03364481
16789,253796,80568,clothing_store ,0.023072291
16790,253796,80592,archive ,0.41070184
16791,253796,80592,museum/indoor ,0.23433155
16792,253796,80592,dressing_room ,0.14058465
16793,253796,80592,art_gallery ,0.051824007
16794,253796,80592,art_studio ,0.033220705
16795,253796,80616,museum/indoor ,0.6314046
16796,253796,80616,art_gallery ,0.14728704
16797,253796,80616,dressing_room ,0.050536048
16798,253796,80616,archive ,0.033342455
16799,253796,80616,art_studio ,0.019374376
16800,253796,80640,dressing_room ,0.5846173
16801,253796,80640,museum/indoor ,0.19432227
16802,253796,80640,clean_room ,0.06909882
16803,253796,80640,archive ,0.0206747
16804,253796,80640,art_gallery ,0.018428398
16805,253796,80664,dressing_room ,0.29447216
16806,253796,80664,archive ,0.14238153
16807,253796,80664,bow_window/indoor ,0.11144663
16808,253796,80664,museum/indoor ,0.07639071
16809,253796,80664,ballroom ,0.034339845
16810,253796,80688,dressing_room ,0.17394078
16811,253796,80688,archive ,0.12438363
16812,253796,80688,museum/indoor ,0.08090957
16813,253796,80688,bow_window/indoor ,0.07408769
16814,253796,80688,clothing_store ,0.07368243
16815,253796,80712,dressing_room ,0.25071928
16816,253796,80712,archive ,0.1737104
16817,253796,80712,museum/indoor ,0.15316622
16818,253796,80712,nursery ,0.05276892
16819,253796,80712,clothing_store ,0.045248304
16820,253796,80736,dressing_room ,0.42189023
16821,253796,80736,archive ,0.10910472
16822,253796,80736,jail_cell ,0.057145964
16823,253796,80736,museum/indoor ,0.03757653
16824,253796,80736,closet ,0.034481436
16825,253796,80760,dressing_room ,0.28022027
16826,253796,80760,archive ,0.13152422
16827,253796,80760,museum/indoor ,0.0905359
16828,253796,80760,jail_cell ,0.0706827
16829,253796,80760,bow_window/indoor ,0.045738414
16830,253796,80784,dressing_room ,0.3620011
16831,253796,80784,archive ,0.13805316
16832,253796,80784,clean_room ,0.061694376
16833,253796,80784,museum/indoor ,0.053926665
16834,253796,80784,locker_room ,0.0521518
16835,253796,80808,dressing_room ,0.26897544
16836,253796,80808,archive ,0.09977437
16837,253796,80808,museum/indoor ,0.08164833
16838,253796,80808,clean_room ,0.07556967
16839,253796,80808,elevator/door ,0.0696202
16840,253796,80832,dressing_room ,0.6218589
16841,253796,80832,archive ,0.088445485
16842,253796,80832,locker_room ,0.0806868
16843,253796,80832,clean_room ,0.034714073
16844,253796,80832,jail_cell ,0.028954543
16845,253796,80856,dressing_room ,0.6437049
16846,253796,80856,archive ,0.08763904
16847,253796,80856,locker_room ,0.0578509
16848,253796,80856,clean_room ,0.025427574
16849,253796,80856,museum/indoor ,0.024723109
16850,253796,80880,dressing_room ,0.62123084
16851,253796,80880,locker_room ,0.10398822
16852,253796,80880,archive ,0.078241296
16853,253796,80880,clean_room ,0.042349175
16854,253796,80880,clothing_store ,0.023679418
16855,253796,80904,dressing_room ,0.4152575
16856,253796,80904,archive ,0.17954563
16857,253796,80904,museum/indoor ,0.06326739
16858,253796,80904,locker_room ,0.05923136
16859,253796,80904,clean_room ,0.046824526
16860,253796,80928,dressing_room ,0.3357195
16861,253796,80928,archive ,0.2190934
16862,253796,80928,locker_room ,0.096222766
16863,253796,80928,museum/indoor ,0.059911653
16864,253796,80928,jail_cell ,0.054473966
16865,253796,80952,dressing_room ,0.5942972
16866,253796,80952,archive ,0.08213303
16867,253796,80952,locker_room ,0.06940233
16868,253796,80952,museum/indoor ,0.041780844
16869,253796,80952,clean_room ,0.034194022
16870,253796,80976,dressing_room ,0.34351122
16871,253796,80976,archive ,0.17238222
16872,253796,80976,museum/indoor ,0.08447692
16873,253796,80976,locker_room ,0.07072036
16874,253796,80976,clean_room ,0.04969491
16875,253796,81000,dressing_room ,0.28908777
16876,253796,81000,archive ,0.2219961
16877,253796,81000,museum/indoor ,0.081058234
16878,253796,81000,jail_cell ,0.065279685
16879,253796,81000,locker_room ,0.05772015
16880,253796,81024,dressing_room ,0.28587538
16881,253796,81024,clean_room ,0.15711373
16882,253796,81024,archive ,0.15023127
16883,253796,81024,locker_room ,0.087404855
16884,253796,81024,museum/indoor ,0.048755903
16885,253796,81048,museum/indoor ,0.49343315
16886,253796,81048,art_gallery ,0.09882884
16887,253796,81048,archive ,0.08657894
16888,253796,81048,bow_window/indoor ,0.059054047
16889,253796,81048,jail_cell ,0.043720737
16890,253796,81072,bow_window/indoor ,0.5018928
16891,253796,81072,jail_cell ,0.14523241
16892,253796,81072,archive ,0.08153679
16893,253796,81072,museum/indoor ,0.08127385
16894,253796,81072,art_gallery ,0.030583093
16895,253796,81096,bow_window/indoor ,0.68160975
16896,253796,81096,jail_cell ,0.08596095
16897,253796,81096,museum/indoor ,0.05982333
16898,253796,81096,archive ,0.03691342
16899,253796,81096,alcove ,0.022602584
16900,253796,81120,bow_window/indoor ,0.65194345
16901,253796,81120,jail_cell ,0.12411283
16902,253796,81120,museum/indoor ,0.073605135
16903,253796,81120,archive ,0.027591625
16904,253796,81120,art_gallery ,0.023074903
16905,253796,81144,bow_window/indoor ,0.7794325
16906,253796,81144,jail_cell ,0.079367034
16907,253796,81144,museum/indoor ,0.03746642
16908,253796,81144,archive ,0.01491483
16909,253796,81144,art_gallery ,0.013586998
16910,253796,81168,bow_window/indoor ,0.77151185
16911,253796,81168,jail_cell ,0.05644961
16912,253796,81168,museum/indoor ,0.03599119
16913,253796,81168,archive ,0.020686815
16914,253796,81168,alcove ,0.015744641
16915,253796,81192,bow_window/indoor ,0.62562585
16916,253796,81192,elevator/door ,0.06416392
16917,253796,81192,jail_cell ,0.05738728
16918,253796,81192,doorway/outdoor ,0.05422877
16919,253796,81192,barndoor ,0.026389237
16920,253796,81216,bow_window/indoor ,0.32352617
16921,253796,81216,elevator/door ,0.120468795
16922,253796,81216,jail_cell ,0.086572126
16923,253796,81216,closet ,0.0766804
16924,253796,81216,doorway/outdoor ,0.053807963
16925,253796,81240,bow_window/indoor ,0.19278069
16926,253796,81240,jail_cell ,0.16803554
16927,253796,81240,archive ,0.10330238
16928,253796,81240,elevator/door ,0.09624985
16929,253796,81240,closet ,0.080063574
16930,253796,81264,bow_window/indoor ,0.22034782
16931,253796,81264,elevator/door ,0.12891811
16932,253796,81264,dressing_room ,0.0954598
16933,253796,81264,alcove ,0.07684728
16934,253796,81264,closet ,0.06167728
16935,253796,81288,bow_window/indoor ,0.22199313
16936,253796,81288,office ,0.1463661
16937,253796,81288,elevator/door ,0.123752
16938,253796,81288,art_gallery ,0.06336181
16939,253796,81288,archive ,0.058151215
16940,253796,81312,art_gallery ,0.48566434
16941,253796,81312,museum/indoor ,0.17324212
16942,253796,81312,artists_loft ,0.077323504
16943,253796,81312,bow_window/indoor ,0.052912608
16944,253796,81312,art_studio ,0.052887533
16945,253796,81336,dressing_room ,0.1915146
16946,253796,81336,locker_room ,0.12509626
16947,253796,81336,shower ,0.097071536
16948,253796,81336,elevator/door ,0.0887474
16949,253796,81336,museum/indoor ,0.07355454
16950,253796,81360,locker_room ,0.21974139
16951,253796,81360,clean_room ,0.16943997
16952,253796,81360,shower ,0.09790142
16953,253796,81360,archive ,0.060177933
16954,253796,81360,chemistry_lab ,0.057429917
16955,253796,81384,locker_room ,0.1628487
16956,253796,81384,shower ,0.128671
16957,253796,81384,clean_room ,0.1185323
16958,253796,81384,music_studio ,0.09907608
16959,253796,81384,chemistry_lab ,0.058117654
16960,253796,81408,clean_room ,0.18260285
16961,253796,81408,locker_room ,0.13925743
16962,253796,81408,shower ,0.13524234
16963,253796,81408,chemistry_lab ,0.09784085
16964,253796,81408,music_studio ,0.06694742
16965,253796,81432,clean_room ,0.26594824
16966,253796,81432,locker_room ,0.1589287
16967,253796,81432,shower ,0.108570725
16968,253796,81432,music_studio ,0.0980104
16969,253796,81432,chemistry_lab ,0.0891352
16970,253796,81456,clean_room ,0.2649388
16971,253796,81456,locker_room ,0.15849183
16972,253796,81456,shower ,0.09781043
16973,253796,81456,chemistry_lab ,0.083908685
16974,253796,81456,music_studio ,0.08350642
16975,253796,81480,locker_room ,0.27176908
16976,253796,81480,clean_room ,0.16958302
16977,253796,81480,shower ,0.105153695
16978,253796,81480,music_studio ,0.1019696
16979,253796,81480,chemistry_lab ,0.04912493
16980,253796,81504,clean_room ,0.23488395
16981,253796,81504,locker_room ,0.18799302
16982,253796,81504,shower ,0.12859586
16983,253796,81504,chemistry_lab ,0.08053579
16984,253796,81504,music_studio ,0.07027637
16985,253796,81528,clean_room ,0.31658962
16986,253796,81528,locker_room ,0.13784386
16987,253796,81528,shower ,0.13145778
16988,253796,81528,chemistry_lab ,0.08285809
16989,253796,81528,music_studio ,0.0562489
16990,253796,81552,clean_room ,0.33955216
16991,253796,81552,locker_room ,0.18861833
16992,253796,81552,shower ,0.122023895
16993,253796,81552,chemistry_lab ,0.056028996
16994,253796,81552,music_studio ,0.035798587
16995,253796,81576,locker_room ,0.3594233
16996,253796,81576,shower ,0.12646253
16997,253796,81576,clean_room ,0.07973846
16998,253796,81576,music_studio ,0.07837626
16999,253796,81576,stage/indoor ,0.040305704
17000,253796,81600,locker_room ,0.46850944
17001,253796,81600,clean_room ,0.12475339
17002,253796,81600,music_studio ,0.05124871
17003,253796,81600,chemistry_lab ,0.05010944
17004,253796,81600,shower ,0.031919327
17005,253796,81624,locker_room ,0.63120705
17006,253796,81624,clean_room ,0.09499104
17007,253796,81624,chemistry_lab ,0.032924313
17008,253796,81624,music_studio ,0.030653778
17009,253796,81624,archive ,0.023328671
17010,253796,81648,locker_room ,0.49467075
17011,253796,81648,clean_room ,0.114606805
17012,253796,81648,chemistry_lab ,0.064981684
17013,253796,81648,music_studio ,0.04068674
17014,253796,81648,shower ,0.028128212
17015,253796,81672,locker_room ,0.394135
17016,253796,81672,clean_room ,0.103701346
17017,253796,81672,music_studio ,0.06883493
17018,253796,81672,chemistry_lab ,0.060979597
17019,253796,81672,museum/indoor ,0.03777916
17020,253796,81696,locker_room ,0.4407187
17021,253796,81696,clean_room ,0.12901863
17022,253796,81696,chemistry_lab ,0.058752883
17023,253796,81696,music_studio ,0.0420773
17024,253796,81696,shower ,0.032964673
17025,253796,81720,locker_room ,0.4304637
17026,253796,81720,clean_room ,0.13640003
17027,253796,81720,chemistry_lab ,0.07260512
17028,253796,81720,shower ,0.051617894
17029,253796,81720,music_studio ,0.033826362
17030,253796,81744,locker_room ,0.5211844
17031,253796,81744,clean_room ,0.115366496
17032,253796,81744,chemistry_lab ,0.05365401
17033,253796,81744,music_studio ,0.034931347
17034,253796,81744,shower ,0.032945868
17035,253796,81768,locker_room ,0.37452042
17036,253796,81768,clean_room ,0.13823678
17037,253796,81768,chemistry_lab ,0.09399521
17038,253796,81768,shower ,0.06562183
17039,253796,81768,music_studio ,0.04539286
17040,253796,81792,locker_room ,0.42659956
17041,253796,81792,clean_room ,0.12953614
17042,253796,81792,chemistry_lab ,0.07109378
17043,253796,81792,shower ,0.04080786
17044,253796,81792,music_studio ,0.03651998
17045,253796,81816,locker_room ,0.41689277
17046,253796,81816,clean_room ,0.13518247
17047,253796,81816,shower ,0.06194091
17048,253796,81816,chemistry_lab ,0.060835972
17049,253796,81816,music_studio ,0.03465306
17050,253796,81840,locker_room ,0.4289922
17051,253796,81840,clean_room ,0.16567633
17052,253796,81840,chemistry_lab ,0.06477904
17053,253796,81840,shower ,0.044405412
17054,253796,81840,music_studio ,0.031354148
17055,253796,81864,locker_room ,0.36876222
17056,253796,81864,clean_room ,0.13708895
17057,253796,81864,chemistry_lab ,0.07997926
17058,253796,81864,shower ,0.074645266
17059,253796,81864,music_studio ,0.040677734
17060,253796,81888,locker_room ,0.39226627
17061,253796,81888,clean_room ,0.12538552
17062,253796,81888,chemistry_lab ,0.0836673
17063,253796,81888,shower ,0.07172182
17064,253796,81888,music_studio ,0.040831115
17065,253796,81912,locker_room ,0.45108882
17066,253796,81912,clean_room ,0.116533756
17067,253796,81912,chemistry_lab ,0.05751253
17068,253796,81912,shower ,0.05277465
17069,253796,81912,museum/indoor ,0.03263089
17070,253796,81936,locker_room ,0.32886052
17071,253796,81936,clean_room ,0.15879285
17072,253796,81936,chemistry_lab ,0.09886535
17073,253796,81936,music_studio ,0.06315004
17074,253796,81936,shower ,0.053178016
17075,253796,81960,locker_room ,0.3672811
17076,253796,81960,clean_room ,0.12895386
17077,253796,81960,chemistry_lab ,0.06658865
17078,253796,81960,shower ,0.06297011
17079,253796,81960,music_studio ,0.04483312
17080,253796,81984,locker_room ,0.29843137
17081,253796,81984,clean_room ,0.14925148
17082,253796,81984,shower ,0.08625862
17083,253796,81984,chemistry_lab ,0.08024519
17084,253796,81984,music_studio ,0.0634307
17085,253796,82008,locker_room ,0.3091048
17086,253796,82008,clean_room ,0.15642112
17087,253796,82008,chemistry_lab ,0.08041245
17088,253796,82008,shower ,0.08030134
17089,253796,82008,museum/indoor ,0.047264624
17090,253796,82032,locker_room ,0.26842102
17091,253796,82032,clean_room ,0.13157693
17092,253796,82032,chemistry_lab ,0.08465156
17093,253796,82032,shower ,0.08447898
17094,253796,82032,music_studio ,0.061415937
17095,253796,82056,locker_room ,0.24011776
17096,253796,82056,clean_room ,0.10827116
17097,253796,82056,music_studio ,0.08892423
17098,253796,82056,stage/indoor ,0.07760867
17099,253796,82056,chemistry_lab ,0.076092415
17100,253796,82080,locker_room ,0.41338995
17101,253796,82080,clean_room ,0.10239401
17102,253796,82080,music_studio ,0.07538546
17103,253796,82080,chemistry_lab ,0.048318703
17104,253796,82080,stage/indoor ,0.0455712
17105,253796,82104,locker_room ,0.41704676
17106,253796,82104,shower ,0.084899865
17107,253796,82104,clean_room ,0.063891634
17108,253796,82104,chemistry_lab ,0.054977458
17109,253796,82104,stage/indoor ,0.053217065
17110,253796,82128,locker_room ,0.5156568
17111,253796,82128,shower ,0.07675772
17112,253796,82128,stage/indoor ,0.04881924
17113,253796,82128,clean_room ,0.043195453
17114,253796,82128,chemistry_lab ,0.03935724
17115,253796,82152,locker_room ,0.49501106
17116,253796,82152,shower ,0.09957602
17117,253796,82152,clean_room ,0.060201455
17118,253796,82152,chemistry_lab ,0.048596818
17119,253796,82152,stage/indoor ,0.046111047
17120,253796,82176,locker_room ,0.5431074
17121,253796,82176,shower ,0.0893986
17122,253796,82176,clean_room ,0.05316322
17123,253796,82176,chemistry_lab ,0.048097424
17124,253796,82176,stage/indoor ,0.0431529
17125,253796,82200,locker_room ,0.67741686
17126,253796,82200,stage/indoor ,0.046717513
17127,253796,82200,music_studio ,0.042981297
17128,253796,82200,clean_room ,0.039795205
17129,253796,82200,shower ,0.03376472
17130,253796,82224,locker_room ,0.5366406
17131,253796,82224,museum/indoor ,0.090924494
17132,253796,82224,clean_room ,0.054227754
17133,253796,82224,archive ,0.050798006
17134,253796,82224,natural_history_museum ,0.03525574
17135,253796,82248,museum/indoor ,0.34554535
17136,253796,82248,art_gallery ,0.11868576
17137,253796,82248,science_museum ,0.10557861
17138,253796,82248,natural_history_museum ,0.103879735
17139,253796,82248,clean_room ,0.07917736
17140,253796,82272,museum/indoor ,0.35950965
17141,253796,82272,art_gallery ,0.16033784
17142,253796,82272,natural_history_museum ,0.11245148
17143,253796,82272,science_museum ,0.0887342
17144,253796,82272,archive ,0.033735864
17145,253796,82296,museum/indoor ,0.548684
17146,253796,82296,art_gallery ,0.21262445
17147,253796,82296,natural_history_museum ,0.05619279
17148,253796,82296,science_museum ,0.033860467
17149,253796,82296,stage/indoor ,0.017763032
17150,253796,82320,museum/indoor ,0.61327386
17151,253796,82320,art_gallery ,0.2724622
17152,253796,82320,natural_history_museum ,0.02943942
17153,253796,82320,science_museum ,0.018663429
17154,253796,82320,shower ,0.011360156
17155,253796,82344,museum/indoor ,0.5672238
17156,253796,82344,art_gallery ,0.3120375
17157,253796,82344,natural_history_museum ,0.019802747
17158,253796,82344,science_museum ,0.014896638
17159,253796,82344,stage/indoor ,0.01369484
17160,253796,82368,museum/indoor ,0.5242794
17161,253796,82368,art_gallery ,0.32115778
17162,253796,82368,natural_history_museum ,0.030830614
17163,253796,82368,stage/indoor ,0.021657279
17164,253796,82368,science_museum ,0.016488101
17165,253796,82392,museum/indoor ,0.7849325
17166,253796,82392,art_gallery ,0.13033989
17167,253796,82392,archive ,0.01699728
17168,253796,82392,natural_history_museum ,0.015058584
17169,253796,82392,science_museum ,0.010455066
17170,253796,82416,museum/indoor ,0.4887896
17171,253796,82416,art_gallery ,0.25267833
17172,253796,82416,archive ,0.060069732
17173,253796,82416,natural_history_museum ,0.037960004
17174,253796,82416,science_museum ,0.032428626
17175,253796,82440,museum/indoor ,0.40606353
17176,253796,82440,art_gallery ,0.3785484
17177,253796,82440,natural_history_museum ,0.03697206
17178,253796,82440,lecture_room ,0.030939708
17179,253796,82440,clean_room ,0.030470261
17180,253796,82464,museum/indoor ,0.39278972
17181,253796,82464,clean_room ,0.1738679
17182,253796,82464,art_gallery ,0.11175572
17183,253796,82464,nursery ,0.06029608
17184,253796,82464,science_museum ,0.051109415
17185,253796,82488,art_gallery ,0.21949348
17186,253796,82488,shower ,0.21433347
17187,253796,82488,museum/indoor ,0.16832423
17188,253796,82488,elevator/door ,0.053543553
17189,253796,82488,clean_room ,0.04495284
17190,253796,82512,museum/indoor ,0.20336075
17191,253796,82512,art_gallery ,0.19135027
17192,253796,82512,locker_room ,0.17230305
17193,253796,82512,clean_room ,0.10728721
17194,253796,82512,shower ,0.04241819
17195,253796,82536,clean_room ,0.34816638
17196,253796,82536,locker_room ,0.20875633
17197,253796,82536,art_gallery ,0.054048136
17198,253796,82536,archive ,0.045167867
17199,253796,82536,museum/indoor ,0.03990413
17200,253796,82560,locker_room ,0.18412313
17201,253796,82560,bank_vault ,0.18087606
17202,253796,82560,elevator/door ,0.1416695
17203,253796,82560,clean_room ,0.10558489
17204,253796,82560,archive ,0.059092492
17205,253796,82584,clean_room ,0.24240199
17206,253796,82584,archive ,0.13304529
17207,253796,82584,locker_room ,0.098950095
17208,253796,82584,art_gallery ,0.080295175
17209,253796,82584,office ,0.07447295
17210,253796,82608,clean_room ,0.21764237
17211,253796,82608,dressing_room ,0.15672992
17212,253796,82608,locker_room ,0.093259215
17213,253796,82608,art_gallery ,0.076227605
17214,253796,82608,archive ,0.07491595
17215,253796,82632,clean_room ,0.26727393
17216,253796,82632,dressing_room ,0.09640157
17217,253796,82632,locker_room ,0.09619715
17218,253796,82632,art_gallery ,0.09112723
17219,253796,82632,classroom ,0.06059392
17220,253796,82656,locker_room ,0.55730665
17221,253796,82656,dressing_room ,0.306746
17222,253796,82656,clean_room ,0.09787656
17223,253796,82656,chemistry_lab ,0.011355206
17224,253796,82656,archive ,0.0072522038
17225,253796,82680,locker_room ,0.40589985
17226,253796,82680,dressing_room ,0.3477827
17227,253796,82680,clean_room ,0.18936408
17228,253796,82680,art_gallery ,0.016045645
17229,253796,82680,museum/indoor ,0.0074740676
17230,253796,82704,dressing_room ,0.5332072
17231,253796,82704,locker_room ,0.38198507
17232,253796,82704,clean_room ,0.061076526
17233,253796,82704,chemistry_lab ,0.0033317644
17234,253796,82704,art_gallery ,0.0028611894
17235,253796,82728,locker_room ,0.5723017
17236,253796,82728,dressing_room ,0.39826643
17237,253796,82728,clean_room ,0.014518371
17238,253796,82728,chemistry_lab ,0.0018249779
17239,253796,82728,elevator/door ,0.0013047605
17240,253796,82752,locker_room ,0.542032
17241,253796,82752,dressing_room ,0.42164412
17242,253796,82752,clean_room ,0.015911452
17243,253796,82752,elevator_lobby ,0.002489606
17244,253796,82752,art_gallery ,0.0024834098
17245,253796,82776,locker_room ,0.50285274
17246,253796,82776,dressing_room ,0.42120475
17247,253796,82776,shower ,0.036755804
17248,253796,82776,sauna ,0.012097105
17249,253796,82776,stage/indoor ,0.005677613
17250,253796,82800,clean_room ,0.86965996
17251,253796,82800,locker_room ,0.060968824
17252,253796,82800,dressing_room ,0.0426857
17253,253796,82800,corridor ,0.006463198
17254,253796,82800,art_gallery ,0.0018518266
17255,253796,82824,clean_room ,0.9086334
17256,253796,82824,locker_room ,0.03631571
17257,253796,82824,dressing_room ,0.02772202
17258,253796,82824,corridor ,0.003404809
17259,253796,82824,shower ,0.003374125
17260,253796,82848,clean_room ,0.74929714
17261,253796,82848,locker_room ,0.15230359
17262,253796,82848,dressing_room ,0.027779004
17263,253796,82848,shower ,0.01903448
17264,253796,82848,corridor ,0.0057870247
17265,253796,82872,locker_room ,0.48386294
17266,253796,82872,clean_room ,0.29837692
17267,253796,82872,museum/indoor ,0.042229142
17268,253796,82872,dressing_room ,0.033171993
17269,253796,82872,archive ,0.030282734
17270,253796,82896,locker_room ,0.39387473
17271,253796,82896,clean_room ,0.30300972
17272,253796,82896,shower ,0.17396668
17273,253796,82896,dressing_room ,0.058541518
17274,253796,82896,chemistry_lab ,0.023321498
17275,253796,82920,clean_room ,0.53413606
17276,253796,82920,locker_room ,0.24030553
17277,253796,82920,shower ,0.067288965
17278,253796,82920,dressing_room ,0.036433928
17279,253796,82920,chemistry_lab ,0.022242151
17280,253796,82944,clean_room ,0.3823158
17281,253796,82944,locker_room ,0.17044918
17282,253796,82944,shower ,0.16230874
17283,253796,82944,chemistry_lab ,0.071233585
17284,253796,82944,stage/indoor ,0.042395394
17285,253796,82968,clean_room ,0.37134513
17286,253796,82968,shower ,0.14255594
17287,253796,82968,locker_room ,0.0912847
17288,253796,82968,music_studio ,0.05976238
17289,253796,82968,stage/indoor ,0.055397343
17290,253796,82992,clean_room ,0.23183176
17291,253796,82992,shower ,0.13334237
17292,253796,82992,museum/indoor ,0.09855349
17293,253796,82992,locker_room ,0.09666849
17294,253796,82992,music_studio ,0.072471134
17295,253796,83016,clean_room ,0.22328684
17296,253796,83016,shower ,0.1622367
17297,253796,83016,locker_room ,0.10130994
17298,253796,83016,music_studio ,0.092457324
17299,253796,83016,museum/indoor ,0.08204212
17300,253796,83040,clean_room ,0.21793084
17301,253796,83040,stage/indoor ,0.16598368
17302,253796,83040,shower ,0.120076895
17303,253796,83040,music_studio ,0.118209064
17304,253796,83040,museum/indoor ,0.094334505
17305,253796,83064,stage/indoor ,0.22467014
17306,253796,83064,music_studio ,0.11349227
17307,253796,83064,locker_room ,0.09996735
17308,253796,83064,clean_room ,0.097845696
17309,253796,83064,shower ,0.0968854
17310,253796,83088,stage/indoor ,0.13085824
17311,253796,83088,clean_room ,0.11124461
17312,253796,83088,museum/indoor ,0.10909461
17313,253796,83088,locker_room ,0.10250665
17314,253796,83088,shower ,0.09938536
17315,253796,83112,music_studio ,0.15019469
17316,253796,83112,stage/indoor ,0.13493714
17317,253796,83112,clean_room ,0.1254183
17318,253796,83112,shower ,0.08570401
17319,253796,83112,museum/indoor ,0.069970585
17320,253796,83136,clean_room ,0.20537275
17321,253796,83136,locker_room ,0.19730644
17322,253796,83136,music_studio ,0.12538487
17323,253796,83136,stage/indoor ,0.06607948
17324,253796,83136,physics_laboratory ,0.0550624
17325,253796,83160,music_studio ,0.13935176
17326,253796,83160,locker_room ,0.12410749
17327,253796,83160,stage/indoor ,0.119409464
17328,253796,83160,clean_room ,0.11909796
17329,253796,83160,shower ,0.066064745
17330,253796,83184,music_studio ,0.21898016
17331,253796,83184,stage/indoor ,0.16620046
17332,253796,83184,clean_room ,0.122678
17333,253796,83184,locker_room ,0.08717217
17334,253796,83184,discotheque ,0.07837768
17335,253796,83208,clean_room ,0.30422378
17336,253796,83208,music_studio ,0.13810489
17337,253796,83208,locker_room ,0.08648781
17338,253796,83208,stage/indoor ,0.073148005
17339,253796,83208,physics_laboratory ,0.057029855
17340,253796,83232,clean_room ,0.2600822
17341,253796,83232,music_studio ,0.13839246
17342,253796,83232,stage/indoor ,0.1090603
17343,253796,83232,physics_laboratory ,0.06724247
17344,253796,83232,discotheque ,0.066465855
17345,253796,83256,clean_room ,0.18225901
17346,253796,83256,stage/indoor ,0.12581444
17347,253796,83256,music_studio ,0.12550859
17348,253796,83256,chemistry_lab ,0.08049908
17349,253796,83256,museum/indoor ,0.07575554
17350,253796,83280,clean_room ,0.20068006
17351,253796,83280,chemistry_lab ,0.1181781
17352,253796,83280,stage/indoor ,0.1165815
17353,253796,83280,music_studio ,0.091997966
17354,253796,83280,physics_laboratory ,0.0665946
17355,253796,83304,clean_room ,0.2120168
17356,253796,83304,music_studio ,0.09812785
17357,253796,83304,physics_laboratory ,0.087368324
17358,253796,83304,locker_room ,0.07652244
17359,253796,83304,museum/indoor ,0.07589714
17360,253796,83328,clean_room ,0.20028311
17361,253796,83328,stage/indoor ,0.13131279
17362,253796,83328,music_studio ,0.10454663
17363,253796,83328,chemistry_lab ,0.0900776
17364,253796,83328,discotheque ,0.07268967
17365,253796,83352,clean_room ,0.265491
17366,253796,83352,stage/indoor ,0.091885954
17367,253796,83352,chemistry_lab ,0.08725312
17368,253796,83352,music_studio ,0.08429099
17369,253796,83352,physics_laboratory ,0.07703825
17370,253796,83376,staircase ,0.34441495
17371,253796,83376,entrance_hall ,0.18947132
17372,253796,83376,locker_room ,0.07256099
17373,253796,83376,museum/indoor ,0.046530597
17374,253796,83376,archive ,0.044345148
17375,253796,83400,entrance_hall ,0.20010878
17376,253796,83400,locker_room ,0.17807432
17377,253796,83400,staircase ,0.15788385
17378,253796,83400,archive ,0.095621414
17379,253796,83400,art_gallery ,0.06712919
17380,253796,83424,staircase ,0.37580484
17381,253796,83424,locker_room ,0.15186886
17382,253796,83424,archive ,0.08732705
17383,253796,83424,entrance_hall ,0.04412943
17384,253796,83424,art_gallery ,0.043466195
17385,253796,83448,locker_room ,0.40200594
17386,253796,83448,barndoor ,0.15266822
17387,253796,83448,jail_cell ,0.07223317
17388,253796,83448,elevator/door ,0.054340664
17389,253796,83448,staircase ,0.052855738
17390,253796,83472,locker_room ,0.32436314
17391,253796,83472,staircase ,0.10824381
17392,253796,83472,archive ,0.06684581
17393,253796,83472,elevator_lobby ,0.0624148
17394,253796,83472,elevator/door ,0.057253413
17395,253796,83496,locker_room ,0.29592168
17396,253796,83496,staircase ,0.18197706
17397,253796,83496,barndoor ,0.08390382
17398,253796,83496,elevator/door ,0.08316593
17399,253796,83496,elevator_lobby ,0.049111996
17400,253796,83520,elevator/door ,0.14831358
17401,253796,83520,staircase ,0.11841828
17402,253796,83520,elevator_lobby ,0.110237636
17403,253796,83520,locker_room ,0.10989397
17404,253796,83520,barndoor ,0.061739158
17405,253796,83544,elevator/door ,0.1919501
17406,253796,83544,elevator_lobby ,0.12490778
17407,253796,83544,shower ,0.10552651
17408,253796,83544,staircase ,0.085877046
17409,253796,83544,locker_room ,0.043511525
17410,253796,83568,elevator_lobby ,0.15355988
17411,253796,83568,elevator/door ,0.13973255
17412,253796,83568,clean_room ,0.1350505
17413,253796,83568,museum/indoor ,0.08369174
17414,253796,83568,shower ,0.07533801
17415,253796,83592,museum/indoor ,0.25574788
17416,253796,83592,science_museum ,0.20561545
17417,253796,83592,clean_room ,0.12470249
17418,253796,83592,art_gallery ,0.07416857
17419,253796,83592,shower ,0.05861903
17420,253796,83616,museum/indoor ,0.31152046
17421,253796,83616,elevator/door ,0.18437923
17422,253796,83616,art_gallery ,0.0781237
17423,253796,83616,elevator_lobby ,0.074474774
17424,253796,83616,locker_room ,0.049392533
17425,253796,83640,museum/indoor ,0.29878613
17426,253796,83640,elevator/door ,0.08102098
17427,253796,83640,clean_room ,0.06826715
17428,253796,83640,art_gallery ,0.051992193
17429,253796,83640,server_room ,0.05077221
17430,253796,83664,museum/indoor ,0.2977168
17431,253796,83664,elevator/door ,0.10234034
17432,253796,83664,clean_room ,0.057588983
17433,253796,83664,art_gallery ,0.041865744
17434,253796,83664,locker_room ,0.040695872
17435,253796,83688,museum/indoor ,0.3048805
17436,253796,83688,clean_room ,0.099904895
17437,253796,83688,elevator/door ,0.09530133
17438,253796,83688,natural_history_museum ,0.035511848
17439,253796,83688,science_museum ,0.034605406
17440,253796,83712,elevator/door ,0.15181068
17441,253796,83712,clean_room ,0.12930958
17442,253796,83712,museum/indoor ,0.124415316
17443,253796,83712,server_room ,0.07532441
17444,253796,83712,elevator_lobby ,0.064893454
17445,253796,83736,elevator/door ,0.28984192
17446,253796,83736,elevator_lobby ,0.14255774
17447,253796,83736,airport_terminal ,0.061606735
17448,253796,83736,clean_room ,0.053072024
17449,253796,83736,server_room ,0.05011141
17450,253796,83760,shower ,0.19280247
17451,253796,83760,elevator/door ,0.18364218
17452,253796,83760,elevator_lobby ,0.14905897
17453,253796,83760,server_room ,0.11030827
17454,253796,83760,clean_room ,0.086904995
17455,253796,83784,shower ,0.38844526
17456,253796,83784,elevator_lobby ,0.13942866
17457,253796,83784,elevator/door ,0.114810616
17458,253796,83784,server_room ,0.10149865
17459,253796,83784,bank_vault ,0.040784407
17460,253796,83808,shower ,0.51538426
17461,253796,83808,elevator/door ,0.120237835
17462,253796,83808,elevator_lobby ,0.10015878
17463,253796,83808,server_room ,0.091563724
17464,253796,83808,locker_room ,0.035870157
17465,253796,83832,shower ,0.40272096
17466,253796,83832,elevator/door ,0.110592164
17467,253796,83832,server_room ,0.11031954
17468,253796,83832,elevator_lobby ,0.07211432
17469,253796,83832,locker_room ,0.06897504
17470,253796,83856,elevator/door ,0.20420927
17471,253796,83856,barndoor ,0.17513098
17472,253796,83856,shower ,0.16015297
17473,253796,83856,locker_room ,0.09580127
17474,253796,83856,server_room ,0.06722871
17475,253796,83880,shower ,0.17263423
17476,253796,83880,elevator/door ,0.16505559
17477,253796,83880,barndoor ,0.1544265
17478,253796,83880,bank_vault ,0.050835047
17479,253796,83880,elevator_lobby ,0.040852424
17480,253796,83904,shower ,0.59553784
17481,253796,83904,elevator/door ,0.08132328
17482,253796,83904,bank_vault ,0.07065125
17483,253796,83904,server_room ,0.044655886
17484,253796,83904,barndoor ,0.03732872
17485,253796,83928,shower ,0.51200414
17486,253796,83928,elevator/door ,0.12293454
17487,253796,83928,bank_vault ,0.053297482
17488,253796,83928,barndoor ,0.044779614
17489,253796,83928,bathroom ,0.037218448
17490,253796,83952,elevator/door ,0.27698982
17491,253796,83952,locker_room ,0.21479897
17492,253796,83952,shower ,0.15248096
17493,253796,83952,server_room ,0.09085572
17494,253796,83952,bank_vault ,0.08876468
17495,253796,83976,server_room ,0.3822453
17496,253796,83976,locker_room ,0.21710211
17497,253796,83976,elevator/door ,0.12143467
17498,253796,83976,elevator_lobby ,0.05794034
17499,253796,83976,bank_vault ,0.035342995
17500,253796,84000,server_room ,0.32148364
17501,253796,84000,locker_room ,0.16169384
17502,253796,84000,clean_room ,0.089645654
17503,253796,84000,elevator/door ,0.079261646
17504,253796,84000,shower ,0.04876493
17505,253796,84024,server_room ,0.461901
17506,253796,84024,elevator/door ,0.15341084
17507,253796,84024,locker_room ,0.09676991
17508,253796,84024,elevator_lobby ,0.07355842
17509,253796,84024,bank_vault ,0.059392773
17510,253796,84048,elevator/door ,0.23808055
17511,253796,84048,server_room ,0.17437832
17512,253796,84048,shower ,0.16226016
17513,253796,84048,elevator_lobby ,0.114362605
17514,253796,84048,locker_room ,0.06799328
17515,253796,84072,clean_room ,0.22839399
17516,253796,84072,server_room ,0.18609561
17517,253796,84072,shower ,0.15240759
17518,253796,84072,elevator/door ,0.09239765
17519,253796,84072,elevator_lobby ,0.07248692
17520,253796,84096,server_room ,0.3001514
17521,253796,84096,locker_room ,0.26305482
17522,253796,84096,shower ,0.21503718
17523,253796,84096,clean_room ,0.06339959
17524,253796,84096,bank_vault ,0.031140894
17525,253796,84120,server_room ,0.35138473
17526,253796,84120,clean_room ,0.1340886
17527,253796,84120,locker_room ,0.13131176
17528,253796,84120,shower ,0.12093719
17529,253796,84120,elevator/door ,0.049725287
17530,253796,84144,server_room ,0.35543257
17531,253796,84144,shower ,0.22320534
17532,253796,84144,locker_room ,0.11197298
17533,253796,84144,clean_room ,0.095615305
17534,253796,84144,elevator/door ,0.05521917
17535,253796,84168,locker_room ,0.28860787
17536,253796,84168,server_room ,0.24839295
17537,253796,84168,clean_room ,0.08677045
17538,253796,84168,shower ,0.07665415
17539,253796,84168,elevator_lobby ,0.05857715
17540,253796,84192,shower ,0.69395995
17541,253796,84192,locker_room ,0.061957262
17542,253796,84192,server_room ,0.05708168
17543,253796,84192,elevator/door ,0.043966487
17544,253796,84192,bathroom ,0.030614976
17545,253796,84216,elevator/door ,0.26096672
17546,253796,84216,barndoor ,0.13180766
17547,253796,84216,elevator_lobby ,0.08518412
17548,253796,84216,locker_room ,0.06722629
17549,253796,84216,closet ,0.066234276
17550,253796,84240,locker_room ,0.27987134
17551,253796,84240,elevator/door ,0.12570068
17552,253796,84240,shower ,0.10868775
17553,253796,84240,server_room ,0.09526606
17554,253796,84240,elevator_lobby ,0.078716025
17555,253796,84264,locker_room ,0.76427394
17556,253796,84264,elevator/door ,0.0273697
17557,253796,84264,shower ,0.025660977
17558,253796,84264,bank_vault ,0.019919002
17559,253796,84264,server_room ,0.01380812
17560,253796,84288,clothing_store ,0.59274286
17561,253796,84288,locker_room ,0.23183759
17562,253796,84288,dressing_room ,0.072121665
17563,253796,84288,clean_room ,0.019848501
17564,253796,84288,closet ,0.014197603
17565,253796,84312,locker_room ,0.74895304
17566,253796,84312,martial_arts_gym ,0.16314088
17567,253796,84312,clean_room ,0.024696827
17568,253796,84312,dressing_room ,0.01949094
17569,253796,84312,clothing_store ,0.006526064
17570,253796,84336,locker_room ,0.7588572
17571,253796,84336,martial_arts_gym ,0.08829545
17572,253796,84336,dressing_room ,0.045297295
17573,253796,84336,clean_room ,0.04344714
17574,253796,84336,clothing_store ,0.01716043
17575,253796,84360,locker_room ,0.60806537
17576,253796,84360,clean_room ,0.1468084
17577,253796,84360,martial_arts_gym ,0.09944529
17578,253796,84360,butchers_shop ,0.051640663
17579,253796,84360,dressing_room ,0.03391086
17580,253796,84384,clean_room ,0.74936116
17581,253796,84384,dressing_room ,0.07223506
17582,253796,84384,butchers_shop ,0.07186115
17583,253796,84384,locker_room ,0.024767801
17584,253796,84384,clothing_store ,0.023455992
17585,253796,84408,clean_room ,0.77294165
17586,253796,84408,locker_room ,0.082389094
17587,253796,84408,dressing_room ,0.07343873
17588,253796,84408,clothing_store ,0.011940312
17589,253796,84408,operating_room ,0.008121425
17590,253796,84432,clean_room ,0.9877429
17591,253796,84432,martial_arts_gym ,0.007688933
17592,253796,84432,locker_room ,0.0010753309
17593,253796,84432,clothing_store ,0.00070503034
17594,253796,84432,dressing_room ,0.00063687976
17595,253796,84456,stage/indoor ,0.33593667
17596,253796,84456,museum/indoor ,0.082158186
17597,253796,84456,clean_room ,0.06215427
17598,253796,84456,music_studio ,0.057260234
17599,253796,84456,discotheque ,0.041635405
17600,253796,84480,bow_window/indoor ,0.2931404
17601,253796,84480,museum/indoor ,0.28336725
17602,253796,84480,art_gallery ,0.15002628
17603,253796,84480,staircase ,0.0463304
17604,253796,84480,artists_loft ,0.037567567
17605,253796,84504,museum/indoor ,0.52155775
17606,253796,84504,bow_window/indoor ,0.18773197
17607,253796,84504,art_gallery ,0.1287437
17608,253796,84504,artists_loft ,0.018638527
17609,253796,84504,nursery ,0.015998539
17610,253796,84528,museum/indoor ,0.3802527
17611,253796,84528,art_gallery ,0.17027746
17612,253796,84528,bow_window/indoor ,0.11403632
17613,253796,84528,staircase ,0.08721016
17614,253796,84528,artists_loft ,0.05454468
17615,253796,84552,museum/indoor ,0.38183528
17616,253796,84552,art_gallery ,0.1966444
17617,253796,84552,bow_window/indoor ,0.10355655
17618,253796,84552,staircase ,0.06719224
17619,253796,84552,artists_loft ,0.056587473
17620,253796,84576,locker_room ,0.42553434
17621,253796,84576,shower ,0.091223605
17622,253796,84576,server_room ,0.060666196
17623,253796,84576,bank_vault ,0.04659386
17624,253796,84576,elevator/door ,0.031178677
17625,253796,84600,art_gallery ,0.21005982
17626,253796,84600,locker_room ,0.14333281
17627,253796,84600,art_studio ,0.12076533
17628,253796,84600,artists_loft ,0.1085487
17629,253796,84600,corridor ,0.081563026
17630,253796,84624,art_gallery ,0.22915882
17631,253796,84624,art_studio ,0.1275777
17632,253796,84624,locker_room ,0.12096568
17633,253796,84624,artists_loft ,0.11028966
17634,253796,84624,museum/indoor ,0.10483054
17635,253796,84648,art_gallery ,0.29596943
17636,253796,84648,art_studio ,0.139475
17637,253796,84648,artists_loft ,0.1363933
17638,253796,84648,museum/indoor ,0.083574414
17639,253796,84648,locker_room ,0.06439446
17640,253796,84672,clean_room ,0.16978507
17641,253796,84672,art_gallery ,0.1587432
17642,253796,84672,archive ,0.105042644
17643,253796,84672,museum/indoor ,0.101945624
17644,253796,84672,corridor ,0.063028194
17645,253796,84696,art_gallery ,0.3246587
17646,253796,84696,museum/indoor ,0.14915013
17647,253796,84696,office_cubicles ,0.06203261
17648,253796,84696,artists_loft ,0.055846922
17649,253796,84696,clean_room ,0.05288086
17650,253796,84720,art_gallery ,0.2232615
17651,253796,84720,museum/indoor ,0.15105002
17652,253796,84720,shower ,0.06104142
17653,253796,84720,aquarium ,0.050999098
17654,253796,84720,stage/indoor ,0.04916519
17655,253796,84744,art_gallery ,0.21012948
17656,253796,84744,iceberg ,0.1436838
17657,253796,84744,sky ,0.08722488
17658,253796,84744,ice_shelf ,0.08534575
17659,253796,84744,shower ,0.07942938
17660,253796,84768,museum/indoor ,0.271527
17661,253796,84768,clean_room ,0.21651593
17662,253796,84768,art_gallery ,0.15578794
17663,253796,84768,science_museum ,0.0433689
17664,253796,84768,archive ,0.03868232
17665,253796,84792,museum/indoor ,0.7358777
17666,253796,84792,art_gallery ,0.05480971
17667,253796,84792,clean_room ,0.04365104
17668,253796,84792,dressing_room ,0.01723499
17669,253796,84792,nursery ,0.016544754
17670,253796,84816,museum/indoor ,0.75779146
17671,253796,84816,art_gallery ,0.042983282
17672,253796,84816,clean_room ,0.029146248
17673,253796,84816,clothing_store ,0.019070841
17674,253796,84816,stage/indoor ,0.01673536
17675,253796,84840,museum/indoor ,0.6651483
17676,253796,84840,art_gallery ,0.11296488
17677,253796,84840,clean_room ,0.0231159
17678,253796,84840,dressing_room ,0.021293433
17679,253796,84840,nursery ,0.019278338
17680,253796,84864,museum/indoor ,0.42629582
17681,253796,84864,art_gallery ,0.10906258
17682,253796,84864,dressing_room ,0.056831416
17683,253796,84864,stage/indoor ,0.054245804
17684,253796,84864,closet ,0.04684375
17685,253796,84888,museum/indoor ,0.4887
17686,253796,84888,art_gallery ,0.12426928
17687,253796,84888,stage/indoor ,0.05199099
17688,253796,84888,music_studio ,0.04062205
17689,253796,84888,clean_room ,0.035337172
17690,253796,84912,museum/indoor ,0.71391994
17691,253796,84912,art_gallery ,0.07099958
17692,253796,84912,stage/indoor ,0.032174382
17693,253796,84912,music_studio ,0.03144555
17694,253796,84912,dressing_room ,0.016722664
17695,253796,84936,museum/indoor ,0.6900425
17696,253796,84936,art_gallery ,0.11377881
17697,253796,84936,stage/indoor ,0.042775143
17698,253796,84936,music_studio ,0.03310088
17699,253796,84936,dressing_room ,0.023292799
17700,253796,84960,museum/indoor ,0.60311013
17701,253796,84960,music_studio ,0.119612254
17702,253796,84960,stage/indoor ,0.093788795
17703,253796,84960,art_gallery ,0.06782725
17704,253796,84960,dressing_room ,0.017775383
17705,253796,84984,museum/indoor ,0.7791367
17706,253796,84984,art_gallery ,0.06852085
17707,253796,84984,stage/indoor ,0.042150386
17708,253796,84984,music_studio ,0.032386225
17709,253796,84984,natural_history_museum ,0.023363568
17710,253796,85008,museum/indoor ,0.93018055
17711,253796,85008,art_gallery ,0.022104124
17712,253796,85008,music_studio ,0.015140755
17713,253796,85008,stage/indoor ,0.009788182
17714,253796,85008,art_studio ,0.0039066626
17715,253796,85032,museum/indoor ,0.6889444
17716,253796,85032,art_gallery ,0.08938883
17717,253796,85032,stage/indoor ,0.085297704
17718,253796,85032,music_studio ,0.062919535
17719,253796,85032,art_studio ,0.013279219
17720,253796,85056,museum/indoor ,0.9043662
17721,253796,85056,art_studio ,0.018809339
17722,253796,85056,art_gallery ,0.015687698
17723,253796,85056,music_studio ,0.015137413
17724,253796,85056,office ,0.008540306
17725,253796,85080,museum/indoor ,0.9103192
17726,253796,85080,art_gallery ,0.055053573
17727,253796,85080,natural_history_museum ,0.022806115
17728,253796,85080,science_museum ,0.004137358
17729,253796,85080,art_studio ,0.0030314915
17730,253796,85104,art_gallery ,0.39724827
17731,253796,85104,museum/indoor ,0.20327707
17732,253796,85104,clean_room ,0.09292025
17733,253796,85104,art_studio ,0.058495685
17734,253796,85104,science_museum ,0.041471187
17735,253796,85128,dressing_room ,0.32992297
17736,253796,85128,locker_room ,0.30086273
17737,253796,85128,sauna ,0.07124512
17738,253796,85128,stage/indoor ,0.037913866
17739,253796,85128,shower ,0.03728789
17740,253796,85152,clean_room ,0.31144643
17741,253796,85152,martial_arts_gym ,0.20994806
17742,253796,85152,locker_room ,0.17576396
17743,253796,85152,dressing_room ,0.1592554
17744,253796,85152,museum/indoor ,0.049288888
17745,253796,85176,dressing_room ,0.38771722
17746,253796,85176,locker_room ,0.2111491
17747,253796,85176,museum/indoor ,0.14130649
17748,253796,85176,clean_room ,0.116107136
17749,253796,85176,martial_arts_gym ,0.0420966
17750,253796,85200,dressing_room ,0.47646806
17751,253796,85200,clean_room ,0.1346426
17752,253796,85200,locker_room ,0.09853068
17753,253796,85200,martial_arts_gym ,0.08789766
17754,253796,85200,clothing_store ,0.05263481
17755,253796,85224,dressing_room ,0.23380758
17756,253796,85224,locker_room ,0.12753753
17757,253796,85224,martial_arts_gym ,0.12148914
17758,253796,85224,clean_room ,0.08164952
17759,253796,85224,stage/indoor ,0.049003147
17760,253796,85248,clean_room ,0.15780483
17761,253796,85248,dressing_room ,0.13956447
17762,253796,85248,museum/indoor ,0.117985785
17763,253796,85248,locker_room ,0.10509421
17764,253796,85248,closet ,0.046348475
17765,253796,85272,clean_room ,0.28599498
17766,253796,85272,dressing_room ,0.095874876
17767,253796,85272,museum/indoor ,0.08212184
17768,253796,85272,locker_room ,0.07463446
17769,253796,85272,clothing_store ,0.04378096
17770,253796,85296,dressing_room ,0.15709044
17771,253796,85296,clean_room ,0.15434416
17772,253796,85296,museum/indoor ,0.11867803
17773,253796,85296,locker_room ,0.09448277
17774,253796,85296,clothing_store ,0.067716636
17775,253796,85320,dressing_room ,0.20251784
17776,253796,85320,museum/indoor ,0.14185603
17777,253796,85320,clean_room ,0.09110874
17778,253796,85320,clothing_store ,0.06657948
17779,253796,85320,natural_history_museum ,0.057749595
17780,253796,85344,dressing_room ,0.21320997
17781,253796,85344,clean_room ,0.19229501
17782,253796,85344,locker_room ,0.113856785
17783,253796,85344,museum/indoor ,0.051129073
17784,253796,85344,clothing_store ,0.04699359
17785,253796,85368,clean_room ,0.242646
17786,253796,85368,dressing_room ,0.19741283
17787,253796,85368,museum/indoor ,0.14681028
17788,253796,85368,art_gallery ,0.0855085
17789,253796,85368,clothing_store ,0.057260767
17790,253796,85392,clean_room ,0.2674904
17791,253796,85392,museum/indoor ,0.19591004
17792,253796,85392,dressing_room ,0.07804704
17793,253796,85392,clothing_store ,0.06944269
17794,253796,85392,art_gallery ,0.047485523
17795,253796,85416,clean_room ,0.18403867
17796,253796,85416,dressing_room ,0.17023474
17797,253796,85416,locker_room ,0.11474347
17798,253796,85416,martial_arts_gym ,0.092417695
17799,253796,85416,clothing_store ,0.068644844
17800,253796,85440,dressing_room ,0.17330763
17801,253796,85440,clean_room ,0.1563102
17802,253796,85440,locker_room ,0.10080992
17803,253796,85440,museum/indoor ,0.09180288
17804,253796,85440,clothing_store ,0.048477534
17805,253796,85464,clean_room ,0.32483143
17806,253796,85464,dressing_room ,0.086149864
17807,253796,85464,museum/indoor ,0.053862765
17808,253796,85464,clothing_store ,0.042928644
17809,253796,85464,archive ,0.035960037
17810,253796,85488,locker_room ,0.18548968
17811,253796,85488,dressing_room ,0.18326783
17812,253796,85488,museum/indoor ,0.09772216
17813,253796,85488,clean_room ,0.0772832
17814,253796,85488,art_gallery ,0.063035846
17815,253796,85512,dressing_room ,0.31804603
17816,253796,85512,locker_room ,0.13578364
17817,253796,85512,clean_room ,0.066185445
17818,253796,85512,archive ,0.065996796
17819,253796,85512,clothing_store ,0.06365514
17820,253796,85536,dressing_room ,0.39329964
17821,253796,85536,locker_room ,0.1469362
17822,253796,85536,clothing_store ,0.06534135
17823,253796,85536,museum/indoor ,0.05773799
17824,253796,85536,clean_room ,0.05739227
17825,253796,85560,dressing_room ,0.2693588
17826,253796,85560,museum/indoor ,0.13324147
17827,253796,85560,locker_room ,0.12888247
17828,253796,85560,clean_room ,0.08609824
17829,253796,85560,clothing_store ,0.066376165
17830,253796,85584,dressing_room ,0.64073783
17831,253796,85584,clothing_store ,0.11204303
17832,253796,85584,museum/indoor ,0.0572404
17833,253796,85584,stage/indoor ,0.04236111
17834,253796,85584,clean_room ,0.03426126
17835,253796,85608,dressing_room ,0.43998474
17836,253796,85608,clothing_store ,0.19469984
17837,253796,85608,museum/indoor ,0.08639679
17838,253796,85608,art_gallery ,0.07367054
17839,253796,85608,clean_room ,0.045591515
17840,253796,85632,locker_room ,0.33831292
17841,253796,85632,dressing_room ,0.25935072
17842,253796,85632,clean_room ,0.24132088
17843,253796,85632,clothing_store ,0.07554249
17844,253796,85632,closet ,0.018292878
17845,253796,85656,clothing_store ,0.35190055
17846,253796,85656,dressing_room ,0.15993962
17847,253796,85656,museum/indoor ,0.13026468
17848,253796,85656,clean_room ,0.06085926
17849,253796,85656,jewelry_shop ,0.049567726
17850,253796,85680,clothing_store ,0.46222174
17851,253796,85680,martial_arts_gym ,0.12773657
17852,253796,85680,dressing_room ,0.08786736
17853,253796,85680,museum/indoor ,0.061186533
17854,253796,85680,locker_room ,0.05897977
17855,253796,85704,clothing_store ,0.5074832
17856,253796,85704,museum/indoor ,0.17542365
17857,253796,85704,clean_room ,0.06442401
17858,253796,85704,art_gallery ,0.046707578
17859,253796,85704,locker_room ,0.043703854
17860,253796,85728,museum/indoor ,0.26332492
17861,253796,85728,clothing_store ,0.2577122
17862,253796,85728,clean_room ,0.23473397
17863,253796,85728,art_gallery ,0.05306736
17864,253796,85728,locker_room ,0.050903533
17865,253796,85752,clothing_store ,0.30301347
17866,253796,85752,clean_room ,0.2450994
17867,253796,85752,museum/indoor ,0.1719804
17868,253796,85752,locker_room ,0.062624596
17869,253796,85752,art_gallery ,0.05471239
17870,253796,85776,clean_room ,0.25404808
17871,253796,85776,dressing_room ,0.24815027
17872,253796,85776,clothing_store ,0.23979703
17873,253796,85776,art_gallery ,0.09138033
17874,253796,85776,closet ,0.0612476
17875,253796,85800,clean_room ,0.51312387
17876,253796,85800,dressing_room ,0.06964386
17877,253796,85800,stage/indoor ,0.06888213
17878,253796,85800,art_gallery ,0.06393854
17879,253796,85800,clothing_store ,0.056921456
17880,253796,85824,clean_room ,0.8712466
17881,253796,85824,museum/indoor ,0.026391817
17882,253796,85824,science_museum ,0.017960466
17883,253796,85824,dressing_room ,0.017578142
17884,253796,85824,clothing_store ,0.016447645
17885,253796,85848,clean_room ,0.69290334
17886,253796,85848,locker_room ,0.038207084
17887,253796,85848,museum/indoor ,0.036919877
17888,253796,85848,archive ,0.03255273
17889,253796,85848,art_gallery ,0.02372333
17890,253796,85872,locker_room ,0.57091004
17891,253796,85872,clothing_store ,0.09698091
17892,253796,85872,clean_room ,0.05086248
17893,253796,85872,dressing_room ,0.040438473
17894,253796,85872,server_room ,0.03937011
17895,253796,85896,elevator/door ,0.21885803
17896,253796,85896,shower ,0.16751279
17897,253796,85896,elevator_lobby ,0.06919188
17898,253796,85896,barndoor ,0.06895361
17899,253796,85896,locker_room ,0.059851464
17900,253796,85920,elevator/door ,0.26810086
17901,253796,85920,barndoor ,0.16277453
17902,253796,85920,locker_room ,0.07471839
17903,253796,85920,elevator_lobby ,0.07385255
17904,253796,85920,shower ,0.05301567
17905,253796,85944,shower ,0.40677723
17906,253796,85944,clothing_store ,0.103150256
17907,253796,85944,elevator_lobby ,0.06591014
17908,253796,85944,elevator/door ,0.05841016
17909,253796,85944,clean_room ,0.057579223
17910,253796,85968,shower ,0.32983717
17911,253796,85968,bow_window/indoor ,0.16867848
17912,253796,85968,clothing_store ,0.14191139
17913,253796,85968,clean_room ,0.06812945
17914,253796,85968,closet ,0.054125488
17915,253796,85992,shower ,0.19218864
17916,253796,85992,clean_room ,0.17538922
17917,253796,85992,clothing_store ,0.16260393
17918,253796,85992,bow_window/indoor ,0.15085058
17919,253796,85992,closet ,0.065288655
17920,253796,86016,clean_room ,0.24802417
17921,253796,86016,shower ,0.1946671
17922,253796,86016,bow_window/indoor ,0.15518928
17923,253796,86016,clothing_store ,0.08272665
17924,253796,86016,closet ,0.04167038
17925,253796,86040,shower ,0.31712714
17926,253796,86040,clean_room ,0.2595118
17927,253796,86040,clothing_store ,0.06397252
17928,253796,86040,bow_window/indoor ,0.05774182
17929,253796,86040,closet ,0.04773503
17930,253796,86064,shower ,0.49918595
17931,253796,86064,clean_room ,0.09125117
17932,253796,86064,clothing_store ,0.06089884
17933,253796,86064,bow_window/indoor ,0.047011808
17934,253796,86064,closet ,0.038077712
17935,253796,86088,shower ,0.6365641
17936,253796,86088,closet ,0.052047756
17937,253796,86088,clothing_store ,0.041782856
17938,253796,86088,elevator/door ,0.036328554
17939,253796,86088,bow_window/indoor ,0.035731357
17940,253796,86112,shower ,0.2663187
17941,253796,86112,clean_room ,0.1096452
17942,253796,86112,bow_window/indoor ,0.07016804
17943,253796,86112,alcove ,0.06948942
17944,253796,86112,elevator_lobby ,0.0676918
17945,253796,86136,clean_room ,0.32374462
17946,253796,86136,museum/indoor ,0.19200689
17947,253796,86136,shower ,0.10117382
17948,253796,86136,art_gallery ,0.07893019
17949,253796,86136,clothing_store ,0.039325427
17950,253796,86160,clean_room ,0.4564896
17951,253796,86160,bow_window/indoor ,0.10920877
17952,253796,86160,clothing_store ,0.07650126
17953,253796,86160,museum/indoor ,0.0716851
17954,253796,86160,art_gallery ,0.06113718
17955,253796,86184,shower ,0.47424045
17956,253796,86184,bow_window/indoor ,0.39473706
17957,253796,86184,jail_cell ,0.014092795
17958,253796,86184,clean_room ,0.012373678
17959,253796,86184,hotel_room ,0.010470754
17960,253796,86208,bow_window/indoor ,0.7117429
17961,253796,86208,jail_cell ,0.094618
17962,253796,86208,bedroom ,0.061128724
17963,253796,86208,nursery ,0.021867115
17964,253796,86208,hospital_room ,0.018036183
17965,253796,86232,bow_window/indoor ,0.6023671
17966,253796,86232,jail_cell ,0.15633969
17967,253796,86232,clean_room ,0.06353033
17968,253796,86232,shower ,0.034961637
17969,253796,86232,hospital_room ,0.025398796
17970,253796,86256,bow_window/indoor ,0.5940818
17971,253796,86256,bedroom ,0.07375927
17972,253796,86256,aquarium ,0.06758837
17973,253796,86256,ice_shelf ,0.049867254
17974,253796,86256,iceberg ,0.03197161
17975,253796,86280,bow_window/indoor ,0.4025511
17976,253796,86280,clean_room ,0.14149219
17977,253796,86280,hospital_room ,0.045938134
17978,253796,86280,hotel_room ,0.04585486
17979,253796,86280,aquarium ,0.032306798
17980,253796,86304,hotel_room ,0.29468128
17981,253796,86304,shower ,0.16705142
17982,253796,86304,bedroom ,0.15806505
17983,253796,86304,bow_window/indoor ,0.07485443
17984,253796,86304,bedchamber ,0.045749333
17985,253796,86328,bow_window/indoor ,0.4651869
17986,253796,86328,hospital_room ,0.10220115
17987,253796,86328,bedroom ,0.08501888
17988,253796,86328,hotel_room ,0.0818707
17989,253796,86328,ice_shelf ,0.048241287
17990,253796,86352,bow_window/indoor ,0.6193857
17991,253796,86352,hospital_room ,0.078310505
17992,253796,86352,shower ,0.042749744
17993,253796,86352,hotel_room ,0.040118475
17994,253796,86352,bedroom ,0.027334195
17995,253796,86376,clean_room ,0.40477812
17996,253796,86376,aquarium ,0.15858604
17997,253796,86376,shower ,0.06544801
17998,253796,86376,bow_window/indoor ,0.05488545
17999,253796,86376,airport_terminal ,0.038241107
18000,253796,86400,clean_room ,0.598053
18001,253796,86400,aquarium ,0.053475976
18002,253796,86400,shower ,0.05114967
18003,253796,86400,airport_terminal ,0.048161827
18004,253796,86400,bow_window/indoor ,0.023609774
18005,253796,86424,clean_room ,0.6363329
18006,253796,86424,shower ,0.06762672
18007,253796,86424,aquarium ,0.031676136
18008,253796,86424,airport_terminal ,0.030857358
18009,253796,86424,bow_window/indoor ,0.020506317
18010,253796,86448,clean_room ,0.66711605
18011,253796,86448,shower ,0.046903465
18012,253796,86448,aquarium ,0.037605524
18013,253796,86448,airport_terminal ,0.03368177
18014,253796,86448,museum/indoor ,0.01780703
18015,253796,86472,clean_room ,0.6719305
18016,253796,86472,airport_terminal ,0.038446322
18017,253796,86472,shower ,0.029148037
18018,253796,86472,museum/indoor ,0.028897893
18019,253796,86472,aquarium ,0.023471324
18020,253796,86496,clean_room ,0.76973253
18021,253796,86496,shower ,0.03291733
18022,253796,86496,hospital_room ,0.016492706
18023,253796,86496,operating_room ,0.01575483
18024,253796,86496,airport_terminal ,0.012596931
18025,253796,86520,clean_room ,0.6016567
18026,253796,86520,shower ,0.034613244
18027,253796,86520,airport_terminal ,0.034055483
18028,253796,86520,aquarium ,0.024671132
18029,253796,86520,museum/indoor ,0.016715411
18030,253796,86544,clean_room ,0.37176868
18031,253796,86544,shower ,0.11160317
18032,253796,86544,airport_terminal ,0.06056878
18033,253796,86544,aquarium ,0.04580036
18034,253796,86544,museum/indoor ,0.030714547
18035,253796,86568,clean_room ,0.55800575
18036,253796,86568,airport_terminal ,0.06661585
18037,253796,86568,museum/indoor ,0.04982364
18038,253796,86568,shower ,0.04066516
18039,253796,86568,art_gallery ,0.03133801
18040,253796,86592,clean_room ,0.68905044
18041,253796,86592,airport_terminal ,0.05172742
18042,253796,86592,museum/indoor ,0.039696798
18043,253796,86592,shower ,0.032688793
18044,253796,86592,art_gallery ,0.019972494
18045,253796,86616,clean_room ,0.51284844
18046,253796,86616,airport_terminal ,0.08303931
18047,253796,86616,museum/indoor ,0.07143344
18048,253796,86616,art_gallery ,0.036624163
18049,253796,86616,shower ,0.033624474
18050,253796,86640,clean_room ,0.43646476
18051,253796,86640,museum/indoor ,0.10186282
18052,253796,86640,airport_terminal ,0.088351876
18053,253796,86640,art_gallery ,0.04182386
18054,253796,86640,aquarium ,0.031281635
18055,253796,86664,clean_room ,0.5379397
18056,253796,86664,airport_terminal ,0.06505304
18057,253796,86664,museum/indoor ,0.063953936
18058,253796,86664,art_gallery ,0.032437086
18059,253796,86664,shower ,0.031620238
18060,253796,86688,clean_room ,0.25563157
18061,253796,86688,shower ,0.14617094
18062,253796,86688,airport_terminal ,0.102112055
18063,253796,86688,aquarium ,0.051257297
18064,253796,86688,science_museum ,0.03609916
18065,253796,86712,clean_room ,0.59782636
18066,253796,86712,iceberg ,0.048259653
18067,253796,86712,museum/indoor ,0.044097852
18068,253796,86712,art_gallery ,0.042692848
18069,253796,86712,science_museum ,0.029020851
18070,253796,86736,clean_room ,0.46716556
18071,253796,86736,bow_window/indoor ,0.08570854
18072,253796,86736,hospital_room ,0.05023578
18073,253796,86736,discotheque ,0.048294906
18074,253796,86736,dressing_room ,0.032129686
18075,253796,86760,dressing_room ,0.72814906
18076,253796,86760,clean_room ,0.15954012
18077,253796,86760,discotheque ,0.025354885
18078,253796,86760,music_studio ,0.015170416
18079,253796,86760,chemistry_lab ,0.009420712
18080,253796,86784,dressing_room ,0.8650958
18081,253796,86784,clean_room ,0.038049407
18082,253796,86784,discotheque ,0.018414956
18083,253796,86784,beauty_salon ,0.014359851
18084,253796,86784,music_studio ,0.007742276
18085,253796,86808,dressing_room ,0.82060635
18086,253796,86808,clean_room ,0.08368029
18087,253796,86808,discotheque ,0.013325421
18088,253796,86808,beauty_salon ,0.0101860175
18089,253796,86808,art_gallery ,0.0075993002
18090,253796,86832,dressing_room ,0.87812513
18091,253796,86832,clean_room ,0.068231024
18092,253796,86832,hospital_room ,0.012879824
18093,253796,86832,beauty_salon ,0.0075399163
18094,253796,86832,operating_room ,0.0037935507
18095,253796,86856,dressing_room ,0.98575574
18096,253796,86856,clean_room ,0.0028398186
18097,253796,86856,beauty_salon ,0.0017243385
18098,253796,86856,bedroom ,0.0013934174
18099,253796,86856,hospital_room ,0.0011900301
18100,253796,86880,dressing_room ,0.953004
18101,253796,86880,bedroom ,0.011780739
18102,253796,86880,locker_room ,0.007578001
18103,253796,86880,sauna ,0.0047050365
18104,253796,86880,closet ,0.0039419797
18105,253796,86904,clean_room ,0.35527268
18106,253796,86904,clothing_store ,0.090258285
18107,253796,86904,museum/indoor ,0.07948818
18108,253796,86904,shower ,0.0659054
18109,253796,86904,dressing_room ,0.049779758
18110,253796,86928,clean_room ,0.3992482
18111,253796,86928,dressing_room ,0.38340804
18112,253796,86928,chemistry_lab ,0.070658915
18113,253796,86928,biology_laboratory ,0.020341188
18114,253796,86928,hospital_room ,0.01646441
18115,253796,86952,clean_room ,0.6984828
18116,253796,86952,chemistry_lab ,0.074114844
18117,253796,86952,art_gallery ,0.033424694
18118,253796,86952,dressing_room ,0.030933665
18119,253796,86952,biology_laboratory ,0.023308672
18120,253796,86976,clean_room ,0.5890485
18121,253796,86976,chemistry_lab ,0.18056549
18122,253796,86976,dressing_room ,0.040549006
18123,253796,86976,biology_laboratory ,0.027183672
18124,253796,86976,locker_room ,0.017396953
18125,253796,87000,clean_room ,0.28622636
18126,253796,87000,art_gallery ,0.17913255
18127,253796,87000,dressing_room ,0.06803165
18128,253796,87000,stage/indoor ,0.051347397
18129,253796,87000,discotheque ,0.035009757
18130,253796,87024,clean_room ,0.25527915
18131,253796,87024,locker_room ,0.17610238
18132,253796,87024,elevator/door ,0.09272867
18133,253796,87024,dressing_room ,0.0758165
18134,253796,87024,shower ,0.055157784
18135,253796,87048,clean_room ,0.7848142
18136,253796,87048,hospital_room ,0.03074055
18137,253796,87048,art_gallery ,0.021898339
18138,253796,87048,dressing_room ,0.0145648075
18139,253796,87048,chemistry_lab ,0.01435546
18140,253796,87072,clean_room ,0.2775232
18141,253796,87072,bow_window/indoor ,0.12523787
18142,253796,87072,clothing_store ,0.1108498
18143,253796,87072,ballroom ,0.108289085
18144,253796,87072,artists_loft ,0.06279388
18145,253796,87096,museum/indoor ,0.16186349
18146,253796,87096,shoe_shop ,0.083058774
18147,253796,87096,archive ,0.070184045
18148,253796,87096,nursery ,0.06687601
18149,253796,87096,locker_room ,0.0605566
18150,253796,87120,stage/indoor ,0.5847264
18151,253796,87120,arena/performance ,0.09176851
18152,253796,87120,music_studio ,0.08230463
18153,253796,87120,ballroom ,0.059513792
18154,253796,87120,discotheque ,0.025515964
18155,253796,87144,clean_room ,0.16998783
18156,253796,87144,art_gallery ,0.16051213
18157,253796,87144,shower ,0.11594782
18158,253796,87144,museum/indoor ,0.08095373
18159,253796,87144,elevator/door ,0.068395615
18160,253796,87168,shower ,0.5976303
18161,253796,87168,bathroom ,0.05355772
18162,253796,87168,elevator/door ,0.040167164
18163,253796,87168,barndoor ,0.03749388
18164,253796,87168,elevator_lobby ,0.031654976
18165,253796,87192,clean_room ,0.61906177
18166,253796,87192,museum/indoor ,0.17874452
18167,253796,87192,art_gallery ,0.074356906
18168,253796,87192,science_museum ,0.04782422
18169,253796,87192,artists_loft ,0.009393356
18170,253796,87216,museum/indoor ,0.8095218
18171,253796,87216,art_gallery ,0.059680227
18172,253796,87216,clean_room ,0.035568684
18173,253796,87216,elevator_lobby ,0.032749195
18174,253796,87216,science_museum ,0.010761487
18175,253796,87240,museum/indoor ,0.95603174
18176,253796,87240,art_gallery ,0.025708297
18177,253796,87240,stage/indoor ,0.0026303236
18178,253796,87240,natural_history_museum ,0.0019738474
18179,253796,87240,art_studio ,0.0016027513
18180,253796,87264,museum/indoor ,0.90799797
18181,253796,87264,art_gallery ,0.07016963
18182,253796,87264,artists_loft ,0.0044077695
18183,253796,87264,art_studio ,0.004074119
18184,253796,87264,natural_history_museum ,0.0019201317
18185,253796,87288,museum/indoor ,0.90889776
18186,253796,87288,art_gallery ,0.04680503
18187,253796,87288,artists_loft ,0.007833775
18188,253796,87288,art_studio ,0.006228883
18189,253796,87288,natural_history_museum ,0.0033147729
18190,253796,87312,museum/indoor ,0.9388811
18191,253796,87312,art_gallery ,0.02954077
18192,253796,87312,bow_window/indoor ,0.0064175837
18193,253796,87312,burial_chamber ,0.0054748026
18194,253796,87312,art_studio ,0.0049871774
18195,253796,87336,museum/indoor ,0.63051105
18196,253796,87336,art_gallery ,0.23045489
18197,253796,87336,artists_loft ,0.042750668
18198,253796,87336,art_studio ,0.022585109
18199,253796,87336,bow_window/indoor ,0.017971506
18200,253796,87360,museum/indoor ,0.7877522
18201,253796,87360,art_gallery ,0.09887012
18202,253796,87360,clean_room ,0.027530871
18203,253796,87360,bow_window/indoor ,0.021102231
18204,253796,87360,barndoor ,0.010711794
18205,253796,87384,museum/indoor ,0.22709845
18206,253796,87384,clean_room ,0.19206512
18207,253796,87384,clothing_store ,0.17754313
18208,253796,87384,dressing_room ,0.09278978
18209,253796,87384,art_gallery ,0.089824274
18210,253796,87408,elevator_lobby ,0.1259159
18211,253796,87408,shower ,0.122588605
18212,253796,87408,elevator/door ,0.12108926
18213,253796,87408,bow_window/indoor ,0.10478452
18214,253796,87408,art_gallery ,0.10206583
18215,253796,87432,shower ,0.8744386
18216,253796,87432,clean_room ,0.029138917
18217,253796,87432,science_museum ,0.025980957
18218,253796,87432,natural_history_museum ,0.024323665
18219,253796,87432,bathroom ,0.007721673
18220,253796,87456,museum/indoor ,0.8148019
18221,253796,87456,science_museum ,0.035464805
18222,253796,87456,clothing_store ,0.034993812
18223,253796,87456,shower ,0.030389687
18224,253796,87456,natural_history_museum ,0.023794496
18225,253796,87480,clean_room ,0.8466557
18226,253796,87480,museum/indoor ,0.06148696
18227,253796,87480,dressing_room ,0.020619528
18228,253796,87480,operating_room ,0.010667168
18229,253796,87480,art_gallery ,0.0106394
18230,253796,87504,museum/indoor ,0.64889157
18231,253796,87504,art_gallery ,0.31044796
18232,253796,87504,natural_history_museum ,0.016486311
18233,253796,87504,science_museum ,0.008480439
18234,253796,87504,clean_room ,0.008251276
18235,253796,87528,museum/indoor ,0.7694441
18236,253796,87528,art_gallery ,0.19395314
18237,253796,87528,clean_room ,0.019701561
18238,253796,87528,science_museum ,0.0064002182
18239,253796,87528,natural_history_museum ,0.0024940749
18240,253796,87552,museum/indoor ,0.7733386
18241,253796,87552,art_gallery ,0.19690074
18242,253796,87552,clean_room ,0.01201635
18243,253796,87552,science_museum ,0.0059002405
18244,253796,87552,natural_history_museum ,0.0023914976
18245,253796,87576,museum/indoor ,0.77017915
18246,253796,87576,art_gallery ,0.18900457
18247,253796,87576,clean_room ,0.020335374
18248,253796,87576,science_museum ,0.009516521
18249,253796,87576,natural_history_museum ,0.0024446694
18250,253796,87600,art_gallery ,0.40147346
18251,253796,87600,museum/indoor ,0.32668927
18252,253796,87600,clean_room ,0.1972464
18253,253796,87600,science_museum ,0.016996788
18254,253796,87600,natural_history_museum ,0.012957496
18255,253796,87624,museum/indoor ,0.40883622
18256,253796,87624,art_gallery ,0.24731325
18257,253796,87624,clean_room ,0.13404308
18258,253796,87624,science_museum ,0.05198845
18259,253796,87624,clothing_store ,0.02443633
18260,253796,87648,museum/indoor ,0.33739442
18261,253796,87648,art_gallery ,0.2867955
18262,253796,87648,clean_room ,0.14215615
18263,253796,87648,science_museum ,0.033736497
18264,253796,87648,art_studio ,0.025769709
18265,253796,87672,art_gallery ,0.3482374
18266,253796,87672,museum/indoor ,0.2712629
18267,253796,87672,clean_room ,0.106678136
18268,253796,87672,art_studio ,0.050058674
18269,253796,87672,science_museum ,0.03724876
18270,253796,87696,museum/indoor ,0.29637834
18271,253796,87696,art_gallery ,0.28573978
18272,253796,87696,art_studio ,0.08214658
18273,253796,87696,science_museum ,0.061770815
18274,253796,87696,clean_room ,0.058451537
18275,253796,87720,museum/indoor ,0.45630977
18276,253796,87720,art_gallery ,0.17268223
18277,253796,87720,science_museum ,0.08023021
18278,253796,87720,clean_room ,0.060269002
18279,253796,87720,art_studio ,0.046993174
18280,253796,87744,museum/indoor ,0.73175114
18281,253796,87744,art_gallery ,0.07836739
18282,253796,87744,archive ,0.059279844
18283,253796,87744,clean_room ,0.02954497
18284,253796,87744,science_museum ,0.020283392
18285,253796,87768,dressing_room ,0.32647762
18286,253796,87768,clothing_store ,0.2891535
18287,253796,87768,clean_room ,0.17441638
18288,253796,87768,museum/indoor ,0.14685708
18289,253796,87768,alcove ,0.014698142
18290,253796,87792,clean_room ,0.276871
18291,253796,87792,museum/indoor ,0.18352592
18292,253796,87792,clothing_store ,0.17936979
18293,253796,87792,dressing_room ,0.08215497
18294,253796,87792,art_gallery ,0.06857722
18295,253796,87816,clothing_store ,0.64978224
18296,253796,87816,museum/indoor ,0.10515606
18297,253796,87816,dressing_room ,0.04166617
18298,253796,87816,art_gallery ,0.04036704
18299,253796,87816,stage/indoor ,0.035664294
18300,253796,87840,art_gallery ,0.19327693
18301,253796,87840,clothing_store ,0.19177978
18302,253796,87840,museum/indoor ,0.15492472
18303,253796,87840,elevator/door ,0.07247781
18304,253796,87840,stage/indoor ,0.05237463
18305,253796,87864,clothing_store ,0.55629975
18306,253796,87864,clean_room ,0.35866174
18307,253796,87864,dressing_room ,0.023646018
18308,253796,87864,closet ,0.016580457
18309,253796,87864,shower ,0.005864723
18310,253796,87888,clean_room ,0.63111085
18311,253796,87888,clothing_store ,0.18223445
18312,253796,87888,stage/indoor ,0.030386372
18313,253796,87888,dressing_room ,0.02985132
18314,253796,87888,arena/performance ,0.014622086
18315,253796,87912,clean_room ,0.7634417
18316,253796,87912,art_gallery ,0.0885273
18317,253796,87912,museum/indoor ,0.08509245
18318,253796,87912,clothing_store ,0.010356525
18319,253796,87912,science_museum ,0.009987809
18320,253796,87936,clean_room ,0.6296353
18321,253796,87936,museum/indoor ,0.17167039
18322,253796,87936,art_gallery ,0.035375312
18323,253796,87936,chemistry_lab ,0.017678
18324,253796,87936,clothing_store ,0.017193288
18325,253796,87960,clean_room ,0.83708817
18326,253796,87960,clothing_store ,0.09611803
18327,253796,87960,dressing_room ,0.02165451
18328,253796,87960,museum/indoor ,0.009414769
18329,253796,87960,art_gallery ,0.004395678
18330,253796,87984,clean_room ,0.49359632
18331,253796,87984,stage/indoor ,0.072790146
18332,253796,87984,clothing_store ,0.046712346
18333,253796,87984,chemistry_lab ,0.043499693
18334,253796,87984,dressing_room ,0.04332066
18335,253796,88008,clean_room ,0.93028533
18336,253796,88008,locker_room ,0.018497704
18337,253796,88008,server_room ,0.013319877
18338,253796,88008,physics_laboratory ,0.0061306646
18339,253796,88008,chemistry_lab ,0.006010112
18340,253796,88032,clean_room ,0.4121583
18341,253796,88032,museum/indoor ,0.1472848
18342,253796,88032,science_museum ,0.13746782
18343,253796,88032,archive ,0.109629855
18344,253796,88032,chemistry_lab ,0.036168415
18345,253796,88056,chemistry_lab ,0.15542427
18346,253796,88056,shower ,0.11932605
18347,253796,88056,clean_room ,0.05490922
18348,253796,88056,locker_room ,0.03050144
18349,253796,88056,basement ,0.029404355
18350,253796,88080,chemistry_lab ,0.13144557
18351,253796,88080,shower ,0.12798046
18352,253796,88080,iceberg ,0.08436478
18353,253796,88080,ice_shelf ,0.06322388
18354,253796,88080,clean_room ,0.04546111
18355,253796,88104,ice_shelf ,0.20928575
18356,253796,88104,iceberg ,0.07076781
18357,253796,88104,art_gallery ,0.064457536
18358,253796,88104,shower ,0.058396284
18359,253796,88104,ice_floe ,0.050048955
18360,253796,88128,ice_shelf ,0.25891548
18361,253796,88128,iceberg ,0.10808947
18362,253796,88128,ice_floe ,0.07227455
18363,253796,88128,art_gallery ,0.06608288
18364,253796,88128,glacier ,0.03520656
18365,253796,88152,ice_shelf ,0.20338495
18366,253796,88152,art_gallery ,0.108340666
18367,253796,88152,iceberg ,0.068054155
18368,253796,88152,shower ,0.06317882
18369,253796,88152,museum/indoor ,0.052999318
18370,253796,88176,ice_shelf ,0.2658563
18371,253796,88176,art_gallery ,0.09283306
18372,253796,88176,museum/indoor ,0.064074844
18373,253796,88176,iceberg ,0.058557
18374,253796,88176,ice_floe ,0.04944436
18375,253796,88200,shower ,0.2958864
18376,253796,88200,bathroom ,0.2113129
18377,253796,88200,alcove ,0.1063856
18378,253796,88200,bow_window/indoor ,0.060948137
18379,253796,88200,barndoor ,0.033405665
18380,253796,88224,bathroom ,0.16321638
18381,253796,88224,alcove ,0.15541612
18382,253796,88224,shower ,0.12482136
18383,253796,88224,art_gallery ,0.09511557
18384,253796,88224,artists_loft ,0.08062862
18385,253796,88248,shower ,0.16426922
18386,253796,88248,bathroom ,0.15214175
18387,253796,88248,alcove ,0.104866885
18388,253796,88248,bow_window/indoor ,0.079061225
18389,253796,88248,burial_chamber ,0.065635785
18390,253796,88272,bathroom ,0.16866976
18391,253796,88272,alcove ,0.1394935
18392,253796,88272,shower ,0.12235095
18393,253796,88272,bow_window/indoor ,0.08475192
18394,253796,88272,burial_chamber ,0.07101116
18395,253796,88296,bathroom ,0.20180745
18396,253796,88296,shower ,0.14010938
18397,253796,88296,alcove ,0.08965273
18398,253796,88296,burial_chamber ,0.06549761
18399,253796,88296,bow_window/indoor ,0.06393797
18400,253796,88320,bathroom ,0.276421
18401,253796,88320,shower ,0.2467857
18402,253796,88320,burial_chamber ,0.053263657
18403,253796,88320,alcove ,0.041704465
18404,253796,88320,attic ,0.021769842
18405,253796,88344,bathroom ,0.18032011
18406,253796,88344,shower ,0.1348633
18407,253796,88344,burial_chamber ,0.06579927
18408,253796,88344,alcove ,0.06282456
18409,253796,88344,art_gallery ,0.052604843
18410,253796,88368,art_gallery ,0.14609464
18411,253796,88368,bathroom ,0.11840879
18412,253796,88368,burial_chamber ,0.08367608
18413,253796,88368,shower ,0.0834669
18414,253796,88368,museum/indoor ,0.06164967
18415,253796,88392,burial_chamber ,0.13395339
18416,253796,88392,bathroom ,0.13155212
18417,253796,88392,shower ,0.09109442
18418,253796,88392,alcove ,0.074190944
18419,253796,88392,art_gallery ,0.06105094
18420,253796,88416,museum/indoor ,0.55553144
18421,253796,88416,art_gallery ,0.12275225
18422,253796,88416,science_museum ,0.07194402
18423,253796,88416,natural_history_museum ,0.06832629
18424,253796,88416,shower ,0.058489684
18425,253796,88440,museum/indoor ,0.60461915
18426,253796,88440,art_gallery ,0.118758895
18427,253796,88440,science_museum ,0.05550877
18428,253796,88440,natural_history_museum ,0.035708725
18429,253796,88440,shower ,0.030325655
18430,253796,88464,museum/indoor ,0.59064436
18431,253796,88464,art_gallery ,0.11595724
18432,253796,88464,science_museum ,0.06288009
18433,253796,88464,shower ,0.044692155
18434,253796,88464,natural_history_museum ,0.039527994
18435,253796,88488,museum/indoor ,0.6343486
18436,253796,88488,art_gallery ,0.12325729
18437,253796,88488,science_museum ,0.047156047
18438,253796,88488,natural_history_museum ,0.038455065
18439,253796,88488,shower ,0.022653518
18440,253796,88512,bathroom ,0.27571216
18441,253796,88512,shower ,0.14750695
18442,253796,88512,alcove ,0.07193095
18443,253796,88512,burial_chamber ,0.056321308
18444,253796,88512,clean_room ,0.03823094
18445,253796,88536,bathroom ,0.3333921
18446,253796,88536,shower ,0.24692005
18447,253796,88536,art_gallery ,0.050059658
18448,253796,88536,museum/indoor ,0.048574556
18449,253796,88536,bow_window/indoor ,0.042165194
18450,253796,88560,shower ,0.5089552
18451,253796,88560,bathroom ,0.2973682
18452,253796,88560,alcove ,0.03665877
18453,253796,88560,sauna ,0.01817776
18454,253796,88560,burial_chamber ,0.015286399
18455,253796,88584,museum/indoor ,0.7708052
18456,253796,88584,clean_room ,0.07084313
18457,253796,88584,art_gallery ,0.06715786
18458,253796,88584,archive ,0.01677119
18459,253796,88584,science_museum ,0.013042932
18460,253796,88608,museum/indoor ,0.34979185
18461,253796,88608,art_gallery ,0.08691717
18462,253796,88608,physics_laboratory ,0.079444714
18463,253796,88608,science_museum ,0.04982701
18464,253796,88608,classroom ,0.046880584
18465,253796,88632,museum/indoor ,0.5687095
18466,253796,88632,art_gallery ,0.12356225
18467,253796,88632,classroom ,0.08088208
18468,253796,88632,science_museum ,0.04890019
18469,253796,88632,archive ,0.027381748
18470,253796,88656,museum/indoor ,0.5168436
18471,253796,88656,art_gallery ,0.11758988
18472,253796,88656,classroom ,0.092742406
18473,253796,88656,science_museum ,0.049420368
18474,253796,88656,lecture_room ,0.0359837
18475,253796,88680,museum/indoor ,0.56381935
18476,253796,88680,art_gallery ,0.09640726
18477,253796,88680,classroom ,0.078901954
18478,253796,88680,science_museum ,0.060679678
18479,253796,88680,lecture_room ,0.02844535
18480,253796,88704,museum/indoor ,0.66230386
18481,253796,88704,art_gallery ,0.16148163
18482,253796,88704,science_museum ,0.041915733
18483,253796,88704,classroom ,0.025568448
18484,253796,88704,shower ,0.017158134
18485,253796,88728,museum/indoor ,0.3490884
18486,253796,88728,classroom ,0.2267886
18487,253796,88728,lecture_room ,0.104578994
18488,253796,88728,art_gallery ,0.10430261
18489,253796,88728,art_studio ,0.026228787
18490,253796,88752,museum/indoor ,0.4288403
18491,253796,88752,art_gallery ,0.12531139
18492,253796,88752,classroom ,0.083725326
18493,253796,88752,stage/indoor ,0.050456807
18494,253796,88752,art_studio ,0.041684214
18495,253796,88776,museum/indoor ,0.47395873
18496,253796,88776,classroom ,0.12540166
18497,253796,88776,art_gallery ,0.09361005
18498,253796,88776,archive ,0.072840124
18499,253796,88776,lecture_room ,0.046207745
18500,253796,88800,clean_room ,0.37772658
18501,253796,88800,museum/indoor ,0.14040844
18502,253796,88800,science_museum ,0.047982648
18503,253796,88800,art_gallery ,0.046252385
18504,253796,88800,operating_room ,0.045221988
18505,253796,88824,shower ,0.31343323
18506,253796,88824,alcove ,0.24654292
18507,253796,88824,bathroom ,0.180632
18508,253796,88824,jacuzzi/indoor ,0.023411235
18509,253796,88824,clean_room ,0.021548895
18510,253796,88848,shower ,0.4975841
18511,253796,88848,bathroom ,0.26262307
18512,253796,88848,alcove ,0.026313186
18513,253796,88848,jacuzzi/indoor ,0.024549752
18514,253796,88848,sauna ,0.01251962
18515,253796,88872,shower ,0.33824828
18516,253796,88872,bathroom ,0.33717996
18517,253796,88872,jacuzzi/indoor ,0.109046295
18518,253796,88872,alcove ,0.028919024
18519,253796,88872,art_gallery ,0.025634412
18520,253796,88896,shower ,0.35914373
18521,253796,88896,bathroom ,0.30491617
18522,253796,88896,jacuzzi/indoor ,0.050271913
18523,253796,88896,bow_window/indoor ,0.03111536
18524,253796,88896,alcove ,0.028857183
18525,253796,88920,bathroom ,0.36994514
18526,253796,88920,shower ,0.32816607
18527,253796,88920,jacuzzi/indoor ,0.035179775
18528,253796,88920,bow_window/indoor ,0.03012096
18529,253796,88920,alcove ,0.029425047
18530,253796,88944,shower ,0.22789176
18531,253796,88944,bathroom ,0.14480321
18532,253796,88944,barndoor ,0.06362091
18533,253796,88944,jail_cell ,0.04840543
18534,253796,88944,alcove ,0.03892961
18535,253796,88968,shower ,0.19559668
18536,253796,88968,bathroom ,0.154145
18537,253796,88968,locker_room ,0.10646899
18538,253796,88968,elevator/door ,0.09961375
18539,253796,88968,barndoor ,0.061808065
18540,253796,88992,elevator/door ,0.25979507
18541,253796,88992,shower ,0.16664648
18542,253796,88992,barndoor ,0.06634833
18543,253796,88992,elevator_lobby ,0.062131483
18544,253796,88992,bank_vault ,0.03891734
18545,253796,89016,elevator/door ,0.26769063
18546,253796,89016,barndoor ,0.15471527
18547,253796,89016,closet ,0.08368125
18548,253796,89016,elevator_lobby ,0.07910693
18549,253796,89016,locker_room ,0.058581106
18550,253796,89040,elevator/door ,0.32685962
18551,253796,89040,elevator_lobby ,0.1042428
18552,253796,89040,shower ,0.07913564
18553,253796,89040,locker_room ,0.0790079
18554,253796,89040,closet ,0.056242175
18555,253796,89064,shower ,0.39229086
18556,253796,89064,locker_room ,0.2328986
18557,253796,89064,elevator/door ,0.079282045
18558,253796,89064,jail_cell ,0.059649304
18559,253796,89064,bathroom ,0.039935723
18560,253796,89088,shower ,0.39259008
18561,253796,89088,locker_room ,0.2957677
18562,253796,89088,elevator/door ,0.08769364
18563,253796,89088,bank_vault ,0.0557909
18564,253796,89088,elevator_lobby ,0.03162962
18565,253796,89112,shower ,0.55513275
18566,253796,89112,locker_room ,0.15542105
18567,253796,89112,elevator/door ,0.087964274
18568,253796,89112,basement ,0.029771963
18569,253796,89112,elevator_lobby ,0.029759347
18570,253796,89136,locker_room ,0.32459614
18571,253796,89136,elevator/door ,0.3009686
18572,253796,89136,bank_vault ,0.12905276
18573,253796,89136,elevator_lobby ,0.092690304
18574,253796,89136,shower ,0.061267998
18575,253796,89160,locker_room ,0.26496637
18576,253796,89160,elevator/door ,0.1897279
18577,253796,89160,shower ,0.16009137
18578,253796,89160,closet ,0.0690724
18579,253796,89160,elevator_lobby ,0.06515496
18580,253796,89184,shower ,0.20235349
18581,253796,89184,elevator/door ,0.1733779
18582,253796,89184,locker_room ,0.15546781
18583,253796,89184,bank_vault ,0.072626434
18584,253796,89184,elevator_lobby ,0.06426302
18585,253796,89208,locker_room ,0.3298748
18586,253796,89208,elevator/door ,0.18245757
18587,253796,89208,server_room ,0.09076533
18588,253796,89208,elevator_lobby ,0.0792798
18589,253796,89208,bank_vault ,0.07714056
18590,253796,89232,locker_room ,0.25742632
18591,253796,89232,bank_vault ,0.22391602
18592,253796,89232,elevator/door ,0.13150984
18593,253796,89232,server_room ,0.09549655
18594,253796,89232,barndoor ,0.061518356
18595,253796,89256,locker_room ,0.36749497
18596,253796,89256,elevator/door ,0.16540587
18597,253796,89256,bank_vault ,0.08013152
18598,253796,89256,elevator_lobby ,0.06743788
18599,253796,89256,server_room ,0.062272992
18600,253796,89280,bank_vault ,0.26799536
18601,253796,89280,locker_room ,0.18193796
18602,253796,89280,elevator/door ,0.17579687
18603,253796,89280,server_room ,0.06216969
18604,253796,89280,elevator_lobby ,0.055357974
18605,253796,89304,bank_vault ,0.4233152
18606,253796,89304,elevator/door ,0.19657224
18607,253796,89304,locker_room ,0.09346317
18608,253796,89304,elevator_lobby ,0.053947855
18609,253796,89304,barndoor ,0.047471963
18610,253796,89328,bank_vault ,0.34274456
18611,253796,89328,elevator/door ,0.21936151
18612,253796,89328,locker_room ,0.15697706
18613,253796,89328,elevator_lobby ,0.07133695
18614,253796,89328,server_room ,0.049140345
18615,253796,89352,elevator/door ,0.28095454
18616,253796,89352,bank_vault ,0.1961938
18617,253796,89352,locker_room ,0.13828573
18618,253796,89352,shower ,0.06873091
18619,253796,89352,elevator_lobby ,0.067361854
18620,253796,89376,bank_vault ,0.38296917
18621,253796,89376,elevator/door ,0.1768623
18622,253796,89376,locker_room ,0.17385316
18623,253796,89376,server_room ,0.074311666
18624,253796,89376,elevator_lobby ,0.04983645
18625,253796,89400,bank_vault ,0.2802457
18626,253796,89400,elevator/door ,0.19271366
18627,253796,89400,shower ,0.12136148
18628,253796,89400,locker_room ,0.09373501
18629,253796,89400,elevator_lobby ,0.058414757
18630,253796,89424,elevator/door ,0.35584003
18631,253796,89424,elevator_lobby ,0.11465107
18632,253796,89424,bank_vault ,0.11424854
18633,253796,89424,shower ,0.07539488
18634,253796,89424,locker_room ,0.06833572
18635,253796,89448,bank_vault ,0.20700853
18636,253796,89448,elevator/door ,0.15795472
18637,253796,89448,shower ,0.11878501
18638,253796,89448,server_room ,0.09572871
18639,253796,89448,barndoor ,0.066608176
18640,253796,89472,shower ,0.31177962
18641,253796,89472,elevator/door ,0.11791579
18642,253796,89472,server_room ,0.07502325
18643,253796,89472,bank_vault ,0.07366455
18644,253796,89472,locker_room ,0.046437502
18645,253796,89496,elevator/door ,0.2369267
18646,253796,89496,bank_vault ,0.23052852
18647,253796,89496,barndoor ,0.084652856
18648,253796,89496,shower ,0.07454142
18649,253796,89496,elevator_lobby ,0.06298421
18650,253796,89520,locker_room ,0.14373201
18651,253796,89520,shower ,0.14102432
18652,253796,89520,museum/indoor ,0.10666912
18653,253796,89520,elevator_lobby ,0.059717666
18654,253796,89520,art_gallery ,0.042759366
18655,253796,89544,shower ,0.15273876
18656,253796,89544,elevator/door ,0.14681952
18657,253796,89544,server_room ,0.10223017
18658,253796,89544,bank_vault ,0.075553544
18659,253796,89544,elevator_lobby ,0.0607333
18660,253796,89568,shower ,0.3074657
18661,253796,89568,bank_vault ,0.27856848
18662,253796,89568,elevator/door ,0.0781133
18663,253796,89568,server_room ,0.07385291
18664,253796,89568,art_gallery ,0.03144033
18665,253796,89592,elevator/door ,0.18334374
18666,253796,89592,shower ,0.17007563
18667,253796,89592,bank_vault ,0.09664475
18668,253796,89592,server_room ,0.08310685
18669,253796,89592,art_gallery ,0.07657463
18670,253796,89616,bank_vault ,0.1710929
18671,253796,89616,elevator/door ,0.13397025
18672,253796,89616,server_room ,0.111719415
18673,253796,89616,shower ,0.09911559
18674,253796,89616,locker_room ,0.07954168
18675,253796,89640,elevator/door ,0.2199418
18676,253796,89640,locker_room ,0.108725354
18677,253796,89640,elevator_lobby ,0.09077899
18678,253796,89640,shower ,0.08296622
18679,253796,89640,server_room ,0.050350647
18680,253796,89664,locker_room ,0.23221745
18681,253796,89664,elevator/door ,0.18010859
18682,253796,89664,shower ,0.10108001
18683,253796,89664,elevator_lobby ,0.079019
18684,253796,89664,closet ,0.068946555
18685,253796,89688,locker_room ,0.345127
18686,253796,89688,elevator/door ,0.074313186
18687,253796,89688,server_room ,0.067700975
18688,253796,89688,elevator_lobby ,0.055490177
18689,253796,89688,closet ,0.054485343
18690,253796,89712,locker_room ,0.305104
18691,253796,89712,elevator/door ,0.12776908
18692,253796,89712,jail_cell ,0.07269357
18693,253796,89712,corridor ,0.07206286
18694,253796,89712,elevator_lobby ,0.062617294
18695,253796,89736,bow_window/indoor ,0.40695593
18696,253796,89736,shower ,0.1255729
18697,253796,89736,jail_cell ,0.0919705
18698,253796,89736,closet ,0.074839234
18699,253796,89736,corridor ,0.030333094
18700,253796,89760,bow_window/indoor ,0.93446
18701,253796,89760,jail_cell ,0.0071020876
18702,253796,89760,nursery ,0.0068781786
18703,253796,89760,alcove ,0.005070461
18704,253796,89760,closet ,0.0039807847
18705,253796,89784,bow_window/indoor ,0.97747225
18706,253796,89784,nursery ,0.004441896
18707,253796,89784,alcove ,0.0021926411
18708,253796,89784,closet ,0.0020013254
18709,253796,89784,jail_cell ,0.0018180764
18710,253796,89808,bow_window/indoor ,0.9844156
18711,253796,89808,alcove ,0.0035408451
18712,253796,89808,nursery ,0.0023102548
18713,253796,89808,jail_cell ,0.0019310075
18714,253796,89808,attic ,0.0014371796
18715,253796,89832,bow_window/indoor ,0.97619814
18716,253796,89832,nursery ,0.011173246
18717,253796,89832,jail_cell ,0.0039341515
18718,253796,89832,alcove ,0.00196873
18719,253796,89832,barndoor ,0.0018910678
18720,253796,89856,bow_window/indoor ,0.9905833
18721,253796,89856,alcove ,0.0020951265
18722,253796,89856,jail_cell ,0.0020404486
18723,253796,89856,nursery ,0.001638524
18724,253796,89856,barndoor ,0.00092687923
18725,253796,89880,bow_window/indoor ,0.98755044
18726,253796,89880,jail_cell ,0.0028180769
18727,253796,89880,alcove ,0.0024195192
18728,253796,89880,nursery ,0.0017040694
18729,253796,89880,barndoor ,0.0012914578
18730,253796,89904,bow_window/indoor ,0.986686
18731,253796,89904,jail_cell ,0.0036348966
18732,253796,89904,alcove ,0.002351651
18733,253796,89904,nursery ,0.0015700042
18734,253796,89904,barndoor ,0.0013321377
18735,253796,89928,bow_window/indoor ,0.99046916
18736,253796,89928,jail_cell ,0.00253303
18737,253796,89928,alcove ,0.0018307513
18738,253796,89928,barndoor ,0.0009565342
18739,253796,89928,nursery ,0.0008285562
18740,253796,89952,bow_window/indoor ,0.9913003
18741,253796,89952,jail_cell ,0.0029411744
18742,253796,89952,barndoor ,0.0020884352
18743,253796,89952,alcove ,0.0013649754
18744,253796,89952,closet ,0.00043749186
18745,253796,89976,bow_window/indoor ,0.9766183
18746,253796,89976,jail_cell ,0.009318884
18747,253796,89976,shower ,0.002784426
18748,253796,89976,barndoor ,0.002363903
18749,253796,89976,alcove ,0.0020796615
18750,253796,90000,bow_window/indoor ,0.17875142
18751,253796,90000,art_gallery ,0.14158659
18752,253796,90000,alcove ,0.11621376
18753,253796,90000,artists_loft ,0.09843305
18754,253796,90000,dressing_room ,0.08674669
18755,253796,90024,dressing_room ,0.22396009
18756,253796,90024,alcove ,0.109304845
18757,253796,90024,closet ,0.089294575
18758,253796,90024,bow_window/indoor ,0.079719074
18759,253796,90024,art_gallery ,0.06860588
18760,253796,90048,dressing_room ,0.13876648
18761,253796,90048,alcove ,0.09766976
18762,253796,90048,art_gallery ,0.09464595
18763,253796,90048,museum/indoor ,0.08777239
18764,253796,90048,sauna ,0.05865902
18765,253796,90072,dressing_room ,0.2275321
18766,253796,90072,closet ,0.10802781
18767,253796,90072,alcove ,0.10546318
18768,253796,90072,nursery ,0.06691875
18769,253796,90072,bathroom ,0.049393453
18770,253796,90096,sauna ,0.1404996
18771,253796,90096,dressing_room ,0.12859556
18772,253796,90096,closet ,0.101106726
18773,253796,90096,nursery ,0.07205767
18774,253796,90096,museum/indoor ,0.06748868
18775,253796,90120,clean_room ,0.2355037
18776,253796,90120,dressing_room ,0.12592508
18777,253796,90120,museum/indoor ,0.07997612
18778,253796,90120,bow_window/indoor ,0.045224365
18779,253796,90120,closet ,0.042998288
18780,253796,90144,bow_window/indoor ,0.27280068
18781,253796,90144,alcove ,0.12228521
18782,253796,90144,museum/indoor ,0.06378848
18783,253796,90144,closet ,0.056206927
18784,253796,90144,sauna ,0.041818984
18785,253796,90168,bow_window/indoor ,0.51179415
18786,253796,90168,alcove ,0.14708443
18787,253796,90168,bathroom ,0.05429356
18788,253796,90168,closet ,0.04740993
18789,253796,90168,shower ,0.0404347
18790,253796,90192,alcove ,0.19770633
18791,253796,90192,bow_window/indoor ,0.12486102
18792,253796,90192,closet ,0.08001026
18793,253796,90192,pantry ,0.07002028
18794,253796,90192,wet_bar ,0.050594356
18795,253796,90216,alcove ,0.1512979
18796,253796,90216,bow_window/indoor ,0.1312036
18797,253796,90216,wet_bar ,0.072021075
18798,253796,90216,closet ,0.055123106
18799,253796,90216,pantry ,0.05460801
18800,253796,90240,bow_window/indoor ,0.1830773
18801,253796,90240,alcove ,0.10504947
18802,253796,90240,clean_room ,0.069555104
18803,253796,90240,museum/indoor ,0.057936143
18804,253796,90240,wet_bar ,0.04082238
18805,253796,90264,bow_window/indoor ,0.21995266
18806,253796,90264,clean_room ,0.09454187
18807,253796,90264,alcove ,0.06194221
18808,253796,90264,pantry ,0.053024337
18809,253796,90264,kitchen ,0.049213074
18810,253796,90288,locker_room ,0.4712534
18811,253796,90288,clean_room ,0.09894931
18812,253796,90288,shower ,0.08604198
18813,253796,90288,chemistry_lab ,0.06370934
18814,253796,90288,gymnasium/indoor ,0.040316455
18815,253796,90312,shower ,0.26066843
18816,253796,90312,locker_room ,0.24745888
18817,253796,90312,bow_window/indoor ,0.12401597
18818,253796,90312,nursery ,0.080518916
18819,253796,90312,closet ,0.037536625
18820,253796,90336,locker_room ,0.28351626
18821,253796,90336,shower ,0.2122218
18822,253796,90336,museum/indoor ,0.078067794
18823,253796,90336,clean_room ,0.07529134
18824,253796,90336,dressing_room ,0.0595273
18825,253796,90360,locker_room ,0.64528203
18826,253796,90360,clean_room ,0.11140284
18827,253796,90360,dressing_room ,0.07099595
18828,253796,90360,closet ,0.052227058
18829,253796,90360,nursery ,0.03101033
18830,253796,90384,locker_room ,0.45015556
18831,253796,90384,dressing_room ,0.12268015
18832,253796,90384,clean_room ,0.117143065
18833,253796,90384,closet ,0.06405115
18834,253796,90384,nursery ,0.062835954
18835,253796,90408,locker_room ,0.36766568
18836,253796,90408,dressing_room ,0.10822203
18837,253796,90408,clean_room ,0.092561305
18838,253796,90408,nursery ,0.08065105
18839,253796,90408,shower ,0.07229645
18840,253796,90432,locker_room ,0.36568934
18841,253796,90432,clean_room ,0.17997311
18842,253796,90432,museum/indoor ,0.11649096
18843,253796,90432,shower ,0.109998256
18844,253796,90432,dressing_room ,0.06908123
18845,253796,90456,clean_room ,0.6379689
18846,253796,90456,museum/indoor ,0.12147817
18847,253796,90456,art_gallery ,0.06317381
18848,253796,90456,locker_room ,0.03102888
18849,253796,90456,dressing_room ,0.016453048
18850,253796,90480,clean_room ,0.35758787
18851,253796,90480,art_gallery ,0.15325518
18852,253796,90480,shower ,0.12423785
18853,253796,90480,museum/indoor ,0.1058654
18854,253796,90480,dressing_room ,0.026152642
18855,253796,90504,art_gallery ,0.39394143
18856,253796,90504,museum/indoor ,0.26935378
18857,253796,90504,artists_loft ,0.08310848
18858,253796,90504,alcove ,0.045627546
18859,253796,90504,art_studio ,0.040500537
18860,253796,90528,museum/indoor ,0.19062573
18861,253796,90528,art_gallery ,0.09448103
18862,253796,90528,clean_room ,0.08576439
18863,253796,90528,science_museum ,0.04798342
18864,253796,90528,archive ,0.04182122
18865,253796,90552,museum/indoor ,0.24917328
18866,253796,90552,art_gallery ,0.16134083
18867,253796,90552,clean_room ,0.07361314
18868,253796,90552,shower ,0.06510295
18869,253796,90552,science_museum ,0.06056184
18870,253796,90576,art_gallery ,0.3547404
18871,253796,90576,museum/indoor ,0.11551329
18872,253796,90576,clean_room ,0.104550265
18873,253796,90576,shower ,0.07209879
18874,253796,90576,science_museum ,0.06821956
18875,253796,90600,stage/indoor ,0.14385772
18876,253796,90600,museum/indoor ,0.11458721
18877,253796,90600,discotheque ,0.102791995
18878,253796,90600,science_museum ,0.08189409
18879,253796,90600,natural_history_museum ,0.06762722
18880,253796,90624,shower ,0.1992395
18881,253796,90624,science_museum ,0.107888535
18882,253796,90624,aquarium ,0.073964775
18883,253796,90624,museum/indoor ,0.07384194
18884,253796,90624,natural_history_museum ,0.068374895
18885,253796,90648,aquarium ,0.19924696
18886,253796,90648,shower ,0.17748588
18887,253796,90648,natural_history_museum ,0.12928131
18888,253796,90648,science_museum ,0.076864466
18889,253796,90648,clean_room ,0.072401874
18890,253796,90672,shower ,0.20315921
18891,253796,90672,clean_room ,0.15120564
18892,253796,90672,natural_history_museum ,0.114501886
18893,253796,90672,chemistry_lab ,0.08132838
18894,253796,90672,art_gallery ,0.07631876
18895,253796,90696,clean_room ,0.08076771
18896,253796,90696,discotheque ,0.059763465
18897,253796,90696,ballroom ,0.051279966
18898,253796,90696,bow_window/indoor ,0.04353764
18899,253796,90696,attic ,0.041302342
18900,253796,90720,stage/indoor ,0.15263268
18901,253796,90720,clean_room ,0.06396477
18902,253796,90720,locker_room ,0.06228244
18903,253796,90720,corridor ,0.05742071
18904,253796,90720,basement ,0.04887789
18905,253796,90744,server_room ,0.22511578
18906,253796,90744,locker_room ,0.18695727
18907,253796,90744,clean_room ,0.16417554
18908,253796,90744,corridor ,0.15780523
18909,253796,90744,elevator/door ,0.049486805
18910,253796,90768,staircase ,0.34431773
18911,253796,90768,shower ,0.07654815
18912,253796,90768,museum/indoor ,0.06942159
18913,253796,90768,clothing_store ,0.042186327
18914,253796,90768,dressing_room ,0.03832572
18915,253796,90792,staircase ,0.48487964
18916,253796,90792,entrance_hall ,0.19164464
18917,253796,90792,corridor ,0.107835785
18918,253796,90792,attic ,0.07315396
18919,253796,90792,mezzanine ,0.069806516
18920,253796,90816,clean_room ,0.2951644
18921,253796,90816,art_gallery ,0.09922777
18922,253796,90816,shower ,0.07772742
18923,253796,90816,locker_room ,0.05548501
18924,253796,90816,closet ,0.04460019
18925,253796,90840,clean_room ,0.54481685
18926,253796,90840,bank_vault ,0.088783324
18927,253796,90840,shower ,0.06793362
18928,253796,90840,elevator/door ,0.040306203
18929,253796,90840,museum/indoor ,0.035619814
18930,253796,90864,museum/indoor ,0.14903203
18931,253796,90864,art_gallery ,0.1140704
18932,253796,90864,elevator/door ,0.066678174
18933,253796,90864,elevator_lobby ,0.049703352
18934,253796,90864,nursery ,0.04302897
18935,253796,90888,shower ,0.19496958
18936,253796,90888,locker_room ,0.15713604
18937,253796,90888,elevator/door ,0.10232065
18938,253796,90888,basement ,0.04887347
18939,253796,90888,classroom ,0.047846332
18940,253796,90912,art_gallery ,0.0851836
18941,253796,90912,elevator_lobby ,0.07948412
18942,253796,90912,elevator/door ,0.07903713
18943,253796,90912,classroom ,0.07851542
18944,253796,90912,corridor ,0.06542421
18945,253796,90936,art_gallery ,0.110428125
18946,253796,90936,artists_loft ,0.09289093
18947,253796,90936,museum/indoor ,0.08491279
18948,253796,90936,bow_window/indoor ,0.07404255
18949,253796,90936,elevator_lobby ,0.05036475
18950,253796,90960,bow_window/indoor ,0.33177763
18951,253796,90960,shower ,0.21992724
18952,253796,90960,art_gallery ,0.061894696
18953,253796,90960,alcove ,0.04955397
18954,253796,90960,artists_loft ,0.03725963
18955,253796,90984,shower ,0.8347865
18956,253796,90984,bathroom ,0.03622203
18957,253796,90984,elevator/door ,0.020335952
18958,253796,90984,alcove ,0.01558741
18959,253796,90984,elevator_lobby ,0.01315972
18960,253796,91008,locker_room ,0.13808906
18961,253796,91008,alcove ,0.13147861
18962,253796,91008,art_gallery ,0.09345823
18963,253796,91008,jail_cell ,0.078583285
18964,253796,91008,museum/indoor ,0.06999147
18965,253796,91032,bank_vault ,0.20890373
18966,253796,91032,shower ,0.20105466
18967,253796,91032,locker_room ,0.10131838
18968,253796,91032,elevator/door ,0.06782822
18969,253796,91032,museum/indoor ,0.047302336
18970,253796,91056,art_gallery ,0.16958342
18971,253796,91056,museum/indoor ,0.13632064
18972,253796,91056,shower ,0.12037381
18973,253796,91056,chemistry_lab ,0.08071799
18974,253796,91056,locker_room ,0.04929606
18975,253796,91080,locker_room ,0.66076005
18976,253796,91080,closet ,0.07367751
18977,253796,91080,archive ,0.027972365
18978,253796,91080,dressing_room ,0.024679735
18979,253796,91080,shower ,0.023125218
18980,253796,91104,locker_room ,0.5460746
18981,253796,91104,closet ,0.10903815
18982,253796,91104,bank_vault ,0.047824893
18983,253796,91104,elevator/door ,0.037717342
18984,253796,91104,shower ,0.027986038
18985,253796,91128,locker_room ,0.40445426
18986,253796,91128,shower ,0.11944249
18987,253796,91128,bank_vault ,0.068998456
18988,253796,91128,server_room ,0.06427343
18989,253796,91128,basement ,0.030339161
18990,253796,91152,locker_room ,0.64382035
18991,253796,91152,shower ,0.06166927
18992,253796,91152,bank_vault ,0.05645294
18993,253796,91152,elevator/door ,0.030664612
18994,253796,91152,closet ,0.025820294
18995,253796,91176,locker_room ,0.5227318
18996,253796,91176,shower ,0.20162122
18997,253796,91176,bank_vault ,0.040424738
18998,253796,91176,elevator/door ,0.033357486
18999,253796,91176,bathroom ,0.032939352
19000,253796,91200,locker_room ,0.29422933
19001,253796,91200,shower ,0.16447198
19002,253796,91200,closet ,0.13006072
19003,253796,91200,elevator/door ,0.045744076
19004,253796,91200,bathroom ,0.04467066
19005,253796,91224,elevator/door ,0.08400422
19006,253796,91224,art_gallery ,0.065950416
19007,253796,91224,barndoor ,0.058768913
19008,253796,91224,locker_room ,0.05455981
19009,253796,91224,museum/indoor ,0.044976957
19010,253796,91248,natural_history_museum ,0.3512745
19011,253796,91248,museum/indoor ,0.15834618
19012,253796,91248,science_museum ,0.13722014
19013,253796,91248,shower ,0.07221377
19014,253796,91248,aquarium ,0.05394794
19015,253796,91272,museum/indoor ,0.121386394
19016,253796,91272,art_gallery ,0.08132091
19017,253796,91272,archive ,0.07500613
19018,253796,91272,clean_room ,0.073816955
19019,253796,91272,science_museum ,0.06963798
19020,253796,91296,museum/indoor ,0.2930745
19021,253796,91296,clean_room ,0.20179458
19022,253796,91296,chemistry_lab ,0.2013916
19023,253796,91296,dressing_room ,0.06632576
19024,253796,91296,stage/indoor ,0.048066035
19025,253796,91320,clean_room ,0.2979959
19026,253796,91320,museum/indoor ,0.22188829
19027,253796,91320,dressing_room ,0.10738918
19028,253796,91320,chemistry_lab ,0.07128844
19029,253796,91320,physics_laboratory ,0.053901218
19030,253796,91344,museum/indoor ,0.35616502
19031,253796,91344,clean_room ,0.28422368
19032,253796,91344,stage/indoor ,0.11420504
19033,253796,91344,dressing_room ,0.051582247
19034,253796,91344,clothing_store ,0.03726408
19035,253796,91368,dressing_room ,0.42928582
19036,253796,91368,stage/indoor ,0.14108577
19037,253796,91368,clean_room ,0.11255174
19038,253796,91368,museum/indoor ,0.10870164
19039,253796,91368,clothing_store ,0.027856678
19040,253796,91392,dressing_room ,0.39775166
19041,253796,91392,museum/indoor ,0.20045869
19042,253796,91392,clean_room ,0.08331072
19043,253796,91392,archive ,0.0795611
19044,253796,91392,chemistry_lab ,0.05864051
19045,253796,91416,dressing_room ,0.5723543
19046,253796,91416,clean_room ,0.10070468
19047,253796,91416,museum/indoor ,0.07700389
19048,253796,91416,chemistry_lab ,0.06620006
19049,253796,91416,jewelry_shop ,0.032231443
19050,253796,91440,dressing_room ,0.47732404
19051,253796,91440,clean_room ,0.1540059
19052,253796,91440,museum/indoor ,0.15393381
19053,253796,91440,archive ,0.034853116
19054,253796,91440,art_gallery ,0.0268006
19055,253796,91464,clean_room ,0.41579223
19056,253796,91464,dressing_room ,0.20306636
19057,253796,91464,museum/indoor ,0.07796665
19058,253796,91464,archive ,0.0761894
19059,253796,91464,stage/indoor ,0.049559236
19060,253796,91488,clean_room ,0.82243514
19061,253796,91488,museum/indoor ,0.06981909
19062,253796,91488,archive ,0.024962284
19063,253796,91488,dressing_room ,0.012789943
19064,253796,91488,art_gallery ,0.011430048
19065,253796,91512,clean_room ,0.39588073
19066,253796,91512,clothing_store ,0.18608409
19067,253796,91512,museum/indoor ,0.079221986
19068,253796,91512,dressing_room ,0.07850891
19069,253796,91512,stage/indoor ,0.054081094
19070,253796,91536,clean_room ,0.35337937
19071,253796,91536,dressing_room ,0.30649588
19072,253796,91536,art_gallery ,0.12768392
19073,253796,91536,museum/indoor ,0.032571305
19074,253796,91536,locker_room ,0.03036353
19075,253796,91560,clean_room ,0.8492256
19076,253796,91560,art_gallery ,0.040812768
19077,253796,91560,clothing_store ,0.026472464
19078,253796,91560,locker_room ,0.018762928
19079,253796,91560,museum/indoor ,0.017958432
19080,253796,91584,museum/indoor ,0.3028734
19081,253796,91584,art_gallery ,0.21734539
19082,253796,91584,clean_room ,0.12232979
19083,253796,91584,dressing_room ,0.074809164
19084,253796,91584,locker_room ,0.044931643
19085,253796,91608,dressing_room ,0.2302872
19086,253796,91608,clean_room ,0.18550706
19087,253796,91608,discotheque ,0.16789177
19088,253796,91608,clothing_store ,0.069612205
19089,253796,91608,stage/indoor ,0.059008777
19090,253796,91632,museum/indoor ,0.5119347
19091,253796,91632,clean_room ,0.18935372
19092,253796,91632,stage/indoor ,0.1181204
19093,253796,91632,locker_room ,0.052377533
19094,253796,91632,art_gallery ,0.035575118
19095,253796,91656,clean_room ,0.37039545
19096,253796,91656,museum/indoor ,0.34755567
19097,253796,91656,bowling_alley ,0.043693952
19098,253796,91656,locker_room ,0.031866092
19099,253796,91656,art_gallery ,0.03021203
19100,253796,91680,clean_room ,0.46416634
19101,253796,91680,shower ,0.14500979
19102,253796,91680,art_gallery ,0.06270089
19103,253796,91680,museum/indoor ,0.055927746
19104,253796,91680,natural_history_museum ,0.03443741
19105,253796,91704,clean_room ,0.5124234
19106,253796,91704,art_gallery ,0.057420537
19107,253796,91704,museum/indoor ,0.052273117
19108,253796,91704,archive ,0.04257299
19109,253796,91704,science_museum ,0.03382056
19110,253796,91728,clean_room ,0.89313567
19111,253796,91728,locker_room ,0.029711058
19112,253796,91728,dressing_room ,0.026441973
19113,253796,91728,shower ,0.015511766
19114,253796,91728,bathroom ,0.0031892017
19115,253796,91752,shower ,0.48679143
19116,253796,91752,music_studio ,0.06970658
19117,253796,91752,stage/indoor ,0.051886395
19118,253796,91752,clean_room ,0.050265566
19119,253796,91752,dressing_room ,0.046603575
19120,253796,91776,museum/indoor ,0.31044438
19121,253796,91776,dressing_room ,0.11197281
19122,253796,91776,shower ,0.08486287
19123,253796,91776,locker_room ,0.054830328
19124,253796,91776,natural_history_museum ,0.053310327
19125,253796,91800,shower ,0.42582524
19126,253796,91800,dressing_room ,0.14166337
19127,253796,91800,locker_room ,0.1074306
19128,253796,91800,elevator/door ,0.051727425
19129,253796,91800,bow_window/indoor ,0.042086717
19130,253796,91824,dressing_room ,0.28964254
19131,253796,91824,museum/indoor ,0.15010089
19132,253796,91824,shower ,0.12679252
19133,253796,91824,clean_room ,0.071994945
19134,253796,91824,art_gallery ,0.06666856
19135,253796,91848,dressing_room ,0.4965294
19136,253796,91848,shower ,0.16498445
19137,253796,91848,museum/indoor ,0.06460496
19138,253796,91848,locker_room ,0.04652797
19139,253796,91848,elevator_lobby ,0.038866453
19140,253796,91872,shower ,0.86230046
19141,253796,91872,bathroom ,0.039833713
19142,253796,91872,chemistry_lab ,0.0114720045
19143,253796,91872,elevator/door ,0.011399867
19144,253796,91872,clean_room ,0.010928139
19145,253796,91896,chemistry_lab ,0.39827693
19146,253796,91896,clean_room ,0.3603286
19147,253796,91896,operating_room ,0.11447819
19148,253796,91896,biology_laboratory ,0.041466214
19149,253796,91896,hospital_room ,0.016166568
19150,253796,91920,clean_room ,0.620197
19151,253796,91920,chemistry_lab ,0.21039411
19152,253796,91920,biology_laboratory ,0.04951708
19153,253796,91920,science_museum ,0.023099791
19154,253796,91920,dressing_room ,0.012642784
19155,253796,91944,museum/indoor ,0.18945366
19156,253796,91944,clean_room ,0.12867321
19157,253796,91944,natural_history_museum ,0.12501313
19158,253796,91944,iceberg ,0.10850095
19159,253796,91944,science_museum ,0.10010439
19160,253796,91968,museum/indoor ,0.43135026
19161,253796,91968,art_gallery ,0.15485042
19162,253796,91968,clean_room ,0.15351632
19163,253796,91968,natural_history_museum ,0.065504506
19164,253796,91968,science_museum ,0.029866694
19165,253796,91992,natural_history_museum ,0.3025382
19166,253796,91992,science_museum ,0.12443466
19167,253796,91992,aquarium ,0.10519199
19168,253796,91992,museum/indoor ,0.10252313
19169,253796,91992,shower ,0.09168729
19170,253796,92016,clean_room ,0.25478777
19171,253796,92016,natural_history_museum ,0.22965027
19172,253796,92016,museum/indoor ,0.11477817
19173,253796,92016,science_museum ,0.11036598
19174,253796,92016,aquarium ,0.05319478
19175,253796,92040,clean_room ,0.7716312
19176,253796,92040,science_museum ,0.05742865
19177,253796,92040,natural_history_museum ,0.051285304
19178,253796,92040,art_gallery ,0.03320436
19179,253796,92040,museum/indoor ,0.027518932
19180,253796,92064,iceberg ,0.2640718
19181,253796,92064,clean_room ,0.21256477
19182,253796,92064,ice_shelf ,0.15593539
19183,253796,92064,natural_history_museum ,0.064955615
19184,253796,92064,museum/indoor ,0.04461631
19185,253796,92088,natural_history_museum ,0.34218696
19186,253796,92088,clean_room ,0.20951948
19187,253796,92088,science_museum ,0.09858049
19188,253796,92088,museum/indoor ,0.076223895
19189,253796,92088,shower ,0.042459976
19190,253796,92112,clean_room ,0.25051853
19191,253796,92112,natural_history_museum ,0.1914165
19192,253796,92112,shower ,0.10022867
19193,253796,92112,locker_room ,0.091474816
19194,253796,92112,museum/indoor ,0.08541161
19195,253796,92136,clean_room ,0.45602635
19196,253796,92136,shower ,0.18956292
19197,253796,92136,natural_history_museum ,0.062667064
19198,253796,92136,museum/indoor ,0.05944827
19199,253796,92136,science_museum ,0.04447101
19200,253796,92160,natural_history_museum ,0.3633203
19201,253796,92160,science_museum ,0.30183226
19202,253796,92160,clean_room ,0.12369617
19203,253796,92160,iceberg ,0.04875081
19204,253796,92160,art_gallery ,0.04600082
19205,253796,92184,natural_history_museum ,0.27415425
19206,253796,92184,science_museum ,0.24327992
19207,253796,92184,clean_room ,0.21866052
19208,253796,92184,shower ,0.102871984
19209,253796,92184,museum/indoor ,0.065825954
19210,253796,92208,science_museum ,0.44012997
19211,253796,92208,natural_history_museum ,0.29937527
19212,253796,92208,museum/indoor ,0.11683523
19213,253796,92208,art_gallery ,0.055679176
19214,253796,92208,clean_room ,0.03692854
19215,253796,92232,museum/indoor ,0.2784681
19216,253796,92232,science_museum ,0.26769215
19217,253796,92232,natural_history_museum ,0.22953066
19218,253796,92232,art_gallery ,0.09709443
19219,253796,92232,shower ,0.03806467
19220,253796,92256,museum/indoor ,0.4227692
19221,253796,92256,clean_room ,0.18661234
19222,253796,92256,science_museum ,0.11415339
19223,253796,92256,natural_history_museum ,0.09545644
19224,253796,92256,art_gallery ,0.0701446
19225,253796,92280,iceberg ,0.4272307
19226,253796,92280,clean_room ,0.12080246
19227,253796,92280,natural_history_museum ,0.09580626
19228,253796,92280,science_museum ,0.095796034
19229,253796,92280,museum/indoor ,0.08101867
19230,253796,92304,clean_room ,0.5332515
19231,253796,92304,dressing_room ,0.054466657
19232,253796,92304,locker_room ,0.037419125
19233,253796,92304,closet ,0.034789942
19234,253796,92304,stage/indoor ,0.031383958
19235,253796,92328,stage/indoor ,0.2538474
19236,253796,92328,dressing_room ,0.2297076
19237,253796,92328,clean_room ,0.14944594
19238,253796,92328,locker_room ,0.06862052
19239,253796,92328,discotheque ,0.06622491
19240,253796,92352,discotheque ,0.27879918
19241,253796,92352,stage/indoor ,0.2658791
19242,253796,92352,dressing_room ,0.17625836
19243,253796,92352,arena/performance ,0.034886297
19244,253796,92352,ballroom ,0.02758574
19245,253796,92376,dressing_room ,0.7180469
19246,253796,92376,museum/indoor ,0.046581093
19247,253796,92376,stage/indoor ,0.039096482
19248,253796,92376,clean_room ,0.038071755
19249,253796,92376,shower ,0.037474785
19250,253796,92400,museum/indoor ,0.6491079
19251,253796,92400,stage/indoor ,0.15271999
19252,253796,92400,art_gallery ,0.09741777
19253,253796,92400,discotheque ,0.01927218
19254,253796,92400,clean_room ,0.017853897
19255,253796,92424,museum/indoor ,0.89750034
19256,253796,92424,art_gallery ,0.05841319
19257,253796,92424,stage/indoor ,0.02545357
19258,253796,92424,clean_room ,0.0033665088
19259,253796,92424,dressing_room ,0.002391309
19260,253796,92448,museum/indoor ,0.86412567
19261,253796,92448,art_gallery ,0.061904192
19262,253796,92448,stage/indoor ,0.023849558
19263,253796,92448,science_museum ,0.012620429
19264,253796,92448,clean_room ,0.010467035
19265,253796,92472,museum/indoor ,0.8309356
19266,253796,92472,art_gallery ,0.081076354
19267,253796,92472,clean_room ,0.05437305
19268,253796,92472,science_museum ,0.010164371
19269,253796,92472,dressing_room ,0.005791683
19270,253796,92496,museum/indoor ,0.7738818
19271,253796,92496,art_gallery ,0.10627107
19272,253796,92496,science_museum ,0.055057622
19273,253796,92496,natural_history_museum ,0.03788428
19274,253796,92496,clean_room ,0.018727163
19275,253796,92520,museum/indoor ,0.8312115
19276,253796,92520,art_gallery ,0.0838676
19277,253796,92520,stage/indoor ,0.041140437
19278,253796,92520,clean_room ,0.01585981
19279,253796,92520,science_museum ,0.0048721773
19280,253796,92544,museum/indoor ,0.82541317
19281,253796,92544,art_gallery ,0.13139424
19282,253796,92544,stage/indoor ,0.016327633
19283,253796,92544,dressing_room ,0.0054581817
19284,253796,92544,art_studio ,0.0053424984
19285,253796,92568,museum/indoor ,0.63886636
19286,253796,92568,art_gallery ,0.23334876
19287,253796,92568,clean_room ,0.040387996
19288,253796,92568,stage/indoor ,0.025028521
19289,253796,92568,dressing_room ,0.019572217
19290,253796,92592,museum/indoor ,0.9386017
19291,253796,92592,art_gallery ,0.052072998
19292,253796,92592,science_museum ,0.0027275037
19293,253796,92592,stage/indoor ,0.0024280979
19294,253796,92592,natural_history_museum ,0.0014829349
19295,253796,92616,museum/indoor ,0.95520735
19296,253796,92616,art_gallery ,0.03225021
19297,253796,92616,stage/indoor ,0.005844274
19298,253796,92616,science_museum ,0.0030979116
19299,253796,92616,natural_history_museum ,0.0010867973
19300,253796,92640,museum/indoor ,0.74869716
19301,253796,92640,art_gallery ,0.10127954
19302,253796,92640,stage/indoor ,0.06185529
19303,253796,92640,science_museum ,0.022548232
19304,253796,92640,dressing_room ,0.013403835
19305,253796,92664,museum/indoor ,0.96844953
19306,253796,92664,art_gallery ,0.027667468
19307,253796,92664,natural_history_museum ,0.0012682398
19308,253796,92664,science_museum ,0.0011371312
19309,253796,92664,stage/indoor ,0.00052768417
19310,253796,92688,museum/indoor ,0.9386047
19311,253796,92688,art_gallery ,0.04491146
19312,253796,92688,stage/indoor ,0.008250133
19313,253796,92688,science_museum ,0.0019181044
19314,253796,92688,dressing_room ,0.0012468077
19315,253796,92712,museum/indoor ,0.9528593
19316,253796,92712,art_gallery ,0.038275916
19317,253796,92712,stage/indoor ,0.0031376835
19318,253796,92712,science_museum ,0.0016030595
19319,253796,92712,natural_history_museum ,0.0010115964
19320,253796,92736,museum/indoor ,0.5074729
19321,253796,92736,stage/indoor ,0.2053916
19322,253796,92736,art_gallery ,0.114714086
19323,253796,92736,dressing_room ,0.045440428
19324,253796,92736,discotheque ,0.02971627
19325,253796,92760,museum/indoor ,0.95423216
19326,253796,92760,art_gallery ,0.03579782
19327,253796,92760,stage/indoor ,0.004193113
19328,253796,92760,science_museum ,0.0015387151
19329,253796,92760,dressing_room ,0.0009206261
19330,253796,92784,museum/indoor ,0.9453808
19331,253796,92784,art_gallery ,0.028703252
19332,253796,92784,stage/indoor ,0.018421605
19333,253796,92784,science_museum ,0.0017431722
19334,253796,92784,dressing_room ,0.001022505
19335,253796,92808,museum/indoor ,0.9092132
19336,253796,92808,art_gallery ,0.06702746
19337,253796,92808,science_museum ,0.0058698896
19338,253796,92808,stage/indoor ,0.005812025
19339,253796,92808,natural_history_museum ,0.0024141725
19340,253796,92832,museum/indoor ,0.9820462
19341,253796,92832,art_gallery ,0.015530543
19342,253796,92832,science_museum ,0.0007500185
19343,253796,92832,clean_room ,0.0004131951
19344,253796,92832,stage/indoor ,0.0003598666
19345,253796,92856,museum/indoor ,0.74408126
19346,253796,92856,art_gallery ,0.17556007
19347,253796,92856,clean_room ,0.02802058
19348,253796,92856,stage/indoor ,0.019118693
19349,253796,92856,science_museum ,0.00708826
19350,253796,92880,museum/indoor ,0.8461255
19351,253796,92880,art_gallery ,0.1308577
19352,253796,92880,clean_room ,0.010652316
19353,253796,92880,science_museum ,0.00585303
19354,253796,92880,natural_history_museum ,0.0025881694
19355,253796,92904,museum/indoor ,0.68164533
19356,253796,92904,art_gallery ,0.19856316
19357,253796,92904,clean_room ,0.051425345
19358,253796,92904,stage/indoor ,0.017978702
19359,253796,92904,dressing_room ,0.010039585
19360,253796,92928,museum/indoor ,0.7216473
19361,253796,92928,art_gallery ,0.10877772
19362,253796,92928,clean_room ,0.08073727
19363,253796,92928,stage/indoor ,0.03232102
19364,253796,92928,archive ,0.012566598
19365,253796,92952,clean_room ,0.5835304
19366,253796,92952,museum/indoor ,0.22019468
19367,253796,92952,art_gallery ,0.07961412
19368,253796,92952,iceberg ,0.025796805
19369,253796,92952,science_museum ,0.025234984
19370,253796,92976,museum/indoor ,0.67642146
19371,253796,92976,clean_room ,0.1155498
19372,253796,92976,art_gallery ,0.0917784
19373,253796,92976,natural_history_museum ,0.051206112
19374,253796,92976,science_museum ,0.04754467
19375,253796,93000,museum/indoor ,0.70725715
19376,253796,93000,art_gallery ,0.1228219
19377,253796,93000,natural_history_museum ,0.08582687
19378,253796,93000,clean_room ,0.035449702
19379,253796,93000,science_museum ,0.030010777
19380,253796,93024,clean_room ,0.21147868
19381,253796,93024,art_gallery ,0.18454295
19382,253796,93024,natural_history_museum ,0.13070501
19383,253796,93024,science_museum ,0.10892262
19384,253796,93024,museum/indoor ,0.10564635
19385,253796,93048,museum/indoor ,0.16208237
19386,253796,93048,clean_room ,0.1236827
19387,253796,93048,shower ,0.110878184
19388,253796,93048,science_museum ,0.096187465
19389,253796,93048,art_gallery ,0.06518084
19390,253796,93072,shower ,0.4565214
19391,253796,93072,barndoor ,0.06502234
19392,253796,93072,elevator/door ,0.045987163
19393,253796,93072,bathroom ,0.03284956
19394,253796,93072,basement ,0.032466296
19395,253796,93096,shower ,0.15659583
19396,253796,93096,art_gallery ,0.12099998
19397,253796,93096,aquarium ,0.10191833
19398,253796,93096,chemistry_lab ,0.083626606
19399,253796,93096,science_museum ,0.07041418
19400,253796,93120,shower ,0.41443607
19401,253796,93120,bow_window/indoor ,0.11704889
19402,253796,93120,bathroom ,0.082829095
19403,253796,93120,alcove ,0.058319356
19404,253796,93120,art_gallery ,0.026079021
19405,253796,93144,museum/indoor ,0.14352034
19406,253796,93144,locker_room ,0.13573247
19407,253796,93144,clean_room ,0.1240018
19408,253796,93144,art_gallery ,0.097658016
19409,253796,93144,shower ,0.093634464
19410,253796,93168,locker_room ,0.29918694
19411,253796,93168,elevator/door ,0.1322246
19412,253796,93168,discotheque ,0.0854254
19413,253796,93168,shower ,0.07695192
19414,253796,93168,science_museum ,0.049776517
19415,253796,93192,museum/indoor ,0.7115412
19416,253796,93192,art_gallery ,0.13829656
19417,253796,93192,natural_history_museum ,0.07069846
19418,253796,93192,science_museum ,0.029243993
19419,253796,93192,art_studio ,0.008447963
19420,253796,93216,museum/indoor ,0.73661226
19421,253796,93216,art_gallery ,0.117871895
19422,253796,93216,natural_history_museum ,0.06546571
19423,253796,93216,science_museum ,0.0275003
19424,253796,93216,art_studio ,0.00691771
19425,253796,93240,museum/indoor ,0.7630745
19426,253796,93240,art_gallery ,0.09239205
19427,253796,93240,clothing_store ,0.023451999
19428,253796,93240,science_museum ,0.018642314
19429,253796,93240,art_studio ,0.017190017
19430,253796,93264,museum/indoor ,0.7007425
19431,253796,93264,art_gallery ,0.14236379
19432,253796,93264,natural_history_museum ,0.067132555
19433,253796,93264,science_museum ,0.029196098
19434,253796,93264,art_studio ,0.008533945
19435,253796,93288,museum/indoor ,0.6922583
19436,253796,93288,art_gallery ,0.14104913
19437,253796,93288,natural_history_museum ,0.072226375
19438,253796,93288,science_museum ,0.029585782
19439,253796,93288,art_studio ,0.009559857
19440,253796,93312,museum/indoor ,0.7073854
19441,253796,93312,art_gallery ,0.14342886
19442,253796,93312,natural_history_museum ,0.06176763
19443,253796,93312,science_museum ,0.024420453
19444,253796,93312,art_studio ,0.009178309
19445,253796,93336,corridor ,0.13308421
19446,253796,93336,elevator/door ,0.11953159
19447,253796,93336,attic ,0.09305384
19448,253796,93336,alcove ,0.08530712
19449,253796,93336,basement ,0.07999871
19450,253796,93360,locker_room ,0.23471849
19451,253796,93360,elevator/door ,0.14516173
19452,253796,93360,clean_room ,0.09450373
19453,253796,93360,utility_room ,0.09131675
19454,253796,93360,laundromat ,0.05811848
19455,253796,93384,clean_room ,0.16025093
19456,253796,93384,basement ,0.1300502
19457,253796,93384,elevator/door ,0.084778756
19458,253796,93384,attic ,0.08459627
19459,253796,93384,locker_room ,0.07606266
19460,253796,93408,clean_room ,0.2258899
19461,253796,93408,locker_room ,0.09501318
19462,253796,93408,basement ,0.08548544
19463,253796,93408,elevator/door ,0.07449826
19464,253796,93408,elevator_lobby ,0.053949196
19465,253796,93432,clean_room ,0.16227937
19466,253796,93432,elevator/door ,0.11184399
19467,253796,93432,locker_room ,0.09672481
19468,253796,93432,shower ,0.083411984
19469,253796,93432,closet ,0.06469229
19470,253796,93456,museum/indoor ,0.11769777
19471,253796,93456,locker_room ,0.11561832
19472,253796,93456,elevator/door ,0.08110754
19473,253796,93456,dressing_room ,0.07195235
19474,253796,93456,elevator_lobby ,0.058673706
19475,253796,93480,museum/indoor ,0.19765471
19476,253796,93480,locker_room ,0.17256388
19477,253796,93480,art_gallery ,0.03483536
19478,253796,93480,elevator/door ,0.03426182
19479,253796,93480,jail_cell ,0.03420356
19480,253796,93504,art_gallery ,0.21912466
19481,253796,93504,museum/indoor ,0.17195271
19482,253796,93504,clean_room ,0.06320662
19483,253796,93504,dressing_room ,0.042795867
19484,253796,93504,alcove ,0.039538853
19485,253796,93528,alcove ,0.21276264
19486,253796,93528,museum/indoor ,0.2095183
19487,253796,93528,art_gallery ,0.07275205
19488,253796,93528,attic ,0.056466512
19489,253796,93528,natural_history_museum ,0.04720282
19490,253796,93552,museum/indoor ,0.26158273
19491,253796,93552,shower ,0.14860381
19492,253796,93552,art_gallery ,0.10672076
19493,253796,93552,natural_history_museum ,0.09415425
19494,253796,93552,science_museum ,0.060490843
19495,253796,93576,art_gallery ,0.23215878
19496,253796,93576,museum/indoor ,0.18090099
19497,253796,93576,attic ,0.06288507
19498,253796,93576,natural_history_museum ,0.04688674
19499,253796,93576,science_museum ,0.030708868
19500,253796,93600,museum/indoor ,0.37412465
19501,253796,93600,science_museum ,0.15585265
19502,253796,93600,natural_history_museum ,0.0796585
19503,253796,93600,art_gallery ,0.06640406
19504,253796,93600,clean_room ,0.057048496
19505,253796,93624,museum/indoor ,0.34527355
19506,253796,93624,science_museum ,0.15665975
19507,253796,93624,natural_history_museum ,0.07608985
19508,253796,93624,chemistry_lab ,0.06935867
19509,253796,93624,clean_room ,0.036822308
19510,253796,93648,clean_room ,0.21413307
19511,253796,93648,shower ,0.13044262
19512,253796,93648,dressing_room ,0.08922483
19513,253796,93648,elevator_lobby ,0.049696986
19514,253796,93648,elevator/door ,0.047555547
19515,253796,93672,shower ,0.4233817
19516,253796,93672,clean_room ,0.06144832
19517,253796,93672,elevator/door ,0.046514794
19518,253796,93672,bathroom ,0.038988966
19519,253796,93672,art_gallery ,0.03837379
19520,253796,93696,museum/indoor ,0.36637518
19521,253796,93696,art_gallery ,0.21093106
19522,253796,93696,natural_history_museum ,0.06146194
19523,253796,93696,science_museum ,0.037302274
19524,253796,93696,aquarium ,0.03162714
19525,253796,93720,museum/indoor ,0.56286615
19526,253796,93720,art_gallery ,0.28407392
19527,253796,93720,natural_history_museum ,0.02616203
19528,253796,93720,science_museum ,0.02069205
19529,253796,93720,nursery ,0.01396794
19530,253796,93744,museum/indoor ,0.5532583
19531,253796,93744,art_gallery ,0.34425724
19532,253796,93744,natural_history_museum ,0.019083716
19533,253796,93744,science_museum ,0.012967307
19534,253796,93744,nursery ,0.008517044
19535,253796,93768,museum/indoor ,0.48035905
19536,253796,93768,art_gallery ,0.3880377
19537,253796,93768,natural_history_museum ,0.03187234
19538,253796,93768,science_museum ,0.020885814
19539,253796,93768,art_studio ,0.013387428
19540,253796,93792,museum/indoor ,0.64275736
19541,253796,93792,art_gallery ,0.23303853
19542,253796,93792,natural_history_museum ,0.040835593
19543,253796,93792,science_museum ,0.015627803
19544,253796,93792,nursery ,0.010724858
19545,253796,93816,museum/indoor ,0.5101237
19546,253796,93816,art_gallery ,0.34323847
19547,253796,93816,natural_history_museum ,0.03104055
19548,253796,93816,science_museum ,0.011584104
19549,253796,93816,art_studio ,0.010008838
19550,253796,93840,museum/indoor ,0.40156895
19551,253796,93840,art_gallery ,0.32852367
19552,253796,93840,natural_history_museum ,0.028361967
19553,253796,93840,home_theater ,0.021193508
19554,253796,93840,science_museum ,0.020623375
19555,253796,93864,locker_room ,0.25860935
19556,253796,93864,clean_room ,0.08393611
19557,253796,93864,museum/indoor ,0.080966786
19558,253796,93864,shower ,0.07405937
19559,253796,93864,elevator/door ,0.0605354
19560,253796,93888,art_gallery ,0.2720957
19561,253796,93888,clean_room ,0.18303494
19562,253796,93888,museum/indoor ,0.16643555
19563,253796,93888,shower ,0.16153778
19564,253796,93888,science_museum ,0.028270751
19565,253796,93912,art_gallery ,0.12953983
19566,253796,93912,stage/indoor ,0.11503561
19567,253796,93912,museum/indoor ,0.1136322
19568,253796,93912,locker_room ,0.071516685
19569,253796,93912,dressing_room ,0.051857438
19570,253796,93936,art_gallery ,0.08707766
19571,253796,93936,dressing_room ,0.08161811
19572,253796,93936,locker_room ,0.07621144
19573,253796,93936,music_studio ,0.06670051
19574,253796,93936,museum/indoor ,0.0660599
19575,253796,93960,art_gallery ,0.25012898
19576,253796,93960,clean_room ,0.16061793
19577,253796,93960,museum/indoor ,0.15162824
19578,253796,93960,science_museum ,0.069428876
19579,253796,93960,natural_history_museum ,0.050263926
19580,253796,93984,art_gallery ,0.14155099
19581,253796,93984,clean_room ,0.14088905
19582,253796,93984,museum/indoor ,0.13557096
19583,253796,93984,shower ,0.13350083
19584,253796,93984,natural_history_museum ,0.0627723
19585,253796,94008,shower ,0.28953883
19586,253796,94008,museum/indoor ,0.13990225
19587,253796,94008,art_gallery ,0.09097737
19588,253796,94008,clean_room ,0.06402541
19589,253796,94008,natural_history_museum ,0.031219581
19590,253796,94032,shower ,0.2507226
19591,253796,94032,art_gallery ,0.1694132
19592,253796,94032,museum/indoor ,0.08462388
19593,253796,94032,science_museum ,0.06593387
19594,253796,94032,natural_history_museum ,0.04650999
19595,253796,94056,art_gallery ,0.2750218
19596,253796,94056,shower ,0.21246049
19597,253796,94056,clean_room ,0.08960882
19598,253796,94056,museum/indoor ,0.06721161
19599,253796,94056,science_museum ,0.056171466
19600,253796,94080,museum/indoor ,0.19252679
19601,253796,94080,shower ,0.1371102
19602,253796,94080,science_museum ,0.12683855
19603,253796,94080,art_gallery ,0.104816444
19604,253796,94080,natural_history_museum ,0.0622986
19605,253796,94104,museum/indoor ,0.20780379
19606,253796,94104,clean_room ,0.16065897
19607,253796,94104,art_gallery ,0.11604139
19608,253796,94104,science_museum ,0.07015746
19609,253796,94104,shower ,0.06204981
19610,253796,94128,museum/indoor ,0.2252386
19611,253796,94128,science_museum ,0.13049448
19612,253796,94128,art_gallery ,0.12131369
19613,253796,94128,natural_history_museum ,0.09018531
19614,253796,94128,clean_room ,0.06811818
19615,253796,94152,art_gallery ,0.22462486
19616,253796,94152,museum/indoor ,0.21632451
19617,253796,94152,science_museum ,0.13967633
19618,253796,94152,natural_history_museum ,0.13518928
19619,253796,94152,shower ,0.060317967
19620,253796,94176,museum/indoor ,0.36888498
19621,253796,94176,science_museum ,0.14311948
19622,253796,94176,art_gallery ,0.10951888
19623,253796,94176,natural_history_museum ,0.079794735
19624,253796,94176,shower ,0.053237345
19625,253796,94200,museum/indoor ,0.14348279
19626,253796,94200,science_museum ,0.064706326
19627,253796,94200,locker_room ,0.064137995
19628,253796,94200,natural_history_museum ,0.05972497
19629,253796,94200,art_gallery ,0.050256073
19630,253796,94224,locker_room ,0.1648945
19631,253796,94224,shower ,0.1413675
19632,253796,94224,dressing_room ,0.10288442
19633,253796,94224,closet ,0.06638335
19634,253796,94224,elevator/door ,0.05998572
19635,253796,94248,shower ,0.6879083
19636,253796,94248,closet ,0.049554862
19637,253796,94248,elevator/door ,0.03383587
19638,253796,94248,bathroom ,0.03141479
19639,253796,94248,bow_window/indoor ,0.023722572
19640,253796,94272,shower ,0.38494784
19641,253796,94272,locker_room ,0.14180462
19642,253796,94272,elevator/door ,0.096168704
19643,253796,94272,bank_vault ,0.06805888
19644,253796,94272,elevator_lobby ,0.052994374
19645,253796,94296,shower ,0.25192106
19646,253796,94296,locker_room ,0.114087656
19647,253796,94296,elevator/door ,0.10393284
19648,253796,94296,dressing_room ,0.08655146
19649,253796,94296,elevator_lobby ,0.08121783
19650,253796,94320,locker_room ,0.5240168
19651,253796,94320,elevator/door ,0.078989476
19652,253796,94320,elevator_lobby ,0.047146693
19653,253796,94320,art_gallery ,0.03928518
19654,253796,94320,bank_vault ,0.03344459
19655,253796,94344,locker_room ,0.20080683
19656,253796,94344,dressing_room ,0.08724959
19657,253796,94344,closet ,0.0604156
19658,253796,94344,jewelry_shop ,0.055018757
19659,253796,94344,shower ,0.052643128
19660,253796,94368,locker_room ,0.2398497
19661,253796,94368,shower ,0.10867079
19662,253796,94368,elevator/door ,0.05558964
19663,253796,94368,bow_window/indoor ,0.053544376
19664,253796,94368,elevator_lobby ,0.0488212
19665,253796,94392,locker_room ,0.2938788
19666,253796,94392,dressing_room ,0.07722119
19667,253796,94392,closet ,0.06021927
19668,253796,94392,shower ,0.053390507
19669,253796,94392,museum/indoor ,0.03882661
19670,253796,94416,locker_room ,0.3049766
19671,253796,94416,closet ,0.18450576
19672,253796,94416,dressing_room ,0.05694804
19673,253796,94416,elevator/door ,0.054032903
19674,253796,94416,elevator_lobby ,0.02950078
19675,253796,94440,locker_room ,0.64461994
19676,253796,94440,closet ,0.054080408
19677,253796,94440,elevator/door ,0.030530583
19678,253796,94440,dressing_room ,0.029017676
19679,253796,94440,bank_vault ,0.019282252
19680,253796,94464,locker_room ,0.44850653
19681,253796,94464,closet ,0.0629016
19682,253796,94464,elevator/door ,0.058837984
19683,253796,94464,dressing_room ,0.037844777
19684,253796,94464,art_gallery ,0.035586275
19685,253796,94488,locker_room ,0.39381012
19686,253796,94488,closet ,0.17498934
19687,253796,94488,art_gallery ,0.07101462
19688,253796,94488,dressing_room ,0.051630467
19689,253796,94488,clothing_store ,0.044931207
19690,253796,94512,locker_room ,0.48629904
19691,253796,94512,closet ,0.10773279
19692,253796,94512,dressing_room ,0.095697656
19693,253796,94512,clothing_store ,0.03320092
19694,253796,94512,elevator/door ,0.030510554
19695,253796,94536,locker_room ,0.5244903
19696,253796,94536,closet ,0.0714842
19697,253796,94536,dressing_room ,0.06807865
19698,253796,94536,clothing_store ,0.042770006
19699,253796,94536,jewelry_shop ,0.03219117
19700,253796,94560,locker_room ,0.41329923
19701,253796,94560,dressing_room ,0.085539475
19702,253796,94560,closet ,0.08234064
19703,253796,94560,jewelry_shop ,0.07255056
19704,253796,94560,clothing_store ,0.065354526
19705,253796,94584,locker_room ,0.36916813
19706,253796,94584,jewelry_shop ,0.07150763
19707,253796,94584,closet ,0.068009995
19708,253796,94584,clothing_store ,0.054657184
19709,253796,94584,dressing_room ,0.051668867
19710,253796,94608,server_room ,0.19836648
19711,253796,94608,chemistry_lab ,0.13797499
19712,253796,94608,shower ,0.11230635
19713,253796,94608,clean_room ,0.104484156
19714,253796,94608,bank_vault ,0.097620636
19715,253796,94632,chemistry_lab ,0.17076075
19716,253796,94632,clean_room ,0.15479073
19717,253796,94632,server_room ,0.14674634
19718,253796,94632,jewelry_shop ,0.10893454
19719,253796,94632,physics_laboratory ,0.09417533
19720,253796,94656,chemistry_lab ,0.19959983
19721,253796,94656,clean_room ,0.13511565
19722,253796,94656,server_room ,0.12994824
19723,253796,94656,physics_laboratory ,0.12226523
19724,253796,94656,jewelry_shop ,0.111300506
19725,253796,94680,chemistry_lab ,0.17907901
19726,253796,94680,physics_laboratory ,0.15103929
19727,253796,94680,jewelry_shop ,0.107226245
19728,253796,94680,clean_room ,0.10032708
19729,253796,94680,bank_vault ,0.08768535
19730,253796,94704,server_room ,0.20269231
19731,253796,94704,chemistry_lab ,0.13663504
19732,253796,94704,jewelry_shop ,0.12064842
19733,253796,94704,bank_vault ,0.10745133
19734,253796,94704,physics_laboratory ,0.105793916
19735,253796,94728,server_room ,0.22199686
19736,253796,94728,chemistry_lab ,0.12523423
19737,253796,94728,clean_room ,0.11450339
19738,253796,94728,jewelry_shop ,0.103960454
19739,253796,94728,locker_room ,0.09685053
19740,253796,94752,server_room ,0.24522306
19741,253796,94752,locker_room ,0.11770589
19742,253796,94752,chemistry_lab ,0.10965276
19743,253796,94752,jewelry_shop ,0.09896452
19744,253796,94752,bank_vault ,0.09870635
19745,253796,94776,server_room ,0.28825706
19746,253796,94776,clean_room ,0.11564173
19747,253796,94776,chemistry_lab ,0.10918989
19748,253796,94776,locker_room ,0.104626335
19749,253796,94776,jewelry_shop ,0.091908365
19750,253796,94800,jewelry_shop ,0.17399956
19751,253796,94800,server_room ,0.13286476
19752,253796,94800,chemistry_lab ,0.1174627
19753,253796,94800,physics_laboratory ,0.11146522
19754,253796,94800,locker_room ,0.101143554
19755,253796,94824,locker_room ,0.19572607
19756,253796,94824,server_room ,0.18646093
19757,253796,94824,jewelry_shop ,0.1351937
19758,253796,94824,clean_room ,0.08485723
19759,253796,94824,bank_vault ,0.08442707
19760,253796,94848,shower ,0.58921385
19761,253796,94848,locker_room ,0.17840111
19762,253796,94848,bathroom ,0.037617426
19763,253796,94848,clean_room ,0.01736139
19764,253796,94848,bank_vault ,0.015259013
19765,253796,94872,shower ,0.62638307
19766,253796,94872,bathroom ,0.047805674
19767,253796,94872,locker_room ,0.04052033
19768,253796,94872,museum/indoor ,0.031488154
19769,253796,94872,jail_cell ,0.025351597
19770,253796,94896,shower ,0.30508152
19771,253796,94896,museum/indoor ,0.0786241
19772,253796,94896,alcove ,0.07302831
19773,253796,94896,science_museum ,0.0696048
19774,253796,94896,art_gallery ,0.053884685
19775,253796,94920,museum/indoor ,0.17675142
19776,253796,94920,art_gallery ,0.13980414
19777,253796,94920,shower ,0.1302008
19778,253796,94920,science_museum ,0.07024915
19779,253796,94920,barndoor ,0.038680427
19780,253796,94944,shower ,0.24647272
19781,253796,94944,art_gallery ,0.1407455
19782,253796,94944,museum/indoor ,0.13465555
19783,253796,94944,science_museum ,0.036147363
19784,253796,94944,clean_room ,0.035173155
19785,253796,94968,clean_room ,0.243745
19786,253796,94968,locker_room ,0.13335282
19787,253796,94968,shower ,0.082294464
19788,253796,94968,closet ,0.03794165
19789,253796,94968,dressing_room ,0.03760975
19790,253796,94992,elevator/door ,0.28579462
19791,253796,94992,barndoor ,0.18655103
19792,253796,94992,shower ,0.07004563
19793,253796,94992,elevator_lobby ,0.0559868
19794,253796,94992,art_gallery ,0.045772996
19795,253796,95016,locker_room ,0.11740919
19796,253796,95016,shower ,0.11131047
19797,253796,95016,elevator/door ,0.10889416
19798,253796,95016,museum/indoor ,0.1012693
19799,253796,95016,elevator_lobby ,0.07575138
19800,253796,95040,locker_room ,0.31728816
19801,253796,95040,elevator/door ,0.1001148
19802,253796,95040,art_gallery ,0.09345253
19803,253796,95040,museum/indoor ,0.08155522
19804,253796,95040,archive ,0.06272784
19805,253796,95064,shower ,0.72691214
19806,253796,95064,jewelry_shop ,0.10872068
19807,253796,95064,bathroom ,0.044195216
19808,253796,95064,chemistry_lab ,0.01987703
19809,253796,95064,gift_shop ,0.013855285
19810,253796,95088,bathroom ,0.25279185
19811,253796,95088,shower ,0.1304038
19812,253796,95088,jewelry_shop ,0.09530788
19813,253796,95088,clean_room ,0.08467247
19814,253796,95088,museum/indoor ,0.07836703
19815,253796,95112,science_museum ,0.25083566
19816,253796,95112,clean_room ,0.17634965
19817,253796,95112,art_gallery ,0.119479805
19818,253796,95112,natural_history_museum ,0.09071796
19819,253796,95112,museum/indoor ,0.07211532
19820,253796,95136,museum/indoor ,0.26214215
19821,253796,95136,locker_room ,0.12799239
19822,253796,95136,art_gallery ,0.113517895
19823,253796,95136,clean_room ,0.09185895
19824,253796,95136,science_museum ,0.065852046
19825,253796,95160,locker_room ,0.43272185
19826,253796,95160,dressing_room ,0.08264684
19827,253796,95160,art_gallery ,0.076050244
19828,253796,95160,elevator/door ,0.058297183
19829,253796,95160,classroom ,0.046334818
19830,253796,95184,barndoor ,0.14435513
19831,253796,95184,shower ,0.12187941
19832,253796,95184,elevator/door ,0.109839186
19833,253796,95184,art_gallery ,0.057023365
19834,253796,95184,bow_window/indoor ,0.045917656
19835,253796,95208,locker_room ,0.5721664
19836,253796,95208,archive ,0.1304991
19837,253796,95208,clean_room ,0.086213924
19838,253796,95208,shower ,0.060722623
19839,253796,95208,server_room ,0.03058122
19840,253796,95232,locker_room ,0.64071065
19841,253796,95232,archive ,0.123472705
19842,253796,95232,clean_room ,0.049852334
19843,253796,95232,shower ,0.026560565
19844,253796,95232,server_room ,0.022098351
19845,253796,95256,locker_room ,0.510976
19846,253796,95256,archive ,0.105461046
19847,253796,95256,clean_room ,0.1042138
19848,253796,95256,server_room ,0.05682343
19849,253796,95256,shower ,0.041217845
19850,253796,95280,locker_room ,0.44759315
19851,253796,95280,clean_room ,0.14085364
19852,253796,95280,archive ,0.10155599
19853,253796,95280,shower ,0.052369148
19854,253796,95280,server_room ,0.044086
19855,253796,95304,clean_room ,0.29150605
19856,253796,95304,jewelry_shop ,0.14975908
19857,253796,95304,chemistry_lab ,0.14470658
19858,253796,95304,locker_room ,0.10749526
19859,253796,95304,shower ,0.05050279
19860,253796,95328,shower ,0.5264819
19861,253796,95328,dressing_room ,0.12297762
19862,253796,95328,closet ,0.035967972
19863,253796,95328,bathroom ,0.033933457
19864,253796,95328,locker_room ,0.030601801
19865,253796,95352,shower ,0.37813932
19866,253796,95352,dressing_room ,0.14688055
19867,253796,95352,art_gallery ,0.063295715
19868,253796,95352,closet ,0.04142506
19869,253796,95352,elevator/door ,0.04116214
19870,253796,95376,shower ,0.48536628
19871,253796,95376,dressing_room ,0.10439315
19872,253796,95376,art_gallery ,0.056041196
19873,253796,95376,museum/indoor ,0.03896847
19874,253796,95376,elevator/door ,0.032639943
19875,253796,95400,shower ,0.41825122
19876,253796,95400,dressing_room ,0.15388349
19877,253796,95400,art_gallery ,0.049535964
19878,253796,95400,closet ,0.037792213
19879,253796,95400,museum/indoor ,0.03375179
19880,253796,95424,shower ,0.5103109
19881,253796,95424,dressing_room ,0.0856623
19882,253796,95424,art_gallery ,0.053521145
19883,253796,95424,museum/indoor ,0.03834379
19884,253796,95424,elevator/door ,0.030482197
19885,253796,95448,shower ,0.47015432
19886,253796,95448,museum/indoor ,0.081062295
19887,253796,95448,dressing_room ,0.07718763
19888,253796,95448,sauna ,0.05795991
19889,253796,95448,art_gallery ,0.0487278
19890,253796,95472,shower ,0.27951166
19891,253796,95472,dressing_room ,0.25911126
19892,253796,95472,museum/indoor ,0.09060432
19893,253796,95472,sauna ,0.074040264
19894,253796,95472,clean_room ,0.057719976
19895,253796,95496,museum/indoor ,0.4368121
19896,253796,95496,natural_history_museum ,0.29372698
19897,253796,95496,science_museum ,0.10727207
19898,253796,95496,stage/indoor ,0.038066905
19899,253796,95496,art_gallery ,0.029920857
19900,253796,95520,natural_history_museum ,0.4378964
19901,253796,95520,museum/indoor ,0.36812523
19902,253796,95520,science_museum ,0.10049444
19903,253796,95520,art_gallery ,0.027625222
19904,253796,95520,stage/indoor ,0.018648678
19905,253796,95544,museum/indoor ,0.40897942
19906,253796,95544,natural_history_museum ,0.36261013
19907,253796,95544,science_museum ,0.122718744
19908,253796,95544,art_gallery ,0.02484756
19909,253796,95544,stage/indoor ,0.024719715
19910,253796,95568,museum/indoor ,0.39342
19911,253796,95568,natural_history_museum ,0.38839105
19912,253796,95568,science_museum ,0.13736272
19913,253796,95568,art_gallery ,0.029301208
19914,253796,95568,clean_room ,0.010217729
19915,253796,95592,shower ,0.55529886
19916,253796,95592,elevator/door ,0.089445904
19917,253796,95592,dressing_room ,0.05522258
19918,253796,95592,elevator_lobby ,0.04368503
19919,253796,95592,closet ,0.039289575
19920,253796,95616,shower ,0.50510734
19921,253796,95616,dressing_room ,0.13231409
19922,253796,95616,elevator/door ,0.045110326
19923,253796,95616,closet ,0.04092675
19924,253796,95616,elevator_lobby ,0.03190528
19925,253796,95640,shower ,0.48852322
19926,253796,95640,dressing_room ,0.1510157
19927,253796,95640,elevator/door ,0.051500995
19928,253796,95640,closet ,0.03289124
19929,253796,95640,elevator_lobby ,0.032714926
19930,253796,95664,shower ,0.45877534
19931,253796,95664,dressing_room ,0.12871078
19932,253796,95664,elevator/door ,0.042026605
19933,253796,95664,closet ,0.040830772
19934,253796,95664,museum/indoor ,0.026893767
19935,253796,95688,shower ,0.56527734
19936,253796,95688,dressing_room ,0.08623532
19937,253796,95688,elevator/door ,0.055932146
19938,253796,95688,closet ,0.043336727
19939,253796,95688,locker_room ,0.030986695
19940,253796,95712,shower ,0.6636559
19941,253796,95712,dressing_room ,0.06312079
19942,253796,95712,elevator/door ,0.04133582
19943,253796,95712,locker_room ,0.0307175
19944,253796,95712,museum/indoor ,0.027020212
19945,253796,95736,shower ,0.5742571
19946,253796,95736,dressing_room ,0.16059892
19947,253796,95736,museum/indoor ,0.03634527
19948,253796,95736,locker_room ,0.03580811
19949,253796,95736,sauna ,0.025891906
19950,253796,95760,shower ,0.6375253
19951,253796,95760,museum/indoor ,0.0776547
19952,253796,95760,dressing_room ,0.0673491
19953,253796,95760,locker_room ,0.038432576
19954,253796,95760,sauna ,0.03114572
19955,253796,95784,shower ,0.32200965
19956,253796,95784,dressing_room ,0.15803783
19957,253796,95784,museum/indoor ,0.1373165
19958,253796,95784,clean_room ,0.05952261
19959,253796,95784,sauna ,0.054201357
19960,253796,95808,shower ,0.5054091
19961,253796,95808,dressing_room ,0.20625705
19962,253796,95808,museum/indoor ,0.10029137
19963,253796,95808,art_gallery ,0.027776476
19964,253796,95808,bathroom ,0.025290057
19965,253796,95832,museum/indoor ,0.380996
19966,253796,95832,dressing_room ,0.15029553
19967,253796,95832,shower ,0.12752533
19968,253796,95832,art_gallery ,0.11640717
19969,253796,95832,clean_room ,0.056279395
19970,253796,95856,dressing_room ,0.33301076
19971,253796,95856,locker_room ,0.14207388
19972,253796,95856,clean_room ,0.13787986
19973,253796,95856,museum/indoor ,0.107491404
19974,253796,95856,shower ,0.06434573
19975,253796,95880,locker_room ,0.2824254
19976,253796,95880,shower ,0.112768225
19977,253796,95880,dressing_room ,0.09519422
19978,253796,95880,basement ,0.07789936
19979,253796,95880,clean_room ,0.05115912
19980,253796,95904,locker_room ,0.33420265
19981,253796,95904,clean_room ,0.1779038
19982,253796,95904,dressing_room ,0.10191355
19983,253796,95904,museum/indoor ,0.05519271
19984,253796,95904,archive ,0.042973958
19985,253796,95928,clean_room ,0.46709433
19986,253796,95928,museum/indoor ,0.22149718
19987,253796,95928,dressing_room ,0.091162704
19988,253796,95928,locker_room ,0.07882789
19989,253796,95928,art_gallery ,0.043938935
19990,253796,95952,museum/indoor ,0.58888376
19991,253796,95952,clean_room ,0.12848163
19992,253796,95952,art_gallery ,0.106215164
19993,253796,95952,dressing_room ,0.052336782
19994,253796,95952,locker_room ,0.03407923
19995,253796,95976,museum/indoor ,0.82890874
19996,253796,95976,art_gallery ,0.09898467
19997,253796,95976,clean_room ,0.032064445
19998,253796,95976,elevator/door ,0.008043189
19999,253796,95976,art_studio ,0.004919067
20000,253796,96000,museum/indoor ,0.85546494
20001,253796,96000,dressing_room ,0.039583996
20002,253796,96000,art_gallery ,0.03865619
20003,253796,96000,clean_room ,0.017312108
20004,253796,96000,locker_room ,0.014788919
20005,253796,96024,museum/indoor ,0.45392206
20006,253796,96024,art_gallery ,0.17654744
20007,253796,96024,shower ,0.15175237
20008,253796,96024,clean_room ,0.080089
20009,253796,96024,natural_history_museum ,0.028660098
20010,253796,96048,museum/indoor ,0.33226314
20011,253796,96048,art_gallery ,0.11878081
20012,253796,96048,shower ,0.11004082
20013,253796,96048,dressing_room ,0.094834074
20014,253796,96048,clean_room ,0.08791018
20015,253796,96072,shower ,0.9344688
20016,253796,96072,bathroom ,0.02820584
20017,253796,96072,dressing_room ,0.011374182
20018,253796,96072,clean_room ,0.006958841
20019,253796,96072,locker_room ,0.004185824
20020,253796,96096,shower ,0.7420934
20021,253796,96096,clean_room ,0.089416325
20022,253796,96096,dressing_room ,0.027875768
20023,253796,96096,museum/indoor ,0.017772071
20024,253796,96096,bathroom ,0.01532234
20025,253796,96120,shower ,0.75406176
20026,253796,96120,locker_room ,0.08389081
20027,253796,96120,clean_room ,0.06389719
20028,253796,96120,dressing_room ,0.06337371
20029,253796,96120,bathroom ,0.015513594
20030,253796,96144,clean_room ,0.36060876
20031,253796,96144,museum/indoor ,0.32310337
20032,253796,96144,natural_history_museum ,0.12435783
20033,253796,96144,shower ,0.061535172
20034,253796,96144,science_museum ,0.05812392
20035,253796,96168,museum/indoor ,0.63206273
20036,253796,96168,archive ,0.107448146
20037,253796,96168,clean_room ,0.05165118
20038,253796,96168,art_gallery ,0.038222387
20039,253796,96168,chemistry_lab ,0.030275062
20040,253796,96192,museum/indoor ,0.71450627
20041,253796,96192,clean_room ,0.1038909
20042,253796,96192,archive ,0.081207246
20043,253796,96192,science_museum ,0.018463533
20044,253796,96192,natural_history_museum ,0.018166851
20045,253796,96216,clean_room ,0.9370214
20046,253796,96216,museum/indoor ,0.029133162
20047,253796,96216,archive ,0.007429873
20048,253796,96216,science_museum ,0.0053721135
20049,253796,96216,art_gallery ,0.003943771
20050,253796,96240,clean_room ,0.55623096
20051,253796,96240,shower ,0.10874029
20052,253796,96240,locker_room ,0.05938465
20053,253796,96240,archive ,0.059356228
20054,253796,96240,museum/indoor ,0.04362898
20055,253796,96264,chemistry_lab ,0.16891146
20056,253796,96264,museum/indoor ,0.06949342
20057,253796,96264,shower ,0.064281516
20058,253796,96264,clean_room ,0.05955134
20059,253796,96264,dressing_room ,0.057262514
20060,253796,96288,museum/indoor ,0.2833381
20061,253796,96288,dressing_room ,0.13330208
20062,253796,96288,clean_room ,0.09117709
20063,253796,96288,jewelry_shop ,0.0858179
20064,253796,96288,art_gallery ,0.05410656
20065,253796,96312,museum/indoor ,0.8249405
20066,253796,96312,art_gallery ,0.094685346
20067,253796,96312,natural_history_museum ,0.023543099
20068,253796,96312,science_museum ,0.021798115
20069,253796,96312,jewelry_shop ,0.013333082
20070,253796,96336,museum/indoor ,0.8132646
20071,253796,96336,art_gallery ,0.10975324
20072,253796,96336,science_museum ,0.01993868
20073,253796,96336,natural_history_museum ,0.016416054
20074,253796,96336,jewelry_shop ,0.015734589
20075,253796,96360,museum/indoor ,0.8320197
20076,253796,96360,art_gallery ,0.08356247
20077,253796,96360,natural_history_museum ,0.0254431
20078,253796,96360,science_museum ,0.021113338
20079,253796,96360,jewelry_shop ,0.015146505
20080,253796,96384,museum/indoor ,0.81921256
20081,253796,96384,art_gallery ,0.09957444
20082,253796,96384,natural_history_museum ,0.02077661
20083,253796,96384,science_museum ,0.019784648
20084,253796,96384,jewelry_shop ,0.018000783
20085,253796,96408,museum/indoor ,0.8166829
20086,253796,96408,art_gallery ,0.094064765
20087,253796,96408,natural_history_museum ,0.026552336
20088,253796,96408,science_museum ,0.023437181
20089,253796,96408,jewelry_shop ,0.016282512
20090,253796,96432,museum/indoor ,0.28276777
20091,253796,96432,clean_room ,0.23296715
20092,253796,96432,dressing_room ,0.08367812
20093,253796,96432,natural_history_museum ,0.08287211
20094,253796,96432,jewelry_shop ,0.06931561
20095,253796,96456,jewelry_shop ,0.5985038
20096,253796,96456,clothing_store ,0.17857946
20097,253796,96456,dressing_room ,0.047762163
20098,253796,96456,clean_room ,0.03196527
20099,253796,96456,shower ,0.028866787
20100,253796,96480,clothing_store ,0.25992906
20101,253796,96480,stage/indoor ,0.12470212
20102,253796,96480,dressing_room ,0.086401455
20103,253796,96480,discotheque ,0.06355448
20104,253796,96480,music_studio ,0.04626168
20105,253796,96504,museum/indoor ,0.23156784
20106,253796,96504,art_gallery ,0.119803324
20107,253796,96504,locker_room ,0.095376045
20108,253796,96504,stage/indoor ,0.057637088
20109,253796,96504,clean_room ,0.0555228
20110,253796,96528,museum/indoor ,0.38966644
20111,253796,96528,stage/indoor ,0.25080323
20112,253796,96528,art_gallery ,0.061464407
20113,253796,96528,clothing_store ,0.02097982
20114,253796,96528,ballroom ,0.019605238
20115,253796,96552,museum/indoor ,0.5019921
20116,253796,96552,jewelry_shop ,0.25820163
20117,253796,96552,art_gallery ,0.03622739
20118,253796,96552,science_museum ,0.018859293
20119,253796,96552,natural_history_museum ,0.01828023
20120,253796,96576,museum/indoor ,0.47374237
20121,253796,96576,jewelry_shop ,0.35308668
20122,253796,96576,gift_shop ,0.032735016
20123,253796,96576,art_gallery ,0.022098571
20124,253796,96576,clean_room ,0.015253679
20125,253796,96600,museum/indoor ,0.5716129
20126,253796,96600,jewelry_shop ,0.15390329
20127,253796,96600,dressing_room ,0.045729574
20128,253796,96600,clothing_store ,0.042885847
20129,253796,96600,stage/indoor ,0.033133246
20130,253796,96624,museum/indoor ,0.40496913
20131,253796,96624,jewelry_shop ,0.21043952
20132,253796,96624,clothing_store ,0.06235521
20133,253796,96624,stage/indoor ,0.049873345
20134,253796,96624,dressing_room ,0.049041096
20135,253796,96648,jewelry_shop ,0.6000513
20136,253796,96648,museum/indoor ,0.17370953
20137,253796,96648,clean_room ,0.03516053
20138,253796,96648,clothing_store ,0.028399896
20139,253796,96648,gift_shop ,0.020600833
20140,253796,96672,jewelry_shop ,0.34081712
20141,253796,96672,museum/indoor ,0.3327691
20142,253796,96672,locker_room ,0.05428572
20143,253796,96672,art_gallery ,0.042867806
20144,253796,96672,clean_room ,0.025917491
20145,253796,96696,jewelry_shop ,0.59226066
20146,253796,96696,museum/indoor ,0.2119516
20147,253796,96696,art_gallery ,0.02564618
20148,253796,96696,clothing_store ,0.021843817
20149,253796,96696,clean_room ,0.016721832
20150,253796,96720,jewelry_shop ,0.4471811
20151,253796,96720,museum/indoor ,0.3380645
20152,253796,96720,clean_room ,0.030864222
20153,253796,96720,art_gallery ,0.021804614
20154,253796,96720,clothing_store ,0.018775558
20155,253796,96744,museum/indoor ,0.4799765
20156,253796,96744,jewelry_shop ,0.25852743
20157,253796,96744,clothing_store ,0.036557317
20158,253796,96744,art_gallery ,0.03541076
20159,253796,96744,dressing_room ,0.020062212
20160,253796,96768,museum/indoor ,0.47807145
20161,253796,96768,jewelry_shop ,0.28833526
20162,253796,96768,art_gallery ,0.032884877
20163,253796,96768,clean_room ,0.020624047
20164,253796,96768,clothing_store ,0.017310381
20165,253796,96792,museum/indoor ,0.591056
20166,253796,96792,jewelry_shop ,0.16014488
20167,253796,96792,art_gallery ,0.045937136
20168,253796,96792,clean_room ,0.019632949
20169,253796,96792,stage/indoor ,0.016914912
20170,253796,96816,museum/indoor ,0.8373318
20171,253796,96816,art_gallery ,0.03214017
20172,253796,96816,stage/indoor ,0.015399073
20173,253796,96816,jewelry_shop ,0.014541806
20174,253796,96816,locker_room ,0.011958114
20175,253796,96840,museum/indoor ,0.724498
20176,253796,96840,stage/indoor ,0.07535085
20177,253796,96840,art_gallery ,0.047811117
20178,253796,96840,locker_room ,0.01772515
20179,253796,96840,natural_history_museum ,0.014039302
20180,253796,96864,museum/indoor ,0.69473696
20181,253796,96864,locker_room ,0.07335753
20182,253796,96864,physics_laboratory ,0.029425805
20183,253796,96864,jewelry_shop ,0.023964938
20184,253796,96864,art_gallery ,0.022682225
20185,253796,96888,museum/indoor ,0.8336673
20186,253796,96888,art_gallery ,0.039334822
20187,253796,96888,jewelry_shop ,0.026565999
20188,253796,96888,clean_room ,0.018062878
20189,253796,96888,natural_history_museum ,0.010395509
20190,253796,96912,museum/indoor ,0.7346661
20191,253796,96912,jewelry_shop ,0.09969724
20192,253796,96912,natural_history_museum ,0.03323379
20193,253796,96912,art_gallery ,0.025656993
20194,253796,96912,chemistry_lab ,0.017485581
20195,253796,96936,museum/indoor ,0.65012664
20196,253796,96936,clean_room ,0.09724934
20197,253796,96936,locker_room ,0.04509499
20198,253796,96936,art_gallery ,0.03655144
20199,253796,96936,archive ,0.027301824
20200,253796,96960,museum/indoor ,0.7096289
20201,253796,96960,clean_room ,0.13082747
20202,253796,96960,art_gallery ,0.05289216
20203,253796,96960,archive ,0.028620088
20204,253796,96960,locker_room ,0.0114787435
20205,253796,96984,museum/indoor ,0.8214851
20206,253796,96984,art_gallery ,0.059794784
20207,253796,96984,archive ,0.036354147
20208,253796,96984,stage/indoor ,0.027829254
20209,253796,96984,clean_room ,0.011277929
20210,253796,97008,museum/indoor ,0.64257795
20211,253796,97008,art_gallery ,0.14715722
20212,253796,97008,archive ,0.05243565
20213,253796,97008,clean_room ,0.044629745
20214,253796,97008,stage/indoor ,0.024552366
20215,253796,97032,museum/indoor ,0.69308877
20216,253796,97032,art_gallery ,0.17762126
20217,253796,97032,stage/indoor ,0.051646337
20218,253796,97032,art_studio ,0.012564706
20219,253796,97032,clean_room ,0.010324461
20220,253796,97056,museum/indoor ,0.7146401
20221,253796,97056,art_gallery ,0.13807
20222,253796,97056,clean_room ,0.06372719
20223,253796,97056,stage/indoor ,0.015767962
20224,253796,97056,archive ,0.014704745
20225,253796,97080,museum/indoor ,0.63032395
20226,253796,97080,art_gallery ,0.1340079
20227,253796,97080,stage/indoor ,0.07297559
20228,253796,97080,clean_room ,0.068976425
20229,253796,97080,archive ,0.013403582
20230,253796,97104,museum/indoor ,0.5190506
20231,253796,97104,clean_room ,0.17866237
20232,253796,97104,art_gallery ,0.12326957
20233,253796,97104,stage/indoor ,0.04295309
20234,253796,97104,dressing_room ,0.022150898
20235,253796,97128,museum/indoor ,0.7024035
20236,253796,97128,clean_room ,0.08965549
20237,253796,97128,art_gallery ,0.074337706
20238,253796,97128,archive ,0.028627668
20239,253796,97128,science_museum ,0.023668528
20240,253796,97152,clean_room ,0.49827966
20241,253796,97152,museum/indoor ,0.1156972
20242,253796,97152,art_gallery ,0.055986736
20243,253796,97152,dressing_room ,0.048989393
20244,253796,97152,stage/indoor ,0.04143019
20245,253796,97176,museum/indoor ,0.38537666
20246,253796,97176,clean_room ,0.29313913
20247,253796,97176,art_gallery ,0.10165971
20248,253796,97176,dressing_room ,0.046768256
20249,253796,97176,stage/indoor ,0.030859033
20250,253796,97200,shower ,0.7657978
20251,253796,97200,clean_room ,0.05428217
20252,253796,97200,bathroom ,0.047644902
20253,253796,97200,closet ,0.03754555
20254,253796,97200,locker_room ,0.01795866
20255,253796,97224,shower ,0.24192277
20256,253796,97224,ice_shelf ,0.12017502
20257,253796,97224,museum/indoor ,0.10110876
20258,253796,97224,airport_terminal ,0.06285159
20259,253796,97224,art_gallery ,0.04670186
20260,253796,97248,museum/indoor ,0.21061118
20261,253796,97248,jewelry_shop ,0.20113647
20262,253796,97248,clean_room ,0.17506857
20263,253796,97248,art_gallery ,0.10567269
20264,253796,97248,physics_laboratory ,0.030166628
20265,253796,97272,jewelry_shop ,0.2731563
20266,253796,97272,museum/indoor ,0.1935084
20267,253796,97272,clean_room ,0.1642333
20268,253796,97272,art_gallery ,0.065705664
20269,253796,97272,archive ,0.024063775
20270,253796,97296,clean_room ,0.20988025
20271,253796,97296,jewelry_shop ,0.19006361
20272,253796,97296,museum/indoor ,0.18704318
20273,253796,97296,art_gallery ,0.11706028
20274,253796,97296,natural_history_museum ,0.028564679
20275,253796,97320,jewelry_shop ,0.39340958
20276,253796,97320,clean_room ,0.18574458
20277,253796,97320,museum/indoor ,0.14487465
20278,253796,97320,art_gallery ,0.055166587
20279,253796,97320,natural_history_museum ,0.025419537
20280,253796,97344,jewelry_shop ,0.2675643
20281,253796,97344,museum/indoor ,0.19615974
20282,253796,97344,clean_room ,0.15536442
20283,253796,97344,art_gallery ,0.10534015
20284,253796,97344,natural_history_museum ,0.023202345
20285,253796,97368,jewelry_shop ,0.36218953
20286,253796,97368,clean_room ,0.30548435
20287,253796,97368,museum/indoor ,0.0926692
20288,253796,97368,art_gallery ,0.04691754
20289,253796,97368,natural_history_museum ,0.016173065
20290,253796,97392,clean_room ,0.31433296
20291,253796,97392,jewelry_shop ,0.3115063
20292,253796,97392,museum/indoor ,0.10809194
20293,253796,97392,art_gallery ,0.05184276
20294,253796,97392,chemistry_lab ,0.017407289
20295,253796,97416,clean_room ,0.35947332
20296,253796,97416,jewelry_shop ,0.23094726
20297,253796,97416,museum/indoor ,0.1995821
20298,253796,97416,art_gallery ,0.07158562
20299,253796,97416,natural_history_museum ,0.020370318
20300,253796,97440,clean_room ,0.36568508
20301,253796,97440,museum/indoor ,0.22406492
20302,253796,97440,jewelry_shop ,0.18455246
20303,253796,97440,art_gallery ,0.091085084
20304,253796,97440,natural_history_museum ,0.023741363
20305,253796,97464,clean_room ,0.39991608
20306,253796,97464,jewelry_shop ,0.30031818
20307,253796,97464,museum/indoor ,0.15509528
20308,253796,97464,art_gallery ,0.03706488
20309,253796,97464,natural_history_museum ,0.014888506
20310,253796,97488,jewelry_shop ,0.29467082
20311,253796,97488,clean_room ,0.24979691
20312,253796,97488,museum/indoor ,0.24635419
20313,253796,97488,art_gallery ,0.07285119
20314,253796,97488,natural_history_museum ,0.05137075
20315,253796,97512,clean_room ,0.28969347
20316,253796,97512,museum/indoor ,0.28252134
20317,253796,97512,jewelry_shop ,0.14989136
20318,253796,97512,art_gallery ,0.11542106
20319,253796,97512,natural_history_museum ,0.04067638
20320,253796,97536,museum/indoor ,0.30131802
20321,253796,97536,clean_room ,0.2540754
20322,253796,97536,jewelry_shop ,0.22009248
20323,253796,97536,art_gallery ,0.08797702
20324,253796,97536,natural_history_museum ,0.045830607
20325,253796,97560,museum/indoor ,0.29013857
20326,253796,97560,clean_room ,0.23512188
20327,253796,97560,jewelry_shop ,0.1950432
20328,253796,97560,art_gallery ,0.09404744
20329,253796,97560,natural_history_museum ,0.06069143
20330,253796,97584,museum/indoor ,0.30615187
20331,253796,97584,jewelry_shop ,0.24184632
20332,253796,97584,clean_room ,0.16669129
20333,253796,97584,art_gallery ,0.10481752
20334,253796,97584,natural_history_museum ,0.041432362
20335,253796,97608,museum/indoor ,0.29432377
20336,253796,97608,jewelry_shop ,0.26638895
20337,253796,97608,clean_room ,0.22948861
20338,253796,97608,art_gallery ,0.07700289
20339,253796,97608,natural_history_museum ,0.032058157
20340,253796,97632,clean_room ,0.2368259
20341,253796,97632,museum/indoor ,0.23574471
20342,253796,97632,jewelry_shop ,0.15013583
20343,253796,97632,art_gallery ,0.059221547
20344,253796,97632,archive ,0.035022482
20345,253796,97656,clean_room ,0.32829925
20346,253796,97656,museum/indoor ,0.20984736
20347,253796,97656,jewelry_shop ,0.1944122
20348,253796,97656,art_gallery ,0.047886483
20349,253796,97656,archive ,0.037056748
20350,253796,97680,jewelry_shop ,0.28431678
20351,253796,97680,clean_room ,0.25203824
20352,253796,97680,museum/indoor ,0.10087261
20353,253796,97680,archive ,0.043924965
20354,253796,97680,art_gallery ,0.034257576
20355,253796,97704,clean_room ,0.47965994
20356,253796,97704,museum/indoor ,0.113316566
20357,253796,97704,chemistry_lab ,0.07830409
20358,253796,97704,art_gallery ,0.028256115
20359,253796,97704,ice_shelf ,0.025944516
20360,253796,97728,shower ,0.2285359
20361,253796,97728,museum/indoor ,0.12407787
20362,253796,97728,fountain ,0.08035082
20363,253796,97728,clean_room ,0.07571708
20364,253796,97728,clothing_store ,0.043663993
20365,253796,97752,shower ,0.13116473
20366,253796,97752,dressing_room ,0.103147104
20367,253796,97752,closet ,0.09529159
20368,253796,97752,clothing_store ,0.08170396
20369,253796,97752,elevator/door ,0.07441426
20370,253796,97776,museum/indoor ,0.64131916
20371,253796,97776,art_gallery ,0.10197219
20372,253796,97776,clean_room ,0.055817
20373,253796,97776,science_museum ,0.033028245
20374,253796,97776,natural_history_museum ,0.029807875
20375,253796,97800,museum/indoor ,0.7649467
20376,253796,97800,art_gallery ,0.08671491
20377,253796,97800,archive ,0.039747804
20378,253796,97800,natural_history_museum ,0.026281139
20379,253796,97800,science_museum ,0.023408012
20380,253796,97824,museum/indoor ,0.5406156
20381,253796,97824,natural_history_museum ,0.13463032
20382,253796,97824,art_gallery ,0.07345051
20383,253796,97824,science_museum ,0.068449624
20384,253796,97824,stage/indoor ,0.020862127
20385,253796,97848,museum/indoor ,0.4066483
20386,253796,97848,stage/indoor ,0.07702227
20387,253796,97848,archive ,0.069049984
20388,253796,97848,clean_room ,0.056490373
20389,253796,97848,art_gallery ,0.05257075
20390,253796,97872,museum/indoor ,0.6850198
20391,253796,97872,archive ,0.09721476
20392,253796,97872,clean_room ,0.03196397
20393,253796,97872,science_museum ,0.020554092
20394,253796,97872,music_studio ,0.018359337
20395,253796,97896,museum/indoor ,0.6581516
20396,253796,97896,archive ,0.1476993
20397,253796,97896,clean_room ,0.0431685
20398,253796,97896,locker_room ,0.030683685
20399,253796,97896,music_studio ,0.015380891
20400,253796,97920,archive ,0.19738561
20401,253796,97920,locker_room ,0.19150965
20402,253796,97920,museum/indoor ,0.17990923
20403,253796,97920,jewelry_shop ,0.15331164
20404,253796,97920,physics_laboratory ,0.05824711
20405,253796,97944,jewelry_shop ,0.3529693
20406,253796,97944,bank_vault ,0.15763272
20407,253796,97944,museum/indoor ,0.11874178
20408,253796,97944,locker_room ,0.10312863
20409,253796,97944,clean_room ,0.046572775
20410,253796,97968,elevator/door ,0.3182777
20411,253796,97968,elevator_lobby ,0.1447368
20412,253796,97968,shower ,0.10686644
20413,253796,97968,bow_window/indoor ,0.06278488
20414,253796,97968,locker_room ,0.042702064
20415,253796,97992,elevator/door ,0.19158468
20416,253796,97992,locker_room ,0.10766479
20417,253796,97992,elevator_lobby ,0.09464171
20418,253796,97992,shower ,0.055089764
20419,253796,97992,bank_vault ,0.049944047
20420,253796,98016,shower ,0.16787499
20421,253796,98016,science_museum ,0.13457507
20422,253796,98016,natural_history_museum ,0.07680986
20423,253796,98016,clean_room ,0.069916934
20424,253796,98016,museum/indoor ,0.0648546
20425,253796,98040,clean_room ,0.15277041
20426,253796,98040,locker_room ,0.14570408
20427,253796,98040,server_room ,0.05471008
20428,253796,98040,airport_terminal ,0.051695492
20429,253796,98040,elevator_lobby ,0.05048417
20430,253796,98064,locker_room ,0.35082686
20431,253796,98064,archive ,0.15737483
20432,253796,98064,clean_room ,0.106997274
20433,253796,98064,classroom ,0.06554927
20434,253796,98064,music_studio ,0.0394522
20435,253796,98088,locker_room ,0.5402998
20436,253796,98088,clean_room ,0.1225045
20437,253796,98088,archive ,0.059828978
20438,253796,98088,hospital_room ,0.048704904
20439,253796,98088,server_room ,0.026271345
20440,253796,98112,locker_room ,0.58622456
20441,253796,98112,clean_room ,0.098585635
20442,253796,98112,archive ,0.05575618
20443,253796,98112,server_room ,0.029824916
20444,253796,98112,hospital_room ,0.021614939
20445,253796,98136,locker_room ,0.49331683
20446,253796,98136,clean_room ,0.14250514
20447,253796,98136,archive ,0.07349092
20448,253796,98136,server_room ,0.04621534
20449,253796,98136,hospital_room ,0.02805992
20450,253796,98160,locker_room ,0.40859646
20451,253796,98160,clean_room ,0.18973361
20452,253796,98160,archive ,0.0890146
20453,253796,98160,server_room ,0.036513682
20454,253796,98160,hospital_room ,0.02337503
20455,253796,98184,locker_room ,0.53166205
20456,253796,98184,clean_room ,0.113538705
20457,253796,98184,archive ,0.06981961
20458,253796,98184,server_room ,0.038788687
20459,253796,98184,hospital_room ,0.036036257
20460,253796,98208,locker_room ,0.4843929
20461,253796,98208,archive ,0.1506586
20462,253796,98208,clean_room ,0.10591063
20463,253796,98208,server_room ,0.03259678
20464,253796,98208,classroom ,0.02541582
20465,253796,98232,locker_room ,0.58287764
20466,253796,98232,archive ,0.09634322
20467,253796,98232,clean_room ,0.07042224
20468,253796,98232,classroom ,0.031183723
20469,253796,98232,server_room ,0.030749783
20470,253796,98256,locker_room ,0.5755795
20471,253796,98256,archive ,0.11586109
20472,253796,98256,clean_room ,0.108129
20473,253796,98256,classroom ,0.038740456
20474,253796,98256,lecture_room ,0.019677965
20475,253796,98280,locker_room ,0.67845863
20476,253796,98280,classroom ,0.05756853
20477,253796,98280,clean_room ,0.05496917
20478,253796,98280,archive ,0.049726665
20479,253796,98280,lecture_room ,0.02456242
20480,253796,98304,locker_room ,0.6074273
20481,253796,98304,classroom ,0.08651031
20482,253796,98304,archive ,0.07791792
20483,253796,98304,clean_room ,0.054026347
20484,253796,98304,lecture_room ,0.032062493
20485,253796,98328,locker_room ,0.38248098
20486,253796,98328,classroom ,0.21670085
20487,253796,98328,archive ,0.14927903
20488,253796,98328,lecture_room ,0.056456797
20489,253796,98328,clean_room ,0.043013394
20490,253796,98352,locker_room ,0.4816911
20491,253796,98352,classroom ,0.11696022
20492,253796,98352,archive ,0.115495875
20493,253796,98352,clean_room ,0.04156339
20494,253796,98352,server_room ,0.031231865
20495,253796,98376,locker_room ,0.7087456
20496,253796,98376,classroom ,0.17071664
20497,253796,98376,archive ,0.037831623
20498,253796,98376,lecture_room ,0.029753627
20499,253796,98376,auditorium ,0.0066563347
20500,253796,98400,locker_room ,0.7117693
20501,253796,98400,archive ,0.059498996
20502,253796,98400,classroom ,0.055928264
20503,253796,98400,lecture_room ,0.033353575
20504,253796,98400,auditorium ,0.020892546
20505,253796,98424,locker_room ,0.6992799
20506,253796,98424,server_room ,0.067160286
20507,253796,98424,archive ,0.04787117
20508,253796,98424,classroom ,0.036873575
20509,253796,98424,music_studio ,0.019955834
20510,253796,98448,locker_room ,0.4326023
20511,253796,98448,server_room ,0.25392383
20512,253796,98448,archive ,0.030464334
20513,253796,98448,music_studio ,0.029441355
20514,253796,98448,physics_laboratory ,0.027088616
20515,253796,98472,locker_room ,0.4153073
20516,253796,98472,server_room ,0.20849253
20517,253796,98472,archive ,0.05186744
20518,253796,98472,music_studio ,0.030964509
20519,253796,98472,bank_vault ,0.024521155
20520,253796,98496,locker_room ,0.34771195
20521,253796,98496,server_room ,0.30250937
20522,253796,98496,archive ,0.050673127
20523,253796,98496,bank_vault ,0.05058933
20524,253796,98496,music_studio ,0.032011777
20525,253796,98520,locker_room ,0.4081396
20526,253796,98520,bank_vault ,0.1914346
20527,253796,98520,museum/indoor ,0.07028966
20528,253796,98520,archive ,0.06547388
20529,253796,98520,server_room ,0.03322589
20530,253796,98544,locker_room ,0.2748832
20531,253796,98544,bank_vault ,0.17225277
20532,253796,98544,museum/indoor ,0.16253582
20533,253796,98544,archive ,0.09848495
20534,253796,98544,dressing_room ,0.03338697
20535,253796,98568,locker_room ,0.25014588
20536,253796,98568,bank_vault ,0.18291762
20537,253796,98568,museum/indoor ,0.15289143
20538,253796,98568,archive ,0.11218476
20539,253796,98568,dressing_room ,0.033949185
20540,253796,98592,locker_room ,0.26071545
20541,253796,98592,bank_vault ,0.23457488
20542,253796,98592,museum/indoor ,0.17037731
20543,253796,98592,archive ,0.06451243
20544,253796,98592,art_gallery ,0.03313566
20545,253796,98616,bank_vault ,0.2934208
20546,253796,98616,locker_room ,0.2685628
20547,253796,98616,museum/indoor ,0.11120403
20548,253796,98616,archive ,0.0775617
20549,253796,98616,server_room ,0.023430843
20550,253796,98640,locker_room ,0.381894
20551,253796,98640,bank_vault ,0.20728098
20552,253796,98640,museum/indoor ,0.09699641
20553,253796,98640,archive ,0.084383965
20554,253796,98640,server_room ,0.025956655
20555,253796,98664,bank_vault ,0.26220366
20556,253796,98664,locker_room ,0.19895992
20557,253796,98664,museum/indoor ,0.17291676
20558,253796,98664,archive ,0.05798911
20559,253796,98664,dressing_room ,0.04004096
20560,253796,98688,locker_room ,0.28907213
20561,253796,98688,bank_vault ,0.2699737
20562,253796,98688,museum/indoor ,0.12569115
20563,253796,98688,archive ,0.0617456
20564,253796,98688,dressing_room ,0.02854414
20565,253796,98712,bank_vault ,0.38146356
20566,253796,98712,locker_room ,0.23450957
20567,253796,98712,museum/indoor ,0.08889659
20568,253796,98712,archive ,0.053830855
20569,253796,98712,server_room ,0.026792984
20570,253796,98736,bank_vault ,0.30877823
20571,253796,98736,locker_room ,0.25776
20572,253796,98736,museum/indoor ,0.10872326
20573,253796,98736,archive ,0.06430585
20574,253796,98736,server_room ,0.025513807
20575,253796,98760,bank_vault ,0.34506762
20576,253796,98760,locker_room ,0.20799814
20577,253796,98760,museum/indoor ,0.12846066
20578,253796,98760,archive ,0.061920553
20579,253796,98760,server_room ,0.02531011
20580,253796,98784,bank_vault ,0.23674114
20581,253796,98784,museum/indoor ,0.20972782
20582,253796,98784,locker_room ,0.19462693
20583,253796,98784,archive ,0.06700734
20584,253796,98784,dressing_room ,0.030544113
20585,253796,98808,locker_room ,0.21681912
20586,253796,98808,bank_vault ,0.18754776
20587,253796,98808,museum/indoor ,0.18526502
20588,253796,98808,archive ,0.09371706
20589,253796,98808,physics_laboratory ,0.029895253
20590,253796,98832,locker_room ,0.28583622
20591,253796,98832,museum/indoor ,0.15553308
20592,253796,98832,bank_vault ,0.14484146
20593,253796,98832,archive ,0.07848136
20594,253796,98832,dressing_room ,0.049880296
20595,253796,98856,locker_room ,0.35326138
20596,253796,98856,bank_vault ,0.19859263
20597,253796,98856,museum/indoor ,0.097821735
20598,253796,98856,archive ,0.06604478
20599,253796,98856,dressing_room ,0.03292199
20600,253796,98880,bank_vault ,0.37292016
20601,253796,98880,locker_room ,0.3026778
20602,253796,98880,museum/indoor ,0.07941352
20603,253796,98880,archive ,0.028066097
20604,253796,98880,server_room ,0.021715697
20605,253796,98904,bank_vault ,0.6223797
20606,253796,98904,locker_room ,0.14870153
20607,253796,98904,museum/indoor ,0.06074647
20608,253796,98904,archive ,0.02877407
20609,253796,98904,server_room ,0.01885037
20610,253796,98928,locker_room ,0.4507857
20611,253796,98928,bank_vault ,0.28771317
20612,253796,98928,archive ,0.07170994
20613,253796,98928,museum/indoor ,0.03202012
20614,253796,98928,server_room ,0.02079369
20615,253796,98952,bank_vault ,0.53666955
20616,253796,98952,locker_room ,0.2519879
20617,253796,98952,archive ,0.06382807
20618,253796,98952,museum/indoor ,0.025840128
20619,253796,98952,server_room ,0.017637216
20620,253796,98976,bank_vault ,0.49158645
20621,253796,98976,locker_room ,0.27984518
20622,253796,98976,archive ,0.07679496
20623,253796,98976,server_room ,0.02554573
20624,253796,98976,museum/indoor ,0.019871067
20625,253796,99000,locker_room ,0.5528177
20626,253796,99000,bank_vault ,0.2427028
20627,253796,99000,archive ,0.055133484
20628,253796,99000,server_room ,0.02854578
20629,253796,99000,museum/indoor ,0.01276247
20630,253796,99024,locker_room ,0.5311659
20631,253796,99024,bank_vault ,0.26919895
20632,253796,99024,archive ,0.055318516
20633,253796,99024,server_room ,0.04352294
20634,253796,99024,clean_room ,0.009706166
20635,253796,99048,locker_room ,0.3870393
20636,253796,99048,bank_vault ,0.33973557
20637,253796,99048,archive ,0.075715296
20638,253796,99048,server_room ,0.06957747
20639,253796,99048,clean_room ,0.01719298
20640,253796,99072,locker_room ,0.3863567
20641,253796,99072,bank_vault ,0.36513472
20642,253796,99072,archive ,0.077165514
20643,253796,99072,server_room ,0.030454904
20644,253796,99072,museum/indoor ,0.027519407
20645,253796,99096,locker_room ,0.53784984
20646,253796,99096,bank_vault ,0.26384884
20647,253796,99096,archive ,0.06308111
20648,253796,99096,server_room ,0.042228334
20649,253796,99096,museum/indoor ,0.00887547
20650,253796,99120,locker_room ,0.8024576
20651,253796,99120,archive ,0.050300747
20652,253796,99120,bank_vault ,0.043873966
20653,253796,99120,classroom ,0.008827412
20654,253796,99120,museum/indoor ,0.008488446
20655,253796,99144,locker_room ,0.7314942
20656,253796,99144,bank_vault ,0.123231225
20657,253796,99144,archive ,0.056086913
20658,253796,99144,server_room ,0.015170345
20659,253796,99144,jail_cell ,0.0079463115
20660,253796,99168,locker_room ,0.64301217
20661,253796,99168,bank_vault ,0.18880019
20662,253796,99168,archive ,0.03188882
20663,253796,99168,server_room ,0.027886111
20664,253796,99168,dressing_room ,0.009823581
20665,253796,99192,locker_room ,0.70627344
20666,253796,99192,bank_vault ,0.07053805
20667,253796,99192,archive ,0.054453958
20668,253796,99192,museum/indoor ,0.03386769
20669,253796,99192,dressing_room ,0.020058367
20670,253796,99216,locker_room ,0.41672236
20671,253796,99216,museum/indoor ,0.17001946
20672,253796,99216,archive ,0.081885986
20673,253796,99216,art_gallery ,0.046953883
20674,253796,99216,bank_vault ,0.046077605
20675,253796,99240,museum/indoor ,0.41246697
20676,253796,99240,locker_room ,0.09236597
20677,253796,99240,art_gallery ,0.08681127
20678,253796,99240,dressing_room ,0.053765677
20679,253796,99240,archive ,0.051722493
20680,253796,99264,museum/indoor ,0.47880477
20681,253796,99264,art_gallery ,0.12354355
20682,253796,99264,locker_room ,0.094474144
20683,253796,99264,archive ,0.041577145
20684,253796,99264,jewelry_shop ,0.03632316
20685,253796,99288,museum/indoor ,0.504301
20686,253796,99288,art_gallery ,0.19688122
20687,253796,99288,locker_room ,0.08754308
20688,253796,99288,archive ,0.026976805
20689,253796,99288,art_studio ,0.018507816
20690,253796,99312,museum/indoor ,0.4495072
20691,253796,99312,locker_room ,0.16238777
20692,253796,99312,art_gallery ,0.16136521
20693,253796,99312,archive ,0.022268511
20694,253796,99312,art_studio ,0.021223063
20695,253796,99336,museum/indoor ,0.4850978
20696,253796,99336,locker_room ,0.24769309
20697,253796,99336,art_gallery ,0.08042774
20698,253796,99336,archive ,0.040161688
20699,253796,99336,bank_vault ,0.016879467
20700,253796,99360,museum/indoor ,0.61307573
20701,253796,99360,locker_room ,0.13479719
20702,253796,99360,art_gallery ,0.07496342
20703,253796,99360,archive ,0.031363234
20704,253796,99360,stage/indoor ,0.015457167
20705,253796,99384,locker_room ,0.36470497
20706,253796,99384,archive ,0.24656777
20707,253796,99384,bank_vault ,0.09493631
20708,253796,99384,museum/indoor ,0.070045225
20709,253796,99384,basement ,0.02101067
20710,253796,99408,bank_vault ,0.7832442
20711,253796,99408,locker_room ,0.12182116
20712,253796,99408,server_room ,0.026996203
20713,253796,99408,archive ,0.020123096
20714,253796,99408,elevator/door ,0.0074729878
20715,253796,99432,locker_room ,0.48965186
20716,253796,99432,bank_vault ,0.2378561
20717,253796,99432,archive ,0.06317236
20718,253796,99432,server_room ,0.027921908
20719,253796,99432,museum/indoor ,0.021776026
20720,253796,99456,locker_room ,0.6302716
20721,253796,99456,archive ,0.09402131
20722,253796,99456,bank_vault ,0.09198492
20723,253796,99456,museum/indoor ,0.023372006
20724,253796,99456,server_room ,0.015984766
20725,253796,99480,bank_vault ,0.3754099
20726,253796,99480,locker_room ,0.25614285
20727,253796,99480,archive ,0.17184535
20728,253796,99480,museum/indoor ,0.03481772
20729,253796,99480,physics_laboratory ,0.021246564
20730,253796,99504,bank_vault ,0.42361012
20731,253796,99504,locker_room ,0.24148779
20732,253796,99504,archive ,0.13799284
20733,253796,99504,museum/indoor ,0.031086909
20734,253796,99504,server_room ,0.02787673
20735,253796,99528,locker_room ,0.5188422
20736,253796,99528,bank_vault ,0.2009119
20737,253796,99528,archive ,0.09047125
20738,253796,99528,server_room ,0.038301215
20739,253796,99528,physics_laboratory ,0.022408566
20740,253796,99552,bank_vault ,0.42458984
20741,253796,99552,locker_room ,0.1909614
20742,253796,99552,archive ,0.17807065
20743,253796,99552,server_room ,0.042271532
20744,253796,99552,physics_laboratory ,0.027639037
20745,253796,99576,bank_vault ,0.33312488
20746,253796,99576,locker_room ,0.27134383
20747,253796,99576,archive ,0.12372788
20748,253796,99576,server_room ,0.0886076
20749,253796,99576,museum/indoor ,0.04822377
20750,253796,99600,locker_room ,0.37650552
20751,253796,99600,bank_vault ,0.13818738
20752,253796,99600,archive ,0.12257004
20753,253796,99600,museum/indoor ,0.061461374
20754,253796,99600,server_room ,0.03979162
20755,253796,99624,bank_vault ,0.2822238
20756,253796,99624,museum/indoor ,0.20821927
20757,253796,99624,locker_room ,0.07529582
20758,253796,99624,jewelry_shop ,0.06507457
20759,253796,99624,archive ,0.05571081
20760,253796,99648,bank_vault ,0.36250478
20761,253796,99648,locker_room ,0.16013874
20762,253796,99648,museum/indoor ,0.10539918
20763,253796,99648,archive ,0.054400194
20764,253796,99648,server_room ,0.03901983
20765,253796,99672,bank_vault ,0.47255588
20766,253796,99672,locker_room ,0.20789932
20767,253796,99672,server_room ,0.13700297
20768,253796,99672,archive ,0.029412571
20769,253796,99672,physics_laboratory ,0.024388738
20770,253796,99696,locker_room ,0.3021812
20771,253796,99696,bank_vault ,0.28774422
20772,253796,99696,museum/indoor ,0.0665871
20773,253796,99696,archive ,0.062834814
20774,253796,99696,server_room ,0.04252845
20775,253796,99720,bank_vault ,0.4197444
20776,253796,99720,server_room ,0.23217987
20777,253796,99720,locker_room ,0.05967939
20778,253796,99720,archive ,0.05866034
20779,253796,99720,physics_laboratory ,0.030296134
20780,253796,99744,locker_room ,0.64691126
20781,253796,99744,bank_vault ,0.17947295
20782,253796,99744,archive ,0.05603221
20783,253796,99744,server_room ,0.018261008
20784,253796,99744,museum/indoor ,0.011711652
20785,253796,99768,locker_room ,0.7164462
20786,253796,99768,bank_vault ,0.10571926
20787,253796,99768,archive ,0.066145755
20788,253796,99768,museum/indoor ,0.014901535
20789,253796,99768,server_room ,0.010779616
20790,253796,99792,locker_room ,0.73706836
20791,253796,99792,bank_vault ,0.11408814
20792,253796,99792,archive ,0.049899343
20793,253796,99792,museum/indoor ,0.011532327
20794,253796,99792,server_room ,0.010477022
20795,253796,99816,locker_room ,0.59271985
20796,253796,99816,bank_vault ,0.18970552
20797,253796,99816,archive ,0.09247969
20798,253796,99816,server_room ,0.018562593
20799,253796,99816,museum/indoor ,0.018475682
20800,253796,99840,locker_room ,0.6200115
20801,253796,99840,bank_vault ,0.19213746
20802,253796,99840,archive ,0.061814908
20803,253796,99840,server_room ,0.016665848
20804,253796,99840,museum/indoor ,0.016525803
20805,253796,99864,bank_vault ,0.67752993
20806,253796,99864,locker_room ,0.20993583
20807,253796,99864,archive ,0.030430242
20808,253796,99864,server_room ,0.024431607
20809,253796,99864,museum/indoor ,0.0060654785
20810,253796,99888,bank_vault ,0.31867087
20811,253796,99888,locker_room ,0.31384224
20812,253796,99888,server_room ,0.056118704
20813,253796,99888,museum/indoor ,0.048725307
20814,253796,99888,archive ,0.043900583
20815,253796,99912,locker_room ,0.42063144
20816,253796,99912,bank_vault ,0.30329326
20817,253796,99912,server_room ,0.052359983
20818,253796,99912,archive ,0.038664576
20819,253796,99912,museum/indoor ,0.029611023
20820,253796,99936,locker_room ,0.4613538
20821,253796,99936,bank_vault ,0.32781497
20822,253796,99936,server_room ,0.038636394
20823,253796,99936,archive ,0.031384267
20824,253796,99936,museum/indoor ,0.022277562
20825,253796,99960,bank_vault ,0.40018257
20826,253796,99960,locker_room ,0.24995899
20827,253796,99960,archive ,0.051257618
20828,253796,99960,museum/indoor ,0.04821722
20829,253796,99960,server_room ,0.047418095
20830,253796,99984,bank_vault ,0.3849755
20831,253796,99984,locker_room ,0.255464
20832,253796,99984,museum/indoor ,0.06248605
20833,253796,99984,archive ,0.061483156
20834,253796,99984,server_room ,0.03591764
20835,253796,100008,bank_vault ,0.62287587
20836,253796,100008,locker_room ,0.19878277
20837,253796,100008,server_room ,0.040431388
20838,253796,100008,archive ,0.029095002
20839,253796,100008,shower ,0.015228344
20840,253796,100032,locker_room ,0.6218507
20841,253796,100032,bank_vault ,0.19099528
20842,253796,100032,archive ,0.04661732
20843,253796,100032,server_room ,0.027358403
20844,253796,100032,museum/indoor ,0.017867144
20845,253796,100056,locker_room ,0.6650205
20846,253796,100056,bank_vault ,0.15346465
20847,253796,100056,archive ,0.033783108
20848,253796,100056,server_room ,0.033224937
20849,253796,100056,clean_room ,0.017466769
20850,253796,100080,bank_vault ,0.37294444
20851,253796,100080,locker_room ,0.253184
20852,253796,100080,server_room ,0.20668672
20853,253796,100080,archive ,0.03453179
20854,253796,100080,clean_room ,0.017113553
20855,253796,100104,locker_room ,0.6778927
20856,253796,100104,bank_vault ,0.18604752
20857,253796,100104,server_room ,0.054338027
20858,253796,100104,archive ,0.011693648
20859,253796,100104,elevator_lobby ,0.0082351435
20860,253796,100128,bank_vault ,0.42464927
20861,253796,100128,locker_room ,0.36630765
20862,253796,100128,server_room ,0.038337693
20863,253796,100128,archive ,0.027592452
20864,253796,100128,elevator_lobby ,0.020529956
20865,253796,100152,bank_vault ,0.5750718
20866,253796,100152,locker_room ,0.2616533
20867,253796,100152,server_room ,0.048961066
20868,253796,100152,elevator_lobby ,0.016508453
20869,253796,100152,archive ,0.012384322
20870,253796,100176,locker_room ,0.44410175
20871,253796,100176,bank_vault ,0.35425892
20872,253796,100176,server_room ,0.042193905
20873,253796,100176,archive ,0.040577367
20874,253796,100176,museum/indoor ,0.013774612
20875,253796,100200,bank_vault ,0.42103383
20876,253796,100200,locker_room ,0.19574775
20877,253796,100200,archive ,0.094482735
20878,253796,100200,museum/indoor ,0.07824726
20879,253796,100200,server_room ,0.027599184
20880,253796,100224,bank_vault ,0.46071032
20881,253796,100224,locker_room ,0.34169725
20882,253796,100224,server_room ,0.042786825
20883,253796,100224,archive ,0.021328723
20884,253796,100224,jail_cell ,0.017070107
20885,253796,100248,bank_vault ,0.2949917
20886,253796,100248,locker_room ,0.20878641
20887,253796,100248,archive ,0.109691024
20888,253796,100248,museum/indoor ,0.09701538
20889,253796,100248,elevator/door ,0.03619262
20890,253796,100272,shower ,0.22614992
20891,253796,100272,clean_room ,0.13382325
20892,253796,100272,art_gallery ,0.0865791
20893,253796,100272,locker_room ,0.07603326
20894,253796,100272,bow_window/indoor ,0.068764515
20895,253796,100296,shower ,0.23439336
20896,253796,100296,elevator/door ,0.10898562
20897,253796,100296,elevator_lobby ,0.0959935
20898,253796,100296,clean_room ,0.06374769
20899,253796,100296,locker_room ,0.04450866
20900,253796,100320,shower ,0.3403782
20901,253796,100320,bathroom ,0.12141051
20902,253796,100320,bank_vault ,0.0686746
20903,253796,100320,jail_cell ,0.06675451
20904,253796,100320,locker_room ,0.057775125
20905,253796,100344,elevator/door ,0.22372317
20906,253796,100344,locker_room ,0.18183605
20907,253796,100344,elevator_lobby ,0.0860561
20908,253796,100344,basement ,0.050833933
20909,253796,100344,server_room ,0.043507256
20910,253796,100368,locker_room ,0.35055462
20911,253796,100368,server_room ,0.06956903
20912,253796,100368,elevator/door ,0.05831989
20913,253796,100368,bank_vault ,0.042118896
20914,253796,100368,classroom ,0.04100926
20915,253796,100392,locker_room ,0.19655046
20916,253796,100392,classroom ,0.14927474
20917,253796,100392,lecture_room ,0.08058476
20918,253796,100392,office ,0.053402964
20919,253796,100392,reception ,0.04393709
20920,253796,100416,locker_room ,0.21949127
20921,253796,100416,classroom ,0.16047302
20922,253796,100416,lecture_room ,0.06977308
20923,253796,100416,reception ,0.04156132
20924,253796,100416,jewelry_shop ,0.03351151
20925,253796,100440,locker_room ,0.1890046
20926,253796,100440,classroom ,0.1604225
20927,253796,100440,lecture_room ,0.08713065
20928,253796,100440,reception ,0.061586283
20929,253796,100440,office ,0.043020427
20930,253796,100464,jewelry_shop ,0.098436065
20931,253796,100464,locker_room ,0.093555234
20932,253796,100464,art_gallery ,0.07073129
20933,253796,100464,reception ,0.060708813
20934,253796,100464,office ,0.045889836
20935,253796,100488,locker_room ,0.24934855
20936,253796,100488,classroom ,0.07182077
20937,253796,100488,art_gallery ,0.060296163
20938,253796,100488,jewelry_shop ,0.046114814
20939,253796,100488,elevator/door ,0.04283033
20940,253796,100512,locker_room ,0.11895924
20941,253796,100512,art_gallery ,0.09884232
20942,253796,100512,clean_room ,0.09295459
20943,253796,100512,music_studio ,0.06627573
20944,253796,100512,elevator/door ,0.04723069
20945,253796,100536,locker_room ,0.12313485
20946,253796,100536,music_studio ,0.111054495
20947,253796,100536,server_room ,0.070313014
20948,253796,100536,physics_laboratory ,0.05929968
20949,253796,100536,clean_room ,0.051465455
20950,253796,100560,art_gallery ,0.08807481
20951,253796,100560,locker_room ,0.08388723
20952,253796,100560,clean_room ,0.0815422
20953,253796,100560,music_studio ,0.07608343
20954,253796,100560,physics_laboratory ,0.07243541
20955,253796,100584,art_gallery ,0.1414089
20956,253796,100584,locker_room ,0.08086249
20957,253796,100584,clean_room ,0.07667514
20958,253796,100584,jewelry_shop ,0.07369361
20959,253796,100584,science_museum ,0.060638078
20960,253796,100608,art_gallery ,0.16574097
20961,253796,100608,locker_room ,0.12289022
20962,253796,100608,clean_room ,0.08522876
20963,253796,100608,museum/indoor ,0.048656825
20964,253796,100608,jewelry_shop ,0.038203306
20965,253796,100632,art_gallery ,0.13847879
20966,253796,100632,jewelry_shop ,0.08307748
20967,253796,100632,locker_room ,0.07578822
20968,253796,100632,museum/indoor ,0.06900422
20969,253796,100632,clean_room ,0.059703745
20970,253796,100656,locker_room ,0.14243765
20971,253796,100656,art_gallery ,0.093535244
20972,253796,100656,clean_room ,0.07777292
20973,253796,100656,elevator/door ,0.05723235
20974,253796,100656,museum/indoor ,0.04716795
20975,253796,100680,art_gallery ,0.32467338
20976,253796,100680,clean_room ,0.09653823
20977,253796,100680,jewelry_shop ,0.067245305
20978,253796,100680,museum/indoor ,0.058126297
20979,253796,100680,science_museum ,0.057146378
20980,253796,100704,locker_room ,0.18109861
20981,253796,100704,art_gallery ,0.12360746
20982,253796,100704,clean_room ,0.06515193
20983,253796,100704,elevator/door ,0.056443658
20984,253796,100704,archive ,0.05204222
20985,253796,100728,art_gallery ,0.15587543
20986,253796,100728,locker_room ,0.116087094
20987,253796,100728,jewelry_shop ,0.07638643
20988,253796,100728,clean_room ,0.055896834
20989,253796,100728,shoe_shop ,0.05234619
20990,253796,100752,art_gallery ,0.18971121
20991,253796,100752,locker_room ,0.15625674
20992,253796,100752,elevator/door ,0.07796127
20993,253796,100752,archive ,0.052966785
20994,253796,100752,clean_room ,0.049216706
20995,253796,100776,locker_room ,0.20241319
20996,253796,100776,art_gallery ,0.10567966
20997,253796,100776,elevator/door ,0.09929433
20998,253796,100776,elevator_lobby ,0.058471635
20999,253796,100776,archive ,0.054073628
21000,253796,100800,locker_room ,0.15710677
21001,253796,100800,art_gallery ,0.12985355
21002,253796,100800,elevator/door ,0.09912002
21003,253796,100800,elevator_lobby ,0.060531966
21004,253796,100800,clean_room ,0.046712898
21005,253796,100824,locker_room ,0.18068065
21006,253796,100824,art_gallery ,0.11369697
21007,253796,100824,elevator/door ,0.11026869
21008,253796,100824,elevator_lobby ,0.052185833
21009,253796,100824,clean_room ,0.04457846
21010,253796,100848,art_gallery ,0.19145827
21011,253796,100848,locker_room ,0.12670384
21012,253796,100848,jewelry_shop ,0.050573092
21013,253796,100848,elevator/door ,0.0499115
21014,253796,100848,clean_room ,0.04991033
21015,253796,100872,locker_room ,0.40499812
21016,253796,100872,clean_room ,0.10226728
21017,253796,100872,art_gallery ,0.06484619
21018,253796,100872,elevator/door ,0.04538442
21019,253796,100872,bank_vault ,0.043001633
21020,253796,100896,locker_room ,0.24318099
21021,253796,100896,clean_room ,0.13844055
21022,253796,100896,art_gallery ,0.08304041
21023,253796,100896,jewelry_shop ,0.06289259
21024,253796,100896,archive ,0.052897885
21025,253796,100920,locker_room ,0.2094203
21026,253796,100920,server_room ,0.16272971
21027,253796,100920,office ,0.09451739
21028,253796,100920,clean_room ,0.05000425
21029,253796,100920,jewelry_shop ,0.046791527
21030,253796,100944,classroom ,0.35089168
21031,253796,100944,lecture_room ,0.10552583
21032,253796,100944,office ,0.105156325
21033,253796,100944,art_gallery ,0.0765734
21034,253796,100944,reception ,0.041386683
21035,253796,100968,classroom ,0.24019478
21036,253796,100968,office ,0.14255793
21037,253796,100968,lecture_room ,0.09573132
21038,253796,100968,office_cubicles ,0.06681161
21039,253796,100968,reception ,0.047737833
21040,253796,100992,aquarium ,0.19112097
21041,253796,100992,shower ,0.06307963
21042,253796,100992,science_museum ,0.058240622
21043,253796,100992,locker_room ,0.053455908
21044,253796,100992,art_gallery ,0.05339429
21045,253796,101016,shower ,0.20117843
21046,253796,101016,elevator/door ,0.16238101
21047,253796,101016,server_room ,0.052760903
21048,253796,101016,locker_room ,0.044853818
21049,253796,101016,art_gallery ,0.033905182
21050,253796,101040,elevator/door ,0.24116229
21051,253796,101040,locker_room ,0.20216125
21052,253796,101040,elevator_lobby ,0.08940931
21053,253796,101040,closet ,0.08697421
21054,253796,101040,shower ,0.035972383
21055,253796,101064,jewelry_shop ,0.6352342
21056,253796,101064,clean_room ,0.10870136
21057,253796,101064,museum/indoor ,0.062156286
21058,253796,101064,art_gallery ,0.04043491
21059,253796,101064,clothing_store ,0.029577356
21060,253796,101088,jewelry_shop ,0.53917193
21061,253796,101088,clean_room ,0.19081089
21062,253796,101088,clothing_store ,0.034730297
21063,253796,101088,shower ,0.03331348
21064,253796,101088,art_gallery ,0.029404424
21065,253796,101112,jewelry_shop ,0.4958835
21066,253796,101112,clean_room ,0.22624375
21067,253796,101112,museum/indoor ,0.056515485
21068,253796,101112,dressing_room ,0.0424081
21069,253796,101112,clothing_store ,0.037770562
21070,253796,101136,clean_room ,0.20530154
21071,253796,101136,dressing_room ,0.18712698
21072,253796,101136,museum/indoor ,0.1660491
21073,253796,101136,jewelry_shop ,0.14066395
21074,253796,101136,art_gallery ,0.06496644
21075,253796,101160,jewelry_shop ,0.311918
21076,253796,101160,museum/indoor ,0.26151076
21077,253796,101160,dressing_room ,0.0942594
21078,253796,101160,clean_room ,0.083122335
21079,253796,101160,art_gallery ,0.04721358
21080,253796,101184,jewelry_shop ,0.32870284
21081,253796,101184,museum/indoor ,0.21304573
21082,253796,101184,clean_room ,0.21122538
21083,253796,101184,dressing_room ,0.06640673
21084,253796,101184,art_gallery ,0.042813055
21085,253796,101208,dressing_room ,0.31029782
21086,253796,101208,museum/indoor ,0.23482
21087,253796,101208,clean_room ,0.21900117
21088,253796,101208,art_gallery ,0.053940803
21089,253796,101208,music_studio ,0.04237393
21090,253796,101232,clean_room ,0.32800025
21091,253796,101232,jewelry_shop ,0.31872353
21092,253796,101232,museum/indoor ,0.12572065
21093,253796,101232,dressing_room ,0.043587804
21094,253796,101232,art_gallery ,0.032523967
21095,253796,101256,jewelry_shop ,0.39833513
21096,253796,101256,clean_room ,0.25655687
21097,253796,101256,museum/indoor ,0.06777929
21098,253796,101256,dressing_room ,0.052579608
21099,253796,101256,shower ,0.05189597
21100,253796,101280,art_gallery ,0.10535958
21101,253796,101280,elevator/door ,0.07558213
21102,253796,101280,artists_loft ,0.074736096
21103,253796,101280,ice_shelf ,0.049062353
21104,253796,101280,shower ,0.04711093
21105,253796,101304,elevator/door ,0.3674479
21106,253796,101304,locker_room ,0.1235329
21107,253796,101304,basement ,0.058918793
21108,253796,101304,bank_vault ,0.043307032
21109,253796,101304,jail_cell ,0.037972197
21110,253796,101328,shower ,0.20695671
21111,253796,101328,elevator/door ,0.1867751
21112,253796,101328,bow_window/indoor ,0.074748956
21113,253796,101328,bathroom ,0.074049965
21114,253796,101328,basement ,0.047905643
21115,253796,101352,clean_room ,0.14586213
21116,253796,101352,stage/indoor ,0.058977146
21117,253796,101352,server_room ,0.046875123
21118,253796,101352,auditorium ,0.037792325
21119,253796,101352,locker_room ,0.03771054
21120,253796,101376,chemistry_lab ,0.14165537
21121,253796,101376,physics_laboratory ,0.12622085
21122,253796,101376,clean_room ,0.10018422
21123,253796,101376,classroom ,0.093889624
21124,253796,101376,stage/indoor ,0.07015573
21125,253796,101400,classroom ,0.20356879
21126,253796,101400,archive ,0.15758558
21127,253796,101400,museum/indoor ,0.14594257
21128,253796,101400,ice_shelf ,0.06761238
21129,253796,101400,lecture_room ,0.043901283
21130,253796,101424,ice_shelf ,0.17805044
21131,253796,101424,classroom ,0.1491985
21132,253796,101424,museum/indoor ,0.10377551
21133,253796,101424,archive ,0.070276275
21134,253796,101424,stage/indoor ,0.05217247
21135,253796,101448,ice_shelf ,0.16320355
21136,253796,101448,museum/indoor ,0.11954031
21137,253796,101448,archive ,0.094943196
21138,253796,101448,classroom ,0.09244832
21139,253796,101448,cemetery ,0.044922795
21140,253796,101472,ice_shelf ,0.33901587
21141,253796,101472,museum/indoor ,0.2775313
21142,253796,101472,classroom ,0.058993105
21143,253796,101472,iceberg ,0.035460923
21144,253796,101472,archive ,0.02723379
21145,253796,101496,stage/indoor ,0.18698837
21146,253796,101496,ice_shelf ,0.16973428
21147,253796,101496,classroom ,0.11221849
21148,253796,101496,museum/indoor ,0.10618348
21149,253796,101496,discotheque ,0.057963375
21150,253796,101520,museum/indoor ,0.24992424
21151,253796,101520,stage/indoor ,0.22768004
21152,253796,101520,classroom ,0.13229746
21153,253796,101520,discotheque ,0.07827439
21154,253796,101520,lecture_room ,0.031858243
21155,253796,101544,classroom ,0.19699614
21156,253796,101544,museum/indoor ,0.15181884
21157,253796,101544,archive ,0.11059781
21158,253796,101544,locker_room ,0.08424701
21159,253796,101544,clean_room ,0.060459238
21160,253796,101568,clean_room ,0.15081584
21161,253796,101568,museum/indoor ,0.12704788
21162,253796,101568,classroom ,0.11115257
21163,253796,101568,archive ,0.10704883
21164,253796,101568,locker_room ,0.10425792
21165,253796,101592,museum/indoor ,0.1771115
21166,253796,101592,archive ,0.14615582
21167,253796,101592,classroom ,0.1343303
21168,253796,101592,locker_room ,0.06322068
21169,253796,101592,clean_room ,0.06004999
21170,253796,101616,classroom ,0.18852343
21171,253796,101616,museum/indoor ,0.13506973
21172,253796,101616,archive ,0.102605596
21173,253796,101616,clean_room ,0.05328853
21174,253796,101616,locker_room ,0.047222797
21175,253796,101640,classroom ,0.18878163
21176,253796,101640,museum/indoor ,0.13806371
21177,253796,101640,clean_room ,0.09838221
21178,253796,101640,archive ,0.0603876
21179,253796,101640,locker_room ,0.05683495
21180,253796,101664,classroom ,0.18447098
21181,253796,101664,museum/indoor ,0.11746276
21182,253796,101664,archive ,0.10026237
21183,253796,101664,clean_room ,0.09675659
21184,253796,101664,locker_room ,0.052644692
21185,253796,101688,museum/indoor ,0.22282772
21186,253796,101688,classroom ,0.16215421
21187,253796,101688,archive ,0.09534309
21188,253796,101688,clean_room ,0.06907751
21189,253796,101688,natural_history_museum ,0.046365034
21190,253796,101712,classroom ,0.20004748
21191,253796,101712,museum/indoor ,0.18638617
21192,253796,101712,clean_room ,0.08761763
21193,253796,101712,archive ,0.062030442
21194,253796,101712,lecture_room ,0.04170093
21195,253796,101736,museum/indoor ,0.16429222
21196,253796,101736,classroom ,0.16298306
21197,253796,101736,clean_room ,0.10069667
21198,253796,101736,archive ,0.06928365
21199,253796,101736,art_gallery ,0.06426251
21200,253796,101760,classroom ,0.27367267
21201,253796,101760,museum/indoor ,0.11840853
21202,253796,101760,archive ,0.07737459
21203,253796,101760,clean_room ,0.061666735
21204,253796,101760,locker_room ,0.051788434
21205,253796,101784,classroom ,0.29604065
21206,253796,101784,museum/indoor ,0.1357682
21207,253796,101784,archive ,0.058993556
21208,253796,101784,clean_room ,0.05567701
21209,253796,101784,locker_room ,0.04913887
21210,253796,101808,museum/indoor ,0.24725406
21211,253796,101808,clean_room ,0.08742557
21212,253796,101808,archive ,0.086382024
21213,253796,101808,art_gallery ,0.079496965
21214,253796,101808,classroom ,0.076767914
21215,253796,101832,classroom ,0.27969918
21216,253796,101832,museum/indoor ,0.124320105
21217,253796,101832,archive ,0.06448191
21218,253796,101832,clean_room ,0.0606936
21219,253796,101832,locker_room ,0.0492841
21220,253796,101856,museum/indoor ,0.17748104
21221,253796,101856,classroom ,0.10136443
21222,253796,101856,clean_room ,0.094049215
21223,253796,101856,art_gallery ,0.07119395
21224,253796,101856,discotheque ,0.050132703
21225,253796,101880,museum/indoor ,0.33688176
21226,253796,101880,natural_history_museum ,0.087946884
21227,253796,101880,art_gallery ,0.084707774
21228,253796,101880,classroom ,0.05122216
21229,253796,101880,stage/indoor ,0.047508713
21230,253796,101904,classroom ,0.30376637
21231,253796,101904,museum/indoor ,0.122149326
21232,253796,101904,discotheque ,0.11875791
21233,253796,101904,stage/indoor ,0.11049753
21234,253796,101904,lecture_room ,0.057709742
21235,253796,101928,museum/indoor ,0.24005114
21236,253796,101928,classroom ,0.20797649
21237,253796,101928,clean_room ,0.06530549
21238,253796,101928,discotheque ,0.050817173
21239,253796,101928,art_gallery ,0.045268044
21240,253796,101952,classroom ,0.40987802
21241,253796,101952,museum/indoor ,0.06823169
21242,253796,101952,archive ,0.06693608
21243,253796,101952,clean_room ,0.05456479
21244,253796,101952,lecture_room ,0.04362338
21245,253796,101976,discotheque ,0.15474741
21246,253796,101976,locker_room ,0.13109592
21247,253796,101976,classroom ,0.11226335
21248,253796,101976,stage/indoor ,0.094764225
21249,253796,101976,clean_room ,0.09301359
21250,253796,102000,classroom ,0.33072636
21251,253796,102000,museum/indoor ,0.119064786
21252,253796,102000,natural_history_museum ,0.06889833
21253,253796,102000,science_museum ,0.052111078
21254,253796,102000,archive ,0.041701786
21255,253796,102024,classroom ,0.17649883
21256,253796,102024,museum/indoor ,0.13336222
21257,253796,102024,archive ,0.10440185
21258,253796,102024,locker_room ,0.05787841
21259,253796,102024,natural_history_museum ,0.05518408
21260,253796,102048,museum/indoor ,0.2095806
21261,253796,102048,classroom ,0.13293403
21262,253796,102048,discotheque ,0.0827333
21263,253796,102048,archive ,0.062137615
21264,253796,102048,natural_history_museum ,0.060977504
21265,253796,102072,museum/indoor ,0.16390078
21266,253796,102072,discotheque ,0.08593653
21267,253796,102072,classroom ,0.08452856
21268,253796,102072,locker_room ,0.07190963
21269,253796,102072,natural_history_museum ,0.065775745
21270,253796,102096,classroom ,0.24450524
21271,253796,102096,museum/indoor ,0.15370171
21272,253796,102096,discotheque ,0.0595981
21273,253796,102096,archive ,0.046605486
21274,253796,102096,locker_room ,0.037799317
21275,253796,102120,classroom ,0.38908958
21276,253796,102120,museum/indoor ,0.14217918
21277,253796,102120,lecture_room ,0.068890475
21278,253796,102120,archive ,0.055278603
21279,253796,102120,natural_history_museum ,0.041004635
21280,253796,102144,lake/natural ,0.10976027
21281,253796,102144,ice_shelf ,0.09188909
21282,253796,102144,iceberg ,0.075419396
21283,253796,102144,pond ,0.057705957
21284,253796,102144,ice_floe ,0.043349843
21285,253796,102168,shower ,0.121068195
21286,253796,102168,clean_room ,0.056598034
21287,253796,102168,ice_shelf ,0.052383225
21288,253796,102168,locker_room ,0.052127995
21289,253796,102168,lake/natural ,0.051160764
21290,253796,102192,iceberg ,0.7326207
21291,253796,102192,ice_floe ,0.056167714
21292,253796,102192,ice_shelf ,0.04814037
21293,253796,102192,aquarium ,0.02365225
21294,253796,102192,clean_room ,0.01977906
21295,253796,102216,iceberg ,0.61239046
21296,253796,102216,ice_floe ,0.0925645
21297,253796,102216,ice_shelf ,0.07370953
21298,253796,102216,glacier ,0.026464313
21299,253796,102216,aquarium ,0.025104666
21300,253796,102240,museum/indoor ,0.5719181
21301,253796,102240,art_gallery ,0.16771008
21302,253796,102240,natural_history_museum ,0.1467827
21303,253796,102240,science_museum ,0.035697836
21304,253796,102240,clean_room ,0.009001538
21305,253796,102264,museum/indoor ,0.47145653
21306,253796,102264,natural_history_museum ,0.17924376
21307,253796,102264,art_gallery ,0.15717697
21308,253796,102264,science_museum ,0.10631871
21309,253796,102264,clean_room ,0.013357284
21310,253796,102288,museum/indoor ,0.5447439
21311,253796,102288,natural_history_museum ,0.15678541
21312,253796,102288,art_gallery ,0.1348162
21313,253796,102288,science_museum ,0.08264013
21314,253796,102288,clean_room ,0.01659834
21315,253796,102312,museum/indoor ,0.5707604
21316,253796,102312,natural_history_museum ,0.18119079
21317,253796,102312,art_gallery ,0.12390253
21318,253796,102312,science_museum ,0.059291963
21319,253796,102312,clean_room ,0.012656733
21320,253796,102336,museum/indoor ,0.35388538
21321,253796,102336,science_museum ,0.22831784
21322,253796,102336,natural_history_museum ,0.15714669
21323,253796,102336,clean_room ,0.1080073
21324,253796,102336,art_gallery ,0.065635934
21325,253796,102360,science_museum ,0.34920713
21326,253796,102360,natural_history_museum ,0.31618142
21327,253796,102360,museum/indoor ,0.16540383
21328,253796,102360,clean_room ,0.08427055
21329,253796,102360,art_gallery ,0.03223015
21330,253796,102384,science_museum ,0.2833457
21331,253796,102384,natural_history_museum ,0.2519754
21332,253796,102384,museum/indoor ,0.19727308
21333,253796,102384,clean_room ,0.12982015
21334,253796,102384,art_gallery ,0.063745946
21335,253796,102408,science_museum ,0.31051418
21336,253796,102408,natural_history_museum ,0.19773468
21337,253796,102408,museum/indoor ,0.17568213
21338,253796,102408,clean_room ,0.14390759
21339,253796,102408,art_gallery ,0.063267455
21340,253796,102432,science_museum ,0.28125033
21341,253796,102432,natural_history_museum ,0.22810668
21342,253796,102432,clean_room ,0.2043429
21343,253796,102432,museum/indoor ,0.11958793
21344,253796,102432,art_gallery ,0.05993421
21345,253796,102456,natural_history_museum ,0.26373148
21346,253796,102456,museum/indoor ,0.2285115
21347,253796,102456,science_museum ,0.17470162
21348,253796,102456,clean_room ,0.15637916
21349,253796,102456,art_gallery ,0.06276364
21350,253796,102480,clean_room ,0.24325004
21351,253796,102480,museum/indoor ,0.189353
21352,253796,102480,science_museum ,0.15464051
21353,253796,102480,natural_history_museum ,0.13345702
21354,253796,102480,art_gallery ,0.0912158
21355,253796,102504,clean_room ,0.25275522
21356,253796,102504,museum/indoor ,0.1424912
21357,253796,102504,art_gallery ,0.13326037
21358,253796,102504,natural_history_museum ,0.11358333
21359,253796,102504,science_museum ,0.09600998
21360,253796,102528,museum/indoor ,0.5446156
21361,253796,102528,natural_history_museum ,0.15875283
21362,253796,102528,art_gallery ,0.12020227
21363,253796,102528,science_museum ,0.074759096
21364,253796,102528,clean_room ,0.032952234
21365,253796,102552,museum/indoor ,0.38369772
21366,253796,102552,natural_history_museum ,0.26474243
21367,253796,102552,science_museum ,0.15682495
21368,253796,102552,art_gallery ,0.13672203
21369,253796,102552,archive ,0.0157079
21370,253796,102576,museum/indoor ,0.57506824
21371,253796,102576,art_gallery ,0.13751487
21372,253796,102576,natural_history_museum ,0.12113064
21373,253796,102576,science_museum ,0.050562587
21374,253796,102576,clean_room ,0.02493194
21375,253796,102600,museum/indoor ,0.6090478
21376,253796,102600,art_gallery ,0.09887503
21377,253796,102600,clean_room ,0.06608128
21378,253796,102600,natural_history_museum ,0.055347253
21379,253796,102600,shower ,0.05215051
21380,253796,102624,museum/indoor ,0.26546755
21381,253796,102624,art_gallery ,0.15850899
21382,253796,102624,natural_history_museum ,0.13068253
21383,253796,102624,science_museum ,0.12785283
21384,253796,102624,clean_room ,0.07776079
21385,253796,102648,museum/indoor ,0.32940713
21386,253796,102648,art_gallery ,0.23472843
21387,253796,102648,natural_history_museum ,0.16022444
21388,253796,102648,science_museum ,0.051451705
21389,253796,102648,clean_room ,0.051163573
21390,253796,102672,museum/indoor ,0.25174448
21391,253796,102672,art_gallery ,0.18415251
21392,253796,102672,natural_history_museum ,0.102469824
21393,253796,102672,clean_room ,0.08207426
21394,253796,102672,science_museum ,0.06030636
21395,253796,102696,natural_history_museum ,0.34526375
21396,253796,102696,museum/indoor ,0.25310045
21397,253796,102696,art_gallery ,0.14063737
21398,253796,102696,science_museum ,0.13894404
21399,253796,102696,clean_room ,0.032761913
21400,253796,102720,museum/indoor ,0.33450115
21401,253796,102720,science_museum ,0.17306685
21402,253796,102720,art_gallery ,0.1473803
21403,253796,102720,natural_history_museum ,0.14050901
21404,253796,102720,clean_room ,0.037573896
21405,253796,102744,natural_history_museum ,0.25938663
21406,253796,102744,museum/indoor ,0.20960064
21407,253796,102744,science_museum ,0.1539492
21408,253796,102744,art_gallery ,0.11157373
21409,253796,102744,clean_room ,0.08268335
21410,253796,102768,clean_room ,0.39644828
21411,253796,102768,museum/indoor ,0.23047939
21412,253796,102768,art_gallery ,0.14116412
21413,253796,102768,natural_history_museum ,0.08743282
21414,253796,102768,science_museum ,0.03506975
21415,253796,102792,museum/indoor ,0.32487115
21416,253796,102792,clean_room ,0.21901071
21417,253796,102792,natural_history_museum ,0.14718033
21418,253796,102792,art_gallery ,0.12427892
21419,253796,102792,science_museum ,0.048733626
21420,253796,102816,museum/indoor ,0.25381598
21421,253796,102816,locker_room ,0.12667322
21422,253796,102816,art_gallery ,0.10881294
21423,253796,102816,stage/indoor ,0.040284216
21424,253796,102816,archive ,0.03970243
21425,253796,102840,museum/indoor ,0.2683299
21426,253796,102840,locker_room ,0.116976395
21427,253796,102840,art_gallery ,0.095587045
21428,253796,102840,stage/indoor ,0.052849006
21429,253796,102840,classroom ,0.038479246
21430,253796,102864,museum/indoor ,0.18081446
21431,253796,102864,locker_room ,0.15985692
21432,253796,102864,stage/indoor ,0.082514554
21433,253796,102864,art_gallery ,0.06662166
21434,253796,102864,classroom ,0.05304136
21435,253796,102888,museum/indoor ,0.3092967
21436,253796,102888,stage/indoor ,0.13930634
21437,253796,102888,locker_room ,0.10790749
21438,253796,102888,classroom ,0.08836396
21439,253796,102888,art_gallery ,0.08155234
21440,253796,102912,museum/indoor ,0.33443773
21441,253796,102912,locker_room ,0.15910466
21442,253796,102912,classroom ,0.11955558
21443,253796,102912,art_gallery ,0.08278214
21444,253796,102912,stage/indoor ,0.059502505
21445,253796,102936,locker_room ,0.23050457
21446,253796,102936,museum/indoor ,0.18639772
21447,253796,102936,classroom ,0.13960904
21448,253796,102936,stage/indoor ,0.08545234
21449,253796,102936,art_gallery ,0.08439627
21450,253796,102960,museum/indoor ,0.24431175
21451,253796,102960,classroom ,0.12737386
21452,253796,102960,stage/indoor ,0.12253666
21453,253796,102960,locker_room ,0.09796147
21454,253796,102960,art_gallery ,0.094712414
21455,253796,102984,stage/indoor ,0.236577
21456,253796,102984,museum/indoor ,0.19245702
21457,253796,102984,classroom ,0.0998292
21458,253796,102984,art_gallery ,0.06950066
21459,253796,102984,lecture_room ,0.054004226
21460,253796,103008,locker_room ,0.1714865
21461,253796,103008,stage/indoor ,0.15302694
21462,253796,103008,museum/indoor ,0.14867687
21463,253796,103008,art_gallery ,0.07967082
21464,253796,103008,classroom ,0.06677847
21465,253796,103032,museum/indoor ,0.22783053
21466,253796,103032,art_gallery ,0.20363902
21467,253796,103032,art_studio ,0.052368917
21468,253796,103032,clean_room ,0.040253058
21469,253796,103032,shower ,0.03271998
21470,253796,103056,museum/indoor ,0.2353512
21471,253796,103056,art_gallery ,0.12863933
21472,253796,103056,locker_room ,0.06801808
21473,253796,103056,gymnasium/indoor ,0.0669997
21474,253796,103056,archive ,0.04517784
21475,253796,103080,museum/indoor ,0.38198322
21476,253796,103080,art_gallery ,0.24202675
21477,253796,103080,shower ,0.14483011
21478,253796,103080,clean_room ,0.04146962
21479,253796,103080,locker_room ,0.027325075
21480,253796,103104,clean_room ,0.24381536
21481,253796,103104,museum/indoor ,0.17968921
21482,253796,103104,locker_room ,0.11005026
21483,253796,103104,shower ,0.09591264
21484,253796,103104,art_gallery ,0.09166728
21485,253796,103128,clean_room ,0.23092405
21486,253796,103128,shower ,0.119306244
21487,253796,103128,museum/indoor ,0.1104796
21488,253796,103128,art_gallery ,0.08395985
21489,253796,103128,dressing_room ,0.059867326
21490,253796,103152,museum/indoor ,0.21135665
21491,253796,103152,clean_room ,0.19952135
21492,253796,103152,locker_room ,0.10108213
21493,253796,103152,shower ,0.052412394
21494,253796,103152,art_gallery ,0.05171771
21495,253796,103176,clean_room ,0.366134
21496,253796,103176,museum/indoor ,0.29247034
21497,253796,103176,art_gallery ,0.056742344
21498,253796,103176,science_museum ,0.050086904
21499,253796,103176,locker_room ,0.036545146
21500,253796,103200,clean_room ,0.31647745
21501,253796,103200,museum/indoor ,0.19499281
21502,253796,103200,art_gallery ,0.11797843
21503,253796,103200,shower ,0.05403883
21504,253796,103200,science_museum ,0.045590878
21505,253796,103224,clean_room ,0.25799346
21506,253796,103224,museum/indoor ,0.21084985
21507,253796,103224,shower ,0.14306141
21508,253796,103224,art_gallery ,0.07876738
21509,253796,103224,science_museum ,0.055511948
21510,253796,103248,clean_room ,0.39453077
21511,253796,103248,museum/indoor ,0.22899309
21512,253796,103248,natural_history_museum ,0.10957584
21513,253796,103248,art_gallery ,0.10453487
21514,253796,103248,science_museum ,0.06397442
21515,253796,103272,clean_room ,0.3031306
21516,253796,103272,museum/indoor ,0.18542446
21517,253796,103272,science_museum ,0.086694494
21518,253796,103272,art_gallery ,0.06074655
21519,253796,103272,shower ,0.050785154
21520,253796,103296,museum/indoor ,0.27095795
21521,253796,103296,clean_room ,0.17777559
21522,253796,103296,dressing_room ,0.10781873
21523,253796,103296,art_gallery ,0.08912433
21524,253796,103296,shower ,0.041998573
21525,253796,103320,museum/indoor ,0.34484595
21526,253796,103320,clean_room ,0.11342427
21527,253796,103320,art_gallery ,0.09133571
21528,253796,103320,shower ,0.08965948
21529,253796,103320,natural_history_museum ,0.06700405
21530,253796,103344,museum/indoor ,0.40582508
21531,253796,103344,clean_room ,0.14776744
21532,253796,103344,art_gallery ,0.116497256
21533,253796,103344,natural_history_museum ,0.07146661
21534,253796,103344,science_museum ,0.043214627
21535,253796,103368,museum/indoor ,0.33999765
21536,253796,103368,clean_room ,0.33464378
21537,253796,103368,art_gallery ,0.092183486
21538,253796,103368,locker_room ,0.037717037
21539,253796,103368,dressing_room ,0.03608508
21540,253796,103392,museum/indoor ,0.2818456
21541,253796,103392,shower ,0.20797576
21542,253796,103392,clean_room ,0.16504125
21543,253796,103392,art_gallery ,0.094603196
21544,253796,103392,science_museum ,0.0544937
21545,253796,103416,museum/indoor ,0.529108
21546,253796,103416,art_gallery ,0.15412363
21547,253796,103416,shower ,0.085320644
21548,253796,103416,science_museum ,0.036093336
21549,253796,103416,locker_room ,0.03541005
21550,253796,103440,museum/indoor ,0.47185776
21551,253796,103440,clean_room ,0.17046404
21552,253796,103440,art_gallery ,0.1450827
21553,253796,103440,shower ,0.045854602
21554,253796,103440,science_museum ,0.0267572
21555,253796,103464,locker_room ,0.4630136
21556,253796,103464,stage/indoor ,0.07096099
21557,253796,103464,museum/indoor ,0.059643384
21558,253796,103464,elevator/door ,0.039286736
21559,253796,103464,art_gallery ,0.034957647
21560,253796,103488,locker_room ,0.50314206
21561,253796,103488,museum/indoor ,0.06399296
21562,253796,103488,natural_history_museum ,0.053068146
21563,253796,103488,stage/indoor ,0.040940046
21564,253796,103488,art_gallery ,0.032344714
21565,253796,103512,locker_room ,0.46447992
21566,253796,103512,natural_history_museum ,0.09373535
21567,253796,103512,museum/indoor ,0.07536403
21568,253796,103512,archive ,0.060767367
21569,253796,103512,nursery ,0.03768728
21570,253796,103536,museum/indoor ,0.18830517
21571,253796,103536,natural_history_museum ,0.16191652
21572,253796,103536,locker_room ,0.13845177
21573,253796,103536,archive ,0.09434515
21574,253796,103536,art_gallery ,0.06864133
21575,253796,103560,museum/indoor ,0.34126782
21576,253796,103560,natural_history_museum ,0.10673757
21577,253796,103560,locker_room ,0.095832765
21578,253796,103560,science_museum ,0.06282481
21579,253796,103560,jewelry_shop ,0.06189429
21580,253796,103584,museum/indoor ,0.23344965
21581,253796,103584,locker_room ,0.20446077
21582,253796,103584,archive ,0.084393896
21583,253796,103584,stage/indoor ,0.0753673
21584,253796,103584,natural_history_museum ,0.04533237
21585,253796,103608,locker_room ,0.34105033
21586,253796,103608,museum/indoor ,0.19721489
21587,253796,103608,stage/indoor ,0.04633982
21588,253796,103608,archive ,0.045477778
21589,253796,103608,natural_history_museum ,0.03696143
21590,253796,103632,locker_room ,0.26724458
21591,253796,103632,museum/indoor ,0.2115791
21592,253796,103632,stage/indoor ,0.07298334
21593,253796,103632,elevator_lobby ,0.055449028
21594,253796,103632,elevator/door ,0.05264808
21595,253796,103656,museum/indoor ,0.2966503
21596,253796,103656,locker_room ,0.17582284
21597,253796,103656,stage/indoor ,0.07020232
21598,253796,103656,archive ,0.046615884
21599,253796,103656,natural_history_museum ,0.04065448
21600,253796,103680,locker_room ,0.252197
21601,253796,103680,museum/indoor ,0.21389541
21602,253796,103680,stage/indoor ,0.074422665
21603,253796,103680,archive ,0.047153078
21604,253796,103680,natural_history_museum ,0.04143314
21605,253796,103704,locker_room ,0.44099915
21606,253796,103704,stage/indoor ,0.09309186
21607,253796,103704,nursery ,0.08940092
21608,253796,103704,museum/indoor ,0.038157344
21609,253796,103704,elevator/door ,0.035685398
21610,253796,103728,locker_room ,0.3271361
21611,253796,103728,museum/indoor ,0.09978343
21612,253796,103728,archive ,0.099280156
21613,253796,103728,stage/indoor ,0.0906145
21614,253796,103728,natural_history_museum ,0.042301014
21615,253796,103752,locker_room ,0.24166654
21616,253796,103752,stage/indoor ,0.21300998
21617,253796,103752,museum/indoor ,0.13556212
21618,253796,103752,elevator/door ,0.058583446
21619,253796,103752,martial_arts_gym ,0.041333076
21620,253796,103776,locker_room ,0.4069139
21621,253796,103776,stage/indoor ,0.12954673
21622,253796,103776,museum/indoor ,0.071739614
21623,253796,103776,elevator/door ,0.059410684
21624,253796,103776,elevator_lobby ,0.043127548
21625,253796,103800,locker_room ,0.29302967
21626,253796,103800,museum/indoor ,0.18683402
21627,253796,103800,archive ,0.09650622
21628,253796,103800,stage/indoor ,0.07606611
21629,253796,103800,elevator/door ,0.036950473
21630,253796,103824,locker_room ,0.37591937
21631,253796,103824,stage/indoor ,0.10176036
21632,253796,103824,clothing_store ,0.10130999
21633,253796,103824,museum/indoor ,0.08369194
21634,253796,103824,dressing_room ,0.033606566
21635,253796,103848,locker_room ,0.4366527
21636,253796,103848,elevator/door ,0.07057628
21637,253796,103848,museum/indoor ,0.06008594
21638,253796,103848,elevator_lobby ,0.05578945
21639,253796,103848,archive ,0.048315648
21640,253796,103872,locker_room ,0.54816955
21641,253796,103872,archive ,0.048647244
21642,253796,103872,elevator/door ,0.048318222
21643,253796,103872,museum/indoor ,0.045395967
21644,253796,103872,elevator_lobby ,0.035900224
21645,253796,103896,locker_room ,0.62246925
21646,253796,103896,archive ,0.07210224
21647,253796,103896,elevator/door ,0.047915608
21648,253796,103896,museum/indoor ,0.04429454
21649,253796,103896,elevator_lobby ,0.032758012
21650,253796,103920,locker_room ,0.5057607
21651,253796,103920,archive ,0.063953936
21652,253796,103920,museum/indoor ,0.061135013
21653,253796,103920,elevator/door ,0.051290166
21654,253796,103920,nursery ,0.035057835
21655,253796,103944,locker_room ,0.48562422
21656,253796,103944,elevator/door ,0.05409401
21657,253796,103944,museum/indoor ,0.051910486
21658,253796,103944,archive ,0.04219504
21659,253796,103944,elevator_lobby ,0.03483908
21660,253796,103968,locker_room ,0.5957276
21661,253796,103968,archive ,0.084253564
21662,253796,103968,museum/indoor ,0.05749228
21663,253796,103968,nursery ,0.038839944
21664,253796,103968,elevator/door ,0.03024988
21665,253796,103992,locker_room ,0.34837842
21666,253796,103992,archive ,0.111845545
21667,253796,103992,museum/indoor ,0.0968046
21668,253796,103992,stage/indoor ,0.046437476
21669,253796,103992,music_studio ,0.045016684
21670,253796,104016,locker_room ,0.18070684
21671,253796,104016,museum/indoor ,0.14697738
21672,253796,104016,jewelry_shop ,0.086467266
21673,253796,104016,archive ,0.07823423
21674,253796,104016,stage/indoor ,0.056845307
21675,253796,104040,museum/indoor ,0.15838291
21676,253796,104040,stage/indoor ,0.12701447
21677,253796,104040,jewelry_shop ,0.1145819
21678,253796,104040,locker_room ,0.07515937
21679,253796,104040,music_studio ,0.048760388
21680,253796,104064,stage/indoor ,0.25117126
21681,253796,104064,museum/indoor ,0.13125907
21682,253796,104064,locker_room ,0.091942854
21683,253796,104064,music_studio ,0.08204697
21684,253796,104064,archive ,0.051967245
21685,253796,104088,clean_room ,0.4635051
21686,253796,104088,art_gallery ,0.07415529
21687,253796,104088,shower ,0.071428865
21688,253796,104088,science_museum ,0.06682546
21689,253796,104088,museum/indoor ,0.06556619
21690,253796,104112,science_museum ,0.33545655
21691,253796,104112,museum/indoor ,0.14905512
21692,253796,104112,aquarium ,0.14749795
21693,253796,104112,clean_room ,0.11749753
21694,253796,104112,art_gallery ,0.09167401
21695,253796,104136,science_museum ,0.39882982
21696,253796,104136,museum/indoor ,0.18869019
21697,253796,104136,natural_history_museum ,0.13265507
21698,253796,104136,clean_room ,0.085495055
21699,253796,104136,art_gallery ,0.075509295
21700,253796,104160,science_museum ,0.43215623
21701,253796,104160,museum/indoor ,0.19342323
21702,253796,104160,clean_room ,0.17572866
21703,253796,104160,art_gallery ,0.06989849
21704,253796,104160,natural_history_museum ,0.05099706
21705,253796,104184,science_museum ,0.34902167
21706,253796,104184,museum/indoor ,0.25467774
21707,253796,104184,natural_history_museum ,0.07882321
21708,253796,104184,art_gallery ,0.07157584
21709,253796,104184,clean_room ,0.059018858
21710,253796,104208,science_museum ,0.27818647
21711,253796,104208,museum/indoor ,0.15983227
21712,253796,104208,discotheque ,0.12703782
21713,253796,104208,art_gallery ,0.08714502
21714,253796,104208,aquarium ,0.08096538
21715,253796,104232,science_museum ,0.34207037
21716,253796,104232,museum/indoor ,0.18081643
21717,253796,104232,art_gallery ,0.10599635
21718,253796,104232,natural_history_museum ,0.08447857
21719,253796,104232,clean_room ,0.054315537
21720,253796,104256,science_museum ,0.47295234
21721,253796,104256,museum/indoor ,0.14002942
21722,253796,104256,discotheque ,0.09917913
21723,253796,104256,art_gallery ,0.07804336
21724,253796,104256,clean_room ,0.044014625
21725,253796,104280,science_museum ,0.4402507
21726,253796,104280,museum/indoor ,0.19048327
21727,253796,104280,art_gallery ,0.09701758
21728,253796,104280,natural_history_museum ,0.07561878
21729,253796,104280,discotheque ,0.05449859
21730,253796,104304,locker_room ,0.3835135
21731,253796,104304,museum/indoor ,0.13936526
21732,253796,104304,archive ,0.12357939
21733,253796,104304,clean_room ,0.053105686
21734,253796,104304,art_gallery ,0.02871437
21735,253796,104328,locker_room ,0.49632007
21736,253796,104328,museum/indoor ,0.10552701
21737,253796,104328,archive ,0.10281719
21738,253796,104328,art_gallery ,0.04733627
21739,253796,104328,elevator/door ,0.045115937
21740,253796,104352,locker_room ,0.82362896
21741,253796,104352,dressing_room ,0.037838653
21742,253796,104352,museum/indoor ,0.01518833
21743,253796,104352,clean_room ,0.014954256
21744,253796,104352,archive ,0.013938553
21745,253796,104376,locker_room ,0.6120811
21746,253796,104376,museum/indoor ,0.06988389
21747,253796,104376,stage/indoor ,0.05307461
21748,253796,104376,archive ,0.037748203
21749,253796,104376,clean_room ,0.033513345
21750,253796,104400,locker_room ,0.78963554
21751,253796,104400,elevator_lobby ,0.039309777
21752,253796,104400,dressing_room ,0.031945582
21753,253796,104400,elevator/door ,0.021805031
21754,253796,104400,museum/indoor ,0.015448248
21755,253796,104424,locker_room ,0.715442
21756,253796,104424,clean_room ,0.043735716
21757,253796,104424,art_gallery ,0.040399984
21758,253796,104424,server_room ,0.019121056
21759,253796,104424,bank_vault ,0.018565347
21760,253796,104448,locker_room ,0.22528936
21761,253796,104448,chemistry_lab ,0.17661634
21762,253796,104448,shower ,0.13174534
21763,253796,104448,bank_vault ,0.048518497
21764,253796,104448,clean_room ,0.039094746
21765,253796,104472,museum/indoor ,0.2544606
21766,253796,104472,dressing_room ,0.15908511
21767,253796,104472,locker_room ,0.10748686
21768,253796,104472,clean_room ,0.09638829
21769,253796,104472,jewelry_shop ,0.057412222
21770,253796,104496,dressing_room ,0.36038944
21771,253796,104496,stage/indoor ,0.0853355
21772,253796,104496,clean_room ,0.08022923
21773,253796,104496,locker_room ,0.067591906
21774,253796,104496,museum/indoor ,0.056469608
21775,253796,104520,museum/indoor ,0.27998433
21776,253796,104520,clean_room ,0.22643246
21777,253796,104520,dressing_room ,0.0969327
21778,253796,104520,locker_room ,0.08348913
21779,253796,104520,art_gallery ,0.063900925
21780,253796,104544,museum/indoor ,0.2464059
21781,253796,104544,art_gallery ,0.12527512
21782,253796,104544,clean_room ,0.09733324
21783,253796,104544,locker_room ,0.08018349
21784,253796,104544,stage/indoor ,0.053486943
21785,253796,104568,museum/indoor ,0.48706394
21786,253796,104568,clean_room ,0.10519373
21787,253796,104568,art_gallery ,0.10387739
21788,253796,104568,locker_room ,0.037900195
21789,253796,104568,archive ,0.03071225
21790,253796,104592,museum/indoor ,0.36889124
21791,253796,104592,stage/indoor ,0.25039178
21792,253796,104592,art_gallery ,0.08092344
21793,253796,104592,clean_room ,0.068978086
21794,253796,104592,chemistry_lab ,0.05505731
21795,253796,104616,classroom ,0.24591058
21796,253796,104616,lecture_room ,0.13729021
21797,253796,104616,chemistry_lab ,0.08996863
21798,253796,104616,stage/indoor ,0.08371787
21799,253796,104616,art_gallery ,0.059146214
21800,253796,104640,art_gallery ,0.20869026
21801,253796,104640,classroom ,0.13422787
21802,253796,104640,shower ,0.055585757
21803,253796,104640,lecture_room ,0.05412696
21804,253796,104640,bow_window/indoor ,0.053876154
21805,253796,104664,ice_shelf ,0.10975834
21806,253796,104664,sky ,0.1046601
21807,253796,104664,mountain_snowy ,0.080274306
21808,253796,104664,art_gallery ,0.055434957
21809,253796,104664,shower ,0.04568371
21810,253796,104688,ice_shelf ,0.06982951
21811,253796,104688,stage/indoor ,0.067421846
21812,253796,104688,movie_theater/indoor ,0.062207386
21813,253796,104688,arena/performance ,0.060037073
21814,253796,104688,art_gallery ,0.054840475
21815,253796,104712,arena/performance ,0.19064249
21816,253796,104712,stage/indoor ,0.09348198
21817,253796,104712,movie_theater/indoor ,0.07011432
21818,253796,104712,ice_shelf ,0.056047477
21819,253796,104712,shower ,0.051124897
21820,253796,104736,shower ,0.09608998
21821,253796,104736,ice_shelf ,0.092705294
21822,253796,104736,server_room ,0.07487183
21823,253796,104736,clean_room ,0.06276152
21824,253796,104736,arena/performance ,0.0580983
21825,253796,104760,arena/performance ,0.097000085
21826,253796,104760,shower ,0.08150671
21827,253796,104760,ice_shelf ,0.07317082
21828,253796,104760,server_room ,0.06382295
21829,253796,104760,stage/indoor ,0.049359795
21830,253796,104784,shower ,0.30738553
21831,253796,104784,server_room ,0.076036006
21832,253796,104784,elevator/door ,0.06971898
21833,253796,104784,art_gallery ,0.05141557
21834,253796,104784,clean_room ,0.045261603
21835,253796,104808,museum/indoor ,0.06521466
21836,253796,104808,sky ,0.048403304
21837,253796,104808,jewelry_shop ,0.047531035
21838,253796,104808,pond ,0.04453331
21839,253796,104808,art_gallery ,0.044056475
21840,253796,104832,museum/indoor ,0.2173583
21841,253796,104832,classroom ,0.1186676
21842,253796,104832,archive ,0.08433629
21843,253796,104832,art_gallery ,0.0697365
21844,253796,104832,natural_history_museum ,0.046998084
21845,253796,104856,museum/indoor ,0.17744525
21846,253796,104856,ice_shelf ,0.12813543
21847,253796,104856,art_gallery ,0.08326155
21848,253796,104856,stage/indoor ,0.04787436
21849,253796,104856,natural_history_museum ,0.035882104
21850,253796,104880,museum/indoor ,0.17590062
21851,253796,104880,ice_shelf ,0.17283925
21852,253796,104880,archive ,0.056466404
21853,253796,104880,art_gallery ,0.05138849
21854,253796,104880,lake/natural ,0.037920997
21855,253796,104904,museum/indoor ,0.15229653
21856,253796,104904,ice_shelf ,0.13294274
21857,253796,104904,art_gallery ,0.08550372
21858,253796,104904,shower ,0.06269403
21859,253796,104904,archive ,0.06201165
21860,253796,104928,museum/indoor ,0.32439503
21861,253796,104928,ice_shelf ,0.10800264
21862,253796,104928,art_gallery ,0.064980306
21863,253796,104928,classroom ,0.06163032
21864,253796,104928,stage/indoor ,0.05628084
21865,253796,104952,ice_shelf ,0.1263823
21866,253796,104952,art_gallery ,0.10152954
21867,253796,104952,museum/indoor ,0.085472025
21868,253796,104952,classroom ,0.07980747
21869,253796,104952,art_studio ,0.044204302
21870,253796,104976,museum/indoor ,0.19085565
21871,253796,104976,stage/indoor ,0.096866086
21872,253796,104976,ice_shelf ,0.08313942
21873,253796,104976,classroom ,0.061801735
21874,253796,104976,art_gallery ,0.052118648
21875,253796,105000,stage/indoor ,0.23452032
21876,253796,105000,museum/indoor ,0.11946013
21877,253796,105000,arena/performance ,0.088387385
21878,253796,105000,ice_shelf ,0.0692542
21879,253796,105000,shower ,0.049350508
21880,253796,105024,museum/indoor ,0.30040693
21881,253796,105024,stage/indoor ,0.12581787
21882,253796,105024,ice_shelf ,0.0762056
21883,253796,105024,arena/performance ,0.073864974
21884,253796,105024,art_gallery ,0.044274315
21885,253796,105048,museum/indoor ,0.17562357
21886,253796,105048,stage/indoor ,0.080602944
21887,253796,105048,ice_shelf ,0.068857856
21888,253796,105048,art_gallery ,0.05402134
21889,253796,105048,arena/performance ,0.050678294
21890,253796,105072,museum/indoor ,0.2575576
21891,253796,105072,art_gallery ,0.12922421
21892,253796,105072,ice_shelf ,0.045810577
21893,253796,105072,stage/indoor ,0.044269297
21894,253796,105072,chemistry_lab ,0.04244243
21895,253796,105096,stage/indoor ,0.1586379
21896,253796,105096,ice_shelf ,0.114238724
21897,253796,105096,museum/indoor ,0.10130826
21898,253796,105096,art_gallery ,0.050590474
21899,253796,105096,arena/performance ,0.0494098
21900,253796,105120,museum/indoor ,0.2746165
21901,253796,105120,stage/indoor ,0.1372186
21902,253796,105120,ice_shelf ,0.10978083
21903,253796,105120,art_gallery ,0.07316265
21904,253796,105120,archive ,0.04314058
21905,253796,105144,ice_shelf ,0.18211558
21906,253796,105144,museum/indoor ,0.16569033
21907,253796,105144,archive ,0.06865764
21908,253796,105144,natural_history_museum ,0.054751042
21909,253796,105144,field/wild ,0.046928085
21910,253796,105168,museum/indoor ,0.223032
21911,253796,105168,ice_shelf ,0.17952701
21912,253796,105168,archive ,0.08393492
21913,253796,105168,art_gallery ,0.03675563
21914,253796,105168,natural_history_museum ,0.030866565
21915,253796,105192,museum/indoor ,0.22522877
21916,253796,105192,stage/indoor ,0.22357185
21917,253796,105192,art_gallery ,0.057053182
21918,253796,105192,classroom ,0.046186052
21919,253796,105192,archive ,0.03837311
21920,253796,105216,museum/indoor ,0.24273042
21921,253796,105216,stage/indoor ,0.15859576
21922,253796,105216,archive ,0.064484775
21923,253796,105216,classroom ,0.0633127
21924,253796,105216,art_gallery ,0.043002862
21925,253796,105240,museum/indoor ,0.3170579
21926,253796,105240,stage/indoor ,0.09394863
21927,253796,105240,art_gallery ,0.06616611
21928,253796,105240,archive ,0.061396636
21929,253796,105240,classroom ,0.056224167
21930,253796,105264,museum/indoor ,0.37967375
21931,253796,105264,ice_shelf ,0.104834534
21932,253796,105264,archive ,0.104436465
21933,253796,105264,stage/indoor ,0.050168242
21934,253796,105264,chemistry_lab ,0.037113972
21935,253796,105288,museum/indoor ,0.16628535
21936,253796,105288,ice_shelf ,0.16394615
21937,253796,105288,stage/indoor ,0.104325466
21938,253796,105288,art_gallery ,0.072024465
21939,253796,105288,lecture_room ,0.045952346
21940,253796,105312,museum/indoor ,0.17292072
21941,253796,105312,stage/indoor ,0.15359806
21942,253796,105312,art_gallery ,0.07813627
21943,253796,105312,arena/performance ,0.06475109
21944,253796,105312,ice_shelf ,0.05961175
21945,253796,105336,stage/indoor ,0.20823199
21946,253796,105336,museum/indoor ,0.09748655
21947,253796,105336,classroom ,0.07267688
21948,253796,105336,archive ,0.053034473
21949,253796,105336,art_gallery ,0.047362495
21950,253796,105360,museum/indoor ,0.17112005
21951,253796,105360,ice_shelf ,0.17039944
21952,253796,105360,art_gallery ,0.09216736
21953,253796,105360,archive ,0.077761665
21954,253796,105360,stage/indoor ,0.06830146
21955,253796,105384,ice_shelf ,0.23633714
21956,253796,105384,museum/indoor ,0.13067538
21957,253796,105384,archive ,0.077920444
21958,253796,105384,art_gallery ,0.07687443
21959,253796,105384,ice_floe ,0.032982044
21960,253796,105408,ice_shelf ,0.2924139
21961,253796,105408,museum/indoor ,0.11915386
21962,253796,105408,art_gallery ,0.110828504
21963,253796,105408,archive ,0.04546474
21964,253796,105408,ice_floe ,0.03480199
21965,253796,105432,museum/indoor ,0.2878848
21966,253796,105432,ice_shelf ,0.11971395
21967,253796,105432,art_gallery ,0.04964585
21968,253796,105432,stage/indoor ,0.04376873
21969,253796,105432,pond ,0.034972068
21970,253796,105456,museum/indoor ,0.241843
21971,253796,105456,stage/indoor ,0.16755258
21972,253796,105456,arena/performance ,0.09227097
21973,253796,105456,ice_shelf ,0.05905587
21974,253796,105456,rice_paddy ,0.022927824
21975,253796,105480,ice_shelf ,0.17219484
21976,253796,105480,arena/performance ,0.057272296
21977,253796,105480,pond ,0.040693555
21978,253796,105480,museum/indoor ,0.035666823
21979,253796,105480,iceberg ,0.033399276
21980,253796,105504,ice_shelf ,0.14765775
21981,253796,105504,arena/performance ,0.09844558
21982,253796,105504,museum/indoor ,0.07617653
21983,253796,105504,lecture_room ,0.070599735
21984,253796,105504,stage/indoor ,0.0685969
21985,253796,105528,stage/indoor ,0.2623551
21986,253796,105528,arena/performance ,0.12227727
21987,253796,105528,museum/indoor ,0.11839426
21988,253796,105528,ice_shelf ,0.055186585
21989,253796,105528,art_gallery ,0.04419487
21990,253796,105552,shower ,0.13451405
21991,253796,105552,stage/indoor ,0.11642048
21992,253796,105552,chemistry_lab ,0.08401898
21993,253796,105552,museum/indoor ,0.059185673
21994,253796,105552,ice_shelf ,0.04696363
21995,253796,105576,shower ,0.14433709
21996,253796,105576,art_gallery ,0.08070246
21997,253796,105576,server_room ,0.07390815
21998,253796,105576,stage/indoor ,0.07083969
21999,253796,105576,clean_room ,0.05565619
22000,253796,105600,stage/indoor ,0.153279
22001,253796,105600,arena/performance ,0.08061825
22002,253796,105600,lecture_room ,0.07825781
22003,253796,105600,art_gallery ,0.053653497
22004,253796,105600,classroom ,0.048836716
22005,253796,105624,lecture_room ,0.095846765
22006,253796,105624,art_gallery ,0.07654444
22007,253796,105624,stage/indoor ,0.075848155
22008,253796,105624,classroom ,0.06779402
22009,253796,105624,museum/indoor ,0.058156043
22010,253796,105648,art_gallery ,0.08766543
22011,253796,105648,shower ,0.08427209
22012,253796,105648,stage/indoor ,0.066074334
22013,253796,105648,ice_shelf ,0.06565949
22014,253796,105648,arena/performance ,0.053473294
22015,253796,105672,ice_shelf ,0.07337165
22016,253796,105672,art_gallery ,0.073053956
22017,253796,105672,stage/indoor ,0.061203126
22018,253796,105672,classroom ,0.059898615
22019,253796,105672,arena/performance ,0.045909878
22020,253796,105696,art_gallery ,0.10935342
22021,253796,105696,classroom ,0.10229309
22022,253796,105696,lecture_room ,0.07508174
22023,253796,105696,museum/indoor ,0.050094996
22024,253796,105696,movie_theater/indoor ,0.048511013
22025,253796,105720,classroom ,0.14684573
22026,253796,105720,art_gallery ,0.08484983
22027,253796,105720,lecture_room ,0.059998643
22028,253796,105720,shower ,0.048664812
22029,253796,105720,stage/indoor ,0.037835747
22030,253796,105744,classroom ,0.47072253
22031,253796,105744,lecture_room ,0.13896185
22032,253796,105744,art_gallery ,0.048814632
22033,253796,105744,museum/indoor ,0.04316325
22034,253796,105744,art_studio ,0.03266384
22035,253796,105768,classroom ,0.43457967
22036,253796,105768,lecture_room ,0.13154946
22037,253796,105768,art_gallery ,0.054413535
22038,253796,105768,museum/indoor ,0.046857543
22039,253796,105768,art_studio ,0.041363943
22040,253796,105792,classroom ,0.44219014
22041,253796,105792,lecture_room ,0.12420331
22042,253796,105792,art_gallery ,0.061539005
22043,253796,105792,museum/indoor ,0.05441226
22044,253796,105792,art_studio ,0.046513714
22045,253796,105816,classroom ,0.3540805
22046,253796,105816,lecture_room ,0.13925003
22047,253796,105816,museum/indoor ,0.12979206
22048,253796,105816,art_gallery ,0.0997796
22049,253796,105816,art_studio ,0.047413044
22050,253796,105840,classroom ,0.31425256
22051,253796,105840,art_gallery ,0.17556582
22052,253796,105840,museum/indoor ,0.14787439
22053,253796,105840,lecture_room ,0.11078079
22054,253796,105840,art_studio ,0.053336054
22055,253796,105864,art_gallery ,0.33201796
22056,253796,105864,museum/indoor ,0.15937307
22057,253796,105864,classroom ,0.14106363
22058,253796,105864,lecture_room ,0.07746315
22059,253796,105864,art_studio ,0.07724188
22060,253796,105888,art_gallery ,0.4086299
22061,253796,105888,museum/indoor ,0.23241942
22062,253796,105888,art_studio ,0.097496174
22063,253796,105888,classroom ,0.07343301
22064,253796,105888,art_school ,0.055719204
22065,253796,105912,art_gallery ,0.3409079
22066,253796,105912,museum/indoor ,0.27456248
22067,253796,105912,art_studio ,0.084261045
22068,253796,105912,classroom ,0.07155316
22069,253796,105912,art_school ,0.0636222
22070,253796,105936,art_gallery ,0.44152784
22071,253796,105936,museum/indoor ,0.2384885
22072,253796,105936,art_studio ,0.08310157
22073,253796,105936,art_school ,0.05517306
22074,253796,105936,classroom ,0.042511173
22075,253796,105960,art_gallery ,0.37950614
22076,253796,105960,museum/indoor ,0.26495135
22077,253796,105960,art_studio ,0.082294196
22078,253796,105960,art_school ,0.06956544
22079,253796,105960,classroom ,0.063496694
22080,253796,105984,art_gallery ,0.37233832
22081,253796,105984,museum/indoor ,0.20943232
22082,253796,105984,art_studio ,0.087143496
22083,253796,105984,art_school ,0.07789146
22084,253796,105984,lecture_room ,0.07508221
22085,253796,106008,art_gallery ,0.32092822
22086,253796,106008,museum/indoor ,0.29148203
22087,253796,106008,art_school ,0.084170476
22088,253796,106008,art_studio ,0.07565709
22089,253796,106008,science_museum ,0.040086254
22090,253796,106032,museum/indoor ,0.3246673
22091,253796,106032,art_gallery ,0.23265211
22092,253796,106032,art_school ,0.09705784
22093,253796,106032,classroom ,0.090999074
22094,253796,106032,art_studio ,0.079784326
22095,253796,106056,museum/indoor ,0.3090984
22096,253796,106056,art_gallery ,0.22330673
22097,253796,106056,art_school ,0.10188327
22098,253796,106056,classroom ,0.10182655
22099,253796,106056,art_studio ,0.09231613
22100,253796,106080,clean_room ,0.120544545
22101,253796,106080,dressing_room ,0.07508785
22102,253796,106080,bow_window/indoor ,0.07399926
22103,253796,106080,jewelry_shop ,0.05665056
22104,253796,106080,hospital_room ,0.04848554
22105,253796,106104,clean_room ,0.2967178
22106,253796,106104,bank_vault ,0.11935413
22107,253796,106104,jewelry_shop ,0.058354802
22108,253796,106104,locker_room ,0.050882
22109,253796,106104,shower ,0.038677007
22110,253796,106128,clean_room ,0.25117666
22111,253796,106128,jewelry_shop ,0.10555158
22112,253796,106128,dressing_room ,0.070232466
22113,253796,106128,locker_room ,0.060814586
22114,253796,106128,bank_vault ,0.05193603
22115,253796,106152,clean_room ,0.15738028
22116,253796,106152,bow_window/indoor ,0.11399643
22117,253796,106152,nursery ,0.10298062
22118,253796,106152,hospital_room ,0.07234861
22119,253796,106152,dressing_room ,0.03786051
22120,253796,106176,nursery ,0.101067565
22121,253796,106176,clean_room ,0.08360278
22122,253796,106176,hospital_room ,0.08025705
22123,253796,106176,bow_window/indoor ,0.07624209
22124,253796,106176,dressing_room ,0.07522173
22125,253796,106200,clean_room ,0.12971923
22126,253796,106200,nursery ,0.12517175
22127,253796,106200,dressing_room ,0.082829826
22128,253796,106200,hospital_room ,0.07493174
22129,253796,106200,bow_window/indoor ,0.054323766
22130,253796,106224,clean_room ,0.183901
22131,253796,106224,jewelry_shop ,0.07568408
22132,253796,106224,nursery ,0.06728175
22133,253796,106224,bank_vault ,0.06140164
22134,253796,106224,dressing_room ,0.059489157
22135,253796,106248,clean_room ,0.18003917
22136,253796,106248,nursery ,0.100435495
22137,253796,106248,hospital_room ,0.09607204
22138,253796,106248,bank_vault ,0.060897462
22139,253796,106248,dressing_room ,0.058560856
22140,253796,106272,clean_room ,0.20108083
22141,253796,106272,hospital_room ,0.07849231
22142,253796,106272,jewelry_shop ,0.077295855
22143,253796,106272,dressing_room ,0.06330144
22144,253796,106272,nursery ,0.0526104
22145,253796,106296,clean_room ,0.21058343
22146,253796,106296,jewelry_shop ,0.057925772
22147,253796,106296,art_gallery ,0.052281663
22148,253796,106296,chemistry_lab ,0.046055697
22149,253796,106296,dressing_room ,0.04570378
22150,253796,106320,clean_room ,0.10948764
22151,253796,106320,bow_window/indoor ,0.084720425
22152,253796,106320,dressing_room ,0.077373885
22153,253796,106320,hospital_room ,0.059154596
22154,253796,106320,locker_room ,0.039583385
22155,253796,106344,clean_room ,0.17876485
22156,253796,106344,jewelry_shop ,0.14481203
22157,253796,106344,museum/indoor ,0.07228214
22158,253796,106344,chemistry_lab ,0.06780989
22159,253796,106344,art_gallery ,0.05457503
22160,253796,106368,clean_room ,0.33065602
22161,253796,106368,chemistry_lab ,0.10488418
22162,253796,106368,bank_vault ,0.055989325
22163,253796,106368,biology_laboratory ,0.051051255
22164,253796,106368,physics_laboratory ,0.043661103
22165,253796,106392,clean_room ,0.30818915
22166,253796,106392,jewelry_shop ,0.11316111
22167,253796,106392,chemistry_lab ,0.10593891
22168,253796,106392,biology_laboratory ,0.058582548
22169,253796,106392,museum/indoor ,0.04800663
22170,253796,106416,clean_room ,0.49736974
22171,253796,106416,locker_room ,0.16436368
22172,253796,106416,dressing_room ,0.04662799
22173,253796,106416,museum/indoor ,0.037646536
22174,253796,106416,chemistry_lab ,0.036963493
22175,253796,106440,jewelry_shop ,0.41527882
22176,253796,106440,locker_room ,0.10520484
22177,253796,106440,clean_room ,0.09752479
22178,253796,106440,chemistry_lab ,0.058324974
22179,253796,106440,shower ,0.04384146
22180,253796,106464,jewelry_shop ,0.5918563
22181,253796,106464,clean_room ,0.081624426
22182,253796,106464,locker_room ,0.052047998
22183,253796,106464,shower ,0.034818247
22184,253796,106464,chemistry_lab ,0.028991269
22185,253796,106488,jewelry_shop ,0.5570648
22186,253796,106488,clean_room ,0.078150876
22187,253796,106488,chemistry_lab ,0.04043891
22188,253796,106488,locker_room ,0.03490976
22189,253796,106488,museum/indoor ,0.03280177
22190,253796,106512,jewelry_shop ,0.5357884
22191,253796,106512,clean_room ,0.09074073
22192,253796,106512,chemistry_lab ,0.048623655
22193,253796,106512,museum/indoor ,0.031764954
22194,253796,106512,locker_room ,0.0276219
22195,253796,106536,jewelry_shop ,0.6214674
22196,253796,106536,clean_room ,0.07081047
22197,253796,106536,chemistry_lab ,0.039680522
22198,253796,106536,dressing_room ,0.024991155
22199,253796,106536,locker_room ,0.021092262
22200,253796,106560,jewelry_shop ,0.46423718
22201,253796,106560,locker_room ,0.096673526
22202,253796,106560,clean_room ,0.08000214
22203,253796,106560,chemistry_lab ,0.052317385
22204,253796,106560,dressing_room ,0.043138225
22205,253796,106584,jewelry_shop ,0.42336923
22206,253796,106584,clean_room ,0.08888153
22207,253796,106584,locker_room ,0.072623216
22208,253796,106584,chemistry_lab ,0.04747999
22209,253796,106584,dressing_room ,0.036851104
22210,253796,106608,jewelry_shop ,0.50642514
22211,253796,106608,clean_room ,0.09753634
22212,253796,106608,chemistry_lab ,0.06317028
22213,253796,106608,locker_room ,0.043874737
22214,253796,106608,museum/indoor ,0.033866815
22215,253796,106632,jewelry_shop ,0.6230979
22216,253796,106632,clean_room ,0.068790756
22217,253796,106632,chemistry_lab ,0.040663105
22218,253796,106632,locker_room ,0.030082233
22219,253796,106632,biology_laboratory ,0.019332258
22220,253796,106656,jewelry_shop ,0.41754368
22221,253796,106656,clean_room ,0.11894236
22222,253796,106656,locker_room ,0.06670446
22223,253796,106656,chemistry_lab ,0.045644734
22224,253796,106656,museum/indoor ,0.041700743
22225,253796,106680,jewelry_shop ,0.44834113
22226,253796,106680,clean_room ,0.13231148
22227,253796,106680,chemistry_lab ,0.042716637
22228,253796,106680,locker_room ,0.038221695
22229,253796,106680,shower ,0.03808903
22230,253796,106704,jewelry_shop ,0.4952166
22231,253796,106704,clean_room ,0.07192712
22232,253796,106704,locker_room ,0.0702253
22233,253796,106704,dressing_room ,0.029816931
22234,253796,106704,shoe_shop ,0.02769268
22235,253796,106728,jewelry_shop ,0.43744618
22236,253796,106728,locker_room ,0.07290115
22237,253796,106728,clean_room ,0.071734525
22238,253796,106728,museum/indoor ,0.039328314
22239,253796,106728,chemistry_lab ,0.035833467
22240,253796,106752,jewelry_shop ,0.6378142
22241,253796,106752,clean_room ,0.05131008
22242,253796,106752,chemistry_lab ,0.04296903
22243,253796,106752,museum/indoor ,0.03149078
22244,253796,106752,biology_laboratory ,0.02364223
22245,253796,106776,jewelry_shop ,0.4860641
22246,253796,106776,clean_room ,0.06405274
22247,253796,106776,chemistry_lab ,0.05249635
22248,253796,106776,museum/indoor ,0.042927764
22249,253796,106776,locker_room ,0.042200547
22250,253796,106800,jewelry_shop ,0.7407742
22251,253796,106800,clean_room ,0.027312312
22252,253796,106800,dressing_room ,0.023473734
22253,253796,106800,museum/indoor ,0.023003748
22254,253796,106800,chemistry_lab ,0.021061385
22255,253796,106824,jewelry_shop ,0.34414148
22256,253796,106824,clean_room ,0.09493984
22257,253796,106824,dressing_room ,0.05926818
22258,253796,106824,shower ,0.05850279
22259,253796,106824,art_gallery ,0.049279794
22260,253796,106848,jewelry_shop ,0.3606272
22261,253796,106848,dressing_room ,0.17279781
22262,253796,106848,museum/indoor ,0.11195286
22263,253796,106848,clean_room ,0.06573672
22264,253796,106848,locker_room ,0.044942457
22265,253796,106872,dressing_room ,0.41454712
22266,253796,106872,jewelry_shop ,0.101195395
22267,253796,106872,clean_room ,0.08294679
22268,253796,106872,museum/indoor ,0.075914316
22269,253796,106872,art_gallery ,0.032713022
22270,253796,106896,museum/indoor ,0.31975967
22271,253796,106896,dressing_room ,0.28478175
22272,253796,106896,art_gallery ,0.069854625
22273,253796,106896,clean_room ,0.06665412
22274,253796,106896,jewelry_shop ,0.028977126
22275,253796,106920,dressing_room ,0.23165107
22276,253796,106920,museum/indoor ,0.19046049
22277,253796,106920,clean_room ,0.12606865
22278,253796,106920,art_gallery ,0.054684304
22279,253796,106920,jewelry_shop ,0.05462405
22280,253796,106944,jewelry_shop ,0.27467886
22281,253796,106944,museum/indoor ,0.14275682
22282,253796,106944,dressing_room ,0.12487528
22283,253796,106944,clean_room ,0.115540326
22284,253796,106944,art_gallery ,0.052397687
22285,253796,106968,clean_room ,0.23057003
22286,253796,106968,locker_room ,0.18063955
22287,253796,106968,dressing_room ,0.18053414
22288,253796,106968,museum/indoor ,0.085602105
22289,253796,106968,art_gallery ,0.058515687
22290,253796,106992,locker_room ,0.30782878
22291,253796,106992,art_gallery ,0.07802743
22292,253796,106992,museum/indoor ,0.07704701
22293,253796,106992,clean_room ,0.04902768
22294,253796,106992,archive ,0.048026334
22295,253796,107016,clean_room ,0.49243763
22296,253796,107016,museum/indoor ,0.20764878
22297,253796,107016,locker_room ,0.052892424
22298,253796,107016,shower ,0.03999412
22299,253796,107016,archive ,0.038972728
22300,253796,107040,clean_room ,0.5132156
22301,253796,107040,art_gallery ,0.15482649
22302,253796,107040,museum/indoor ,0.12074654
22303,253796,107040,dressing_room ,0.0658165
22304,253796,107040,locker_room ,0.04605191
22305,253796,107064,clean_room ,0.44620374
22306,253796,107064,locker_room ,0.44441158
22307,253796,107064,dressing_room ,0.020533614
22308,253796,107064,shower ,0.019754723
22309,253796,107064,chemistry_lab ,0.019274896
22310,253796,107088,locker_room ,0.56268334
22311,253796,107088,clean_room ,0.24537173
22312,253796,107088,shower ,0.03339661
22313,253796,107088,dressing_room ,0.024612814
22314,253796,107088,elevator/door ,0.02293099
22315,253796,107112,clean_room ,0.40928194
22316,253796,107112,locker_room ,0.16111355
22317,253796,107112,museum/indoor ,0.11809902
22318,253796,107112,stage/indoor ,0.05340484
22319,253796,107112,dressing_room ,0.03653042
22320,253796,107136,chemistry_lab ,0.33809358
22321,253796,107136,clean_room ,0.28837898
22322,253796,107136,museum/indoor ,0.07008472
22323,253796,107136,locker_room ,0.03577956
22324,253796,107136,biology_laboratory ,0.033195287
22325,253796,107160,clean_room ,0.46425435
22326,253796,107160,museum/indoor ,0.21469328
22327,253796,107160,chemistry_lab ,0.07995997
22328,253796,107160,science_museum ,0.032234687
22329,253796,107160,art_gallery ,0.031567667
22330,253796,107184,museum/indoor ,0.28267995
22331,253796,107184,clean_room ,0.17061418
22332,253796,107184,bow_window/indoor ,0.13376279
22333,253796,107184,chemistry_lab ,0.062231116
22334,253796,107184,shower ,0.042023994
22335,253796,107208,chemistry_lab ,0.23300254
22336,253796,107208,clean_room ,0.21826486
22337,253796,107208,museum/indoor ,0.17363232
22338,253796,107208,shower ,0.05077681
22339,253796,107208,locker_room ,0.048042048
22340,253796,107232,clean_room ,0.4064409
22341,253796,107232,chemistry_lab ,0.14708513
22342,253796,107232,museum/indoor ,0.1234576
22343,253796,107232,bow_window/indoor ,0.034555085
22344,253796,107232,shower ,0.033673387
22345,253796,107256,clean_room ,0.21151726
22346,253796,107256,chemistry_lab ,0.18352473
22347,253796,107256,museum/indoor ,0.1678435
22348,253796,107256,shower ,0.057765003
22349,253796,107256,bow_window/indoor ,0.047967482
22350,253796,107280,clean_room ,0.28288797
22351,253796,107280,museum/indoor ,0.2123689
22352,253796,107280,chemistry_lab ,0.12162207
22353,253796,107280,art_gallery ,0.0714259
22354,253796,107280,bow_window/indoor ,0.057986442
22355,253796,107304,museum/indoor ,0.33465895
22356,253796,107304,clean_room ,0.2567165
22357,253796,107304,art_gallery ,0.077879615
22358,253796,107304,chemistry_lab ,0.052797545
22359,253796,107304,locker_room ,0.04095823
22360,253796,107328,clean_room ,0.30679068
22361,253796,107328,museum/indoor ,0.14465559
22362,253796,107328,chemistry_lab ,0.13993624
22363,253796,107328,art_gallery ,0.03998705
22364,253796,107328,bow_window/indoor ,0.03351228
22365,253796,107352,museum/indoor ,0.22408354
22366,253796,107352,clean_room ,0.21039702
22367,253796,107352,art_gallery ,0.0844164
22368,253796,107352,shower ,0.059845004
22369,253796,107352,locker_room ,0.055657014
22370,253796,107376,museum/indoor ,0.23256654
22371,253796,107376,shower ,0.15323642
22372,253796,107376,clean_room ,0.15048353
22373,253796,107376,art_gallery ,0.08719557
22374,253796,107376,bow_window/indoor ,0.06286591
22375,253796,107400,museum/indoor ,0.27965468
22376,253796,107400,clean_room ,0.25764692
22377,253796,107400,locker_room ,0.08710435
22378,253796,107400,dressing_room ,0.082173094
22379,253796,107400,art_gallery ,0.052576333
22380,253796,107424,clean_room ,0.6587948
22381,253796,107424,chemistry_lab ,0.054269854
22382,253796,107424,museum/indoor ,0.049293503
22383,253796,107424,dressing_room ,0.02751196
22384,253796,107424,art_gallery ,0.024658035
22385,253796,107448,clean_room ,0.35108083
22386,253796,107448,chemistry_lab ,0.16301617
22387,253796,107448,museum/indoor ,0.15757725
22388,253796,107448,art_gallery ,0.0437147
22389,253796,107448,dressing_room ,0.043202996
22390,253796,107472,chemistry_lab ,0.3568928
22391,253796,107472,clean_room ,0.21831426
22392,253796,107472,museum/indoor ,0.21089172
22393,253796,107472,biology_laboratory ,0.021296302
22394,253796,107472,art_gallery ,0.020316985
22395,253796,107496,chemistry_lab ,0.35720852
22396,253796,107496,stage/indoor ,0.07642977
22397,253796,107496,clean_room ,0.06703661
22398,253796,107496,museum/indoor ,0.05959332
22399,253796,107496,ballroom ,0.049957488
22400,253796,107520,museum/indoor ,0.23242436
22401,253796,107520,clean_room ,0.1836709
22402,253796,107520,archive ,0.11168642
22403,253796,107520,art_gallery ,0.07629551
22404,253796,107520,dressing_room ,0.06775029
22405,253796,107544,clean_room ,0.3058412
22406,253796,107544,dressing_room ,0.16527936
22407,253796,107544,archive ,0.13176478
22408,253796,107544,locker_room ,0.06621311
22409,253796,107544,art_gallery ,0.056193102
22410,253796,107568,art_gallery ,0.3469393
22411,253796,107568,art_studio ,0.19113217
22412,253796,107568,artists_loft ,0.06066476
22413,253796,107568,archive ,0.056312382
22414,253796,107568,museum/indoor ,0.05432854
22415,253796,107592,art_gallery ,0.19032185
22416,253796,107592,clean_room ,0.12567383
22417,253796,107592,art_studio ,0.104131244
22418,253796,107592,artists_loft ,0.094759874
22419,253796,107592,archive ,0.078173056
22420,253796,107616,dressing_room ,0.5431069
22421,253796,107616,locker_room ,0.09989051
22422,253796,107616,art_gallery ,0.06633746
22423,253796,107616,clean_room ,0.06520351
22424,253796,107616,archive ,0.049985588
22425,253796,107640,clean_room ,0.38525528
22426,253796,107640,dressing_room ,0.17207201
22427,253796,107640,chemistry_lab ,0.07290582
22428,253796,107640,locker_room ,0.07282334
22429,253796,107640,museum/indoor ,0.05367247
22430,253796,107664,clean_room ,0.63342613
22431,253796,107664,art_gallery ,0.079211526
22432,253796,107664,museum/indoor ,0.068346314
22433,253796,107664,shower ,0.05121407
22434,253796,107664,locker_room ,0.03541309
22435,253796,107688,clean_room ,0.31744853
22436,253796,107688,dressing_room ,0.24743699
22437,253796,107688,locker_room ,0.1189751
22438,253796,107688,shower ,0.0632686
22439,253796,107688,beauty_salon ,0.051000766
22440,253796,107712,clean_room ,0.4965716
22441,253796,107712,dressing_room ,0.32988447
22442,253796,107712,locker_room ,0.069411755
22443,253796,107712,beauty_salon ,0.017955147
22444,253796,107712,museum/indoor ,0.006923996
22445,253796,107736,locker_room ,0.40252623
22446,253796,107736,dressing_room ,0.19634032
22447,253796,107736,clean_room ,0.16533607
22448,253796,107736,chemistry_lab ,0.03943448
22449,253796,107736,museum/indoor ,0.025517296
22450,253796,107760,dressing_room ,0.30956718
22451,253796,107760,locker_room ,0.26979566
22452,253796,107760,museum/indoor ,0.11715751
22453,253796,107760,clean_room ,0.061956905
22454,253796,107760,art_gallery ,0.039600268
22455,253796,107784,museum/indoor ,0.29979357
22456,253796,107784,clean_room ,0.10575352
22457,253796,107784,shower ,0.10375781
22458,253796,107784,dressing_room ,0.08649379
22459,253796,107784,art_gallery ,0.056787748
22460,253796,107808,clean_room ,0.42972943
22461,253796,107808,museum/indoor ,0.13050964
22462,253796,107808,dressing_room ,0.100848794
22463,253796,107808,locker_room ,0.089142986
22464,253796,107808,elevator/door ,0.04800985
22465,253796,107832,museum/indoor ,0.59754014
22466,253796,107832,clean_room ,0.075691804
22467,253796,107832,art_gallery ,0.028414732
22468,253796,107832,dressing_room ,0.02364089
22469,253796,107832,chemistry_lab ,0.022094527
22470,253796,107856,museum/indoor ,0.23809835
22471,253796,107856,stage/indoor ,0.08402998
22472,253796,107856,dressing_room ,0.08232937
22473,253796,107856,clean_room ,0.062910736
22474,253796,107856,locker_room ,0.05929586
22475,253796,107880,clean_room ,0.22435191
22476,253796,107880,museum/indoor ,0.16214773
22477,253796,107880,dressing_room ,0.14553332
22478,253796,107880,locker_room ,0.07437007
22479,253796,107880,art_gallery ,0.0560242
22480,253796,107904,dressing_room ,0.2858204
22481,253796,107904,museum/indoor ,0.24253745
22482,253796,107904,clean_room ,0.11408239
22483,253796,107904,art_gallery ,0.09407126
22484,253796,107904,locker_room ,0.06306864
22485,253796,107928,dressing_room ,0.45795393
22486,253796,107928,art_gallery ,0.11470127
22487,253796,107928,museum/indoor ,0.112569556
22488,253796,107928,clean_room ,0.10859666
22489,253796,107928,locker_room ,0.04108078
22490,253796,107952,dressing_room ,0.5342004
22491,253796,107952,clean_room ,0.091375306
22492,253796,107952,locker_room ,0.062552795
22493,253796,107952,museum/indoor ,0.061161127
22494,253796,107952,art_studio ,0.04669389
22495,253796,107976,dressing_room ,0.401142
22496,253796,107976,museum/indoor ,0.17584816
22497,253796,107976,art_gallery ,0.13602975
22498,253796,107976,clean_room ,0.05185594
22499,253796,107976,art_studio ,0.05017502
22500,253796,108000,clean_room ,0.54602367
22501,253796,108000,dressing_room ,0.19772178
22502,253796,108000,locker_room ,0.05380797
22503,253796,108000,chemistry_lab ,0.037352607
22504,253796,108000,music_studio ,0.018286336
22505,253796,108024,clean_room ,0.31725687
22506,253796,108024,museum/indoor ,0.2629442
22507,253796,108024,dressing_room ,0.13577664
22508,253796,108024,locker_room ,0.05995962
22509,253796,108024,art_gallery ,0.05007913
22510,253796,108048,clean_room ,0.3637925
22511,253796,108048,archive ,0.09365839
22512,253796,108048,office_cubicles ,0.091794066
22513,253796,108048,office ,0.06177301
22514,253796,108048,locker_room ,0.0599572
22515,253796,108072,clean_room ,0.6650696
22516,253796,108072,shower ,0.1084679
22517,253796,108072,locker_room ,0.10719061
22518,253796,108072,bathroom ,0.015897159
22519,253796,108072,chemistry_lab ,0.012815156
22520,253796,108096,art_gallery ,0.3800768
22521,253796,108096,museum/indoor ,0.3250445
22522,253796,108096,clean_room ,0.12421011
22523,253796,108096,science_museum ,0.036298513
22524,253796,108096,natural_history_museum ,0.029991917
22525,253796,108120,museum/indoor ,0.5658382
22526,253796,108120,art_gallery ,0.24996863
22527,253796,108120,science_museum ,0.034546617
22528,253796,108120,art_studio ,0.028611325
22529,253796,108120,clean_room ,0.02798683
22530,253796,108144,museum/indoor ,0.40881613
22531,253796,108144,art_gallery ,0.35427728
22532,253796,108144,clean_room ,0.052970573
22533,253796,108144,science_museum ,0.02290135
22534,253796,108144,natural_history_museum ,0.017923309
22535,253796,108168,art_gallery ,0.50834197
22536,253796,108168,museum/indoor ,0.2524395
22537,253796,108168,science_museum ,0.046891276
22538,253796,108168,clean_room ,0.039767087
22539,253796,108168,art_studio ,0.033930548
22540,253796,108192,dressing_room ,0.43891516
22541,253796,108192,clean_room ,0.2662706
22542,253796,108192,art_gallery ,0.061447933
22543,253796,108192,art_studio ,0.028946765
22544,253796,108192,museum/indoor ,0.026576968
22545,253796,108216,dressing_room ,0.5261403
22546,253796,108216,clothing_store ,0.09739979
22547,253796,108216,art_gallery ,0.074105844
22548,253796,108216,museum/indoor ,0.05190788
22549,253796,108216,clean_room ,0.04951455
22550,253796,108240,dressing_room ,0.5515658
22551,253796,108240,clean_room ,0.08728995
22552,253796,108240,stage/indoor ,0.06912543
22553,253796,108240,discotheque ,0.045045596
22554,253796,108240,museum/indoor ,0.029244186
22555,253796,108264,dressing_room ,0.30277973
22556,253796,108264,stage/indoor ,0.13777311
22557,253796,108264,museum/indoor ,0.12856252
22558,253796,108264,art_gallery ,0.054978196
22559,253796,108264,clean_room ,0.046195306
22560,253796,108288,dressing_room ,0.319957
22561,253796,108288,museum/indoor ,0.22003348
22562,253796,108288,art_gallery ,0.10186492
22563,253796,108288,stage/indoor ,0.091107935
22564,253796,108288,clean_room ,0.05422154
22565,253796,108312,dressing_room ,0.2414715
22566,253796,108312,stage/indoor ,0.18775588
22567,253796,108312,clean_room ,0.13708167
22568,253796,108312,art_gallery ,0.08973641
22569,253796,108312,discotheque ,0.0761939
22570,253796,108336,clean_room ,0.47950652
22571,253796,108336,dressing_room ,0.15949601
22572,253796,108336,chemistry_lab ,0.064482234
22573,253796,108336,art_gallery ,0.06255009
22574,253796,108336,stage/indoor ,0.032518495
22575,253796,108360,clean_room ,0.5895788
22576,253796,108360,chemistry_lab ,0.114203215
22577,253796,108360,museum/indoor ,0.106626
22578,253796,108360,art_gallery ,0.07487123
22579,253796,108360,science_museum ,0.050767727
22580,253796,108384,art_gallery ,0.25688738
22581,253796,108384,clean_room ,0.13440509
22582,253796,108384,museum/indoor ,0.06905285
22583,253796,108384,art_studio ,0.05813419
22584,253796,108384,archive ,0.04939825
22585,253796,108408,stage/indoor ,0.70803267
22586,253796,108408,museum/indoor ,0.12797476
22587,253796,108408,art_gallery ,0.04683447
22588,253796,108408,dressing_room ,0.032906435
22589,253796,108408,music_studio ,0.01952863
22590,253796,108432,stage/indoor ,0.39936993
22591,253796,108432,museum/indoor ,0.39712307
22592,253796,108432,art_gallery ,0.052250724
22593,253796,108432,dressing_room ,0.047257468
22594,253796,108432,discotheque ,0.025332399
22595,253796,108456,stage/indoor ,0.44985268
22596,253796,108456,museum/indoor ,0.22714761
22597,253796,108456,shower ,0.049832817
22598,253796,108456,art_gallery ,0.044486005
22599,253796,108456,archive ,0.021450464
22600,253796,108480,museum/indoor ,0.6322462
22601,253796,108480,stage/indoor ,0.14639202
22602,253796,108480,art_gallery ,0.11707017
22603,253796,108480,science_museum ,0.014872253
22604,253796,108480,natural_history_museum ,0.014485272
22605,253796,108504,museum/indoor ,0.37400752
22606,253796,108504,fountain ,0.16455491
22607,253796,108504,stage/indoor ,0.08465053
22608,253796,108504,art_gallery ,0.076397605
22609,253796,108504,ice_shelf ,0.036637414
22610,253796,108528,museum/indoor ,0.85932976
22611,253796,108528,art_gallery ,0.09123546
22612,253796,108528,natural_history_museum ,0.018770382
22613,253796,108528,science_museum ,0.015348543
22614,253796,108528,stage/indoor ,0.007074096
22615,253796,108552,museum/indoor ,0.45717245
22616,253796,108552,stage/indoor ,0.23013543
22617,253796,108552,art_gallery ,0.14062464
22618,253796,108552,art_studio ,0.031782757
22619,253796,108552,music_studio ,0.022391688
22620,253796,108576,museum/indoor ,0.37335822
22621,253796,108576,art_gallery ,0.1949254
22622,253796,108576,stage/indoor ,0.11097167
22623,253796,108576,dressing_room ,0.055893466
22624,253796,108576,art_studio ,0.034958065
22625,253796,108600,museum/indoor ,0.30870736
22626,253796,108600,stage/indoor ,0.20570894
22627,253796,108600,art_gallery ,0.19214544
22628,253796,108600,dressing_room ,0.032620534
22629,253796,108600,art_studio ,0.028613852
22630,253796,108624,museum/indoor ,0.39732033
22631,253796,108624,art_gallery ,0.19936436
22632,253796,108624,stage/indoor ,0.18930712
22633,253796,108624,art_studio ,0.02182297
22634,253796,108624,discotheque ,0.018253671
22635,253796,108648,shower ,0.4894091
22636,253796,108648,museum/indoor ,0.047048755
22637,253796,108648,chemistry_lab ,0.04385491
22638,253796,108648,art_gallery ,0.04098018
22639,253796,108648,clean_room ,0.02950528
22640,253796,108672,doorway/outdoor ,0.5077671
22641,253796,108672,elevator/door ,0.29349717
22642,253796,108672,bow_window/indoor ,0.042445175
22643,253796,108672,shower ,0.041557733
22644,253796,108672,barndoor ,0.026513046
22645,253796,108696,shower ,0.2782579
22646,253796,108696,elevator/door ,0.1603251
22647,253796,108696,bow_window/indoor ,0.11576506
22648,253796,108696,closet ,0.08111849
22649,253796,108696,doorway/outdoor ,0.07806936
22650,253796,108720,elevator/door ,0.33893755
22651,253796,108720,doorway/outdoor ,0.2102549
22652,253796,108720,shower ,0.14143768
22653,253796,108720,bow_window/indoor ,0.060575042
22654,253796,108720,closet ,0.033680204
22655,253796,108744,elevator/door ,0.34623143
22656,253796,108744,shower ,0.18600656
22657,253796,108744,doorway/outdoor ,0.11617005
22658,253796,108744,bow_window/indoor ,0.07884908
22659,253796,108744,closet ,0.034924258
22660,253796,108768,elevator/door ,0.23120764
22661,253796,108768,bow_window/indoor ,0.17338333
22662,253796,108768,dressing_room ,0.08645055
22663,253796,108768,jail_cell ,0.062200744
22664,253796,108768,art_gallery ,0.052884117
22665,253796,108792,bow_window/indoor ,0.5650418
22666,253796,108792,art_gallery ,0.15695748
22667,253796,108792,elevator/door ,0.058909032
22668,253796,108792,museum/indoor ,0.050077666
22669,253796,108792,shower ,0.04842666
22670,253796,108816,art_gallery ,0.26093516
22671,253796,108816,dressing_room ,0.1952924
22672,253796,108816,museum/indoor ,0.0935408
22673,253796,108816,stage/indoor ,0.086406715
22674,253796,108816,shower ,0.068257645
22675,253796,108840,dressing_room ,0.25310734
22676,253796,108840,art_gallery ,0.10264117
22677,253796,108840,music_studio ,0.08829264
22678,253796,108840,museum/indoor ,0.083909445
22679,253796,108840,art_studio ,0.06573278
22680,253796,108864,dressing_room ,0.30182216
22681,253796,108864,art_gallery ,0.08452094
22682,253796,108864,music_studio ,0.083488286
22683,253796,108864,locker_room ,0.07545863
22684,253796,108864,discotheque ,0.06574668
22685,253796,108888,dressing_room ,0.1962648
22686,253796,108888,shower ,0.12613548
22687,253796,108888,locker_room ,0.08269454
22688,253796,108888,discotheque ,0.076035455
22689,253796,108888,clean_room ,0.062310126
22690,253796,108912,dressing_room ,0.24434656
22691,253796,108912,discotheque ,0.09329482
22692,253796,108912,art_gallery ,0.090351515
22693,253796,108912,locker_room ,0.08225422
22694,253796,108912,stage/indoor ,0.07539058
22695,253796,108936,dressing_room ,0.23569623
22696,253796,108936,art_gallery ,0.12868246
22697,253796,108936,art_studio ,0.09127912
22698,253796,108936,archive ,0.07984081
22699,253796,108936,clean_room ,0.067769386
22700,253796,108960,shower ,0.19894026
22701,253796,108960,dressing_room ,0.14521976
22702,253796,108960,discotheque ,0.089172564
22703,253796,108960,stage/indoor ,0.07052933
22704,253796,108960,music_studio ,0.06787114
22705,253796,108984,dressing_room ,0.24306422
22706,253796,108984,shower ,0.13088219
22707,253796,108984,discotheque ,0.1304132
22708,253796,108984,locker_room ,0.09360724
22709,253796,108984,art_gallery ,0.05714407
22710,253796,109008,dressing_room ,0.3171872
22711,253796,109008,locker_room ,0.09943325
22712,253796,109008,music_studio ,0.077562936
22713,253796,109008,art_gallery ,0.070251524
22714,253796,109008,discotheque ,0.06765985
22715,253796,109032,dressing_room ,0.16576461
22716,253796,109032,art_gallery ,0.11806477
22717,253796,109032,shower ,0.10897859
22718,253796,109032,discotheque ,0.08905481
22719,253796,109032,locker_room ,0.077823125
22720,253796,109056,dressing_room ,0.85054094
22721,253796,109056,locker_room ,0.03973119
22722,253796,109056,discotheque ,0.03177159
22723,253796,109056,stage/indoor ,0.0171953
22724,253796,109056,sauna ,0.007860144
22725,253796,109080,dressing_room ,0.97270095
22726,253796,109080,clean_room ,0.0056199213
22727,253796,109080,museum/indoor ,0.0040626973
22728,253796,109080,elevator/door ,0.0024710929
22729,253796,109080,art_gallery ,0.0023508044
22730,253796,109104,dressing_room ,0.99495053
22731,253796,109104,museum/indoor ,0.0016224812
22732,253796,109104,clean_room ,0.0008904098
22733,253796,109104,clothing_store ,0.00052026525
22734,253796,109104,beauty_salon ,0.0004379043
22735,253796,109128,dressing_room ,0.99152666
22736,253796,109128,clothing_store ,0.001463188
22737,253796,109128,clean_room ,0.0013783737
22738,253796,109128,museum/indoor ,0.0010436192
22739,253796,109128,beauty_salon ,0.00090415956
22740,253796,109152,dressing_room ,0.9944271
22741,253796,109152,clean_room ,0.002569518
22742,253796,109152,locker_room ,0.0016536633
22743,253796,109152,museum/indoor ,0.00037268348
22744,253796,109152,clothing_store ,0.00030696622
22745,253796,109176,dressing_room ,0.99147874
22746,253796,109176,clean_room ,0.0021428838
22747,253796,109176,locker_room ,0.0018226564
22748,253796,109176,clothing_store ,0.0013199948
22749,253796,109176,museum/indoor ,0.0007398945
22750,253796,109200,dressing_room ,0.9718625
22751,253796,109200,clothing_store ,0.0080152545
22752,253796,109200,locker_room ,0.0060669356
22753,253796,109200,clean_room ,0.0055629597
22754,253796,109200,closet ,0.001974867
22755,253796,109224,dressing_room ,0.92433894
22756,253796,109224,clean_room ,0.023820162
22757,253796,109224,clothing_store ,0.019665198
22758,253796,109224,locker_room ,0.009415789
22759,253796,109224,butchers_shop ,0.0052640475
22760,253796,109248,dressing_room ,0.9787795
22761,253796,109248,stage/indoor ,0.004431709
22762,253796,109248,museum/indoor ,0.0028564977
22763,253796,109248,locker_room ,0.0026690061
22764,253796,109248,clean_room ,0.0014333515
22765,253796,109272,dressing_room ,0.9981343
22766,253796,109272,clothing_store ,0.0006317578
22767,253796,109272,stage/indoor ,0.00024989137
22768,253796,109272,locker_room ,0.00020414667
22769,253796,109272,ballroom ,0.00013926612
22770,253796,109296,dressing_room ,0.9762489
22771,253796,109296,stage/indoor ,0.0070838537
22772,253796,109296,museum/indoor ,0.0033804087
22773,253796,109296,clothing_store ,0.0027368702
22774,253796,109296,ballroom ,0.0019150544
22775,253796,109320,dressing_room ,0.96482486
22776,253796,109320,museum/indoor ,0.008264366
22777,253796,109320,clothing_store ,0.004850995
22778,253796,109320,clean_room ,0.004424934
22779,253796,109320,stage/indoor ,0.004105181
22780,253796,109344,dressing_room ,0.97015375
22781,253796,109344,clean_room ,0.0062219817
22782,253796,109344,stage/indoor ,0.004720672
22783,253796,109344,museum/indoor ,0.004212048
22784,253796,109344,clothing_store ,0.0038297551
22785,253796,109368,dressing_room ,0.9208332
22786,253796,109368,clean_room ,0.021158237
22787,253796,109368,museum/indoor ,0.018250344
22788,253796,109368,stage/indoor ,0.008863669
22789,253796,109368,clothing_store ,0.008510899
22790,253796,109392,dressing_room ,0.8751969
22791,253796,109392,clean_room ,0.050939847
22792,253796,109392,museum/indoor ,0.017379642
22793,253796,109392,stage/indoor ,0.0162234
22794,253796,109392,clothing_store ,0.012728611
22795,253796,109416,dressing_room ,0.83455294
22796,253796,109416,clean_room ,0.09591653
22797,253796,109416,stage/indoor ,0.014035729
22798,253796,109416,clothing_store ,0.011437506
22799,253796,109416,music_studio ,0.0063792225
22800,253796,109440,dressing_room ,0.74686706
22801,253796,109440,clean_room ,0.1630691
22802,253796,109440,clothing_store ,0.022536037
22803,253796,109440,stage/indoor ,0.008959268
22804,253796,109440,museum/indoor ,0.008189497
22805,253796,109464,dressing_room ,0.9527172
22806,253796,109464,stage/indoor ,0.011497717
22807,253796,109464,clothing_store ,0.0059147766
22808,253796,109464,museum/indoor ,0.004985536
22809,253796,109464,ballroom ,0.0043007736
22810,253796,109488,dressing_room ,0.9470858
22811,253796,109488,museum/indoor ,0.025847783
22812,253796,109488,stage/indoor ,0.0053607803
22813,253796,109488,clothing_store ,0.004125486
22814,253796,109488,ballroom ,0.0029839624
22815,253796,109512,dressing_room ,0.98860776
22816,253796,109512,beauty_salon ,0.002298241
22817,253796,109512,museum/indoor ,0.0017193491
22818,253796,109512,clothing_store ,0.0017111568
22819,253796,109512,stage/indoor ,0.0011454077
22820,253796,109536,dressing_room ,0.99547666
22821,253796,109536,museum/indoor ,0.0014714623
22822,253796,109536,beauty_salon ,0.0006299584
22823,253796,109536,clothing_store ,0.00045213779
22824,253796,109536,locker_room ,0.00032280333
22825,253796,109560,dressing_room ,0.9861768
22826,253796,109560,museum/indoor ,0.0044303313
22827,253796,109560,clothing_store ,0.0015549494
22828,253796,109560,beauty_salon ,0.0013932217
22829,253796,109560,stage/indoor ,0.0013099058
22830,253796,109584,dressing_room ,0.99037594
22831,253796,109584,museum/indoor ,0.0032217407
22832,253796,109584,clothing_store ,0.0012010967
22833,253796,109584,beauty_salon ,0.00090615475
22834,253796,109584,stage/indoor ,0.0007958672
22835,253796,109608,dressing_room ,0.9585049
22836,253796,109608,museum/indoor ,0.012923938
22837,253796,109608,clothing_store ,0.004676314
22838,253796,109608,locker_room ,0.0029716892
22839,253796,109608,stage/indoor ,0.0024816336
22840,253796,109632,dressing_room ,0.9700722
22841,253796,109632,museum/indoor ,0.006511557
22842,253796,109632,stage/indoor ,0.00429579
22843,253796,109632,clothing_store ,0.0041711344
22844,253796,109632,locker_room ,0.0018282896
22845,253796,109656,dressing_room ,0.88517284
22846,253796,109656,museum/indoor ,0.037025847
22847,253796,109656,clean_room ,0.015921945
22848,253796,109656,stage/indoor ,0.008635467
22849,253796,109656,locker_room ,0.008333657
22850,253796,109680,dressing_room ,0.92383933
22851,253796,109680,clean_room ,0.03858596
22852,253796,109680,museum/indoor ,0.0058198893
22853,253796,109680,locker_room ,0.00561481
22854,253796,109680,clothing_store ,0.003948121
22855,253796,109704,dressing_room ,0.8964451
22856,253796,109704,clean_room ,0.056336924
22857,253796,109704,clothing_store ,0.008460654
22858,253796,109704,locker_room ,0.0059202146
22859,253796,109704,museum/indoor ,0.0043677054
22860,253796,109728,dressing_room ,0.9000605
22861,253796,109728,clean_room ,0.040541425
22862,253796,109728,clothing_store ,0.012454852
22863,253796,109728,museum/indoor ,0.008901285
22864,253796,109728,locker_room ,0.0032967567
22865,253796,109752,dressing_room ,0.8923149
22866,253796,109752,clean_room ,0.06357779
22867,253796,109752,clothing_store ,0.0061569754
22868,253796,109752,operating_room ,0.0044159037
22869,253796,109752,museum/indoor ,0.004299573
22870,253796,109776,dressing_room ,0.79904467
22871,253796,109776,clean_room ,0.12790628
22872,253796,109776,clothing_store ,0.013556257
22873,253796,109776,operating_room ,0.0093772765
22874,253796,109776,museum/indoor ,0.007420598
22875,253796,109800,dressing_room ,0.98584694
22876,253796,109800,clean_room ,0.0071731047
22877,253796,109800,clothing_store ,0.0020547665
22878,253796,109800,locker_room ,0.00112115
22879,253796,109800,museum/indoor ,0.00053664646
22880,253796,109824,dressing_room ,0.9824461
22881,253796,109824,clothing_store ,0.00798298
22882,253796,109824,clean_room ,0.0039051992
22883,253796,109824,beauty_salon ,0.0010859694
22884,253796,109824,locker_room ,0.00063620164
22885,253796,109848,dressing_room ,0.9970592
22886,253796,109848,clothing_store ,0.0011436742
22887,253796,109848,clean_room ,0.000525991
22888,253796,109848,beauty_salon ,0.00014865774
22889,253796,109848,music_studio ,0.00013498214
22890,253796,109872,dressing_room ,0.9955695
22891,253796,109872,clothing_store ,0.0011579527
22892,253796,109872,ballroom ,0.0005187795
22893,253796,109872,music_studio ,0.00036436424
22894,253796,109872,stage/indoor ,0.00035618216
22895,253796,109896,dressing_room ,0.9966903
22896,253796,109896,clothing_store ,0.0008501448
22897,253796,109896,beauty_salon ,0.00044686833
22898,253796,109896,ballroom ,0.00034533415
22899,253796,109896,stage/indoor ,0.00022927842
22900,253796,109920,dressing_room ,0.99853444
22901,253796,109920,clothing_store ,0.00035310784
22902,253796,109920,ballroom ,0.00018291236
22903,253796,109920,beauty_salon ,0.00013361458
22904,253796,109920,music_studio ,0.00011645293
22905,253796,109944,dressing_room ,0.99676275
22906,253796,109944,clothing_store ,0.0010123064
22907,253796,109944,ballroom ,0.00033709084
22908,253796,109944,stage/indoor ,0.00033049047
22909,253796,109944,beauty_salon ,0.00031454107
22910,253796,109968,dressing_room ,0.9980926
22911,253796,109968,clothing_store ,0.0006508349
22912,253796,109968,beauty_salon ,0.00020866269
22913,253796,109968,ballroom ,0.00017490544
22914,253796,109968,stage/indoor ,0.00013633228
22915,253796,109992,dressing_room ,0.99489486
22916,253796,109992,clothing_store ,0.001716245
22917,253796,109992,ballroom ,0.0005407068
22918,253796,109992,beauty_salon ,0.00046504522
22919,253796,109992,music_studio ,0.00043016416
22920,253796,110016,dressing_room ,0.9903623
22921,253796,110016,clothing_store ,0.0015847532
22922,253796,110016,ballroom ,0.0015738683
22923,253796,110016,music_studio ,0.0010244132
22924,253796,110016,stage/indoor ,0.0010140593
22925,253796,110040,dressing_room ,0.9934302
22926,253796,110040,clothing_store ,0.0014244452
22927,253796,110040,ballroom ,0.0011692831
22928,253796,110040,clean_room ,0.0005591966
22929,253796,110040,stage/indoor ,0.0005572354
22930,253796,110064,dressing_room ,0.993929
22931,253796,110064,clothing_store ,0.0017929024
22932,253796,110064,clean_room ,0.00066376687
22933,253796,110064,ballroom ,0.00048341491
22934,253796,110064,beauty_salon ,0.00036995808
22935,253796,110088,dressing_room ,0.9893939
22936,253796,110088,clean_room ,0.0017956292
22937,253796,110088,music_studio ,0.0014340271
22938,253796,110088,stage/indoor ,0.0013033827
22939,253796,110088,clothing_store ,0.0012044308
22940,253796,110112,dressing_room ,0.9868571
22941,253796,110112,clean_room ,0.002631221
22942,253796,110112,clothing_store ,0.0016394559
22943,253796,110112,stage/indoor ,0.00127908
22944,253796,110112,music_studio ,0.0012456264
22945,253796,110136,dressing_room ,0.9933902
22946,253796,110136,clothing_store ,0.0014332121
22947,253796,110136,clean_room ,0.00072341244
22948,253796,110136,locker_room ,0.00071586657
22949,253796,110136,ballroom ,0.00063608465
22950,253796,110160,dressing_room ,0.9355149
22951,253796,110160,stage/indoor ,0.01667524
22952,253796,110160,ballroom ,0.0074710255
22953,253796,110160,locker_room ,0.00678276
22954,253796,110160,clean_room ,0.005940373
22955,253796,110184,dressing_room ,0.48672464
22956,253796,110184,clean_room ,0.21886489
22957,253796,110184,clothing_store ,0.071164146
22958,253796,110184,museum/indoor ,0.062761545
22959,253796,110184,locker_room ,0.032699823
22960,253796,110208,dressing_room ,0.9388969
22961,253796,110208,clean_room ,0.019306773
22962,253796,110208,clothing_store ,0.01060795
22963,253796,110208,locker_room ,0.008836495
22964,253796,110208,closet ,0.0053716614
22965,253796,110232,dressing_room ,0.9250484
22966,253796,110232,clean_room ,0.04801127
22967,253796,110232,clothing_store ,0.009203555
22968,253796,110232,hospital_room ,0.0032618812
22969,253796,110232,operating_room ,0.0020570934
22970,253796,110256,dressing_room ,0.9965474
22971,253796,110256,clothing_store ,0.0006271132
22972,253796,110256,closet ,0.0004363325
22973,253796,110256,museum/indoor ,0.0003913685
22974,253796,110256,art_gallery ,0.00023309825
22975,253796,110280,dressing_room ,0.9658937
22976,253796,110280,clean_room ,0.008983196
22977,253796,110280,stage/indoor ,0.0056712255
22978,253796,110280,music_studio ,0.005310407
22979,253796,110280,beauty_salon ,0.002655749
22980,253796,110304,dressing_room ,0.83317363
22981,253796,110304,music_studio ,0.06990142
22982,253796,110304,stage/indoor ,0.031036261
22983,253796,110304,ballroom ,0.017827267
22984,253796,110304,beauty_salon ,0.008544135
22985,253796,110328,dressing_room ,0.6894654
22986,253796,110328,music_studio ,0.12389771
22987,253796,110328,stage/indoor ,0.07538362
22988,253796,110328,ballroom ,0.04173645
22989,253796,110328,television_studio ,0.011510332
22990,253796,110352,dressing_room ,0.78849816
22991,253796,110352,music_studio ,0.066615276
22992,253796,110352,stage/indoor ,0.04713268
22993,253796,110352,ballroom ,0.029901553
22994,253796,110352,clean_room ,0.012708766
22995,253796,110376,dressing_room ,0.666235
22996,253796,110376,music_studio ,0.11982668
22997,253796,110376,stage/indoor ,0.07268881
22998,253796,110376,ballroom ,0.037664488
22999,253796,110376,clean_room ,0.0219494
23000,253796,110400,dressing_room ,0.90633196
23001,253796,110400,music_studio ,0.023196232
23002,253796,110400,stage/indoor ,0.019796543
23003,253796,110400,ballroom ,0.013451464
23004,253796,110400,clean_room ,0.0066985115
23005,253796,110424,dressing_room ,0.76163095
23006,253796,110424,music_studio ,0.07208168
23007,253796,110424,stage/indoor ,0.05647675
23008,253796,110424,ballroom ,0.03224006
23009,253796,110424,clean_room ,0.015682789
23010,253796,110448,dressing_room ,0.8566047
23011,253796,110448,music_studio ,0.030057827
23012,253796,110448,stage/indoor ,0.02179568
23013,253796,110448,clean_room ,0.021728689
23014,253796,110448,ballroom ,0.018624352
23015,253796,110472,dressing_room ,0.8379338
23016,253796,110472,clean_room ,0.026406402
23017,253796,110472,clothing_store ,0.025036128
23018,253796,110472,stage/indoor ,0.023556529
23019,253796,110472,ballroom ,0.0232634
23020,253796,110496,dressing_room ,0.80668545
23021,253796,110496,stage/indoor ,0.04099332
23022,253796,110496,ballroom ,0.026500035
23023,253796,110496,clean_room ,0.025640689
23024,253796,110496,museum/indoor ,0.015028097
23025,253796,110520,dressing_room ,0.9672683
23026,253796,110520,stage/indoor ,0.005259894
23027,253796,110520,locker_room ,0.0040586707
23028,253796,110520,ballroom ,0.0032938246
23029,253796,110520,clean_room ,0.0028751339
23030,253796,110544,dressing_room ,0.8286749
23031,253796,110544,museum/indoor ,0.04311358
23032,253796,110544,clean_room ,0.017401231
23033,253796,110544,art_gallery ,0.017369265
23034,253796,110544,bow_window/indoor ,0.014735073
23035,253796,110568,dressing_room ,0.95860857
23036,253796,110568,clean_room ,0.015680771
23037,253796,110568,clothing_store ,0.008260106
23038,253796,110568,stage/indoor ,0.0020086668
23039,253796,110568,closet ,0.0018698048
23040,253796,110592,dressing_room ,0.9307271
23041,253796,110592,clean_room ,0.01942147
23042,253796,110592,nursery ,0.008386787
23043,253796,110592,clothing_store ,0.0077217547
23044,253796,110592,locker_room ,0.0050922846
23045,253796,110616,dressing_room ,0.5856961
23046,253796,110616,clean_room ,0.17692335
23047,253796,110616,locker_room ,0.08535041
23048,253796,110616,elevator/door ,0.019179929
23049,253796,110616,closet ,0.018639887
23050,253796,110640,jail_cell ,0.708495
23051,253796,110640,dressing_room ,0.028029816
23052,253796,110640,closet ,0.027473927
23053,253796,110640,stable ,0.025541639
23054,253796,110640,bow_window/indoor ,0.02041714
23055,253796,110664,clean_room ,0.5434518
23056,253796,110664,chemistry_lab ,0.07878878
23057,253796,110664,dressing_room ,0.07630188
23058,253796,110664,operating_room ,0.03113413
23059,253796,110664,biology_laboratory ,0.025863994
23060,253796,110688,dressing_room ,0.6451069
23061,253796,110688,museum/indoor ,0.115023635
23062,253796,110688,art_gallery ,0.08106264
23063,253796,110688,clothing_store ,0.025797632
23064,253796,110688,artists_loft ,0.018005906
23065,253796,110712,dressing_room ,0.7880588
23066,253796,110712,museum/indoor ,0.066066846
23067,253796,110712,art_gallery ,0.030154375
23068,253796,110712,clothing_store ,0.019940387
23069,253796,110712,stage/indoor ,0.015446387
23070,253796,110736,dressing_room ,0.5869204
23071,253796,110736,museum/indoor ,0.12226434
23072,253796,110736,art_gallery ,0.06266863
23073,253796,110736,clean_room ,0.047854207
23074,253796,110736,archive ,0.034627955
23075,253796,110760,dressing_room ,0.6448052
23076,253796,110760,museum/indoor ,0.10880767
23077,253796,110760,art_gallery ,0.05292177
23078,253796,110760,clean_room ,0.030237425
23079,253796,110760,stage/indoor ,0.02711029
23080,253796,110784,dressing_room ,0.77982926
23081,253796,110784,museum/indoor ,0.05604959
23082,253796,110784,art_gallery ,0.038554475
23083,253796,110784,beauty_salon ,0.010688073
23084,253796,110784,music_studio ,0.010539373
23085,253796,110808,dressing_room ,0.9033182
23086,253796,110808,museum/indoor ,0.029529989
23087,253796,110808,art_gallery ,0.013699613
23088,253796,110808,clean_room ,0.0052236337
23089,253796,110808,archive ,0.004699175
23090,253796,110832,dressing_room ,0.96595407
23091,253796,110832,museum/indoor ,0.0070805564
23092,253796,110832,clothing_store ,0.003350754
23093,253796,110832,beauty_salon ,0.0031311226
23094,253796,110832,art_gallery ,0.0030695568
23095,253796,110856,dressing_room ,0.8939963
23096,253796,110856,museum/indoor ,0.038334433
23097,253796,110856,art_gallery ,0.013140104
23098,253796,110856,stage/indoor ,0.0059749307
23099,253796,110856,beauty_salon ,0.005880655
23100,253796,110880,dressing_room ,0.8596786
23101,253796,110880,museum/indoor ,0.041379917
23102,253796,110880,art_gallery ,0.015576629
23103,253796,110880,stage/indoor ,0.010304746
23104,253796,110880,discotheque ,0.009243406
23105,253796,110904,dressing_room ,0.8696882
23106,253796,110904,discotheque ,0.017208137
23107,253796,110904,museum/indoor ,0.012669295
23108,253796,110904,art_gallery ,0.012108488
23109,253796,110904,music_studio ,0.009470484
23110,253796,110928,dressing_room ,0.9353917
23111,253796,110928,music_studio ,0.007982248
23112,253796,110928,beauty_salon ,0.005642616
23113,253796,110928,clean_room ,0.005016196
23114,253796,110928,archive ,0.0050132647
23115,253796,110952,dressing_room ,0.95319253
23116,253796,110952,office ,0.005308828
23117,253796,110952,music_studio ,0.004111733
23118,253796,110952,beauty_salon ,0.0038047442
23119,253796,110952,nursing_home ,0.0035801248
23120,253796,110976,dressing_room ,0.9615747
23121,253796,110976,museum/indoor ,0.006204202
23122,253796,110976,beauty_salon ,0.0061378763
23123,253796,110976,art_gallery ,0.0042036413
23124,253796,110976,discotheque ,0.0016226835
23125,253796,111000,dressing_room ,0.90785253
23126,253796,111000,museum/indoor ,0.013082392
23127,253796,111000,discotheque ,0.0078052846
23128,253796,111000,music_studio ,0.007155104
23129,253796,111000,nursing_home ,0.005666267
23130,253796,111024,dressing_room ,0.8945041
23131,253796,111024,music_studio ,0.012154886
23132,253796,111024,office ,0.01110592
23133,253796,111024,nursing_home ,0.009510193
23134,253796,111024,archive ,0.007886512
23135,253796,111048,dressing_room ,0.9690438
23136,253796,111048,museum/indoor ,0.003875988
23137,253796,111048,music_studio ,0.0038729215
23138,253796,111048,beauty_salon ,0.0033849587
23139,253796,111048,archive ,0.0023771499
23140,253796,111072,dressing_room ,0.9381774
23141,253796,111072,music_studio ,0.0056969523
23142,253796,111072,museum/indoor ,0.005406002
23143,253796,111072,beauty_salon ,0.005374736
23144,253796,111072,office ,0.004782633
23145,253796,111096,dressing_room ,0.9885771
23146,253796,111096,museum/indoor ,0.0032466708
23147,253796,111096,discotheque ,0.0019284068
23148,253796,111096,beauty_salon ,0.001463025
23149,253796,111096,stage/indoor ,0.00092109357
23150,253796,111120,dressing_room ,0.99488914
23151,253796,111120,beauty_salon ,0.0016762262
23152,253796,111120,museum/indoor ,0.0008318117
23153,253796,111120,clothing_store ,0.0006991056
23154,253796,111120,archive ,0.00029649516
23155,253796,111144,dressing_room ,0.8684542
23156,253796,111144,art_gallery ,0.030475188
23157,253796,111144,stage/indoor ,0.029802354
23158,253796,111144,museum/indoor ,0.013897062
23159,253796,111144,discotheque ,0.009855545
23160,253796,111168,dressing_room ,0.7876338
23161,253796,111168,museum/indoor ,0.06665498
23162,253796,111168,stage/indoor ,0.03767451
23163,253796,111168,art_gallery ,0.035476677
23164,253796,111168,beauty_salon ,0.0077256532
23165,253796,111192,dressing_room ,0.9168635
23166,253796,111192,museum/indoor ,0.020471016
23167,253796,111192,archive ,0.010342851
23168,253796,111192,clean_room ,0.007620808
23169,253796,111192,shower ,0.006181019
23170,253796,111216,dressing_room ,0.96525806
23171,253796,111216,music_studio ,0.009418966
23172,253796,111216,stage/indoor ,0.005305697
23173,253796,111216,discotheque ,0.0047310074
23174,253796,111216,museum/indoor ,0.0024137064
23175,253796,111240,dressing_room ,0.447236
23176,253796,111240,discotheque ,0.17829409
23177,253796,111240,stage/indoor ,0.07755026
23178,253796,111240,music_studio ,0.048298724
23179,253796,111240,museum/indoor ,0.03688835
23180,253796,111264,dressing_room ,0.47007602
23181,253796,111264,museum/indoor ,0.15173262
23182,253796,111264,archive ,0.08825343
23183,253796,111264,nursing_home ,0.05981866
23184,253796,111264,art_gallery ,0.035173822
23185,253796,111288,museum/indoor ,0.614305
23186,253796,111288,dressing_room ,0.16824093
23187,253796,111288,art_gallery ,0.07743937
23188,253796,111288,stage/indoor ,0.02736721
23189,253796,111288,archive ,0.022351233
23190,253796,111312,dressing_room ,0.386832
23191,253796,111312,museum/indoor ,0.3262927
23192,253796,111312,art_gallery ,0.06592592
23193,253796,111312,stage/indoor ,0.037276644
23194,253796,111312,archive ,0.03328141
23195,253796,111336,museum/indoor ,0.50860053
23196,253796,111336,dressing_room ,0.27126807
23197,253796,111336,art_gallery ,0.076695114
23198,253796,111336,stage/indoor ,0.025683891
23199,253796,111336,archive ,0.018968897
23200,253796,111360,dressing_room ,0.4295523
23201,253796,111360,museum/indoor ,0.34106448
23202,253796,111360,art_gallery ,0.07206381
23203,253796,111360,archive ,0.030082176
23204,253796,111360,locker_room ,0.024282264
23205,253796,111384,museum/indoor ,0.42434594
23206,253796,111384,dressing_room ,0.2888169
23207,253796,111384,art_gallery ,0.09000481
23208,253796,111384,discotheque ,0.03522626
23209,253796,111384,stage/indoor ,0.033505403
23210,253796,111408,museum/indoor ,0.63361573
23211,253796,111408,dressing_room ,0.16894719
23212,253796,111408,art_gallery ,0.06904993
23213,253796,111408,archive ,0.023632398
23214,253796,111408,stage/indoor ,0.016083699
23215,253796,111432,museum/indoor ,0.5492386
23216,253796,111432,dressing_room ,0.315582
23217,253796,111432,art_gallery ,0.06073377
23218,253796,111432,stage/indoor ,0.010062775
23219,253796,111432,archive ,0.008878639
23220,253796,111456,museum/indoor ,0.6470679
23221,253796,111456,dressing_room ,0.14886706
23222,253796,111456,art_gallery ,0.07524585
23223,253796,111456,stage/indoor ,0.023282018
23224,253796,111456,discotheque ,0.0153442025
23225,253796,111480,museum/indoor ,0.5092591
23226,253796,111480,dressing_room ,0.23270507
23227,253796,111480,art_gallery ,0.09741447
23228,253796,111480,stage/indoor ,0.04055854
23229,253796,111480,discotheque ,0.029812705
23230,253796,111504,dressing_room ,0.32961226
23231,253796,111504,museum/indoor ,0.3293775
23232,253796,111504,art_gallery ,0.08089768
23233,253796,111504,discotheque ,0.07193179
23234,253796,111504,stage/indoor ,0.05517269
23235,253796,111528,dressing_room ,0.61525077
23236,253796,111528,museum/indoor ,0.17612208
23237,253796,111528,art_gallery ,0.04158466
23238,253796,111528,discotheque ,0.040332146
23239,253796,111528,stage/indoor ,0.032983877
23240,253796,111552,dressing_room ,0.47714347
23241,253796,111552,museum/indoor ,0.4004077
23242,253796,111552,art_gallery ,0.046668354
23243,253796,111552,stage/indoor ,0.017985495
23244,253796,111552,discotheque ,0.007465918
23245,253796,111576,museum/indoor ,0.5977355
23246,253796,111576,dressing_room ,0.28115937
23247,253796,111576,art_gallery ,0.04252546
23248,253796,111576,stage/indoor ,0.01812925
23249,253796,111576,music_studio ,0.010291406
23250,253796,111600,dressing_room ,0.5222596
23251,253796,111600,museum/indoor ,0.3747047
23252,253796,111600,art_gallery ,0.034807228
23253,253796,111600,clothing_store ,0.016830472
23254,253796,111600,stage/indoor ,0.01018995
23255,253796,111624,museum/indoor ,0.4485804
23256,253796,111624,dressing_room ,0.36523312
23257,253796,111624,stage/indoor ,0.06913291
23258,253796,111624,art_gallery ,0.032705877
23259,253796,111624,music_studio ,0.021598862
23260,253796,111648,museum/indoor ,0.32851365
23261,253796,111648,stage/indoor ,0.22230084
23262,253796,111648,dressing_room ,0.17016962
23263,253796,111648,discotheque ,0.07076334
23264,253796,111648,music_studio ,0.044259302
23265,253796,111672,dressing_room ,0.61307067
23266,253796,111672,archive ,0.054371353
23267,253796,111672,office ,0.040431187
23268,253796,111672,clean_room ,0.03353171
23269,253796,111672,museum/indoor ,0.030110074
23270,253796,111696,dressing_room ,0.5231818
23271,253796,111696,archive ,0.07375587
23272,253796,111696,office_cubicles ,0.07186978
23273,253796,111696,office ,0.06312658
23274,253796,111696,clean_room ,0.05462176
23275,253796,111720,dressing_room ,0.8240218
23276,253796,111720,clean_room ,0.07851911
23277,253796,111720,beauty_salon ,0.013935948
23278,253796,111720,art_gallery ,0.013041543
23279,253796,111720,museum/indoor ,0.012377183
23280,253796,111744,dressing_room ,0.4051812
23281,253796,111744,clean_room ,0.34431452
23282,253796,111744,beauty_salon ,0.042847216
23283,253796,111744,chemistry_lab ,0.026038313
23284,253796,111744,museum/indoor ,0.019119054
23285,253796,111768,dressing_room ,0.45846805
23286,253796,111768,clean_room ,0.21686465
23287,253796,111768,art_gallery ,0.09596778
23288,253796,111768,museum/indoor ,0.064813785
23289,253796,111768,art_studio ,0.03454662
23290,253796,111792,dressing_room ,0.61054444
23291,253796,111792,clean_room ,0.19164422
23292,253796,111792,art_gallery ,0.030773839
23293,253796,111792,museum/indoor ,0.021047968
23294,253796,111792,beauty_salon ,0.020478362
23295,253796,111816,dressing_room ,0.6819988
23296,253796,111816,clean_room ,0.10310408
23297,253796,111816,beauty_salon ,0.031638294
23298,253796,111816,museum/indoor ,0.024989957
23299,253796,111816,art_gallery ,0.024729194
23300,253796,111840,dressing_room ,0.59198254
23301,253796,111840,clean_room ,0.13125286
23302,253796,111840,beauty_salon ,0.05477766
23303,253796,111840,art_gallery ,0.03678938
23304,253796,111840,museum/indoor ,0.026132274
23305,253796,111864,dressing_room ,0.47890165
23306,253796,111864,clean_room ,0.2009014
23307,253796,111864,beauty_salon ,0.050778154
23308,253796,111864,museum/indoor ,0.049357165
23309,253796,111864,art_gallery ,0.04519064
23310,253796,111888,dressing_room ,0.6320759
23311,253796,111888,clean_room ,0.18295959
23312,253796,111888,beauty_salon ,0.039214477
23313,253796,111888,art_gallery ,0.02623249
23314,253796,111888,physics_laboratory ,0.013824066
23315,253796,111912,dressing_room ,0.8615135
23316,253796,111912,clean_room ,0.041492887
23317,253796,111912,archive ,0.012719091
23318,253796,111912,physics_laboratory ,0.011731889
23319,253796,111912,beauty_salon ,0.0090958215
23320,253796,111936,dressing_room ,0.5045433
23321,253796,111936,museum/indoor ,0.17957513
23322,253796,111936,art_gallery ,0.13923456
23323,253796,111936,clean_room ,0.021622246
23324,253796,111936,art_studio ,0.021411834
23325,253796,111960,dressing_room ,0.99397945
23326,253796,111960,clothing_store ,0.0010873042
23327,253796,111960,beauty_salon ,0.0010662524
23328,253796,111960,museum/indoor ,0.00059833075
23329,253796,111960,art_gallery ,0.00047715692
23330,253796,111984,dressing_room ,0.9713634
23331,253796,111984,office ,0.0057802033
23332,253796,111984,beauty_salon ,0.002799963
23333,253796,111984,home_office ,0.0026294466
23334,253796,111984,archive ,0.0025071173
23335,253796,112008,dressing_room ,0.50129724
23336,253796,112008,museum/indoor ,0.2265157
23337,253796,112008,art_gallery ,0.13005878
23338,253796,112008,beauty_salon ,0.032341268
23339,253796,112008,shower ,0.015778463
23340,253796,112032,museum/indoor ,0.39783686
23341,253796,112032,dressing_room ,0.19223957
23342,253796,112032,art_gallery ,0.16161786
23343,253796,112032,natural_history_museum ,0.057598326
23344,253796,112032,stage/indoor ,0.02901257
23345,253796,112056,museum/indoor ,0.41335043
23346,253796,112056,dressing_room ,0.34797606
23347,253796,112056,art_gallery ,0.1081726
23348,253796,112056,natural_history_museum ,0.030690173
23349,253796,112056,clean_room ,0.016119292
23350,253796,112080,dressing_room ,0.4945453
23351,253796,112080,museum/indoor ,0.22198641
23352,253796,112080,art_gallery ,0.062288724
23353,253796,112080,stage/indoor ,0.05454396
23354,253796,112080,archive ,0.027634706
23355,253796,112104,clean_room ,0.2755589
23356,253796,112104,archive ,0.15292834
23357,253796,112104,museum/indoor ,0.12505472
23358,253796,112104,dressing_room ,0.061495904
23359,253796,112104,locker_room ,0.033358753
23360,253796,112128,stage/indoor ,0.38814738
23361,253796,112128,archive ,0.07084596
23362,253796,112128,discotheque ,0.06916569
23363,253796,112128,music_studio ,0.059256766
23364,253796,112128,auditorium ,0.032623176
23365,253796,112152,stage/indoor ,0.18746448
23366,253796,112152,archive ,0.1437203
23367,253796,112152,clean_room ,0.10880262
23368,253796,112152,locker_room ,0.051229704
23369,253796,112152,discotheque ,0.05107063
23370,253796,112176,museum/indoor ,0.20285086
23371,253796,112176,archive ,0.17343377
23372,253796,112176,stage/indoor ,0.101411745
23373,253796,112176,clean_room ,0.085853554
23374,253796,112176,locker_room ,0.06232823
23375,253796,112200,museum/indoor ,0.1937136
23376,253796,112200,clean_room ,0.16686548
23377,253796,112200,stage/indoor ,0.08916279
23378,253796,112200,music_studio ,0.051751036
23379,253796,112200,archive ,0.048709925
23380,253796,112224,clean_room ,0.39009392
23381,253796,112224,music_studio ,0.08213954
23382,253796,112224,elevator/door ,0.061344318
23383,253796,112224,dressing_room ,0.050818026
23384,253796,112224,museum/indoor ,0.037339516
23385,253796,112248,clean_room ,0.6045513
23386,253796,112248,museum/indoor ,0.14095388
23387,253796,112248,shower ,0.058310244
23388,253796,112248,science_museum ,0.026152693
23389,253796,112248,nursery ,0.018694194
23390,253796,112272,clean_room ,0.36041242
23391,253796,112272,dressing_room ,0.22430116
23392,253796,112272,shower ,0.15157579
23393,253796,112272,museum/indoor ,0.03289167
23394,253796,112272,bathroom ,0.030350015
23395,253796,112296,music_studio ,0.36313805
23396,253796,112296,museum/indoor ,0.24381632
23397,253796,112296,dressing_room ,0.10243776
23398,253796,112296,discotheque ,0.06462942
23399,253796,112296,clean_room ,0.04109436
23400,253796,112320,music_studio ,0.31521913
23401,253796,112320,stage/indoor ,0.23035944
23402,253796,112320,museum/indoor ,0.2140576
23403,253796,112320,dressing_room ,0.10468721
23404,253796,112320,discotheque ,0.044125408
23405,253796,112344,music_studio ,0.34096134
23406,253796,112344,stage/indoor ,0.3319661
23407,253796,112344,discotheque ,0.15722491
23408,253796,112344,dressing_room ,0.08823422
23409,253796,112344,museum/indoor ,0.03161243
23410,253796,112368,music_studio ,0.83310324
23411,253796,112368,stage/indoor ,0.073880926
23412,253796,112368,dressing_room ,0.020818297
23413,253796,112368,museum/indoor ,0.020325394
23414,253796,112368,discotheque ,0.018397471
23415,253796,112392,music_studio ,0.42882353
23416,253796,112392,museum/indoor ,0.28388602
23417,253796,112392,stage/indoor ,0.05228182
23418,253796,112392,dressing_room ,0.046768054
23419,253796,112392,archive ,0.03960581
23420,253796,112416,music_studio ,0.3731171
23421,253796,112416,museum/indoor ,0.26330343
23422,253796,112416,locker_room ,0.08140767
23423,253796,112416,dressing_room ,0.063704126
23424,253796,112416,clean_room ,0.0565523
23425,253796,112440,music_studio ,0.45427915
23426,253796,112440,locker_room ,0.18147032
23427,253796,112440,dressing_room ,0.11040752
23428,253796,112440,stage/indoor ,0.08156701
23429,253796,112440,discotheque ,0.047191244
23430,253796,112464,music_studio ,0.35685205
23431,253796,112464,locker_room ,0.11225967
23432,253796,112464,stage/indoor ,0.111582324
23433,253796,112464,museum/indoor ,0.09833217
23434,253796,112464,dressing_room ,0.098075554
23435,253796,112488,music_studio ,0.55787575
23436,253796,112488,stage/indoor ,0.105554745
23437,253796,112488,locker_room ,0.075399965
23438,253796,112488,archive ,0.05788034
23439,253796,112488,dressing_room ,0.057229802
23440,253796,112512,music_studio ,0.64023453
23441,253796,112512,locker_room ,0.07711063
23442,253796,112512,dressing_room ,0.07634
23443,253796,112512,stage/indoor ,0.067438915
23444,253796,112512,archive ,0.046873555
23445,253796,112536,music_studio ,0.7824501
23446,253796,112536,archive ,0.049576834
23447,253796,112536,locker_room ,0.04076442
23448,253796,112536,dressing_room ,0.036481697
23449,253796,112536,stage/indoor ,0.025592599
23450,253796,112560,music_studio ,0.38801786
23451,253796,112560,museum/indoor ,0.27805647
23452,253796,112560,physics_laboratory ,0.107456416
23453,253796,112560,clean_room ,0.049426723
23454,253796,112560,archive ,0.045020368
23455,253796,112584,shower ,0.69920295
23456,253796,112584,clean_room ,0.17990409
23457,253796,112584,elevator/door ,0.030414628
23458,253796,112584,bathroom ,0.01948516
23459,253796,112584,locker_room ,0.013589037
23460,253796,112608,bow_window/indoor ,0.83072907
23461,253796,112608,entrance_hall ,0.022124281
23462,253796,112608,shower ,0.02188532
23463,253796,112608,alcove ,0.01885628
23464,253796,112608,elevator/door ,0.016327973
23465,253796,112632,bow_window/indoor ,0.8297467
23466,253796,112632,entrance_hall ,0.031059718
23467,253796,112632,alcove ,0.020682974
23468,253796,112632,elevator/door ,0.014162346
23469,253796,112632,shower ,0.01152122
23470,253796,112656,bow_window/indoor ,0.7437762
23471,253796,112656,entrance_hall ,0.038024724
23472,253796,112656,alcove ,0.027356649
23473,253796,112656,shower ,0.023206607
23474,253796,112656,elevator/door ,0.023180902
23475,253796,112680,bow_window/indoor ,0.9105229
23476,253796,112680,shower ,0.025163751
23477,253796,112680,clean_room ,0.00917424
23478,253796,112680,alcove ,0.00733428
23479,253796,112680,bathroom ,0.0054712547
23480,253796,112704,bow_window/indoor ,0.29093364
23481,253796,112704,natural_history_museum ,0.20967658
23482,253796,112704,clean_room ,0.15768747
23483,253796,112704,science_museum ,0.048601348
23484,253796,112704,museum/indoor ,0.038407102
23485,253796,112728,bow_window/indoor ,0.19600786
23486,253796,112728,clean_room ,0.16788954
23487,253796,112728,entrance_hall ,0.07883358
23488,253796,112728,bank_vault ,0.04796641
23489,253796,112728,museum/indoor ,0.04752745
23490,253796,112752,bow_window/indoor ,0.3072305
23491,253796,112752,entrance_hall ,0.0662504
23492,253796,112752,clean_room ,0.06590315
23493,253796,112752,corridor ,0.052448552
23494,253796,112752,closet ,0.051717963
23495,253796,112776,bow_window/indoor ,0.9289935
23496,253796,112776,barndoor ,0.03152482
23497,253796,112776,doorway/outdoor ,0.020433811
23498,253796,112776,elevator/door ,0.007942003
23499,253796,112776,jail_cell ,0.0036875426
23500,253796,112800,bow_window/indoor ,0.9520645
23501,253796,112800,barndoor ,0.021022635
23502,253796,112800,doorway/outdoor ,0.017991183
23503,253796,112800,elevator/door ,0.0025106089
23504,253796,112800,jail_cell ,0.0015319384
23505,253796,112824,bow_window/indoor ,0.9237086
23506,253796,112824,doorway/outdoor ,0.031113887
23507,253796,112824,barndoor ,0.021749021
23508,253796,112824,jail_cell ,0.007709833
23509,253796,112824,elevator/door ,0.0071794773
23510,253796,112848,bow_window/indoor ,0.8322834
23511,253796,112848,barndoor ,0.0603378
23512,253796,112848,doorway/outdoor ,0.032254267
23513,253796,112848,jail_cell ,0.02693976
23514,253796,112848,elevator/door ,0.014168043
23515,253796,112872,bow_window/indoor ,0.92758924
23516,253796,112872,doorway/outdoor ,0.018821867
23517,253796,112872,jail_cell ,0.014538435
23518,253796,112872,barndoor ,0.013454949
23519,253796,112872,elevator/door ,0.0111526195
23520,253796,112896,bow_window/indoor ,0.8454377
23521,253796,112896,doorway/outdoor ,0.08357725
23522,253796,112896,barndoor ,0.023403443
23523,253796,112896,jail_cell ,0.014503921
23524,253796,112896,elevator/door ,0.014380584
23525,253796,112920,bow_window/indoor ,0.89813143
23526,253796,112920,doorway/outdoor ,0.031026829
23527,253796,112920,jail_cell ,0.028689845
23528,253796,112920,barndoor ,0.016168663
23529,253796,112920,elevator/door ,0.012974699
23530,253796,112944,bow_window/indoor ,0.9710514
23531,253796,112944,jail_cell ,0.015373152
23532,253796,112944,barndoor ,0.0049090493
23533,253796,112944,doorway/outdoor ,0.004304734
23534,253796,112944,elevator/door ,0.001284059
23535,253796,112968,bow_window/indoor ,0.83973414
23536,253796,112968,jail_cell ,0.034821544
23537,253796,112968,shower ,0.025320461
23538,253796,112968,elevator/door ,0.021485364
23539,253796,112968,barndoor ,0.019906562
23540,253796,112992,bow_window/indoor ,0.38391048
23541,253796,112992,doorway/outdoor ,0.335475
23542,253796,112992,elevator/door ,0.11622567
23543,253796,112992,closet ,0.05227447
23544,253796,112992,barndoor ,0.051688764
23545,253796,113016,shower ,0.7615629
23546,253796,113016,bow_window/indoor ,0.06924199
23547,253796,113016,bathroom ,0.040162858
23548,253796,113016,closet ,0.03862623
23549,253796,113016,elevator/door ,0.014316057
23550,253796,113040,museum/indoor ,0.4144842
23551,253796,113040,art_gallery ,0.2387216
23552,253796,113040,bow_window/indoor ,0.23759414
23553,253796,113040,art_studio ,0.044905905
23554,253796,113040,art_school ,0.018558927
23555,253796,113064,bow_window/indoor ,0.9438422
23556,253796,113064,alcove ,0.03631841
23557,253796,113064,doorway/outdoor ,0.007902636
23558,253796,113064,elevator/door ,0.0018984035
23559,253796,113064,barndoor ,0.001540849
23560,253796,113088,bow_window/indoor ,0.74641985
23561,253796,113088,alcove ,0.11224538
23562,253796,113088,shower ,0.04540156
23563,253796,113088,museum/indoor ,0.01435719
23564,253796,113088,clean_room ,0.014294664
23565,253796,113112,bow_window/indoor ,0.8807349
23566,253796,113112,alcove ,0.028131528
23567,253796,113112,shower ,0.02730887
23568,253796,113112,doorway/outdoor ,0.01525859
23569,253796,113112,elevator/door ,0.013013531
23570,253796,113136,bow_window/indoor ,0.6986298
23571,253796,113136,entrance_hall ,0.082181156
23572,253796,113136,alcove ,0.035340622
23573,253796,113136,artists_loft ,0.033789165
23574,253796,113136,attic ,0.02414256
23575,253796,113160,bow_window/indoor ,0.62623763
23576,253796,113160,entrance_hall ,0.14395706
23577,253796,113160,artists_loft ,0.07257465
23578,253796,113160,alcove ,0.027964082
23579,253796,113160,attic ,0.025097305
23580,253796,113184,bow_window/indoor ,0.8546235
23581,253796,113184,entrance_hall ,0.0453587
23582,253796,113184,artists_loft ,0.04202895
23583,253796,113184,alcove ,0.013263227
23584,253796,113184,attic ,0.0112898005
23585,253796,113208,bow_window/indoor ,0.8304912
23586,253796,113208,entrance_hall ,0.06617727
23587,253796,113208,artists_loft ,0.03931507
23588,253796,113208,alcove ,0.016136888
23589,253796,113208,attic ,0.016093718
23590,253796,113232,bow_window/indoor ,0.5228143
23591,253796,113232,shower ,0.24426629
23592,253796,113232,alcove ,0.075149134
23593,253796,113232,closet ,0.02780416
23594,253796,113232,sauna ,0.013681915
23595,253796,113256,bow_window/indoor ,0.72489005
23596,253796,113256,doorway/outdoor ,0.10490475
23597,253796,113256,shower ,0.049789872
23598,253796,113256,elevator/door ,0.04788624
23599,253796,113256,barndoor ,0.01925917
23600,253796,113280,bow_window/indoor ,0.7817745
23601,253796,113280,doorway/outdoor ,0.11001078
23602,253796,113280,barndoor ,0.032290593
23603,253796,113280,elevator/door ,0.028266687
23604,253796,113280,alcove ,0.017582295
23605,253796,113304,bow_window/indoor ,0.9063425
23606,253796,113304,closet ,0.019872872
23607,253796,113304,alcove ,0.014290319
23608,253796,113304,elevator/door ,0.008899289
23609,253796,113304,jail_cell ,0.008271359
23610,253796,113328,bow_window/indoor ,0.96717536
23611,253796,113328,alcove ,0.010650928
23612,253796,113328,closet ,0.007827242
23613,253796,113328,doorway/outdoor ,0.004285716
23614,253796,113328,elevator/door ,0.002158313
23615,253796,113352,bow_window/indoor ,0.8818133
23616,253796,113352,entrance_hall ,0.02748762
23617,253796,113352,artists_loft ,0.024044853
23618,253796,113352,alcove ,0.011388528
23619,253796,113352,elevator/door ,0.0038978432
23620,253796,113376,bow_window/indoor ,0.6540717
23621,253796,113376,shower ,0.074253984
23622,253796,113376,elevator/door ,0.03843386
23623,253796,113376,alcove ,0.029342378
23624,253796,113376,bathroom ,0.01973376
23625,253796,113400,bow_window/indoor ,0.70847553
23626,253796,113400,artists_loft ,0.034331724
23627,253796,113400,alcove ,0.033875227
23628,253796,113400,entrance_hall ,0.016710514
23629,253796,113400,shower ,0.013551281
23630,253796,113424,bow_window/indoor ,0.26015675
23631,253796,113424,artists_loft ,0.25557914
23632,253796,113424,entrance_hall ,0.17765124
23633,253796,113424,attic ,0.038432896
23634,253796,113424,alcove ,0.027442751
23635,253796,113448,shower ,0.23996437
23636,253796,113448,jail_cell ,0.13607696
23637,253796,113448,clean_room ,0.077026375
23638,253796,113448,stable ,0.06071515
23639,253796,113448,kennel/outdoor ,0.058206942
23640,253796,113472,stable ,0.17125018
23641,253796,113472,shower ,0.11511407
23642,253796,113472,bow_window/indoor ,0.09414929
23643,253796,113472,kennel/outdoor ,0.08844808
23644,253796,113472,jail_cell ,0.06394744
23645,253796,113496,shower ,0.74257815
23646,253796,113496,bathroom ,0.070038795
23647,253796,113496,clean_room ,0.036068667
23648,253796,113496,jail_cell ,0.034406394
23649,253796,113496,locker_room ,0.009899152
23650,253796,113520,bow_window/indoor ,0.14584121
23651,253796,113520,art_gallery ,0.14365144
23652,253796,113520,museum/indoor ,0.12401368
23653,253796,113520,clean_room ,0.055118896
23654,253796,113520,shower ,0.04948694
23655,253796,113544,art_gallery ,0.2071394
23656,253796,113544,bow_window/indoor ,0.17852855
23657,253796,113544,museum/indoor ,0.11314811
23658,253796,113544,elevator/door ,0.045283373
23659,253796,113544,shower ,0.042920154
23660,253796,113568,art_gallery ,0.18662034
23661,253796,113568,museum/indoor ,0.16374281
23662,253796,113568,bow_window/indoor ,0.15175214
23663,253796,113568,elevator/door ,0.066978
23664,253796,113568,artists_loft ,0.049628
23665,253796,113592,museum/indoor ,0.24743013
23666,253796,113592,clean_room ,0.19172579
23667,253796,113592,art_gallery ,0.18974276
23668,253796,113592,art_studio ,0.040858414
23669,253796,113592,shower ,0.036997475
23670,253796,113616,museum/indoor ,0.5323018
23671,253796,113616,art_gallery ,0.2648165
23672,253796,113616,artists_loft ,0.070101395
23673,253796,113616,art_studio ,0.016392022
23674,253796,113616,clean_room ,0.016188385
23675,253796,113640,museum/indoor ,0.2235765
23676,253796,113640,martial_arts_gym ,0.2030179
23677,253796,113640,clean_room ,0.14814155
23678,253796,113640,archive ,0.05418103
23679,253796,113640,art_gallery ,0.041807547
23680,253796,113664,clean_room ,0.4457638
23681,253796,113664,museum/indoor ,0.22803436
23682,253796,113664,art_gallery ,0.116408445
23683,253796,113664,science_museum ,0.030856417
23684,253796,113664,elevator/door ,0.014995812
23685,253796,113688,shower ,0.32663023
23686,253796,113688,museum/indoor ,0.14906715
23687,253796,113688,bow_window/indoor ,0.1255218
23688,253796,113688,art_gallery ,0.07516257
23689,253796,113688,alcove ,0.054647684
23690,253796,113712,bow_window/indoor ,0.32723457
23691,253796,113712,artists_loft ,0.068805344
23692,253796,113712,art_gallery ,0.044695847
23693,253796,113712,alcove ,0.040470704
23694,253796,113712,clean_room ,0.030349351
23695,253796,113736,bow_window/indoor ,0.70079863
23696,253796,113736,alcove ,0.060763493
23697,253796,113736,shower ,0.0198983
23698,253796,113736,nursery ,0.014964505
23699,253796,113736,artists_loft ,0.013100016
23700,253796,113760,bow_window/indoor ,0.36295408
23701,253796,113760,doorway/outdoor ,0.067680955
23702,253796,113760,alcove ,0.049127664
23703,253796,113760,ticket_booth ,0.03246561
23704,253796,113760,phone_booth ,0.026891153
23705,253796,113784,ticket_booth ,0.19710335
23706,253796,113784,phone_booth ,0.15626791
23707,253796,113784,bow_window/indoor ,0.06848031
23708,253796,113784,basement ,0.053704824
23709,253796,113784,shed ,0.049870804
23710,253796,113808,bow_window/indoor ,0.106176145
23711,253796,113808,ticket_booth ,0.09312579
23712,253796,113808,archive ,0.07496878
23713,253796,113808,shed ,0.053986557
23714,253796,113808,phone_booth ,0.044850405
23715,253796,113832,bow_window/indoor ,0.12935187
23716,253796,113832,ticket_booth ,0.09457223
23717,253796,113832,shed ,0.055052973
23718,253796,113832,doorway/outdoor ,0.054356482
23719,253796,113832,archive ,0.054265223
23720,253796,113856,ticket_booth ,0.1122039
23721,253796,113856,bow_window/indoor ,0.10314384
23722,253796,113856,phone_booth ,0.098455556
23723,253796,113856,alcove ,0.0594776
23724,253796,113856,archive ,0.058806315
23725,253796,113880,bow_window/indoor ,0.24375723
23726,253796,113880,clean_room ,0.087346785
23727,253796,113880,sauna ,0.059930883
23728,253796,113880,alcove ,0.042838313
23729,253796,113880,locker_room ,0.03789546
23730,253796,113904,bow_window/indoor ,0.30130044
23731,253796,113904,alcove ,0.13925952
23732,253796,113904,doorway/outdoor ,0.073871255
23733,253796,113904,kennel/outdoor ,0.07221518
23734,253796,113904,sauna ,0.050046824
23735,253796,113928,bow_window/indoor ,0.37710315
23736,253796,113928,alcove ,0.120951526
23737,253796,113928,doorway/outdoor ,0.089303
23738,253796,113928,kennel/outdoor ,0.0665959
23739,253796,113928,greenhouse/outdoor ,0.054965228
23740,253796,113952,doorway/outdoor ,0.23267475
23741,253796,113952,kennel/outdoor ,0.19907212
23742,253796,113952,bow_window/indoor ,0.17988527
23743,253796,113952,greenhouse/outdoor ,0.09387597
23744,253796,113952,shed ,0.056167554
23745,253796,113976,bow_window/indoor ,0.37792554
23746,253796,113976,doorway/outdoor ,0.1537682
23747,253796,113976,greenhouse/outdoor ,0.09889141
23748,253796,113976,alcove ,0.06280174
23749,253796,113976,kennel/outdoor ,0.059622288
23750,253796,114000,bow_window/indoor ,0.4144389
23751,253796,114000,greenhouse/outdoor ,0.22474107
23752,253796,114000,doorway/outdoor ,0.06107473
23753,253796,114000,shower ,0.05624641
23754,253796,114000,kennel/outdoor ,0.032203447
23755,253796,114024,bow_window/indoor ,0.47466278
23756,253796,114024,greenhouse/outdoor ,0.15303311
23757,253796,114024,shower ,0.0947921
23758,253796,114024,doorway/outdoor ,0.07797084
23759,253796,114024,alcove ,0.027939014
23760,253796,114048,shower ,0.47638446
23761,253796,114048,staircase ,0.09921899
23762,253796,114048,attic ,0.043965198
23763,253796,114048,bathroom ,0.041642923
23764,253796,114048,locker_room ,0.031675268
23765,253796,114072,staircase ,0.27619526
23766,253796,114072,shower ,0.26800135
23767,253796,114072,attic ,0.037696443
23768,253796,114072,bathroom ,0.036836274
23769,253796,114072,locker_room ,0.032271948
23770,253796,114096,shower ,0.23323831
23771,253796,114096,staircase ,0.19727813
23772,253796,114096,barndoor ,0.09166091
23773,253796,114096,attic ,0.058560044
23774,253796,114096,bathroom ,0.02512708
23775,253796,114120,shower ,0.6860099
23776,253796,114120,bathroom ,0.04457721
23777,253796,114120,staircase ,0.018283322
23778,253796,114120,clothing_store ,0.015240811
23779,253796,114120,closet ,0.012262312
23780,253796,114144,shower ,0.35933244
23781,253796,114144,bathroom ,0.05903187
23782,253796,114144,escalator/indoor ,0.048363034
23783,253796,114144,staircase ,0.042592052
23784,253796,114144,dressing_room ,0.035060454
23785,253796,114168,staircase ,0.23849979
23786,253796,114168,shower ,0.18635595
23787,253796,114168,escalator/indoor ,0.08041902
23788,253796,114168,bathroom ,0.031529743
23789,253796,114168,clothing_store ,0.028518386
23790,253796,114192,staircase ,0.36244142
23791,253796,114192,escalator/indoor ,0.15932205
23792,253796,114192,shower ,0.1034819
23793,253796,114192,entrance_hall ,0.019045344
23794,253796,114192,bathroom ,0.01848242
23795,253796,114216,staircase ,0.44246304
23796,253796,114216,attic ,0.088843234
23797,253796,114216,escalator/indoor ,0.065456845
23798,253796,114216,shower ,0.06066052
23799,253796,114216,art_studio ,0.024443028
23800,253796,114240,shower ,0.14049478
23801,253796,114240,staircase ,0.09501236
23802,253796,114240,art_gallery ,0.08209951
23803,253796,114240,museum/indoor ,0.06733586
23804,253796,114240,attic ,0.052717056
23805,253796,114264,clean_room ,0.53167015
23806,253796,114264,dressing_room ,0.26166764
23807,253796,114264,art_gallery ,0.029177174
23808,253796,114264,museum/indoor ,0.021618104
23809,253796,114264,locker_room ,0.020318324
23810,253796,114288,clean_room ,0.321136
23811,253796,114288,shower ,0.0823848
23812,253796,114288,locker_room ,0.07359728
23813,253796,114288,bathroom ,0.055936996
23814,253796,114288,sauna ,0.047966428
23815,253796,114312,art_gallery ,0.23226063
23816,253796,114312,clean_room ,0.21865861
23817,253796,114312,museum/indoor ,0.09029385
23818,253796,114312,dressing_room ,0.05880942
23819,253796,114312,home_theater ,0.038557734
23820,253796,114336,clean_room ,0.5006325
23821,253796,114336,art_gallery ,0.22587517
23822,253796,114336,museum/indoor ,0.12773138
23823,253796,114336,art_studio ,0.018904569
23824,253796,114336,science_museum ,0.017022325
23825,253796,114360,art_gallery ,0.4249717
23826,253796,114360,museum/indoor ,0.2619296
23827,253796,114360,clean_room ,0.18241411
23828,253796,114360,dressing_room ,0.04595094
23829,253796,114360,art_studio ,0.015557676
23830,253796,114384,museum/indoor ,0.58344156
23831,253796,114384,childs_room ,0.1026763
23832,253796,114384,dorm_room ,0.039966375
23833,253796,114384,bow_window/indoor ,0.03299217
23834,253796,114384,archive ,0.023413733
23835,253796,114408,museum/indoor ,0.9449489
23836,253796,114408,archive ,0.009782734
23837,253796,114408,nursery ,0.008483313
23838,253796,114408,childs_room ,0.004573328
23839,253796,114408,bow_window/indoor ,0.0036604037
23840,253796,114432,museum/indoor ,0.86051893
23841,253796,114432,clean_room ,0.040067393
23842,253796,114432,nursery ,0.01888166
23843,253796,114432,archive ,0.017327396
23844,253796,114432,childs_room ,0.010983063
23845,253796,114456,museum/indoor ,0.84304696
23846,253796,114456,clean_room ,0.041894093
23847,253796,114456,archive ,0.02354043
23848,253796,114456,dressing_room ,0.013794629
23849,253796,114456,childs_room ,0.012554021
23850,253796,114480,museum/indoor ,0.9255428
23851,253796,114480,clean_room ,0.020049345
23852,253796,114480,archive ,0.01071953
23853,253796,114480,dressing_room ,0.006752868
23854,253796,114480,nursery ,0.006144084
23855,253796,114504,museum/indoor ,0.9723228
23856,253796,114504,clean_room ,0.010805323
23857,253796,114504,archive ,0.0031017398
23858,253796,114504,dressing_room ,0.0027881593
23859,253796,114504,nursery ,0.0015047978
23860,253796,114528,clean_room ,0.6502938
23861,253796,114528,museum/indoor ,0.14390701
23862,253796,114528,archive ,0.108112134
23863,253796,114528,art_gallery ,0.047581293
23864,253796,114528,dressing_room ,0.00975998
23865,253796,114552,clean_room ,0.38725802
23866,253796,114552,dressing_room ,0.20761327
23867,253796,114552,locker_room ,0.062806286
23868,253796,114552,sauna ,0.03967443
23869,253796,114552,clothing_store ,0.026933122
23870,253796,114576,clean_room ,0.32279745
23871,253796,114576,dressing_room ,0.21973775
23872,253796,114576,locker_room ,0.07446656
23873,253796,114576,nursery ,0.040101953
23874,253796,114576,dorm_room ,0.037105367
23875,253796,114600,dressing_room ,0.270147
23876,253796,114600,clean_room ,0.22452451
23877,253796,114600,nursery ,0.07886935
23878,253796,114600,locker_room ,0.054546505
23879,253796,114600,dorm_room ,0.046595246
23880,253796,114624,clean_room ,0.30365598
23881,253796,114624,dressing_room ,0.1709807
23882,253796,114624,dorm_room ,0.06745758
23883,253796,114624,locker_room ,0.05197136
23884,253796,114624,hospital_room ,0.03216216
23885,253796,114648,clean_room ,0.20582175
23886,253796,114648,classroom ,0.16600579
23887,253796,114648,locker_room ,0.088708244
23888,253796,114648,dressing_room ,0.08772067
23889,253796,114648,art_studio ,0.047677126
23890,253796,114672,clean_room ,0.2903254
23891,253796,114672,locker_room ,0.25065425
23892,253796,114672,dressing_room ,0.09941312
23893,253796,114672,hospital_room ,0.065630406
23894,253796,114672,archive ,0.03679724
23895,253796,114696,clean_room ,0.3834062
23896,253796,114696,archive ,0.14466515
23897,253796,114696,dressing_room ,0.084001765
23898,253796,114696,pharmacy ,0.043515608
23899,253796,114696,locker_room ,0.032394294
23900,253796,114720,clean_room ,0.9856967
23901,253796,114720,museum/indoor ,0.003245359
23902,253796,114720,dressing_room ,0.0015934726
23903,253796,114720,chemistry_lab ,0.0014467889
23904,253796,114720,operating_room ,0.0011343173
23905,253796,114744,museum/indoor ,0.38293695
23906,253796,114744,clean_room ,0.1557665
23907,253796,114744,dressing_room ,0.11449271
23908,253796,114744,locker_room ,0.10633441
23909,253796,114744,stage/indoor ,0.0658659
23910,253796,114768,museum/indoor ,0.5930546
23911,253796,114768,clean_room ,0.16902007
23912,253796,114768,stage/indoor ,0.099552415
23913,253796,114768,locker_room ,0.05324898
23914,253796,114768,physics_laboratory ,0.010546284
23915,253796,114792,museum/indoor ,0.2892911
23916,253796,114792,clean_room ,0.20416403
23917,253796,114792,locker_room ,0.20027453
23918,253796,114792,dressing_room ,0.124386854
23919,253796,114792,hospital_room ,0.021597173
23920,253796,114816,museum/indoor ,0.44984236
23921,253796,114816,clean_room ,0.15043795
23922,253796,114816,locker_room ,0.12469081
23923,253796,114816,dressing_room ,0.07569208
23924,253796,114816,hospital_room ,0.020683238
23925,253796,114840,museum/indoor ,0.34647673
23926,253796,114840,dressing_room ,0.178747
23927,253796,114840,clean_room ,0.1288868
23928,253796,114840,locker_room ,0.08254925
23929,253796,114840,hospital_room ,0.034579273
23930,253796,114864,museum/indoor ,0.35897738
23931,253796,114864,dressing_room ,0.16127351
23932,253796,114864,locker_room ,0.093231775
23933,253796,114864,clean_room ,0.050437022
23934,253796,114864,art_studio ,0.038797077
23935,253796,114888,museum/indoor ,0.22975662
23936,253796,114888,clean_room ,0.19303398
23937,253796,114888,dressing_room ,0.14769015
23938,253796,114888,locker_room ,0.13054122
23939,253796,114888,clothing_store ,0.045584813
23940,253796,114912,locker_room ,0.20616406
23941,253796,114912,clean_room ,0.16476429
23942,253796,114912,museum/indoor ,0.15932749
23943,253796,114912,dressing_room ,0.15441534
23944,253796,114912,hospital_room ,0.082389645
23945,253796,114936,museum/indoor ,0.35106948
23946,253796,114936,clean_room ,0.24941677
23947,253796,114936,dressing_room ,0.102019735
23948,253796,114936,locker_room ,0.09070803
23949,253796,114936,hospital_room ,0.029231371
23950,253796,114960,museum/indoor ,0.22790676
23951,253796,114960,dressing_room ,0.18173967
23952,253796,114960,clean_room ,0.14852871
23953,253796,114960,locker_room ,0.12739123
23954,253796,114960,hospital_room ,0.026738215
23955,253796,114984,museum/indoor ,0.534556
23956,253796,114984,dressing_room ,0.12708628
23957,253796,114984,clean_room ,0.054765362
23958,253796,114984,art_studio ,0.04272092
23959,253796,114984,art_gallery ,0.036050852
23960,253796,115008,museum/indoor ,0.9550231
23961,253796,115008,art_gallery ,0.02066317
23962,253796,115008,dressing_room ,0.004164749
23963,253796,115008,natural_history_museum ,0.0041380567
23964,253796,115008,science_museum ,0.0034758972
23965,253796,115032,museum/indoor ,0.91122746
23966,253796,115032,art_gallery ,0.020925198
23967,253796,115032,science_museum ,0.012756438
23968,253796,115032,dressing_room ,0.009623048
23969,253796,115032,shower ,0.008586811
23970,253796,115056,museum/indoor ,0.9231474
23971,253796,115056,art_gallery ,0.018942583
23972,253796,115056,dressing_room ,0.013472715
23973,253796,115056,science_museum ,0.006988813
23974,253796,115056,shower ,0.0060816957
23975,253796,115080,museum/indoor ,0.9234495
23976,253796,115080,art_gallery ,0.0228445
23977,253796,115080,dressing_room ,0.011861646
23978,253796,115080,shower ,0.0090335775
23979,253796,115080,science_museum ,0.004682872
23980,253796,115104,museum/indoor ,0.88023347
23981,253796,115104,art_gallery ,0.025503745
23982,253796,115104,clothing_store ,0.01756075
23983,253796,115104,dressing_room ,0.013888851
23984,253796,115104,art_studio ,0.008861217
23985,253796,115128,museum/indoor ,0.873325
23986,253796,115128,art_gallery ,0.031029454
23987,253796,115128,clothing_store ,0.022617785
23988,253796,115128,dressing_room ,0.019246498
23989,253796,115128,shower ,0.008864101
23990,253796,115152,museum/indoor ,0.9041319
23991,253796,115152,shower ,0.020215267
23992,253796,115152,art_gallery ,0.019013265
23993,253796,115152,dressing_room ,0.014826325
23994,253796,115152,art_studio ,0.005247611
23995,253796,115176,museum/indoor ,0.91547847
23996,253796,115176,dressing_room ,0.018583551
23997,253796,115176,art_gallery ,0.014444934
23998,253796,115176,shower ,0.012159184
23999,253796,115176,clothing_store ,0.0052915122
24000,253796,115200,museum/indoor ,0.6829889
24001,253796,115200,shower ,0.0758215
24002,253796,115200,dressing_room ,0.056904934
24003,253796,115200,clean_room ,0.025174446
24004,253796,115200,locker_room ,0.013754097
24005,253796,115224,museum/indoor ,0.79383016
24006,253796,115224,science_museum ,0.042359393
24007,253796,115224,natural_history_museum ,0.026664738
24008,253796,115224,shower ,0.023229057
24009,253796,115224,art_gallery ,0.020031402
24010,253796,115248,museum/indoor ,0.90901816
24011,253796,115248,science_museum ,0.017534537
24012,253796,115248,natural_history_museum ,0.014016123
24013,253796,115248,clean_room ,0.012641879
24014,253796,115248,shower ,0.00956807
24015,253796,115272,museum/indoor ,0.77803177
24016,253796,115272,science_museum ,0.040874634
24017,253796,115272,natural_history_museum ,0.033672314
24018,253796,115272,shower ,0.025130996
24019,253796,115272,clean_room ,0.020175077
24020,253796,115296,museum/indoor ,0.51248866
24021,253796,115296,clean_room ,0.08537044
24022,253796,115296,science_museum ,0.0710194
24023,253796,115296,shower ,0.053404298
24024,253796,115296,natural_history_museum ,0.027334226
24025,253796,115320,museum/indoor ,0.30161655
24026,253796,115320,clean_room ,0.23861174
24027,253796,115320,science_museum ,0.08855442
24028,253796,115320,locker_room ,0.04402244
24029,253796,115320,physics_laboratory ,0.029418288
24030,253796,115344,museum/indoor ,0.30997914
24031,253796,115344,clean_room ,0.26343212
24032,253796,115344,science_museum ,0.12690508
24033,253796,115344,natural_history_museum ,0.060744926
24034,253796,115344,physics_laboratory ,0.022817552
24035,253796,115368,museum/indoor ,0.3214147
24036,253796,115368,clean_room ,0.21098018
24037,253796,115368,science_museum ,0.10155381
24038,253796,115368,natural_history_museum ,0.08715691
24039,253796,115368,engine_room ,0.03928537
24040,253796,115392,museum/indoor ,0.20971294
24041,253796,115392,clean_room ,0.14791194
24042,253796,115392,science_museum ,0.14265199
24043,253796,115392,natural_history_museum ,0.11714681
24044,253796,115392,ticket_booth ,0.06114958
24045,253796,115416,museum/indoor ,0.32827437
24046,253796,115416,clean_room ,0.09482745
24047,253796,115416,science_museum ,0.08733082
24048,253796,115416,natural_history_museum ,0.08702366
24049,253796,115416,ticket_booth ,0.043156255
24050,253796,115440,museum/indoor ,0.3380953
24051,253796,115440,clean_room ,0.11133353
24052,253796,115440,natural_history_museum ,0.07427989
24053,253796,115440,ticket_booth ,0.056580067
24054,253796,115440,science_museum ,0.051688414
24055,253796,115464,museum/indoor ,0.23523824
24056,253796,115464,ticket_booth ,0.12170061
24057,253796,115464,shopfront ,0.086591244
24058,253796,115464,clean_room ,0.077915356
24059,253796,115464,elevator/door ,0.045818035
24060,253796,115488,museum/indoor ,0.33458707
24061,253796,115488,clean_room ,0.10569885
24062,253796,115488,ticket_booth ,0.07759769
24063,253796,115488,natural_history_museum ,0.05358864
24064,253796,115488,shopfront ,0.051451884
24065,253796,115512,museum/indoor ,0.3010721
24066,253796,115512,ticket_booth ,0.08336533
24067,253796,115512,clean_room ,0.0698643
24068,253796,115512,elevator/door ,0.06851271
24069,253796,115512,natural_history_museum ,0.058246356
24070,253796,115536,museum/indoor ,0.2893902
24071,253796,115536,ticket_booth ,0.11601159
24072,253796,115536,clean_room ,0.084452756
24073,253796,115536,science_museum ,0.062079947
24074,253796,115536,natural_history_museum ,0.060966656
24075,253796,115560,museum/indoor ,0.43249214
24076,253796,115560,clean_room ,0.07760856
24077,253796,115560,ticket_booth ,0.07537262
24078,253796,115560,natural_history_museum ,0.055259377
24079,253796,115560,science_museum ,0.04591915
24080,253796,115584,museum/indoor ,0.5262226
24081,253796,115584,clean_room ,0.063062064
24082,253796,115584,ticket_booth ,0.060485963
24083,253796,115584,natural_history_museum ,0.058216345
24084,253796,115584,science_museum ,0.05416433
24085,253796,115608,museum/indoor ,0.3515493
24086,253796,115608,ticket_booth ,0.13175657
24087,253796,115608,science_museum ,0.09076935
24088,253796,115608,natural_history_museum ,0.06905055
24089,253796,115608,booth/indoor ,0.048703466
24090,253796,115632,ticket_booth ,0.38529614
24091,253796,115632,museum/indoor ,0.15733714
24092,253796,115632,shopfront ,0.09467827
24093,253796,115632,natural_history_museum ,0.04880068
24094,253796,115632,clean_room ,0.04457964
24095,253796,115656,clean_room ,0.5889885
24096,253796,115656,chemistry_lab ,0.23071256
24097,253796,115656,biology_laboratory ,0.0495765
24098,253796,115656,operating_room ,0.029397203
24099,253796,115656,hospital_room ,0.019341864
24100,253796,115680,clean_room ,0.41076988
24101,253796,115680,chemistry_lab ,0.09019881
24102,253796,115680,coffee_shop ,0.061425302
24103,253796,115680,operating_room ,0.06116319
24104,253796,115680,bar ,0.051278874
24105,253796,115704,clean_room ,0.41525167
24106,253796,115704,operating_room ,0.20246668
24107,253796,115704,hospital_room ,0.11397237
24108,253796,115704,chemistry_lab ,0.03735733
24109,253796,115704,music_studio ,0.024604348
24110,253796,115728,clean_room ,0.5801368
24111,253796,115728,operating_room ,0.18466507
24112,253796,115728,hospital_room ,0.08434796
24113,253796,115728,chemistry_lab ,0.03643095
24114,253796,115728,music_studio ,0.017390156
24115,253796,115752,clean_room ,0.59997314
24116,253796,115752,operating_room ,0.18961254
24117,253796,115752,hospital_room ,0.041260235
24118,253796,115752,chemistry_lab ,0.038927767
24119,253796,115752,music_studio ,0.022166057
24120,253796,115776,clean_room ,0.64481425
24121,253796,115776,operating_room ,0.17320813
24122,253796,115776,hospital_room ,0.04913642
24123,253796,115776,music_studio ,0.01507571
24124,253796,115776,chemistry_lab ,0.013214979
24125,253796,115800,clean_room ,0.31006283
24126,253796,115800,pharmacy ,0.19561385
24127,253796,115800,ticket_booth ,0.17115131
24128,253796,115800,operating_room ,0.037578207
24129,253796,115800,chemistry_lab ,0.032880235
24130,253796,115824,clean_room ,0.33217698
24131,253796,115824,hospital_room ,0.13505287
24132,253796,115824,operating_room ,0.12891924
24133,253796,115824,ticket_booth ,0.054138508
24134,253796,115824,pharmacy ,0.049637612
24135,253796,115848,clean_room ,0.28801695
24136,253796,115848,ticket_booth ,0.15715012
24137,253796,115848,bank_vault ,0.08002031
24138,253796,115848,operating_room ,0.0597048
24139,253796,115848,hospital_room ,0.050525416
24140,253796,115872,ticket_booth ,0.44793457
24141,253796,115872,clean_room ,0.282808
24142,253796,115872,hospital_room ,0.0639813
24143,253796,115872,operating_room ,0.044509873
24144,253796,115872,butchers_shop ,0.011251992
24145,253796,115896,ticket_booth ,0.47377452
24146,253796,115896,clean_room ,0.1789097
24147,253796,115896,hospital_room ,0.038242042
24148,253796,115896,butchers_shop ,0.03190423
24149,253796,115896,shopfront ,0.030722277
24150,253796,115920,clean_room ,0.5099815
24151,253796,115920,museum/indoor ,0.12744322
24152,253796,115920,butchers_shop ,0.11857621
24153,253796,115920,chemistry_lab ,0.041733313
24154,253796,115920,dressing_room ,0.026724366
24155,253796,115944,museum/indoor ,0.44239932
24156,253796,115944,clean_room ,0.3847978
24157,253796,115944,chemistry_lab ,0.027609274
24158,253796,115944,art_gallery ,0.018029597
24159,253796,115944,physics_laboratory ,0.016826473
24160,253796,115968,museum/indoor ,0.626864
24161,253796,115968,clean_room ,0.21552376
24162,253796,115968,chemistry_lab ,0.025774125
24163,253796,115968,physics_laboratory ,0.02151546
24164,253796,115968,art_gallery ,0.017501475
24165,253796,115992,museum/indoor ,0.52393395
24166,253796,115992,clean_room ,0.29360643
24167,253796,115992,chemistry_lab ,0.030549476
24168,253796,115992,butchers_shop ,0.022278182
24169,253796,115992,archive ,0.017777445
24170,253796,116016,museum/indoor ,0.60652936
24171,253796,116016,clean_room ,0.2851005
24172,253796,116016,chemistry_lab ,0.025361339
24173,253796,116016,physics_laboratory ,0.013982267
24174,253796,116016,archive ,0.010156757
24175,253796,116040,museum/indoor ,0.49991852
24176,253796,116040,clean_room ,0.3332854
24177,253796,116040,chemistry_lab ,0.031679306
24178,253796,116040,physics_laboratory ,0.012770395
24179,253796,116040,archive ,0.010966561
24180,253796,116064,clean_room ,0.5468642
24181,253796,116064,museum/indoor ,0.29264134
24182,253796,116064,chemistry_lab ,0.040992647
24183,253796,116064,physics_laboratory ,0.019953294
24184,253796,116064,operating_room ,0.011977589
24185,253796,116088,museum/indoor ,0.47345
24186,253796,116088,clean_room ,0.40168267
24187,253796,116088,chemistry_lab ,0.023624213
24188,253796,116088,physics_laboratory ,0.014946813
24189,253796,116088,operating_room ,0.010023109
24190,253796,116112,museum/indoor ,0.5911888
24191,253796,116112,clean_room ,0.24758312
24192,253796,116112,chemistry_lab ,0.037162535
24193,253796,116112,physics_laboratory ,0.016378367
24194,253796,116112,archive ,0.010890411
24195,253796,116136,museum/indoor ,0.640964
24196,253796,116136,clean_room ,0.12552713
24197,253796,116136,chemistry_lab ,0.050864507
24198,253796,116136,bar ,0.012732533
24199,253796,116136,physics_laboratory ,0.012662332
24200,253796,116160,museum/indoor ,0.6992488
24201,253796,116160,clean_room ,0.19700904
24202,253796,116160,chemistry_lab ,0.023999032
24203,253796,116160,physics_laboratory ,0.01416267
24204,253796,116160,art_gallery ,0.0110546565
24205,253796,116184,clean_room ,0.46270692
24206,253796,116184,museum/indoor ,0.46024808
24207,253796,116184,chemistry_lab ,0.014554395
24208,253796,116184,dressing_room ,0.010433298
24209,253796,116184,art_gallery ,0.009697369
24210,253796,116208,clean_room ,0.5604037
24211,253796,116208,museum/indoor ,0.35407642
24212,253796,116208,dressing_room ,0.019469135
24213,253796,116208,art_gallery ,0.016479004
24214,253796,116208,sauna ,0.003914047
24215,253796,116232,clean_room ,0.89669764
24216,253796,116232,museum/indoor ,0.0571772
24217,253796,116232,jewelry_shop ,0.0133778015
24218,253796,116232,art_gallery ,0.004449638
24219,253796,116232,chemistry_lab ,0.0033400261
24220,253796,116256,clean_room ,0.96971905
24221,253796,116256,museum/indoor ,0.014687941
24222,253796,116256,butchers_shop ,0.0030478954
24223,253796,116256,gift_shop ,0.0019867923
24224,253796,116256,toyshop ,0.0015551412
24225,253796,116280,clean_room ,0.9791781
24226,253796,116280,museum/indoor ,0.0072604124
24227,253796,116280,chemistry_lab ,0.0020435974
24228,253796,116280,jewelry_shop ,0.001610468
24229,253796,116280,science_museum ,0.0011620427
24230,253796,116304,clean_room ,0.41600072
24231,253796,116304,museum/indoor ,0.25129035
24232,253796,116304,iceberg ,0.07926417
24233,253796,116304,art_gallery ,0.07558638
24234,253796,116304,clothing_store ,0.029647496
24235,253796,116328,iceberg ,0.19151741
24236,253796,116328,ice_shelf ,0.18523209
24237,253796,116328,clean_room ,0.12764412
24238,253796,116328,art_gallery ,0.11578216
24239,253796,116328,glacier ,0.07906157
24240,253796,116352,ice_shelf ,0.300542
24241,253796,116352,clean_room ,0.10149239
24242,253796,116352,iceberg ,0.08777961
24243,253796,116352,museum/indoor ,0.0473491
24244,253796,116352,barndoor ,0.04605437
24245,253796,116376,iceberg ,0.5510271
24246,253796,116376,museum/indoor ,0.14197142
24247,253796,116376,clean_room ,0.13850395
24248,253796,116376,ice_shelf ,0.04260406
24249,253796,116376,ice_floe ,0.0370475
24250,253796,116400,clean_room ,0.75033545
24251,253796,116400,dressing_room ,0.072488435
24252,253796,116400,archive ,0.04364407
24253,253796,116400,chemistry_lab ,0.01898593
24254,253796,116400,locker_room ,0.011591034
24255,253796,116424,clean_room ,0.37011027
24256,253796,116424,archive ,0.2162504
24257,253796,116424,science_museum ,0.052683175
24258,253796,116424,locker_room ,0.051157255
24259,253796,116424,music_studio ,0.046043005
24260,253796,116448,archive ,0.24947527
24261,253796,116448,clean_room ,0.21892232
24262,253796,116448,music_studio ,0.08539335
24263,253796,116448,dressing_room ,0.08250018
24264,253796,116448,locker_room ,0.04391751
24265,253796,116472,clean_room ,0.48853698
24266,253796,116472,dressing_room ,0.09079537
24267,253796,116472,archive ,0.07364755
24268,253796,116472,hospital_room ,0.0426607
24269,253796,116472,museum/indoor ,0.03396174
24270,253796,116496,clean_room ,0.30823025
24271,253796,116496,dressing_room ,0.10982534
24272,253796,116496,archive ,0.10872056
24273,253796,116496,museum/indoor ,0.031176899
24274,253796,116496,hospital_room ,0.028875055
24275,253796,116520,clean_room ,0.4959635
24276,253796,116520,music_studio ,0.086472124
24277,253796,116520,archive ,0.07144344
24278,253796,116520,science_museum ,0.037600648
24279,253796,116520,physics_laboratory ,0.03123616
24280,253796,116544,clean_room ,0.92710876
24281,253796,116544,museum/indoor ,0.018214438
24282,253796,116544,dressing_room ,0.012305216
24283,253796,116544,art_gallery ,0.010301021
24284,253796,116544,clothing_store ,0.008041125
24285,253796,116568,clean_room ,0.73123664
24286,253796,116568,dressing_room ,0.08954596
24287,253796,116568,museum/indoor ,0.037571885
24288,253796,116568,clothing_store ,0.03566719
24289,253796,116568,locker_room ,0.019071564
24290,253796,116592,clean_room ,0.363949
24291,253796,116592,clothing_store ,0.13884407
24292,253796,116592,beauty_salon ,0.13337716
24293,253796,116592,jewelry_shop ,0.12795004
24294,253796,116592,dressing_room ,0.03335154
24295,253796,116616,clean_room ,0.7731447
24296,253796,116616,stage/indoor ,0.036976136
24297,253796,116616,discotheque ,0.029323285
24298,253796,116616,museum/indoor ,0.022237461
24299,253796,116616,dressing_room ,0.019415412
24300,253796,116640,clean_room ,0.9294815
24301,253796,116640,museum/indoor ,0.02321687
24302,253796,116640,dressing_room ,0.013188088
24303,253796,116640,clothing_store ,0.011583115
24304,253796,116640,art_gallery ,0.00936399
24305,253796,116664,clean_room ,0.97648287
24306,253796,116664,museum/indoor ,0.0043313974
24307,253796,116664,art_gallery ,0.004226358
24308,253796,116664,science_museum ,0.0017314398
24309,253796,116664,martial_arts_gym ,0.0015494231
24310,253796,116688,clean_room ,0.64320654
24311,253796,116688,martial_arts_gym ,0.3234696
24312,253796,116688,ballroom ,0.0039404593
24313,253796,116688,dressing_room ,0.0031167234
24314,253796,116688,clothing_store ,0.0029585522
24315,253796,116712,clean_room ,0.8637877
24316,253796,116712,martial_arts_gym ,0.059339836
24317,253796,116712,ballroom ,0.019481393
24318,253796,116712,stage/indoor ,0.012283503
24319,253796,116712,hospital_room ,0.0063438984
24320,253796,116736,ballroom ,0.17346995
24321,253796,116736,clean_room ,0.16486119
24322,253796,116736,bow_window/indoor ,0.14834522
24323,253796,116736,stage/indoor ,0.07785486
24324,253796,116736,hospital_room ,0.03924532
24325,253796,116760,clean_room ,0.35645708
24326,253796,116760,bow_window/indoor ,0.2939539
24327,253796,116760,museum/indoor ,0.044676933
24328,253796,116760,airport_terminal ,0.027761156
24329,253796,116760,clothing_store ,0.026831085
24330,253796,116784,bow_window/indoor ,0.8563004
24331,253796,116784,clean_room ,0.016437877
24332,253796,116784,museum/indoor ,0.016386477
24333,253796,116784,artists_loft ,0.014957868
24334,253796,116784,sauna ,0.009042963
24335,253796,116808,bow_window/indoor ,0.88477206
24336,253796,116808,artists_loft ,0.020709738
24337,253796,116808,museum/indoor ,0.007745646
24338,253796,116808,clean_room ,0.007199473
24339,253796,116808,alcove ,0.006591994
24340,253796,116832,bow_window/indoor ,0.928839
24341,253796,116832,artists_loft ,0.017607836
24342,253796,116832,balcony/interior ,0.005257651
24343,253796,116832,alcove ,0.0033638808
24344,253796,116832,clean_room ,0.0031002604
24345,253796,116856,bow_window/indoor ,0.87822807
24346,253796,116856,artists_loft ,0.02435963
24347,253796,116856,clean_room ,0.012520927
24348,253796,116856,museum/indoor ,0.009753182
24349,253796,116856,balcony/interior ,0.008714912
24350,253796,116880,bow_window/indoor ,0.63503444
24351,253796,116880,clean_room ,0.06508807
24352,253796,116880,museum/indoor ,0.036507357
24353,253796,116880,nursery ,0.02272682
24354,253796,116880,lecture_room ,0.019400395
24355,253796,116904,clean_room ,0.8446327
24356,253796,116904,stage/indoor ,0.013976403
24357,253796,116904,hospital_room ,0.013000265
24358,253796,116904,operating_room ,0.010199452
24359,253796,116904,archive ,0.009979334
24360,253796,116928,clean_room ,0.6855112
24361,253796,116928,stage/indoor ,0.084445775
24362,253796,116928,bow_window/indoor ,0.05813695
24363,253796,116928,museum/indoor ,0.027357535
24364,253796,116928,clothing_store ,0.013925138
24365,253796,116952,bow_window/indoor ,0.44709387
24366,253796,116952,clean_room ,0.2446795
24367,253796,116952,locker_room ,0.059748657
24368,253796,116952,artists_loft ,0.030868622
24369,253796,116952,museum/indoor ,0.01607523
24370,253796,116976,clean_room ,0.6445694
24371,253796,116976,dressing_room ,0.064782605
24372,253796,116976,shower ,0.052411243
24373,253796,116976,locker_room ,0.039885797
24374,253796,116976,art_gallery ,0.03527443
24375,253796,117000,clean_room ,0.71376795
24376,253796,117000,dressing_room ,0.12055523
24377,253796,117000,locker_room ,0.06045593
24378,253796,117000,museum/indoor ,0.017915841
24379,253796,117000,closet ,0.017163912
24380,253796,117024,clean_room ,0.66082263
24381,253796,117024,dressing_room ,0.09751001
24382,253796,117024,museum/indoor ,0.05259042
24383,253796,117024,art_gallery ,0.037415802
24384,253796,117024,closet ,0.020374965
24385,253796,117048,clean_room ,0.6386381
24386,253796,117048,locker_room ,0.059656303
24387,253796,117048,archive ,0.04602989
24388,253796,117048,dressing_room ,0.045248248
24389,253796,117048,art_studio ,0.023715114
24390,253796,117072,clean_room ,0.5582592
24391,253796,117072,locker_room ,0.08752135
24392,253796,117072,archive ,0.05979553
24393,253796,117072,dressing_room ,0.05175039
24394,253796,117072,art_gallery ,0.04504109
24395,253796,117096,clean_room ,0.6521184
24396,253796,117096,locker_room ,0.09849881
24397,253796,117096,archive ,0.034651432
24398,253796,117096,dressing_room ,0.031115692
24399,253796,117096,art_gallery ,0.026716279
24400,253796,117120,dressing_room ,0.33554235
24401,253796,117120,clean_room ,0.31598216
24402,253796,117120,locker_room ,0.058097094
24403,253796,117120,art_gallery ,0.04366315
24404,253796,117120,closet ,0.038541526
24405,253796,117144,dressing_room ,0.2207656
24406,253796,117144,art_gallery ,0.15127526
24407,253796,117144,clean_room ,0.11021287
24408,253796,117144,art_studio ,0.10373742
24409,253796,117144,locker_room ,0.08478607
24410,253796,117168,dressing_room ,0.22626065
24411,253796,117168,chemistry_lab ,0.1544773
24412,253796,117168,clean_room ,0.13388456
24413,253796,117168,archive ,0.07582317
24414,253796,117168,art_studio ,0.06692999
24415,253796,117192,dressing_room ,0.31953704
24416,253796,117192,art_gallery ,0.17088504
24417,253796,117192,art_studio ,0.16751957
24418,253796,117192,museum/indoor ,0.08101205
24419,253796,117192,clean_room ,0.07907874
24420,253796,117216,art_studio ,0.29349372
24421,253796,117216,art_gallery ,0.1327123
24422,253796,117216,dressing_room ,0.08555197
24423,253796,117216,clean_room ,0.074136734
24424,253796,117216,art_school ,0.058003124
24425,253796,117240,art_studio ,0.30881125
24426,253796,117240,dressing_room ,0.10811139
24427,253796,117240,office ,0.08313103
24428,253796,117240,art_school ,0.07035794
24429,253796,117240,physics_laboratory ,0.065521985
24430,253796,117264,office ,0.20084926
24431,253796,117264,archive ,0.19748755
24432,253796,117264,art_studio ,0.13393348
24433,253796,117264,physics_laboratory ,0.069933504
24434,253796,117264,clean_room ,0.05901495
24435,253796,117288,art_studio ,0.22030254
24436,253796,117288,archive ,0.112793386
24437,253796,117288,art_gallery ,0.08781786
24438,253796,117288,museum/indoor ,0.08007911
24439,253796,117288,dressing_room ,0.06895757
24440,253796,117312,dressing_room ,0.23141596
24441,253796,117312,art_studio ,0.22022264
24442,253796,117312,archive ,0.15977685
24443,253796,117312,office ,0.077739395
24444,253796,117312,art_gallery ,0.05279192
24445,253796,117336,dressing_room ,0.29803905
24446,253796,117336,art_studio ,0.13476993
24447,253796,117336,bow_window/indoor ,0.06364915
24448,253796,117336,art_gallery ,0.048575643
24449,253796,117336,archive ,0.048001662
24450,253796,117360,art_studio ,0.25827214
24451,253796,117360,clean_room ,0.13877915
24452,253796,117360,chemistry_lab ,0.09100266
24453,253796,117360,office ,0.05552741
24454,253796,117360,archive ,0.052416053
24455,253796,117384,clean_room ,0.3827764
24456,253796,117384,art_studio ,0.121481754
24457,253796,117384,hospital_room ,0.09459303
24458,253796,117384,art_gallery ,0.07235366
24459,253796,117384,shower ,0.071355805
24460,253796,117408,clean_room ,0.6791182
24461,253796,117408,nursery ,0.09402604
24462,253796,117408,art_gallery ,0.028009193
24463,253796,117408,hospital_room ,0.023226015
24464,253796,117408,museum/indoor ,0.022714172
24465,253796,117432,clean_room ,0.7333619
24466,253796,117432,archive ,0.030083839
24467,253796,117432,dressing_room ,0.02601761
24468,253796,117432,clothing_store ,0.022435885
24469,253796,117432,pharmacy ,0.020004516
24470,253796,117456,clean_room ,0.96304196
24471,253796,117456,locker_room ,0.011392796
24472,253796,117456,nursery ,0.0026433817
24473,253796,117456,clothing_store ,0.0025466336
24474,253796,117456,closet ,0.002441227
24475,253796,117480,clean_room ,0.88013387
24476,253796,117480,clothing_store ,0.04372394
24477,253796,117480,dressing_room ,0.01466475
24478,253796,117480,closet ,0.011921481
24479,253796,117480,nursery ,0.0054981983
24480,253796,117504,clean_room ,0.9428233
24481,253796,117504,butchers_shop ,0.0132534765
24482,253796,117504,chemistry_lab ,0.006851238
24483,253796,117504,museum/indoor ,0.004896614
24484,253796,117504,hospital_room ,0.0033388818
24485,253796,117528,clean_room ,0.78288025
24486,253796,117528,clothing_store ,0.053831585
24487,253796,117528,museum/indoor ,0.025693335
24488,253796,117528,martial_arts_gym ,0.012966239
24489,253796,117528,locker_room ,0.012532021
24490,253796,117552,clean_room ,0.2373029
24491,253796,117552,martial_arts_gym ,0.07681904
24492,253796,117552,museum/indoor ,0.067141585
24493,253796,117552,clothing_store ,0.05939725
24494,253796,117552,hospital_room ,0.042738866
24495,253796,117576,pharmacy ,0.2682952
24496,253796,117576,clean_room ,0.18612307
24497,253796,117576,drugstore ,0.11102157
24498,253796,117576,shopfront ,0.091475435
24499,253796,117576,clothing_store ,0.08727024
24500,253796,117600,shopfront ,0.39984313
24501,253796,117600,pharmacy ,0.14061135
24502,253796,117600,clean_room ,0.12206952
24503,253796,117600,clothing_store ,0.073585026
24504,253796,117600,hospital ,0.03642337
24505,253796,117624,clean_room ,0.9817333
24506,253796,117624,locker_room ,0.007202825
24507,253796,117624,clothing_store ,0.0021540741
24508,253796,117624,chemistry_lab ,0.0013747317
24509,253796,117624,operating_room ,0.0011114014
24510,253796,117648,bedroom ,0.38683748
24511,253796,117648,bow_window/indoor ,0.18354593
24512,253796,117648,bedchamber ,0.17442533
24513,253796,117648,hotel_room ,0.1085327
24514,253796,117648,childs_room ,0.0411385
24515,253796,117672,bedroom ,0.3723066
24516,253796,117672,bedchamber ,0.22175688
24517,253796,117672,childs_room ,0.12476323
24518,253796,117672,bow_window/indoor ,0.11651248
24519,253796,117672,hotel_room ,0.0569421
24520,253796,117696,bedroom ,0.29309753
24521,253796,117696,nursery ,0.24673375
24522,253796,117696,bedchamber ,0.12430572
24523,253796,117696,childs_room ,0.10107516
24524,253796,117696,hospital_room ,0.10045504
24525,253796,117720,bedroom ,0.28208032
24526,253796,117720,hospital_room ,0.1555607
24527,253796,117720,nursery ,0.10563635
24528,253796,117720,childs_room ,0.09247509
24529,253796,117720,clean_room ,0.087076515
24530,253796,117744,bedroom ,0.4709655
24531,253796,117744,bedchamber ,0.19245486
24532,253796,117744,museum/indoor ,0.059274707
24533,253796,117744,nursery ,0.05680216
24534,253796,117744,childs_room ,0.044922978
24535,253796,117768,bedroom ,0.33310217
24536,253796,117768,nursery ,0.14894424
24537,253796,117768,hospital_room ,0.11610679
24538,253796,117768,bedchamber ,0.097426966
24539,253796,117768,childs_room ,0.08193163
24540,253796,117792,clean_room ,0.62363285
24541,253796,117792,museum/indoor ,0.07351979
24542,253796,117792,art_gallery ,0.04745708
24543,253796,117792,artists_loft ,0.036364805
24544,253796,117792,archive ,0.034511972
24545,253796,117816,lecture_room ,0.25858533
24546,253796,117816,classroom ,0.14714006
24547,253796,117816,museum/indoor ,0.12366801
24548,253796,117816,art_gallery ,0.11840028
24549,253796,117816,clean_room ,0.076381356
24550,253796,117840,museum/indoor ,0.45191285
24551,253796,117840,clean_room ,0.17816293
24552,253796,117840,music_studio ,0.10931859
24553,253796,117840,archive ,0.065298095
24554,253796,117840,stage/indoor ,0.030813858
24555,253796,117864,bow_window/indoor ,0.55025315
24556,253796,117864,museum/indoor ,0.14083223
24557,253796,117864,archive ,0.037773702
24558,253796,117864,clean_room ,0.033657398
24559,253796,117864,living_room ,0.026553078
24560,253796,117888,clean_room ,0.34364977
24561,253796,117888,museum/indoor ,0.20927206
24562,253796,117888,archive ,0.14668976
24563,253796,117888,bow_window/indoor ,0.080395535
24564,253796,117888,locker_room ,0.023947818
24565,253796,117912,dressing_room ,0.8805475
24566,253796,117912,locker_room ,0.03894632
24567,253796,117912,clean_room ,0.024914663
24568,253796,117912,shower ,0.009176001
24569,253796,117912,bathroom ,0.0064093024
24570,253796,117936,clean_room ,0.8425138
24571,253796,117936,operating_room ,0.05474617
24572,253796,117936,chemistry_lab ,0.023385378
24573,253796,117936,hospital_room ,0.017850684
24574,253796,117936,dressing_room ,0.016786702
24575,253796,117960,clean_room ,0.6668368
24576,253796,117960,museum/indoor ,0.100475006
24577,253796,117960,dressing_room ,0.04366769
24578,253796,117960,clothing_store ,0.023282835
24579,253796,117960,chemistry_lab ,0.020509139
24580,253796,117984,museum/indoor ,0.47715628
24581,253796,117984,clean_room ,0.26102233
24582,253796,117984,dressing_room ,0.12571436
24583,253796,117984,art_gallery ,0.016472563
24584,253796,117984,clothing_store ,0.016320944
24585,253796,118008,shower ,0.19855551
24586,253796,118008,bow_window/indoor ,0.17795327
24587,253796,118008,dressing_room ,0.08338876
24588,253796,118008,museum/indoor ,0.07839243
24589,253796,118008,bathroom ,0.055133875
24590,253796,118032,shower ,0.22050573
24591,253796,118032,bow_window/indoor ,0.15437591
24592,253796,118032,clean_room ,0.07954503
24593,253796,118032,dressing_room ,0.07178982
24594,253796,118032,bathroom ,0.06552716
24595,253796,118056,dressing_room ,0.21136814
24596,253796,118056,clean_room ,0.13060106
24597,253796,118056,locker_room ,0.09238404
24598,253796,118056,shower ,0.07007666
24599,253796,118056,closet ,0.06791745
24600,253796,118080,shower ,0.6122437
24601,253796,118080,bow_window/indoor ,0.101840936
24602,253796,118080,bathroom ,0.06611772
24603,253796,118080,clean_room ,0.042931337
24604,253796,118080,locker_room ,0.027275082
24605,253796,118104,bow_window/indoor ,0.24463545
24606,253796,118104,barndoor ,0.1401298
24607,253796,118104,museum/indoor ,0.086454794
24608,253796,118104,stable ,0.07936494
24609,253796,118104,kennel/outdoor ,0.075791426
24610,253796,118128,bow_window/indoor ,0.69164926
24611,253796,118128,barndoor ,0.08650148
24612,253796,118128,art_gallery ,0.029619975
24613,253796,118128,museum/indoor ,0.028247505
24614,253796,118128,doorway/outdoor ,0.015493103
24615,253796,118152,bow_window/indoor ,0.54208946
24616,253796,118152,shower ,0.13557188
24617,253796,118152,barndoor ,0.049791526
24618,253796,118152,museum/indoor ,0.03522251
24619,253796,118152,elevator/door ,0.013161428
24620,253796,118176,bow_window/indoor ,0.8497724
24621,253796,118176,barndoor ,0.026275873
24622,253796,118176,shower ,0.021340214
24623,253796,118176,museum/indoor ,0.015112625
24624,253796,118176,balcony/interior ,0.008932263
24625,253796,118200,museum/indoor ,0.41192746
24626,253796,118200,bow_window/indoor ,0.36333615
24627,253796,118200,shower ,0.047011573
24628,253796,118200,dressing_room ,0.02157725
24629,253796,118200,art_gallery ,0.017734943
24630,253796,118224,museum/indoor ,0.40343806
24631,253796,118224,shower ,0.18631682
24632,253796,118224,clean_room ,0.09293759
24633,253796,118224,bow_window/indoor ,0.051935762
24634,253796,118224,art_gallery ,0.05079069
24635,253796,118248,museum/indoor ,0.66486084
24636,253796,118248,clean_room ,0.08955912
24637,253796,118248,art_gallery ,0.088966556
24638,253796,118248,archive ,0.037751548
24639,253796,118248,science_museum ,0.026631946
24640,253796,118272,clean_room ,0.6632762
24641,253796,118272,dressing_room ,0.21057525
24642,253796,118272,locker_room ,0.04824887
24643,253796,118272,stage/indoor ,0.013694391
24644,253796,118272,clothing_store ,0.010978857
24645,253796,118296,clean_room ,0.6353273
24646,253796,118296,dressing_room ,0.18547834
24647,253796,118296,locker_room ,0.046420332
24648,253796,118296,museum/indoor ,0.032171175
24649,253796,118296,clothing_store ,0.018274501
24650,253796,118320,clean_room ,0.78541315
24651,253796,118320,museum/indoor ,0.13025053
24652,253796,118320,art_gallery ,0.032691296
24653,253796,118320,archive ,0.014388609
24654,253796,118320,dressing_room ,0.013554838
24655,253796,118344,locker_room ,0.30537796
24656,253796,118344,dressing_room ,0.16379644
24657,253796,118344,museum/indoor ,0.12164694
24658,253796,118344,sauna ,0.09984518
24659,253796,118344,clean_room ,0.07867251
24660,253796,118368,dressing_room ,0.38218668
24661,253796,118368,art_gallery ,0.19255657
24662,253796,118368,elevator/door ,0.07108393
24663,253796,118368,elevator_lobby ,0.049562674
24664,253796,118368,clean_room ,0.038896162
24665,253796,118392,dressing_room ,0.24229188
24666,253796,118392,museum/indoor ,0.20797858
24667,253796,118392,art_gallery ,0.10185257
24668,253796,118392,clean_room ,0.070304886
24669,253796,118392,archive ,0.067455746
24670,253796,118416,clean_room ,0.25874123
24671,253796,118416,museum/indoor ,0.21706688
24672,253796,118416,art_gallery ,0.18322444
24673,253796,118416,dressing_room ,0.07890213
24674,253796,118416,locker_room ,0.027986657
24675,253796,118440,art_gallery ,0.58832747
24676,253796,118440,museum/indoor ,0.28890866
24677,253796,118440,clean_room ,0.035585936
24678,253796,118440,dressing_room ,0.021369742
24679,253796,118440,artists_loft ,0.013204283
24680,253796,118464,museum/indoor ,0.24696387
24681,253796,118464,clean_room ,0.15032364
24682,253796,118464,barndoor ,0.14407253
24683,253796,118464,art_gallery ,0.12483144
24684,253796,118464,bow_window/indoor ,0.071442254
24685,253796,118488,clean_room ,0.28235945
24686,253796,118488,museum/indoor ,0.21230455
24687,253796,118488,art_gallery ,0.13259706
24688,253796,118488,science_museum ,0.044672705
24689,253796,118488,elevator/door ,0.03874204
24690,253796,118512,clean_room ,0.24305382
24691,253796,118512,museum/indoor ,0.1881491
24692,253796,118512,art_gallery ,0.15714164
24693,253796,118512,elevator/door ,0.08716174
24694,253796,118512,elevator_lobby ,0.049948085
24695,253796,118536,museum/indoor ,0.2887181
24696,253796,118536,clean_room ,0.17031193
24697,253796,118536,art_gallery ,0.1480695
24698,253796,118536,shower ,0.06584728
24699,253796,118536,barndoor ,0.04690616
24700,253796,118560,museum/indoor ,0.3764682
24701,253796,118560,art_gallery ,0.28778923
24702,253796,118560,clean_room ,0.09477285
24703,253796,118560,bow_window/indoor ,0.06784987
24704,253796,118560,science_museum ,0.041714672
24705,253796,118584,museum/indoor ,0.20244719
24706,253796,118584,shower ,0.20198704
24707,253796,118584,art_gallery ,0.18182397
24708,253796,118584,clean_room ,0.09803024
24709,253796,118584,bow_window/indoor ,0.041606206
24710,253796,118608,museum/indoor ,0.4747883
24711,253796,118608,clean_room ,0.24808788
24712,253796,118608,art_gallery ,0.1724325
24713,253796,118608,archive ,0.031592164
24714,253796,118608,science_museum ,0.01284309
24715,253796,118632,museum/indoor ,0.6821615
24716,253796,118632,art_gallery ,0.1947933
24717,253796,118632,science_museum ,0.059625253
24718,253796,118632,clean_room ,0.018832406
24719,253796,118632,natural_history_museum ,0.0144337425
24720,253796,118656,museum/indoor ,0.90560496
24721,253796,118656,art_gallery ,0.031152401
24722,253796,118656,science_museum ,0.027876325
24723,253796,118656,archive ,0.0062660896
24724,253796,118656,clean_room ,0.003948609
24725,253796,118680,museum/indoor ,0.6124855
24726,253796,118680,art_gallery ,0.1825231
24727,253796,118680,science_museum ,0.07647192
24728,253796,118680,clean_room ,0.036670044
24729,253796,118680,natural_history_museum ,0.013115495
24730,253796,118704,museum/indoor ,0.687863
24731,253796,118704,art_gallery ,0.15388104
24732,253796,118704,clean_room ,0.10818523
24733,253796,118704,archive ,0.016041119
24734,253796,118704,art_studio ,0.008798286
24735,253796,118728,museum/indoor ,0.9324279
24736,253796,118728,art_gallery ,0.050777115
24737,253796,118728,art_studio ,0.0075288764
24738,253796,118728,archive ,0.0029600535
24739,253796,118728,science_museum ,0.0028612195
24740,253796,118752,museum/indoor ,0.8512948
24741,253796,118752,art_gallery ,0.11033274
24742,253796,118752,art_studio ,0.014319921
24743,253796,118752,archive ,0.007945927
24744,253796,118752,science_museum ,0.0073579117
24745,253796,118776,museum/indoor ,0.6258903
24746,253796,118776,clean_room ,0.19421655
24747,253796,118776,art_gallery ,0.10877276
24748,253796,118776,science_museum ,0.031696726
24749,253796,118776,archive ,0.01652879
24750,253796,118800,museum/indoor ,0.71489316
24751,253796,118800,art_gallery ,0.14312051
24752,253796,118800,science_museum ,0.039158028
24753,253796,118800,archive ,0.03468544
24754,253796,118800,clean_room ,0.01646017
24755,253796,118824,museum/indoor ,0.7504263
24756,253796,118824,art_gallery ,0.15105912
24757,253796,118824,science_museum ,0.035666294
24758,253796,118824,archive ,0.022128921
24759,253796,118824,natural_history_museum ,0.011729863
24760,253796,118848,museum/indoor ,0.39862618
24761,253796,118848,clean_room ,0.21749914
24762,253796,118848,art_gallery ,0.12952004
24763,253796,118848,archive ,0.11592278
24764,253796,118848,science_museum ,0.034399413
24765,253796,118872,museum/indoor ,0.593829
24766,253796,118872,art_gallery ,0.15511148
24767,253796,118872,archive ,0.084868126
24768,253796,118872,art_studio ,0.03692145
24769,253796,118872,science_museum ,0.026335914
24770,253796,118896,clean_room ,0.5375338
24771,253796,118896,art_gallery ,0.11083575
24772,253796,118896,museum/indoor ,0.104848444
24773,253796,118896,archive ,0.06407357
24774,253796,118896,nursing_home ,0.03027562
24775,253796,118920,clean_room ,0.33908254
24776,253796,118920,nursing_home ,0.06299045
24777,253796,118920,art_gallery ,0.058889214
24778,253796,118920,museum/indoor ,0.05778463
24779,253796,118920,archive ,0.047683716
24780,253796,118944,clean_room ,0.3518257
24781,253796,118944,dressing_room ,0.10171152
24782,253796,118944,art_gallery ,0.07850375
24783,253796,118944,locker_room ,0.06923619
24784,253796,118944,museum/indoor ,0.061891153
24785,253796,118968,courtyard ,0.6310115
24786,253796,118968,arch ,0.16344582
24787,253796,118968,museum/outdoor ,0.030406414
24788,253796,118968,arcade ,0.022147894
24789,253796,118968,atrium/public ,0.013919152
24790,253796,118992,courtyard ,0.6795837
24791,253796,118992,arch ,0.10796884
24792,253796,118992,museum/outdoor ,0.040426772
24793,253796,118992,arcade ,0.030197771
24794,253796,118992,palace ,0.016493918
24795,253796,119016,courtyard ,0.5873765
24796,253796,119016,arch ,0.16517751
24797,253796,119016,museum/outdoor ,0.049844787
24798,253796,119016,aqueduct ,0.02665343
24799,253796,119016,library/outdoor ,0.018796403
24800,253796,119040,courtyard ,0.4684456
24801,253796,119040,arch ,0.22707725
24802,253796,119040,museum/outdoor ,0.049077626
24803,253796,119040,arcade ,0.0245062
24804,253796,119040,library/outdoor ,0.022652622
24805,253796,119064,courtyard ,0.52077305
24806,253796,119064,arch ,0.19567896
24807,253796,119064,museum/outdoor ,0.040820334
24808,253796,119064,aqueduct ,0.029778706
24809,253796,119064,palace ,0.022740075
24810,253796,119088,courtyard ,0.6366712
24811,253796,119088,arch ,0.13219646
24812,253796,119088,palace ,0.02285258
24813,253796,119088,arcade ,0.022158414
24814,253796,119088,mausoleum ,0.02183431
24815,253796,119112,courtyard ,0.67428535
24816,253796,119112,arch ,0.12838206
24817,253796,119112,mausoleum ,0.036032446
24818,253796,119112,palace ,0.016417317
24819,253796,119112,museum/outdoor ,0.014802734
24820,253796,119136,locker_room ,0.33415908
24821,253796,119136,shower ,0.2111471
24822,253796,119136,clean_room ,0.057143483
24823,253796,119136,hospital_room ,0.038752817
24824,253796,119136,clothing_store ,0.037529994
24825,253796,119160,clothing_store ,0.25708467
24826,253796,119160,ice_shelf ,0.14719021
24827,253796,119160,clean_room ,0.09523815
24828,253796,119160,iceberg ,0.07777983
24829,253796,119160,dressing_room ,0.061313845
24830,253796,119184,museum/indoor ,0.5231383
24831,253796,119184,clean_room ,0.40246925
24832,253796,119184,stage/indoor ,0.015111371
24833,253796,119184,art_gallery ,0.014427568
24834,253796,119184,archive ,0.012348289
24835,253796,119208,art_gallery ,0.37358236
24836,253796,119208,museum/indoor ,0.23519787
24837,253796,119208,shower ,0.08941009
24838,253796,119208,artists_loft ,0.08697501
24839,253796,119208,alcove ,0.05494539
24840,253796,119232,clean_room ,0.2924388
24841,253796,119232,art_gallery ,0.19510892
24842,253796,119232,museum/indoor ,0.15431575
24843,253796,119232,artists_loft ,0.09429014
24844,253796,119232,bedroom ,0.039144352
24845,253796,119256,museum/indoor ,0.22298665
24846,253796,119256,bedroom ,0.13668351
24847,253796,119256,clean_room ,0.13026221
24848,253796,119256,childs_room ,0.085996605
24849,253796,119256,bedchamber ,0.05703158
24850,253796,119280,bedroom ,0.4482616
24851,253796,119280,nursery ,0.12789728
24852,253796,119280,bedchamber ,0.117021814
24853,253796,119280,childs_room ,0.09489286
24854,253796,119280,museum/indoor ,0.0663811
24855,253796,119304,arch ,0.22510369
24856,253796,119304,courtyard ,0.17282136
24857,253796,119304,alcove ,0.0929425
24858,253796,119304,burial_chamber ,0.08524207
24859,253796,119304,museum/indoor ,0.040438253
24860,253796,119328,arch ,0.19128457
24861,253796,119328,courtyard ,0.16311567
24862,253796,119328,alcove ,0.13189116
24863,253796,119328,burial_chamber ,0.114386655
24864,253796,119328,pavilion ,0.03618884
24865,253796,119352,alcove ,0.5010113
24866,253796,119352,arch ,0.18484019
24867,253796,119352,courtyard ,0.05919911
24868,253796,119352,entrance_hall ,0.03715949
24869,253796,119352,bow_window/indoor ,0.033005815
24870,253796,119376,alcove ,0.23054762
24871,253796,119376,arch ,0.19674915
24872,253796,119376,bow_window/indoor ,0.121566266
24873,253796,119376,doorway/outdoor ,0.110155076
24874,253796,119376,courtyard ,0.069795586
24875,253796,119400,bow_window/indoor ,0.6725514
24876,253796,119400,alcove ,0.08099133
24877,253796,119400,museum/indoor ,0.03419314
24878,253796,119400,arch ,0.034039084
24879,253796,119400,doorway/outdoor ,0.027415976
24880,253796,119424,museum/indoor ,0.31162342
24881,253796,119424,clean_room ,0.2869849
24882,253796,119424,archive ,0.118437044
24883,253796,119424,bow_window/indoor ,0.05050418
24884,253796,119424,art_gallery ,0.045871533
24885,253796,119448,archive ,0.43919498
24886,253796,119448,museum/indoor ,0.25633606
24887,253796,119448,clean_room ,0.15245412
24888,253796,119448,art_gallery ,0.033034913
24889,253796,119448,locker_room ,0.021104803
24890,253796,119472,staircase ,0.40986958
24891,253796,119472,entrance_hall ,0.36491948
24892,253796,119472,nursery ,0.04820763
24893,253796,119472,mezzanine ,0.02902935
24894,253796,119472,corridor ,0.02605016
24895,253796,119496,staircase ,0.5519187
24896,253796,119496,entrance_hall ,0.3232625
24897,253796,119496,corridor ,0.025252586
24898,253796,119496,nursery ,0.016780525
24899,253796,119496,mezzanine ,0.0131998435
24900,253796,119520,staircase ,0.5468741
24901,253796,119520,entrance_hall ,0.12784176
24902,253796,119520,locker_room ,0.03862302
24903,253796,119520,nursery ,0.037002206
24904,253796,119520,jail_cell ,0.02893873
24905,253796,119544,staircase ,0.4823421
24906,253796,119544,entrance_hall ,0.36684293
24907,253796,119544,nursery ,0.043489516
24908,253796,119544,corridor ,0.026117748
24909,253796,119544,museum/indoor ,0.017125195
24910,253796,119568,staircase ,0.5272965
24911,253796,119568,entrance_hall ,0.22764896
24912,253796,119568,nursery ,0.090328336
24913,253796,119568,mezzanine ,0.02459012
24914,253796,119568,corridor ,0.023933472
24915,253796,119592,staircase ,0.28089538
24916,253796,119592,museum/indoor ,0.14651003
24917,253796,119592,clean_room ,0.094835974
24918,253796,119592,entrance_hall ,0.09245789
24919,253796,119592,dressing_room ,0.05505017
24920,253796,119616,staircase ,0.46752554
24921,253796,119616,museum/indoor ,0.21869726
24922,253796,119616,clean_room ,0.09401406
24923,253796,119616,art_gallery ,0.07676556
24924,253796,119616,entrance_hall ,0.026303565
24925,253796,119640,staircase ,0.6601263
24926,253796,119640,corridor ,0.08255983
24927,253796,119640,mezzanine ,0.045480695
24928,253796,119640,entrance_hall ,0.038946874
24929,253796,119640,museum/indoor ,0.03483556
24930,253796,119664,clean_room ,0.2660258
24931,253796,119664,museum/indoor ,0.189796
24932,253796,119664,dressing_room ,0.09064327
24933,253796,119664,locker_room ,0.08629899
24934,253796,119664,art_gallery ,0.05507396
24935,253796,119688,stable ,0.45657387
24936,253796,119688,stage/indoor ,0.08411304
24937,253796,119688,ballroom ,0.064228304
24938,253796,119688,martial_arts_gym ,0.04007787
24939,253796,119688,museum/indoor ,0.039727923
24940,253796,119712,museum/indoor ,0.29131156
24941,253796,119712,clean_room ,0.19379689
24942,253796,119712,stage/indoor ,0.062488068
24943,253796,119712,chemistry_lab ,0.059770916
24944,253796,119712,art_gallery ,0.048586853
24945,253796,119736,museum/indoor ,0.6509899
24946,253796,119736,art_gallery ,0.16853128
24947,253796,119736,natural_history_museum ,0.066529
24948,253796,119736,science_museum ,0.04880841
24949,253796,119736,clean_room ,0.017286526
24950,253796,119760,museum/indoor ,0.50965846
24951,253796,119760,art_gallery ,0.16088386
24952,253796,119760,natural_history_museum ,0.102851816
24953,253796,119760,clean_room ,0.04053866
24954,253796,119760,science_museum ,0.037168734
24955,253796,119784,museum/indoor ,0.5299488
24956,253796,119784,art_gallery ,0.20460926
24957,253796,119784,natural_history_museum ,0.07344112
24958,253796,119784,science_museum ,0.033446867
24959,253796,119784,clean_room ,0.02124641
24960,253796,119808,museum/indoor ,0.36652008
24961,253796,119808,art_gallery ,0.14492743
24962,253796,119808,natural_history_museum ,0.061712626
24963,253796,119808,clean_room ,0.06105735
24964,253796,119808,nursery ,0.057298996
24965,253796,119832,museum/indoor ,0.44509822
24966,253796,119832,art_gallery ,0.14149773
24967,253796,119832,natural_history_museum ,0.09694753
24968,253796,119832,clean_room ,0.081085004
24969,253796,119832,science_museum ,0.04866676
24970,253796,119856,museum/indoor ,0.55302143
24971,253796,119856,art_gallery ,0.14676769
24972,253796,119856,natural_history_museum ,0.07316927
24973,253796,119856,clean_room ,0.053425245
24974,253796,119856,science_museum ,0.033983137
24975,253796,119880,museum/indoor ,0.43782723
24976,253796,119880,art_gallery ,0.15241405
24977,253796,119880,clean_room ,0.068666935
24978,253796,119880,natural_history_museum ,0.063163094
24979,253796,119880,nursery ,0.03763629
24980,253796,119904,museum/indoor ,0.36826035
24981,253796,119904,art_gallery ,0.19137244
24982,253796,119904,clean_room ,0.08133208
24983,253796,119904,natural_history_museum ,0.062202785
24984,253796,119904,bow_window/indoor ,0.02932296
24985,253796,119928,museum/indoor ,0.31008288
24986,253796,119928,clean_room ,0.15594342
24987,253796,119928,nursery ,0.07996159
24988,253796,119928,art_gallery ,0.07055455
24989,253796,119928,bow_window/indoor ,0.061123848
24990,253796,119952,museum/indoor ,0.40608042
24991,253796,119952,art_gallery ,0.08202342
24992,253796,119952,natural_history_museum ,0.06258317
24993,253796,119952,clean_room ,0.062172383
24994,253796,119952,archive ,0.045174748
24995,253796,119976,museum/indoor ,0.5072757
24996,253796,119976,art_gallery ,0.11770315
24997,253796,119976,natural_history_museum ,0.080789484
24998,253796,119976,archive ,0.043414112
24999,253796,119976,clean_room ,0.03680727
25000,253796,120000,museum/indoor ,0.470197
25001,253796,120000,art_gallery ,0.12242367
25002,253796,120000,archive ,0.06043088
25003,253796,120000,clean_room ,0.05869668
25004,253796,120000,natural_history_museum ,0.0545935
25005,253796,120024,museum/indoor ,0.25538728
25006,253796,120024,clean_room ,0.09871843
25007,253796,120024,dressing_room ,0.081755064
25008,253796,120024,natural_history_museum ,0.07374219
25009,253796,120024,clothing_store ,0.072708085
25010,253796,120048,museum/indoor ,0.32495907
25011,253796,120048,bow_window/indoor ,0.10875339
25012,253796,120048,art_gallery ,0.0656879
25013,253796,120048,archive ,0.05476206
25014,253796,120048,art_studio ,0.05128617
25015,253796,120072,museum/indoor ,0.55152476
25016,253796,120072,art_gallery ,0.094727755
25017,253796,120072,art_studio ,0.047927905
25018,253796,120072,bow_window/indoor ,0.03887864
25019,253796,120072,stage/indoor ,0.034664404
25020,253796,120096,museum/indoor ,0.46697864
25021,253796,120096,art_gallery ,0.09307633
25022,253796,120096,bow_window/indoor ,0.0507232
25023,253796,120096,art_studio ,0.04355379
25024,253796,120096,stage/indoor ,0.027905704
25025,253796,120120,museum/indoor ,0.34528914
25026,253796,120120,art_gallery ,0.11186381
25027,253796,120120,bow_window/indoor ,0.10778547
25028,253796,120120,art_studio ,0.06836379
25029,253796,120120,artists_loft ,0.037881747
25030,253796,120144,museum/indoor ,0.5527811
25031,253796,120144,art_gallery ,0.06594471
25032,253796,120144,bow_window/indoor ,0.062645115
25033,253796,120144,natural_history_museum ,0.02789693
25034,253796,120144,art_studio ,0.022762159
25035,253796,120168,museum/indoor ,0.34621045
25036,253796,120168,bow_window/indoor ,0.14166714
25037,253796,120168,art_gallery ,0.07317678
25038,253796,120168,archive ,0.035232577
25039,253796,120168,art_studio ,0.03219
25040,253796,120192,museum/indoor ,0.22361821
25041,253796,120192,art_gallery ,0.12824762
25042,253796,120192,bow_window/indoor ,0.12759858
25043,253796,120192,attic ,0.06873978
25044,253796,120192,archive ,0.029602388
25045,253796,120216,museum/indoor ,0.23564951
25046,253796,120216,bow_window/indoor ,0.14393122
25047,253796,120216,art_gallery ,0.13546881
25048,253796,120216,archive ,0.0847235
25049,253796,120216,art_studio ,0.03941132
25050,253796,120240,museum/indoor ,0.44553843
25051,253796,120240,bow_window/indoor ,0.13704473
25052,253796,120240,art_gallery ,0.10992065
25053,253796,120240,art_studio ,0.04639244
25054,253796,120240,artists_loft ,0.04094995
25055,253796,120264,museum/indoor ,0.30633515
25056,253796,120264,art_gallery ,0.18547502
25057,253796,120264,bow_window/indoor ,0.12564838
25058,253796,120264,art_studio ,0.054601572
25059,253796,120264,artists_loft ,0.038446747
25060,253796,120288,bow_window/indoor ,0.16965796
25061,253796,120288,museum/indoor ,0.14535923
25062,253796,120288,archive ,0.07956965
25063,253796,120288,clean_room ,0.045452077
25064,253796,120288,attic ,0.03869555
25065,253796,120312,clean_room ,0.38962883
25066,253796,120312,iceberg ,0.15449098
25067,253796,120312,dressing_room ,0.08561683
25068,253796,120312,ice_shelf ,0.040348392
25069,253796,120312,clothing_store ,0.031065177
25070,253796,120336,clean_room ,0.40859905
25071,253796,120336,archive ,0.22654012
25072,253796,120336,chemistry_lab ,0.08946545
25073,253796,120336,pharmacy ,0.028007258
25074,253796,120336,music_studio ,0.02786159
25075,253796,120360,clothing_store ,0.12702084
25076,253796,120360,locker_room ,0.117424324
25077,253796,120360,dressing_room ,0.10764754
25078,253796,120360,nursery ,0.10077262
25079,253796,120360,clean_room ,0.09025427
25080,253796,120384,museum/indoor ,0.44709456
25081,253796,120384,clean_room ,0.19187495
25082,253796,120384,art_gallery ,0.07493432
25083,253796,120384,stage/indoor ,0.04184955
25084,253796,120384,archive ,0.033905298
25085,253796,120408,clean_room ,0.6789116
25086,253796,120408,art_gallery ,0.0687879
25087,253796,120408,museum/indoor ,0.063895
25088,253796,120408,dressing_room ,0.039103776
25089,253796,120408,staircase ,0.02715483
25090,253796,120432,clean_room ,0.2597029
25091,253796,120432,staircase ,0.20016237
25092,253796,120432,museum/indoor ,0.10436569
25093,253796,120432,nursery ,0.08847878
25094,253796,120432,corridor ,0.059280563
25095,253796,120456,staircase ,0.33068824
25096,253796,120456,entrance_hall ,0.17850676
25097,253796,120456,clean_room ,0.099218674
25098,253796,120456,nursery ,0.061874118
25099,253796,120456,museum/indoor ,0.041338038
25100,253796,120480,staircase ,0.15129513
25101,253796,120480,museum/indoor ,0.10697122
25102,253796,120480,nursery ,0.07771405
25103,253796,120480,archive ,0.07583964
25104,253796,120480,art_gallery ,0.07047696
25105,253796,120504,staircase ,0.36529768
25106,253796,120504,entrance_hall ,0.26818505
25107,253796,120504,museum/indoor ,0.08834557
25108,253796,120504,corridor ,0.034439582
25109,253796,120504,art_gallery ,0.03273756
25110,253796,120528,staircase ,0.25488064
25111,253796,120528,museum/indoor ,0.2428894
25112,253796,120528,art_gallery ,0.118645646
25113,253796,120528,clean_room ,0.038164396
25114,253796,120528,entrance_hall ,0.036709845
25115,253796,120552,staircase ,0.85325193
25116,253796,120552,entrance_hall ,0.079929605
25117,253796,120552,museum/indoor ,0.019017473
25118,253796,120552,mezzanine ,0.014303951
25119,253796,120552,lobby ,0.0034964695
25120,253796,120576,staircase ,0.57561475
25121,253796,120576,entrance_hall ,0.11161697
25122,253796,120576,museum/indoor ,0.090952225
25123,253796,120576,archive ,0.027900249
25124,253796,120576,mezzanine ,0.02181461
25125,253796,120600,clean_room ,0.2738053
25126,253796,120600,staircase ,0.07073032
25127,253796,120600,museum/indoor ,0.050847992
25128,253796,120600,engine_room ,0.04373717
25129,253796,120600,operating_room ,0.0419486
25130,253796,120624,archive ,0.1211548
25131,253796,120624,clean_room ,0.11905685
25132,253796,120624,staircase ,0.095202014
25133,253796,120624,attic ,0.052050244
25134,253796,120624,engine_room ,0.04547985
25135,253796,120648,clean_room ,0.14644165
25136,253796,120648,archive ,0.13521273
25137,253796,120648,staircase ,0.081256755
25138,253796,120648,elevator_shaft ,0.05501291
25139,253796,120648,attic ,0.03964552
25140,253796,120672,archive ,0.23140071
25141,253796,120672,clean_room ,0.10781317
25142,253796,120672,museum/indoor ,0.079804994
25143,253796,120672,attic ,0.041898318
25144,253796,120672,physics_laboratory ,0.03542945
25145,253796,120696,clean_room ,0.3535868
25146,253796,120696,museum/indoor ,0.10483916
25147,253796,120696,archive ,0.07242793
25148,253796,120696,physics_laboratory ,0.047148928
25149,253796,120696,jewelry_shop ,0.045952085
25150,253796,120720,clean_room ,0.17538872
25151,253796,120720,archive ,0.1472154
25152,253796,120720,elevator_shaft ,0.07547865
25153,253796,120720,staircase ,0.05721993
25154,253796,120720,bank_vault ,0.0501774
25155,253796,120744,clean_room ,0.14489008
25156,253796,120744,elevator_shaft ,0.08154063
25157,253796,120744,museum/indoor ,0.058841202
25158,253796,120744,bank_vault ,0.053615134
25159,253796,120744,archive ,0.051849887
25160,253796,120768,elevator_shaft ,0.21904379
25161,253796,120768,staircase ,0.09048198
25162,253796,120768,clean_room ,0.061450485
25163,253796,120768,bank_vault ,0.060078904
25164,253796,120768,attic ,0.044675045
25165,253796,120792,elevator_shaft ,0.14074127
25166,253796,120792,archive ,0.11708574
25167,253796,120792,staircase ,0.11191472
25168,253796,120792,attic ,0.06322283
25169,253796,120792,bank_vault ,0.052255806
25170,253796,120816,jewelry_shop ,0.11166204
25171,253796,120816,museum/indoor ,0.09007963
25172,253796,120816,elevator_shaft ,0.07615484
25173,253796,120816,clean_room ,0.06653616
25174,253796,120816,staircase ,0.04906226
25175,253796,120840,elevator_shaft ,0.11615299
25176,253796,120840,clean_room ,0.098613165
25177,253796,120840,bank_vault ,0.09473189
25178,253796,120840,archive ,0.06294646
25179,253796,120840,museum/indoor ,0.057916373
25180,253796,120864,museum/indoor ,0.101861455
25181,253796,120864,bank_vault ,0.058892395
25182,253796,120864,clean_room ,0.058861207
25183,253796,120864,archive ,0.056489754
25184,253796,120864,locker_room ,0.05190153
25185,253796,120888,archive ,0.17248371
25186,253796,120888,elevator_shaft ,0.10281382
25187,253796,120888,museum/indoor ,0.057347346
25188,253796,120888,staircase ,0.05238648
25189,253796,120888,bank_vault ,0.049909364
25190,253796,120912,archive ,0.10379045
25191,253796,120912,elevator_shaft ,0.08389094
25192,253796,120912,jail_cell ,0.07158161
25193,253796,120912,staircase ,0.069125265
25194,253796,120912,locker_room ,0.066972665
25195,253796,120936,staircase ,0.2327638
25196,253796,120936,shower ,0.118019536
25197,253796,120936,barndoor ,0.051936798
25198,253796,120936,bathroom ,0.044394925
25199,253796,120936,attic ,0.041638702
25200,253796,120960,shower ,0.14261752
25201,253796,120960,staircase ,0.086392745
25202,253796,120960,bathroom ,0.07280215
25203,253796,120960,locker_room ,0.047591228
25204,253796,120960,clean_room ,0.043106787
25205,253796,120984,clean_room ,0.110150106
25206,253796,120984,shower ,0.09035616
25207,253796,120984,museum/indoor ,0.08957792
25208,253796,120984,jewelry_shop ,0.058301527
25209,253796,120984,bathroom ,0.04860472
25210,253796,121008,staircase ,0.159878
25211,253796,121008,attic ,0.10301606
25212,253796,121008,shower ,0.08690767
25213,253796,121008,escalator/indoor ,0.056020804
25214,253796,121008,bathroom ,0.034567386
25215,253796,121032,escalator/indoor ,0.124434285
25216,253796,121032,staircase ,0.10697784
25217,253796,121032,clean_room ,0.078965075
25218,253796,121032,museum/indoor ,0.06676507
25219,253796,121032,shower ,0.06327864
25220,253796,121056,escalator/indoor ,0.23146182
25221,253796,121056,staircase ,0.22314017
25222,253796,121056,artists_loft ,0.06521453
25223,253796,121056,art_gallery ,0.06468475
25224,253796,121056,art_studio ,0.055647686
25225,253796,121080,clean_room ,0.30230537
25226,253796,121080,dressing_room ,0.14152811
25227,253796,121080,museum/indoor ,0.07699657
25228,253796,121080,locker_room ,0.03630052
25229,253796,121080,sauna ,0.03543229
25230,253796,121104,clean_room ,0.6175946
25231,253796,121104,locker_room ,0.038968574
25232,253796,121104,elevator/door ,0.032241784
25233,253796,121104,art_gallery ,0.024268309
25234,253796,121104,archive ,0.020709045
25235,253796,121128,art_gallery ,0.2601544
25236,253796,121128,home_theater ,0.10265406
25237,253796,121128,shower ,0.06977919
25238,253796,121128,barndoor ,0.061525296
25239,253796,121128,elevator/door ,0.05222553
25240,253796,121152,museum/indoor ,0.2824276
25241,253796,121152,art_gallery ,0.25995257
25242,253796,121152,clean_room ,0.1359626
25243,253796,121152,science_museum ,0.10076289
25244,253796,121152,natural_history_museum ,0.05454515
25245,253796,121176,museum/indoor ,0.4402821
25246,253796,121176,art_gallery ,0.16271962
25247,253796,121176,clean_room ,0.10446363
25248,253796,121176,science_museum ,0.09483588
25249,253796,121176,natural_history_museum ,0.07776304
25250,253796,121200,archive ,0.463096
25251,253796,121200,jewelry_shop ,0.07190882
25252,253796,121200,clean_room ,0.04774589
25253,253796,121200,reception ,0.04738698
25254,253796,121200,museum/indoor ,0.041078668
25255,253796,121224,archive ,0.21033034
25256,253796,121224,jewelry_shop ,0.18382518
25257,253796,121224,museum/indoor ,0.14536513
25258,253796,121224,reception ,0.037693847
25259,253796,121224,nursery ,0.03535352
25260,253796,121248,museum/indoor ,0.34151968
25261,253796,121248,archive ,0.24455635
25262,253796,121248,jewelry_shop ,0.07172794
25263,253796,121248,nursery ,0.05512963
25264,253796,121248,clean_room ,0.02851594
25265,253796,121272,museum/indoor ,0.42414042
25266,253796,121272,jewelry_shop ,0.2924157
25267,253796,121272,archive ,0.0639233
25268,253796,121272,clean_room ,0.03315285
25269,253796,121272,art_gallery ,0.02508855
25270,253796,121296,museum/indoor ,0.6661051
25271,253796,121296,archive ,0.16770996
25272,253796,121296,jewelry_shop ,0.025603084
25273,253796,121296,clean_room ,0.018053507
25274,253796,121296,physics_laboratory ,0.011975882
25275,253796,121320,museum/indoor ,0.42442682
25276,253796,121320,archive ,0.35312042
25277,253796,121320,jewelry_shop ,0.03288478
25278,253796,121320,clean_room ,0.020223897
25279,253796,121320,classroom ,0.019529333
25280,253796,121344,archive ,0.23440436
25281,253796,121344,museum/indoor ,0.18697579
25282,253796,121344,jewelry_shop ,0.18022679
25283,253796,121344,clean_room ,0.0493345
25284,253796,121344,nursery ,0.04125501
25285,253796,121368,archive ,0.39407292
25286,253796,121368,museum/indoor ,0.19077668
25287,253796,121368,jewelry_shop ,0.084887944
25288,253796,121368,clean_room ,0.048787132
25289,253796,121368,nursery ,0.04345292
25290,253796,121392,archive ,0.3500015
25291,253796,121392,jewelry_shop ,0.18028513
25292,253796,121392,museum/indoor ,0.10902753
25293,253796,121392,clean_room ,0.049752567
25294,253796,121392,nursery ,0.04399355
25295,253796,121416,archive ,0.40723857
25296,253796,121416,museum/indoor ,0.1417323
25297,253796,121416,jewelry_shop ,0.11463798
25298,253796,121416,clean_room ,0.05720068
25299,253796,121416,kindergarden_classroom ,0.02979641
25300,253796,121440,museum/indoor ,0.5903277
25301,253796,121440,archive ,0.14163202
25302,253796,121440,jewelry_shop ,0.07495374
25303,253796,121440,art_studio ,0.020395117
25304,253796,121440,art_school ,0.016918195
25305,253796,121464,museum/indoor ,0.52415913
25306,253796,121464,jewelry_shop ,0.22401603
25307,253796,121464,archive ,0.055514265
25308,253796,121464,clean_room ,0.03100929
25309,253796,121464,physics_laboratory ,0.018253854
25310,253796,121488,museum/indoor ,0.77922755
25311,253796,121488,archive ,0.060045585
25312,253796,121488,jewelry_shop ,0.039792534
25313,253796,121488,clean_room ,0.02642201
25314,253796,121488,physics_laboratory ,0.011347158
25315,253796,121512,museum/indoor ,0.7617694
25316,253796,121512,archive ,0.07863498
25317,253796,121512,clean_room ,0.04013188
25318,253796,121512,jewelry_shop ,0.019740034
25319,253796,121512,physics_laboratory ,0.013677482
25320,253796,121536,museum/indoor ,0.84294015
25321,253796,121536,archive ,0.068425894
25322,253796,121536,jewelry_shop ,0.013801946
25323,253796,121536,clean_room ,0.013124872
25324,253796,121536,dressing_room ,0.006561791
25325,253796,121560,museum/indoor ,0.47469807
25326,253796,121560,archive ,0.123964265
25327,253796,121560,clean_room ,0.080577046
25328,253796,121560,dressing_room ,0.07175328
25329,253796,121560,locker_room ,0.035307106
25330,253796,121584,museum/indoor ,0.78211546
25331,253796,121584,archive ,0.10472065
25332,253796,121584,clean_room ,0.019542819
25333,253796,121584,dressing_room ,0.00959672
25334,253796,121584,physics_laboratory ,0.009314092
25335,253796,121608,museum/indoor ,0.62392217
25336,253796,121608,archive ,0.066348396
25337,253796,121608,dressing_room ,0.058000885
25338,253796,121608,clean_room ,0.051911194
25339,253796,121608,clothing_store ,0.028041216
25340,253796,121632,museum/indoor ,0.56460017
25341,253796,121632,archive ,0.13871028
25342,253796,121632,clean_room ,0.07149746
25343,253796,121632,physics_laboratory ,0.025753673
25344,253796,121632,dressing_room ,0.01760414
25345,253796,121656,museum/indoor ,0.39805636
25346,253796,121656,archive ,0.22972094
25347,253796,121656,art_studio ,0.04147419
25348,253796,121656,clean_room ,0.027398119
25349,253796,121656,dressing_room ,0.027247481
25350,253796,121680,museum/indoor ,0.29948062
25351,253796,121680,archive ,0.22769989
25352,253796,121680,clean_room ,0.20528914
25353,253796,121680,dressing_room ,0.033564538
25354,253796,121680,classroom ,0.02891604
25355,253796,121704,museum/indoor ,0.405422
25356,253796,121704,archive ,0.18870497
25357,253796,121704,clean_room ,0.11711518
25358,253796,121704,dressing_room ,0.023063445
25359,253796,121704,art_studio ,0.021250172
25360,253796,121728,archive ,0.27126694
25361,253796,121728,clean_room ,0.2386259
25362,253796,121728,reception ,0.049699273
25363,253796,121728,museum/indoor ,0.04392086
25364,253796,121728,nursery ,0.03979409
25365,253796,121752,clean_room ,0.25457257
25366,253796,121752,archive ,0.24248202
25367,253796,121752,nursery ,0.19132687
25368,253796,121752,hospital_room ,0.031146696
25369,253796,121752,nursing_home ,0.0287063
25370,253796,121776,archive ,0.3501893
25371,253796,121776,clean_room ,0.17392892
25372,253796,121776,nursery ,0.14357875
25373,253796,121776,hospital_room ,0.03254982
25374,253796,121776,nursing_home ,0.03220471
25375,253796,121800,archive ,0.40190238
25376,253796,121800,clean_room ,0.31524897
25377,253796,121800,nursery ,0.06411847
25378,253796,121800,nursing_home ,0.020934511
25379,253796,121800,physics_laboratory ,0.01944473
25380,253796,121824,archive ,0.40635872
25381,253796,121824,clean_room ,0.4055519
25382,253796,121824,nursery ,0.036950104
25383,253796,121824,physics_laboratory ,0.022566218
25384,253796,121824,museum/indoor ,0.017464915
25385,253796,121848,archive ,0.37865844
25386,253796,121848,clean_room ,0.37615085
25387,253796,121848,nursery ,0.044777077
25388,253796,121848,museum/indoor ,0.041532498
25389,253796,121848,music_studio ,0.019953316
25390,253796,121872,archive ,0.42157647
25391,253796,121872,clean_room ,0.31602603
25392,253796,121872,nursery ,0.06014334
25393,253796,121872,museum/indoor ,0.040401522
25394,253796,121872,music_studio ,0.020359518
25395,253796,121896,clean_room ,0.44721782
25396,253796,121896,archive ,0.3567841
25397,253796,121896,nursery ,0.036382083
25398,253796,121896,music_studio ,0.022277983
25399,253796,121896,museum/indoor ,0.019479945
25400,253796,121920,clean_room ,0.53186315
25401,253796,121920,archive ,0.28263775
25402,253796,121920,laundromat ,0.040746532
25403,253796,121920,nursery ,0.034401502
25404,253796,121920,physics_laboratory ,0.014599334
25405,253796,121944,clean_room ,0.47706252
25406,253796,121944,archive ,0.32511932
25407,253796,121944,nursery ,0.036284436
25408,253796,121944,laundromat ,0.034507807
25409,253796,121944,physics_laboratory ,0.018152524
25410,253796,121968,clean_room ,0.49837664
25411,253796,121968,archive ,0.3070661
25412,253796,121968,nursery ,0.036483526
25413,253796,121968,laundromat ,0.029420083
25414,253796,121968,physics_laboratory ,0.017330905
25415,253796,121992,clean_room ,0.50662684
25416,253796,121992,archive ,0.32400405
25417,253796,121992,nursery ,0.0280737
25418,253796,121992,laundromat ,0.027310234
25419,253796,121992,physics_laboratory ,0.020484407
25420,253796,122016,clean_room ,0.46701175
25421,253796,122016,archive ,0.2874598
25422,253796,122016,nursery ,0.066797495
25423,253796,122016,laundromat ,0.035441764
25424,253796,122016,music_studio ,0.017629882
25425,253796,122040,archive ,0.41536802
25426,253796,122040,clean_room ,0.39018208
25427,253796,122040,laundromat ,0.03120639
25428,253796,122040,nursery ,0.029694228
25429,253796,122040,museum/indoor ,0.02219937
25430,253796,122064,clean_room ,0.4717998
25431,253796,122064,archive ,0.3629568
25432,253796,122064,nursery ,0.031501483
25433,253796,122064,laundromat ,0.027572127
25434,253796,122064,physics_laboratory ,0.01583103
25435,253796,122088,clean_room ,0.5388954
25436,253796,122088,archive ,0.2700887
25437,253796,122088,nursery ,0.04005722
25438,253796,122088,laundromat ,0.036102746
25439,253796,122088,music_studio ,0.018399304
25440,253796,122112,clean_room ,0.42345676
25441,253796,122112,archive ,0.31782085
25442,253796,122112,nursery ,0.0579194
25443,253796,122112,laundromat ,0.051700424
25444,253796,122112,music_studio ,0.03264812
25445,253796,122136,archive ,0.3944502
25446,253796,122136,clean_room ,0.35078675
25447,253796,122136,nursery ,0.06448164
25448,253796,122136,music_studio ,0.03213073
25449,253796,122136,laundromat ,0.025112707
25450,253796,122160,archive ,0.332348
25451,253796,122160,clean_room ,0.33103272
25452,253796,122160,nursery ,0.08705109
25453,253796,122160,laundromat ,0.08518699
25454,253796,122160,utility_room ,0.049865868
25455,253796,122184,clean_room ,0.41961208
25456,253796,122184,archive ,0.2532887
25457,253796,122184,laundromat ,0.0949157
25458,253796,122184,nursery ,0.08835801
25459,253796,122184,utility_room ,0.04687497
25460,253796,122208,locker_room ,0.20582761
25461,253796,122208,clean_room ,0.19552986
25462,253796,122208,dressing_room ,0.16148677
25463,253796,122208,shower ,0.07430298
25464,253796,122208,elevator/door ,0.060554832
25465,253796,122232,locker_room ,0.40469247
25466,253796,122232,elevator/door ,0.26775694
25467,253796,122232,dressing_room ,0.12781006
25468,253796,122232,elevator_lobby ,0.055226743
25469,253796,122232,shower ,0.035827905
25470,253796,122256,elevator/door ,0.35152388
25471,253796,122256,locker_room ,0.31588173
25472,253796,122256,dressing_room ,0.10987184
25473,253796,122256,jail_cell ,0.045115575
25474,253796,122256,elevator_lobby ,0.04186032
25475,253796,122280,museum/indoor ,0.5502569
25476,253796,122280,stage/indoor ,0.17272283
25477,253796,122280,art_gallery ,0.0983901
25478,253796,122280,science_museum ,0.069930635
25479,253796,122280,dressing_room ,0.020408476
25480,253796,122304,museum/indoor ,0.4252693
25481,253796,122304,dressing_room ,0.1271149
25482,253796,122304,stage/indoor ,0.08480157
25483,253796,122304,archive ,0.059593696
25484,253796,122304,science_museum ,0.054623026
25485,253796,122328,museum/indoor ,0.16639332
25486,253796,122328,kindergarden_classroom ,0.08150832
25487,253796,122328,clean_room ,0.081166506
25488,253796,122328,dressing_room ,0.0766165
25489,253796,122328,classroom ,0.06625411
25490,253796,122352,museum/indoor ,0.28679994
25491,253796,122352,science_museum ,0.22070222
25492,253796,122352,kindergarden_classroom ,0.10453489
25493,253796,122352,nursery ,0.045097873
25494,253796,122352,natural_history_museum ,0.042509448
25495,253796,122376,museum/indoor ,0.1933707
25496,253796,122376,dressing_room ,0.17422684
25497,253796,122376,kindergarden_classroom ,0.14482339
25498,253796,122376,science_museum ,0.11125078
25499,253796,122376,nursery ,0.08044839
25500,253796,122400,museum/indoor ,0.40020984
25501,253796,122400,science_museum ,0.13867228
25502,253796,122400,natural_history_museum ,0.09696086
25503,253796,122400,dressing_room ,0.09546654
25504,253796,122400,kindergarden_classroom ,0.060557462
25505,253796,122424,dressing_room ,0.19948433
25506,253796,122424,museum/indoor ,0.1815986
25507,253796,122424,natural_history_museum ,0.17993158
25508,253796,122424,science_museum ,0.13557284
25509,253796,122424,archive ,0.08862622
25510,253796,122448,museum/indoor ,0.28676736
25511,253796,122448,natural_history_museum ,0.22805771
25512,253796,122448,science_museum ,0.14677294
25513,253796,122448,kindergarden_classroom ,0.0936547
25514,253796,122448,archive ,0.057094794
25515,253796,122472,museum/indoor ,0.30876517
25516,253796,122472,natural_history_museum ,0.2935404
25517,253796,122472,science_museum ,0.1466677
25518,253796,122472,dressing_room ,0.06048751
25519,253796,122472,archive ,0.059010573
25520,253796,122496,dressing_room ,0.3338423
25521,253796,122496,museum/indoor ,0.21101384
25522,253796,122496,archive ,0.111747146
25523,253796,122496,natural_history_museum ,0.090238005
25524,253796,122496,science_museum ,0.06210301
25525,253796,122520,dressing_room ,0.3176945
25526,253796,122520,museum/indoor ,0.19455996
25527,253796,122520,natural_history_museum ,0.13006562
25528,253796,122520,science_museum ,0.08193471
25529,253796,122520,kindergarden_classroom ,0.05878893
25530,253796,122544,dressing_room ,0.47123495
25531,253796,122544,archive ,0.095166974
25532,253796,122544,museum/indoor ,0.07633998
25533,253796,122544,kindergarden_classroom ,0.06251068
25534,253796,122544,locker_room ,0.046219733
25535,253796,122568,dressing_room ,0.2516613
25536,253796,122568,archive ,0.19905694
25537,253796,122568,museum/indoor ,0.12735586
25538,253796,122568,natural_history_museum ,0.07531983
25539,253796,122568,science_museum ,0.051695663
25540,253796,122592,natural_history_museum ,0.33264408
25541,253796,122592,museum/indoor ,0.31756622
25542,253796,122592,science_museum ,0.11127292
25543,253796,122592,dressing_room ,0.080257095
25544,253796,122592,archive ,0.07638033
25545,253796,122616,natural_history_museum ,0.31380364
25546,253796,122616,museum/indoor ,0.19952871
25547,253796,122616,science_museum ,0.15890756
25548,253796,122616,dressing_room ,0.115572326
25549,253796,122616,archive ,0.10597456
25550,253796,122640,dressing_room ,0.3236995
25551,253796,122640,museum/indoor ,0.16818391
25552,253796,122640,archive ,0.14060122
25553,253796,122640,natural_history_museum ,0.12012709
25554,253796,122640,science_museum ,0.09250217
25555,253796,122664,dressing_room ,0.3488204
25556,253796,122664,archive ,0.18973774
25557,253796,122664,science_museum ,0.07796191
25558,253796,122664,museum/indoor ,0.058763884
25559,253796,122664,natural_history_museum ,0.057716276
25560,253796,122688,archive ,0.25813824
25561,253796,122688,museum/indoor ,0.18454307
25562,253796,122688,dressing_room ,0.11756355
25563,253796,122688,science_museum ,0.10401022
25564,253796,122688,natural_history_museum ,0.08941043
25565,253796,122712,science_museum ,0.21759866
25566,253796,122712,museum/indoor ,0.17859688
25567,253796,122712,natural_history_museum ,0.1570794
25568,253796,122712,archive ,0.13125727
25569,253796,122712,dressing_room ,0.04784578
25570,253796,122736,dressing_room ,0.19679216
25571,253796,122736,museum/indoor ,0.15459612
25572,253796,122736,archive ,0.14034878
25573,253796,122736,science_museum ,0.12648177
25574,253796,122736,natural_history_museum ,0.07715146
25575,253796,122760,natural_history_museum ,0.2524983
25576,253796,122760,museum/indoor ,0.22685862
25577,253796,122760,science_museum ,0.17083357
25578,253796,122760,dressing_room ,0.08776843
25579,253796,122760,archive ,0.03485103
25580,253796,122784,museum/indoor ,0.5875899
25581,253796,122784,archive ,0.090782456
25582,253796,122784,science_museum ,0.058046773
25583,253796,122784,natural_history_museum ,0.04306772
25584,253796,122784,dressing_room ,0.037574764
25585,253796,122808,museum/indoor ,0.669386
25586,253796,122808,art_gallery ,0.08311792
25587,253796,122808,stage/indoor ,0.069359794
25588,253796,122808,clothing_store ,0.028183844
25589,253796,122808,art_studio ,0.026752597
25590,253796,122832,museum/indoor ,0.7120194
25591,253796,122832,art_gallery ,0.057171267
25592,253796,122832,clothing_store ,0.04509264
25593,253796,122832,stage/indoor ,0.03473862
25594,253796,122832,clean_room ,0.026093563
25595,253796,122856,museum/indoor ,0.71064156
25596,253796,122856,stage/indoor ,0.075373136
25597,253796,122856,art_gallery ,0.041282527
25598,253796,122856,clean_room ,0.038982354
25599,253796,122856,music_studio ,0.026518028
25600,253796,122880,museum/indoor ,0.7301895
25601,253796,122880,clean_room ,0.11658567
25602,253796,122880,art_gallery ,0.04174765
25603,253796,122880,clothing_store ,0.027234739
25604,253796,122880,stage/indoor ,0.013243829
25605,253796,122904,museum/indoor ,0.81762713
25606,253796,122904,clean_room ,0.053728253
25607,253796,122904,art_gallery ,0.032637782
25608,253796,122904,stage/indoor ,0.02327373
25609,253796,122904,science_museum ,0.020291096
25610,253796,122928,museum/indoor ,0.6035597
25611,253796,122928,clean_room ,0.14247629
25612,253796,122928,stage/indoor ,0.066377096
25613,253796,122928,art_gallery ,0.043139912
25614,253796,122928,music_studio ,0.027327493
25615,253796,122952,museum/indoor ,0.6892643
25616,253796,122952,stage/indoor ,0.08820202
25617,253796,122952,clean_room ,0.07674709
25618,253796,122952,art_gallery ,0.043320652
25619,253796,122952,science_museum ,0.02003456
25620,253796,122976,museum/indoor ,0.9010564
25621,253796,122976,art_gallery ,0.025587758
25622,253796,122976,clean_room ,0.020101767
25623,253796,122976,stage/indoor ,0.014662988
25624,253796,122976,science_museum ,0.009744777
25625,253796,123000,museum/indoor ,0.91374284
25626,253796,123000,clean_room ,0.018702531
25627,253796,123000,natural_history_museum ,0.01300805
25628,253796,123000,art_gallery ,0.012845703
25629,253796,123000,science_museum ,0.011295404
25630,253796,123024,museum/indoor ,0.87753445
25631,253796,123024,clean_room ,0.025182202
25632,253796,123024,stage/indoor ,0.018717414
25633,253796,123024,art_gallery ,0.016503446
25634,253796,123024,natural_history_museum ,0.015090593
25635,253796,123048,museum/indoor ,0.9254232
25636,253796,123048,clean_room ,0.019785222
25637,253796,123048,art_gallery ,0.013136067
25638,253796,123048,stage/indoor ,0.007863625
25639,253796,123048,natural_history_museum ,0.007748307
25640,253796,123072,museum/indoor ,0.8512172
25641,253796,123072,clean_room ,0.06680392
25642,253796,123072,art_gallery ,0.019728245
25643,253796,123072,natural_history_museum ,0.009609746
25644,253796,123072,science_museum ,0.0095009785
25645,253796,123096,museum/indoor ,0.8890296
25646,253796,123096,clean_room ,0.04270668
25647,253796,123096,art_gallery ,0.029142821
25648,253796,123096,natural_history_museum ,0.0064291824
25649,253796,123096,dressing_room ,0.0057283803
25650,253796,123120,museum/indoor ,0.86199415
25651,253796,123120,clean_room ,0.05489563
25652,253796,123120,art_gallery ,0.035754055
25653,253796,123120,dressing_room ,0.007905148
25654,253796,123120,science_museum ,0.0061072903
25655,253796,123144,museum/indoor ,0.8167528
25656,253796,123144,clean_room ,0.0663649
25657,253796,123144,art_gallery ,0.040447943
25658,253796,123144,dressing_room ,0.0168731
25659,253796,123144,science_museum ,0.008059057
25660,253796,123168,museum/indoor ,0.8363468
25661,253796,123168,clean_room ,0.0757665
25662,253796,123168,art_gallery ,0.044083245
25663,253796,123168,dressing_room ,0.007178118
25664,253796,123168,clothing_store ,0.006484636
25665,253796,123192,museum/indoor ,0.83808273
25666,253796,123192,clean_room ,0.05817053
25667,253796,123192,art_gallery ,0.042337723
25668,253796,123192,dressing_room ,0.00705626
25669,253796,123192,art_studio ,0.0070368988
25670,253796,123216,museum/indoor ,0.8153429
25671,253796,123216,clean_room ,0.06398238
25672,253796,123216,art_gallery ,0.049076647
25673,253796,123216,dressing_room ,0.010529627
25674,253796,123216,art_studio ,0.008747802
25675,253796,123240,museum/indoor ,0.8398619
25676,253796,123240,clean_room ,0.07253141
25677,253796,123240,art_gallery ,0.03862178
25678,253796,123240,natural_history_museum ,0.0069844006
25679,253796,123240,science_museum ,0.006765782
25680,253796,123264,museum/indoor ,0.8805622
25681,253796,123264,art_gallery ,0.03193694
25682,253796,123264,clean_room ,0.02895552
25683,253796,123264,natural_history_museum ,0.0132924905
25684,253796,123264,science_museum ,0.01104722
25685,253796,123288,museum/indoor ,0.9123081
25686,253796,123288,clean_room ,0.028718727
25687,253796,123288,art_gallery ,0.019775793
25688,253796,123288,natural_history_museum ,0.008507515
25689,253796,123288,science_museum ,0.007985976
25690,253796,123312,museum/indoor ,0.85232127
25691,253796,123312,clean_room ,0.051718947
25692,253796,123312,art_gallery ,0.032004215
25693,253796,123312,science_museum ,0.009059743
25694,253796,123312,natural_history_museum ,0.007068512
25695,253796,123336,museum/indoor ,0.93247247
25696,253796,123336,clean_room ,0.0319748
25697,253796,123336,art_gallery ,0.011060096
25698,253796,123336,natural_history_museum ,0.0065839346
25699,253796,123336,science_museum ,0.0038879942
25700,253796,123360,museum/indoor ,0.8976205
25701,253796,123360,clean_room ,0.044832595
25702,253796,123360,art_gallery ,0.023507172
25703,253796,123360,natural_history_museum ,0.0064980355
25704,253796,123360,clothing_store ,0.0049344436
25705,253796,123384,museum/indoor ,0.8497676
25706,253796,123384,clean_room ,0.066608794
25707,253796,123384,art_gallery ,0.03314029
25708,253796,123384,natural_history_museum ,0.006688253
25709,253796,123384,dressing_room ,0.0065265074
25710,253796,123408,museum/indoor ,0.8748021
25711,253796,123408,clean_room ,0.054463897
25712,253796,123408,art_gallery ,0.034125566
25713,253796,123408,natural_history_museum ,0.008610539
25714,253796,123408,science_museum ,0.004777041
25715,253796,123432,museum/indoor ,0.91805077
25716,253796,123432,clean_room ,0.028770339
25717,253796,123432,natural_history_museum ,0.015619085
25718,253796,123432,art_gallery ,0.013724675
25719,253796,123432,science_museum ,0.007793959
25720,253796,123456,museum/indoor ,0.92288923
25721,253796,123456,clean_room ,0.031671852
25722,253796,123456,art_gallery ,0.01760474
25723,253796,123456,natural_history_museum ,0.01203407
25724,253796,123456,dressing_room ,0.004334013
25725,253796,123480,museum/indoor ,0.9048942
25726,253796,123480,clean_room ,0.029453762
25727,253796,123480,art_gallery ,0.022686943
25728,253796,123480,natural_history_museum ,0.013284514
25729,253796,123480,dressing_room ,0.0066914256
25730,253796,123504,museum/indoor ,0.9041641
25731,253796,123504,art_gallery ,0.027220035
25732,253796,123504,clean_room ,0.02322104
25733,253796,123504,dressing_room ,0.01777506
25734,253796,123504,archive ,0.003576626
25735,253796,123528,museum/indoor ,0.7584151
25736,253796,123528,clean_room ,0.16297486
25737,253796,123528,art_gallery ,0.025062319
25738,253796,123528,dressing_room ,0.014815507
25739,253796,123528,clothing_store ,0.0076301377
25740,253796,123552,museum/indoor ,0.8167821
25741,253796,123552,clean_room ,0.11794534
25742,253796,123552,art_gallery ,0.018926296
25743,253796,123552,science_museum ,0.010012492
25744,253796,123552,natural_history_museum ,0.008511555
25745,253796,123576,museum/indoor ,0.79363555
25746,253796,123576,clean_room ,0.15366043
25747,253796,123576,art_gallery ,0.011683155
25748,253796,123576,natural_history_museum ,0.010452567
25749,253796,123576,science_museum ,0.007379578
25750,253796,123600,museum/indoor ,0.67143327
25751,253796,123600,clean_room ,0.19081886
25752,253796,123600,art_gallery ,0.053340964
25753,253796,123600,art_studio ,0.013839782
25754,253796,123600,clothing_store ,0.013654667
25755,253796,123624,museum/indoor ,0.7337585
25756,253796,123624,clean_room ,0.08280336
25757,253796,123624,stage/indoor ,0.045270238
25758,253796,123624,art_gallery ,0.03826232
25759,253796,123624,science_museum ,0.017973078
25760,253796,123648,museum/indoor ,0.7832591
25761,253796,123648,clean_room ,0.16562147
25762,253796,123648,art_gallery ,0.009552642
25763,253796,123648,clothing_store ,0.0076025114
25764,253796,123648,archive ,0.0063538384
25765,253796,123672,museum/indoor ,0.5629661
25766,253796,123672,clean_room ,0.24618572
25767,253796,123672,physics_laboratory ,0.03943602
25768,253796,123672,stage/indoor ,0.036317
25769,253796,123672,art_gallery ,0.022867065
25770,253796,123696,clean_room ,0.622671
25771,253796,123696,museum/indoor ,0.29130086
25772,253796,123696,stage/indoor ,0.019256998
25773,253796,123696,physics_laboratory ,0.016705913
25774,253796,123696,archive ,0.010864744
25775,253796,123720,museum/indoor ,0.23460338
25776,253796,123720,physics_laboratory ,0.21943544
25777,253796,123720,clean_room ,0.21536608
25778,253796,123720,stage/indoor ,0.14475593
25779,253796,123720,music_studio ,0.054754846
25780,253796,123744,museum/indoor ,0.7756074
25781,253796,123744,clean_room ,0.08919437
25782,253796,123744,physics_laboratory ,0.020773994
25783,253796,123744,art_gallery ,0.020425102
25784,253796,123744,stage/indoor ,0.015614298
25785,253796,123768,art_gallery ,0.09986798
25786,253796,123768,shower ,0.08851758
25787,253796,123768,stage/indoor ,0.08073234
25788,253796,123768,arena/performance ,0.069441676
25789,253796,123768,movie_theater/indoor ,0.04398008
25790,253796,123792,stage/indoor ,0.11912818
25791,253796,123792,art_gallery ,0.07782143
25792,253796,123792,shower ,0.067053646
25793,253796,123792,arena/performance ,0.06620814
25794,253796,123792,ice_shelf ,0.06567975
25795,253796,123816,classroom ,0.115879685
25796,253796,123816,ice_shelf ,0.08725266
25797,253796,123816,lecture_room ,0.08551736
25798,253796,123816,art_gallery ,0.077965535
25799,253796,123816,movie_theater/indoor ,0.04458228
25800,253796,123840,classroom ,0.08577817
25801,253796,123840,art_gallery ,0.07610193
25802,253796,123840,lecture_room ,0.07183858
25803,253796,123840,movie_theater/indoor ,0.06803437
25804,253796,123840,stage/indoor ,0.058576547
25805,253796,123864,art_gallery ,0.09934909
25806,253796,123864,classroom ,0.083921984
25807,253796,123864,movie_theater/indoor ,0.062004834
25808,253796,123864,ice_shelf ,0.05912512
25809,253796,123864,lecture_room ,0.05782033
25810,253796,123888,classroom ,0.26327422
25811,253796,123888,lecture_room ,0.12842721
25812,253796,123888,art_gallery ,0.08875809
25813,253796,123888,home_theater ,0.070132546
25814,253796,123888,art_studio ,0.056844868
25815,253796,123912,classroom ,0.29058984
25816,253796,123912,lecture_room ,0.12716013
25817,253796,123912,art_gallery ,0.0907335
25818,253796,123912,art_studio ,0.061187867
25819,253796,123912,museum/indoor ,0.052131075
25820,253796,123936,classroom ,0.19179572
25821,253796,123936,art_gallery ,0.14638352
25822,253796,123936,museum/indoor ,0.12005865
25823,253796,123936,lecture_room ,0.1105983
25824,253796,123936,art_studio ,0.05517749
25825,253796,123960,classroom ,0.26126826
25826,253796,123960,art_gallery ,0.19008541
25827,253796,123960,lecture_room ,0.10290885
25828,253796,123960,museum/indoor ,0.1007892
25829,253796,123960,art_studio ,0.07225418
25830,253796,123984,classroom ,0.2327939
25831,253796,123984,art_gallery ,0.22657214
25832,253796,123984,museum/indoor ,0.14122464
25833,253796,123984,art_studio ,0.08633103
25834,253796,123984,lecture_room ,0.08005893
25835,253796,124008,art_gallery ,0.30069405
25836,253796,124008,museum/indoor ,0.18377642
25837,253796,124008,classroom ,0.17054877
25838,253796,124008,art_studio ,0.08855358
25839,253796,124008,lecture_room ,0.07577792
25840,253796,124032,art_gallery ,0.41498646
25841,253796,124032,museum/indoor ,0.23456867
25842,253796,124032,art_studio ,0.1029208
25843,253796,124032,art_school ,0.06686252
25844,253796,124032,classroom ,0.05831591
25845,253796,124056,art_gallery ,0.41050053
25846,253796,124056,museum/indoor ,0.24028051
25847,253796,124056,art_studio ,0.084826685
25848,253796,124056,art_school ,0.06870628
25849,253796,124056,classroom ,0.046023272
25850,253796,124080,art_gallery ,0.28081438
25851,253796,124080,museum/indoor ,0.17806683
25852,253796,124080,classroom ,0.14778586
25853,253796,124080,art_school ,0.10058129
25854,253796,124080,art_studio ,0.09636503
25855,253796,124104,art_gallery ,0.45831284
25856,253796,124104,museum/indoor ,0.1444951
25857,253796,124104,art_studio ,0.07994782
25858,253796,124104,art_school ,0.063881025
25859,253796,124104,classroom ,0.047056805
25860,253796,124128,art_gallery ,0.42093727
25861,253796,124128,museum/indoor ,0.2084351
25862,253796,124128,art_studio ,0.06537595
25863,253796,124128,art_school ,0.055553257
25864,253796,124128,natural_history_museum ,0.035238996
25865,253796,124152,art_gallery ,0.3574852
25866,253796,124152,museum/indoor ,0.28128514
25867,253796,124152,art_studio ,0.060759123
25868,253796,124152,art_school ,0.056527756
25869,253796,124152,science_museum ,0.05350205
25870,253796,124176,art_gallery ,0.293149
25871,253796,124176,museum/indoor ,0.25078067
25872,253796,124176,art_studio ,0.07603782
25873,253796,124176,art_school ,0.075706646
25874,253796,124176,classroom ,0.07160478
25875,253796,124200,art_gallery ,0.3339672
25876,253796,124200,museum/indoor ,0.2578182
25877,253796,124200,art_studio ,0.062999725
25878,253796,124200,art_school ,0.054851428
25879,253796,124200,lecture_room ,0.05275184
25880,253796,124224,art_gallery ,0.31503102
25881,253796,124224,museum/indoor ,0.24834502
25882,253796,124224,art_studio ,0.07562662
25883,253796,124224,art_school ,0.06768849
25884,253796,124224,classroom ,0.062300842
25885,253796,124248,art_gallery ,0.2783655
25886,253796,124248,museum/indoor ,0.26608524
25887,253796,124248,art_studio ,0.0766794
25888,253796,124248,art_school ,0.07503217
25889,253796,124248,lecture_room ,0.060495432
25890,253796,124272,art_gallery ,0.2464148
25891,253796,124272,museum/indoor ,0.22157173
25892,253796,124272,classroom ,0.09255883
25893,253796,124272,lecture_room ,0.09184431
25894,253796,124272,art_studio ,0.07417223
25895,253796,124296,museum/indoor ,0.24077927
25896,253796,124296,art_gallery ,0.20499551
25897,253796,124296,classroom ,0.09933281
25898,253796,124296,lecture_room ,0.09406911
25899,253796,124296,art_school ,0.0795533
25900,253796,124320,art_gallery ,0.25347787
25901,253796,124320,museum/indoor ,0.23440993
25902,253796,124320,classroom ,0.08403469
25903,253796,124320,art_school ,0.08052134
25904,253796,124320,art_studio ,0.0798347
25905,253796,124344,art_gallery ,0.26756412
25906,253796,124344,museum/indoor ,0.24385351
25907,253796,124344,lecture_room ,0.06845426
25908,253796,124344,art_school ,0.06798381
25909,253796,124344,art_studio ,0.06710398
25910,253796,124368,art_gallery ,0.25172815
25911,253796,124368,museum/indoor ,0.22994855
25912,253796,124368,art_school ,0.07005922
25913,253796,124368,art_studio ,0.069609605
25914,253796,124368,science_museum ,0.06714706
25915,253796,124392,art_gallery ,0.26302388
25916,253796,124392,museum/indoor ,0.25655657
25917,253796,124392,art_studio ,0.069186725
25918,253796,124392,art_school ,0.06912882
25919,253796,124392,lecture_room ,0.06731918
25920,253796,124416,museum/indoor ,0.24363776
25921,253796,124416,art_gallery ,0.21072747
25922,253796,124416,classroom ,0.098279744
25923,253796,124416,lecture_room ,0.09705531
25924,253796,124416,art_school ,0.076961875
25925,253796,124440,museum/indoor ,0.22036208
25926,253796,124440,art_gallery ,0.20091175
25927,253796,124440,classroom ,0.1579732
25928,253796,124440,lecture_room ,0.09497072
25929,253796,124440,art_school ,0.09013746
25930,253796,124464,art_gallery ,0.27542007
25931,253796,124464,museum/indoor ,0.19784106
25932,253796,124464,classroom ,0.110577114
25933,253796,124464,lecture_room ,0.08347506
25934,253796,124464,art_school ,0.067537986
25935,253796,124488,museum/indoor ,0.20590262
25936,253796,124488,art_gallery ,0.20348652
25937,253796,124488,classroom ,0.17042598
25938,253796,124488,lecture_room ,0.11715195
25939,253796,124488,art_school ,0.067968994
25940,253796,124512,art_gallery ,0.21308048
25941,253796,124512,museum/indoor ,0.20110224
25942,253796,124512,classroom ,0.16207449
25943,253796,124512,lecture_room ,0.11590488
25944,253796,124512,art_school ,0.07787856
25945,253796,124536,museum/indoor ,0.71770376
25946,253796,124536,art_gallery ,0.14489561
25947,253796,124536,artists_loft ,0.026980592
25948,253796,124536,clean_room ,0.024901692
25949,253796,124536,art_studio ,0.020196375
25950,253796,124560,museum/indoor ,0.7331192
25951,253796,124560,art_gallery ,0.1126158
25952,253796,124560,stage/indoor ,0.0319905
25953,253796,124560,artists_loft ,0.020853534
25954,253796,124560,bow_window/indoor ,0.019090371
25955,253796,124584,museum/indoor ,0.74254596
25956,253796,124584,art_gallery ,0.11822865
25957,253796,124584,stage/indoor ,0.023810059
25958,253796,124584,artists_loft ,0.021598924
25959,253796,124584,bow_window/indoor ,0.019380158
25960,253796,124608,museum/indoor ,0.6859792
25961,253796,124608,art_gallery ,0.142499
25962,253796,124608,bow_window/indoor ,0.040956315
25963,253796,124608,artists_loft ,0.032058377
25964,253796,124608,natural_history_museum ,0.02250621
25965,253796,124632,museum/indoor ,0.67151016
25966,253796,124632,art_gallery ,0.18935181
25967,253796,124632,artists_loft ,0.038295537
25968,253796,124632,bow_window/indoor ,0.026744436
25969,253796,124632,art_studio ,0.021685276
25970,253796,124656,museum/indoor ,0.5260843
25971,253796,124656,art_gallery ,0.16028927
25972,253796,124656,bow_window/indoor ,0.08153576
25973,253796,124656,artists_loft ,0.06249655
25974,253796,124656,clean_room ,0.03368272
25975,253796,124680,museum/indoor ,0.6155562
25976,253796,124680,art_gallery ,0.20656298
25977,253796,124680,artists_loft ,0.05644377
25978,253796,124680,bow_window/indoor ,0.029654162
25979,253796,124680,art_studio ,0.028214011
25980,253796,124704,museum/indoor ,0.71718764
25981,253796,124704,art_gallery ,0.15047026
25982,253796,124704,bow_window/indoor ,0.03766897
25983,253796,124704,artists_loft ,0.022928389
25984,253796,124704,clean_room ,0.021010153
25985,253796,124728,museum/indoor ,0.70857435
25986,253796,124728,art_gallery ,0.15394995
25987,253796,124728,bow_window/indoor ,0.04516216
25988,253796,124728,artists_loft ,0.027894694
25989,253796,124728,clean_room ,0.022245996
25990,253796,124752,museum/indoor ,0.8116274
25991,253796,124752,art_gallery ,0.0963454
25992,253796,124752,bow_window/indoor ,0.02012513
25993,253796,124752,natural_history_museum ,0.018001916
25994,253796,124752,artists_loft ,0.013936083
25995,253796,124776,museum/indoor ,0.77614576
25996,253796,124776,art_gallery ,0.10937016
25997,253796,124776,bow_window/indoor ,0.028646126
25998,253796,124776,natural_history_museum ,0.021235254
25999,253796,124776,artists_loft ,0.015817901
26000,253796,124800,museum/indoor ,0.7805082
26001,253796,124800,art_gallery ,0.13841344
26002,253796,124800,bow_window/indoor ,0.01707916
26003,253796,124800,artists_loft ,0.016153561
26004,253796,124800,clean_room ,0.013859855
26005,253796,124824,museum/indoor ,0.76452804
26006,253796,124824,art_gallery ,0.116599776
26007,253796,124824,clean_room ,0.027005918
26008,253796,124824,art_studio ,0.017944328
26009,253796,124824,artists_loft ,0.01269187
26010,253796,124848,museum/indoor ,0.6995464
26011,253796,124848,art_gallery ,0.14808783
26012,253796,124848,clean_room ,0.02611227
26013,253796,124848,artists_loft ,0.025159484
26014,253796,124848,art_studio ,0.023959018
26015,253796,124872,museum/indoor ,0.76254666
26016,253796,124872,art_gallery ,0.14228114
26017,253796,124872,bow_window/indoor ,0.02737222
26018,253796,124872,artists_loft ,0.016891412
26019,253796,124872,clean_room ,0.012035573
26020,253796,124896,museum/indoor ,0.73846585
26021,253796,124896,art_gallery ,0.17419544
26022,253796,124896,art_studio ,0.017206512
26023,253796,124896,artists_loft ,0.0158483
26024,253796,124896,clean_room ,0.013632543
26025,253796,124920,museum/indoor ,0.69406444
26026,253796,124920,art_gallery ,0.15895757
26027,253796,124920,clean_room ,0.040498957
26028,253796,124920,artists_loft ,0.035862982
26029,253796,124920,art_studio ,0.0132970605
26030,253796,124944,museum/indoor ,0.69643056
26031,253796,124944,art_gallery ,0.1448552
26032,253796,124944,artists_loft ,0.0319948
26033,253796,124944,natural_history_museum ,0.028448189
26034,253796,124944,clean_room ,0.02761256
26035,253796,124968,museum/indoor ,0.65042645
26036,253796,124968,art_gallery ,0.11219369
26037,253796,124968,clean_room ,0.048226096
26038,253796,124968,artists_loft ,0.037368022
26039,253796,124968,bow_window/indoor ,0.03594304
26040,253796,124992,museum/indoor ,0.432782
26041,253796,124992,art_gallery ,0.23527773
26042,253796,124992,clean_room ,0.07264183
26043,253796,124992,artists_loft ,0.05051947
26044,253796,124992,natural_history_museum ,0.028705146
26045,253796,125016,museum/indoor ,0.47804052
26046,253796,125016,art_gallery ,0.20989588
26047,253796,125016,clean_room ,0.12674026
26048,253796,125016,stage/indoor ,0.044890534
26049,253796,125016,artists_loft ,0.037031814
26050,253796,125040,clean_room ,0.49002668
26051,253796,125040,museum/indoor ,0.097218536
26052,253796,125040,natural_history_museum ,0.0734178
26053,253796,125040,art_gallery ,0.07329166
26054,253796,125040,shower ,0.044852205
26055,253796,125064,clean_room ,0.9662425
26056,253796,125064,art_gallery ,0.009437938
26057,253796,125064,museum/indoor ,0.0038940588
26058,253796,125064,nursery ,0.0037955332
26059,253796,125064,childs_room ,0.0016190438
26060,253796,125088,clean_room ,0.67405975
26061,253796,125088,nursery ,0.09215022
26062,253796,125088,bedroom ,0.028999215
26063,253796,125088,childs_room ,0.02614688
26064,253796,125088,hospital_room ,0.020397183
26065,253796,125112,clean_room ,0.6901847
26066,253796,125112,nursery ,0.034458064
26067,253796,125112,bedroom ,0.023266468
26068,253796,125112,dressing_room ,0.021887708
26069,253796,125112,martial_arts_gym ,0.01996411
26070,253796,125136,clean_room ,0.8029794
26071,253796,125136,museum/indoor ,0.023371933
26072,253796,125136,nursery ,0.020259049
26073,253796,125136,dressing_room ,0.018637834
26074,253796,125136,art_gallery ,0.017320676
26075,253796,125160,clean_room ,0.66952044
26076,253796,125160,museum/indoor ,0.05958005
26077,253796,125160,art_gallery ,0.032044172
26078,253796,125160,nursery ,0.02485194
26079,253796,125160,dressing_room ,0.023715064
26080,253796,125184,clean_room ,0.68981034
26081,253796,125184,museum/indoor ,0.048932232
26082,253796,125184,nursery ,0.029441014
26083,253796,125184,dressing_room ,0.025920596
26084,253796,125184,art_gallery ,0.022955751
26085,253796,125208,clean_room ,0.6257525
26086,253796,125208,museum/indoor ,0.05121302
26087,253796,125208,nursery ,0.048933655
26088,253796,125208,dressing_room ,0.035168767
26089,253796,125208,art_gallery ,0.030086476
26090,253796,125232,clean_room ,0.5737933
26091,253796,125232,museum/indoor ,0.078309886
26092,253796,125232,nursery ,0.072494596
26093,253796,125232,art_gallery ,0.04859627
26094,253796,125232,dressing_room ,0.037828613
26095,253796,125256,clean_room ,0.6020066
26096,253796,125256,museum/indoor ,0.102406085
26097,253796,125256,art_gallery ,0.06138798
26098,253796,125256,nursery ,0.045285124
26099,253796,125256,dressing_room ,0.031681433
26100,253796,125280,clean_room ,0.84495515
26101,253796,125280,museum/indoor ,0.0377153
26102,253796,125280,art_gallery ,0.022473762
26103,253796,125280,nursery ,0.011214223
26104,253796,125280,veterinarians_office ,0.0076902597
26105,253796,125304,clean_room ,0.96639353
26106,253796,125304,operating_room ,0.0068685636
26107,253796,125304,museum/indoor ,0.0039691734
26108,253796,125304,hospital_room ,0.0034408777
26109,253796,125304,veterinarians_office ,0.0028346484
26110,253796,125328,clean_room ,0.87169737
26111,253796,125328,museum/indoor ,0.027766146
26112,253796,125328,art_gallery ,0.023536613
26113,253796,125328,natural_history_museum ,0.008389929
26114,253796,125328,iceberg ,0.0069490643
26115,253796,125352,clean_room ,0.8876948
26116,253796,125352,museum/indoor ,0.024802998
26117,253796,125352,art_gallery ,0.020842621
26118,253796,125352,natural_history_museum ,0.009975496
26119,253796,125352,science_museum ,0.0056527886
26120,253796,125376,clean_room ,0.8923696
26121,253796,125376,art_gallery ,0.027212838
26122,253796,125376,museum/indoor ,0.026541797
26123,253796,125376,science_museum ,0.01222319
26124,253796,125376,natural_history_museum ,0.009767004
26125,253796,125400,clean_room ,0.95461506
26126,253796,125400,art_gallery ,0.009003211
26127,253796,125400,museum/indoor ,0.007788035
26128,253796,125400,veterinarians_office ,0.0038065105
26129,253796,125400,hospital_room ,0.0030370296
26130,253796,125424,clean_room ,0.9746336
26131,253796,125424,museum/indoor ,0.0049602264
26132,253796,125424,art_gallery ,0.0046562506
26133,253796,125424,veterinarians_office ,0.002549532
26134,253796,125424,hospital_room ,0.0020105068
26135,253796,125448,clean_room ,0.97766554
26136,253796,125448,operating_room ,0.0026953628
26137,253796,125448,hospital_room ,0.0025944717
26138,253796,125448,locker_room ,0.0021077243
26139,253796,125448,nursery ,0.001946009
26140,253796,125472,clean_room ,0.92953396
26141,253796,125472,hospital_room ,0.009578129
26142,253796,125472,art_gallery ,0.009006147
26143,253796,125472,martial_arts_gym ,0.007853481
26144,253796,125472,locker_room ,0.0059323655
26145,253796,125496,clean_room ,0.6784741
26146,253796,125496,dressing_room ,0.08863434
26147,253796,125496,nursery ,0.074927434
26148,253796,125496,locker_room ,0.03624906
26149,253796,125496,hospital_room ,0.029903637
26150,253796,125520,clean_room ,0.42015713
26151,253796,125520,dressing_room ,0.1858723
26152,253796,125520,nursery ,0.1271652
26153,253796,125520,locker_room ,0.088133655
26154,253796,125520,hospital_room ,0.025374845
26155,253796,125544,clean_room ,0.45955703
26156,253796,125544,dressing_room ,0.19883217
26157,253796,125544,locker_room ,0.12464595
26158,253796,125544,nursery ,0.0568189
26159,253796,125544,art_gallery ,0.02104773
26160,253796,125568,clean_room ,0.33323318
26161,253796,125568,dressing_room ,0.24875602
26162,253796,125568,locker_room ,0.14322287
26163,253796,125568,nursery ,0.074042246
26164,253796,125568,art_gallery ,0.03020987
26165,253796,125592,locker_room ,0.29310668
26166,253796,125592,dressing_room ,0.27932554
26167,253796,125592,clean_room ,0.1653132
26168,253796,125592,nursery ,0.055875823
26169,253796,125592,sauna ,0.025953932
26170,253796,125616,dressing_room ,0.24674751
26171,253796,125616,clean_room ,0.16218495
26172,253796,125616,locker_room ,0.14934057
26173,253796,125616,art_gallery ,0.10458993
26174,253796,125616,museum/indoor ,0.07922943
26175,253796,125640,dressing_room ,0.3529143
26176,253796,125640,art_gallery ,0.173814
26177,253796,125640,locker_room ,0.100283556
26178,253796,125640,museum/indoor ,0.09171442
26179,253796,125640,sauna ,0.047993388
26180,253796,125664,art_gallery ,0.3294357
26181,253796,125664,museum/indoor ,0.16065355
26182,253796,125664,dressing_room ,0.15253456
26183,253796,125664,art_studio ,0.07701885
26184,253796,125664,stage/indoor ,0.05281714
26185,253796,125688,stage/indoor ,0.18332955
26186,253796,125688,dressing_room ,0.16781683
26187,253796,125688,art_gallery ,0.12112814
26188,253796,125688,clean_room ,0.08711471
26189,253796,125688,museum/indoor ,0.085184716
26190,253796,125712,stage/indoor ,0.50097406
26191,253796,125712,dressing_room ,0.14466685
26192,253796,125712,music_studio ,0.057437148
26193,253796,125712,art_gallery ,0.04772581
26194,253796,125712,discotheque ,0.042288695
26195,253796,125736,dressing_room ,0.37152642
26196,253796,125736,stage/indoor ,0.21327664
26197,253796,125736,art_gallery ,0.083437055
26198,253796,125736,locker_room ,0.07466607
26199,253796,125736,museum/indoor ,0.061057772
26200,253796,125760,stage/indoor ,0.2871359
26201,253796,125760,dressing_room ,0.28217465
26202,253796,125760,art_gallery ,0.09639629
26203,253796,125760,museum/indoor ,0.05812478
26204,253796,125760,discotheque ,0.05711749
26205,253796,125784,art_gallery ,0.28249553
26206,253796,125784,stage/indoor ,0.1842855
26207,253796,125784,museum/indoor ,0.14324328
26208,253796,125784,dressing_room ,0.09930636
26209,253796,125784,art_studio ,0.054581605
26210,253796,125808,art_gallery ,0.27529752
26211,253796,125808,museum/indoor ,0.2393072
26212,253796,125808,clean_room ,0.14254229
26213,253796,125808,dressing_room ,0.06946447
26214,253796,125808,art_studio ,0.034766916
26215,253796,125832,art_gallery ,0.34155715
26216,253796,125832,clean_room ,0.27214018
26217,253796,125832,museum/indoor ,0.09884542
26218,253796,125832,dressing_room ,0.060835715
26219,253796,125832,art_studio ,0.046957992
26220,253796,125856,art_gallery ,0.5075463
26221,253796,125856,museum/indoor ,0.17232035
26222,253796,125856,clean_room ,0.102959625
26223,253796,125856,science_museum ,0.039233025
26224,253796,125856,art_studio ,0.036608595
26225,253796,125880,art_gallery ,0.41899842
26226,253796,125880,museum/indoor ,0.20897171
26227,253796,125880,clean_room ,0.14739442
26228,253796,125880,natural_history_museum ,0.059977237
26229,253796,125880,science_museum ,0.054582145
26230,253796,125904,clean_room ,0.2981082
26231,253796,125904,museum/indoor ,0.25820604
26232,253796,125904,art_gallery ,0.15924475
26233,253796,125904,science_museum ,0.0730033
26234,253796,125904,natural_history_museum ,0.049789097
26235,253796,125928,clean_room ,0.8783119
26236,253796,125928,art_gallery ,0.048153248
26237,253796,125928,museum/indoor ,0.012474163
26238,253796,125928,clothing_store ,0.010142279
26239,253796,125928,physics_laboratory ,0.007892984
26240,253796,125952,stage/indoor ,0.15362024
26241,253796,125952,shower ,0.08604679
26242,253796,125952,museum/indoor ,0.08271659
26243,253796,125952,art_gallery ,0.046331022
26244,253796,125952,clean_room ,0.03823733
26245,253796,125976,stage/indoor ,0.1701053
26246,253796,125976,museum/indoor ,0.12645276
26247,253796,125976,art_gallery ,0.05724297
26248,253796,125976,natural_history_museum ,0.055920858
26249,253796,125976,shower ,0.04931482
26250,253796,126000,stage/indoor ,0.23315792
26251,253796,126000,museum/indoor ,0.07306149
26252,253796,126000,music_studio ,0.049222127
26253,253796,126000,shower ,0.04633007
26254,253796,126000,art_gallery ,0.033295035
26255,253796,126024,stage/indoor ,0.16141531
26256,253796,126024,museum/indoor ,0.10119109
26257,253796,126024,shower ,0.05114566
26258,253796,126024,music_studio ,0.049201246
26259,253796,126024,art_gallery ,0.04656044
26260,253796,126048,museum/indoor ,0.2039951
26261,253796,126048,art_gallery ,0.09973692
26262,253796,126048,discotheque ,0.082167804
26263,253796,126048,science_museum ,0.080276035
26264,253796,126048,aquarium ,0.056862783
26265,253796,126072,museum/indoor ,0.2087774
26266,253796,126072,art_gallery ,0.13114114
26267,253796,126072,dressing_room ,0.115614556
26268,253796,126072,locker_room ,0.05771528
26269,253796,126072,discotheque ,0.055843405
26270,253796,126096,stage/indoor ,0.20587873
26271,253796,126096,museum/indoor ,0.0922563
26272,253796,126096,music_studio ,0.044276796
26273,253796,126096,archive ,0.03953435
26274,253796,126096,art_gallery ,0.03444906
26275,253796,126120,stage/indoor ,0.22193123
26276,253796,126120,museum/indoor ,0.12531982
26277,253796,126120,archive ,0.038995337
26278,253796,126120,auditorium ,0.03630637
26279,253796,126120,bow_window/indoor ,0.0349355
26280,253796,126144,museum/indoor ,0.1640184
26281,253796,126144,stage/indoor ,0.15260097
26282,253796,126144,art_gallery ,0.057907455
26283,253796,126144,natural_history_museum ,0.050565924
26284,253796,126144,archive ,0.032378387
26285,253796,126168,museum/indoor ,0.21133143
26286,253796,126168,stage/indoor ,0.118213244
26287,253796,126168,natural_history_museum ,0.06364553
26288,253796,126168,art_gallery ,0.06072645
26289,253796,126168,ice_shelf ,0.03905378
26290,253796,126192,museum/indoor ,0.20732306
26291,253796,126192,classroom ,0.09960171
26292,253796,126192,stage/indoor ,0.06253468
26293,253796,126192,natural_history_museum ,0.0598732
26294,253796,126192,chemistry_lab ,0.047687553
26295,253796,126216,ice_shelf ,0.14203095
26296,253796,126216,stage/indoor ,0.13596989
26297,253796,126216,museum/indoor ,0.11815815
26298,253796,126216,bow_window/indoor ,0.09412253
26299,253796,126216,art_gallery ,0.0477515
26300,253796,126240,stage/indoor ,0.23033243
26301,253796,126240,museum/indoor ,0.21577002
26302,253796,126240,art_gallery ,0.04264183
26303,253796,126240,bow_window/indoor ,0.03890719
26304,253796,126240,natural_history_museum ,0.03594763
26305,253796,126264,museum/indoor ,0.19646755
26306,253796,126264,stage/indoor ,0.16010581
26307,253796,126264,art_gallery ,0.12375328
26308,253796,126264,archive ,0.045012094
26309,253796,126264,clothing_store ,0.0385245
26310,253796,126288,art_gallery ,0.09557708
26311,253796,126288,chemistry_lab ,0.091218345
26312,253796,126288,museum/indoor ,0.089681275
26313,253796,126288,stage/indoor ,0.073644824
26314,253796,126288,clean_room ,0.06899263
26315,253796,126312,museum/indoor ,0.31051028
26316,253796,126312,stage/indoor ,0.2580646
26317,253796,126312,clean_room ,0.05097244
26318,253796,126312,music_studio ,0.047935095
26319,253796,126312,archive ,0.047047686
26320,253796,126336,stage/indoor ,0.58696026
26321,253796,126336,museum/indoor ,0.11963663
26322,253796,126336,music_studio ,0.056757744
26323,253796,126336,clean_room ,0.048481125
26324,253796,126336,arena/performance ,0.02485929
26325,253796,126360,clean_room ,0.16654724
26326,253796,126360,museum/indoor ,0.1192893
26327,253796,126360,art_gallery ,0.11392031
26328,253796,126360,shower ,0.10848701
26329,253796,126360,chemistry_lab ,0.06677063
26330,253796,126384,museum/indoor ,0.48007804
26331,253796,126384,art_gallery ,0.14522195
26332,253796,126384,clean_room ,0.057856493
26333,253796,126384,shower ,0.04210976
26334,253796,126384,locker_room ,0.036946807
26335,253796,126408,museum/indoor ,0.2746239
26336,253796,126408,archive ,0.15413234
26337,253796,126408,locker_room ,0.0750852
26338,253796,126408,natural_history_museum ,0.07467729
26339,253796,126408,art_gallery ,0.073384784
26340,253796,126432,museum/indoor ,0.31377876
26341,253796,126432,stage/indoor ,0.16473155
26342,253796,126432,art_gallery ,0.16092996
26343,253796,126432,locker_room ,0.11576183
26344,253796,126432,clean_room ,0.03803872
26345,253796,126456,art_gallery ,0.18544528
26346,253796,126456,museum/indoor ,0.15144554
26347,253796,126456,clean_room ,0.12635696
26348,253796,126456,stage/indoor ,0.11125978
26349,253796,126456,art_studio ,0.053329807
26350,253796,126480,museum/indoor ,0.2518273
26351,253796,126480,stage/indoor ,0.20894347
26352,253796,126480,art_gallery ,0.09730795
26353,253796,126480,clean_room ,0.05357031
26354,253796,126480,natural_history_museum ,0.045807023
26355,253796,126504,museum/indoor ,0.25832844
26356,253796,126504,art_gallery ,0.1160483
26357,253796,126504,clean_room ,0.099978276
26358,253796,126504,natural_history_museum ,0.09149541
26359,253796,126504,stage/indoor ,0.08648009
26360,253796,126528,museum/indoor ,0.28458005
26361,253796,126528,art_gallery ,0.109975494
26362,253796,126528,shower ,0.10577481
26363,253796,126528,natural_history_museum ,0.08602207
26364,253796,126528,locker_room ,0.05146861
26365,253796,126552,museum/indoor ,0.22868122
26366,253796,126552,clean_room ,0.19073223
26367,253796,126552,shower ,0.12710929
26368,253796,126552,art_gallery ,0.115179986
26369,253796,126552,stage/indoor ,0.04792034
26370,253796,126576,stage/indoor ,0.3038702
26371,253796,126576,museum/indoor ,0.17993191
26372,253796,126576,locker_room ,0.11433874
26373,253796,126576,discotheque ,0.051680375
26374,253796,126576,art_gallery ,0.050099794
26375,253796,126600,museum/indoor ,0.32265186
26376,253796,126600,locker_room ,0.14172731
26377,253796,126600,stage/indoor ,0.09485621
26378,253796,126600,natural_history_museum ,0.08798346
26379,253796,126600,art_gallery ,0.058885258
26380,253796,126624,museum/indoor ,0.31306943
26381,253796,126624,locker_room ,0.124766625
26382,253796,126624,stage/indoor ,0.11706865
26383,253796,126624,art_gallery ,0.07301292
26384,253796,126624,martial_arts_gym ,0.06385084
26385,253796,126648,stage/indoor ,0.3050932
26386,253796,126648,museum/indoor ,0.16543238
26387,253796,126648,locker_room ,0.13471945
26388,253796,126648,dressing_room ,0.1032784
26389,253796,126648,art_gallery ,0.04789097
26390,253796,126672,museum/indoor ,0.41347137
26391,253796,126672,stage/indoor ,0.2985263
26392,253796,126672,art_gallery ,0.048680212
26393,253796,126672,classroom ,0.028919427
26394,253796,126672,locker_room ,0.024093855
26395,253796,126696,stage/indoor ,0.3319476
26396,253796,126696,museum/indoor ,0.32220596
26397,253796,126696,natural_history_museum ,0.04986487
26398,253796,126696,classroom ,0.04885122
26399,253796,126696,art_gallery ,0.04221975
26400,253796,126720,stage/indoor ,0.600966
26401,253796,126720,museum/indoor ,0.14087579
26402,253796,126720,discotheque ,0.058230706
26403,253796,126720,music_studio ,0.049174912
26404,253796,126720,archive ,0.017339034
26405,253796,126744,stage/indoor ,0.3821498
26406,253796,126744,museum/indoor ,0.24807884
26407,253796,126744,locker_room ,0.06507182
26408,253796,126744,discotheque ,0.055265784
26409,253796,126744,music_studio ,0.03269964
26410,253796,126768,museum/indoor ,0.45646247
26411,253796,126768,locker_room ,0.19663048
26412,253796,126768,archive ,0.10039933
26413,253796,126768,dressing_room ,0.06219061
26414,253796,126768,clean_room ,0.044697393
26415,253796,126792,museum/indoor ,0.28583574
26416,253796,126792,locker_room ,0.17591783
26417,253796,126792,classroom ,0.13058713
26418,253796,126792,art_gallery ,0.09988571
26419,253796,126792,natural_history_museum ,0.058268934
26420,253796,126816,museum/indoor ,0.41587228
26421,253796,126816,art_gallery ,0.18333516
26422,253796,126816,clean_room ,0.06940881
26423,253796,126816,natural_history_museum ,0.06185488
26424,253796,126816,locker_room ,0.05833504
26425,253796,126840,museum/indoor ,0.5016528
26426,253796,126840,clean_room ,0.22907028
26427,253796,126840,art_gallery ,0.096537106
26428,253796,126840,science_museum ,0.041435484
26429,253796,126840,natural_history_museum ,0.02801349
26430,253796,126864,museum/indoor ,0.39073193
26431,253796,126864,clean_room ,0.32588857
26432,253796,126864,art_gallery ,0.11656942
26433,253796,126864,science_museum ,0.036561612
26434,253796,126864,natural_history_museum ,0.029365925
26435,253796,126888,clean_room ,0.3254193
26436,253796,126888,museum/indoor ,0.29688653
26437,253796,126888,science_museum ,0.20399615
26438,253796,126888,natural_history_museum ,0.12333279
26439,253796,126888,art_gallery ,0.028535442
26440,253796,126912,science_museum ,0.30278853
26441,253796,126912,museum/indoor ,0.25781155
26442,253796,126912,clean_room ,0.17635073
26443,253796,126912,natural_history_museum ,0.1520144
26444,253796,126912,chemistry_lab ,0.04077561
26445,253796,126936,museum/indoor ,0.3264885
26446,253796,126936,science_museum ,0.22981064
26447,253796,126936,clean_room ,0.19113572
26448,253796,126936,natural_history_museum ,0.17217702
26449,253796,126936,art_gallery ,0.04177574
26450,253796,126960,museum/indoor ,0.48662958
26451,253796,126960,art_gallery ,0.14526917
26452,253796,126960,science_museum ,0.13503489
26453,253796,126960,natural_history_museum ,0.11593295
26454,253796,126960,clean_room ,0.030565506
26455,253796,126984,shower ,0.19790629
26456,253796,126984,museum/indoor ,0.19660874
26457,253796,126984,art_gallery ,0.10576191
26458,253796,126984,dressing_room ,0.068680115
26459,253796,126984,clean_room ,0.06503343
26460,253796,127008,museum/indoor ,0.26710904
26461,253796,127008,art_gallery ,0.22638376
26462,253796,127008,science_museum ,0.1027991
26463,253796,127008,natural_history_museum ,0.066311605
26464,253796,127008,lecture_room ,0.054634735
26465,253796,127032,museum/indoor ,0.3770159
26466,253796,127032,art_gallery ,0.2134174
26467,253796,127032,science_museum ,0.088379666
26468,253796,127032,locker_room ,0.04633407
26469,253796,127032,natural_history_museum ,0.0317847
26470,253796,127056,museum/indoor ,0.49794865
26471,253796,127056,art_gallery ,0.22302817
26472,253796,127056,science_museum ,0.08507636
26473,253796,127056,natural_history_museum ,0.025073005
26474,253796,127056,art_studio ,0.020896235
26475,253796,127080,museum/indoor ,0.40784442
26476,253796,127080,art_gallery ,0.3350677
26477,253796,127080,science_museum ,0.11066307
26478,253796,127080,natural_history_museum ,0.03826602
26479,253796,127080,clean_room ,0.025376689
26480,253796,127104,museum/indoor ,0.40370128
26481,253796,127104,art_gallery ,0.30586898
26482,253796,127104,science_museum ,0.07609261
26483,253796,127104,clean_room ,0.05758201
26484,253796,127104,natural_history_museum ,0.029506499
26485,253796,127128,museum/indoor ,0.41712046
26486,253796,127128,art_gallery ,0.34951937
26487,253796,127128,science_museum ,0.055721283
26488,253796,127128,natural_history_museum ,0.05404236
26489,253796,127128,clean_room ,0.026594637
26490,253796,127152,art_gallery ,0.3312635
26491,253796,127152,museum/indoor ,0.29643425
26492,253796,127152,science_museum ,0.076617
26493,253796,127152,clean_room ,0.06748768
26494,253796,127152,natural_history_museum ,0.048375085
26495,253796,127176,clean_room ,0.2841142
26496,253796,127176,art_gallery ,0.11343925
26497,253796,127176,shower ,0.112212084
26498,253796,127176,museum/indoor ,0.06991149
26499,253796,127176,locker_room ,0.05083839
26500,253796,127200,museum/indoor ,0.25521827
26501,253796,127200,science_museum ,0.13081968
26502,253796,127200,art_gallery ,0.1258176
26503,253796,127200,clean_room ,0.067548856
26504,253796,127200,stage/indoor ,0.05165287
26505,253796,127224,clean_room ,0.19407095
26506,253796,127224,science_museum ,0.12668437
26507,253796,127224,shower ,0.09855913
26508,253796,127224,museum/indoor ,0.078392014
26509,253796,127224,art_gallery ,0.0743907
26510,253796,127248,museum/indoor ,0.22669493
26511,253796,127248,music_studio ,0.105653465
26512,253796,127248,jewelry_shop ,0.07216644
26513,253796,127248,archive ,0.06997754
26514,253796,127248,science_museum ,0.05549986
26515,253796,127272,locker_room ,0.26320228
26516,253796,127272,museum/indoor ,0.06884223
26517,253796,127272,science_museum ,0.055138767
26518,253796,127272,shower ,0.05469981
26519,253796,127272,music_studio ,0.05339708
26520,253796,127296,museum/indoor ,0.12202867
26521,253796,127296,locker_room ,0.12177901
26522,253796,127296,music_studio ,0.10320978
26523,253796,127296,stage/indoor ,0.0763123
26524,253796,127296,server_room ,0.0673097
26525,253796,127320,museum/indoor ,0.4504502
26526,253796,127320,art_gallery ,0.0709215
26527,253796,127320,stage/indoor ,0.04946883
26528,253796,127320,music_studio ,0.047691774
26529,253796,127320,science_museum ,0.047489803
26530,253796,127344,museum/indoor ,0.483764
26531,253796,127344,art_gallery ,0.070119955
26532,253796,127344,natural_history_museum ,0.06220061
26533,253796,127344,science_museum ,0.053963836
26534,253796,127344,clean_room ,0.051906064
26535,253796,127368,museum/indoor ,0.57914156
26536,253796,127368,clean_room ,0.2032914
26537,253796,127368,art_gallery ,0.038602196
26538,253796,127368,science_museum ,0.033866744
26539,253796,127368,natural_history_museum ,0.02112288
26540,253796,127392,clean_room ,0.7703146
26541,253796,127392,museum/indoor ,0.115485005
26542,253796,127392,art_gallery ,0.02103431
26543,253796,127392,locker_room ,0.0152895255
26544,253796,127392,science_museum ,0.014610476
26545,253796,127416,museum/indoor ,0.34504446
26546,253796,127416,clean_room ,0.18064414
26547,253796,127416,archive ,0.09681109
26548,253796,127416,art_gallery ,0.07239498
26549,253796,127416,art_studio ,0.02312106
26550,253796,127440,museum/indoor ,0.6396478
26551,253796,127440,art_gallery ,0.07815129
26552,253796,127440,clean_room ,0.071448945
26553,253796,127440,archive ,0.04322103
26554,253796,127440,art_studio ,0.030196602
26555,253796,127464,museum/indoor ,0.8150104
26556,253796,127464,art_gallery ,0.06579796
26557,253796,127464,natural_history_museum ,0.03133253
26558,253796,127464,archive ,0.020559706
26559,253796,127464,clean_room ,0.012931883
26560,253796,127488,museum/indoor ,0.500279
26561,253796,127488,clean_room ,0.16806109
26562,253796,127488,archive ,0.06544452
26563,253796,127488,art_gallery ,0.036524463
26564,253796,127488,music_studio ,0.036446888
26565,253796,127512,museum/indoor ,0.65988374
26566,253796,127512,natural_history_museum ,0.07885683
26567,253796,127512,clean_room ,0.035973992
26568,253796,127512,science_museum ,0.03333075
26569,253796,127512,art_gallery ,0.030020498
26570,253796,127536,museum/indoor ,0.44518158
26571,253796,127536,clean_room ,0.2185766
26572,253796,127536,art_gallery ,0.14634569
26573,253796,127536,art_studio ,0.04340997
26574,253796,127536,archive ,0.023105595
26575,253796,127560,museum/indoor ,0.61735725
26576,253796,127560,music_studio ,0.067625806
26577,253796,127560,locker_room ,0.046563894
26578,253796,127560,clean_room ,0.044010278
26579,253796,127560,archive ,0.043573234
26580,253796,127584,museum/indoor ,0.63243186
26581,253796,127584,art_gallery ,0.08315146
26582,253796,127584,music_studio ,0.05072569
26583,253796,127584,clean_room ,0.047767084
26584,253796,127584,natural_history_museum ,0.042615063
26585,253796,127608,museum/indoor ,0.51678497
26586,253796,127608,natural_history_museum ,0.09064502
26587,253796,127608,clean_room ,0.090097226
26588,253796,127608,science_museum ,0.08021932
26589,253796,127608,music_studio ,0.0647686
26590,253796,127632,clean_room ,0.23299804
26591,253796,127632,music_studio ,0.19695728
26592,253796,127632,stage/indoor ,0.11659566
26593,253796,127632,discotheque ,0.075785056
26594,253796,127632,dressing_room ,0.06989015
26595,253796,127656,clean_room ,0.25118345
26596,253796,127656,museum/indoor ,0.16359182
26597,253796,127656,stage/indoor ,0.13433987
26598,253796,127656,dressing_room ,0.101378754
26599,253796,127656,discotheque ,0.06018384
26600,253796,127680,iceberg ,0.5726173
26601,253796,127680,mountain_snowy ,0.08939933
26602,253796,127680,ice_floe ,0.07748468
26603,253796,127680,ice_shelf ,0.06580707
26604,253796,127680,natural_history_museum ,0.049324974
26605,253796,127704,iceberg ,0.5950286
26606,253796,127704,ice_shelf ,0.08335381
26607,253796,127704,mountain_snowy ,0.07019798
26608,253796,127704,ice_floe ,0.05409952
26609,253796,127704,natural_history_museum ,0.037841912
26610,253796,127728,iceberg ,0.5865841
26611,253796,127728,natural_history_museum ,0.06636667
26612,253796,127728,ice_shelf ,0.05844223
26613,253796,127728,mountain_snowy ,0.058279157
26614,253796,127728,ice_floe ,0.054709528
26615,253796,127752,clean_room ,0.3809418
26616,253796,127752,dressing_room ,0.37515032
26617,253796,127752,locker_room ,0.046271604
26618,253796,127752,discotheque ,0.035071902
26619,253796,127752,elevator/door ,0.024090432
26620,253796,127776,dressing_room ,0.8445294
26621,253796,127776,locker_room ,0.04588302
26622,253796,127776,museum/indoor ,0.02523678
26623,253796,127776,clean_room ,0.017454552
26624,253796,127776,art_gallery ,0.015717138
26625,253796,127800,dressing_room ,0.41658434
26626,253796,127800,discotheque ,0.13666447
26627,253796,127800,stage/indoor ,0.09111946
26628,253796,127800,clean_room ,0.08119612
26629,253796,127800,elevator/door ,0.053692546
26630,253796,127824,clean_room ,0.587279
26631,253796,127824,dressing_room ,0.25962836
26632,253796,127824,art_gallery ,0.036556926
26633,253796,127824,discotheque ,0.023624318
26634,253796,127824,museum/indoor ,0.012576453
26635,253796,127848,museum/indoor ,0.3016056
26636,253796,127848,stage/indoor ,0.20603426
26637,253796,127848,art_gallery ,0.12780994
26638,253796,127848,discotheque ,0.1031557
26639,253796,127848,dressing_room ,0.05501149
26640,253796,127872,museum/indoor ,0.2841223
26641,253796,127872,stage/indoor ,0.210164
26642,253796,127872,dressing_room ,0.13917446
26643,253796,127872,art_gallery ,0.11641111
26644,253796,127872,discotheque ,0.08330666
26645,253796,127896,museum/indoor ,0.21911354
26646,253796,127896,dressing_room ,0.21660562
26647,253796,127896,stage/indoor ,0.16687015
26648,253796,127896,art_gallery ,0.1426728
26649,253796,127896,clean_room ,0.072594136
26650,253796,127920,music_studio ,0.23517059
26651,253796,127920,stage/indoor ,0.16877395
26652,253796,127920,dressing_room ,0.15664019
26653,253796,127920,discotheque ,0.13192277
26654,253796,127920,clean_room ,0.09946036
26655,253796,127944,stage/indoor ,0.26903844
26656,253796,127944,music_studio ,0.21367925
26657,253796,127944,discotheque ,0.18449838
26658,253796,127944,dressing_room ,0.16724391
26659,253796,127944,clean_room ,0.038239878
26660,253796,127968,stage/indoor ,0.22627683
26661,253796,127968,music_studio ,0.18929212
26662,253796,127968,dressing_room ,0.114883535
26663,253796,127968,museum/indoor ,0.11464668
26664,253796,127968,discotheque ,0.1089689
26665,253796,127992,stage/indoor ,0.2667064
26666,253796,127992,music_studio ,0.14710593
26667,253796,127992,dressing_room ,0.1348093
26668,253796,127992,discotheque ,0.12615679
26669,253796,127992,museum/indoor ,0.10457489
26670,253796,128016,bow_window/indoor ,0.44209093
26671,253796,128016,alcove ,0.10101194
26672,253796,128016,shower ,0.06617219
26673,253796,128016,closet ,0.06047105
26674,253796,128016,artists_loft ,0.054713394
26675,253796,128040,bow_window/indoor ,0.656705
26676,253796,128040,alcove ,0.088377535
26677,253796,128040,shower ,0.04382946
26678,253796,128040,artists_loft ,0.034522127
26679,253796,128040,closet ,0.022726413
26680,253796,128064,bow_window/indoor ,0.54052067
26681,253796,128064,elevator/door ,0.087706335
26682,253796,128064,alcove ,0.06728171
26683,253796,128064,doorway/outdoor ,0.03534778
26684,253796,128064,closet ,0.031271033
26685,253796,128088,closet ,0.32839724
26686,253796,128088,bow_window/indoor ,0.20499289
26687,253796,128088,dressing_room ,0.08197996
26688,253796,128088,locker_room ,0.08017186
26689,253796,128088,shower ,0.07057833
26690,253796,128112,bow_window/indoor ,0.60645574
26691,253796,128112,artists_loft ,0.05854292
26692,253796,128112,shower ,0.046246625
26693,253796,128112,alcove ,0.042996787
26694,253796,128112,closet ,0.039341323
26695,253796,128136,art_gallery ,0.44388646
26696,253796,128136,museum/indoor ,0.13532686
26697,253796,128136,clean_room ,0.13295314
26698,253796,128136,dressing_room ,0.074290104
26699,253796,128136,artists_loft ,0.0678592
26700,253796,128160,dressing_room ,0.48865214
26701,253796,128160,clean_room ,0.14563985
26702,253796,128160,closet ,0.05784077
26703,253796,128160,locker_room ,0.05507112
26704,253796,128160,stage/indoor ,0.0514236
26705,253796,128184,dressing_room ,0.6517144
26706,253796,128184,clean_room ,0.15723746
26707,253796,128184,locker_room ,0.047037054
26708,253796,128184,sauna ,0.025562093
26709,253796,128184,shower ,0.017678084
26710,253796,128208,clean_room ,0.78337836
26711,253796,128208,dressing_room ,0.09088174
26712,253796,128208,archive ,0.016498491
26713,253796,128208,chemistry_lab ,0.013701824
26714,253796,128208,art_gallery ,0.013615742
26715,253796,128232,clean_room ,0.3474534
26716,253796,128232,shower ,0.119493045
26717,253796,128232,clothing_store ,0.1000346
26718,253796,128232,closet ,0.09702152
26719,253796,128232,elevator/door ,0.070251726
26720,253796,128256,shower ,0.33366224
26721,253796,128256,bow_window/indoor ,0.28982002
26722,253796,128256,closet ,0.10013973
26723,253796,128256,elevator/door ,0.061897326
26724,253796,128256,dressing_room ,0.054601148
26725,253796,128280,bow_window/indoor ,0.48808554
26726,253796,128280,closet ,0.12273763
26727,253796,128280,dressing_room ,0.07180563
26728,253796,128280,art_gallery ,0.053372078
26729,253796,128280,artists_loft ,0.049675897
26730,253796,128304,dressing_room ,0.21783996
26731,253796,128304,museum/indoor ,0.13637434
26732,253796,128304,art_gallery ,0.13402428
26733,253796,128304,closet ,0.12810841
26734,253796,128304,shower ,0.11397111
26735,253796,128328,dressing_room ,0.8450686
26736,253796,128328,clean_room ,0.059289914
26737,253796,128328,museum/indoor ,0.045799226
26738,253796,128328,locker_room ,0.014978104
26739,253796,128328,archive ,0.008375826
26740,253796,128352,dressing_room ,0.6612527
26741,253796,128352,shower ,0.18398574
26742,253796,128352,art_gallery ,0.026779456
26743,253796,128352,museum/indoor ,0.026531734
26744,253796,128352,closet ,0.016092248
26745,253796,128376,elevator/door ,0.2376875
26746,253796,128376,locker_room ,0.1974129
26747,253796,128376,clean_room ,0.1080864
26748,253796,128376,dressing_room ,0.07911455
26749,253796,128376,museum/indoor ,0.07100783
26750,253796,128400,dressing_room ,0.46877962
26751,253796,128400,locker_room ,0.20181948
26752,253796,128400,clean_room ,0.103720754
26753,253796,128400,closet ,0.0701716
26754,253796,128400,shower ,0.017161535
26755,253796,128424,dressing_room ,0.6252484
26756,253796,128424,clean_room ,0.08857232
26757,253796,128424,locker_room ,0.07130672
26758,253796,128424,closet ,0.045730647
26759,253796,128424,art_gallery ,0.0154842865
26760,253796,128448,dressing_room ,0.5146627
26761,253796,128448,clean_room ,0.22858413
26762,253796,128448,art_gallery ,0.088098876
26763,253796,128448,museum/indoor ,0.05959812
26764,253796,128448,clothing_store ,0.023788841
26765,253796,128472,dressing_room ,0.5478712
26766,253796,128472,clean_room ,0.17201054
26767,253796,128472,museum/indoor ,0.094191276
26768,253796,128472,art_gallery ,0.07578774
26769,253796,128472,clothing_store ,0.024290254
26770,253796,128496,dressing_room ,0.6092936
26771,253796,128496,clean_room ,0.110963665
26772,253796,128496,closet ,0.09656205
26773,253796,128496,locker_room ,0.088402174
26774,253796,128496,shower ,0.020142067
26775,253796,128520,clean_room ,0.5305005
26776,253796,128520,dressing_room ,0.27421317
26777,253796,128520,locker_room ,0.07990125
26778,253796,128520,closet ,0.035373088
26779,253796,128520,clothing_store ,0.023539165
26780,253796,128544,clean_room ,0.44072625
26781,253796,128544,locker_room ,0.26679313
26782,253796,128544,dressing_room ,0.071235515
26783,253796,128544,elevator/door ,0.031592093
26784,253796,128544,elevator_lobby ,0.024230825
26785,253796,128568,clean_room ,0.5002308
26786,253796,128568,locker_room ,0.25396338
26787,253796,128568,dressing_room ,0.060178757
26788,253796,128568,elevator/door ,0.030129189
26789,253796,128568,elevator_lobby ,0.024761742
26790,253796,128592,clean_room ,0.60070115
26791,253796,128592,locker_room ,0.15620479
26792,253796,128592,jail_cell ,0.033648558
26793,253796,128592,dressing_room ,0.032878086
26794,253796,128592,art_gallery ,0.016802216
26795,253796,128616,clean_room ,0.49625647
26796,253796,128616,locker_room ,0.24438982
26797,253796,128616,dressing_room ,0.03287516
26798,253796,128616,elevator/door ,0.031450573
26799,253796,128616,elevator_lobby ,0.025886158
26800,253796,128640,locker_room ,0.33841994
26801,253796,128640,clean_room ,0.17136635
26802,253796,128640,dressing_room ,0.082992315
26803,253796,128640,closet ,0.074096516
26804,253796,128640,elevator/door ,0.061991286
26805,253796,128664,clean_room ,0.26820683
26806,253796,128664,locker_room ,0.25917253
26807,253796,128664,dressing_room ,0.11290471
26808,253796,128664,elevator/door ,0.0632379
26809,253796,128664,art_gallery ,0.056756433
26810,253796,128688,clean_room ,0.72405016
26811,253796,128688,dressing_room ,0.120504126
26812,253796,128688,locker_room ,0.049619246
26813,253796,128688,closet ,0.018072026
26814,253796,128688,art_gallery ,0.0143369045
26815,253796,128712,clean_room ,0.49582574
26816,253796,128712,dressing_room ,0.19621915
26817,253796,128712,locker_room ,0.12736602
26818,253796,128712,museum/indoor ,0.023879139
26819,253796,128712,art_gallery ,0.019306846
26820,253796,128736,dressing_room ,0.7329343
26821,253796,128736,locker_room ,0.08761628
26822,253796,128736,clean_room ,0.044760685
26823,253796,128736,art_gallery ,0.026942594
26824,253796,128736,clothing_store ,0.021605505
26825,253796,128760,dressing_room ,0.28320795
26826,253796,128760,clean_room ,0.18338001
26827,253796,128760,art_gallery ,0.122461274
26828,253796,128760,museum/indoor ,0.1186957
26829,253796,128760,locker_room ,0.06452271
26830,253796,128784,beauty_salon ,0.16153768
26831,253796,128784,clothing_store ,0.16029458
26832,253796,128784,dressing_room ,0.1124753
26833,253796,128784,stage/indoor ,0.046972636
26834,253796,128784,shower ,0.046372183
26835,253796,128808,dressing_room ,0.83114016
26836,253796,128808,discotheque ,0.030697554
26837,253796,128808,clean_room ,0.025425563
26838,253796,128808,locker_room ,0.016854947
26839,253796,128808,shower ,0.0137467645
26840,253796,128832,dressing_room ,0.53033996
26841,253796,128832,discotheque ,0.2149509
26842,253796,128832,stage/indoor ,0.1375035
26843,253796,128832,museum/indoor ,0.018751148
26844,253796,128832,elevator/door ,0.013150145
26845,253796,128856,clean_room ,0.22116272
26846,253796,128856,museum/indoor ,0.11325513
26847,253796,128856,dressing_room ,0.0820905
26848,253796,128856,art_gallery ,0.07552667
26849,253796,128856,discotheque ,0.032442003
26850,253796,128880,museum/indoor ,0.20237856
26851,253796,128880,art_gallery ,0.12893613
26852,253796,128880,dressing_room ,0.10475517
26853,253796,128880,clean_room ,0.09897224
26854,253796,128880,chemistry_lab ,0.054548334
26855,253796,128904,dressing_room ,0.23630974
26856,253796,128904,clean_room ,0.15221028
26857,253796,128904,museum/indoor ,0.14964868
26858,253796,128904,art_gallery ,0.086215355
26859,253796,128904,chemistry_lab ,0.068718456
26860,253796,128928,museum/indoor ,0.17719543
26861,253796,128928,dressing_room ,0.15439291
26862,253796,128928,stage/indoor ,0.14544387
26863,253796,128928,clean_room ,0.09202378
26864,253796,128928,locker_room ,0.08139656
26865,253796,128952,locker_room ,0.17420961
26866,253796,128952,shower ,0.16856255
26867,253796,128952,dressing_room ,0.16755109
26868,253796,128952,museum/indoor ,0.07766455
26869,253796,128952,stage/indoor ,0.06802523
26870,253796,128976,shower ,0.8112908
26871,253796,128976,bathroom ,0.019672316
26872,253796,128976,art_gallery ,0.014825875
26873,253796,128976,locker_room ,0.01370285
26874,253796,128976,server_room ,0.011311112
26875,253796,129000,shower ,0.63333917
26876,253796,129000,server_room ,0.021631842
26877,253796,129000,closet ,0.02132158
26878,253796,129000,bathroom ,0.01691055
26879,253796,129000,art_gallery ,0.01631741
26880,253796,129024,shower ,0.48835656
26881,253796,129024,server_room ,0.07424643
26882,253796,129024,closet ,0.039626956
26883,253796,129024,locker_room ,0.024213703
26884,253796,129024,art_gallery ,0.022339836
26885,253796,129048,shower ,0.70348966
26886,253796,129048,server_room ,0.03152556
26887,253796,129048,closet ,0.021410378
26888,253796,129048,locker_room ,0.017909233
26889,253796,129048,bathroom ,0.015171635
26890,253796,129072,museum/indoor ,0.1430431
26891,253796,129072,clean_room ,0.09991538
26892,253796,129072,art_gallery ,0.07742184
26893,253796,129072,archive ,0.06611361
26894,253796,129072,shower ,0.064516805
26895,253796,129096,art_gallery ,0.22484228
26896,253796,129096,museum/indoor ,0.15665548
26897,253796,129096,shower ,0.13573347
26898,253796,129096,clean_room ,0.069087386
26899,253796,129096,locker_room ,0.067006186
26900,253796,129120,museum/indoor ,0.3984017
26901,253796,129120,archive ,0.121617936
26902,253796,129120,art_gallery ,0.12131594
26903,253796,129120,clean_room ,0.056232937
26904,253796,129120,natural_history_museum ,0.042442713
26905,253796,129144,museum/indoor ,0.40488
26906,253796,129144,archive ,0.13683915
26907,253796,129144,art_gallery ,0.08742785
26908,253796,129144,natural_history_museum ,0.054493725
26909,253796,129144,clean_room ,0.048543867
26910,253796,129168,museum/indoor ,0.26279256
26911,253796,129168,archive ,0.13893156
26912,253796,129168,clean_room ,0.08881497
26913,253796,129168,locker_room ,0.08295054
26914,253796,129168,art_gallery ,0.07888898
26915,253796,129192,museum/indoor ,0.31209463
26916,253796,129192,archive ,0.13973963
26917,253796,129192,locker_room ,0.09190221
26918,253796,129192,art_gallery ,0.055671435
26919,253796,129192,shoe_shop ,0.045317546
26920,253796,129216,museum/indoor ,0.29708743
26921,253796,129216,clean_room ,0.11110683
26922,253796,129216,archive ,0.0846339
26923,253796,129216,art_gallery ,0.055334195
26924,253796,129216,locker_room ,0.05134302
26925,253796,129240,museum/indoor ,0.32770124
26926,253796,129240,art_gallery ,0.08380939
26927,253796,129240,shower ,0.078212194
26928,253796,129240,science_museum ,0.077389695
26929,253796,129240,archive ,0.07648217
26930,253796,129264,museum/indoor ,0.14561519
26931,253796,129264,shower ,0.10952336
26932,253796,129264,clean_room ,0.1048002
26933,253796,129264,art_gallery ,0.09076558
26934,253796,129264,archive ,0.06752508
26935,253796,129288,dressing_room ,0.18758652
26936,253796,129288,museum/indoor ,0.113785654
26937,253796,129288,clothing_store ,0.09776498
26938,253796,129288,clean_room ,0.09321613
26939,253796,129288,locker_room ,0.09252971
26940,253796,129312,clean_room ,0.31420606
26941,253796,129312,locker_room ,0.102234446
26942,253796,129312,dressing_room ,0.09235056
26943,253796,129312,clothing_store ,0.0850353
26944,253796,129312,archive ,0.07142085
26945,253796,129336,dressing_room ,0.2796671
26946,253796,129336,locker_room ,0.21269843
26947,253796,129336,stage/indoor ,0.11215488
26948,253796,129336,museum/indoor ,0.10160575
26949,253796,129336,discotheque ,0.08310285
26950,253796,129360,dressing_room ,0.49698606
26951,253796,129360,locker_room ,0.28971636
26952,253796,129360,stage/indoor ,0.037387166
26953,253796,129360,discotheque ,0.02652194
26954,253796,129360,museum/indoor ,0.020464411
26955,253796,129384,discotheque ,0.3188842
26956,253796,129384,dressing_room ,0.27201992
26957,253796,129384,stage/indoor ,0.23399276
26958,253796,129384,locker_room ,0.102796055
26959,253796,129384,music_studio ,0.026463304
26960,253796,129408,discotheque ,0.3043103
26961,253796,129408,dressing_room ,0.2703104
26962,253796,129408,stage/indoor ,0.19853961
26963,253796,129408,locker_room ,0.06877481
26964,253796,129408,music_studio ,0.058217768
26965,253796,129432,dressing_room ,0.33094358
26966,253796,129432,locker_room ,0.21096969
26967,253796,129432,discotheque ,0.2017086
26968,253796,129432,stage/indoor ,0.09714945
26969,253796,129432,music_studio ,0.058621
26970,253796,129456,discotheque ,0.32721224
26971,253796,129456,stage/indoor ,0.1887796
26972,253796,129456,dressing_room ,0.17107302
26973,253796,129456,locker_room ,0.13836169
26974,253796,129456,music_studio ,0.077672444
26975,253796,129480,stage/indoor ,0.48039845
26976,253796,129480,discotheque ,0.28713268
26977,253796,129480,dressing_room ,0.0925658
26978,253796,129480,music_studio ,0.0576131
26979,253796,129480,locker_room ,0.012435005
26980,253796,129504,stage/indoor ,0.62903404
26981,253796,129504,discotheque ,0.11260688
26982,253796,129504,dressing_room ,0.061045766
26983,253796,129504,museum/indoor ,0.04380697
26984,253796,129504,art_gallery ,0.026966717
26985,253796,129528,shower ,0.18155926
26986,253796,129528,discotheque ,0.16303046
26987,253796,129528,stage/indoor ,0.15807997
26988,253796,129528,clean_room ,0.1348637
26989,253796,129528,dressing_room ,0.066530734
26990,253796,129552,clean_room ,0.32475984
26991,253796,129552,shower ,0.14909497
26992,253796,129552,art_gallery ,0.089535974
26993,253796,129552,dressing_room ,0.06033048
26994,253796,129552,museum/indoor ,0.056200657
26995,253796,129576,clean_room ,0.5628871
26996,253796,129576,dressing_room ,0.07734743
26997,253796,129576,art_gallery ,0.069860645
26998,253796,129576,museum/indoor ,0.04610137
26999,253796,129576,shower ,0.043425165
27000,253796,129600,clean_room ,0.72924304
27001,253796,129600,art_gallery ,0.08861151
27002,253796,129600,museum/indoor ,0.04355844
27003,253796,129600,dressing_room ,0.03626887
27004,253796,129600,shower ,0.013967623
27005,253796,129624,clean_room ,0.62131447
27006,253796,129624,art_gallery ,0.13875781
27007,253796,129624,museum/indoor ,0.09608338
27008,253796,129624,dressing_room ,0.035426475
27009,253796,129624,shower ,0.015613506
27010,253796,129648,museum/indoor ,0.583532
27011,253796,129648,clean_room ,0.20054649
27012,253796,129648,art_gallery ,0.05878342
27013,253796,129648,science_museum ,0.044089224
27014,253796,129648,clothing_store ,0.027262887
27015,253796,129672,clean_room ,0.69819677
27016,253796,129672,museum/indoor ,0.047910884
27017,253796,129672,archive ,0.04675299
27018,253796,129672,clothing_store ,0.03435955
27019,253796,129672,science_museum ,0.014849717
27020,253796,129696,bow_window/indoor ,0.09664621
27021,253796,129696,museum/indoor ,0.08856511
27022,253796,129696,stable ,0.07401968
27023,253796,129696,clean_room ,0.047571495
27024,253796,129696,archive ,0.025543157
27025,253796,129720,bow_window/indoor ,0.16193408
27026,253796,129720,museum/indoor ,0.058044408
27027,253796,129720,stable ,0.055086754
27028,253796,129720,greenhouse/outdoor ,0.04626161
27029,253796,129720,clean_room ,0.041278638
27030,253796,129744,greenhouse/outdoor ,0.25200033
27031,253796,129744,bow_window/indoor ,0.118963435
27032,253796,129744,shed ,0.08135943
27033,253796,129744,kennel/outdoor ,0.05304033
27034,253796,129744,barndoor ,0.049296062
27035,253796,129768,clean_room ,0.09174447
27036,253796,129768,bow_window/indoor ,0.09112488
27037,253796,129768,greenhouse/outdoor ,0.06797705
27038,253796,129768,museum/indoor ,0.062525995
27039,253796,129768,shower ,0.051871847
27040,253796,129792,museum/indoor ,0.089641415
27041,253796,129792,bow_window/indoor ,0.08735227
27042,253796,129792,water_tower ,0.06201787
27043,253796,129792,bank_vault ,0.060639612
27044,253796,129792,barndoor ,0.054112166
27045,253796,129816,bow_window/indoor ,0.26112708
27046,253796,129816,elevator_shaft ,0.147281
27047,253796,129816,shower ,0.0611644
27048,253796,129816,greenhouse/outdoor ,0.06019483
27049,253796,129816,jail_cell ,0.041211996
27050,253796,129840,bow_window/indoor ,0.24961448
27051,253796,129840,greenhouse/outdoor ,0.07877096
27052,253796,129840,barndoor ,0.060278315
27053,253796,129840,jail_cell ,0.054693528
27054,253796,129840,elevator_shaft ,0.05447861
27055,253796,129864,barndoor ,0.23797826
27056,253796,129864,bow_window/indoor ,0.15156066
27057,253796,129864,elevator_shaft ,0.07326832
27058,253796,129864,greenhouse/outdoor ,0.06970667
27059,253796,129864,shower ,0.038031917
27060,253796,129888,barndoor ,0.15328419
27061,253796,129888,bow_window/indoor ,0.11696871
27062,253796,129888,clean_room ,0.11268533
27063,253796,129888,elevator_shaft ,0.092558056
27064,253796,129888,ice_shelf ,0.036677226
27065,253796,129912,bow_window/indoor ,0.6655618
27066,253796,129912,barndoor ,0.05791745
27067,253796,129912,museum/indoor ,0.025855124
27068,253796,129912,shower ,0.025531432
27069,253796,129912,artists_loft ,0.016986275
27070,253796,129936,bow_window/indoor ,0.27554023
27071,253796,129936,barndoor ,0.186506
27072,253796,129936,shed ,0.074088156
27073,253796,129936,elevator_shaft ,0.06168028
27074,253796,129936,greenhouse/outdoor ,0.047094196
27075,253796,129960,bow_window/indoor ,0.3296209
27076,253796,129960,barndoor ,0.24252428
27077,253796,129960,shed ,0.053487796
27078,253796,129960,elevator_shaft ,0.030921489
27079,253796,129960,ticket_booth ,0.030446611
27080,253796,129984,bow_window/indoor ,0.37791035
27081,253796,129984,barndoor ,0.18674575
27082,253796,129984,elevator_shaft ,0.07207209
27083,253796,129984,shed ,0.033469025
27084,253796,129984,shower ,0.029338632
27085,253796,130008,barndoor ,0.33706796
27086,253796,130008,bow_window/indoor ,0.24676299
27087,253796,130008,shed ,0.06705072
27088,253796,130008,elevator_shaft ,0.041474618
27089,253796,130008,jail_cell ,0.029392075
27090,253796,130032,dressing_room ,0.10042025
27091,253796,130032,locker_room ,0.07901587
27092,253796,130032,museum/indoor ,0.072407044
27093,253796,130032,classroom ,0.05043812
27094,253796,130032,jail_cell ,0.050158672
27095,253796,130056,dressing_room ,0.3572574
27096,253796,130056,elevator/door ,0.32983515
27097,253796,130056,elevator_lobby ,0.13495211
27098,253796,130056,locker_room ,0.03458649
27099,253796,130056,basement ,0.017890677
27100,253796,130080,bow_window/indoor ,0.9259893
27101,253796,130080,art_gallery ,0.013118779
27102,253796,130080,museum/indoor ,0.0066220895
27103,253796,130080,jail_cell ,0.0062115765
27104,253796,130080,artists_loft ,0.004542526
27105,253796,130104,alcove ,0.16372931
27106,253796,130104,bow_window/indoor ,0.06519913
27107,253796,130104,clean_room ,0.062121607
27108,253796,130104,closet ,0.060081303
27109,253796,130104,elevator/door ,0.056105744
27110,253796,130128,clean_room ,0.17429762
27111,253796,130128,classroom ,0.0858626
27112,253796,130128,hospital_room ,0.07765996
27113,253796,130128,chemistry_lab ,0.068598
27114,253796,130128,operating_room ,0.048035562
27115,253796,130152,dressing_room ,0.30593678
27116,253796,130152,clean_room ,0.29995877
27117,253796,130152,chemistry_lab ,0.12047121
27118,253796,130152,biology_laboratory ,0.047176614
27119,253796,130152,archive ,0.046672013
27120,253796,130176,clean_room ,0.6547718
27121,253796,130176,dressing_room ,0.089069724
27122,253796,130176,office ,0.04923581
27123,253796,130176,chemistry_lab ,0.048409518
27124,253796,130176,biology_laboratory ,0.038222726
27125,253796,130200,clean_room ,0.28582993
27126,253796,130200,locker_room ,0.14513502
27127,253796,130200,server_room ,0.09916787
27128,253796,130200,bank_vault ,0.061940923
27129,253796,130200,archive ,0.045402214
27130,253796,130224,bow_window/indoor ,0.52957666
27131,253796,130224,shower ,0.33280176
27132,253796,130224,bathroom ,0.031228133
27133,253796,130224,museum/indoor ,0.007697458
27134,253796,130224,elevator/door ,0.006341099
27135,253796,130248,bow_window/indoor ,0.6531792
27136,253796,130248,jail_cell ,0.07948557
27137,253796,130248,clothing_store ,0.030395852
27138,253796,130248,dressing_room ,0.024256554
27139,253796,130248,museum/indoor ,0.023252938
27140,253796,130272,dressing_room ,0.2141994
27141,253796,130272,bow_window/indoor ,0.14939822
27142,253796,130272,clothing_store ,0.085721284
27143,253796,130272,locker_room ,0.0722069
27144,253796,130272,shower ,0.0651871
27145,253796,130296,clean_room ,0.67037934
27146,253796,130296,dressing_room ,0.19721712
27147,253796,130296,chemistry_lab ,0.03859525
27148,253796,130296,locker_room ,0.016018203
27149,253796,130296,biology_laboratory ,0.006943112
27150,253796,130320,dressing_room ,0.67696065
27151,253796,130320,clean_room ,0.112551
27152,253796,130320,locker_room ,0.023482623
27153,253796,130320,museum/indoor ,0.018843904
27154,253796,130320,jewelry_shop ,0.017669166
27155,253796,130344,dressing_room ,0.52720845
27156,253796,130344,living_room ,0.036728486
27157,253796,130344,hospital_room ,0.023880042
27158,253796,130344,clean_room ,0.023038095
27159,253796,130344,nursing_home ,0.021091726
27160,253796,130368,dressing_room ,0.7247572
27161,253796,130368,clean_room ,0.034736082
27162,253796,130368,dorm_room ,0.018462783
27163,253796,130368,archive ,0.017113814
27164,253796,130368,locker_room ,0.015250425
27165,253796,130392,dressing_room ,0.63861424
27166,253796,130392,clean_room ,0.029057138
27167,253796,130392,office ,0.02355594
27168,253796,130392,living_room ,0.022548806
27169,253796,130392,dorm_room ,0.022524135
27170,253796,130416,dressing_room ,0.64148134
27171,253796,130416,clean_room ,0.03225806
27172,253796,130416,archive ,0.024228746
27173,253796,130416,office ,0.023394385
27174,253796,130416,dorm_room ,0.021347675
27175,253796,130440,dressing_room ,0.5205018
27176,253796,130440,clean_room ,0.056265093
27177,253796,130440,archive ,0.038623013
27178,253796,130440,office ,0.034738045
27179,253796,130440,hospital_room ,0.024156079
27180,253796,130464,dressing_room ,0.63017124
27181,253796,130464,clean_room ,0.04572424
27182,253796,130464,office ,0.033731613
27183,253796,130464,archive ,0.024367929
27184,253796,130464,dorm_room ,0.017987056
27185,253796,130488,dressing_room ,0.6905796
27186,253796,130488,office ,0.03200187
27187,253796,130488,living_room ,0.030598128
27188,253796,130488,dorm_room ,0.021164902
27189,253796,130488,clean_room ,0.02045947
27190,253796,130512,dressing_room ,0.67267996
27191,253796,130512,office ,0.034717657
27192,253796,130512,living_room ,0.03225827
27193,253796,130512,archive ,0.031038795
27194,253796,130512,dorm_room ,0.018023774
27195,253796,130536,dressing_room ,0.62269175
27196,253796,130536,office ,0.048373707
27197,253796,130536,archive ,0.046344765
27198,253796,130536,living_room ,0.030445999
27199,253796,130536,clean_room ,0.016881658
27200,253796,130560,dressing_room ,0.60097235
27201,253796,130560,living_room ,0.049536902
27202,253796,130560,office ,0.040046927
27203,253796,130560,dorm_room ,0.037547898
27204,253796,130560,archive ,0.036875296
27205,253796,130584,dressing_room ,0.5739693
27206,253796,130584,office ,0.04913159
27207,253796,130584,archive ,0.047206424
27208,253796,130584,living_room ,0.046259698
27209,253796,130584,dorm_room ,0.026289871
27210,253796,130608,dressing_room ,0.5898931
27211,253796,130608,living_room ,0.057611253
27212,253796,130608,office ,0.036703713
27213,253796,130608,archive ,0.033499427
27214,253796,130608,dorm_room ,0.031633023
27215,253796,130632,dressing_room ,0.5957348
27216,253796,130632,living_room ,0.042875066
27217,253796,130632,office ,0.036275823
27218,253796,130632,archive ,0.03303928
27219,253796,130632,dorm_room ,0.026359428
27220,253796,130656,dressing_room ,0.6517648
27221,253796,130656,office ,0.042466085
27222,253796,130656,archive ,0.031786915
27223,253796,130656,living_room ,0.024681468
27224,253796,130656,clean_room ,0.023364324
27225,253796,130680,dressing_room ,0.6408151
27226,253796,130680,dorm_room ,0.04215573
27227,253796,130680,living_room ,0.040153667
27228,253796,130680,office ,0.036895476
27229,253796,130680,clean_room ,0.022353698
27230,253796,130704,dressing_room ,0.7313336
27231,253796,130704,office ,0.03168301
27232,253796,130704,archive ,0.024228087
27233,253796,130704,clean_room ,0.02174717
27234,253796,130704,living_room ,0.020663494
27235,253796,130728,dressing_room ,0.76628566
27236,253796,130728,living_room ,0.03910584
27237,253796,130728,office ,0.026221404
27238,253796,130728,dorm_room ,0.018180868
27239,253796,130728,home_office ,0.010420221
27240,253796,130752,dressing_room ,0.5961169
27241,253796,130752,living_room ,0.07578638
27242,253796,130752,dorm_room ,0.039063293
27243,253796,130752,office ,0.033676587
27244,253796,130752,home_office ,0.016690202
27245,253796,130776,dressing_room ,0.65871
27246,253796,130776,living_room ,0.05385181
27247,253796,130776,dorm_room ,0.033282552
27248,253796,130776,office ,0.032251466
27249,253796,130776,beauty_salon ,0.014656054
27250,253796,130800,dressing_room ,0.597247
27251,253796,130800,office ,0.036340307
27252,253796,130800,archive ,0.030595817
27253,253796,130800,clean_room ,0.024613824
27254,253796,130800,art_studio ,0.02391141
27255,253796,130824,dressing_room ,0.64586866
27256,253796,130824,office ,0.04235837
27257,253796,130824,clean_room ,0.031126235
27258,253796,130824,archive ,0.028726181
27259,253796,130824,beauty_salon ,0.014332119
27260,253796,130848,dressing_room ,0.52666485
27261,253796,130848,office ,0.056640655
27262,253796,130848,clean_room ,0.037932582
27263,253796,130848,archive ,0.03415217
27264,253796,130848,beauty_salon ,0.025110012
27265,253796,130872,dressing_room ,0.56143767
27266,253796,130872,office ,0.052879907
27267,253796,130872,clean_room ,0.031279452
27268,253796,130872,archive ,0.026551882
27269,253796,130872,dorm_room ,0.023939073
27270,253796,130896,dressing_room ,0.52115774
27271,253796,130896,office ,0.056068033
27272,253796,130896,clean_room ,0.043001525
27273,253796,130896,archive ,0.030622633
27274,253796,130896,living_room ,0.02549947
27275,253796,130920,dressing_room ,0.5139082
27276,253796,130920,office ,0.051676553
27277,253796,130920,living_room ,0.046459734
27278,253796,130920,dorm_room ,0.04121429
27279,253796,130920,archive ,0.024943793
27280,253796,130944,dressing_room ,0.5425946
27281,253796,130944,office ,0.057722937
27282,253796,130944,living_room ,0.042791832
27283,253796,130944,dorm_room ,0.029566163
27284,253796,130944,archive ,0.026794422
27285,253796,130968,dressing_room ,0.62453777
27286,253796,130968,living_room ,0.040112946
27287,253796,130968,art_studio ,0.026369762
27288,253796,130968,office ,0.02309251
27289,253796,130968,archive ,0.016068354
27290,253796,130992,dressing_room ,0.8743589
27291,253796,130992,art_studio ,0.010074083
27292,253796,130992,clean_room ,0.008204075
27293,253796,130992,archive ,0.008061803
27294,253796,130992,office ,0.006279125
27295,253796,131016,dressing_room ,0.90059274
27296,253796,131016,clean_room ,0.025136996
27297,253796,131016,martial_arts_gym ,0.010050935
27298,253796,131016,locker_room ,0.0071410383
27299,253796,131016,living_room ,0.005716087
27300,253796,131040,dressing_room ,0.70103806
27301,253796,131040,clean_room ,0.053523745
27302,253796,131040,locker_room ,0.028996442
27303,253796,131040,artists_loft ,0.026296373
27304,253796,131040,museum/indoor ,0.01915233
27305,253796,131064,dressing_room ,0.27311173
27306,253796,131064,locker_room ,0.19295268
27307,253796,131064,martial_arts_gym ,0.12554856
27308,253796,131064,closet ,0.06977312
27309,253796,131064,gymnasium/indoor ,0.068595156
27310,253796,131088,martial_arts_gym ,0.18266952
27311,253796,131088,clean_room ,0.1645049
27312,253796,131088,clothing_store ,0.1366362
27313,253796,131088,locker_room ,0.1239473
27314,253796,131088,dressing_room ,0.08381648
27315,253796,131112,martial_arts_gym ,0.5798546
27316,253796,131112,locker_room ,0.12018287
27317,253796,131112,ballroom ,0.064478755
27318,253796,131112,dressing_room ,0.062094893
27319,253796,131112,clean_room ,0.042945966
27320,253796,131136,stable ,0.33169276
27321,253796,131136,ice_shelf ,0.06775401
27322,253796,131136,art_gallery ,0.06309589
27323,253796,131136,glacier ,0.05713796
27324,253796,131136,museum/indoor ,0.054609522
27325,253796,131160,art_gallery ,0.24184532
27326,253796,131160,museum/indoor ,0.1862633
27327,253796,131160,artists_loft ,0.054257717
27328,253796,131160,ice_shelf ,0.043435182
27329,253796,131160,clean_room ,0.03764176
27330,253796,131184,art_gallery ,0.3050692
27331,253796,131184,corridor ,0.17263696
27332,253796,131184,museum/indoor ,0.12893862
27333,253796,131184,artists_loft ,0.08905958
27334,253796,131184,art_studio ,0.03958447
27335,253796,131208,museum/indoor ,0.22113344
27336,253796,131208,art_gallery ,0.1970363
27337,253796,131208,archive ,0.14699616
27338,253796,131208,corridor ,0.06299875
27339,253796,131208,locker_room ,0.0569776
27340,253796,131232,clean_room ,0.18295111
27341,253796,131232,museum/indoor ,0.17313237
27342,253796,131232,art_gallery ,0.16576542
27343,253796,131232,locker_room ,0.05697184
27344,253796,131232,archive ,0.03857215
27345,253796,131256,clean_room ,0.17886585
27346,253796,131256,art_gallery ,0.15935603
27347,253796,131256,archive ,0.13673107
27348,253796,131256,museum/indoor ,0.13111383
27349,253796,131256,locker_room ,0.04830009
27350,253796,131280,museum/indoor ,0.20821545
27351,253796,131280,clean_room ,0.1305084
27352,253796,131280,art_gallery ,0.090444796
27353,253796,131280,archive ,0.069889784
27354,253796,131280,shower ,0.053663965
27355,253796,131304,museum/indoor ,0.15112367
27356,253796,131304,clean_room ,0.14164467
27357,253796,131304,art_gallery ,0.07383504
27358,253796,131304,shower ,0.058958896
27359,253796,131304,archive ,0.046765685
27360,253796,131328,museum/indoor ,0.20744616
27361,253796,131328,art_gallery ,0.12260094
27362,253796,131328,clean_room ,0.07938584
27363,253796,131328,archive ,0.05775184
27364,253796,131328,corridor ,0.054870155
27365,253796,131352,museum/indoor ,0.41465497
27366,253796,131352,art_gallery ,0.20159556
27367,253796,131352,clean_room ,0.10969287
27368,253796,131352,science_museum ,0.032547913
27369,253796,131352,archive ,0.02003297
27370,253796,131376,museum/indoor ,0.25289974
27371,253796,131376,art_gallery ,0.1838164
27372,253796,131376,sauna ,0.08720552
27373,253796,131376,clean_room ,0.067957155
27374,253796,131376,shower ,0.044858187
27375,253796,131400,museum/indoor ,0.14950538
27376,253796,131400,barndoor ,0.10734263
27377,253796,131400,art_gallery ,0.10476633
27378,253796,131400,bow_window/indoor ,0.070870295
27379,253796,131400,clean_room ,0.05147476
27380,253796,131424,barndoor ,0.18798521
27381,253796,131424,bow_window/indoor ,0.13873221
27382,253796,131424,doorway/outdoor ,0.097179
27383,253796,131424,elevator/door ,0.05856604
27384,253796,131424,museum/indoor ,0.050122384
27385,253796,131448,museum/indoor ,0.20911583
27386,253796,131448,bow_window/indoor ,0.15007141
27387,253796,131448,archive ,0.11298196
27388,253796,131448,barndoor ,0.10879501
27389,253796,131448,art_gallery ,0.092129454
27390,253796,131472,archive ,0.52207375
27391,253796,131472,clean_room ,0.09557273
27392,253796,131472,museum/indoor ,0.078571424
27393,253796,131472,barndoor ,0.027414996
27394,253796,131472,bow_window/indoor ,0.025447795
27395,253796,131496,archive ,0.33625993
27396,253796,131496,bow_window/indoor ,0.16808243
27397,253796,131496,barndoor ,0.13453674
27398,253796,131496,clean_room ,0.04518802
27399,253796,131496,ice_shelf ,0.031161943
27400,253796,131520,bow_window/indoor ,0.4570258
27401,253796,131520,doorway/outdoor ,0.17722183
27402,253796,131520,jail_cell ,0.043487065
27403,253796,131520,ticket_booth ,0.0386325
27404,253796,131520,sauna ,0.03119775
27405,253796,131544,bow_window/indoor ,0.44057968
27406,253796,131544,doorway/outdoor ,0.18307799
27407,253796,131544,jail_cell ,0.049663275
27408,253796,131544,ticket_booth ,0.044877727
27409,253796,131544,barndoor ,0.029719142
27410,253796,131568,bow_window/indoor ,0.25729823
27411,253796,131568,doorway/outdoor ,0.17387517
27412,253796,131568,jail_cell ,0.1406379
27413,253796,131568,ticket_booth ,0.096586816
27414,253796,131568,archive ,0.054709744
27415,253796,131592,bow_window/indoor ,0.41682267
27416,253796,131592,doorway/outdoor ,0.14420936
27417,253796,131592,archive ,0.063044794
27418,253796,131592,alcove ,0.043706767
27419,253796,131592,ticket_booth ,0.041143883
27420,253796,131616,bow_window/indoor ,0.7446654
27421,253796,131616,alcove ,0.09657354
27422,253796,131616,doorway/outdoor ,0.07002282
27423,253796,131616,entrance_hall ,0.021005282
27424,253796,131616,sauna ,0.007504636
27425,253796,131640,bow_window/indoor ,0.18855335
27426,253796,131640,alcove ,0.17803757
27427,253796,131640,clean_room ,0.09937574
27428,253796,131640,doorway/outdoor ,0.08720081
27429,253796,131640,entrance_hall ,0.031038297
27430,253796,131664,clean_room ,0.48241192
27431,253796,131664,entrance_hall ,0.1071613
27432,253796,131664,martial_arts_gym ,0.074236386
27433,253796,131664,ballroom ,0.03889295
27434,253796,131664,hospital_room ,0.030888835
27435,253796,131688,entrance_hall ,0.24589121
27436,253796,131688,martial_arts_gym ,0.15924346
27437,253796,131688,ballroom ,0.11500819
27438,253796,131688,clean_room ,0.10776673
27439,253796,131688,artists_loft ,0.05913335
27440,253796,131712,entrance_hall ,0.39949557
27441,253796,131712,bow_window/indoor ,0.16766372
27442,253796,131712,clean_room ,0.078914315
27443,253796,131712,museum/indoor ,0.06208071
27444,253796,131712,schoolhouse ,0.043791413
27445,253796,131736,clean_room ,0.74487734
27446,253796,131736,operating_room ,0.033418074
27447,253796,131736,museum/indoor ,0.029955195
27448,253796,131736,hospital_room ,0.014747867
27449,253796,131736,shower ,0.012911682
27450,253796,131760,schoolhouse ,0.21296743
27451,253796,131760,clean_room ,0.14270228
27452,253796,131760,bow_window/indoor ,0.093608625
27453,253796,131760,museum/indoor ,0.09193465
27454,253796,131760,operating_room ,0.041661438
27455,253796,131784,bow_window/indoor ,0.13907216
27456,253796,131784,museum/indoor ,0.113355294
27457,253796,131784,schoolhouse ,0.10606469
27458,253796,131784,entrance_hall ,0.062078696
27459,253796,131784,stable ,0.03852547
27460,253796,131808,bow_window/indoor ,0.16319562
27461,253796,131808,museum/indoor ,0.12800078
27462,253796,131808,schoolhouse ,0.0672144
27463,253796,131808,entrance_hall ,0.04793762
27464,253796,131808,clean_room ,0.045787707
27465,253796,131832,museum/indoor ,0.28234223
27466,253796,131832,bow_window/indoor ,0.19036748
27467,253796,131832,clean_room ,0.0625167
27468,253796,131832,entrance_hall ,0.034838982
27469,253796,131832,jail_cell ,0.031119933
27470,253796,131856,museum/indoor ,0.18884511
27471,253796,131856,bow_window/indoor ,0.17866184
27472,253796,131856,clean_room ,0.069973655
27473,253796,131856,entrance_hall ,0.038353648
27474,253796,131856,jail_cell ,0.03827275
27475,253796,131880,museum/indoor ,0.25791967
27476,253796,131880,bow_window/indoor ,0.13386957
27477,253796,131880,clean_room ,0.11942275
27478,253796,131880,jail_cell ,0.038954515
27479,253796,131880,schoolhouse ,0.03834328
27480,253796,131904,clean_room ,0.76459885
27481,253796,131904,museum/indoor ,0.040204182
27482,253796,131904,operating_room ,0.03573359
27483,253796,131904,archive ,0.03534341
27484,253796,131904,bow_window/indoor ,0.017988527
27485,253796,131928,clean_room ,0.8960589
27486,253796,131928,archive ,0.013698859
27487,253796,131928,hospital_room ,0.006903456
27488,253796,131928,martial_arts_gym ,0.006379544
27489,253796,131928,locker_room ,0.0063268985
27490,253796,131952,clean_room ,0.97692466
27491,253796,131952,locker_room ,0.006835895
27492,253796,131952,hospital_room ,0.0050604325
27493,253796,131952,operating_room ,0.0037875162
27494,253796,131952,archive ,0.0029099137
27495,253796,131976,clean_room ,0.9154593
27496,253796,131976,locker_room ,0.018682849
27497,253796,131976,hospital_room ,0.01142649
27498,253796,131976,archive ,0.006582766
27499,253796,131976,server_room ,0.0064727175
27500,253796,132000,clean_room ,0.85490793
27501,253796,132000,locker_room ,0.060796753
27502,253796,132000,archive ,0.015070676
27503,253796,132000,operating_room ,0.011647527
27504,253796,132000,dressing_room ,0.00867286
27505,253796,132024,clean_room ,0.35407174
27506,253796,132024,archive ,0.27652
27507,253796,132024,locker_room ,0.20257841
27508,253796,132024,museum/indoor ,0.026997114
27509,253796,132024,dressing_room ,0.019188887
27510,253796,132048,clean_room ,0.33537692
27511,253796,132048,locker_room ,0.2430328
27512,253796,132048,archive ,0.20875347
27513,253796,132048,dressing_room ,0.038535397
27514,253796,132048,museum/indoor ,0.018940946
27515,253796,132072,clean_room ,0.5910824
27516,253796,132072,locker_room ,0.18307525
27517,253796,132072,dressing_room ,0.06754361
27518,253796,132072,archive ,0.045342226
27519,253796,132072,operating_room ,0.011266447
27520,253796,132096,clean_room ,0.36607233
27521,253796,132096,dressing_room ,0.24503048
27522,253796,132096,locker_room ,0.20381212
27523,253796,132096,archive ,0.027374739
27524,253796,132096,clothing_store ,0.021154508
27525,253796,132120,clean_room ,0.71136713
27526,253796,132120,locker_room ,0.09312731
27527,253796,132120,dressing_room ,0.031516925
27528,253796,132120,archive ,0.026364462
27529,253796,132120,butchers_shop ,0.011356422
27530,253796,132144,clean_room ,0.48448575
27531,253796,132144,locker_room ,0.17707889
27532,253796,132144,dressing_room ,0.10759595
27533,253796,132144,archive ,0.021013362
27534,253796,132144,butchers_shop ,0.019424798
27535,253796,132168,clean_room ,0.7559106
27536,253796,132168,locker_room ,0.06489784
27537,253796,132168,dressing_room ,0.05710667
27538,253796,132168,server_room ,0.013041472
27539,253796,132168,archive ,0.012052006
27540,253796,132192,clean_room ,0.7587432
27541,253796,132192,locker_room ,0.058840852
27542,253796,132192,archive ,0.035961587
27543,253796,132192,dressing_room ,0.030276585
27544,253796,132192,hospital_room ,0.011874666
27545,253796,132216,clean_room ,0.910186
27546,253796,132216,operating_room ,0.01806259
27547,253796,132216,locker_room ,0.012012587
27548,253796,132216,archive ,0.0072968947
27549,253796,132216,hospital_room ,0.0054754545
27550,253796,132240,clean_room ,0.962497
27551,253796,132240,operating_room ,0.009251116
27552,253796,132240,locker_room ,0.008730043
27553,253796,132240,hospital_room ,0.004912841
27554,253796,132240,archive ,0.001943894
27555,253796,132264,clean_room ,0.9748581
27556,253796,132264,locker_room ,0.00566248
27557,253796,132264,operating_room ,0.004960229
27558,253796,132264,hospital_room ,0.0020833884
27559,253796,132264,butchers_shop ,0.0013060893
27560,253796,132288,clean_room ,0.93480736
27561,253796,132288,locker_room ,0.026749074
27562,253796,132288,dressing_room ,0.011426757
27563,253796,132288,clothing_store ,0.0038272438
27564,253796,132288,closet ,0.0036386766
27565,253796,132312,clean_room ,0.899613
27566,253796,132312,locker_room ,0.024044901
27567,253796,132312,dressing_room ,0.01249332
27568,253796,132312,clothing_store ,0.0113159595
27569,253796,132312,operating_room ,0.006205009
27570,253796,132336,clean_room ,0.8788507
27571,253796,132336,locker_room ,0.03411322
27572,253796,132336,archive ,0.0122079365
27573,253796,132336,dressing_room ,0.008834245
27574,253796,132336,server_room ,0.007566826
27575,253796,132360,clean_room ,0.7707948
27576,253796,132360,locker_room ,0.08808081
27577,253796,132360,archive ,0.024363823
27578,253796,132360,dressing_room ,0.020205632
27579,253796,132360,hospital_room ,0.009884651
27580,253796,132384,clean_room ,0.6930445
27581,253796,132384,locker_room ,0.11766916
27582,253796,132384,archive ,0.038233526
27583,253796,132384,dressing_room ,0.014315617
27584,253796,132384,hospital_room ,0.012123481
27585,253796,132408,clean_room ,0.6595172
27586,253796,132408,locker_room ,0.15416487
27587,253796,132408,archive ,0.032682844
27588,253796,132408,dressing_room ,0.024486562
27589,253796,132408,hospital_room ,0.011436697
27590,253796,132432,clean_room ,0.6593429
27591,253796,132432,locker_room ,0.1481711
27592,253796,132432,archive ,0.040631957
27593,253796,132432,dressing_room ,0.02063107
27594,253796,132432,server_room ,0.011470803
27595,253796,132456,clean_room ,0.5650367
27596,253796,132456,locker_room ,0.22273836
27597,253796,132456,archive ,0.053145297
27598,253796,132456,dressing_room ,0.022013098
27599,253796,132456,server_room ,0.017108107
27600,253796,132480,clean_room ,0.58255535
27601,253796,132480,locker_room ,0.21556175
27602,253796,132480,dressing_room ,0.04169299
27603,253796,132480,archive ,0.031001749
27604,253796,132480,hospital_room ,0.014808849
27605,253796,132504,clean_room ,0.51188076
27606,253796,132504,locker_room ,0.2909724
27607,253796,132504,archive ,0.04272531
27608,253796,132504,dressing_room ,0.029046088
27609,253796,132504,hospital_room ,0.0121898595
27610,253796,132528,clean_room ,0.64349073
27611,253796,132528,locker_room ,0.21194103
27612,253796,132528,archive ,0.031150147
27613,253796,132528,dressing_room ,0.024421334
27614,253796,132528,hospital_room ,0.009165204
27615,253796,132552,clean_room ,0.68715274
27616,253796,132552,locker_room ,0.16136035
27617,253796,132552,archive ,0.026264798
27618,253796,132552,dressing_room ,0.022154817
27619,253796,132552,hospital_room ,0.008662144
27620,253796,132576,clean_room ,0.77643806
27621,253796,132576,locker_room ,0.085275315
27622,253796,132576,archive ,0.034973852
27623,253796,132576,dressing_room ,0.012179635
27624,253796,132576,server_room ,0.009640054
27625,253796,132600,clean_room ,0.8078158
27626,253796,132600,locker_room ,0.087190956
27627,253796,132600,dressing_room ,0.016918566
27628,253796,132600,archive ,0.015435935
27629,253796,132600,operating_room ,0.008550078
27630,253796,132624,clean_room ,0.7081452
27631,253796,132624,locker_room ,0.16992874
27632,253796,132624,dressing_room ,0.060844567
27633,253796,132624,closet ,0.008032294
27634,253796,132624,clothing_store ,0.0066661383
27635,253796,132648,clean_room ,0.95538443
27636,253796,132648,locker_room ,0.015473472
27637,253796,132648,operating_room ,0.007999195
27638,253796,132648,hospital_room ,0.00590146
27639,253796,132648,archive ,0.003642628
27640,253796,132672,clean_room ,0.9275106
27641,253796,132672,locker_room ,0.036649413
27642,253796,132672,dressing_room ,0.011502781
27643,253796,132672,archive ,0.0063696126
27644,253796,132672,hospital_room ,0.0021184995
27645,253796,132696,locker_room ,0.40927115
27646,253796,132696,clean_room ,0.25595516
27647,253796,132696,dressing_room ,0.12133145
27648,253796,132696,archive ,0.076016836
27649,253796,132696,laundromat ,0.015946457
27650,253796,132720,clean_room ,0.7932838
27651,253796,132720,hospital_room ,0.11398698
27652,253796,132720,operating_room ,0.039547663
27653,253796,132720,archive ,0.011159858
27654,253796,132720,jail_cell ,0.0062010144
27655,253796,132744,clean_room ,0.86513335
27656,253796,132744,archive ,0.020701203
27657,253796,132744,ticket_booth ,0.01708013
27658,253796,132744,chemistry_lab ,0.015261606
27659,253796,132744,pharmacy ,0.008552605
27660,253796,132768,locker_room ,0.2824483
27661,253796,132768,museum/indoor ,0.16665657
27662,253796,132768,archive ,0.071660794
27663,253796,132768,clothing_store ,0.04060026
27664,253796,132768,elevator/door ,0.030830571
27665,253796,132792,museum/indoor ,0.35195604
27666,253796,132792,locker_room ,0.06707977
27667,253796,132792,archive ,0.04514815
27668,253796,132792,bow_window/indoor ,0.04121681
27669,253796,132792,elevator/door ,0.037112735
27670,253796,132816,museum/indoor ,0.4557378
27671,253796,132816,bow_window/indoor ,0.06069843
27672,253796,132816,archive ,0.03724737
27673,253796,132816,locker_room ,0.03624225
27674,253796,132816,elevator/door ,0.034522872
27675,253796,132840,museum/indoor ,0.4031599
27676,253796,132840,bow_window/indoor ,0.19782728
27677,253796,132840,elevator/door ,0.043474253
27678,253796,132840,art_gallery ,0.023567406
27679,253796,132840,archive ,0.021708423
27680,253796,132864,museum/indoor ,0.63266927
27681,253796,132864,bow_window/indoor ,0.07336135
27682,253796,132864,art_gallery ,0.036903057
27683,253796,132864,church/indoor ,0.018028202
27684,253796,132864,artists_loft ,0.016920041
27685,253796,132888,museum/indoor ,0.48674297
27686,253796,132888,bow_window/indoor ,0.25396243
27687,253796,132888,church/indoor ,0.02771133
27688,253796,132888,art_gallery ,0.025836673
27689,253796,132888,elevator_shaft ,0.019138834
27690,253796,132912,museum/indoor ,0.8378733
27691,253796,132912,bow_window/indoor ,0.03552625
27692,253796,132912,art_gallery ,0.03108508
27693,253796,132912,artists_loft ,0.0104710935
27694,253796,132912,church/indoor ,0.009282424
27695,253796,132936,museum/indoor ,0.5760598
27696,253796,132936,bow_window/indoor ,0.10907278
27697,253796,132936,church/indoor ,0.024266684
27698,253796,132936,elevator_shaft ,0.022937294
27699,253796,132936,staircase ,0.020043064
27700,253796,132960,museum/indoor ,0.7532779
27701,253796,132960,bow_window/indoor ,0.060189307
27702,253796,132960,elevator/door ,0.022138778
27703,253796,132960,art_gallery ,0.016951064
27704,253796,132960,church/indoor ,0.009242234
27705,253796,132984,museum/indoor ,0.80293614
27706,253796,132984,clean_room ,0.024427291
27707,253796,132984,archive ,0.02160009
27708,253796,132984,physics_laboratory ,0.015764834
27709,253796,132984,locker_room ,0.011326675
27710,253796,133008,museum/indoor ,0.9458121
27711,253796,133008,clean_room ,0.007632542
27712,253796,133008,archive ,0.0051692133
27713,253796,133008,art_gallery ,0.0043371534
27714,253796,133008,clothing_store ,0.0039015806
27715,253796,133032,museum/indoor ,0.8845657
27716,253796,133032,clean_room ,0.033744507
27717,253796,133032,archive ,0.011600691
27718,253796,133032,physics_laboratory ,0.009408957
27719,253796,133032,art_gallery ,0.004669983
27720,253796,133056,museum/indoor ,0.8545526
27721,253796,133056,clean_room ,0.0384064
27722,253796,133056,archive ,0.013177092
27723,253796,133056,art_gallery ,0.008166618
27724,253796,133056,locker_room ,0.0076368656
27725,253796,133080,museum/indoor ,0.81199574
27726,253796,133080,clean_room ,0.059498813
27727,253796,133080,archive ,0.014158742
27728,253796,133080,nursery ,0.010834743
27729,253796,133080,locker_room ,0.009353427
27730,253796,133104,museum/indoor ,0.6936713
27731,253796,133104,clean_room ,0.08336094
27732,253796,133104,gymnasium/indoor ,0.03940893
27733,253796,133104,locker_room ,0.020951374
27734,253796,133104,archive ,0.016149133
27735,253796,133128,museum/indoor ,0.7527657
27736,253796,133128,gymnasium/indoor ,0.03510397
27737,253796,133128,clean_room ,0.03232693
27738,253796,133128,archive ,0.01776665
27739,253796,133128,entrance_hall ,0.013894984
27740,253796,133152,museum/indoor ,0.3553164
27741,253796,133152,bank_vault ,0.12898232
27742,253796,133152,clean_room ,0.07327604
27743,253796,133152,engine_room ,0.063733645
27744,253796,133152,physics_laboratory ,0.032123327
27745,253796,133176,stage/indoor ,0.19848658
27746,253796,133176,clean_room ,0.10053539
27747,253796,133176,music_studio ,0.087460026
27748,253796,133176,locker_room ,0.05973352
27749,253796,133176,discotheque ,0.056174073
27750,253796,133200,stage/indoor ,0.30449465
27751,253796,133200,clean_room ,0.2617551
27752,253796,133200,museum/indoor ,0.1409813
27753,253796,133200,music_studio ,0.05599734
27754,253796,133200,locker_room ,0.024067141
27755,253796,133224,shower ,0.27323344
27756,253796,133224,locker_room ,0.14844738
27757,253796,133224,bathroom ,0.10441101
27758,253796,133224,sauna ,0.08138948
27759,253796,133224,elevator/door ,0.0708084
27760,253796,133248,museum/indoor ,0.72623736
27761,253796,133248,art_gallery ,0.05084589
27762,253796,133248,stage/indoor ,0.035354394
27763,253796,133248,bow_window/indoor ,0.02375502
27764,253796,133248,dressing_room ,0.02249272
27765,253796,133272,dressing_room ,0.35039777
27766,253796,133272,locker_room ,0.17512614
27767,253796,133272,sauna ,0.07169083
27768,253796,133272,shower ,0.063964315
27769,253796,133272,museum/indoor ,0.06105444
27770,253796,133296,clean_room ,0.6181574
27771,253796,133296,dressing_room ,0.23936938
27772,253796,133296,museum/indoor ,0.05250075
27773,253796,133296,locker_room ,0.016297044
27774,253796,133296,clothing_store ,0.011327715
27775,253796,133320,museum/indoor ,0.45984337
27776,253796,133320,clean_room ,0.34728646
27777,253796,133320,dressing_room ,0.06353532
27778,253796,133320,art_gallery ,0.044782426
27779,253796,133320,locker_room ,0.01408666
27780,253796,133344,clean_room ,0.48132092
27781,253796,133344,museum/indoor ,0.28448325
27782,253796,133344,dressing_room ,0.088070236
27783,253796,133344,art_gallery ,0.05315422
27784,253796,133344,clothing_store ,0.01635501
27785,253796,133368,clean_room ,0.4354936
27786,253796,133368,dressing_room ,0.22523619
27787,253796,133368,museum/indoor ,0.083642356
27788,253796,133368,stage/indoor ,0.05041291
27789,253796,133368,art_gallery ,0.027264126
27790,253796,133392,clean_room ,0.76322734
27791,253796,133392,museum/indoor ,0.14138333
27792,253796,133392,art_gallery ,0.020008583
27793,253796,133392,dressing_room ,0.016577512
27794,253796,133392,locker_room ,0.009499767
27795,253796,133416,clean_room ,0.6423304
27796,253796,133416,museum/indoor ,0.25120264
27797,253796,133416,dressing_room ,0.051676452
27798,253796,133416,art_gallery ,0.023922347
27799,253796,133416,locker_room ,0.005974538
27800,253796,133440,museum/indoor ,0.65427643
27801,253796,133440,clean_room ,0.17159705
27802,253796,133440,dressing_room ,0.06235042
27803,253796,133440,locker_room ,0.038373433
27804,253796,133440,art_gallery ,0.036856133
27805,253796,133464,clean_room ,0.9273684
27806,253796,133464,museum/indoor ,0.036341507
27807,253796,133464,dressing_room ,0.012859612
27808,253796,133464,art_gallery ,0.010025702
27809,253796,133464,art_studio ,0.0031209753
27810,253796,133488,clean_room ,0.8753178
27811,253796,133488,museum/indoor ,0.06359366
27812,253796,133488,archive ,0.011167076
27813,253796,133488,art_gallery ,0.009864709
27814,253796,133488,operating_room ,0.0077439994
27815,253796,133512,clean_room ,0.93525124
27816,253796,133512,dressing_room ,0.036765277
27817,253796,133512,museum/indoor ,0.005283912
27818,253796,133512,operating_room ,0.0046298513
27819,253796,133512,hospital_room ,0.0035685154
27820,253796,133536,clean_room ,0.7601868
27821,253796,133536,dressing_room ,0.2178728
27822,253796,133536,museum/indoor ,0.005314804
27823,253796,133536,operating_room ,0.0029600135
27824,253796,133536,clothing_store ,0.0028936213
27825,253796,133560,clean_room ,0.834102
27826,253796,133560,dressing_room ,0.12333561
27827,253796,133560,museum/indoor ,0.020539511
27828,253796,133560,locker_room ,0.007050224
27829,253796,133560,art_gallery ,0.0027193918
27830,253796,133584,clean_room ,0.9820504
27831,253796,133584,museum/indoor ,0.006300996
27832,253796,133584,dressing_room ,0.0058206203
27833,253796,133584,operating_room ,0.0030838465
27834,253796,133584,hospital_room ,0.00067294185
27835,253796,133608,clean_room ,0.9619605
27836,253796,133608,museum/indoor ,0.018693922
27837,253796,133608,dressing_room ,0.01180613
27838,253796,133608,archive ,0.0019746306
27839,253796,133608,art_gallery ,0.0014999108
27840,253796,133632,clean_room ,0.96891505
27841,253796,133632,museum/indoor ,0.01719871
27842,253796,133632,dressing_room ,0.004510168
27843,253796,133632,operating_room ,0.0023335866
27844,253796,133632,archive ,0.0019646874
27845,253796,133656,clean_room ,0.85470897
27846,253796,133656,museum/indoor ,0.106883824
27847,253796,133656,archive ,0.012287554
27848,253796,133656,dressing_room ,0.011966191
27849,253796,133656,art_gallery ,0.004927536
27850,253796,133680,clean_room ,0.9278761
27851,253796,133680,museum/indoor ,0.04226283
27852,253796,133680,archive ,0.011406977
27853,253796,133680,dressing_room ,0.0055217957
27854,253796,133680,art_gallery ,0.0044379374
27855,253796,133704,clean_room ,0.85110617
27856,253796,133704,archive ,0.07289814
27857,253796,133704,dressing_room ,0.013145506
27858,253796,133704,museum/indoor ,0.012740685
27859,253796,133704,operating_room ,0.010092764
27860,253796,133728,clean_room ,0.4005698
27861,253796,133728,museum/indoor ,0.39025906
27862,253796,133728,archive ,0.184577
27863,253796,133728,art_gallery ,0.008972633
27864,253796,133728,art_studio ,0.0021435802
27865,253796,133752,clean_room ,0.8427689
27866,253796,133752,museum/indoor ,0.0764188
27867,253796,133752,dressing_room ,0.05054111
27868,253796,133752,art_gallery ,0.00958655
27869,253796,133752,archive ,0.0045518545
27870,253796,133776,clean_room ,0.94002455
27871,253796,133776,dressing_room ,0.028375886
27872,253796,133776,museum/indoor ,0.01958234
27873,253796,133776,operating_room ,0.0031284327
27874,253796,133776,archive ,0.0030404222
27875,253796,133800,clean_room ,0.5076989
27876,253796,133800,dressing_room ,0.36360884
27877,253796,133800,museum/indoor ,0.069998495
27878,253796,133800,locker_room ,0.03452724
27879,253796,133800,archive ,0.006808335
27880,253796,133824,clean_room ,0.72002876
27881,253796,133824,dressing_room ,0.18949753
27882,253796,133824,museum/indoor ,0.06739643
27883,253796,133824,locker_room ,0.0090683205
27884,253796,133824,archive ,0.0031318811
27885,253796,133848,clean_room ,0.5335166
27886,253796,133848,museum/indoor ,0.38453346
27887,253796,133848,dressing_room ,0.04274872
27888,253796,133848,archive ,0.017226428
27889,253796,133848,locker_room ,0.009293838
27890,253796,133872,clean_room ,0.8548887
27891,253796,133872,museum/indoor ,0.07718287
27892,253796,133872,dressing_room ,0.048815582
27893,253796,133872,locker_room ,0.0069662337
27894,253796,133872,archive ,0.0050968532
27895,253796,133896,clean_room ,0.8663868
27896,253796,133896,museum/indoor ,0.06310661
27897,253796,133896,dressing_room ,0.0524129
27898,253796,133896,archive ,0.005814477
27899,253796,133896,locker_room ,0.004599546
27900,253796,133920,clean_room ,0.7536865
27901,253796,133920,museum/indoor ,0.20898342
27902,253796,133920,archive ,0.012547366
27903,253796,133920,dressing_room ,0.009945748
27904,253796,133920,operating_room ,0.003807579
27905,253796,133944,clean_room ,0.8372443
27906,253796,133944,museum/indoor ,0.10293002
27907,253796,133944,dressing_room ,0.027598158
27908,253796,133944,archive ,0.013592266
27909,253796,133944,nursing_home ,0.004621193
27910,253796,133968,clean_room ,0.96419394
27911,253796,133968,dressing_room ,0.01282213
27912,253796,133968,museum/indoor ,0.011157859
27913,253796,133968,locker_room ,0.0040180665
27914,253796,133968,archive ,0.0031504256
27915,253796,133992,clean_room ,0.98651516
27916,253796,133992,museum/indoor ,0.0054669213
27917,253796,133992,dressing_room ,0.0028700028
27918,253796,133992,operating_room ,0.0022899276
27919,253796,133992,archive ,0.00086731196
27920,253796,134016,clean_room ,0.5869436
27921,253796,134016,dressing_room ,0.31758797
27922,253796,134016,museum/indoor ,0.043534975
27923,253796,134016,locker_room ,0.025518216
27924,253796,134016,archive ,0.0138820745
27925,253796,134040,museum/indoor ,0.59043914
27926,253796,134040,dressing_room ,0.122424975
27927,253796,134040,clothing_store ,0.09183288
27928,253796,134040,clean_room ,0.08301587
27929,253796,134040,locker_room ,0.029021578
27930,253796,134064,clean_room ,0.43890193
27931,253796,134064,locker_room ,0.14158142
27932,253796,134064,stage/indoor ,0.072944984
27933,253796,134064,museum/indoor ,0.060835887
27934,253796,134064,music_studio ,0.03315262
27935,253796,134088,clean_room ,0.9778607
27936,253796,134088,hospital_room ,0.005663942
27937,253796,134088,locker_room ,0.005644056
27938,253796,134088,dressing_room ,0.002354485
27939,253796,134088,operating_room ,0.001742325
27940,253796,134112,clean_room ,0.96138567
27941,253796,134112,locker_room ,0.010396117
27942,253796,134112,dressing_room ,0.006873223
27943,253796,134112,hospital_room ,0.005267526
27944,253796,134112,operating_room ,0.002260807
27945,253796,134136,clean_room ,0.8992165
27946,253796,134136,hospital_room ,0.02283583
27947,253796,134136,dressing_room ,0.021390358
27948,253796,134136,locker_room ,0.013534828
27949,253796,134136,operating_room ,0.009173508
27950,253796,134160,clean_room ,0.79302204
27951,253796,134160,dressing_room ,0.09548258
27952,253796,134160,locker_room ,0.029798953
27953,253796,134160,hospital_room ,0.02096524
27954,253796,134160,nursing_home ,0.008247701
27955,253796,134184,clean_room ,0.6457969
27956,253796,134184,dressing_room ,0.15436432
27957,253796,134184,locker_room ,0.095777
27958,253796,134184,stage/indoor ,0.018965553
27959,253796,134184,hospital_room ,0.010938792
27960,253796,134208,clean_room ,0.83224463
27961,253796,134208,dressing_room ,0.0928455
27962,253796,134208,locker_room ,0.03439978
27963,253796,134208,clothing_store ,0.004704048
27964,253796,134208,hospital_room ,0.0043519144
27965,253796,134232,clean_room ,0.799907
27966,253796,134232,dressing_room ,0.10603945
27967,253796,134232,clothing_store ,0.017375663
27968,253796,134232,locker_room ,0.015693115
27969,253796,134232,stage/indoor ,0.015189052
27970,253796,134256,clean_room ,0.54409516
27971,253796,134256,dressing_room ,0.22264317
27972,253796,134256,stage/indoor ,0.07015713
27973,253796,134256,locker_room ,0.034405973
27974,253796,134256,clothing_store ,0.0315905
27975,253796,134280,dressing_room ,0.41457802
27976,253796,134280,stage/indoor ,0.1461934
27977,253796,134280,discotheque ,0.13158114
27978,253796,134280,music_studio ,0.053995904
27979,253796,134280,clean_room ,0.028535351
27980,253796,134304,dressing_room ,0.2894576
27981,253796,134304,stage/indoor ,0.26776984
27982,253796,134304,discotheque ,0.18419547
27983,253796,134304,music_studio ,0.05555227
27984,253796,134304,museum/indoor ,0.04984857
27985,253796,134328,stage/indoor ,0.30653676
27986,253796,134328,dressing_room ,0.22526728
27987,253796,134328,discotheque ,0.20524202
27988,253796,134328,music_studio ,0.081624694
27989,253796,134328,clean_room ,0.028403966
27990,253796,134352,dressing_room ,0.34037
27991,253796,134352,stage/indoor ,0.2313579
27992,253796,134352,discotheque ,0.16758047
27993,253796,134352,music_studio ,0.06022642
27994,253796,134352,clean_room ,0.03151631
27995,253796,134376,stage/indoor ,0.28186572
27996,253796,134376,dressing_room ,0.25227442
27997,253796,134376,discotheque ,0.16159318
27998,253796,134376,music_studio ,0.07048444
27999,253796,134376,clean_room ,0.0277341
28000,253796,134400,dressing_room ,0.39774734
28001,253796,134400,discotheque ,0.3007329
28002,253796,134400,stage/indoor ,0.07872217
28003,253796,134400,clean_room ,0.054855347
28004,253796,134400,clothing_store ,0.025705352
28005,253796,134424,discotheque ,0.5261947
28006,253796,134424,dressing_room ,0.13529734
28007,253796,134424,stage/indoor ,0.08669052
28008,253796,134424,clothing_store ,0.04764288
28009,253796,134424,clean_room ,0.044654276
28010,253796,134448,discotheque ,0.6192865
28011,253796,134448,dressing_room ,0.1318635
28012,253796,134448,clean_room ,0.052100707
28013,253796,134448,stage/indoor ,0.05186967
28014,253796,134448,clothing_store ,0.019653413
28015,253796,134472,discotheque ,0.44782
28016,253796,134472,dressing_room ,0.31365216
28017,253796,134472,stage/indoor ,0.08525311
28018,253796,134472,clean_room ,0.032736957
28019,253796,134472,clothing_store ,0.020783668
28020,253796,134496,discotheque ,0.46627468
28021,253796,134496,dressing_room ,0.17778653
28022,253796,134496,stage/indoor ,0.081773795
28023,253796,134496,clean_room ,0.08142222
28024,253796,134496,music_studio ,0.022154225
28025,253796,134520,clean_room ,0.563452
28026,253796,134520,dressing_room ,0.098199986
28027,253796,134520,discotheque ,0.08307241
28028,253796,134520,stage/indoor ,0.06656588
28029,253796,134520,clothing_store ,0.024426946
28030,253796,134544,discotheque ,0.29171574
28031,253796,134544,clean_room ,0.23037827
28032,253796,134544,dressing_room ,0.19982557
28033,253796,134544,stage/indoor ,0.075133525
28034,253796,134544,music_studio ,0.025529347
28035,253796,134568,clean_room ,0.31711602
28036,253796,134568,dressing_room ,0.26535535
28037,253796,134568,discotheque ,0.1034582
28038,253796,134568,clothing_store ,0.06457371
28039,253796,134568,stage/indoor ,0.0383842
28040,253796,134592,clean_room ,0.5451073
28041,253796,134592,dressing_room ,0.13695118
28042,253796,134592,discotheque ,0.08097338
28043,253796,134592,hospital_room ,0.03058552
28044,253796,134592,nursing_home ,0.027621953
28045,253796,134616,dressing_room ,0.46348348
28046,253796,134616,clothing_store ,0.13796431
28047,253796,134616,discotheque ,0.101279534
28048,253796,134616,stage/indoor ,0.09669443
28049,253796,134616,clean_room ,0.06093511
28050,253796,134640,discotheque ,0.45426655
28051,253796,134640,dressing_room ,0.22733167
28052,253796,134640,stage/indoor ,0.09132745
28053,253796,134640,clothing_store ,0.03753476
28054,253796,134640,clean_room ,0.033463605
28055,253796,134664,dressing_room ,0.5753262
28056,253796,134664,discotheque ,0.18385793
28057,253796,134664,clothing_store ,0.050903473
28058,253796,134664,stage/indoor ,0.03359663
28059,253796,134664,clean_room ,0.03246016
28060,253796,134688,dressing_room ,0.40366167
28061,253796,134688,clothing_store ,0.256278
28062,253796,134688,clean_room ,0.17162755
28063,253796,134688,discotheque ,0.06023935
28064,253796,134688,stage/indoor ,0.021166136
28065,253796,134712,dressing_room ,0.35213858
28066,253796,134712,discotheque ,0.34073007
28067,253796,134712,clean_room ,0.11051658
28068,253796,134712,clothing_store ,0.047627017
28069,253796,134712,stage/indoor ,0.03678537
28070,253796,134736,discotheque ,0.69831973
28071,253796,134736,dressing_room ,0.122676745
28072,253796,134736,stage/indoor ,0.07443311
28073,253796,134736,bar ,0.019489242
28074,253796,134736,music_studio ,0.017254742
28075,253796,134760,discotheque ,0.3402595
28076,253796,134760,dressing_room ,0.21385796
28077,253796,134760,clean_room ,0.1193897
28078,253796,134760,stage/indoor ,0.06071392
28079,253796,134760,clothing_store ,0.05318459
28080,253796,134784,dressing_room ,0.41131565
28081,253796,134784,discotheque ,0.25841498
28082,253796,134784,stage/indoor ,0.088737525
28083,253796,134784,clothing_store ,0.047083173
28084,253796,134784,ballroom ,0.029521191
28085,253796,134808,discotheque ,0.33691755
28086,253796,134808,dressing_room ,0.27354133
28087,253796,134808,stage/indoor ,0.11364652
28088,253796,134808,music_studio ,0.039799895
28089,253796,134808,clean_room ,0.03873138
28090,253796,134832,dressing_room ,0.5819347
28091,253796,134832,discotheque ,0.21453044
28092,253796,134832,stage/indoor ,0.052344564
28093,253796,134832,clean_room ,0.024473557
28094,253796,134832,music_studio ,0.022922296
28095,253796,134856,dressing_room ,0.64425546
28096,253796,134856,discotheque ,0.13299097
28097,253796,134856,stage/indoor ,0.0643355
28098,253796,134856,music_studio ,0.02312871
28099,253796,134856,clothing_store ,0.019787768
28100,253796,134880,dressing_room ,0.2644827
28101,253796,134880,discotheque ,0.20707996
28102,253796,134880,clean_room ,0.14261636
28103,253796,134880,stage/indoor ,0.12729861
28104,253796,134880,music_studio ,0.027641157
28105,253796,134904,dressing_room ,0.54799336
28106,253796,134904,discotheque ,0.1876283
28107,253796,134904,stage/indoor ,0.05154113
28108,253796,134904,clean_room ,0.03273477
28109,253796,134904,clothing_store ,0.03256569
28110,253796,134928,dressing_room ,0.4870932
28111,253796,134928,discotheque ,0.28552052
28112,253796,134928,stage/indoor ,0.04599747
28113,253796,134928,clean_room ,0.042216577
28114,253796,134928,beauty_salon ,0.019952105
28115,253796,134952,dressing_room ,0.35212395
28116,253796,134952,discotheque ,0.32558534
28117,253796,134952,stage/indoor ,0.08300268
28118,253796,134952,clean_room ,0.037639312
28119,253796,134952,music_studio ,0.0346384
28120,253796,134976,dressing_room ,0.5196608
28121,253796,134976,discotheque ,0.16263126
28122,253796,134976,stage/indoor ,0.064870276
28123,253796,134976,clothing_store ,0.05516979
28124,253796,134976,beauty_salon ,0.043078285
28125,253796,135000,discotheque ,0.5987776
28126,253796,135000,dressing_room ,0.25635803
28127,253796,135000,stage/indoor ,0.032467056
28128,253796,135000,bar ,0.02136711
28129,253796,135000,ballroom ,0.013654712
28130,253796,135024,clean_room ,0.30022645
28131,253796,135024,discotheque ,0.2924107
28132,253796,135024,stage/indoor ,0.10458879
28133,253796,135024,dressing_room ,0.07829724
28134,253796,135024,music_studio ,0.060128722
28135,253796,135048,clean_room ,0.34831592
28136,253796,135048,discotheque ,0.14071558
28137,253796,135048,stage/indoor ,0.13796166
28138,253796,135048,dressing_room ,0.08803187
28139,253796,135048,clothing_store ,0.04286494
28140,253796,135072,dressing_room ,0.3584984
28141,253796,135072,clean_room ,0.32554853
28142,253796,135072,discotheque ,0.139838
28143,253796,135072,stage/indoor ,0.048167516
28144,253796,135072,music_studio ,0.017167222
28145,253796,135096,clean_room ,0.42021117
28146,253796,135096,dressing_room ,0.23460272
28147,253796,135096,nursing_home ,0.07426489
28148,253796,135096,hospital_room ,0.057540793
28149,253796,135096,discotheque ,0.041027676
28150,253796,135120,clean_room ,0.77553433
28151,253796,135120,dressing_room ,0.074481085
28152,253796,135120,hospital_room ,0.03390416
28153,253796,135120,operating_room ,0.02780258
28154,253796,135120,nursing_home ,0.0152662685
28155,253796,135144,clean_room ,0.64935756
28156,253796,135144,dressing_room ,0.1568448
28157,253796,135144,stage/indoor ,0.035095464
28158,253796,135144,discotheque ,0.027723748
28159,253796,135144,locker_room ,0.01832538
28160,253796,135168,clean_room ,0.8120539
28161,253796,135168,dressing_room ,0.04381611
28162,253796,135168,stage/indoor ,0.025259977
28163,253796,135168,art_gallery ,0.024515472
28164,253796,135168,museum/indoor ,0.022420412
28165,253796,135192,dressing_room ,0.4043319
28166,253796,135192,clean_room ,0.30555314
28167,253796,135192,museum/indoor ,0.061342552
28168,253796,135192,clothing_store ,0.05606944
28169,253796,135192,art_gallery ,0.03951718
28170,253796,135216,clean_room ,0.5603759
28171,253796,135216,dressing_room ,0.25691625
28172,253796,135216,clothing_store ,0.0686133
28173,253796,135216,stage/indoor ,0.013514297
28174,253796,135216,art_gallery ,0.011599277
28175,253796,135240,dressing_room ,0.50660676
28176,253796,135240,clean_room ,0.13471758
28177,253796,135240,stage/indoor ,0.08271595
28178,253796,135240,discotheque ,0.06805281
28179,253796,135240,clothing_store ,0.06336726
28180,253796,135264,dressing_room ,0.45869577
28181,253796,135264,clean_room ,0.17398575
28182,253796,135264,clothing_store ,0.12754284
28183,253796,135264,stage/indoor ,0.06270928
28184,253796,135264,discotheque ,0.045345403
28185,253796,135288,clean_room ,0.3691585
28186,253796,135288,dressing_room ,0.20713563
28187,253796,135288,clothing_store ,0.20236185
28188,253796,135288,museum/indoor ,0.03629962
28189,253796,135288,archive ,0.029786896
28190,253796,135312,clean_room ,0.36812782
28191,253796,135312,clothing_store ,0.14558494
28192,253796,135312,dressing_room ,0.097606175
28193,253796,135312,museum/indoor ,0.07887653
28194,253796,135312,stage/indoor ,0.042763498
28195,253796,135336,clean_room ,0.5527263
28196,253796,135336,clothing_store ,0.10421355
28197,253796,135336,dressing_room ,0.087907046
28198,253796,135336,stage/indoor ,0.058710508
28199,253796,135336,museum/indoor ,0.038005807
28200,253796,135360,clean_room ,0.29461384
28201,253796,135360,stage/indoor ,0.24194416
28202,253796,135360,discotheque ,0.15251647
28203,253796,135360,dressing_room ,0.094381906
28204,253796,135360,museum/indoor ,0.041840397
28205,253796,135384,stage/indoor ,0.45877725
28206,253796,135384,dressing_room ,0.13903499
28207,253796,135384,discotheque ,0.12927456
28208,253796,135384,museum/indoor ,0.053425163
28209,253796,135384,clean_room ,0.04180564
28210,253796,135408,dressing_room ,0.5126645
28211,253796,135408,discotheque ,0.18806009
28212,253796,135408,stage/indoor ,0.11274897
28213,253796,135408,clean_room ,0.038374484
28214,253796,135408,clothing_store ,0.020821424
28215,253796,135432,dressing_room ,0.6307429
28216,253796,135432,clean_room ,0.24167632
28217,253796,135432,clothing_store ,0.059155837
28218,253796,135432,discotheque ,0.012659417
28219,253796,135432,beauty_salon ,0.010306169
28220,253796,135456,dressing_room ,0.35388857
28221,253796,135456,discotheque ,0.337359
28222,253796,135456,stage/indoor ,0.07562186
28223,253796,135456,beauty_salon ,0.047694925
28224,253796,135456,clean_room ,0.033345137
28225,253796,135480,dressing_room ,0.39876628
28226,253796,135480,clean_room ,0.20157485
28227,253796,135480,discotheque ,0.11304241
28228,253796,135480,clothing_store ,0.075963974
28229,253796,135480,stage/indoor ,0.060601488
28230,253796,135504,dressing_room ,0.43109524
28231,253796,135504,discotheque ,0.2863498
28232,253796,135504,stage/indoor ,0.041065212
28233,253796,135504,beauty_salon ,0.034833215
28234,253796,135504,bar ,0.028436795
28235,253796,135528,discotheque ,0.4880384
28236,253796,135528,dressing_room ,0.18241444
28237,253796,135528,stage/indoor ,0.094648
28238,253796,135528,clean_room ,0.08352673
28239,253796,135528,bar ,0.025817154
28240,253796,135552,discotheque ,0.4901273
28241,253796,135552,clean_room ,0.18860245
28242,253796,135552,stage/indoor ,0.09149577
28243,253796,135552,dressing_room ,0.08043991
28244,253796,135552,music_studio ,0.025313085
28245,253796,135576,clean_room ,0.38344246
28246,253796,135576,dressing_room ,0.26758793
28247,253796,135576,discotheque ,0.10087465
28248,253796,135576,hospital_room ,0.031707004
28249,253796,135576,clothing_store ,0.029808821
28250,253796,135600,dressing_room ,0.30935827
28251,253796,135600,discotheque ,0.17496036
28252,253796,135600,clean_room ,0.14380404
28253,253796,135600,clothing_store ,0.10860065
28254,253796,135600,stage/indoor ,0.032937672
28255,253796,135624,dressing_room ,0.2894894
28256,253796,135624,discotheque ,0.28217536
28257,253796,135624,clean_room ,0.09126065
28258,253796,135624,stage/indoor ,0.08812348
28259,253796,135624,clothing_store ,0.04897878
28260,253796,135648,discotheque ,0.30457714
28261,253796,135648,dressing_room ,0.29298916
28262,253796,135648,stage/indoor ,0.17070247
28263,253796,135648,clean_room ,0.038228206
28264,253796,135648,bar ,0.024584224
28265,253796,135672,dressing_room ,0.4813188
28266,253796,135672,discotheque ,0.29953244
28267,253796,135672,stage/indoor ,0.11064464
28268,253796,135672,music_studio ,0.017354358
28269,253796,135672,clothing_store ,0.011956858
28270,253796,135696,dressing_room ,0.62402767
28271,253796,135696,clean_room ,0.27297443
28272,253796,135696,beauty_salon ,0.014241654
28273,253796,135696,clothing_store ,0.010472146
28274,253796,135696,stage/indoor ,0.009134604
28275,253796,135720,clean_room ,0.73488927
28276,253796,135720,dressing_room ,0.2144409
28277,253796,135720,museum/indoor ,0.014334579
28278,253796,135720,clothing_store ,0.013550444
28279,253796,135720,art_gallery ,0.00448056
28280,253796,135744,clean_room ,0.98593056
28281,253796,135744,museum/indoor ,0.0022769475
28282,253796,135744,science_museum ,0.0017903594
28283,253796,135744,stage/indoor ,0.0016381901
28284,253796,135744,martial_arts_gym ,0.0015895291
28285,253796,135768,clean_room ,0.99313146
28286,253796,135768,operating_room ,0.0019725317
28287,253796,135768,martial_arts_gym ,0.001310504
28288,253796,135768,museum/indoor ,0.00047823525
28289,253796,135768,dressing_room ,0.0004625915
28290,253796,135792,clean_room ,0.93137604
28291,253796,135792,dressing_room ,0.019351656
28292,253796,135792,clothing_store ,0.010368443
28293,253796,135792,stage/indoor ,0.0062046503
28294,253796,135792,museum/indoor ,0.005570211
28295,253796,135816,clean_room ,0.9688231
28296,253796,135816,operating_room ,0.008502728
28297,253796,135816,dressing_room ,0.006763946
28298,253796,135816,clothing_store ,0.0034651286
28299,253796,135816,martial_arts_gym ,0.0025046656
28300,253796,135840,clean_room ,0.9844344
28301,253796,135840,dressing_room ,0.0063874563
28302,253796,135840,clothing_store ,0.003076551
28303,253796,135840,museum/indoor ,0.0019061612
28304,253796,135840,operating_room ,0.0010191277
28305,253796,135864,clean_room ,0.9671531
28306,253796,135864,dressing_room ,0.01019663
28307,253796,135864,museum/indoor ,0.0049781734
28308,253796,135864,science_museum ,0.00468578
28309,253796,135864,art_gallery ,0.0022099002
28310,253796,135888,clean_room ,0.8204213
28311,253796,135888,dressing_room ,0.067729115
28312,253796,135888,museum/indoor ,0.022514803
28313,253796,135888,science_museum ,0.014860075
28314,253796,135888,art_gallery ,0.012449434
28315,253796,135912,clean_room ,0.7950876
28316,253796,135912,dressing_room ,0.11678188
28317,253796,135912,clothing_store ,0.01444071
28318,253796,135912,museum/indoor ,0.011486675
28319,253796,135912,archive ,0.0077143074
28320,253796,135936,clean_room ,0.6213873
28321,253796,135936,dressing_room ,0.19928786
28322,253796,135936,clothing_store ,0.03657833
28323,253796,135936,museum/indoor ,0.024123942
28324,253796,135936,art_gallery ,0.013452957
28325,253796,135960,clean_room ,0.36385944
28326,253796,135960,dressing_room ,0.33386245
28327,253796,135960,clothing_store ,0.08159218
28328,253796,135960,museum/indoor ,0.058511563
28329,253796,135960,art_gallery ,0.030035732
28330,253796,135984,clean_room ,0.6901046
28331,253796,135984,museum/indoor ,0.17027728
28332,253796,135984,dressing_room ,0.051836193
28333,253796,135984,art_gallery ,0.04353782
28334,253796,135984,clothing_store ,0.018546645
28335,253796,136008,clean_room ,0.6610846
28336,253796,136008,museum/indoor ,0.27548197
28337,253796,136008,dressing_room ,0.034778863
28338,253796,136008,art_gallery ,0.015080498
28339,253796,136008,clothing_store ,0.0024346255
28340,253796,136032,museum/indoor ,0.74587756
28341,253796,136032,clean_room ,0.1206973
28342,253796,136032,dressing_room ,0.08143401
28343,253796,136032,art_gallery ,0.033066012
28344,253796,136032,clothing_store ,0.004890423
28345,253796,136056,clean_room ,0.6758162
28346,253796,136056,museum/indoor ,0.22065075
28347,253796,136056,dressing_room ,0.04989259
28348,253796,136056,art_gallery ,0.020939711
28349,253796,136056,clothing_store ,0.010275406
28350,253796,136080,clean_room ,0.5852309
28351,253796,136080,museum/indoor ,0.355081
28352,253796,136080,art_gallery ,0.01757915
28353,253796,136080,clothing_store ,0.007927844
28354,253796,136080,dressing_room ,0.0076346905
28355,253796,136104,museum/indoor ,0.7747712
28356,253796,136104,clean_room ,0.11886816
28357,253796,136104,dressing_room ,0.040902726
28358,253796,136104,art_gallery ,0.026348537
28359,253796,136104,stage/indoor ,0.011819641
28360,253796,136128,museum/indoor ,0.49281764
28361,253796,136128,clean_room ,0.38377383
28362,253796,136128,art_gallery ,0.053059187
28363,253796,136128,science_museum ,0.015740834
28364,253796,136128,stage/indoor ,0.010780533
28365,253796,136152,museum/indoor ,0.7466113
28366,253796,136152,dressing_room ,0.10070624
28367,253796,136152,clean_room ,0.04552899
28368,253796,136152,clothing_store ,0.04549279
28369,253796,136152,art_gallery ,0.042362757
28370,253796,136176,dressing_room ,0.52643615
28371,253796,136176,museum/indoor ,0.1920707
28372,253796,136176,clothing_store ,0.13204227
28373,253796,136176,clean_room ,0.13081181
28374,253796,136176,art_gallery ,0.0075616823
28375,253796,136200,clean_room ,0.9403898
28376,253796,136200,dressing_room ,0.031107843
28377,253796,136200,clothing_store ,0.0082088215
28378,253796,136200,operating_room ,0.006546865
28379,253796,136200,museum/indoor ,0.0061542126
28380,253796,136224,clean_room ,0.65906644
28381,253796,136224,museum/indoor ,0.25244933
28382,253796,136224,dressing_room ,0.036264766
28383,253796,136224,stage/indoor ,0.012189439
28384,253796,136224,art_gallery ,0.009805367
28385,253796,136248,clean_room ,0.81034577
28386,253796,136248,dressing_room ,0.11923399
28387,253796,136248,museum/indoor ,0.036291245
28388,253796,136248,clothing_store ,0.0148430485
28389,253796,136248,art_gallery ,0.0076976893
28390,253796,136272,dressing_room ,0.42167023
28391,253796,136272,museum/indoor ,0.27712816
28392,253796,136272,clean_room ,0.1522153
28393,253796,136272,art_gallery ,0.07062236
28394,253796,136272,clothing_store ,0.015303411
28395,253796,136296,museum/indoor ,0.7994809
28396,253796,136296,art_gallery ,0.13576943
28397,253796,136296,dressing_room ,0.038334884
28398,253796,136296,clothing_store ,0.0092039
28399,253796,136296,clean_room ,0.004775731
28400,253796,136320,dressing_room ,0.47855535
28401,253796,136320,museum/indoor ,0.30498913
28402,253796,136320,art_gallery ,0.083011955
28403,253796,136320,clean_room ,0.06530066
28404,253796,136320,clothing_store ,0.032002036
28405,253796,136344,dressing_room ,0.47048366
28406,253796,136344,museum/indoor ,0.33972025
28407,253796,136344,art_gallery ,0.10285784
28408,253796,136344,clothing_store ,0.027528822
28409,253796,136344,clean_room ,0.021328265
28410,253796,136368,dressing_room ,0.5448517
28411,253796,136368,museum/indoor ,0.27988446
28412,253796,136368,clean_room ,0.06952672
28413,253796,136368,art_gallery ,0.057573527
28414,253796,136368,clothing_store ,0.020828735
28415,253796,136392,museum/indoor ,0.4185004
28416,253796,136392,dressing_room ,0.31995898
28417,253796,136392,clean_room ,0.13590282
28418,253796,136392,art_gallery ,0.06855333
28419,253796,136392,clothing_store ,0.014648433
28420,253796,136416,museum/indoor ,0.5814667
28421,253796,136416,dressing_room ,0.1597538
28422,253796,136416,clean_room ,0.1368061
28423,253796,136416,art_gallery ,0.075717546
28424,253796,136416,clothing_store ,0.026368417
28425,253796,136440,clean_room ,0.3276931
28426,253796,136440,museum/indoor ,0.15539813
28427,253796,136440,dressing_room ,0.08635684
28428,253796,136440,discotheque ,0.08174783
28429,253796,136440,shower ,0.07547046
28430,253796,136464,dressing_room ,0.41288045
28431,253796,136464,locker_room ,0.13671327
28432,253796,136464,clean_room ,0.13362096
28433,253796,136464,museum/indoor ,0.09391579
28434,253796,136464,stage/indoor ,0.078234196
28435,253796,136488,locker_room ,0.34734994
28436,253796,136488,dressing_room ,0.21253374
28437,253796,136488,stage/indoor ,0.06403861
28438,253796,136488,elevator/door ,0.056622047
28439,253796,136488,clean_room ,0.053647798
28440,253796,136512,dressing_room ,0.45633972
28441,253796,136512,locker_room ,0.17855255
28442,253796,136512,stage/indoor ,0.07371049
28443,253796,136512,clothing_store ,0.050486695
28444,253796,136512,clean_room ,0.050271116
28445,253796,136536,clean_room ,0.73671454
28446,253796,136536,dressing_room ,0.06779632
28447,253796,136536,art_gallery ,0.051105015
28448,253796,136536,elevator/door ,0.017430838
28449,253796,136536,museum/indoor ,0.016481012
28450,253796,136560,dressing_room ,0.38774905
28451,253796,136560,clean_room ,0.31633154
28452,253796,136560,museum/indoor ,0.09051467
28453,253796,136560,art_gallery ,0.08217753
28454,253796,136560,locker_room ,0.012159938
28455,253796,136584,dressing_room ,0.4249834
28456,253796,136584,museum/indoor ,0.35015035
28457,253796,136584,art_gallery ,0.060105264
28458,253796,136584,clean_room ,0.035605315
28459,253796,136584,science_museum ,0.023364747
28460,253796,136608,dressing_room ,0.687543
28461,253796,136608,museum/indoor ,0.17521338
28462,253796,136608,art_gallery ,0.05060082
28463,253796,136608,stage/indoor ,0.021045575
28464,253796,136608,discotheque ,0.0116042625
28465,253796,136632,dressing_room ,0.4793737
28466,253796,136632,museum/indoor ,0.3197138
28467,253796,136632,art_gallery ,0.114634365
28468,253796,136632,stage/indoor ,0.02384195
28469,253796,136632,clothing_store ,0.018133935
28470,253796,136656,museum/indoor ,0.34744152
28471,253796,136656,dressing_room ,0.23539872
28472,253796,136656,art_gallery ,0.108446024
28473,253796,136656,clean_room ,0.07286688
28474,253796,136656,shower ,0.036188804
28475,253796,136680,iceberg ,0.20809348
28476,253796,136680,shower ,0.17437807
28477,253796,136680,aquarium ,0.13372172
28478,253796,136680,clean_room ,0.09297818
28479,253796,136680,ice_shelf ,0.05574359
28480,253796,136704,clean_room ,0.70808727
28481,253796,136704,jewelry_shop ,0.15078335
28482,253796,136704,hospital_room ,0.013066713
28483,253796,136704,clothing_store ,0.011321305
28484,253796,136704,dressing_room ,0.008880349
28485,253796,136728,clean_room ,0.4972514
28486,253796,136728,museum/indoor ,0.2428664
28487,253796,136728,art_gallery ,0.078221574
28488,253796,136728,clothing_store ,0.034426205
28489,253796,136728,dressing_room ,0.029632617
28490,253796,136752,clean_room ,0.83021903
28491,253796,136752,museum/indoor ,0.077093475
28492,253796,136752,dressing_room ,0.03494266
28493,253796,136752,clothing_store ,0.020871205
28494,253796,136752,nursery ,0.0058352677
28495,253796,136776,dressing_room ,0.30532935
28496,253796,136776,clean_room ,0.22705735
28497,253796,136776,museum/indoor ,0.20981736
28498,253796,136776,discotheque ,0.046911195
28499,253796,136776,shower ,0.026575567
28500,253796,136800,dressing_room ,0.41872197
28501,253796,136800,museum/indoor ,0.2974316
28502,253796,136800,clean_room ,0.065772735
28503,253796,136800,elevator/door ,0.029031016
28504,253796,136800,locker_room ,0.02203885
28505,253796,136824,museum/indoor ,0.31033298
28506,253796,136824,dressing_room ,0.25461817
28507,253796,136824,clean_room ,0.24090677
28508,253796,136824,clothing_store ,0.04254561
28509,253796,136824,art_gallery ,0.022546338
28510,253796,136848,dressing_room ,0.62155896
28511,253796,136848,museum/indoor ,0.05850709
28512,253796,136848,clean_room ,0.058126513
28513,253796,136848,clothing_store ,0.052380934
28514,253796,136848,art_gallery ,0.04786613
28515,253796,136872,locker_room ,0.31740522
28516,253796,136872,clean_room ,0.26697347
28517,253796,136872,dressing_room ,0.06712055
28518,253796,136872,chemistry_lab ,0.046736125
28519,253796,136872,discotheque ,0.03549739
28520,253796,136896,art_gallery ,0.330656
28521,253796,136896,museum/indoor ,0.17781079
28522,253796,136896,dressing_room ,0.11331147
28523,253796,136896,locker_room ,0.08752225
28524,253796,136896,clean_room ,0.06696013
28525,253796,136920,art_gallery ,0.50324005
28526,253796,136920,museum/indoor ,0.2596
28527,253796,136920,clean_room ,0.0831919
28528,253796,136920,art_studio ,0.028009834
28529,253796,136920,natural_history_museum ,0.017806264
28530,253796,136944,clean_room ,0.6746299
28531,253796,136944,museum/indoor ,0.086262405
28532,253796,136944,art_gallery ,0.05903576
28533,253796,136944,science_museum ,0.03446183
28534,253796,136944,iceberg ,0.017268144
28535,253796,136968,clean_room ,0.4346433
28536,253796,136968,museum/indoor ,0.22484684
28537,253796,136968,art_gallery ,0.21721275
28538,253796,136968,art_studio ,0.028293258
28539,253796,136968,dressing_room ,0.02746818
28540,253796,136992,museum/indoor ,0.8071402
28541,253796,136992,art_gallery ,0.12733355
28542,253796,136992,dressing_room ,0.021143291
28543,253796,136992,clean_room ,0.015435489
28544,253796,136992,art_studio ,0.010370361
28545,253796,137016,museum/indoor ,0.5684813
28546,253796,137016,art_gallery ,0.35012427
28547,253796,137016,art_studio ,0.038660266
28548,253796,137016,dressing_room ,0.0098141795
28549,253796,137016,artists_loft ,0.0075100954
28550,253796,137040,art_gallery ,0.47831696
28551,253796,137040,museum/indoor ,0.35269657
28552,253796,137040,art_studio ,0.079391204
28553,253796,137040,dressing_room ,0.031056408
28554,253796,137040,artists_loft ,0.016873678
28555,253796,137064,dressing_room ,0.5142879
28556,253796,137064,art_gallery ,0.1690798
28557,253796,137064,locker_room ,0.10629979
28558,253796,137064,museum/indoor ,0.05550147
28559,253796,137064,art_studio ,0.035642862
28560,253796,137088,dressing_room ,0.5740195
28561,253796,137088,locker_room ,0.1609588
28562,253796,137088,museum/indoor ,0.10805717
28563,253796,137088,art_gallery ,0.049311645
28564,253796,137088,sauna ,0.044840056
28565,253796,137112,dressing_room ,0.38900244
28566,253796,137112,museum/indoor ,0.24741668
28567,253796,137112,locker_room ,0.16189364
28568,253796,137112,art_gallery ,0.11493814
28569,253796,137112,sauna ,0.030907048
28570,253796,137136,dressing_room ,0.30819392
28571,253796,137136,art_gallery ,0.23235005
28572,253796,137136,museum/indoor ,0.15920374
28573,253796,137136,locker_room ,0.11012713
28574,253796,137136,clean_room ,0.032235067
28575,253796,137160,dressing_room ,0.8104269
28576,253796,137160,locker_room ,0.097209446
28577,253796,137160,art_gallery ,0.023660224
28578,253796,137160,sauna ,0.01289017
28579,253796,137160,museum/indoor ,0.012135472
28580,253796,137184,locker_room ,0.4441534
28581,253796,137184,dressing_room ,0.3827732
28582,253796,137184,shower ,0.052633945
28583,253796,137184,sauna ,0.0482708
28584,253796,137184,elevator/door ,0.01718252
28585,253796,137208,dressing_room ,0.54891163
28586,253796,137208,locker_room ,0.16974579
28587,253796,137208,art_gallery ,0.087615125
28588,253796,137208,museum/indoor ,0.055827856
28589,253796,137208,clean_room ,0.02796003
28590,253796,137232,dressing_room ,0.18634854
28591,253796,137232,locker_room ,0.17355683
28592,253796,137232,clean_room ,0.12187829
28593,253796,137232,art_gallery ,0.09667709
28594,253796,137232,shower ,0.075755894
28595,253796,137256,locker_room ,0.27675682
28596,253796,137256,dressing_room ,0.20097615
28597,253796,137256,shower ,0.13998482
28598,253796,137256,clean_room ,0.08352978
28599,253796,137256,art_gallery ,0.06895825
28600,253796,137280,art_gallery ,0.21715875
28601,253796,137280,museum/indoor ,0.18699163
28602,253796,137280,locker_room ,0.11964281
28603,253796,137280,clean_room ,0.110511035
28604,253796,137280,shower ,0.07802297
28605,253796,137304,museum/indoor ,0.2520416
28606,253796,137304,locker_room ,0.18541276
28607,253796,137304,art_gallery ,0.1647982
28608,253796,137304,clean_room ,0.07608294
28609,253796,137304,dressing_room ,0.056533027
28610,253796,137328,locker_room ,0.24650504
28611,253796,137328,clean_room ,0.16757984
28612,253796,137328,shower ,0.13740471
28613,253796,137328,art_gallery ,0.08409466
28614,253796,137328,dressing_room ,0.071776606
28615,253796,137352,locker_room ,0.21468784
28616,253796,137352,art_gallery ,0.18972932
28617,253796,137352,museum/indoor ,0.1112341
28618,253796,137352,shower ,0.109254435
28619,253796,137352,dressing_room ,0.097860724
28620,253796,137376,art_gallery ,0.35193345
28621,253796,137376,dressing_room ,0.21610667
28622,253796,137376,museum/indoor ,0.13847153
28623,253796,137376,shower ,0.065303415
28624,253796,137376,locker_room ,0.04333417
28625,253796,137400,art_gallery ,0.27780905
28626,253796,137400,dressing_room ,0.2561436
28627,253796,137400,clean_room ,0.14996627
28628,253796,137400,museum/indoor ,0.112059854
28629,253796,137400,art_studio ,0.035308614
28630,253796,137424,art_gallery ,0.37333363
28631,253796,137424,museum/indoor ,0.2808848
28632,253796,137424,clean_room ,0.09029247
28633,253796,137424,art_studio ,0.060808316
28634,253796,137424,archive ,0.052952945
28635,253796,137448,art_gallery ,0.4312841
28636,253796,137448,museum/indoor ,0.24800718
28637,253796,137448,dressing_room ,0.13271613
28638,253796,137448,art_studio ,0.067490175
28639,253796,137448,clean_room ,0.038124025
28640,253796,137472,art_gallery ,0.44997072
28641,253796,137472,museum/indoor ,0.34329158
28642,253796,137472,dressing_room ,0.07239154
28643,253796,137472,art_studio ,0.06415859
28644,253796,137472,art_school ,0.011964046
28645,253796,137496,art_gallery ,0.6254941
28646,253796,137496,museum/indoor ,0.1381104
28647,253796,137496,art_studio ,0.09514376
28648,253796,137496,dressing_room ,0.05467128
28649,253796,137496,clean_room ,0.021109724
28650,253796,137520,art_gallery ,0.37109217
28651,253796,137520,dressing_room ,0.25385037
28652,253796,137520,museum/indoor ,0.16660461
28653,253796,137520,art_studio ,0.1038049
28654,253796,137520,clean_room ,0.03272465
28655,253796,137544,museum/indoor ,0.64148223
28656,253796,137544,art_gallery ,0.26099494
28657,253796,137544,clean_room ,0.038281225
28658,253796,137544,stage/indoor ,0.013560986
28659,253796,137544,art_studio ,0.010927955
28660,253796,137568,art_gallery ,0.34137717
28661,253796,137568,clean_room ,0.284251
28662,253796,137568,museum/indoor ,0.22650646
28663,253796,137568,art_studio ,0.049810663
28664,253796,137568,dressing_room ,0.014494511
28665,253796,137592,art_gallery ,0.17775989
28666,253796,137592,museum/indoor ,0.17123392
28667,253796,137592,clean_room ,0.111800306
28668,253796,137592,elevator/door ,0.072182775
28669,253796,137592,shower ,0.069442056
28670,253796,137616,discotheque ,0.24301831
28671,253796,137616,science_museum ,0.11054669
28672,253796,137616,clean_room ,0.09508414
28673,253796,137616,stage/indoor ,0.090680316
28674,253796,137616,museum/indoor ,0.08192722
28675,253796,137640,museum/indoor ,0.43207282
28676,253796,137640,art_gallery ,0.19529225
28677,253796,137640,shower ,0.096614555
28678,253796,137640,natural_history_museum ,0.06479933
28679,253796,137640,science_museum ,0.045488916
28680,253796,137664,museum/indoor ,0.44040194
28681,253796,137664,art_gallery ,0.21306442
28682,253796,137664,science_museum ,0.12256082
28683,253796,137664,clean_room ,0.07320786
28684,253796,137664,natural_history_museum ,0.03626567
28685,253796,137688,museum/indoor ,0.5489725
28686,253796,137688,art_gallery ,0.17600413
28687,253796,137688,clean_room ,0.09793975
28688,253796,137688,science_museum ,0.065095335
28689,253796,137688,natural_history_museum ,0.035117872
28690,253796,137712,museum/indoor ,0.7976516
28691,253796,137712,art_gallery ,0.09476154
28692,253796,137712,natural_history_museum ,0.043029275
28693,253796,137712,science_museum ,0.022014352
28694,253796,137712,clean_room ,0.017065514
28695,253796,137736,museum/indoor ,0.7668273
28696,253796,137736,art_gallery ,0.07887097
28697,253796,137736,clean_room ,0.07133428
28698,253796,137736,dressing_room ,0.019003734
28699,253796,137736,science_museum ,0.012809977
28700,253796,137760,museum/indoor ,0.8972381
28701,253796,137760,art_gallery ,0.035284076
28702,253796,137760,science_museum ,0.031545516
28703,253796,137760,natural_history_museum ,0.020697564
28704,253796,137760,clean_room ,0.006548764
28705,253796,137784,museum/indoor ,0.8674312
28706,253796,137784,science_museum ,0.055464976
28707,253796,137784,art_gallery ,0.026037669
28708,253796,137784,natural_history_museum ,0.023636026
28709,253796,137784,clean_room ,0.014207532
28710,253796,137808,museum/indoor ,0.90126085
28711,253796,137808,science_museum ,0.03389636
28712,253796,137808,clean_room ,0.02482729
28713,253796,137808,art_gallery ,0.019256698
28714,253796,137808,natural_history_museum ,0.013052904
28715,253796,137832,museum/indoor ,0.92270195
28716,253796,137832,art_gallery ,0.03390233
28717,253796,137832,clean_room ,0.019207112
28718,253796,137832,science_museum ,0.008334971
28719,253796,137832,natural_history_museum ,0.003353368
28720,253796,137856,museum/indoor ,0.9235273
28721,253796,137856,art_gallery ,0.03658649
28722,253796,137856,clean_room ,0.009228819
28723,253796,137856,art_studio ,0.004702076
28724,253796,137856,stable ,0.0037634799
28725,253796,137880,museum/indoor ,0.9253925
28726,253796,137880,art_gallery ,0.047018975
28727,253796,137880,art_studio ,0.0055309213
28728,253796,137880,clean_room ,0.0038073075
28729,253796,137880,natural_history_museum ,0.003793542
28730,253796,137904,museum/indoor ,0.8579919
28731,253796,137904,art_gallery ,0.09227079
28732,253796,137904,artists_loft ,0.008568862
28733,253796,137904,art_studio ,0.008493176
28734,253796,137904,clean_room ,0.006451729
28735,253796,137928,museum/indoor ,0.73335165
28736,253796,137928,art_gallery ,0.06390129
28737,253796,137928,martial_arts_gym ,0.061583932
28738,253796,137928,dressing_room ,0.052846707
28739,253796,137928,clothing_store ,0.017620416
28740,253796,137952,dressing_room ,0.31126273
28741,253796,137952,museum/indoor ,0.24572663
28742,253796,137952,clothing_store ,0.10782527
28743,253796,137952,art_gallery ,0.081267536
28744,253796,137952,clean_room ,0.07362356
28745,253796,137976,museum/indoor ,0.3918108
28746,253796,137976,art_gallery ,0.17523566
28747,253796,137976,martial_arts_gym ,0.10425261
28748,253796,137976,clean_room ,0.06676545
28749,253796,137976,dressing_room ,0.065857604
28750,253796,138000,museum/indoor ,0.51139706
28751,253796,138000,art_gallery ,0.13802579
28752,253796,138000,clean_room ,0.1170051
28753,253796,138000,dressing_room ,0.047916736
28754,253796,138000,art_studio ,0.03802575
28755,253796,138024,museum/indoor ,0.39956534
28756,253796,138024,art_gallery ,0.19219114
28757,253796,138024,clean_room ,0.18800637
28758,253796,138024,art_studio ,0.042348236
28759,253796,138024,dressing_room ,0.030764867
28760,253796,138048,museum/indoor ,0.449252
28761,253796,138048,art_gallery ,0.19578566
28762,253796,138048,clean_room ,0.13298367
28763,253796,138048,dressing_room ,0.05861293
28764,253796,138048,art_studio ,0.04283211
28765,253796,138072,museum/indoor ,0.47706518
28766,253796,138072,art_gallery ,0.20343213
28767,253796,138072,clean_room ,0.08363915
28768,253796,138072,dressing_room ,0.052018385
28769,253796,138072,art_studio ,0.046310827
28770,253796,138096,elevator/door ,0.22111325
28771,253796,138096,clean_room ,0.14927565
28772,253796,138096,locker_room ,0.11003884
28773,253796,138096,server_room ,0.10543111
28774,253796,138096,elevator_lobby ,0.04567451
28775,253796,138120,server_room ,0.071500376
28776,253796,138120,jail_cell ,0.05805917
28777,253796,138120,aquarium ,0.056195974
28778,253796,138120,skyscraper ,0.046350542
28779,253796,138120,elevator/door ,0.03836593
28780,253796,138144,clean_room ,0.9643279
28781,253796,138144,dressing_room ,0.0150194755
28782,253796,138144,chemistry_lab ,0.0064442893
28783,253796,138144,museum/indoor ,0.00530629
28784,253796,138144,art_gallery ,0.0017766982
28785,253796,138168,art_gallery ,0.2549114
28786,253796,138168,clean_room ,0.15758878
28787,253796,138168,museum/indoor ,0.09117726
28788,253796,138168,bow_window/indoor ,0.0720383
28789,253796,138168,artists_loft ,0.037449915
28790,253796,138192,clean_room ,0.41095236
28791,253796,138192,museum/indoor ,0.31314725
28792,253796,138192,science_museum ,0.05596747
28793,253796,138192,art_gallery ,0.043448955
28794,253796,138192,natural_history_museum ,0.040711705
28795,253796,138216,clean_room ,0.40385973
28796,253796,138216,museum/indoor ,0.07696494
28797,253796,138216,artists_loft ,0.06433713
28798,253796,138216,art_studio ,0.040939145
28799,253796,138216,nursery ,0.03689312
28800,253796,138240,clean_room ,0.5081106
28801,253796,138240,art_studio ,0.06295168
28802,253796,138240,clothing_store ,0.039662216
28803,253796,138240,archive ,0.038493313
28804,253796,138240,art_gallery ,0.031272795
28805,253796,138264,clean_room ,0.2829754
28806,253796,138264,museum/indoor ,0.15617971
28807,253796,138264,art_studio ,0.0899652
28808,253796,138264,nursery ,0.051679134
28809,253796,138264,archive ,0.046228576
28810,253796,138288,clean_room ,0.25980678
28811,253796,138288,archive ,0.08836859
28812,253796,138288,museum/indoor ,0.08456365
28813,253796,138288,locker_room ,0.075326316
28814,253796,138288,art_studio ,0.07046141
28815,253796,138312,clean_room ,0.35347798
28816,253796,138312,archive ,0.11647089
28817,253796,138312,museum/indoor ,0.08677605
28818,253796,138312,locker_room ,0.03729416
28819,253796,138312,art_studio ,0.036703493
28820,253796,138336,art_gallery ,0.2660105
28821,253796,138336,museum/indoor ,0.21360706
28822,253796,138336,artists_loft ,0.1529993
28823,253796,138336,bow_window/indoor ,0.09147831
28824,253796,138336,art_studio ,0.055315513
28825,253796,138360,museum/indoor ,0.35996097
28826,253796,138360,art_gallery ,0.19764943
28827,253796,138360,alcove ,0.081705764
28828,253796,138360,archive ,0.041350253
28829,253796,138360,corridor ,0.03712892
28830,253796,138384,nursery ,0.37790737
28831,253796,138384,locker_room ,0.10249414
28832,253796,138384,classroom ,0.06859627
28833,253796,138384,museum/indoor ,0.028917883
28834,253796,138384,movie_theater/indoor ,0.020141665
28835,253796,138408,locker_room ,0.631262
28836,253796,138408,classroom ,0.12823606
28837,253796,138408,nursery ,0.06070628
28838,253796,138408,lecture_room ,0.032858122
28839,253796,138408,archive ,0.025301665
28840,253796,138432,art_gallery ,0.18437386
28841,253796,138432,museum/indoor ,0.11738094
28842,253796,138432,sky ,0.089594245
28843,253796,138432,iceberg ,0.068930015
28844,253796,138432,ice_shelf ,0.054779436
28845,253796,138456,locker_room ,0.5380284
28846,253796,138456,archive ,0.29902214
28847,253796,138456,clean_room ,0.043165408
28848,253796,138456,museum/indoor ,0.035426024
28849,253796,138456,dressing_room ,0.012299465
28850,253796,138480,locker_room ,0.8136558
28851,253796,138480,archive ,0.07136361
28852,253796,138480,clean_room ,0.04553402
28853,253796,138480,museum/indoor ,0.00915757
28854,253796,138480,jail_cell ,0.0080594495
28855,253796,138504,locker_room ,0.6794994
28856,253796,138504,clean_room ,0.10888789
28857,253796,138504,archive ,0.0777954
28858,253796,138504,museum/indoor ,0.025845878
28859,253796,138504,dressing_room ,0.016777297
28860,253796,138528,museum/indoor ,0.94620883
28861,253796,138528,clean_room ,0.012711666
28862,253796,138528,art_gallery ,0.012644791
28863,253796,138528,science_museum ,0.010149431
28864,253796,138528,natural_history_museum ,0.006133538
28865,253796,138552,dressing_room ,0.31535304
28866,253796,138552,locker_room ,0.23198497
28867,253796,138552,elevator/door ,0.054752704
28868,253796,138552,nursery ,0.053995583
28869,253796,138552,nursing_home ,0.040931966
28870,253796,138576,museum/indoor ,0.4292078
28871,253796,138576,dressing_room ,0.10308707
28872,253796,138576,locker_room ,0.06937525
28873,253796,138576,archive ,0.03199323
28874,253796,138576,clean_room ,0.028063167
28875,253796,138600,locker_room ,0.26680845
28876,253796,138600,museum/indoor ,0.15572754
28877,253796,138600,archive ,0.12027598
28878,253796,138600,bank_vault ,0.05124332
28879,253796,138600,art_gallery ,0.04600357
28880,253796,138624,museum/indoor ,0.1632833
28881,253796,138624,stable ,0.10129377
28882,253796,138624,art_gallery ,0.09000392
28883,253796,138624,alcove ,0.07671751
28884,253796,138624,bow_window/indoor ,0.064673446
28885,253796,138648,clean_room ,0.6843046
28886,253796,138648,museum/indoor ,0.13964346
28887,253796,138648,art_gallery ,0.06402111
28888,253796,138648,dressing_room ,0.01946069
28889,253796,138648,archive ,0.0099040875
28890,253796,138672,clean_room ,0.88589615
28891,253796,138672,museum/indoor ,0.0359343
28892,253796,138672,art_gallery ,0.029912457
28893,253796,138672,dressing_room ,0.02699143
28894,253796,138672,iceberg ,0.004069442
28895,253796,138696,mezzanine ,0.3891906
28896,253796,138696,staircase ,0.36352608
28897,253796,138696,balcony/exterior ,0.042708814
28898,253796,138696,entrance_hall ,0.033997238
28899,253796,138696,nursery ,0.023147738
28900,253796,138720,mezzanine ,0.5318624
28901,253796,138720,staircase ,0.25521493
28902,253796,138720,balcony/exterior ,0.05620469
28903,253796,138720,attic ,0.014705048
28904,253796,138720,entrance_hall ,0.01363897
28905,253796,138744,art_gallery ,0.28352597
28906,253796,138744,dressing_room ,0.20198403
28907,253796,138744,clean_room ,0.09557716
28908,253796,138744,museum/indoor ,0.07796935
28909,253796,138744,art_studio ,0.06595443
28910,253796,138768,museum/indoor ,0.2063075
28911,253796,138768,dressing_room ,0.18424577
28912,253796,138768,clean_room ,0.12364274
28913,253796,138768,art_gallery ,0.12077838
28914,253796,138768,stage/indoor ,0.05506816
28915,253796,138792,clean_room ,0.92320144
28916,253796,138792,museum/indoor ,0.011551678
28917,253796,138792,dressing_room ,0.009135564
28918,253796,138792,art_gallery ,0.008499692
28919,253796,138792,clothing_store ,0.005050878
28920,253796,138816,clean_room ,0.56926036
28921,253796,138816,dressing_room ,0.16083942
28922,253796,138816,art_gallery ,0.091321275
28923,253796,138816,museum/indoor ,0.06143264
28924,253796,138816,art_studio ,0.018869126
28925,253796,138840,clean_room ,0.9555352
28926,253796,138840,museum/indoor ,0.006787769
28927,253796,138840,science_museum ,0.0066529335
28928,253796,138840,operating_room ,0.0047680642
28929,253796,138840,hospital_room ,0.004355152
28930,253796,138864,bow_window/indoor ,0.32246
28931,253796,138864,shower ,0.20543459
28932,253796,138864,aquarium ,0.08418605
28933,253796,138864,closet ,0.06927479
28934,253796,138864,bedroom ,0.042125776
28935,253796,138888,bow_window/indoor ,0.3581536
28936,253796,138888,shower ,0.05679462
28937,253796,138888,jail_cell ,0.039123673
28938,253796,138888,elevator/door ,0.033796452
28939,253796,138888,museum/indoor ,0.027556513
28940,253796,138912,clean_room ,0.3307676
28941,253796,138912,balcony/interior ,0.09663976
28942,253796,138912,chemistry_lab ,0.09610774
28943,253796,138912,server_room ,0.065996364
28944,253796,138912,archive ,0.057749726
28945,253796,138936,clean_room ,0.4674917
28946,253796,138936,museum/indoor ,0.28446484
28947,253796,138936,music_studio ,0.033866405
28948,253796,138936,jewelry_shop ,0.024903858
28949,253796,138936,dressing_room ,0.023279978
28950,253796,138960,clean_room ,0.611389
28951,253796,138960,museum/indoor ,0.24164638
28952,253796,138960,archive ,0.048847415
28953,253796,138960,operating_room ,0.037478335
28954,253796,138960,hospital_room ,0.0088411635
28955,253796,138984,museum/indoor ,0.83764154
28956,253796,138984,archive ,0.115211025
28957,253796,138984,clean_room ,0.006451124
28958,253796,138984,physics_laboratory ,0.005949445
28959,253796,138984,office ,0.0054845824
28960,253796,139008,museum/indoor ,0.9408621
28961,253796,139008,archive ,0.019357426
28962,253796,139008,clean_room ,0.00951969
28963,253796,139008,stage/indoor ,0.004534758
28964,253796,139008,art_gallery ,0.003418712
28965,253796,139032,museum/indoor ,0.9588948
28966,253796,139032,clean_room ,0.022283023
28967,253796,139032,archive ,0.004486913
28968,253796,139032,art_gallery ,0.0023507713
28969,253796,139032,dressing_room ,0.0018902802
28970,253796,139056,museum/indoor ,0.9879821
28971,253796,139056,clean_room ,0.0057671694
28972,253796,139056,archive ,0.0015976243
28973,253796,139056,art_gallery ,0.0011267113
28974,253796,139056,stage/indoor ,0.00067913916
28975,253796,139080,museum/indoor ,0.9857146
28976,253796,139080,clean_room ,0.008518478
28977,253796,139080,archive ,0.0015386236
28978,253796,139080,art_gallery ,0.0010684631
28979,253796,139080,stage/indoor ,0.00044003676
28980,253796,139104,museum/indoor ,0.99035233
28981,253796,139104,clean_room ,0.004208732
28982,253796,139104,archive ,0.0011601663
28983,253796,139104,art_gallery ,0.0011585918
28984,253796,139104,stage/indoor ,0.00087527937
28985,253796,139128,museum/indoor ,0.9882351
28986,253796,139128,clean_room ,0.0032117611
28987,253796,139128,art_gallery ,0.0023690378
28988,253796,139128,archive ,0.0017595927
28989,253796,139128,stage/indoor ,0.0012569834
28990,253796,139152,museum/indoor ,0.9785982
28991,253796,139152,clean_room ,0.009540782
28992,253796,139152,art_gallery ,0.0027263593
28993,253796,139152,stage/indoor ,0.0024895524
28994,253796,139152,archive ,0.0014471482
28995,253796,139176,museum/indoor ,0.9431938
28996,253796,139176,stage/indoor ,0.0134836845
28997,253796,139176,clean_room ,0.012153505
28998,253796,139176,art_gallery ,0.006340969
28999,253796,139176,music_studio ,0.004879371
29000,253796,139200,museum/indoor ,0.95931935
29001,253796,139200,clean_room ,0.01365706
29002,253796,139200,archive ,0.004157909
29003,253796,139200,art_gallery ,0.0035685056
29004,253796,139200,stage/indoor ,0.0033327984
29005,253796,139224,museum/indoor ,0.8818439
29006,253796,139224,clean_room ,0.033745617
29007,253796,139224,art_gallery ,0.014465348
29008,253796,139224,stage/indoor ,0.01289995
29009,253796,139224,art_studio ,0.009437994
29010,253796,139248,museum/indoor ,0.935428
29011,253796,139248,clean_room ,0.021637449
29012,253796,139248,art_gallery ,0.009455334
29013,253796,139248,stage/indoor ,0.0072711622
29014,253796,139248,art_studio ,0.00352358
29015,253796,139272,museum/indoor ,0.8633466
29016,253796,139272,clean_room ,0.073695004
29017,253796,139272,archive ,0.008201455
29018,253796,139272,art_gallery ,0.007726474
29019,253796,139272,stage/indoor ,0.005991578
29020,253796,139296,museum/indoor ,0.88944155
29021,253796,139296,clean_room ,0.06047637
29022,253796,139296,stage/indoor ,0.008348417
29023,253796,139296,art_gallery ,0.0062086573
29024,253796,139296,archive ,0.0038739934
29025,253796,139320,museum/indoor ,0.92518705
29026,253796,139320,clean_room ,0.035096735
29027,253796,139320,dressing_room ,0.0064671175
29028,253796,139320,art_gallery ,0.0062896363
29029,253796,139320,stage/indoor ,0.0042998693
29030,253796,139344,museum/indoor ,0.87835914
29031,253796,139344,clean_room ,0.06784835
29032,253796,139344,art_gallery ,0.0077605154
29033,253796,139344,archive ,0.0050515034
29034,253796,139344,stage/indoor ,0.0049882308
29035,253796,139368,museum/indoor ,0.9501901
29036,253796,139368,clean_room ,0.018410712
29037,253796,139368,art_gallery ,0.0048263674
29038,253796,139368,archive ,0.0046095024
29039,253796,139368,dressing_room ,0.0025490024
29040,253796,139392,museum/indoor ,0.95931005
29041,253796,139392,clean_room ,0.018351573
29042,253796,139392,art_gallery ,0.0052397777
29043,253796,139392,archive ,0.0035721927
29044,253796,139392,dressing_room ,0.002233435
29045,253796,139416,museum/indoor ,0.9547753
29046,253796,139416,clean_room ,0.017871127
29047,253796,139416,art_gallery ,0.005980828
29048,253796,139416,dressing_room ,0.0026049814
29049,253796,139416,archive ,0.0024111946
29050,253796,139440,museum/indoor ,0.9827958
29051,253796,139440,clean_room ,0.00696743
29052,253796,139440,art_gallery ,0.0020226627
29053,253796,139440,chemistry_lab ,0.0012295677
29054,253796,139440,stage/indoor ,0.001191414
29055,253796,139464,museum/indoor ,0.98443246
29056,253796,139464,clean_room ,0.006139072
29057,253796,139464,art_gallery ,0.003602527
29058,253796,139464,stage/indoor ,0.0012927421
29059,253796,139464,chemistry_lab ,0.00055035856
29060,253796,139488,museum/indoor ,0.98424083
29061,253796,139488,clean_room ,0.008313304
29062,253796,139488,art_gallery ,0.0014907562
29063,253796,139488,archive ,0.001003313
29064,253796,139488,physics_laboratory ,0.00064811506
29065,253796,139512,museum/indoor ,0.98060375
29066,253796,139512,clean_room ,0.009751714
29067,253796,139512,art_gallery ,0.0025783617
29068,253796,139512,stage/indoor ,0.00071255164
29069,253796,139512,dressing_room ,0.0006710124
29070,253796,139536,museum/indoor ,0.958297
29071,253796,139536,clean_room ,0.011902144
29072,253796,139536,art_gallery ,0.0067816433
29073,253796,139536,archive ,0.0062365
29074,253796,139536,physics_laboratory ,0.003730244
29075,253796,139560,museum/indoor ,0.97426164
29076,253796,139560,clean_room ,0.009764717
29077,253796,139560,art_gallery ,0.0043132524
29078,253796,139560,archive ,0.0035670039
29079,253796,139560,physics_laboratory ,0.001414306
29080,253796,139584,museum/indoor ,0.9855428
29081,253796,139584,clean_room ,0.0049009225
29082,253796,139584,art_gallery ,0.0029387856
29083,253796,139584,archive ,0.0016880195
29084,253796,139584,physics_laboratory ,0.00078699435
29085,253796,139608,museum/indoor ,0.9612189
29086,253796,139608,clean_room ,0.013811487
29087,253796,139608,archive ,0.004533557
29088,253796,139608,physics_laboratory ,0.0034790768
29089,253796,139608,art_gallery ,0.0030604315
29090,253796,139632,museum/indoor ,0.98917574
29091,253796,139632,clean_room ,0.0031927342
29092,253796,139632,art_gallery ,0.002665234
29093,253796,139632,archive ,0.001425464
29094,253796,139632,physics_laboratory ,0.0008323052
29095,253796,139656,museum/indoor ,0.9923314
29096,253796,139656,clean_room ,0.0023998714
29097,253796,139656,art_gallery ,0.0018061737
29098,253796,139656,archive ,0.001077203
29099,253796,139656,physics_laboratory ,0.00044134262
29100,253796,139680,museum/indoor ,0.9779367
29101,253796,139680,art_gallery ,0.005566416
29102,253796,139680,chemistry_lab ,0.00409798
29103,253796,139680,physics_laboratory ,0.0025997171
29104,253796,139680,clean_room ,0.0025428878
29105,253796,139704,museum/indoor ,0.9429956
29106,253796,139704,clean_room ,0.019461233
29107,253796,139704,chemistry_lab ,0.009303557
29108,253796,139704,art_gallery ,0.006465581
29109,253796,139704,archive ,0.0035694276
29110,253796,139728,museum/indoor ,0.98463815
29111,253796,139728,clean_room ,0.0062793307
29112,253796,139728,archive ,0.005385655
29113,253796,139728,art_gallery ,0.0015394092
29114,253796,139728,schoolhouse ,0.00036925776
29115,253796,139752,museum/indoor ,0.9372298
29116,253796,139752,archive ,0.027188292
29117,253796,139752,clean_room ,0.023185402
29118,253796,139752,art_gallery ,0.002735079
29119,253796,139752,physics_laboratory ,0.0020808019
29120,253796,139776,museum/indoor ,0.9868929
29121,253796,139776,clean_room ,0.0051454986
29122,253796,139776,archive ,0.004710095
29123,253796,139776,art_gallery ,0.0011532725
29124,253796,139776,physics_laboratory ,0.0002929241
29125,253796,139800,museum/indoor ,0.99287874
29126,253796,139800,clean_room ,0.0035186256
29127,253796,139800,archive ,0.0017462719
29128,253796,139800,art_gallery ,0.0007452436
29129,253796,139800,physics_laboratory ,0.00020605123
29130,253796,139824,museum/indoor ,0.99105424
29131,253796,139824,clean_room ,0.0032892588
29132,253796,139824,archive ,0.0028299803
29133,253796,139824,art_gallery ,0.0010714742
29134,253796,139824,physics_laboratory ,0.000394985
29135,253796,139848,museum/indoor ,0.990739
29136,253796,139848,archive ,0.0032976964
29137,253796,139848,clean_room ,0.0031463362
29138,253796,139848,art_gallery ,0.0010580133
29139,253796,139848,physics_laboratory ,0.00027887712
29140,253796,139872,museum/indoor ,0.99138826
29141,253796,139872,archive ,0.003334644
29142,253796,139872,clean_room ,0.0027256
29143,253796,139872,art_gallery ,0.00085671456
29144,253796,139872,physics_laboratory ,0.00038463948
29145,253796,139896,museum/indoor ,0.9898746
29146,253796,139896,archive ,0.00325283
29147,253796,139896,clean_room ,0.0028231202
29148,253796,139896,art_gallery ,0.0012656106
29149,253796,139896,physics_laboratory ,0.0004401433
29150,253796,139920,museum/indoor ,0.98908895
29151,253796,139920,clean_room ,0.003542146
29152,253796,139920,archive ,0.0025493298
29153,253796,139920,art_gallery ,0.0014031609
29154,253796,139920,dressing_room ,0.0006245555
29155,253796,139944,museum/indoor ,0.99200624
29156,253796,139944,clean_room ,0.0027480917
29157,253796,139944,archive ,0.0019167784
29158,253796,139944,art_gallery ,0.001041424
29159,253796,139944,dressing_room ,0.00038883637
29160,253796,139968,museum/indoor ,0.9755273
29161,253796,139968,clean_room ,0.012578702
29162,253796,139968,art_gallery ,0.0045295632
29163,253796,139968,archive ,0.0029951837
29164,253796,139968,dressing_room ,0.001027957
29165,253796,139992,museum/indoor ,0.89181596
29166,253796,139992,archive ,0.043697394
29167,253796,139992,physics_laboratory ,0.0146049205
29168,253796,139992,art_gallery ,0.010576585
29169,253796,139992,clean_room ,0.01043256
29170,253796,140016,museum/indoor ,0.8544521
29171,253796,140016,art_gallery ,0.044978753
29172,253796,140016,archive ,0.03260583
29173,253796,140016,art_studio ,0.0110900095
29174,253796,140016,clean_room ,0.0070643215
29175,253796,140040,museum/indoor ,0.8603142
29176,253796,140040,art_gallery ,0.042684868
29177,253796,140040,archive ,0.01874297
29178,253796,140040,art_studio ,0.011878756
29179,253796,140040,science_museum ,0.009053159
29180,253796,140064,museum/indoor ,0.46897444
29181,253796,140064,archive ,0.18679689
29182,253796,140064,physics_laboratory ,0.071782246
29183,253796,140064,chemistry_lab ,0.050597485
29184,253796,140064,dressing_room ,0.04010936
29185,253796,140088,museum/indoor ,0.9274823
29186,253796,140088,archive ,0.047719818
29187,253796,140088,art_gallery ,0.006649874
29188,253796,140088,clean_room ,0.0053732228
29189,253796,140088,physics_laboratory ,0.0027647323
29190,253796,140112,archive ,0.29969501
29191,253796,140112,museum/indoor ,0.2052538
29192,253796,140112,clean_room ,0.130095
29193,253796,140112,physics_laboratory ,0.09264263
29194,253796,140112,locker_room ,0.08513974
29195,253796,140136,museum/indoor ,0.631688
29196,253796,140136,archive ,0.19902912
29197,253796,140136,dressing_room ,0.05855442
29198,253796,140136,locker_room ,0.048744563
29199,253796,140136,clean_room ,0.028806368
29200,253796,140160,museum/indoor ,0.93816817
29201,253796,140160,dressing_room ,0.018348219
29202,253796,140160,archive ,0.010170354
29203,253796,140160,clean_room ,0.008122096
29204,253796,140160,locker_room ,0.0067116106
29205,253796,140184,museum/indoor ,0.9931409
29206,253796,140184,science_museum ,0.0013600015
29207,253796,140184,clean_room ,0.0011761518
29208,253796,140184,art_gallery ,0.0010014203
29209,253796,140184,dressing_room ,0.0008257445
29210,253796,140208,museum/indoor ,0.9918039
29211,253796,140208,dressing_room ,0.0014217579
29212,253796,140208,art_gallery ,0.0013366871
29213,253796,140208,archive ,0.0012267838
29214,253796,140208,science_museum ,0.00095765427
29215,253796,140232,clean_room ,0.96842504
29216,253796,140232,museum/indoor ,0.0089083705
29217,253796,140232,chemistry_lab ,0.0066499547
29218,253796,140232,dressing_room ,0.0048028375
29219,253796,140232,biology_laboratory ,0.004056922
29220,253796,140256,clean_room ,0.56087214
29221,253796,140256,museum/indoor ,0.07473581
29222,253796,140256,dressing_room ,0.06380142
29223,253796,140256,chemistry_lab ,0.029902738
29224,253796,140256,biology_laboratory ,0.028717663
29225,253796,140280,museum/indoor ,0.296997
29226,253796,140280,clean_room ,0.20460562
29227,253796,140280,art_gallery ,0.14437021
29228,253796,140280,dressing_room ,0.09055816
29229,253796,140280,archive ,0.04227663
29230,253796,140304,museum/indoor ,0.6705137
29231,253796,140304,clean_room ,0.23195681
29232,253796,140304,art_gallery ,0.026850568
29233,253796,140304,dressing_room ,0.015612346
29234,253796,140304,archive ,0.008023276
29235,253796,140328,clothing_store ,0.26206616
29236,253796,140328,museum/indoor ,0.21869172
29237,253796,140328,stage/indoor ,0.111923814
29238,253796,140328,dressing_room ,0.071364805
29239,253796,140328,shower ,0.070170134
29240,253796,140352,bow_window/indoor ,0.30039412
29241,253796,140352,museum/indoor ,0.21788044
29242,253796,140352,art_gallery ,0.12464195
29243,253796,140352,elevator/door ,0.058231447
29244,253796,140352,shower ,0.052404627
29245,253796,140376,bow_window/indoor ,0.96759415
29246,253796,140376,art_gallery ,0.00386656
29247,253796,140376,artists_loft ,0.0037943204
29248,253796,140376,clean_room ,0.0035787602
29249,253796,140376,museum/indoor ,0.0031891074
29250,253796,140400,bow_window/indoor ,0.9888573
29251,253796,140400,shower ,0.0020789874
29252,253796,140400,museum/indoor ,0.0014490659
29253,253796,140400,art_gallery ,0.0012675514
29254,253796,140400,elevator/door ,0.0012188087
29255,253796,140424,bow_window/indoor ,0.8267986
29256,253796,140424,shower ,0.05583907
29257,253796,140424,closet ,0.027083917
29258,253796,140424,elevator/door ,0.018917652
29259,253796,140424,dressing_room ,0.013734916
29260,253796,140448,bow_window/indoor ,0.39401844
29261,253796,140448,shower ,0.2657898
29262,253796,140448,locker_room ,0.0601867
29263,253796,140448,elevator/door ,0.055287126
29264,253796,140448,closet ,0.02729891
29265,253796,140472,clean_room ,0.7955839
29266,253796,140472,bow_window/indoor ,0.05684586
29267,253796,140472,art_gallery ,0.035883874
29268,253796,140472,museum/indoor ,0.030131413
29269,253796,140472,archive ,0.015884727
29270,253796,140496,clean_room ,0.756511
29271,253796,140496,bow_window/indoor ,0.04815787
29272,253796,140496,art_gallery ,0.045312848
29273,253796,140496,museum/indoor ,0.034571227
29274,253796,140496,archive ,0.034160476
29275,253796,140520,clean_room ,0.8069987
29276,253796,140520,art_gallery ,0.064640075
29277,253796,140520,museum/indoor ,0.039430793
29278,253796,140520,archive ,0.034227435
29279,253796,140520,bow_window/indoor ,0.009744001
29280,253796,140544,clean_room ,0.7463193
29281,253796,140544,art_gallery ,0.067345314
29282,253796,140544,bow_window/indoor ,0.05064856
29283,253796,140544,museum/indoor ,0.03469405
29284,253796,140544,archive ,0.021156877
29285,253796,140568,elevator/door ,0.16148484
29286,253796,140568,elevator_lobby ,0.094320774
29287,253796,140568,closet ,0.08612726
29288,253796,140568,wind_farm ,0.08512588
29289,253796,140568,bow_window/indoor ,0.05278
29290,253796,140592,bow_window/indoor ,0.27418643
29291,253796,140592,shower ,0.14200565
29292,253796,140592,elevator/door ,0.11665642
29293,253796,140592,sky ,0.11261203
29294,253796,140592,barndoor ,0.043782596
29295,253796,140616,bow_window/indoor ,0.44219688
29296,253796,140616,museum/indoor ,0.26815534
29297,253796,140616,art_gallery ,0.24123475
29298,253796,140616,art_studio ,0.014598544
29299,253796,140616,artists_loft ,0.014064638
29300,253796,140640,bow_window/indoor ,0.40617234
29301,253796,140640,art_gallery ,0.2554924
29302,253796,140640,museum/indoor ,0.13966635
29303,253796,140640,art_studio ,0.12166115
29304,253796,140640,art_school ,0.037177272
29305,253796,140664,museum/indoor ,0.32210532
29306,253796,140664,art_gallery ,0.24793331
29307,253796,140664,bow_window/indoor ,0.22078264
29308,253796,140664,art_studio ,0.113396265
29309,253796,140664,nursery ,0.025607092
29310,253796,140688,museum/indoor ,0.5006301
29311,253796,140688,art_gallery ,0.2073963
29312,253796,140688,bow_window/indoor ,0.12872398
29313,253796,140688,art_studio ,0.09293442
29314,253796,140688,artists_loft ,0.01950147
29315,253796,140712,bow_window/indoor ,0.42291865
29316,253796,140712,art_gallery ,0.18536058
29317,253796,140712,art_studio ,0.17915735
29318,253796,140712,museum/indoor ,0.095225826
29319,253796,140712,artists_loft ,0.037424568
29320,253796,140736,clean_room ,0.72071284
29321,253796,140736,bow_window/indoor ,0.079137646
29322,253796,140736,museum/indoor ,0.038860876
29323,253796,140736,art_gallery ,0.025957901
29324,253796,140736,chemistry_lab ,0.025350466
29325,253796,140760,dressing_room ,0.45267347
29326,253796,140760,elevator/door ,0.14503334
29327,253796,140760,clean_room ,0.09210856
29328,253796,140760,shower ,0.06261313
29329,253796,140760,locker_room ,0.058320567
29330,253796,140784,museum/indoor ,0.33559576
29331,253796,140784,art_gallery ,0.32870606
29332,253796,140784,art_studio ,0.12555602
29333,253796,140784,artists_loft ,0.0625284
29334,253796,140784,lecture_room ,0.026454562
29335,253796,140808,museum/indoor ,0.29896384
29336,253796,140808,art_gallery ,0.27299088
29337,253796,140808,art_studio ,0.14517611
29338,253796,140808,artists_loft ,0.07541759
29339,253796,140808,lecture_room ,0.06114478
29340,253796,140832,museum/indoor ,0.2996434
29341,253796,140832,art_gallery ,0.27735195
29342,253796,140832,artists_loft ,0.1508427
29343,253796,140832,art_studio ,0.1363854
29344,253796,140832,bow_window/indoor ,0.044302355
29345,253796,140856,museum/indoor ,0.42740658
29346,253796,140856,art_gallery ,0.2851424
29347,253796,140856,bow_window/indoor ,0.047325093
29348,253796,140856,artists_loft ,0.04644654
29349,253796,140856,art_studio ,0.03764969
29350,253796,140880,art_gallery ,0.40791225
29351,253796,140880,museum/indoor ,0.13722597
29352,253796,140880,artists_loft ,0.10542682
29353,253796,140880,elevator_lobby ,0.06379069
29354,253796,140880,clean_room ,0.06357375
29355,253796,140904,museum/indoor ,0.6712527
29356,253796,140904,art_gallery ,0.24926166
29357,253796,140904,art_studio ,0.015936878
29358,253796,140904,stage/indoor ,0.011913288
29359,253796,140904,archive ,0.011452255
29360,253796,140928,dressing_room ,0.27860686
29361,253796,140928,stage/indoor ,0.22611211
29362,253796,140928,locker_room ,0.17387497
29363,253796,140928,discotheque ,0.08299626
29364,253796,140928,museum/indoor ,0.045054663
29365,253796,140952,museum/indoor ,0.28586593
29366,253796,140952,stage/indoor ,0.20813063
29367,253796,140952,art_gallery ,0.13839257
29368,253796,140952,locker_room ,0.07261005
29369,253796,140952,dressing_room ,0.043332353
29370,253796,140976,stage/indoor ,0.41653416
29371,253796,140976,museum/indoor ,0.20837763
29372,253796,140976,lecture_room ,0.059012346
29373,253796,140976,art_gallery ,0.04673419
29374,253796,140976,natural_history_museum ,0.026759712
29375,253796,141000,stage/indoor ,0.30976376
29376,253796,141000,museum/indoor ,0.18496361
29377,253796,141000,locker_room ,0.11006566
29378,253796,141000,lecture_room ,0.10951157
29379,253796,141000,classroom ,0.07343171
29380,253796,141024,museum/indoor ,0.20327123
29381,253796,141024,stage/indoor ,0.1391977
29382,253796,141024,lecture_room ,0.13293502
29383,253796,141024,locker_room ,0.10721483
29384,253796,141024,art_gallery ,0.07540433
29385,253796,141048,lecture_room ,0.1827997
29386,253796,141048,clean_room ,0.18196742
29387,253796,141048,locker_room ,0.08846387
29388,253796,141048,server_room ,0.06971285
29389,253796,141048,classroom ,0.06336467
29390,253796,141072,lecture_room ,0.23582448
29391,253796,141072,archive ,0.1842522
29392,253796,141072,office ,0.101579204
29393,253796,141072,clean_room ,0.08506879
29394,253796,141072,classroom ,0.07587007
29395,253796,141096,archive ,0.5301288
29396,253796,141096,clean_room ,0.18545896
29397,253796,141096,office ,0.06390285
29398,253796,141096,museum/indoor ,0.035374608
29399,253796,141096,art_gallery ,0.034814157
29400,253796,141120,archive ,0.4871924
29401,253796,141120,museum/indoor ,0.16556107
29402,253796,141120,clean_room ,0.13214932
29403,253796,141120,art_gallery ,0.07056478
29404,253796,141120,office ,0.025912432
29405,253796,141144,archive ,0.45648304
29406,253796,141144,museum/indoor ,0.18308991
29407,253796,141144,art_gallery ,0.08936118
29408,253796,141144,clean_room ,0.081278205
29409,253796,141144,art_studio ,0.03186183
29410,253796,141168,archive ,0.5727874
29411,253796,141168,museum/indoor ,0.09674254
29412,253796,141168,clean_room ,0.07601879
29413,253796,141168,art_gallery ,0.050768536
29414,253796,141168,office ,0.049150225
29415,253796,141192,chemistry_lab ,0.22619729
29416,253796,141192,stage/indoor ,0.1982738
29417,253796,141192,clean_room ,0.15486176
29418,253796,141192,biology_laboratory ,0.037319116
29419,253796,141192,discotheque ,0.03498067
29420,253796,141216,bow_window/indoor ,0.43202776
29421,253796,141216,shower ,0.15013573
29422,253796,141216,ice_shelf ,0.113388665
29423,253796,141216,artists_loft ,0.031664863
29424,253796,141216,iceberg ,0.02820593
29425,253796,141240,shower ,0.17954364
29426,253796,141240,bow_window/indoor ,0.12852544
29427,253796,141240,office ,0.10939768
29428,253796,141240,stage/indoor ,0.06285431
29429,253796,141240,bathroom ,0.06184141
29430,253796,141264,art_gallery ,0.45374158
29431,253796,141264,clean_room ,0.07810697
29432,253796,141264,museum/indoor ,0.05380563
29433,253796,141264,art_studio ,0.035268895
29434,253796,141264,ice_shelf ,0.032889124
29435,253796,141288,clean_room ,0.35594785
29436,253796,141288,art_gallery ,0.11784766
29437,253796,141288,museum/indoor ,0.06780002
29438,253796,141288,ice_shelf ,0.060780037
29439,253796,141288,iceberg ,0.055042155
29440,253796,141312,clean_room ,0.5985179
29441,253796,141312,museum/indoor ,0.22979237
29442,253796,141312,jewelry_shop ,0.057816118
29443,253796,141312,gift_shop ,0.030632466
29444,253796,141312,science_museum ,0.020281574
29445,253796,141336,clean_room ,0.42200905
29446,253796,141336,museum/indoor ,0.1599868
29447,253796,141336,jewelry_shop ,0.12246217
29448,253796,141336,gift_shop ,0.06585216
29449,253796,141336,natural_history_museum ,0.036547113
29450,253796,141360,clean_room ,0.5380119
29451,253796,141360,jewelry_shop ,0.15171733
29452,253796,141360,museum/indoor ,0.10687452
29453,253796,141360,gift_shop ,0.04374784
29454,253796,141360,science_museum ,0.03016733
29455,253796,141384,clean_room ,0.49294472
29456,253796,141384,jewelry_shop ,0.14110097
29457,253796,141384,museum/indoor ,0.13512406
29458,253796,141384,gift_shop ,0.05092353
29459,253796,141384,science_museum ,0.03147003
29460,253796,141408,clean_room ,0.62980527
29461,253796,141408,museum/indoor ,0.20034735
29462,253796,141408,jewelry_shop ,0.04063078
29463,253796,141408,physics_laboratory ,0.038374316
29464,253796,141408,chemistry_lab ,0.02123925
29465,253796,141432,clean_room ,0.70423955
29466,253796,141432,museum/indoor ,0.061506722
29467,253796,141432,physics_laboratory ,0.03945014
29468,253796,141432,gift_shop ,0.03317811
29469,253796,141432,discotheque ,0.016519913
29470,253796,141456,clean_room ,0.6862227
29471,253796,141456,museum/indoor ,0.04895177
29472,253796,141456,gift_shop ,0.043011345
29473,253796,141456,physics_laboratory ,0.02451802
29474,253796,141456,discotheque ,0.020598784
29475,253796,141480,clean_room ,0.70697606
29476,253796,141480,museum/indoor ,0.053889636
29477,253796,141480,gift_shop ,0.040457975
29478,253796,141480,physics_laboratory ,0.022059768
29479,253796,141480,jewelry_shop ,0.018521685
29480,253796,141504,clean_room ,0.6880067
29481,253796,141504,museum/indoor ,0.047075003
29482,253796,141504,gift_shop ,0.03951035
29483,253796,141504,physics_laboratory ,0.027364444
29484,253796,141504,clothing_store ,0.019778842
29485,253796,141528,museum/indoor ,0.284316
29486,253796,141528,pharmacy ,0.19066098
29487,253796,141528,drugstore ,0.1486273
29488,253796,141528,ice_cream_parlor ,0.08055058
29489,253796,141528,booth/indoor ,0.05079671
29490,253796,141552,pharmacy ,0.3373491
29491,253796,141552,museum/indoor ,0.28800395
29492,253796,141552,drugstore ,0.1714863
29493,253796,141552,booth/indoor ,0.046285383
29494,253796,141552,natural_history_museum ,0.038754594
29495,253796,141576,pharmacy ,0.3668047
29496,253796,141576,museum/indoor ,0.24014905
29497,253796,141576,drugstore ,0.19390212
29498,253796,141576,natural_history_museum ,0.039550845
29499,253796,141576,science_museum ,0.037845604
29500,253796,141600,pharmacy ,0.39594066
29501,253796,141600,drugstore ,0.20733178
29502,253796,141600,museum/indoor ,0.20722383
29503,253796,141600,booth/indoor ,0.033864968
29504,253796,141600,science_museum ,0.030984059
29505,253796,141624,pharmacy ,0.40434873
29506,253796,141624,drugstore ,0.20949945
29507,253796,141624,museum/indoor ,0.20227107
29508,253796,141624,natural_history_museum ,0.03240454
29509,253796,141624,science_museum ,0.031147333
29510,253796,141648,pharmacy ,0.36018378
29511,253796,141648,museum/indoor ,0.25958556
29512,253796,141648,drugstore ,0.1868199
29513,253796,141648,natural_history_museum ,0.039463963
29514,253796,141648,science_museum ,0.032949828
29515,253796,141672,pharmacy ,0.39688423
29516,253796,141672,museum/indoor ,0.23629303
29517,253796,141672,drugstore ,0.19192122
29518,253796,141672,booth/indoor ,0.031632338
29519,253796,141672,natural_history_museum ,0.03128776
29520,253796,141696,pharmacy ,0.36477196
29521,253796,141696,museum/indoor ,0.27622142
29522,253796,141696,drugstore ,0.18225756
29523,253796,141696,natural_history_museum ,0.039938897
29524,253796,141696,science_museum ,0.03389263
29525,253796,141720,museum/indoor ,0.33906037
29526,253796,141720,pharmacy ,0.32540762
29527,253796,141720,drugstore ,0.1655472
29528,253796,141720,natural_history_museum ,0.034993455
29529,253796,141720,science_museum ,0.031843647
29530,253796,141744,museum/indoor ,0.34447327
29531,253796,141744,pharmacy ,0.3156759
29532,253796,141744,drugstore ,0.15539914
29533,253796,141744,natural_history_museum ,0.047728755
29534,253796,141744,science_museum ,0.041926865
29535,253796,141768,pharmacy ,0.37163588
29536,253796,141768,museum/indoor ,0.25302383
29537,253796,141768,drugstore ,0.17323431
29538,253796,141768,natural_history_museum ,0.045248527
29539,253796,141768,science_museum ,0.044778552
29540,253796,141792,pharmacy ,0.3344518
29541,253796,141792,museum/indoor ,0.3105487
29542,253796,141792,drugstore ,0.175122
29543,253796,141792,natural_history_museum ,0.041257575
29544,253796,141792,science_museum ,0.038649864
29545,253796,141816,museum/indoor ,0.45015427
29546,253796,141816,pharmacy ,0.19149499
29547,253796,141816,science_museum ,0.09986494
29548,253796,141816,drugstore ,0.089151755
29549,253796,141816,natural_history_museum ,0.08549309
29550,253796,141840,elevator/door ,0.51021934
29551,253796,141840,elevator_lobby ,0.40868062
29552,253796,141840,locker_room ,0.013526655
29553,253796,141840,pharmacy ,0.010999264
29554,253796,141840,hospital ,0.0073278192
29555,253796,141864,elevator/door ,0.51205695
29556,253796,141864,elevator_lobby ,0.39824763
29557,253796,141864,locker_room ,0.020409137
29558,253796,141864,pharmacy ,0.0072354046
29559,253796,141864,bank_vault ,0.007060686
29560,253796,141888,elevator/door ,0.5571007
29561,253796,141888,elevator_lobby ,0.354849
29562,253796,141888,locker_room ,0.023425486
29563,253796,141888,bank_vault ,0.008987758
29564,253796,141888,airport_terminal ,0.005408069
29565,253796,141912,elevator/door ,0.50360656
29566,253796,141912,elevator_lobby ,0.39597577
29567,253796,141912,locker_room ,0.018227987
29568,253796,141912,hospital ,0.010226588
29569,253796,141912,pharmacy ,0.00800186
29570,253796,141936,elevator/door ,0.4975551
29571,253796,141936,elevator_lobby ,0.37547547
29572,253796,141936,locker_room ,0.023305451
29573,253796,141936,hospital ,0.011062174
29574,253796,141936,pharmacy ,0.010533743
29575,253796,141960,elevator/door ,0.5062799
29576,253796,141960,elevator_lobby ,0.40257782
29577,253796,141960,locker_room ,0.018820718
29578,253796,141960,bank_vault ,0.009265556
29579,253796,141960,pharmacy ,0.006842034
29580,253796,141984,elevator/door ,0.5154112
29581,253796,141984,elevator_lobby ,0.37737316
29582,253796,141984,locker_room ,0.026152031
29583,253796,141984,bank_vault ,0.011569329
29584,253796,141984,hospital ,0.007680464
29585,253796,142008,elevator/door ,0.5348241
29586,253796,142008,elevator_lobby ,0.381642
29587,253796,142008,locker_room ,0.02044522
29588,253796,142008,bank_vault ,0.0075293775
29589,253796,142008,hospital ,0.0059283553
29590,253796,142032,elevator/door ,0.60494286
29591,253796,142032,elevator_lobby ,0.32904226
29592,253796,142032,locker_room ,0.026357
29593,253796,142032,bank_vault ,0.010933528
29594,253796,142032,airport_terminal ,0.0029750583
29595,253796,142056,elevator/door ,0.5572997
29596,253796,142056,elevator_lobby ,0.36118358
29597,253796,142056,locker_room ,0.028170036
29598,253796,142056,bank_vault ,0.010289898
29599,253796,142056,airport_terminal ,0.004434682
29600,253796,142080,elevator/door ,0.5259835
29601,253796,142080,elevator_lobby ,0.37809306
29602,253796,142080,locker_room ,0.03115712
29603,253796,142080,bank_vault ,0.0139138885
29604,253796,142080,hospital ,0.0066655967
29605,253796,142104,elevator/door ,0.5315395
29606,253796,142104,elevator_lobby ,0.37715378
29607,253796,142104,locker_room ,0.01940495
29608,253796,142104,bank_vault ,0.009933931
29609,253796,142104,hospital ,0.008328624
29610,253796,142128,elevator/door ,0.2762973
29611,253796,142128,elevator_lobby ,0.141508
29612,253796,142128,locker_room ,0.052336168
29613,253796,142128,hospital_room ,0.03422629
29614,253796,142128,hospital ,0.03157259
29615,253796,142152,desert/sand ,0.56453335
29616,253796,142152,sky ,0.044165432
29617,253796,142152,beach ,0.034353323
29618,253796,142152,lake/natural ,0.019857952
29619,253796,142152,marsh ,0.018134067
29620,253796,142176,burial_chamber ,0.7387797
29621,253796,142176,museum/indoor ,0.0967358
29622,253796,142176,cemetery ,0.06577172
29623,253796,142176,catacomb ,0.03393354
29624,253796,142176,alcove ,0.033433836
